6.6581e+05
6.7021e+05
6.7467e+05
6.792e+05
6.838e+05
6.8846e+05
6.9319e+05
6.98e+05
7.0288e+05
7.0783e+05
7.1286e+05
7.1796e+05
7.2313e+05
7.2837e+05
7.3367e+05
7.3904e+05
7.4447e+05
7.4996e+05
7.555e+05
7.6109e+05
7.6673e+05
7.724e+05
7.7811e+05
7.8385e+05
7.8961e+05
7.9539e+05
8.0117e+05
8.0696e+05
8.1275e+05
8.1853e+05
8.2429e+05
8.3003e+05
8.3575e+05
8.4142e+05
8.4705e+05
8.5263e+05
8.5816e+05
8.6362e+05
8.6901e+05
8.7433e+05
8.7956e+05
8.8471e+05
8.8976e+05
8.9472e+05
8.9957e+05
9.0431e+05
9.0894e+05
9.1345e+05
9.1784e+05
9.221e+05
9.2624e+05
9.3023e+05
9.341e+05
9.3782e+05
9.4141e+05
9.4485e+05
9.4814e+05
9.5129e+05
9.5429e+05
9.5714e+05
9.5984e+05
9.624e+05
9.648e+05
9.6706e+05
9.6916e+05
9.7112e+05
9.7293e+05
9.7459e+05
9.7611e+05
9.7748e+05
9.7872e+05
9.7981e+05
9.8076e+05
9.8158e+05
9.8227e+05
9.8282e+05
9.8325e+05
9.8355e+05
9.8372e+05
9.8378e+05
9.8371e+05
9.8354e+05
9.8324e+05
9.8284e+05
9.8234e+05
9.8173e+05
9.8101e+05
9.802e+05
9.793e+05
9.783e+05
9.7721e+05
9.7603e+05
9.7477e+05
9.7342e+05
9.72e+05
9.7049e+05
9.6891e+05
9.6726e+05
9.6554e+05
9.6374e+05
9.6188e+05
9.5995e+05
9.5796e+05
9.559e+05
9.5378e+05
9.5161e+05
9.4937e+05
9.4708e+05
9.4472e+05
9.4232e+05
9.3986e+05
9.3734e+05
9.3477e+05
9.3215e+05
9.2948e+05
9.2675e+05
9.2397e+05
9.2115e+05
9.1827e+05
9.1534e+05
9.1236e+05
9.0933e+05
9.0625e+05
9.0313e+05
8.9995e+05
8.9672e+05
8.9344e+05
8.9012e+05
8.8674e+05
8.8331e+05
8.7984e+05
8.7631e+05
8.7274e+05
8.6912e+05
8.6544e+05
8.6172e+05
8.5795e+05
8.5412e+05
8.5025e+05
8.4633e+05
8.4237e+05
8.3835e+05
8.3429e+05
8.3018e+05
8.2602e+05
8.2181e+05
8.1756e+05
8.1326e+05
8.0892e+05
8.0454e+05
8.0011e+05
7.9564e+05
7.9113e+05
7.8658e+05
7.8199e+05
7.7736e+05
7.7269e+05
7.6799e+05
7.6325e+05
7.5849e+05
7.5369e+05
7.4886e+05
7.44e+05
7.3911e+05
7.3421e+05
7.2927e+05
7.2432e+05
7.1935e+05
7.1436e+05
7.0936e+05
7.0434e+05
6.9931e+05
6.9427e+05
6.8923e+05
6.8418e+05
6.7913e+05
6.7408e+05
6.6903e+05
6.6398e+05
6.5895e+05
6.5392e+05
6.4891e+05
6.439e+05
6.3892e+05
6.3396e+05
6.2901e+05
6.2409e+05
6.192e+05
6.1434e+05
6.095e+05
6.0471e+05
5.9994e+05
5.9522e+05
5.9054e+05
5.859e+05
5.813e+05
5.7675e+05
5.7225e+05
5.6781e+05
5.6341e+05
5.5908e+05
5.548e+05
5.5058e+05
5.4642e+05
5.4232e+05
5.3829e+05
5.3433e+05
5.3043e+05
5.2661e+05
5.2285e+05
5.1917e+05
5.1556e+05
5.1203e+05
5.0857e+05
5.0519e+05
5.0189e+05
4.9867e+05
4.9552e+05
4.9246e+05
4.8948e+05
4.8658e+05
4.8377e+05
4.8103e+05
4.7838e+05
4.7581e+05
4.7333e+05
4.7093e+05
4.6861e+05
4.6638e+05
4.6423e+05
4.6217e+05
4.6019e+05
4.5829e+05
4.5647e+05
4.5474e+05
4.5309e+05
4.5152e+05
4.5003e+05
4.4862e+05
4.4729e+05
4.4604e+05
4.4487e+05
4.4378e+05
4.4276e+05
4.4182e+05
4.4096e+05
4.4017e+05
4.3945e+05
4.388e+05
4.3823e+05
4.3773e+05
4.373e+05
4.3693e+05
4.3664e+05
4.3641e+05
4.3625e+05
4.3615e+05
4.3612e+05
4.3615e+05
4.3624e+05
4.364e+05
4.3661e+05
4.3689e+05
4.3722e+05
4.3761e+05
4.3806e+05
4.3857e+05
4.3913e+05
4.3974e+05
4.4041e+05
4.4113e+05
4.4191e+05
4.4273e+05
4.4361e+05
4.4454e+05
4.4551e+05
4.4654e+05
4.4761e+05
4.4874e+05
4.4991e+05
4.5112e+05
4.5238e+05
4.5369e+05
4.5504e+05
4.5644e+05
4.5788e+05
4.5936e+05
4.6088e+05
4.6245e+05
4.6406e+05
4.6571e+05
4.6741e+05
4.6914e+05
4.7091e+05
4.7272e+05
4.7457e+05
4.7646e+05
4.7839e+05
4.8036e+05
4.8236e+05
4.844e+05
4.8647e+05
4.8858e+05
4.9073e+05
4.9291e+05
4.9512e+05
4.9737e+05
4.9966e+05
5.0197e+05
5.0432e+05
5.067e+05
5.0911e+05
5.1155e+05
5.1402e+05
5.1652e+05
5.1905e+05
5.2161e+05
5.242e+05
5.2681e+05
5.2945e+05
5.3212e+05
5.3481e+05
5.3753e+05
5.4027e+05
5.4304e+05
5.4583e+05
5.4864e+05
5.5147e+05
5.5433e+05
5.572e+05
5.601e+05
5.6302e+05
5.6595e+05
5.6891e+05
5.7188e+05
5.7487e+05
5.7787e+05
5.809e+05
5.8393e+05
5.8699e+05
5.9006e+05
5.9314e+05
5.9623e+05
5.9934e+05
6.0246e+05
6.0559e+05
6.0873e+05
6.1188e+05
6.1504e+05
6.1822e+05
6.214e+05
6.2459e+05
6.2778e+05
6.3099e+05
6.3419e+05
6.3741e+05
6.4063e+05
6.4386e+05
6.4709e+05
6.5032e+05
6.5356e+05
6.568e+05
6.6004e+05
6.6328e+05
6.6652e+05
6.6976e+05
6.73e+05
6.7624e+05
6.7948e+05
6.8271e+05
6.8594e+05
6.8917e+05
6.9239e+05
6.956e+05
6.9881e+05
7.0201e+05
7.052e+05
7.0838e+05
7.1155e+05
7.147e+05
7.1785e+05
7.2098e+05
7.241e+05
7.272e+05
7.3028e+05
7.3335e+05
7.364e+05
7.3942e+05
7.4243e+05
7.4541e+05
7.4837e+05
7.5131e+05
7.5422e+05
7.571e+05
7.5995e+05
7.6278e+05
7.6557e+05
7.6833e+05
7.7106e+05
7.7375e+05
7.764e+05
7.7902e+05
7.8159e+05
7.8413e+05
7.8663e+05
7.8908e+05
7.9149e+05
7.9385e+05
7.9617e+05
7.9843e+05
8.0065e+05
8.0282e+05
8.0493e+05
8.07e+05
8.0901e+05
8.1096e+05
8.1286e+05
8.1469e+05
8.1648e+05
8.182e+05
8.1986e+05
8.2146e+05
8.23e+05
8.2447e+05
8.2588e+05
8.2723e+05
8.2851e+05
8.2972e+05
8.3087e+05
8.3196e+05
8.3297e+05
8.3392e+05
8.348e+05
8.3561e+05
8.3635e+05
8.3702e+05
8.3763e+05
8.3816e+05
8.3863e+05
8.3902e+05
8.3935e+05
8.3961e+05
8.398e+05
8.3992e+05
8.3998e+05
8.3997e+05
8.3989e+05
8.3974e+05
8.3952e+05
8.3924e+05
8.389e+05
8.3849e+05
8.3802e+05
8.3748e+05
8.3688e+05
8.3622e+05
8.355e+05
8.3472e+05
8.3388e+05
8.3298e+05
8.3202e+05
8.3101e+05
8.2994e+05
8.2882e+05
8.2765e+05
8.2642e+05
8.2514e+05
8.2381e+05
8.2243e+05
8.2101e+05
8.1953e+05
8.1801e+05
8.1645e+05
8.1484e+05
8.1318e+05
8.1149e+05
8.0975e+05
8.0798e+05
8.0616e+05
8.0431e+05
8.0242e+05
8.005e+05
7.9854e+05
7.9654e+05
7.9451e+05
7.9245e+05
7.9035e+05
7.8823e+05
7.8607e+05
7.8389e+05
7.8168e+05
7.7943e+05
7.7716e+05
7.7487e+05
7.7255e+05
7.702e+05
7.6783e+05
7.6543e+05
7.6301e+05
7.6056e+05
7.5809e+05
7.556e+05
7.5309e+05
7.5055e+05
7.48e+05
7.4542e+05
7.4282e+05
7.402e+05
7.3756e+05
7.349e+05
7.3222e+05
7.2952e+05
7.2681e+05
7.2407e+05
7.2131e+05
7.1854e+05
7.1574e+05
7.1293e+05
7.101e+05
7.0725e+05
7.0438e+05
7.0149e+05
6.9859e+05
6.9567e+05
6.9273e+05
6.8977e+05
6.8679e+05
6.838e+05
6.8079e+05
6.7776e+05
6.7471e+05
6.7165e+05
6.6857e+05
6.6547e+05
6.6236e+05
6.5923e+05
6.5608e+05
6.5291e+05
6.4973e+05
6.4653e+05
6.4331e+05
6.4008e+05
6.3683e+05
6.3356e+05
6.3028e+05
6.2698e+05
6.2367e+05
6.2034e+05
6.17e+05
6.1364e+05
6.1026e+05
6.0687e+05
6.0347e+05
6.0005e+05
5.9661e+05
5.9316e+05
5.897e+05
5.8622e+05
5.8273e+05
5.7923e+05
5.7571e+05
5.7218e+05
5.6864e+05
5.6508e+05
5.6152e+05
5.5794e+05
5.5434e+05
5.5074e+05
5.4713e+05
5.435e+05
5.3986e+05
5.3622e+05
5.3256e+05
5.2889e+05
5.2521e+05
5.2153e+05
5.1783e+05
5.1413e+05
5.1041e+05
5.0669e+05
5.0296e+05
4.9922e+05
4.9548e+05
4.9172e+05
4.8797e+05
4.842e+05
4.8043e+05
4.7665e+05
4.7286e+05
4.6907e+05
4.6528e+05
4.6148e+05
4.5767e+05
4.5386e+05
4.5005e+05
4.4623e+05
4.4241e+05
4.3859e+05
4.3476e+05
4.3094e+05
4.2711e+05
4.2327e+05
4.1944e+05
4.1561e+05
4.1177e+05
4.0793e+05
4.041e+05
4.0026e+05
3.9643e+05
3.9259e+05
3.8876e+05
3.8493e+05
3.811e+05
3.7727e+05
3.7345e+05
3.6962e+05
3.658e+05
3.6199e+05
3.5818e+05
3.5437e+05
3.5057e+05
3.4677e+05
3.4298e+05
3.3919e+05
3.3541e+05
3.3164e+05
3.2787e+05
3.2411e+05
3.2036e+05
3.1662e+05
3.1288e+05
3.0915e+05
3.0543e+05
3.0172e+05
2.9802e+05
2.9433e+05
2.9065e+05
2.8698e+05
2.8332e+05
2.7967e+05
2.7604e+05
2.7241e+05
2.688e+05
2.6519e+05
2.6161e+05
2.5803e+05
2.5446e+05
2.5091e+05
2.4738e+05
2.4385e+05
2.4034e+05
2.3685e+05
2.3337e+05
2.299e+05
2.2645e+05
2.2301e+05
2.1959e+05
2.1619e+05
2.128e+05
2.0942e+05
2.0607e+05
2.0272e+05
1.994e+05
1.9609e+05
1.928e+05
1.8952e+05
1.8626e+05
1.8302e+05
1.798e+05
1.7659e+05
1.7341e+05
1.7024e+05
1.6708e+05
1.6395e+05
1.6083e+05
1.5774e+05
1.5466e+05
1.516e+05
1.4855e+05
1.4553e+05
1.4253e+05
1.3954e+05
1.3658e+05
1.3363e+05
1.3071e+05
1.278e+05
1.2491e+05
1.2205e+05
1.192e+05
1.1637e+05
1.1357e+05
1.1078e+05
1.0802e+05
1.0527e+05
1.0255e+05
99850
97169
94509
91871
89255
86660
84087
81536
79007
76500
74016
71554
69115
66698
64304
61933
59584
57259
54957
52678
50423
48191
45982
43797
41635
39496
37382
35291
33223
31179
29159
27162
25189
23239
21313
19410
17531
15675
13842
12032
10245
8481.3
6740.1
5021.5
3325.4
1651.6
0
