6.0729e+05
6.1396e+05
6.2046e+05
6.2678e+05
6.3293e+05
6.3889e+05
6.4467e+05
6.5027e+05
6.5567e+05
6.6089e+05
6.6591e+05
6.7073e+05
6.7536e+05
6.7979e+05
6.8401e+05
6.8804e+05
6.9186e+05
6.9549e+05
6.989e+05
7.0212e+05
7.0513e+05
7.0794e+05
7.1055e+05
7.1295e+05
7.1515e+05
7.1715e+05
7.1896e+05
7.2056e+05
7.2197e+05
7.2319e+05
7.2421e+05
7.2504e+05
7.2568e+05
7.2614e+05
7.2641e+05
7.2651e+05
7.2643e+05
7.2617e+05
7.2574e+05
7.2515e+05
7.2439e+05
7.2347e+05
7.2239e+05
7.2116e+05
7.1979e+05
7.1827e+05
7.1661e+05
7.1481e+05
7.1289e+05
7.1083e+05
7.0866e+05
7.0637e+05
7.0396e+05
7.0145e+05
6.9884e+05
6.9613e+05
6.9333e+05
6.9045e+05
6.8748e+05
6.8443e+05
6.8132e+05
6.7814e+05
6.749e+05
6.716e+05
6.6825e+05
6.6486e+05
6.6143e+05
6.5797e+05
6.5448e+05
6.5097e+05
6.4743e+05
6.4389e+05
6.4034e+05
6.3678e+05
6.3323e+05
6.2969e+05
6.2616e+05
6.2264e+05
6.1915e+05
6.1569e+05
6.1225e+05
6.0885e+05
6.055e+05
6.0218e+05
5.9892e+05
5.9571e+05
5.9255e+05
5.8946e+05
5.8643e+05
5.8347e+05
5.8058e+05
5.7776e+05
5.7502e+05
5.7236e+05
5.6979e+05
5.673e+05
5.649e+05
5.6259e+05
5.6038e+05
5.5826e+05
5.5624e+05
5.5432e+05
5.5249e+05
5.5078e+05
5.4916e+05
5.4765e+05
5.4625e+05
5.4495e+05
5.4376e+05
5.4268e+05
5.417e+05
5.4083e+05
5.4008e+05
5.3942e+05
5.3888e+05
5.3845e+05
5.3812e+05
5.3789e+05
5.3777e+05
5.3776e+05
5.3784e+05
5.3803e+05
5.3832e+05
5.387e+05
5.3918e+05
5.3975e+05
5.4042e+05
5.4117e+05
5.4202e+05
5.4294e+05
5.4395e+05
5.4504e+05
5.462e+05
5.4744e+05
5.4875e+05
5.5013e+05
5.5157e+05
5.5308e+05
5.5464e+05
5.5625e+05
5.5792e+05
5.5963e+05
5.6139e+05
5.6319e+05
5.6502e+05
5.6689e+05
5.6878e+05
5.707e+05
5.7264e+05
5.746e+05
5.7657e+05
5.7855e+05
5.8054e+05
5.8253e+05
5.8451e+05
5.8649e+05
5.8845e+05
5.9041e+05
5.9234e+05
5.9425e+05
5.9613e+05
5.9798e+05
5.998e+05
6.0158e+05
6.0332e+05
6.0501e+05
6.0665e+05
6.0824e+05
6.0977e+05
6.1124e+05
6.1265e+05
6.1399e+05
6.1526e+05
6.1645e+05
6.1757e+05
6.1861e+05
6.1956e+05
6.2043e+05
6.212e+05
6.2189e+05
6.2248e+05
6.2297e+05
6.2336e+05
6.2365e+05
6.2383e+05
6.2391e+05
6.2388e+05
6.2373e+05
6.2347e+05
6.231e+05
6.2261e+05
6.22e+05
6.2128e+05
6.2043e+05
6.1945e+05
6.1836e+05
6.1714e+05
6.1579e+05
6.1432e+05
6.1272e+05
6.1099e+05
6.0914e+05
6.0715e+05
6.0504e+05
6.028e+05
6.0043e+05
5.9793e+05
5.953e+05
5.9254e+05
5.8966e+05
5.8665e+05
5.8352e+05
5.8025e+05
5.7687e+05
5.7336e+05
5.6973e+05
5.6598e+05
5.6211e+05
5.5812e+05
5.5401e+05
5.498e+05
5.4546e+05
5.4102e+05
5.3647e+05
5.3181e+05
5.2705e+05
5.2219e+05
5.1723e+05
5.1217e+05
5.0701e+05
5.0177e+05
4.9644e+05
4.9102e+05
4.8551e+05
4.7993e+05
4.7427e+05
4.6854e+05
4.6274e+05
4.5687e+05
4.5093e+05
4.4494e+05
4.3889e+05
4.3279e+05
4.2664e+05
4.2044e+05
4.1421e+05
4.0793e+05
4.0162e+05
3.9528e+05
3.8891e+05
3.8253e+05
3.7612e+05
3.697e+05
3.6327e+05
3.5684e+05
3.504e+05
3.4396e+05
3.3754e+05
3.3112e+05
3.2472e+05
3.1834e+05
3.1198e+05
3.0565e+05
2.9935e+05
2.9309e+05
2.8687e+05
2.8069e+05
2.7456e+05
2.6849e+05
2.6247e+05
2.5651e+05
2.5062e+05
2.448e+05
2.3906e+05
2.3339e+05
2.278e+05
2.223e+05
2.1688e+05
2.1157e+05
2.0634e+05
2.0122e+05
1.9621e+05
1.913e+05
1.865e+05
1.8182e+05
1.7726e+05
1.7282e+05
1.685e+05
1.6432e+05
1.6027e+05
1.5635e+05
1.5257e+05
1.4893e+05
1.4544e+05
1.4209e+05
1.3889e+05
1.3584e+05
1.3295e+05
1.3022e+05
1.2764e+05
1.2523e+05
1.2298e+05
1.209e+05
1.1898e+05
1.1723e+05
1.1566e+05
1.1426e+05
1.1303e+05
1.1198e+05
1.1111e+05
1.1041e+05
1.099e+05
1.0956e+05
1.0941e+05
1.0944e+05
1.0966e+05
1.1005e+05
1.1064e+05
1.114e+05
1.1235e+05
1.1349e+05
1.1481e+05
1.1631e+05
1.1801e+05
1.1988e+05
1.2194e+05
1.2418e+05
1.2661e+05
1.2922e+05
1.32e+05
1.3497e+05
1.3812e+05
1.4145e+05
1.4495e+05
1.4863e+05
1.5248e+05
1.5651e+05
1.6071e+05
1.6507e+05
1.696e+05
1.743e+05
1.7916e+05
1.8418e+05
1.8936e+05
1.947e+05
2.0019e+05
2.0584e+05
2.1163e+05
2.1757e+05
2.2365e+05
2.2987e+05
2.3623e+05
2.4272e+05
2.4935e+05
2.5611e+05
2.6299e+05
2.6999e+05
2.7711e+05
2.8435e+05
2.917e+05
2.9916e+05
3.0673e+05
3.1439e+05
3.2216e+05
3.3002e+05
3.3797e+05
3.4601e+05
3.5413e+05
3.6233e+05
3.706e+05
3.7895e+05
3.8737e+05
3.9585e+05
4.0439e+05
4.1298e+05
4.2163e+05
4.3032e+05
4.3906e+05
4.4784e+05
4.5666e+05
4.6551e+05
4.7438e+05
4.8328e+05
4.922e+05
5.0114e+05
5.1008e+05
5.1904e+05
5.28e+05
5.3696e+05
5.4592e+05
5.5486e+05
5.638e+05
5.7272e+05
5.8162e+05
5.905e+05
5.9935e+05
6.0817e+05
6.1695e+05
6.257e+05
6.3441e+05
6.4307e+05
6.5168e+05
6.6023e+05
6.6874e+05
6.7718e+05
6.8556e+05
6.9387e+05
7.0212e+05
7.1029e+05
7.1838e+05
7.264e+05
7.3434e+05
7.4219e+05
7.4995e+05
7.5762e+05
7.652e+05
7.7268e+05
7.8006e+05
7.8734e+05
7.9452e+05
8.0159e+05
8.0855e+05
8.154e+05
8.2214e+05
8.2876e+05
8.3526e+05
8.4164e+05
8.479e+05
8.5404e+05
8.6005e+05
8.6593e+05
8.7168e+05
8.773e+05
8.8279e+05
8.8814e+05
8.9336e+05
8.9844e+05
9.0338e+05
9.0818e+05
9.1284e+05
9.1736e+05
9.2173e+05
9.2596e+05
9.3005e+05
9.3399e+05
9.3778e+05
9.4143e+05
9.4492e+05
9.4827e+05
9.5147e+05
9.5452e+05
9.5741e+05
9.6016e+05
9.6276e+05
9.652e+05
9.6749e+05
9.6964e+05
9.7163e+05
9.7346e+05
9.7515e+05
9.7669e+05
9.7807e+05
9.793e+05
9.8039e+05
9.8132e+05
9.821e+05
9.8273e+05
9.8322e+05
9.8355e+05
9.8374e+05
9.8378e+05
9.8367e+05
9.8341e+05
9.8302e+05
9.8247e+05
9.8178e+05
9.8095e+05
9.7998e+05
9.7887e+05
9.7762e+05
9.7622e+05
9.7469e+05
9.7303e+05
9.7123e+05
9.6929e+05
9.6722e+05
9.6502e+05
9.6269e+05
9.6023e+05
9.5764e+05
9.5492e+05
9.5208e+05
9.4912e+05
9.4604e+05
9.4283e+05
9.3951e+05
9.3606e+05
9.3251e+05
9.2883e+05
9.2505e+05
9.2116e+05
9.1715e+05
9.1304e+05
9.0882e+05
9.045e+05
9.0008e+05
8.9556e+05
8.9094e+05
8.8622e+05
8.8141e+05
8.765e+05
8.7151e+05
8.6642e+05
8.6125e+05
8.5599e+05
8.5066e+05
8.4524e+05
8.3974e+05
8.3416e+05
8.2851e+05
8.2279e+05
8.1699e+05
8.1113e+05
8.052e+05
7.992e+05
7.9314e+05
7.8703e+05
7.8085e+05
7.7462e+05
7.6833e+05
7.6199e+05
7.556e+05
7.4917e+05
7.4268e+05
7.3616e+05
7.2959e+05
7.2298e+05
7.1634e+05
7.0966e+05
7.0295e+05
6.9621e+05
6.8943e+05
6.8263e+05
6.7581e+05
6.6896e+05
6.621e+05
6.5521e+05
6.4831e+05
6.4139e+05
6.3446e+05
6.2752e+05
6.2057e+05
6.1362e+05
6.0666e+05
5.9969e+05
5.9273e+05
5.8577e+05
5.7881e+05
5.7185e+05
5.649e+05
5.5796e+05
5.5103e+05
5.4411e+05
5.3721e+05
5.3032e+05
5.2345e+05
5.166e+05
5.0976e+05
5.0295e+05
4.9616e+05
4.894e+05
4.8266e+05
4.7596e+05
4.6928e+05
4.6263e+05
4.5601e+05
4.4943e+05
4.4289e+05
4.3638e+05
4.299e+05
4.2347e+05
4.1707e+05
4.1072e+05
4.0441e+05
3.9814e+05
3.9192e+05
3.8574e+05
3.7961e+05
3.7353e+05
3.6749e+05
3.615e+05
3.5557e+05
3.4968e+05
3.4385e+05
3.3806e+05
3.3234e+05
3.2666e+05
3.2104e+05
3.1547e+05
3.0996e+05
3.0451e+05
2.9911e+05
2.9377e+05
2.8848e+05
2.8325e+05
2.7809e+05
2.7298e+05
2.6792e+05
2.6293e+05
2.58e+05
2.5312e+05
2.4831e+05
2.4356e+05
2.3886e+05
2.3423e+05
2.2965e+05
2.2514e+05
2.2068e+05
2.1628e+05
2.1195e+05
2.0767e+05
2.0346e+05
1.993e+05
1.952e+05
1.9117e+05
1.8719e+05
1.8327e+05
1.7941e+05
1.756e+05
1.7186e+05
1.6817e+05
1.6454e+05
1.6097e+05
1.5745e+05
1.5399e+05
1.5059e+05
1.4724e+05
1.4394e+05
1.407e+05
1.3752e+05
1.3439e+05
1.3131e+05
1.2828e+05
1.2531e+05
1.2239e+05
1.1952e+05
1.167e+05
1.1393e+05
1.1121e+05
1.0854e+05
1.0592e+05
1.0335e+05
1.0082e+05
98346
95914
93527
91186
88889
86636
84427
82261
80137
78054
76013
74012
72051
70129
68246
66402
64594
62824
61090
59392
57729
56101
54507
52946
51418
49923
48459
47027
45625
44254
42912
41599
40315
39059
37830
36629
35454
34304
33180
32082
31007
29957
28930
27926
26945
25986
25048
24132
23236
22361
21506
20670
19853
19054
18274
17512
16767
16039
15327
14632
13952
13289
12640
12006
11386
10780
10188
9609.7
9044.1
8491.2
7950.7
7422.2
6905.5
6400.1
5906
5422.6
4949.8
4487.3
4034.7
3591.9
3158.5
2734.2
2318.9
1912.2
1513.9
1123.8
741.61
367.08
0
