2.6618e+05
2.6982e+05
2.7347e+05
2.7713e+05
2.8081e+05
2.8449e+05
2.8818e+05
2.9187e+05
2.9556e+05
2.9925e+05
3.0294e+05
3.0663e+05
3.1031e+05
3.1399e+05
3.1765e+05
3.2131e+05
3.2495e+05
3.2858e+05
3.3219e+05
3.3578e+05
3.3936e+05
3.4291e+05
3.4644e+05
3.4995e+05
3.5342e+05
3.5688e+05
3.603e+05
3.6369e+05
3.6705e+05
3.7037e+05
3.7366e+05
3.7691e+05
3.8013e+05
3.833e+05
3.8644e+05
3.8953e+05
3.9257e+05
3.9557e+05
3.9853e+05
4.0144e+05
4.0429e+05
4.071e+05
4.0986e+05
4.1256e+05
4.1521e+05
4.1781e+05
4.2035e+05
4.2283e+05
4.2526e+05
4.2762e+05
4.2993e+05
4.3218e+05
4.3436e+05
4.3648e+05
4.3854e+05
4.4054e+05
4.4247e+05
4.4434e+05
4.4614e+05
4.4787e+05
4.4954e+05
4.5113e+05
4.5266e+05
4.5412e+05
4.5552e+05
4.5684e+05
4.5809e+05
4.5927e+05
4.6038e+05
4.6142e+05
4.6239e+05
4.6329e+05
4.6412e+05
4.6487e+05
4.6555e+05
4.6616e+05
4.667e+05
4.6717e+05
4.6756e+05
4.6789e+05
4.6814e+05
4.6832e+05
4.6843e+05
4.6846e+05
4.6843e+05
4.6833e+05
4.6815e+05
4.6791e+05
4.676e+05
4.6722e+05
4.6677e+05
4.6625e+05
4.6566e+05
4.6501e+05
4.643e+05
4.6351e+05
4.6266e+05
4.6175e+05
4.6078e+05
4.5974e+05
4.5864e+05
4.5748e+05
4.5626e+05
4.5498e+05
4.5364e+05
4.5225e+05
4.508e+05
4.4929e+05
4.4773e+05
4.4612e+05
4.4446e+05
4.4274e+05
4.4098e+05
4.3916e+05
4.373e+05
4.3539e+05
4.3344e+05
4.3145e+05
4.2941e+05
4.2733e+05
4.2521e+05
4.2305e+05
4.2085e+05
4.1862e+05
4.1636e+05
4.1406e+05
4.1173e+05
4.0937e+05
4.0698e+05
4.0456e+05
4.0211e+05
3.9964e+05
3.9715e+05
3.9464e+05
3.921e+05
3.8955e+05
3.8697e+05
3.8438e+05
3.8178e+05
3.7916e+05
3.7653e+05
3.7389e+05
3.7123e+05
3.6857e+05
3.6591e+05
3.6323e+05
3.6056e+05
3.5788e+05
3.5519e+05
3.5251e+05
3.4983e+05
3.4715e+05
3.4447e+05
3.418e+05
3.3914e+05
3.3648e+05
3.3382e+05
3.3118e+05
3.2855e+05
3.2592e+05
3.2331e+05
3.2072e+05
3.1813e+05
3.1556e+05
3.1301e+05
3.1047e+05
3.0796e+05
3.0545e+05
3.0297e+05
3.0051e+05
2.9807e+05
2.9565e+05
2.9325e+05
2.9087e+05
2.8851e+05
2.8618e+05
2.8387e+05
2.8159e+05
2.7933e+05
2.7709e+05
2.7488e+05
2.727e+05
2.7054e+05
2.684e+05
2.6629e+05
2.6421e+05
2.6215e+05
2.6012e+05
2.5811e+05
2.5613e+05
2.5418e+05
2.5225e+05
2.5035e+05
2.4847e+05
2.4661e+05
2.4478e+05
2.4298e+05
2.4119e+05
2.3943e+05
2.377e+05
2.3598e+05
2.3429e+05
2.3262e+05
2.3097e+05
2.2934e+05
2.2773e+05
2.2613e+05
2.2456e+05
2.23e+05
2.2146e+05
2.1993e+05
2.1842e+05
2.1693e+05
2.1544e+05
2.1397e+05
2.1251e+05
2.1106e+05
2.0962e+05
2.0819e+05
2.0676e+05
2.0535e+05
2.0393e+05
2.0253e+05
2.0112e+05
1.9972e+05
1.9832e+05
1.9692e+05
1.9552e+05
1.9412e+05
1.9272e+05
1.9131e+05
1.899e+05
1.8848e+05
1.8706e+05
1.8563e+05
1.8419e+05
1.8274e+05
1.8128e+05
1.7981e+05
1.7833e+05
1.7683e+05
1.7532e+05
1.738e+05
1.7226e+05
1.7071e+05
1.6914e+05
1.6755e+05
1.6594e+05
1.6431e+05
1.6267e+05
1.61e+05
1.5932e+05
1.5761e+05
1.5588e+05
1.5413e+05
1.5235e+05
1.5056e+05
1.4874e+05
1.469e+05
1.4503e+05
1.4314e+05
1.4123e+05
1.3929e+05
1.3733e+05
1.3534e+05
1.3334e+05
1.3131e+05
1.2925e+05
1.2717e+05
1.2507e+05
1.2295e+05
1.2081e+05
1.1864e+05
1.1646e+05
1.1425e+05
1.1203e+05
1.0978e+05
1.0752e+05
1.0524e+05
1.0295e+05
1.0064e+05
98314
95978
93629
91270
88902
86526
84143
81755
79363
76969
74574
72181
69790
67404
65024
62652
60290
57941
55605
53285
50984
48702
46443
44209
42001
39823
37675
35562
33484
31445
29446
27491
25581
23720
21909
20152
18450
16806
15223
13703
12250
10864
9549.5
8308.4
7143.3
6056.7
5051.3
4129.4
3293.6
2546.4
1890.2
1327.6
860.76
492.27
224.42
59.567
0
47.985
205.75
475.47
859.31
1359.3
1977.6
2716.2
3576.9
4561.8
5672.6
6911.1
8279.1
9778.2
11410
13176
15078
17116
19294
21610
24068
26668
29410
32296
35328
38504
41827
45296
48913
52677
56590
60651
64860
69218
73724
78378
83181
88131
93229
98474
1.0386e+05
1.094e+05
1.1508e+05
1.2091e+05
1.2688e+05
1.3299e+05
1.3924e+05
1.4563e+05
1.5215e+05
1.5882e+05
1.6562e+05
1.7255e+05
1.7961e+05
1.868e+05
1.9412e+05
2.0157e+05
2.0914e+05
2.1683e+05
2.2464e+05
2.3256e+05
2.406e+05
2.4875e+05
2.5701e+05
2.6538e+05
2.7385e+05
2.8241e+05
2.9108e+05
2.9984e+05
3.0869e+05
3.1762e+05
3.2664e+05
3.3575e+05
3.4492e+05
3.5418e+05
3.635e+05
3.7289e+05
3.8234e+05
3.9185e+05
4.0142e+05
4.1103e+05
4.207e+05
4.3041e+05
4.4015e+05
4.4993e+05
4.5975e+05
4.6959e+05
4.7945e+05
4.8933e+05
4.9922e+05
5.0913e+05
5.1904e+05
5.2895e+05
5.3886e+05
5.4876e+05
5.5864e+05
5.6852e+05
5.7837e+05
5.8819e+05
5.9798e+05
6.0774e+05
6.1747e+05
6.2714e+05
6.3677e+05
6.4635e+05
6.5587e+05
6.6533e+05
6.7473e+05
6.8405e+05
6.933e+05
7.0248e+05
7.1157e+05
7.2057e+05
7.2948e+05
7.383e+05
7.4701e+05
7.5563e+05
7.6413e+05
7.7253e+05
7.8081e+05
7.8896e+05
7.97e+05
8.0491e+05
8.1269e+05
8.2033e+05
8.2783e+05
8.352e+05
8.4242e+05
8.4949e+05
8.564e+05
8.6317e+05
8.6977e+05
8.7622e+05
8.825e+05
8.8861e+05
8.9455e+05
9.0032e+05
9.0592e+05
9.1133e+05
9.1657e+05
9.2163e+05
9.2649e+05
9.3118e+05
9.3567e+05
9.3997e+05
9.4408e+05
9.48e+05
9.5171e+05
9.5523e+05
9.5855e+05
9.6167e+05
9.6459e+05
9.673e+05
9.6981e+05
9.7212e+05
9.7422e+05
9.7611e+05
9.778e+05
9.7927e+05
9.8054e+05
9.816e+05
9.8246e+05
9.831e+05
9.8353e+05
9.8376e+05
9.8378e+05
9.8359e+05
9.8319e+05
9.8258e+05
9.8177e+05
9.8076e+05
9.7954e+05
9.7811e+05
9.7649e+05
9.7466e+05
9.7263e+05
9.7041e+05
9.6799e+05
9.6537e+05
9.6256e+05
9.5955e+05
9.5636e+05
9.5298e+05
9.4941e+05
9.4566e+05
9.4172e+05
9.3761e+05
9.3332e+05
9.2885e+05
9.2422e+05
9.1941e+05
9.1444e+05
9.093e+05
9.04e+05
8.9854e+05
8.9293e+05
8.8717e+05
8.8126e+05
8.752e+05
8.69e+05
8.6265e+05
8.5618e+05
8.4957e+05
8.4283e+05
8.3596e+05
8.2898e+05
8.2187e+05
8.1465e+05
8.0732e+05
7.9988e+05
7.9233e+05
7.8469e+05
7.7694e+05
7.6911e+05
7.6119e+05
7.5318e+05
7.4509e+05
7.3692e+05
7.2868e+05
7.2036e+05
7.1199e+05
7.0355e+05
6.9505e+05
6.865e+05
6.779e+05
6.6925e+05
6.6055e+05
6.5182e+05
6.4306e+05
6.3426e+05
6.2544e+05
6.1659e+05
6.0772e+05
5.9884e+05
5.8994e+05
5.8104e+05
5.7213e+05
5.6322e+05
5.5431e+05
5.4541e+05
5.3652e+05
5.2764e+05
5.1878e+05
5.0994e+05
5.0112e+05
4.9232e+05
4.8356e+05
4.7483e+05
4.6614e+05
4.5748e+05
4.4887e+05
4.403e+05
4.3179e+05
4.2332e+05
4.1491e+05
4.0655e+05
3.9825e+05
3.9002e+05
3.8185e+05
3.7375e+05
3.6572e+05
3.5775e+05
3.4987e+05
3.4206e+05
3.3433e+05
3.2668e+05
3.1911e+05
3.1163e+05
3.0424e+05
2.9693e+05
2.8972e+05
2.826e+05
2.7557e+05
2.6863e+05
2.6179e+05
2.5505e+05
2.4841e+05
2.4188e+05
2.3544e+05
2.291e+05
2.2287e+05
2.1675e+05
2.1072e+05
2.0481e+05
1.99e+05
1.933e+05
1.8771e+05
1.8223e+05
1.7686e+05
1.7159e+05
1.6644e+05
1.614e+05
1.5646e+05
1.5164e+05
1.4693e+05
1.4233e+05
1.3783e+05
1.3345e+05
1.2918e+05
1.2502e+05
1.2096e+05
1.1702e+05
1.1318e+05
1.0945e+05
1.0583e+05
1.0231e+05
98901
95595
92394
89295
86298
83403
80608
77913
75315
72814
70409
68099
65882
63756
61721
59776
57918
56147
54460
52857
51336
49895
48533
47248
46039
44903
43840
42847
41923
41067
40276
39548
38883
38278
37732
37242
36807
36426
36096
35817
35585
35399
35258
35160
35103
35085
35105
35160
35250
35373
35526
35709
35919
36156
36416
36700
37004
37329
37671
38031
38405
38793
39194
39605
40026
40455
40891
41332
41778
42227
42677
43129
43579
44029
44475
44918
45356
45788
46213
46631
47040
47439
47829
48207
48573
48927
49268
49594
49906
50203
50483
50748
50996
51226
51439
51633
51809
51966
52104
52222
