1.6715e+05
1.7154e+05
1.7591e+05
1.8028e+05
1.8464e+05
1.8897e+05
1.9328e+05
1.9755e+05
2.0179e+05
2.0599e+05
2.1014e+05
2.1423e+05
2.1828e+05
2.2225e+05
2.2617e+05
2.3001e+05
2.3377e+05
2.3746e+05
2.4107e+05
2.4459e+05
2.4802e+05
2.5135e+05
2.546e+05
2.5774e+05
2.6078e+05
2.6372e+05
2.6655e+05
2.6928e+05
2.7189e+05
2.744e+05
2.7679e+05
2.7907e+05
2.8124e+05
2.8329e+05
2.8523e+05
2.8705e+05
2.8876e+05
2.9036e+05
2.9184e+05
2.9321e+05
2.9447e+05
2.9562e+05
2.9666e+05
2.9759e+05
2.9842e+05
2.9914e+05
2.9976e+05
3.0029e+05
3.0072e+05
3.0105e+05
3.013e+05
3.0145e+05
3.0153e+05
3.0152e+05
3.0143e+05
3.0127e+05
3.0104e+05
3.0075e+05
3.0039e+05
2.9997e+05
2.995e+05
2.9898e+05
2.9841e+05
2.978e+05
2.9716e+05
2.9648e+05
2.9577e+05
2.9503e+05
2.9428e+05
2.9351e+05
2.9273e+05
2.9194e+05
2.9114e+05
2.9035e+05
2.8956e+05
2.8878e+05
2.8802e+05
2.8727e+05
2.8654e+05
2.8584e+05
2.8517e+05
2.8452e+05
2.8392e+05
2.8335e+05
2.8282e+05
2.8234e+05
2.819e+05
2.8152e+05
2.8119e+05
2.8091e+05
2.8069e+05
2.8054e+05
2.8044e+05
2.8041e+05
2.8044e+05
2.8054e+05
2.8071e+05
2.8094e+05
2.8125e+05
2.8163e+05
2.8208e+05
2.826e+05
2.8319e+05
2.8385e+05
2.8459e+05
2.8539e+05
2.8627e+05
2.8722e+05
2.8823e+05
2.8931e+05
2.9046e+05
2.9168e+05
2.9296e+05
2.943e+05
2.957e+05
2.9716e+05
2.9867e+05
3.0024e+05
3.0186e+05
3.0352e+05
3.0523e+05
3.0699e+05
3.0878e+05
3.1061e+05
3.1248e+05
3.1437e+05
3.1629e+05
3.1824e+05
3.202e+05
3.2218e+05
3.2418e+05
3.2618e+05
3.2819e+05
3.302e+05
3.322e+05
3.3421e+05
3.362e+05
3.3818e+05
3.4014e+05
3.4208e+05
3.44e+05
3.4588e+05
3.4774e+05
3.4956e+05
3.5134e+05
3.5308e+05
3.5477e+05
3.5641e+05
3.58e+05
3.5953e+05
3.6101e+05
3.6242e+05
3.6376e+05
3.6504e+05
3.6624e+05
3.6738e+05
3.6843e+05
3.6941e+05
3.703e+05
3.7112e+05
3.7184e+05
3.7249e+05
3.7304e+05
3.735e+05
3.7387e+05
3.7414e+05
3.7433e+05
3.7441e+05
3.744e+05
3.743e+05
3.741e+05
3.738e+05
3.734e+05
3.729e+05
3.7231e+05
3.7161e+05
3.7082e+05
3.6994e+05
3.6896e+05
3.6788e+05
3.6671e+05
3.6544e+05
3.6408e+05
3.6264e+05
3.611e+05
3.5947e+05
3.5776e+05
3.5597e+05
3.5409e+05
3.5214e+05
3.501e+05
3.4799e+05
3.4581e+05
3.4356e+05
3.4123e+05
3.3885e+05
3.364e+05
3.3389e+05
3.3132e+05
3.287e+05
3.2603e+05
3.2331e+05
3.2054e+05
3.1773e+05
3.1488e+05
3.12e+05
3.0908e+05
3.0614e+05
3.0316e+05
3.0016e+05
2.9715e+05
2.9411e+05
2.9106e+05
2.88e+05
2.8493e+05
2.8185e+05
2.7878e+05
2.757e+05
2.7263e+05
2.6956e+05
2.665e+05
2.6345e+05
2.6041e+05
2.574e+05
2.544e+05
2.5142e+05
2.4846e+05
2.4553e+05
2.4263e+05
2.3975e+05
2.3691e+05
2.341e+05
2.3133e+05
2.2859e+05
2.2588e+05
2.2322e+05
2.2059e+05
2.1801e+05
2.1547e+05
2.1297e+05
2.1051e+05
2.081e+05
2.0573e+05
2.034e+05
2.0112e+05
1.9889e+05
1.9669e+05
1.9455e+05
1.9245e+05
1.9039e+05
1.8837e+05
1.864e+05
1.8447e+05
1.8258e+05
1.8073e+05
1.7893e+05
1.7716e+05
1.7542e+05
1.7373e+05
1.7207e+05
1.7044e+05
1.6884e+05
1.6727e+05
1.6574e+05
1.6422e+05
1.6274e+05
1.6128e+05
1.5983e+05
1.5841e+05
1.5701e+05
1.5562e+05
1.5424e+05
1.5288e+05
1.5153e+05
1.5018e+05
1.4884e+05
1.4751e+05
1.4617e+05
1.4483e+05
1.435e+05
1.4215e+05
1.408e+05
1.3945e+05
1.3808e+05
1.367e+05
1.353e+05
1.3389e+05
1.3247e+05
1.3102e+05
1.2955e+05
1.2806e+05
1.2655e+05
1.2501e+05
1.2345e+05
1.2186e+05
1.2024e+05
1.1859e+05
1.1691e+05
1.152e+05
1.1346e+05
1.1169e+05
1.0989e+05
1.0805e+05
1.0618e+05
1.0428e+05
1.0234e+05
1.0037e+05
98369
96336
94272
92177
90053
87900
85719
83512
81280
79025
76748
74451
72136
69806
67461
65105
62740
60369
57994
55618
53244
50875
48514
46164
43829
41512
39216
36946
34705
32497
30325
28194
26107
24068
22083
20154
18286
16483
14750
13091
11510
10011
8599.3
7278.7
6053.6
4928.4
3907.4
2994.9
2195.2
1512.5
951
514.95
208.4
35.423
0
106.06
357.44
757.92
1311.2
2020.8
2890.2
3923
5122.2
6491.1
8032.8
9750.1
11646
13723
15983
18430
21065
23890
26908
30119
33527
37131
40934
44937
49140
53545
58151
62959
67970
73184
78600
84218
90038
96059
1.0228e+05
1.087e+05
1.1532e+05
1.2213e+05
1.2914e+05
1.3634e+05
1.4373e+05
1.5131e+05
1.5908e+05
1.6703e+05
1.7516e+05
1.8347e+05
1.9195e+05
2.006e+05
2.0943e+05
2.1841e+05
2.2756e+05
2.3686e+05
2.4632e+05
2.5593e+05
2.6567e+05
2.7556e+05
2.8558e+05
2.9573e+05
3.06e+05
3.164e+05
3.269e+05
3.3752e+05
3.4824e+05
3.5905e+05
3.6996e+05
3.8095e+05
3.9202e+05
4.0316e+05
4.1437e+05
4.2564e+05
4.3696e+05
4.4833e+05
4.5974e+05
4.7119e+05
4.8266e+05
4.9416e+05
5.0566e+05
5.1718e+05
5.287e+05
5.402e+05
5.517e+05
5.6318e+05
5.7462e+05
5.8604e+05
5.9741e+05
6.0873e+05
6.2e+05
6.3121e+05
6.4235e+05
6.5341e+05
6.6438e+05
6.7527e+05
6.8607e+05
6.9676e+05
7.0733e+05
7.178e+05
7.2814e+05
7.3835e+05
7.4843e+05
7.5836e+05
7.6814e+05
7.7778e+05
7.8725e+05
7.9655e+05
8.0569e+05
8.1464e+05
8.2342e+05
8.32e+05
8.404e+05
8.4859e+05
8.5658e+05
8.6436e+05
8.7193e+05
8.7928e+05
8.8641e+05
8.9332e+05
8.9999e+05
9.0643e+05
9.1263e+05
9.1859e+05
9.2431e+05
9.2978e+05
9.3499e+05
9.3996e+05
9.4466e+05
9.4911e+05
9.533e+05
9.5722e+05
9.6088e+05
9.6427e+05
9.6739e+05
9.7025e+05
9.7283e+05
9.7514e+05
9.7718e+05
9.7894e+05
9.8043e+05
9.8165e+05
9.8259e+05
9.8326e+05
9.8365e+05
9.8378e+05
9.8363e+05
9.8321e+05
9.8252e+05
9.8156e+05
9.8033e+05
9.7884e+05
9.7708e+05
9.7506e+05
9.7278e+05
9.7024e+05
9.6745e+05
9.6441e+05
9.6112e+05
9.5758e+05
9.5379e+05
9.4977e+05
9.4551e+05
9.4101e+05
9.3629e+05
9.3134e+05
9.2617e+05
9.2078e+05
9.1517e+05
9.0936e+05
9.0334e+05
8.9712e+05
8.9071e+05
8.841e+05
8.7731e+05
8.7034e+05
8.6318e+05
8.5586e+05
8.4837e+05
8.4072e+05
8.3292e+05
8.2496e+05
8.1686e+05
8.0862e+05
8.0025e+05
7.9174e+05
7.8311e+05
7.7437e+05
7.6551e+05
7.5655e+05
7.4749e+05
7.3833e+05
7.2908e+05
7.1975e+05
7.1034e+05
7.0085e+05
6.9131e+05
6.817e+05
6.7203e+05
6.6232e+05
6.5256e+05
6.4276e+05
6.3293e+05
6.2307e+05
6.1319e+05
6.0329e+05
5.9339e+05
5.8347e+05
5.7355e+05
5.6364e+05
5.5374e+05
5.4385e+05
5.3398e+05
5.2414e+05
5.1432e+05
5.0454e+05
4.9479e+05
4.8509e+05
4.7543e+05
4.6583e+05
4.5628e+05
4.4679e+05
4.3736e+05
4.2801e+05
4.1872e+05
4.0951e+05
4.0038e+05
3.9133e+05
3.8236e+05
3.7349e+05
3.647e+05
3.5602e+05
3.4743e+05
3.3894e+05
3.3056e+05
3.2228e+05
3.1411e+05
3.0605e+05
2.9811e+05
2.9028e+05
2.8257e+05
2.7498e+05
2.6751e+05
2.6017e+05
2.5295e+05
2.4585e+05
2.3888e+05
2.3204e+05
2.2533e+05
2.1875e+05
2.1231e+05
2.0599e+05
1.9981e+05
1.9376e+05
1.8784e+05
1.8206e+05
1.7642e+05
1.709e+05
1.6552e+05
1.6028e+05
1.5517e+05
1.5019e+05
1.4535e+05
1.4064e+05
1.3606e+05
1.3162e+05
1.273e+05
1.2312e+05
1.1906e+05
1.1513e+05
1.1133e+05
1.0765e+05
1.041e+05
1.0067e+05
97367
94181
91113
88163
85329
82609
80000
77503
75113
72830
70652
68577
66602
64725
62946
61260
59667
58164
56748
55418
54172
53006
51919
50909
49972
49108
48313
47585
46922
46322
45782
45299
44872
44499
44177
43903
43676
43492
43351
43250
43186
43158
43163
43200
43265
43358
43476
43616
43778
43960
44158
44372
44600
44840
45090
45349
45615
45886
46161
46438
46716
46993
47269
47541
47808
48070
48325
48571
48809
49036
49252
49455
49646
49822
49984
50130
50260
50373
50469
50546
50605
50644
50664
50664
50643
50602
50540
50457
50352
50226
50078
49909
49718
49505
49270
49014
48736
48437
48117
47775
47413
47030
46628
46205
45763
45301
44821
44322
43806
43272
42721
