3.028e+05
3.0553e+05
3.0824e+05
3.1093e+05
3.136e+05
3.1625e+05
3.1888e+05
3.2148e+05
3.2406e+05
3.2661e+05
3.2914e+05
3.3164e+05
3.3411e+05
3.3656e+05
3.3897e+05
3.4135e+05
3.437e+05
3.4602e+05
3.4831e+05
3.5057e+05
3.5278e+05
3.5497e+05
3.5712e+05
3.5923e+05
3.6131e+05
3.6334e+05
3.6534e+05
3.673e+05
3.6923e+05
3.7111e+05
3.7295e+05
3.7475e+05
3.7651e+05
3.7823e+05
3.799e+05
3.8153e+05
3.8312e+05
3.8467e+05
3.8617e+05
3.8762e+05
3.8903e+05
3.904e+05
3.9172e+05
3.9299e+05
3.9421e+05
3.9539e+05
3.9652e+05
3.9761e+05
3.9865e+05
3.9963e+05
4.0057e+05
4.0146e+05
4.0231e+05
4.031e+05
4.0384e+05
4.0454e+05
4.0518e+05
4.0577e+05
4.0632e+05
4.0681e+05
4.0725e+05
4.0764e+05
4.0798e+05
4.0827e+05
4.0851e+05
4.087e+05
4.0884e+05
4.0893e+05
4.0896e+05
4.0894e+05
4.0888e+05
4.0876e+05
4.0859e+05
4.0837e+05
4.081e+05
4.0778e+05
4.074e+05
4.0698e+05
4.0651e+05
4.0599e+05
4.0541e+05
4.0479e+05
4.0412e+05
4.034e+05
4.0263e+05
4.0181e+05
4.0094e+05
4.0003e+05
3.9907e+05
3.9806e+05
3.97e+05
3.959e+05
3.9476e+05
3.9357e+05
3.9233e+05
3.9105e+05
3.8973e+05
3.8836e+05
3.8695e+05
3.855e+05
3.8401e+05
3.8248e+05
3.8091e+05
3.7931e+05
3.7766e+05
3.7598e+05
3.7426e+05
3.725e+05
3.7072e+05
3.6889e+05
3.6704e+05
3.6515e+05
3.6324e+05
3.6129e+05
3.5931e+05
3.5731e+05
3.5528e+05
3.5323e+05
3.5115e+05
3.4904e+05
3.4692e+05
3.4477e+05
3.426e+05
3.4042e+05
3.3822e+05
3.36e+05
3.3376e+05
3.3151e+05
3.2925e+05
3.2698e+05
3.2469e+05
3.224e+05
3.201e+05
3.1779e+05
3.1548e+05
3.1316e+05
3.1084e+05
3.0852e+05
3.062e+05
3.0388e+05
3.0156e+05
2.9924e+05
2.9693e+05
2.9463e+05
2.9233e+05
2.9004e+05
2.8776e+05
2.8549e+05
2.8323e+05
2.8099e+05
2.7876e+05
2.7654e+05
2.7435e+05
2.7216e+05
2.7e+05
2.6786e+05
2.6574e+05
2.6364e+05
2.6156e+05
2.5951e+05
2.5748e+05
2.5547e+05
2.535e+05
2.5154e+05
2.4962e+05
2.4773e+05
2.4586e+05
2.4403e+05
2.4222e+05
2.4045e+05
2.3871e+05
2.37e+05
2.3532e+05
2.3368e+05
2.3207e+05
2.3049e+05
2.2895e+05
2.2744e+05
2.2597e+05
2.2454e+05
2.2313e+05
2.2177e+05
2.2044e+05
2.1914e+05
2.1788e+05
2.1665e+05
2.1546e+05
2.143e+05
2.1318e+05
2.1209e+05
2.1104e+05
2.1002e+05
2.0903e+05
2.0807e+05
2.0715e+05
2.0626e+05
2.054e+05
2.0457e+05
2.0376e+05
2.0299e+05
2.0224e+05
2.0153e+05
2.0083e+05
2.0017e+05
1.9952e+05
1.989e+05
1.9831e+05
1.9773e+05
1.9717e+05
1.9664e+05
1.9612e+05
1.9561e+05
1.9513e+05
1.9465e+05
1.9419e+05
1.9374e+05
1.933e+05
1.9287e+05
1.9244e+05
1.9203e+05
1.9161e+05
1.912e+05
1.9079e+05
1.9039e+05
1.8998e+05
1.8956e+05
1.8915e+05
1.8872e+05
1.8829e+05
1.8785e+05
1.8741e+05
1.8695e+05
1.8647e+05
1.8598e+05
1.8548e+05
1.8496e+05
1.8442e+05
1.8386e+05
1.8327e+05
1.8267e+05
1.8204e+05
1.8138e+05
1.807e+05
1.7999e+05
1.7925e+05
1.7848e+05
1.7767e+05
1.7684e+05
1.7597e+05
1.7506e+05
1.7412e+05
1.7314e+05
1.7213e+05
1.7107e+05
1.6998e+05
1.6884e+05
1.6767e+05
1.6645e+05
1.6519e+05
1.6389e+05
1.6254e+05
1.6116e+05
1.5972e+05
1.5825e+05
1.5672e+05
1.5516e+05
1.5355e+05
1.5189e+05
1.5019e+05
1.4845e+05
1.4666e+05
1.4483e+05
1.4295e+05
1.4103e+05
1.3907e+05
1.3707e+05
1.3502e+05
1.3294e+05
1.3081e+05
1.2865e+05
1.2645e+05
1.2421e+05
1.2193e+05
1.1962e+05
1.1728e+05
1.149e+05
1.125e+05
1.1007e+05
1.076e+05
1.0512e+05
1.026e+05
1.0007e+05
97515
94941
92351
89747
87130
84502
81867
79226
76582
73937
71294
68655
66022
63399
60788
58192
55614
53056
50521
48013
45534
43087
40675
38301
35969
33681
31440
29250
27114
25034
23015
21059
19169
17348
15601
13929
12336
10825
9399.7
8062.5
6816.7
5665.4
4611.6
3658.4
2808.7
2065.4
1431.4
909.64
502.88
213.88
45.367
0
80.383
289.06
628.53
1101.2
1709.4
2455.5
3341.6
4369.9
5542.5
6861.3
8328.2
9945
11714
13635
15712
17945
20336
22885
25595
28466
31499
34695
38055
41579
45268
49122
53142
57328
61680
66197
70881
75730
80744
85923
91266
96772
1.0244e+05
1.0827e+05
1.1426e+05
1.2041e+05
1.2672e+05
1.3319e+05
1.3981e+05
1.4658e+05
1.535e+05
1.6058e+05
1.678e+05
1.7517e+05
1.8268e+05
1.9033e+05
1.9812e+05
2.0605e+05
2.1411e+05
2.223e+05
2.3062e+05
2.3907e+05
2.4763e+05
2.5631e+05
2.6511e+05
2.7402e+05
2.8304e+05
2.9217e+05
3.0139e+05
3.1071e+05
3.2013e+05
3.2964e+05
3.3923e+05
3.489e+05
3.5865e+05
3.6847e+05
3.7837e+05
3.8832e+05
3.9834e+05
4.0841e+05
4.1854e+05
4.2871e+05
4.3892e+05
4.4917e+05
4.5945e+05
4.6976e+05
4.8009e+05
4.9044e+05
5.008e+05
5.1117e+05
5.2155e+05
5.3192e+05
5.4228e+05
5.5264e+05
5.6297e+05
5.7329e+05
5.8358e+05
5.9383e+05
6.0405e+05
6.1422e+05
6.2435e+05
6.3443e+05
6.4445e+05
6.5441e+05
6.643e+05
6.7412e+05
6.8386e+05
6.9351e+05
7.0309e+05
7.1257e+05
7.2195e+05
7.3123e+05
7.4041e+05
7.4948e+05
7.5843e+05
7.6726e+05
7.7597e+05
7.8455e+05
7.93e+05
8.0131e+05
8.0947e+05
8.175e+05
8.2537e+05
8.3309e+05
8.4065e+05
8.4806e+05
8.553e+05
8.6236e+05
8.6926e+05
8.7598e+05
8.8253e+05
8.8889e+05
8.9507e+05
9.0106e+05
9.0686e+05
9.1246e+05
9.1787e+05
9.2308e+05
9.2809e+05
9.3289e+05
9.3749e+05
9.4188e+05
9.4606e+05
9.5003e+05
9.5378e+05
9.5732e+05
9.6064e+05
9.6374e+05
9.6663e+05
9.6929e+05
9.7173e+05
9.7395e+05
9.7594e+05
9.7771e+05
9.7925e+05
9.8057e+05
9.8166e+05
9.8253e+05
9.8317e+05
9.8359e+05
9.8378e+05
9.8374e+05
9.8348e+05
9.83e+05
9.8229e+05
9.8136e+05
9.802e+05
9.7883e+05
9.7724e+05
9.7542e+05
9.7339e+05
9.7115e+05
9.6869e+05
9.6602e+05
9.6314e+05
9.6005e+05
9.5675e+05
9.5325e+05
9.4955e+05
9.4565e+05
9.4155e+05
9.3726e+05
9.3277e+05
9.281e+05
9.2324e+05
9.182e+05
9.1297e+05
9.0757e+05
9.0199e+05
8.9625e+05
8.9033e+05
8.8425e+05
8.7801e+05
8.7162e+05
8.6507e+05
8.5837e+05
8.5152e+05
8.4453e+05
8.374e+05
8.3014e+05
8.2275e+05
8.1523e+05
8.0758e+05
7.9982e+05
7.9194e+05
7.8396e+05
7.7586e+05
7.6766e+05
7.5937e+05
7.5098e+05
7.4251e+05
7.3394e+05
7.253e+05
7.1658e+05
7.0779e+05
6.9892e+05
6.9e+05
6.8102e+05
6.7198e+05
6.6289e+05
6.5375e+05
6.4457e+05
6.3536e+05
6.2611e+05
6.1683e+05
6.0752e+05
5.982e+05
5.8886e+05
5.795e+05
5.7014e+05
5.6077e+05
5.514e+05
5.4204e+05
5.3268e+05
5.2334e+05
5.1401e+05
5.047e+05
4.9541e+05
4.8615e+05
4.7692e+05
4.6773e+05
4.5857e+05
4.4945e+05
4.4038e+05
4.3135e+05
4.2238e+05
4.1346e+05
4.046e+05
3.958e+05
3.8706e+05
3.7839e+05
3.6979e+05
3.6126e+05
3.5281e+05
3.4444e+05
3.3614e+05
3.2793e+05
3.1981e+05
3.1177e+05
3.0382e+05
2.9597e+05
2.8821e+05
2.8054e+05
2.7298e+05
2.6551e+05
2.5815e+05
2.5089e+05
2.4374e+05
2.3669e+05
2.2975e+05
2.2292e+05
2.1621e+05
2.096e+05
2.0311e+05
1.9673e+05
1.9047e+05
1.8432e+05
1.783e+05
1.7239e+05
1.6659e+05
1.6092e+05
1.5536e+05
1.4993e+05
1.4461e+05
1.3942e+05
1.3435e+05
1.2939e+05
1.2456e+05
1.1985e+05
1.1525e+05
1.1078e+05
1.0643e+05
1.0219e+05
98077
94080
90200
86438
82792
79261
75845
72543
69354
66277
63311
60454
57706
55065
52530
50100
47773
45548
43424
41399
39471
37639
35901
34256
32702
31237
29860
28569
27361
26236
25191
24225
23336
22521
21779
21108
20506
19971
19502
19096
18750
18465
18236
18063
17943
17875
17857
17886
17960
18078
18238
18438
18676
18950
19258
19598
19969
20368
20795
21246
21721
22217
22733
23268
23819
24385
24964
25555
26156
26765
27382
28005
28632
29261
29892
30524
31154
31782
32407
33026
33640
34247
34845
35435
36014
36582
37138
37681
38211
38725
39225
39708
40174
40623
41053
41465
41858
42231
42583
42915
43225
43514
43781
44026
44248
44447
44624
44777
44907
45014
45097
