6.5319e+05
6.5956e+05
6.657e+05
6.7163e+05
6.7733e+05
6.828e+05
6.8803e+05
6.9304e+05
6.978e+05
7.0233e+05
7.0662e+05
7.1067e+05
7.1447e+05
7.1803e+05
7.2134e+05
7.2441e+05
7.2723e+05
7.298e+05
7.3213e+05
7.3422e+05
7.3606e+05
7.3766e+05
7.3902e+05
7.4013e+05
7.4101e+05
7.4165e+05
7.4206e+05
7.4224e+05
7.4218e+05
7.419e+05
7.414e+05
7.4068e+05
7.3974e+05
7.3859e+05
7.3723e+05
7.3566e+05
7.3389e+05
7.3193e+05
7.2978e+05
7.2744e+05
7.2491e+05
7.2222e+05
7.1934e+05
7.1631e+05
7.1311e+05
7.0976e+05
7.0626e+05
7.0261e+05
6.9883e+05
6.9491e+05
6.9087e+05
6.8672e+05
6.8245e+05
6.7807e+05
6.7359e+05
6.6902e+05
6.6437e+05
6.5963e+05
6.5482e+05
6.4995e+05
6.4501e+05
6.4003e+05
6.3499e+05
6.2992e+05
6.2481e+05
6.1968e+05
6.1453e+05
6.0937e+05
6.042e+05
5.9903e+05
5.9386e+05
5.8872e+05
5.8359e+05
5.7849e+05
5.7342e+05
5.6839e+05
5.634e+05
5.5847e+05
5.5359e+05
5.4878e+05
5.4403e+05
5.3936e+05
5.3477e+05
5.3026e+05
5.2584e+05
5.2151e+05
5.1728e+05
5.1316e+05
5.0914e+05
5.0524e+05
5.0145e+05
4.9778e+05
4.9424e+05
4.9083e+05
4.8754e+05
4.8439e+05
4.8137e+05
4.785e+05
4.7576e+05
4.7317e+05
4.7073e+05
4.6844e+05
4.6629e+05
4.643e+05
4.6245e+05
4.6077e+05
4.5923e+05
4.5785e+05
4.5663e+05
4.5556e+05
4.5465e+05
4.5389e+05
4.5329e+05
4.5284e+05
4.5255e+05
4.524e+05
4.5241e+05
4.5256e+05
4.5287e+05
4.5332e+05
4.5391e+05
4.5464e+05
4.5552e+05
4.5653e+05
4.5767e+05
4.5894e+05
4.6034e+05
4.6187e+05
4.6351e+05
4.6527e+05
4.6715e+05
4.6913e+05
4.7122e+05
4.7341e+05
4.757e+05
4.7808e+05
4.8055e+05
4.831e+05
4.8573e+05
4.8844e+05
4.9121e+05
4.9405e+05
4.9695e+05
4.999e+05
5.029e+05
5.0595e+05
5.0903e+05
5.1215e+05
5.153e+05
5.1847e+05
5.2166e+05
5.2486e+05
5.2807e+05
5.3128e+05
5.3449e+05
5.3769e+05
5.4088e+05
5.4404e+05
5.4719e+05
5.503e+05
5.5338e+05
5.5642e+05
5.5942e+05
5.6237e+05
5.6526e+05
5.6809e+05
5.7087e+05
5.7357e+05
5.762e+05
5.7876e+05
5.8123e+05
5.8362e+05
5.8592e+05
5.8812e+05
5.9023e+05
5.9223e+05
5.9414e+05
5.9593e+05
5.9761e+05
5.9918e+05
6.0062e+05
6.0195e+05
6.0315e+05
6.0423e+05
6.0517e+05
6.0599e+05
6.0667e+05
6.0721e+05
6.0762e+05
6.0788e+05
6.0801e+05
6.0798e+05
6.0782e+05
6.0751e+05
6.0705e+05
6.0644e+05
6.0568e+05
6.0477e+05
6.0371e+05
6.025e+05
6.0114e+05
5.9963e+05
5.9797e+05
5.9615e+05
5.9418e+05
5.9207e+05
5.898e+05
5.8739e+05
5.8482e+05
5.8211e+05
5.7926e+05
5.7626e+05
5.7311e+05
5.6983e+05
5.664e+05
5.6284e+05
5.5914e+05
5.553e+05
5.5133e+05
5.4724e+05
5.4301e+05
5.3867e+05
5.3419e+05
5.296e+05
5.249e+05
5.2008e+05
5.1514e+05
5.101e+05
5.0496e+05
4.9971e+05
4.9437e+05
4.8893e+05
4.834e+05
4.7779e+05
4.7209e+05
4.6631e+05
4.6045e+05
4.5453e+05
4.4853e+05
4.4247e+05
4.3635e+05
4.3017e+05
4.2394e+05
4.1767e+05
4.1134e+05
4.0498e+05
3.9859e+05
3.9216e+05
3.8571e+05
3.7923e+05
3.7274e+05
3.6623e+05
3.5971e+05
3.5319e+05
3.4667e+05
3.4015e+05
3.3364e+05
3.2715e+05
3.2067e+05
3.1421e+05
3.0778e+05
3.0138e+05
2.9501e+05
2.8868e+05
2.824e+05
2.7616e+05
2.6998e+05
2.6385e+05
2.5778e+05
2.5178e+05
2.4584e+05
2.3998e+05
2.3419e+05
2.2849e+05
2.2287e+05
2.1733e+05
2.1189e+05
2.0655e+05
2.0131e+05
1.9616e+05
1.9113e+05
1.8621e+05
1.8139e+05
1.767e+05
1.7213e+05
1.6768e+05
1.6336e+05
1.5917e+05
1.5511e+05
1.5118e+05
1.474e+05
1.4376e+05
1.4026e+05
1.3691e+05
1.337e+05
1.3065e+05
1.2776e+05
1.2502e+05
1.2243e+05
1.2001e+05
1.1775e+05
1.1566e+05
1.1373e+05
1.1197e+05
1.1038e+05
1.0896e+05
1.0771e+05
1.0664e+05
1.0574e+05
1.0501e+05
1.0447e+05
1.041e+05
1.0391e+05
1.039e+05
1.0407e+05
1.0442e+05
1.0495e+05
1.0566e+05
1.0655e+05
1.0763e+05
1.0888e+05
1.1032e+05
1.1194e+05
1.1374e+05
1.1572e+05
1.1788e+05
1.2022e+05
1.2274e+05
1.2543e+05
1.2831e+05
1.3136e+05
1.3458e+05
1.3798e+05
1.4156e+05
1.453e+05
1.4921e+05
1.533e+05
1.5755e+05
1.6196e+05
1.6654e+05
1.7128e+05
1.7618e+05
1.8124e+05
1.8645e+05
1.9181e+05
1.9733e+05
2.03e+05
2.0881e+05
2.1476e+05
2.2086e+05
2.2709e+05
2.3346e+05
2.3997e+05
2.466e+05
2.5336e+05
2.6024e+05
2.6725e+05
2.7437e+05
2.8161e+05
2.8896e+05
2.9642e+05
3.0398e+05
3.1165e+05
3.1941e+05
3.2726e+05
3.3521e+05
3.4325e+05
3.5137e+05
3.5957e+05
3.6784e+05
3.7619e+05
3.8461e+05
3.9309e+05
4.0163e+05
4.1023e+05
4.1889e+05
4.2759e+05
4.3634e+05
4.4513e+05
4.5396e+05
4.6282e+05
4.7172e+05
4.8063e+05
4.8958e+05
4.9854e+05
5.0751e+05
5.1649e+05
5.2548e+05
5.3447e+05
5.4346e+05
5.5245e+05
5.6142e+05
5.7038e+05
5.7933e+05
5.8825e+05
5.9715e+05
6.0602e+05
6.1485e+05
6.2365e+05
6.3241e+05
6.4112e+05
6.4979e+05
6.5841e+05
6.6697e+05
6.7547e+05
6.8392e+05
6.9229e+05
7.006e+05
7.0884e+05
7.17e+05
7.2508e+05
7.3308e+05
7.41e+05
7.4883e+05
7.5657e+05
7.6421e+05
7.7176e+05
7.7921e+05
7.8656e+05
7.938e+05
8.0093e+05
8.0796e+05
8.1487e+05
8.2166e+05
8.2834e+05
8.349e+05
8.4134e+05
8.4766e+05
8.5385e+05
8.5991e+05
8.6584e+05
8.7164e+05
8.773e+05
8.8283e+05
8.8823e+05
8.9348e+05
8.986e+05
9.0358e+05
9.0841e+05
9.131e+05
9.1764e+05
9.2204e+05
9.2629e+05
9.304e+05
9.3435e+05
9.3816e+05
9.4181e+05
9.4532e+05
9.4867e+05
9.5187e+05
9.5492e+05
9.5782e+05
9.6056e+05
9.6315e+05
9.6558e+05
9.6787e+05
9.7e+05
9.7197e+05
9.7379e+05
9.7546e+05
9.7697e+05
9.7833e+05
9.7954e+05
9.806e+05
9.8151e+05
9.8226e+05
9.8286e+05
9.8331e+05
9.8362e+05
9.8377e+05
9.8378e+05
9.8364e+05
9.8335e+05
9.8291e+05
9.8234e+05
9.8162e+05
9.8075e+05
9.7975e+05
9.786e+05
9.7732e+05
9.7589e+05
9.7433e+05
9.7264e+05
9.7081e+05
9.6885e+05
9.6675e+05
9.6453e+05
9.6218e+05
9.597e+05
9.5709e+05
9.5436e+05
9.5151e+05
9.4854e+05
9.4545e+05
9.4224e+05
9.3891e+05
9.3547e+05
9.3192e+05
9.2826e+05
9.2448e+05
9.206e+05
9.1662e+05
9.1253e+05
9.0834e+05
9.0404e+05
8.9965e+05
8.9517e+05
8.9059e+05
8.8591e+05
8.8115e+05
8.7629e+05
8.7135e+05
8.6633e+05
8.6122e+05
8.5603e+05
8.5076e+05
8.4541e+05
8.3999e+05
8.3449e+05
8.2893e+05
8.2329e+05
8.1759e+05
8.1182e+05
8.0599e+05
8.001e+05
7.9415e+05
7.8814e+05
7.8207e+05
7.7595e+05
7.6979e+05
7.6357e+05
7.573e+05
7.5099e+05
7.4464e+05
7.3824e+05
7.318e+05
7.2533e+05
7.1882e+05
7.1228e+05
7.0571e+05
6.9911e+05
6.9248e+05
6.8582e+05
6.7914e+05
6.7244e+05
6.6571e+05
6.5897e+05
6.5221e+05
6.4544e+05
6.3866e+05
6.3186e+05
6.2506e+05
6.1824e+05
6.1142e+05
6.046e+05
5.9778e+05
5.9095e+05
5.8413e+05
5.7731e+05
5.7049e+05
5.6368e+05
5.5687e+05
5.5008e+05
5.433e+05
5.3652e+05
5.2977e+05
5.2302e+05
5.163e+05
5.0959e+05
5.029e+05
4.9623e+05
4.8959e+05
4.8296e+05
4.7637e+05
4.698e+05
4.6325e+05
4.5674e+05
4.5025e+05
4.438e+05
4.3738e+05
4.3099e+05
4.2463e+05
4.1831e+05
4.1203e+05
4.0578e+05
3.9957e+05
3.934e+05
3.8728e+05
3.8119e+05
3.7514e+05
3.6914e+05
3.6318e+05
3.5727e+05
3.514e+05
3.4557e+05
3.3979e+05
3.3406e+05
3.2838e+05
3.2275e+05
3.1716e+05
3.1162e+05
3.0614e+05
3.007e+05
2.9532e+05
2.8998e+05
2.847e+05
2.7947e+05
2.743e+05
2.6917e+05
2.641e+05
2.5909e+05
2.5412e+05
2.4922e+05
2.4436e+05
2.3956e+05
2.3482e+05
2.3013e+05
2.2549e+05
2.2091e+05
2.1639e+05
2.1192e+05
2.0751e+05
2.0315e+05
1.9885e+05
1.946e+05
1.9041e+05
1.8627e+05
1.8219e+05
1.7817e+05
1.742e+05
1.7029e+05
1.6643e+05
1.6263e+05
1.5888e+05
1.5518e+05
1.5154e+05
1.4796e+05
1.4443e+05
1.4095e+05
1.3753e+05
1.3416e+05
1.3085e+05
1.2758e+05
1.2437e+05
1.2122e+05
1.1811e+05
1.1506e+05
1.1206e+05
1.0911e+05
1.0621e+05
1.0336e+05
1.0057e+05
97820
95123
92475
89876
87326
84824
82370
79964
77604
75291
73025
70804
68629
66499
64413
62371
60373
58419
56507
54637
52810
51023
49278
47573
45908
44282
42696
41148
39638
38166
36731
35333
33970
32644
31352
30095
28872
27683
26527
25404
24312
23253
22224
21226
20258
19320
18411
17531
16679
15854
15057
14286
13541
12822
12128
11458
10813
10192
9593.3
9017.6
8464.2
7932.4
7421.9
6932.2
6462.7
6013.1
5582.9
5171.5
4778.5
4403.5
4046
3705.6
3381.8
3074.1
2782.1
2505.5
2243.6
1996.2
1762.8
1542.9
1336.2
1142.2
960.49
790.72
632.45
485.3
348.86
222.76
106.6
0
