26514
28483
30721
33229
36004
39046
42350
45914
49733
53802
58116
62666
67447
72449
77665
83084
88697
94493
1.0046e+05
1.0659e+05
1.1286e+05
1.1927e+05
1.2581e+05
1.3245e+05
1.3919e+05
1.46e+05
1.5289e+05
1.5982e+05
1.668e+05
1.7379e+05
1.8079e+05
1.8779e+05
1.9476e+05
2.017e+05
2.0858e+05
2.154e+05
2.2214e+05
2.2878e+05
2.353e+05
2.4171e+05
2.4798e+05
2.541e+05
2.6005e+05
2.6583e+05
2.7142e+05
2.7681e+05
2.82e+05
2.8696e+05
2.9169e+05
2.9618e+05
3.0042e+05
3.0441e+05
3.0813e+05
3.1158e+05
3.1475e+05
3.1764e+05
3.2025e+05
3.2256e+05
3.2458e+05
3.263e+05
3.2772e+05
3.2884e+05
3.2966e+05
3.3018e+05
3.304e+05
3.3032e+05
3.2995e+05
3.2928e+05
3.2833e+05
3.2709e+05
3.2557e+05
3.2378e+05
3.2172e+05
3.1939e+05
3.1682e+05
3.14e+05
3.1094e+05
3.0765e+05
3.0415e+05
3.0044e+05
2.9652e+05
2.9242e+05
2.8814e+05
2.837e+05
2.791e+05
2.7436e+05
2.6949e+05
2.645e+05
2.5941e+05
2.5422e+05
2.4895e+05
2.4361e+05
2.3822e+05
2.3278e+05
2.2732e+05
2.2183e+05
2.1634e+05
2.1086e+05
2.054e+05
1.9997e+05
1.9458e+05
1.8925e+05
1.8398e+05
1.7879e+05
1.7368e+05
1.6867e+05
1.6377e+05
1.5899e+05
1.5433e+05
1.498e+05
1.4542e+05
1.4119e+05
1.3711e+05
1.332e+05
1.2946e+05
1.2589e+05
1.225e+05
1.193e+05
1.1629e+05
1.1347e+05
1.1085e+05
1.0843e+05
1.0621e+05
1.042e+05
1.0239e+05
1.0078e+05
99376
98179
97186
96395
95805
95414
95219
95218
95406
95781
96337
97072
97980
99056
1.0029e+05
1.0169e+05
1.0324e+05
1.0493e+05
1.0676e+05
1.0873e+05
1.1082e+05
1.1303e+05
1.1536e+05
1.1779e+05
1.2032e+05
1.2294e+05
1.2565e+05
1.2843e+05
1.3129e+05
1.3421e+05
1.3719e+05
1.4021e+05
1.4328e+05
1.4639e+05
1.4952e+05
1.5268e+05
1.5585e+05
1.5903e+05
1.6221e+05
1.6538e+05
1.6855e+05
1.717e+05
1.7482e+05
1.7792e+05
1.8098e+05
1.84e+05
1.8697e+05
1.899e+05
1.9277e+05
1.9557e+05
1.9831e+05
2.0099e+05
2.0358e+05
2.061e+05
2.0853e+05
2.1088e+05
2.1313e+05
2.1529e+05
2.1735e+05
2.1931e+05
2.2117e+05
2.2292e+05
2.2456e+05
2.2609e+05
2.275e+05
2.2879e+05
2.2997e+05
2.3102e+05
2.3196e+05
2.3276e+05
2.3344e+05
2.34e+05
2.3443e+05
2.3473e+05
2.3489e+05
2.3493e+05
2.3484e+05
2.3462e+05
2.3427e+05
2.3379e+05
2.3318e+05
2.3244e+05
2.3157e+05
2.3058e+05
2.2946e+05
2.2821e+05
2.2684e+05
2.2535e+05
2.2374e+05
2.2202e+05
2.2017e+05
2.1822e+05
2.1615e+05
2.1398e+05
2.1171e+05
2.0933e+05
2.0685e+05
2.0428e+05
2.0162e+05
1.9888e+05
1.9605e+05
1.9314e+05
1.9016e+05
1.871e+05
1.8399e+05
1.8081e+05
1.7757e+05
1.7428e+05
1.7095e+05
1.6758e+05
1.6416e+05
1.6072e+05
1.5725e+05
1.5376e+05
1.5025e+05
1.4673e+05
1.4321e+05
1.3968e+05
1.3616e+05
1.3264e+05
1.2914e+05
1.2566e+05
1.222e+05
1.1877e+05
1.1537e+05
1.12e+05
1.0868e+05
1.054e+05
1.0216e+05
98979
95851
92779
89768
86820
83936
81120
78373
75697
73093
70561
68104
65722
63414
61181
59023
56940
54930
52992
51126
49331
47604
45943
44348
42816
41344
39930
38572
37267
36013
34806
33644
32524
31443
30398
29387
28406
27452
26524
25619
24733
23865
23013
22174
21346
20529
19719
18917
18120
17328
16541
15757
14977
14200
13427
12659
11895
11138
10387
9645.5
8913.6
8193.5
7487.2
6796.8
6124.5
5472.7
4844
4241.1
3666.5
3123.2
2613.8
2141.4
1708.6
1318.4
973.53
676.67
430.45
237.39
99.849
20.043
0
41.549
146.29
315.6
550.57
852.02
1220.5
1656.2
2159.1
2728.6
3364.1
4064.4
4828
5653
6537.3
7478.3
8473.1
9518.3
10610
11745
12919
14126
15363
16623
17901
19193
20491
21789
23082
24363
25626
26863
28069
29237
30360
31432
32446
33397
34278
35084
35809
36448
36996
37449
37803
38055
38201
38239
38167
37984
37690
37284
36767
36141
35407
34570
33631
32597
31471
30261
28973
27615
26194
24721
23205
21657
20088
18511
16939
15384
13861
12385
10971
9635
8392.7
7261
6257
5398
4701.5
4185.4
3867.5
3765.8
3898.4
4283.2
4938.1
5880.8
7128.6
8698.7
10608
12872
15508
18529
21952
25789
30054
34758
39914
45532
51620
58188
65242
72789
80834
89380
98429
1.0798e+05
1.1804e+05
1.286e+05
1.3966e+05
1.5122e+05
1.6327e+05
1.758e+05
1.888e+05
2.0227e+05
2.1619e+05
2.3055e+05
2.4534e+05
2.6054e+05
2.7614e+05
2.9211e+05
3.0843e+05
3.251e+05
3.4208e+05
3.5935e+05
3.7689e+05
3.9467e+05
4.1268e+05
4.3087e+05
4.4923e+05
4.6772e+05
4.8632e+05
5.05e+05
5.2372e+05
5.4246e+05
5.6119e+05
5.7986e+05
5.9847e+05
6.1696e+05
6.3531e+05
6.5349e+05
6.7146e+05
6.892e+05
7.0667e+05
7.2385e+05
7.4069e+05
7.5718e+05
7.7328e+05
7.8896e+05
8.0419e+05
8.1896e+05
8.3323e+05
8.4697e+05
8.6017e+05
8.728e+05
8.8483e+05
8.9625e+05
9.0704e+05
9.1717e+05
9.2664e+05
9.3542e+05
9.435e+05
9.5087e+05
9.5752e+05
9.6343e+05
9.686e+05
9.7302e+05
9.7669e+05
9.7961e+05
9.8176e+05
9.8315e+05
9.8378e+05
9.8365e+05
9.8277e+05
9.8114e+05
9.7876e+05
9.7565e+05
9.7182e+05
9.6728e+05
9.6203e+05
9.5609e+05
9.4948e+05
9.4221e+05
9.343e+05
9.2577e+05
9.1664e+05
9.0692e+05
8.9664e+05
8.8581e+05
8.7447e+05
8.6264e+05
8.5033e+05
8.3757e+05
8.244e+05
8.1083e+05
7.9688e+05
7.826e+05
7.68e+05
7.531e+05
7.3794e+05
7.2255e+05
7.0694e+05
6.9115e+05
6.752e+05
6.5912e+05
6.4293e+05
6.2667e+05
6.1035e+05
5.94e+05
5.7765e+05
5.6131e+05
5.4502e+05
5.2879e+05
5.1266e+05
4.9662e+05
4.8072e+05
4.6497e+05
4.4938e+05
4.3398e+05
4.1879e+05
4.0381e+05
3.8907e+05
3.7457e+05
3.6035e+05
3.4639e+05
3.3273e+05
3.1936e+05
3.0631e+05
2.9357e+05
2.8116e+05
2.6908e+05
2.5734e+05
2.4594e+05
2.3489e+05
2.242e+05
2.1386e+05
2.0387e+05
1.9425e+05
1.8498e+05
1.7607e+05
1.6751e+05
1.5931e+05
1.5146e+05
1.4396e+05
1.368e+05
1.2998e+05
1.2349e+05
1.1732e+05
1.1148e+05
1.0595e+05
1.0073e+05
95812
91182
86834
82761
78952
75400
72095
69027
66187
63565
61152
58937
56911
55064
53386
51868
50499
49272
48176
47202
46342
45586
44926
44354
43862
43442
43087
42789
42542
42338
42172
42038
41929
41842
41769
41708
41653
41601
41547
41489
41422
41345
41255
41149
41026
40884
40721
40537
40330
40100
39847
39569
39268
38943
38594
38223
37830
37415
36980
36525
36052
35563
35058
34539
34007
33465
32913
32353
31787
31217
30644
30069
29496
28924
28356
27793
27237
26690
26152
25624
25109
24608
24121
23649
23194
22756
22336
21935
21553
21191
20849
20528
20228
19949
19690
19453
19236
19040
18864
18708
18572
18454
18355
18273
18209
18160
18127
18108
18102
18110
18128
18157
18195
18242
18295
18355
18420
18488
18559
18631
18704
18776
18846
18913
18976
19035
19087
19132
19170
19198
19217
19226
19224
19210
19184
19145
19093
19027
18947
18852
18742
18617
18478
18323
18152
17967
17766
17550
17320
17075
16816
16543
16257
15958
15646
15322
14987
