9.8378e+05
9.8008e+05
9.7632e+05
9.725e+05
9.6862e+05
9.6467e+05
9.6067e+05
9.5661e+05
9.5249e+05
9.4832e+05
9.4409e+05
9.398e+05
9.3547e+05
9.3108e+05
9.2665e+05
9.2216e+05
9.1763e+05
9.1305e+05
9.0843e+05
9.0376e+05
8.9905e+05
8.943e+05
8.8951e+05
8.8467e+05
8.798e+05
8.749e+05
8.6995e+05
8.6498e+05
8.5996e+05
8.5492e+05
8.4984e+05
8.4474e+05
8.396e+05
8.3444e+05
8.2925e+05
8.2403e+05
8.1879e+05
8.1353e+05
8.0824e+05
8.0294e+05
7.9761e+05
7.9226e+05
7.8689e+05
7.8151e+05
7.7611e+05
7.707e+05
7.6527e+05
7.5983e+05
7.5437e+05
7.4891e+05
7.4343e+05
7.3795e+05
7.3246e+05
7.2696e+05
7.2145e+05
7.1594e+05
7.1043e+05
7.0491e+05
6.9939e+05
6.9387e+05
6.8835e+05
6.8283e+05
6.7731e+05
6.7179e+05
6.6628e+05
6.6077e+05
6.5526e+05
6.4976e+05
6.4427e+05
6.3878e+05
6.333e+05
6.2783e+05
6.2237e+05
6.1693e+05
6.1149e+05
6.0606e+05
6.0065e+05
5.9525e+05
5.8987e+05
5.845e+05
5.7915e+05
5.7381e+05
5.6849e+05
5.6319e+05
5.579e+05
5.5264e+05
5.474e+05
5.4217e+05
5.3697e+05
5.3179e+05
5.2663e+05
5.215e+05
5.1639e+05
5.113e+05
5.0624e+05
5.012e+05
4.9619e+05
4.9121e+05
4.8625e+05
4.8132e+05
4.7642e+05
4.7155e+05
4.6671e+05
4.6189e+05
4.5711e+05
4.5236e+05
4.4763e+05
4.4294e+05
4.3829e+05
4.3366e+05
4.2906e+05
4.245e+05
4.1998e+05
4.1548e+05
4.1103e+05
4.066e+05
4.0221e+05
3.9786e+05
3.9354e+05
3.8926e+05
3.8501e+05
3.808e+05
3.7663e+05
3.7249e+05
3.684e+05
3.6434e+05
3.6031e+05
3.5633e+05
3.5239e+05
3.4848e+05
3.4461e+05
3.4078e+05
3.3699e+05
3.3324e+05
3.2954e+05
3.2587e+05
3.2224e+05
3.1865e+05
3.151e+05
3.1159e+05
3.0812e+05
3.047e+05
3.0131e+05
2.9797e+05
2.9466e+05
2.914e+05
2.8818e+05
2.85e+05
2.8186e+05
2.7876e+05
2.7571e+05
2.727e+05
2.6973e+05
2.668e+05
2.6391e+05
2.6106e+05
2.5826e+05
2.5549e+05
2.5277e+05
2.5009e+05
2.4746e+05
2.4486e+05
2.4231e+05
2.3979e+05
2.3732e+05
2.349e+05
2.3251e+05
2.3016e+05
2.2786e+05
2.2559e+05
2.2337e+05
2.2119e+05
2.1905e+05
2.1695e+05
2.1489e+05
2.1287e+05
2.1089e+05
2.0896e+05
2.0706e+05
2.052e+05
2.0339e+05
2.0161e+05
1.9987e+05
1.9818e+05
1.9652e+05
1.949e+05
1.9332e+05
1.9178e+05
1.9028e+05
1.8881e+05
1.8739e+05
1.86e+05
1.8465e+05
1.8334e+05
1.8206e+05
1.8083e+05
1.7963e+05
1.7846e+05
1.7734e+05
1.7625e+05
1.7519e+05
1.7417e+05
1.7319e+05
1.7224e+05
1.7133e+05
1.7045e+05
1.6961e+05
1.688e+05
1.6803e+05
1.6729e+05
1.6658e+05
1.659e+05
1.6526e+05
1.6466e+05
1.6408e+05
1.6354e+05
1.6302e+05
1.6254e+05
1.6209e+05
1.6168e+05
1.6129e+05
1.6093e+05
1.6061e+05
1.6031e+05
1.6004e+05
1.598e+05
1.5959e+05
1.5941e+05
1.5926e+05
1.5913e+05
1.5904e+05
1.5896e+05
1.5892e+05
1.589e+05
1.5891e+05
1.5895e+05
1.5901e+05
1.591e+05
1.5921e+05
1.5934e+05
1.595e+05
1.5969e+05
1.5989e+05
1.6013e+05
1.6038e+05
1.6066e+05
1.6095e+05
1.6128e+05
1.6162e+05
1.6198e+05
1.6236e+05
1.6277e+05
1.6319e+05
1.6364e+05
1.641e+05
1.6459e+05
1.6509e+05
1.6561e+05
1.6615e+05
1.6671e+05
1.6728e+05
1.6787e+05
1.6848e+05
1.6911e+05
1.6975e+05
1.704e+05
1.7107e+05
1.7176e+05
1.7246e+05
1.7318e+05
1.7391e+05
1.7465e+05
1.7541e+05
1.7618e+05
1.7696e+05
1.7776e+05
1.7857e+05
1.7939e+05
1.8022e+05
1.8106e+05
1.8191e+05
1.8277e+05
1.8364e+05
1.8453e+05
1.8542e+05
1.8632e+05
1.8723e+05
1.8815e+05
1.8907e+05
1.9001e+05
1.9095e+05
1.919e+05
1.9285e+05
1.9381e+05
1.9478e+05
1.9575e+05
1.9673e+05
1.9772e+05
1.9871e+05
1.997e+05
2.007e+05
2.017e+05
2.0271e+05
2.0372e+05
2.0473e+05
2.0575e+05
2.0677e+05
2.0779e+05
2.0881e+05
2.0983e+05
2.1086e+05
2.1189e+05
2.1291e+05
2.1394e+05
2.1497e+05
2.16e+05
2.1703e+05
2.1806e+05
2.1908e+05
2.2011e+05
2.2113e+05
2.2216e+05
2.2318e+05
2.242e+05
2.2522e+05
2.2623e+05
2.2724e+05
2.2825e+05
2.2926e+05
2.3026e+05
2.3126e+05
2.3225e+05
2.3324e+05
2.3423e+05
2.3521e+05
2.3619e+05
2.3716e+05
2.3812e+05
2.3908e+05
2.4004e+05
2.4099e+05
2.4193e+05
2.4287e+05
2.438e+05
2.4472e+05
2.4564e+05
2.4654e+05
2.4745e+05
2.4834e+05
2.4922e+05
2.501e+05
2.5097e+05
2.5184e+05
2.5269e+05
2.5353e+05
2.5437e+05
2.552e+05
2.5601e+05
2.5682e+05
2.5762e+05
2.5841e+05
2.5919e+05
2.5996e+05
2.6072e+05
2.6147e+05
2.6221e+05
2.6294e+05
2.6366e+05
2.6437e+05
2.6506e+05
2.6575e+05
2.6643e+05
2.6709e+05
2.6774e+05
2.6838e+05
2.6901e+05
2.6963e+05
2.7024e+05
2.7083e+05
2.7141e+05
2.7198e+05
2.7254e+05
2.7309e+05
2.7362e+05
2.7414e+05
2.7465e+05
2.7514e+05
2.7563e+05
2.761e+05
2.7655e+05
2.77e+05
2.7743e+05
2.7785e+05
2.7825e+05
2.7865e+05
2.7903e+05
2.7939e+05
2.7974e+05
2.8008e+05
2.8041e+05
2.8072e+05
2.8102e+05
2.813e+05
2.8157e+05
2.8183e+05
2.8208e+05
2.8231e+05
2.8252e+05
2.8273e+05
2.8291e+05
2.8309e+05
2.8325e+05
2.834e+05
2.8353e+05
2.8365e+05
2.8376e+05
2.8385e+05
2.8393e+05
2.8399e+05
2.8404e+05
2.8408e+05
2.841e+05
2.8411e+05
2.841e+05
2.8408e+05
2.8405e+05
2.84e+05
2.8394e+05
2.8387e+05
2.8378e+05
2.8368e+05
2.8356e+05
2.8343e+05
2.8329e+05
2.8314e+05
2.8296e+05
2.8278e+05
2.8258e+05
2.8237e+05
2.8215e+05
2.8191e+05
2.8166e+05
2.814e+05
2.8112e+05
2.8083e+05
2.8052e+05
2.8021e+05
2.7987e+05
2.7953e+05
2.7918e+05
2.7881e+05
2.7842e+05
2.7803e+05
2.7762e+05
2.772e+05
2.7677e+05
2.7632e+05
2.7587e+05
2.754e+05
2.7491e+05
2.7442e+05
2.7391e+05
2.7339e+05
2.7286e+05
2.7232e+05
2.7176e+05
2.712e+05
2.7062e+05
2.7003e+05
2.6943e+05
2.6882e+05
2.6819e+05
2.6756e+05
2.6691e+05
2.6625e+05
2.6558e+05
2.6491e+05
2.6422e+05
2.6351e+05
2.628e+05
2.6208e+05
2.6135e+05
2.6061e+05
2.5985e+05
2.5909e+05
2.5832e+05
2.5753e+05
2.5674e+05
2.5594e+05
2.5513e+05
2.543e+05
2.5347e+05
2.5263e+05
2.5178e+05
2.5092e+05
2.5006e+05
2.4918e+05
2.4829e+05
2.474e+05
2.465e+05
2.4559e+05
2.4467e+05
2.4374e+05
2.428e+05
2.4186e+05
2.4091e+05
2.3995e+05
2.3898e+05
2.3801e+05
2.3702e+05
2.3603e+05
2.3504e+05
2.3403e+05
2.3302e+05
2.32e+05
2.3098e+05
2.2995e+05
2.2891e+05
2.2787e+05
2.2682e+05
2.2576e+05
2.247e+05
2.2363e+05
2.2255e+05
2.2147e+05
2.2038e+05
2.1929e+05
2.182e+05
2.1709e+05
2.1598e+05
2.1487e+05
2.1375e+05
2.1263e+05
2.115e+05
2.1037e+05
2.0923e+05
2.0809e+05
2.0695e+05
2.058e+05
2.0464e+05
2.0349e+05
2.0232e+05
2.0116e+05
1.9999e+05
1.9882e+05
1.9764e+05
1.9646e+05
1.9528e+05
1.9409e+05
1.929e+05
1.9171e+05
1.9052e+05
1.8932e+05
1.8812e+05
1.8692e+05
1.8572e+05
1.8451e+05
1.833e+05
1.8209e+05
1.8088e+05
1.7966e+05
1.7845e+05
1.7723e+05
1.7601e+05
1.7479e+05
1.7357e+05
1.7234e+05
1.7112e+05
1.6989e+05
1.6866e+05
1.6744e+05
1.6621e+05
1.6498e+05
1.6375e+05
1.6252e+05
1.6129e+05
1.6006e+05
1.5883e+05
1.576e+05
1.5637e+05
1.5514e+05
1.5391e+05
1.5268e+05
1.5145e+05
1.5022e+05
1.4899e+05
1.4776e+05
1.4653e+05
1.453e+05
1.4408e+05
1.4285e+05
1.4163e+05
1.4041e+05
1.3918e+05
1.3796e+05
1.3675e+05
1.3553e+05
1.3431e+05
1.331e+05
1.3188e+05
1.3067e+05
1.2946e+05
1.2826e+05
1.2705e+05
1.2585e+05
1.2465e+05
1.2345e+05
1.2225e+05
1.2106e+05
1.1987e+05
1.1868e+05
1.1749e+05
1.163e+05
1.1512e+05
1.1394e+05
1.1277e+05
1.1159e+05
1.1042e+05
1.0926e+05
1.0809e+05
1.0693e+05
1.0577e+05
1.0462e+05
1.0347e+05
1.0232e+05
1.0117e+05
1.0003e+05
98893
97758
96627
95500
94376
93257
92141
91028
89920
88816
87715
86619
85527
84438
83354
82275
81199
80128
79061
77998
76940
75886
74837
73792
72752
71716
70685
69658
68637
67620
66607
65600
64597
63599
62606
61617
60634
59656
58682
57714
56750
55792
54838
53890
52946
52008
51075
50147
49224
48306
47393
46486
45584
44687
43795
42909
42028
41152
40281
39416
38556
37701
36851
36007
35168
34335
33507
32684
31867
31054
30248
29446
28650
27860
27074
26294
25520
24750
23987
23228
22475
21727
20985
20247
19516
18789
18068
17352
16642
15936
15236
14542
13853
13168
12490
11816
11148
10485
9826.8
9174.1
8526.7
7884.4
7247.3
6615.3
5988.5
5366.8
4750.3
4138.8
3532.4
2931.1
2334.8
1743.6
1157.4
576.22
0
