1.5887e+05
1.6442e+05
1.6999e+05
1.7559e+05
1.8121e+05
1.8684e+05
1.9247e+05
1.9809e+05
2.037e+05
2.0929e+05
2.1485e+05
2.2038e+05
2.2587e+05
2.313e+05
2.3668e+05
2.4199e+05
2.4724e+05
2.524e+05
2.5749e+05
2.6248e+05
2.6738e+05
2.7218e+05
2.7687e+05
2.8145e+05
2.8592e+05
2.9026e+05
2.9447e+05
2.9856e+05
3.0251e+05
3.0632e+05
3.0998e+05
3.135e+05
3.1688e+05
3.201e+05
3.2317e+05
3.2608e+05
3.2883e+05
3.3142e+05
3.3385e+05
3.3613e+05
3.3823e+05
3.4018e+05
3.4196e+05
3.4358e+05
3.4504e+05
3.4633e+05
3.4747e+05
3.4844e+05
3.4926e+05
3.4992e+05
3.5043e+05
3.5079e+05
3.51e+05
3.5106e+05
3.5098e+05
3.5077e+05
3.5041e+05
3.4993e+05
3.4932e+05
3.4858e+05
3.4773e+05
3.4676e+05
3.4568e+05
3.445e+05
3.4321e+05
3.4184e+05
3.4037e+05
3.3882e+05
3.3719e+05
3.3549e+05
3.3372e+05
3.3189e+05
3.3e+05
3.2807e+05
3.2609e+05
3.2407e+05
3.2202e+05
3.1995e+05
3.1785e+05
3.1574e+05
3.1362e+05
3.115e+05
3.0938e+05
3.0726e+05
3.0516e+05
3.0308e+05
3.0103e+05
2.99e+05
2.9701e+05
2.9506e+05
2.9316e+05
2.913e+05
2.8949e+05
2.8775e+05
2.8607e+05
2.8445e+05
2.829e+05
2.8143e+05
2.8003e+05
2.7871e+05
2.7748e+05
2.7633e+05
2.7528e+05
2.7431e+05
2.7344e+05
2.7266e+05
2.7197e+05
2.7139e+05
2.7091e+05
2.7052e+05
2.7024e+05
2.7006e+05
2.6998e+05
2.7001e+05
2.7013e+05
2.7036e+05
2.7069e+05
2.7112e+05
2.7165e+05
2.7228e+05
2.73e+05
2.7382e+05
2.7473e+05
2.7573e+05
2.7683e+05
2.7801e+05
2.7927e+05
2.8061e+05
2.8204e+05
2.8354e+05
2.8511e+05
2.8675e+05
2.8845e+05
2.9022e+05
2.9204e+05
2.9392e+05
2.9585e+05
2.9783e+05
2.9984e+05
3.019e+05
3.0399e+05
3.0611e+05
3.0825e+05
3.1041e+05
3.1259e+05
3.1479e+05
3.1698e+05
3.1919e+05
3.2139e+05
3.2358e+05
3.2576e+05
3.2793e+05
3.3008e+05
3.3221e+05
3.343e+05
3.3637e+05
3.384e+05
3.4039e+05
3.4233e+05
3.4423e+05
3.4607e+05
3.4786e+05
3.4959e+05
3.5125e+05
3.5286e+05
3.5439e+05
3.5585e+05
3.5723e+05
3.5854e+05
3.5976e+05
3.609e+05
3.6196e+05
3.6293e+05
3.6381e+05
3.646e+05
3.6529e+05
3.6589e+05
3.6639e+05
3.668e+05
3.6711e+05
3.6731e+05
3.6742e+05
3.6743e+05
3.6733e+05
3.6714e+05
3.6684e+05
3.6644e+05
3.6594e+05
3.6534e+05
3.6464e+05
3.6384e+05
3.6294e+05
3.6194e+05
3.6085e+05
3.5966e+05
3.5838e+05
3.57e+05
3.5554e+05
3.5399e+05
3.5235e+05
3.5062e+05
3.4882e+05
3.4693e+05
3.4496e+05
3.4292e+05
3.4081e+05
3.3862e+05
3.3637e+05
3.3405e+05
3.3167e+05
3.2923e+05
3.2674e+05
3.2419e+05
3.2159e+05
3.1894e+05
3.1625e+05
3.1351e+05
3.1074e+05
3.0793e+05
3.0508e+05
3.0221e+05
2.9931e+05
2.9639e+05
2.9345e+05
2.9048e+05
2.8751e+05
2.8452e+05
2.8152e+05
2.7852e+05
2.7551e+05
2.725e+05
2.6949e+05
2.6648e+05
2.6348e+05
2.6049e+05
2.5751e+05
2.5454e+05
2.5159e+05
2.4865e+05
2.4573e+05
2.4283e+05
2.3996e+05
2.3711e+05
2.3428e+05
2.3148e+05
2.2871e+05
2.2596e+05
2.2325e+05
2.2057e+05
2.1791e+05
2.153e+05
2.1271e+05
2.1016e+05
2.0764e+05
2.0515e+05
2.027e+05
2.0029e+05
1.979e+05
1.9555e+05
1.9324e+05
1.9096e+05
1.8871e+05
1.865e+05
1.8431e+05
1.8216e+05
1.8004e+05
1.7795e+05
1.7588e+05
1.7384e+05
1.7183e+05
1.6985e+05
1.6789e+05
1.6595e+05
1.6403e+05
1.6214e+05
1.6026e+05
1.584e+05
1.5655e+05
1.5472e+05
1.529e+05
1.511e+05
1.493e+05
1.4751e+05
1.4573e+05
1.4395e+05
1.4217e+05
1.404e+05
1.3862e+05
1.3685e+05
1.3507e+05
1.3329e+05
1.315e+05
1.297e+05
1.279e+05
1.2609e+05
1.2426e+05
1.2243e+05
1.2058e+05
1.1871e+05
1.1683e+05
1.1494e+05
1.1302e+05
1.111e+05
1.0915e+05
1.0718e+05
1.0519e+05
1.0319e+05
1.0116e+05
99120
97056
94972
92868
90746
88604
86445
84268
82074
79864
77640
75402
73152
70891
68620
66342
64057
61769
59478
57187
54898
52614
50336
48068
45812
43571
41348
39145
36966
34814
32691
30602
28550
26538
24570
22648
20778
18962
17205
15509
13880
12321
10835
9427.2
8100.9
6860.3
5709.3
4652
3692.2
2834
2081.3
1438
908.22
495.67
204.25
37.772
0
94.644
325.36
695.73
1209.3
1869.4
2679.6
3643
4762.8
6042.2
7484.2
9091.5
10867
12813
14933
17229
19702
22356
25192
28213
31419
34812
38395
42168
46132
50288
54637
59180
63917
68849
73975
79296
84811
90520
96423
1.0252e+05
1.0881e+05
1.1528e+05
1.2195e+05
1.288e+05
1.3585e+05
1.4307e+05
1.5048e+05
1.5807e+05
1.6583e+05
1.7378e+05
1.8189e+05
1.9017e+05
1.9863e+05
2.0724e+05
2.1602e+05
2.2495e+05
2.3403e+05
2.4327e+05
2.5265e+05
2.6217e+05
2.7183e+05
2.8162e+05
2.9153e+05
3.0157e+05
3.1173e+05
3.2201e+05
3.3239e+05
3.4287e+05
3.5345e+05
3.6412e+05
3.7488e+05
3.8572e+05
3.9663e+05
4.0762e+05
4.1866e+05
4.2976e+05
4.4092e+05
4.5212e+05
4.6335e+05
4.7462e+05
4.8592e+05
4.9723e+05
5.0856e+05
5.1989e+05
5.3122e+05
5.4254e+05
5.5385e+05
5.6514e+05
5.7641e+05
5.8764e+05
5.9882e+05
6.0997e+05
6.2105e+05
6.3208e+05
6.4304e+05
6.5393e+05
6.6473e+05
6.7545e+05
6.8608e+05
6.966e+05
7.0702e+05
7.1733e+05
7.2752e+05
7.3759e+05
7.4752e+05
7.5732e+05
7.6697e+05
7.7648e+05
7.8583e+05
7.9502e+05
8.0405e+05
8.129e+05
8.2158e+05
8.3008e+05
8.3839e+05
8.4651e+05
8.5443e+05
8.6215e+05
8.6967e+05
8.7698e+05
8.8407e+05
8.9094e+05
8.976e+05
9.0403e+05
9.1022e+05
9.1619e+05
9.2192e+05
9.2741e+05
9.3266e+05
9.3766e+05
9.4242e+05
9.4692e+05
9.5118e+05
9.5518e+05
9.5892e+05
9.624e+05
9.6563e+05
9.6859e+05
9.713e+05
9.7374e+05
9.7591e+05
9.7782e+05
9.7947e+05
9.8085e+05
9.8197e+05
9.8282e+05
9.834e+05
9.8372e+05
9.8378e+05
9.8357e+05
9.831e+05
9.8237e+05
9.8138e+05
9.8013e+05
9.7862e+05
9.7686e+05
9.7485e+05
9.7258e+05
9.7007e+05
9.6731e+05
9.643e+05
9.6105e+05
9.5757e+05
9.5385e+05
9.499e+05
9.4572e+05
9.4131e+05
9.3668e+05
9.3184e+05
9.2677e+05
9.215e+05
9.1602e+05
9.1034e+05
9.0446e+05
8.9839e+05
8.9212e+05
8.8567e+05
8.7904e+05
8.7223e+05
8.6526e+05
8.5811e+05
8.508e+05
8.4334e+05
8.3573e+05
8.2796e+05
8.2006e+05
8.1202e+05
8.0385e+05
7.9555e+05
7.8713e+05
7.786e+05
7.6996e+05
7.6121e+05
7.5236e+05
7.4342e+05
7.3439e+05
7.2527e+05
7.1608e+05
7.0681e+05
6.9748e+05
6.8809e+05
6.7863e+05
6.6913e+05
6.5958e+05
6.4999e+05
6.4037e+05
6.3071e+05
6.2103e+05
6.1133e+05
6.0161e+05
5.9188e+05
5.8215e+05
5.7242e+05
5.6269e+05
5.5297e+05
5.4326e+05
5.3358e+05
5.2391e+05
5.1428e+05
5.0467e+05
4.951e+05
4.8557e+05
4.7609e+05
4.6665e+05
4.5727e+05
4.4794e+05
4.3867e+05
4.2947e+05
4.2033e+05
4.1126e+05
4.0227e+05
3.9336e+05
3.8452e+05
3.7577e+05
3.6711e+05
3.5853e+05
3.5005e+05
3.4166e+05
3.3337e+05
3.2518e+05
3.1709e+05
3.0911e+05
3.0123e+05
2.9346e+05
2.858e+05
2.7825e+05
2.7082e+05
2.635e+05
2.563e+05
2.4921e+05
2.4225e+05
2.354e+05
2.2868e+05
2.2208e+05
2.156e+05
2.0925e+05
2.0302e+05
1.9691e+05
1.9093e+05
1.8508e+05
1.7935e+05
1.7375e+05
1.6827e+05
1.6292e+05
1.5769e+05
1.526e+05
1.4762e+05
1.4277e+05
1.3805e+05
1.3344e+05
1.2897e+05
1.2461e+05
1.2037e+05
1.1626e+05
1.1227e+05
1.0839e+05
1.0463e+05
1.0099e+05
97460
94047
90746
87555
84475
81503
78637
75876
73218
70662
68206
65849
63587
61420
59346
57363
55468
53660
51938
50298
48739
47260
45857
44529
43274
42090
40975
39927
38943
38022
37161
36359
35613
34922
34283
33695
33154
32661
32212
31805
31439
31111
30820
30564
30341
30149
29987
29852
29743
29659
29597
29556
29534
29530
29542
29568
29608
29660
29722
29793
29871
29956
30046
30140
30237
30335
30433
30532
30628
30722
30813
30899
30980
31054
31122
31183
31235
31278
31311
31335
31347
31349
31338
31316
31281
31233
31171
31097
31008
30905
30788
30657
30511
30351
30175
29985
29781
29561
29327
29078
28814
28536
28243
27937
