7.1249e+05
7.174e+05
7.2219e+05
7.2688e+05
7.3146e+05
7.3595e+05
7.4035e+05
7.4467e+05
7.4892e+05
7.5311e+05
7.5724e+05
7.6132e+05
7.6536e+05
7.6936e+05
7.7333e+05
7.7727e+05
7.812e+05
7.851e+05
7.8899e+05
7.9288e+05
7.9676e+05
8.0063e+05
8.0451e+05
8.0839e+05
8.1227e+05
8.1616e+05
8.2005e+05
8.2395e+05
8.2786e+05
8.3177e+05
8.3569e+05
8.3962e+05
8.4355e+05
8.4748e+05
8.5141e+05
8.5535e+05
8.5928e+05
8.6321e+05
8.6712e+05
8.7103e+05
8.7493e+05
8.7881e+05
8.8266e+05
8.865e+05
8.9031e+05
8.9409e+05
8.9783e+05
9.0154e+05
9.052e+05
9.0882e+05
9.124e+05
9.1592e+05
9.1938e+05
9.2279e+05
9.2613e+05
9.2941e+05
9.3261e+05
9.3574e+05
9.388e+05
9.4177e+05
9.4466e+05
9.4747e+05
9.5019e+05
9.5281e+05
9.5535e+05
9.5778e+05
9.6012e+05
9.6235e+05
9.6449e+05
9.6651e+05
9.6843e+05
9.7025e+05
9.7195e+05
9.7354e+05
9.7502e+05
9.7639e+05
9.7764e+05
9.7878e+05
9.798e+05
9.807e+05
9.8149e+05
9.8216e+05
9.8272e+05
9.8316e+05
9.8348e+05
9.8369e+05
9.8378e+05
9.8375e+05
9.8361e+05
9.8335e+05
9.8299e+05
9.825e+05
9.8191e+05
9.812e+05
9.8039e+05
9.7946e+05
9.7843e+05
9.7729e+05
9.7605e+05
9.747e+05
9.7325e+05
9.7169e+05
9.7004e+05
9.6829e+05
9.6644e+05
9.6449e+05
9.6245e+05
9.6032e+05
9.581e+05
9.5579e+05
9.5339e+05
9.509e+05
9.4833e+05
9.4568e+05
9.4294e+05
9.4013e+05
9.3724e+05
9.3427e+05
9.3123e+05
9.2811e+05
9.2492e+05
9.2167e+05
9.1834e+05
9.1495e+05
9.115e+05
9.0798e+05
9.044e+05
9.0076e+05
8.9706e+05
8.9331e+05
8.8949e+05
8.8563e+05
8.8171e+05
8.7775e+05
8.7373e+05
8.6967e+05
8.6556e+05
8.614e+05
8.572e+05
8.5296e+05
8.4868e+05
8.4436e+05
8.4001e+05
8.3561e+05
8.3118e+05
8.2672e+05
8.2222e+05
8.177e+05
8.1314e+05
8.0856e+05
8.0395e+05
7.9931e+05
7.9465e+05
7.8996e+05
7.8525e+05
7.8052e+05
7.7577e+05
7.71e+05
7.6622e+05
7.6142e+05
7.566e+05
7.5177e+05
7.4692e+05
7.4207e+05
7.372e+05
7.3232e+05
7.2744e+05
7.2255e+05
7.1765e+05
7.1275e+05
7.0784e+05
7.0293e+05
6.9802e+05
6.9311e+05
6.882e+05
6.8329e+05
6.7838e+05
6.7348e+05
6.6858e+05
6.6369e+05
6.588e+05
6.5392e+05
6.4906e+05
6.442e+05
6.3936e+05
6.3452e+05
6.297e+05
6.249e+05
6.2011e+05
6.1534e+05
6.1059e+05
6.0586e+05
6.0115e+05
5.9646e+05
5.9179e+05
5.8715e+05
5.8253e+05
5.7794e+05
5.7338e+05
5.6885e+05
5.6434e+05
5.5987e+05
5.5542e+05
5.5102e+05
5.4664e+05
5.423e+05
5.38e+05
5.3374e+05
5.2951e+05
5.2532e+05
5.2118e+05
5.1707e+05
5.1301e+05
5.09e+05
5.0503e+05
5.011e+05
4.9723e+05
4.934e+05
4.8962e+05
4.8589e+05
4.8221e+05
4.7858e+05
4.7501e+05
4.7149e+05
4.6802e+05
4.6462e+05
4.6126e+05
4.5797e+05
4.5473e+05
4.5156e+05
4.4844e+05
4.4538e+05
4.4239e+05
4.3946e+05
4.3659e+05
4.3378e+05
4.3104e+05
4.2836e+05
4.2575e+05
4.232e+05
4.2072e+05
4.1831e+05
4.1597e+05
4.1369e+05
4.1148e+05
4.0934e+05
4.0727e+05
4.0527e+05
4.0334e+05
4.0148e+05
3.9969e+05
3.9798e+05
3.9633e+05
3.9475e+05
3.9325e+05
3.9182e+05
3.9046e+05
3.8917e+05
3.8795e+05
3.8681e+05
3.8573e+05
3.8473e+05
3.838e+05
3.8295e+05
3.8216e+05
3.8145e+05
3.808e+05
3.8023e+05
3.7973e+05
3.793e+05
3.7894e+05
3.7865e+05
3.7843e+05
3.7828e+05
3.7819e+05
3.7818e+05
3.7823e+05
3.7835e+05
3.7854e+05
3.788e+05
3.7912e+05
3.795e+05
3.7995e+05
3.8046e+05
3.8104e+05
3.8168e+05
3.8238e+05
3.8314e+05
3.8396e+05
3.8485e+05
3.8579e+05
3.8679e+05
3.8784e+05
3.8896e+05
3.9012e+05
3.9135e+05
3.9262e+05
3.9395e+05
3.9534e+05
3.9677e+05
3.9825e+05
3.9979e+05
4.0137e+05
4.03e+05
4.0467e+05
4.064e+05
4.0816e+05
4.0998e+05
4.1183e+05
4.1373e+05
4.1567e+05
4.1765e+05
4.1967e+05
4.2172e+05
4.2382e+05
4.2595e+05
4.2812e+05
4.3033e+05
4.3257e+05
4.3485e+05
4.3716e+05
4.395e+05
4.4187e+05
4.4428e+05
4.4672e+05
4.4918e+05
4.5168e+05
4.542e+05
4.5676e+05
4.5934e+05
4.6195e+05
4.6458e+05
4.6724e+05
4.6993e+05
4.7264e+05
4.7538e+05
4.7814e+05
4.8092e+05
4.8373e+05
4.8657e+05
4.8942e+05
4.923e+05
4.952e+05
4.9812e+05
5.0106e+05
5.0402e+05
5.0701e+05
5.1001e+05
5.1304e+05
5.1608e+05
5.1915e+05
5.2223e+05
5.2533e+05
5.2845e+05
5.3159e+05
5.3474e+05
5.3792e+05
5.4111e+05
5.4431e+05
5.4754e+05
5.5077e+05
5.5403e+05
5.573e+05
5.6058e+05
5.6388e+05
5.6719e+05
5.7051e+05
5.7384e+05
5.7719e+05
5.8055e+05
5.8392e+05
5.8729e+05
5.9068e+05
5.9407e+05
5.9747e+05
6.0088e+05
6.0429e+05
6.077e+05
6.1112e+05
6.1455e+05
6.1797e+05
6.2139e+05
6.2482e+05
6.2824e+05
6.3165e+05
6.3507e+05
6.3847e+05
6.4188e+05
6.4527e+05
6.4865e+05
6.5202e+05
6.5538e+05
6.5873e+05
6.6206e+05
6.6538e+05
6.6868e+05
6.7195e+05
6.7521e+05
6.7845e+05
6.8166e+05
6.8484e+05
6.88e+05
6.9113e+05
6.9423e+05
6.973e+05
7.0034e+05
7.0334e+05
7.063e+05
7.0923e+05
7.1212e+05
7.1496e+05
7.1777e+05
7.2053e+05
7.2325e+05
7.2592e+05
7.2854e+05
7.3112e+05
7.3364e+05
7.3611e+05
7.3853e+05
7.409e+05
7.4321e+05
7.4546e+05
7.4766e+05
7.498e+05
7.5188e+05
7.539e+05
7.5586e+05
7.5776e+05
7.5959e+05
7.6137e+05
7.6307e+05
7.6472e+05
7.663e+05
7.6781e+05
7.6926e+05
7.7064e+05
7.7196e+05
7.7321e+05
7.7439e+05
7.755e+05
7.7655e+05
7.7753e+05
7.7845e+05
7.7929e+05
7.8007e+05
7.8079e+05
7.8144e+05
7.8202e+05
7.8253e+05
7.8299e+05
7.8337e+05
7.837e+05
7.8395e+05
7.8415e+05
7.8428e+05
7.8436e+05
7.8437e+05
7.8432e+05
7.8421e+05
7.8404e+05
7.8382e+05
7.8354e+05
7.832e+05
7.8281e+05
7.8236e+05
7.8186e+05
7.813e+05
7.807e+05
7.8005e+05
7.7934e+05
7.7859e+05
7.7779e+05
7.7694e+05
7.7605e+05
7.7512e+05
7.7414e+05
7.7311e+05
7.7205e+05
7.7095e+05
7.698e+05
7.6862e+05
7.674e+05
7.6615e+05
7.6486e+05
7.6353e+05
7.6217e+05
7.6077e+05
7.5935e+05
7.5789e+05
7.564e+05
7.5488e+05
7.5333e+05
7.5176e+05
7.5015e+05
7.4852e+05
7.4686e+05
7.4517e+05
7.4346e+05
7.4172e+05
7.3996e+05
7.3818e+05
7.3637e+05
7.3453e+05
7.3268e+05
7.308e+05
7.289e+05
7.2697e+05
7.2503e+05
7.2306e+05
7.2107e+05
7.1906e+05
7.1703e+05
7.1498e+05
7.1291e+05
7.1081e+05
7.087e+05
7.0656e+05
7.044e+05
7.0223e+05
7.0003e+05
6.9781e+05
6.9557e+05
6.9331e+05
6.9103e+05
6.8873e+05
6.864e+05
6.8406e+05
6.8169e+05
6.793e+05
6.769e+05
6.7446e+05
6.7201e+05
6.6954e+05
6.6704e+05
6.6452e+05
6.6198e+05
6.5942e+05
6.5683e+05
6.5422e+05
6.5159e+05
6.4893e+05
6.4626e+05
6.4355e+05
6.4083e+05
6.3808e+05
6.3531e+05
6.3252e+05
6.297e+05
6.2686e+05
6.2399e+05
6.211e+05
6.1819e+05
6.1526e+05
6.123e+05
6.0932e+05
6.0631e+05
6.0328e+05
6.0023e+05
5.9715e+05
5.9406e+05
5.9094e+05
5.8779e+05
5.8463e+05
5.8144e+05
5.7823e+05
5.75e+05
5.7174e+05
5.6847e+05
5.6517e+05
5.6185e+05
5.5852e+05
5.5516e+05
5.5178e+05
5.4838e+05
5.4496e+05
5.4153e+05
5.3807e+05
5.346e+05
5.3111e+05
5.276e+05
5.2408e+05
5.2054e+05
5.1698e+05
5.1341e+05
5.0982e+05
5.0622e+05
5.026e+05
4.9897e+05
4.9532e+05
4.9167e+05
4.88e+05
4.8432e+05
4.8062e+05
4.7692e+05
4.732e+05
4.6948e+05
4.6575e+05
4.62e+05
4.5825e+05
4.5449e+05
4.5073e+05
4.4695e+05
4.4317e+05
4.3939e+05
4.356e+05
4.318e+05
4.28e+05
4.242e+05
4.204e+05
4.1659e+05
4.1277e+05
4.0896e+05
4.0515e+05
4.0133e+05
3.9752e+05
3.937e+05
3.8989e+05
3.8607e+05
3.8226e+05
3.7845e+05
3.7465e+05
3.7084e+05
3.6704e+05
3.6324e+05
3.5945e+05
3.5566e+05
3.5188e+05
3.481e+05
3.4433e+05
3.4057e+05
3.3681e+05
3.3306e+05
3.2931e+05
3.2558e+05
3.2185e+05
3.1813e+05
3.1442e+05
3.1071e+05
3.0702e+05
3.0334e+05
2.9966e+05
2.96e+05
2.9235e+05
2.887e+05
2.8507e+05
2.8145e+05
2.7784e+05
2.7425e+05
2.7066e+05
2.6709e+05
2.6353e+05
2.5998e+05
2.5644e+05
2.5292e+05
2.4941e+05
2.4591e+05
2.4243e+05
2.3896e+05
2.355e+05
2.3205e+05
2.2862e+05
2.2521e+05
2.218e+05
2.1841e+05
2.1504e+05
2.1168e+05
2.0833e+05
2.0499e+05
2.0167e+05
1.9837e+05
1.9508e+05
1.918e+05
1.8854e+05
1.8529e+05
1.8205e+05
1.7883e+05
1.7563e+05
1.7243e+05
1.6925e+05
1.6609e+05
1.6294e+05
1.598e+05
1.5668e+05
1.5357e+05
1.5048e+05
1.474e+05
1.4433e+05
1.4128e+05
1.3824e+05
1.3521e+05
1.322e+05
1.292e+05
1.2622e+05
1.2325e+05
1.2029e+05
1.1735e+05
1.1442e+05
1.1151e+05
1.0861e+05
1.0572e+05
1.0284e+05
99982
97135
94302
91483
88678
85886
83108
80345
77595
74859
72138
69431
66738
64060
61397
58748
56114
53494
50890
48302
45728
43170
40628
38102
35592
33098
30620
28159
25715
23288
20878
18485
16111
13754
11415
9094.4
6792.4
4509.2
2245
0
