9.8378e+05
9.7987e+05
9.7588e+05
9.7183e+05
9.6771e+05
9.6352e+05
9.5927e+05
9.5495e+05
9.5057e+05
9.4612e+05
9.4161e+05
9.3705e+05
9.3242e+05
9.2774e+05
9.23e+05
9.182e+05
9.1336e+05
9.0845e+05
9.035e+05
8.985e+05
8.9345e+05
8.8835e+05
8.8321e+05
8.7802e+05
8.7279e+05
8.6751e+05
8.622e+05
8.5684e+05
8.5145e+05
8.4601e+05
8.4055e+05
8.3504e+05
8.2951e+05
8.2394e+05
8.1834e+05
8.127e+05
8.0704e+05
8.0136e+05
7.9564e+05
7.899e+05
7.8414e+05
7.7835e+05
7.7254e+05
7.6671e+05
7.6086e+05
7.5499e+05
7.4911e+05
7.432e+05
7.3729e+05
7.3136e+05
7.2541e+05
7.1946e+05
7.1349e+05
7.0751e+05
7.0153e+05
6.9554e+05
6.8954e+05
6.8353e+05
6.7752e+05
6.7151e+05
6.655e+05
6.5948e+05
6.5347e+05
6.4745e+05
6.4144e+05
6.3543e+05
6.2942e+05
6.2341e+05
6.1742e+05
6.1142e+05
6.0544e+05
5.9946e+05
5.9349e+05
5.8754e+05
5.8159e+05
5.7565e+05
5.6973e+05
5.6382e+05
5.5792e+05
5.5204e+05
5.4618e+05
5.4033e+05
5.345e+05
5.2869e+05
5.2289e+05
5.1712e+05
5.1136e+05
5.0563e+05
4.9992e+05
4.9423e+05
4.8856e+05
4.8292e+05
4.773e+05
4.7171e+05
4.6614e+05
4.606e+05
4.5509e+05
4.496e+05
4.4415e+05
4.3872e+05
4.3332e+05
4.2795e+05
4.2261e+05
4.1731e+05
4.1203e+05
4.0679e+05
4.0158e+05
3.964e+05
3.9126e+05
3.8615e+05
3.8108e+05
3.7604e+05
3.7103e+05
3.6607e+05
3.6113e+05
3.5624e+05
3.5138e+05
3.4656e+05
3.4178e+05
3.3704e+05
3.3234e+05
3.2767e+05
3.2305e+05
3.1846e+05
3.1391e+05
3.0941e+05
3.0494e+05
3.0052e+05
2.9614e+05
2.918e+05
2.875e+05
2.8324e+05
2.7903e+05
2.7486e+05
2.7073e+05
2.6664e+05
2.626e+05
2.586e+05
2.5464e+05
2.5073e+05
2.4686e+05
2.4303e+05
2.3925e+05
2.3552e+05
2.3183e+05
2.2818e+05
2.2458e+05
2.2102e+05
2.175e+05
2.1404e+05
2.1061e+05
2.0723e+05
2.039e+05
2.0061e+05
1.9737e+05
1.9417e+05
1.9102e+05
1.8791e+05
1.8485e+05
1.8183e+05
1.7886e+05
1.7594e+05
1.7306e+05
1.7022e+05
1.6743e+05
1.6469e+05
1.6199e+05
1.5933e+05
1.5672e+05
1.5416e+05
1.5163e+05
1.4916e+05
1.4673e+05
1.4434e+05
1.42e+05
1.397e+05
1.3745e+05
1.3524e+05
1.3307e+05
1.3095e+05
1.2887e+05
1.2684e+05
1.2485e+05
1.229e+05
1.2099e+05
1.1913e+05
1.1731e+05
1.1554e+05
1.138e+05
1.1211e+05
1.1046e+05
1.0885e+05
1.0728e+05
1.0576e+05
1.0428e+05
1.0283e+05
1.0143e+05
1.0007e+05
98746
97465
96223
95021
93858
92734
91650
90603
89595
88626
87694
86799
85942
85122
84338
83591
82880
82205
81565
80961
80392
79858
79357
78891
78459
78060
77695
77362
77062
76794
76558
76354
76181
76039
75927
75846
75795
75774
75782
75819
75884
75978
76100
76250
76427
76632
76862
77120
77403
77712
78046
78406
78789
79198
79630
80086
80565
81068
81593
82140
82709
83300
83912
84545
85198
85872
86566
87279
88012
88763
89533
90322
91128
91951
92792
93650
94524
95415
96321
97243
98181
99133
1.001e+05
1.0108e+05
1.0208e+05
1.0308e+05
1.0411e+05
1.0514e+05
1.0619e+05
1.0725e+05
1.0832e+05
1.094e+05
1.105e+05
1.116e+05
1.1272e+05
1.1384e+05
1.1498e+05
1.1613e+05
1.1728e+05
1.1845e+05
1.1962e+05
1.208e+05
1.2199e+05
1.2319e+05
1.244e+05
1.2561e+05
1.2683e+05
1.2806e+05
1.2929e+05
1.3053e+05
1.3178e+05
1.3303e+05
1.3428e+05
1.3554e+05
1.3681e+05
1.3808e+05
1.3936e+05
1.4063e+05
1.4192e+05
1.432e+05
1.4449e+05
1.4578e+05
1.4707e+05
1.4837e+05
1.4967e+05
1.5097e+05
1.5227e+05
1.5357e+05
1.5487e+05
1.5617e+05
1.5748e+05
1.5878e+05
1.6009e+05
1.6139e+05
1.6269e+05
1.6399e+05
1.6529e+05
1.6659e+05
1.6789e+05
1.6919e+05
1.7048e+05
1.7178e+05
1.7306e+05
1.7435e+05
1.7564e+05
1.7692e+05
1.7819e+05
1.7947e+05
1.8074e+05
1.82e+05
1.8326e+05
1.8452e+05
1.8577e+05
1.8702e+05
1.8827e+05
1.895e+05
1.9073e+05
1.9196e+05
1.9318e+05
1.944e+05
1.956e+05
1.9681e+05
1.98e+05
1.9919e+05
2.0037e+05
2.0155e+05
2.0271e+05
2.0387e+05
2.0502e+05
2.0617e+05
2.073e+05
2.0843e+05
2.0955e+05
2.1066e+05
2.1176e+05
2.1286e+05
2.1394e+05
2.1502e+05
2.1609e+05
2.1714e+05
2.1819e+05
2.1923e+05
2.2026e+05
2.2127e+05
2.2228e+05
2.2328e+05
2.2427e+05
2.2524e+05
2.2621e+05
2.2717e+05
2.2811e+05
2.2904e+05
2.2997e+05
2.3088e+05
2.3178e+05
2.3267e+05
2.3354e+05
2.3441e+05
2.3526e+05
2.3611e+05
2.3694e+05
2.3775e+05
2.3856e+05
2.3935e+05
2.4013e+05
2.409e+05
2.4166e+05
2.424e+05
2.4313e+05
2.4385e+05
2.4456e+05
2.4525e+05
2.4593e+05
2.466e+05
2.4725e+05
2.4789e+05
2.4852e+05
2.4913e+05
2.4973e+05
2.5032e+05
2.5089e+05
2.5145e+05
2.52e+05
2.5253e+05
2.5305e+05
2.5356e+05
2.5405e+05
2.5452e+05
2.5499e+05
2.5544e+05
2.5587e+05
2.563e+05
2.567e+05
2.571e+05
2.5748e+05
2.5784e+05
2.5819e+05
2.5853e+05
2.5885e+05
2.5916e+05
2.5946e+05
2.5974e+05
2.6e+05
2.6025e+05
2.6049e+05
2.6072e+05
2.6092e+05
2.6112e+05
2.613e+05
2.6146e+05
2.6162e+05
2.6175e+05
2.6188e+05
2.6199e+05
2.6208e+05
2.6216e+05
2.6223e+05
2.6228e+05
2.6231e+05
2.6234e+05
2.6235e+05
2.6234e+05
2.6232e+05
2.6229e+05
2.6224e+05
2.6218e+05
2.621e+05
2.6201e+05
2.6191e+05
2.6179e+05
2.6166e+05
2.6151e+05
2.6135e+05
2.6118e+05
2.6099e+05
2.6079e+05
2.6057e+05
2.6034e+05
2.601e+05
2.5984e+05
2.5957e+05
2.5929e+05
2.5899e+05
2.5868e+05
2.5836e+05
2.5802e+05
2.5767e+05
2.5731e+05
2.5693e+05
2.5654e+05
2.5614e+05
2.5573e+05
2.553e+05
2.5486e+05
2.544e+05
2.5393e+05
2.5346e+05
2.5296e+05
2.5246e+05
2.5194e+05
2.5141e+05
2.5087e+05
2.5032e+05
2.4975e+05
2.4917e+05
2.4858e+05
2.4798e+05
2.4737e+05
2.4674e+05
2.461e+05
2.4546e+05
2.448e+05
2.4412e+05
2.4344e+05
2.4275e+05
2.4204e+05
2.4133e+05
2.406e+05
2.3986e+05
2.3911e+05
2.3835e+05
2.3758e+05
2.368e+05
2.3601e+05
2.3521e+05
2.344e+05
2.3357e+05
2.3274e+05
2.319e+05
2.3105e+05
2.3019e+05
2.2932e+05
2.2843e+05
2.2754e+05
2.2665e+05
2.2574e+05
2.2482e+05
2.2389e+05
2.2296e+05
2.2201e+05
2.2106e+05
2.201e+05
2.1913e+05
2.1815e+05
2.1716e+05
2.1617e+05
2.1516e+05
2.1415e+05
2.1313e+05
2.1211e+05
2.1107e+05
2.1003e+05
2.0898e+05
2.0793e+05
2.0686e+05
2.0579e+05
2.0472e+05
2.0363e+05
2.0254e+05
2.0144e+05
2.0034e+05
1.9923e+05
1.9811e+05
1.9699e+05
1.9586e+05
1.9473e+05
1.9359e+05
1.9244e+05
1.9129e+05
1.9013e+05
1.8897e+05
1.878e+05
1.8663e+05
1.8545e+05
1.8427e+05
1.8308e+05
1.8189e+05
1.8069e+05
1.7949e+05
1.7829e+05
1.7708e+05
1.7587e+05
1.7465e+05
1.7343e+05
1.722e+05
1.7098e+05
1.6974e+05
1.6851e+05
1.6727e+05
1.6603e+05
1.6479e+05
1.6354e+05
1.6229e+05
1.6104e+05
1.5978e+05
1.5853e+05
1.5727e+05
1.5601e+05
1.5474e+05
1.5348e+05
1.5221e+05
1.5094e+05
1.4967e+05
1.484e+05
1.4712e+05
1.4585e+05
1.4457e+05
1.433e+05
1.4202e+05
1.4074e+05
1.3946e+05
1.3818e+05
1.369e+05
1.3562e+05
1.3434e+05
1.3306e+05
1.3178e+05
1.305e+05
1.2922e+05
1.2794e+05
1.2666e+05
1.2538e+05
1.241e+05
1.2283e+05
1.2155e+05
1.2027e+05
1.19e+05
1.1772e+05
1.1645e+05
1.1518e+05
1.1391e+05
1.1264e+05
1.1138e+05
1.1011e+05
1.0885e+05
1.0759e+05
1.0633e+05
1.0508e+05
1.0382e+05
1.0257e+05
1.0132e+05
1.0007e+05
98830
97589
96351
95115
93883
92654
91428
90205
88986
87770
86558
85349
84145
82944
81747
80554
79365
78180
77000
75824
74652
73485
72322
71164
70011
68862
67719
66580
65446
64318
63194
62076
60963
59856
58754
57657
56566
55481
54401
53328
52260
51197
50141
49091
48047
47009
45977
44952
43932
42920
41913
40913
39919
38932
37952
36978
36011
35051
34098
33151
32211
31278
30352
29433
28521
27617
26719
25828
24945
24069
23200
22338
21484
20637
19798
18966
18141
17324
16514
15712
14917
14130
13350
12578
11814
11057
10308
9566.6
8832.9
8106.9
7388.6
6678
5975.2
5280.2
4592.9
3913.4
3241.7
2577.7
1921.6
1273.2
632.72
0
