6.0881e+05
6.1449e+05
6.1996e+05
6.2522e+05
6.3027e+05
6.351e+05
6.397e+05
6.4409e+05
6.4825e+05
6.5218e+05
6.5589e+05
6.5936e+05
6.626e+05
6.6562e+05
6.684e+05
6.7095e+05
6.7327e+05
6.7535e+05
6.7721e+05
6.7883e+05
6.8023e+05
6.814e+05
6.8234e+05
6.8305e+05
6.8354e+05
6.8381e+05
6.8387e+05
6.837e+05
6.8332e+05
6.8273e+05
6.8194e+05
6.8094e+05
6.7973e+05
6.7834e+05
6.7674e+05
6.7496e+05
6.7299e+05
6.7085e+05
6.6852e+05
6.6603e+05
6.6336e+05
6.6054e+05
6.5756e+05
6.5442e+05
6.5114e+05
6.4772e+05
6.4416e+05
6.4047e+05
6.3666e+05
6.3273e+05
6.2868e+05
6.2453e+05
6.2027e+05
6.1593e+05
6.1149e+05
6.0697e+05
6.0237e+05
5.977e+05
5.9297e+05
5.8818e+05
5.8334e+05
5.7845e+05
5.7352e+05
5.6856e+05
5.6358e+05
5.5857e+05
5.5355e+05
5.4852e+05
5.4349e+05
5.3846e+05
5.3344e+05
5.2844e+05
5.2346e+05
5.1851e+05
5.1359e+05
5.0871e+05
5.0387e+05
4.9909e+05
4.9435e+05
4.8969e+05
4.8508e+05
4.8055e+05
4.7609e+05
4.7171e+05
4.6742e+05
4.6322e+05
4.5911e+05
4.551e+05
4.5119e+05
4.4739e+05
4.437e+05
4.4012e+05
4.3666e+05
4.3331e+05
4.3009e+05
4.27e+05
4.2403e+05
4.212e+05
4.185e+05
4.1594e+05
4.1351e+05
4.1122e+05
4.0907e+05
4.0707e+05
4.052e+05
4.0349e+05
4.0191e+05
4.0049e+05
3.9921e+05
3.9807e+05
3.9709e+05
3.9624e+05
3.9555e+05
3.95e+05
3.946e+05
3.9433e+05
3.9422e+05
3.9424e+05
3.944e+05
3.947e+05
3.9514e+05
3.9571e+05
3.9642e+05
3.9726e+05
3.9822e+05
3.9931e+05
4.0052e+05
4.0185e+05
4.033e+05
4.0486e+05
4.0653e+05
4.0831e+05
4.1019e+05
4.1217e+05
4.1424e+05
4.1641e+05
4.1866e+05
4.21e+05
4.2342e+05
4.2591e+05
4.2848e+05
4.3111e+05
4.338e+05
4.3655e+05
4.3936e+05
4.4221e+05
4.451e+05
4.4804e+05
4.5101e+05
4.54e+05
4.5703e+05
4.6007e+05
4.6312e+05
4.6619e+05
4.6926e+05
4.7233e+05
4.754e+05
4.7846e+05
4.8151e+05
4.8453e+05
4.8754e+05
4.9051e+05
4.9345e+05
4.9636e+05
4.9922e+05
5.0204e+05
5.0481e+05
5.0752e+05
5.1017e+05
5.1276e+05
5.1529e+05
5.1774e+05
5.2012e+05
5.2241e+05
5.2463e+05
5.2676e+05
5.288e+05
5.3074e+05
5.3259e+05
5.3434e+05
5.3599e+05
5.3753e+05
5.3897e+05
5.4029e+05
5.415e+05
5.4259e+05
5.4357e+05
5.4442e+05
5.4515e+05
5.4576e+05
5.4623e+05
5.4659e+05
5.4681e+05
5.469e+05
5.4685e+05
5.4668e+05
5.4636e+05
5.4592e+05
5.4533e+05
5.4461e+05
5.4375e+05
5.4276e+05
5.4162e+05
5.4035e+05
5.3894e+05
5.3739e+05
5.357e+05
5.3388e+05
5.3192e+05
5.2982e+05
5.2759e+05
5.2522e+05
5.2272e+05
5.2009e+05
5.1733e+05
5.1444e+05
5.1142e+05
5.0827e+05
5.0501e+05
5.0161e+05
4.981e+05
4.9447e+05
4.9072e+05
4.8686e+05
4.8289e+05
4.7881e+05
4.7462e+05
4.7032e+05
4.6593e+05
4.6144e+05
4.5685e+05
4.5217e+05
4.4741e+05
4.4255e+05
4.3762e+05
4.326e+05
4.2751e+05
4.2234e+05
4.1711e+05
4.1181e+05
4.0645e+05
4.0104e+05
3.9556e+05
3.9004e+05
3.8447e+05
3.7886e+05
3.7321e+05
3.6752e+05
3.6181e+05
3.5607e+05
3.503e+05
3.4452e+05
3.3872e+05
3.3291e+05
3.271e+05
3.2129e+05
3.1547e+05
3.0967e+05
3.0387e+05
2.9809e+05
2.9233e+05
2.8659e+05
2.8089e+05
2.7521e+05
2.6957e+05
2.6397e+05
2.5841e+05
2.529e+05
2.4745e+05
2.4205e+05
2.3671e+05
2.3144e+05
2.2624e+05
2.2111e+05
2.1606e+05
2.1108e+05
2.062e+05
2.014e+05
1.9669e+05
1.9208e+05
1.8757e+05
1.8316e+05
1.7886e+05
1.7467e+05
1.7059e+05
1.6663e+05
1.6279e+05
1.5907e+05
1.5548e+05
1.5202e+05
1.4869e+05
1.4549e+05
1.4244e+05
1.3952e+05
1.3675e+05
1.3412e+05
1.3165e+05
1.2932e+05
1.2715e+05
1.2513e+05
1.2327e+05
1.2157e+05
1.2003e+05
1.1865e+05
1.1744e+05
1.164e+05
1.1552e+05
1.1481e+05
1.1428e+05
1.1391e+05
1.1372e+05
1.137e+05
1.1386e+05
1.1419e+05
1.147e+05
1.1539e+05
1.1625e+05
1.1729e+05
1.1851e+05
1.1991e+05
1.2149e+05
1.2324e+05
1.2517e+05
1.2728e+05
1.2957e+05
1.3203e+05
1.3467e+05
1.3749e+05
1.4048e+05
1.4364e+05
1.4698e+05
1.5049e+05
1.5417e+05
1.5802e+05
1.6203e+05
1.6622e+05
1.7056e+05
1.7507e+05
1.7975e+05
1.8458e+05
1.8956e+05
1.9471e+05
2.0001e+05
2.0545e+05
2.1105e+05
2.1679e+05
2.2268e+05
2.2871e+05
2.3487e+05
2.4118e+05
2.4761e+05
2.5418e+05
2.6087e+05
2.6769e+05
2.7463e+05
2.8169e+05
2.8886e+05
2.9615e+05
3.0354e+05
3.1104e+05
3.1864e+05
3.2634e+05
3.3414e+05
3.4202e+05
3.5e+05
3.5806e+05
3.662e+05
3.7441e+05
3.827e+05
3.9106e+05
3.9949e+05
4.0798e+05
4.1652e+05
4.2512e+05
4.3377e+05
4.4247e+05
4.5121e+05
4.5998e+05
4.688e+05
4.7764e+05
4.8651e+05
4.954e+05
5.0432e+05
5.1324e+05
5.2218e+05
5.3113e+05
5.4007e+05
5.4902e+05
5.5796e+05
5.669e+05
5.7582e+05
5.8473e+05
5.9361e+05
6.0247e+05
6.1131e+05
6.2011e+05
6.2888e+05
6.376e+05
6.4629e+05
6.5493e+05
6.6351e+05
6.7205e+05
6.8052e+05
6.8894e+05
6.9729e+05
7.0558e+05
7.1379e+05
7.2193e+05
7.2999e+05
7.3797e+05
7.4586e+05
7.5367e+05
7.6139e+05
7.6902e+05
7.7655e+05
7.8397e+05
7.913e+05
7.9852e+05
8.0564e+05
8.1264e+05
8.1953e+05
8.2631e+05
8.3297e+05
8.395e+05
8.4592e+05
8.5221e+05
8.5837e+05
8.644e+05
8.703e+05
8.7607e+05
8.817e+05
8.872e+05
8.9255e+05
8.9777e+05
9.0284e+05
9.0777e+05
9.1255e+05
9.1718e+05
9.2167e+05
9.2601e+05
9.3019e+05
9.3423e+05
9.3811e+05
9.4183e+05
9.4541e+05
9.4882e+05
9.5208e+05
9.5518e+05
9.5813e+05
9.6091e+05
9.6354e+05
9.66e+05
9.6831e+05
9.7045e+05
9.7244e+05
9.7427e+05
9.7593e+05
9.7743e+05
9.7878e+05
9.7996e+05
9.8098e+05
9.8185e+05
9.8255e+05
9.831e+05
9.8348e+05
9.8371e+05
9.8378e+05
9.8369e+05
9.8344e+05
9.8304e+05
9.8249e+05
9.8178e+05
9.8092e+05
9.7991e+05
9.7874e+05
9.7743e+05
9.7596e+05
9.7435e+05
9.7259e+05
9.7069e+05
9.6864e+05
9.6645e+05
9.6412e+05
9.6165e+05
9.5904e+05
9.563e+05
9.5341e+05
9.504e+05
9.4725e+05
9.4398e+05
9.4057e+05
9.3704e+05
9.3338e+05
9.296e+05
9.257e+05
9.2168e+05
9.1754e+05
9.1329e+05
9.0892e+05
9.0444e+05
8.9985e+05
8.9515e+05
8.9035e+05
8.8544e+05
8.8043e+05
8.7533e+05
8.7012e+05
8.6482e+05
8.5942e+05
8.5394e+05
8.4836e+05
8.427e+05
8.3696e+05
8.3113e+05
8.2522e+05
8.1923e+05
8.1317e+05
8.0703e+05
8.0083e+05
7.9455e+05
7.8821e+05
7.818e+05
7.7533e+05
7.6879e+05
7.6221e+05
7.5556e+05
7.4886e+05
7.4211e+05
7.3531e+05
7.2847e+05
7.2158e+05
7.1464e+05
7.0767e+05
7.0066e+05
6.9361e+05
6.8653e+05
6.7942e+05
6.7227e+05
6.651e+05
6.5791e+05
6.5069e+05
6.4345e+05
6.362e+05
6.2892e+05
6.2163e+05
6.1433e+05
6.0702e+05
5.997e+05
5.9237e+05
5.8504e+05
5.7771e+05
5.7038e+05
5.6305e+05
5.5572e+05
5.4839e+05
5.4108e+05
5.3377e+05
5.2647e+05
5.1919e+05
5.1192e+05
5.0467e+05
4.9743e+05
4.9022e+05
4.8303e+05
4.7586e+05
4.6871e+05
4.6159e+05
4.545e+05
4.4744e+05
4.4041e+05
4.3342e+05
4.2646e+05
4.1953e+05
4.1264e+05
4.0579e+05
3.9898e+05
3.9221e+05
3.8549e+05
3.7881e+05
3.7217e+05
3.6558e+05
3.5904e+05
3.5255e+05
3.4611e+05
3.3972e+05
3.3338e+05
3.271e+05
3.2087e+05
3.147e+05
3.0858e+05
3.0252e+05
2.9652e+05
2.9058e+05
2.8469e+05
2.7887e+05
2.7311e+05
2.6742e+05
2.6178e+05
2.5621e+05
2.507e+05
2.4526e+05
2.3989e+05
2.3458e+05
2.2933e+05
2.2416e+05
2.1905e+05
2.1401e+05
2.0903e+05
2.0413e+05
1.9929e+05
1.9452e+05
1.8982e+05
1.8519e+05
1.8063e+05
1.7614e+05
1.7172e+05
1.6737e+05
1.6309e+05
1.5888e+05
1.5474e+05
1.5066e+05
1.4666e+05
1.4273e+05
1.3886e+05
1.3507e+05
1.3134e+05
1.2769e+05
1.241e+05
1.2058e+05
1.1712e+05
1.1374e+05
1.1042e+05
1.0716e+05
1.0398e+05
1.0086e+05
97801
94810
91884
89021
86222
83485
80810
78197
75644
73152
70719
68345
66029
63770
61569
59423
57333
55297
53315
51386
49509
47684
45909
44184
42508
40881
39301
37767
36280
34837
33439
32084
30771
29500
28270
27080
25929
24816
23741
22703
21700
20733
19800
18900
18033
17197
16393
15619
14874
14158
13470
12809
12175
11566
10982
10423
9886.7
9373.4
8882.1
8412.1
7962.9
7533.7
7123.9
6732.7
6359.6
6004
5665.1
5342.4
5035.3
4743.2
4465.5
4201.7
3951.1
3713.2
3487.5
3273.5
3070.6
2878.3
2696.2
2523.6
2360.3
2205.6
2059.2
1920.5
1789.3
1664.9
1547
1435.3
1329.2
1228.5
1132.7
1041.5
954.46
871.32
791.7
715.28
641.74
570.75
502.03
435.27
370.19
306.51
243.96
182.28
121.22
60.542
0
