1.6697e+05
1.7028e+05
1.7363e+05
1.7701e+05
1.8043e+05
1.8387e+05
1.8733e+05
1.9082e+05
1.9433e+05
1.9785e+05
2.0139e+05
2.0495e+05
2.0851e+05
2.1208e+05
2.1566e+05
2.1923e+05
2.2281e+05
2.2638e+05
2.2995e+05
2.3351e+05
2.3706e+05
2.406e+05
2.4412e+05
2.4762e+05
2.511e+05
2.5456e+05
2.5799e+05
2.6139e+05
2.6477e+05
2.6811e+05
2.7142e+05
2.7469e+05
2.7792e+05
2.8111e+05
2.8426e+05
2.8737e+05
2.9043e+05
2.9343e+05
2.9639e+05
2.993e+05
3.0215e+05
3.0495e+05
3.077e+05
3.1038e+05
3.1301e+05
3.1557e+05
3.1808e+05
3.2052e+05
3.229e+05
3.2521e+05
3.2746e+05
3.2964e+05
3.3175e+05
3.338e+05
3.3578e+05
3.377e+05
3.3954e+05
3.4131e+05
3.4302e+05
3.4466e+05
3.4622e+05
3.4772e+05
3.4915e+05
3.5051e+05
3.518e+05
3.5303e+05
3.5418e+05
3.5527e+05
3.5629e+05
3.5725e+05
3.5814e+05
3.5896e+05
3.5973e+05
3.6043e+05
3.6106e+05
3.6164e+05
3.6216e+05
3.6262e+05
3.6302e+05
3.6337e+05
3.6366e+05
3.6389e+05
3.6408e+05
3.6421e+05
3.643e+05
3.6433e+05
3.6432e+05
3.6427e+05
3.6417e+05
3.6403e+05
3.6385e+05
3.6363e+05
3.6337e+05
3.6308e+05
3.6276e+05
3.624e+05
3.6201e+05
3.6159e+05
3.6114e+05
3.6067e+05
3.6017e+05
3.5965e+05
3.5911e+05
3.5855e+05
3.5797e+05
3.5737e+05
3.5676e+05
3.5613e+05
3.5549e+05
3.5484e+05
3.5417e+05
3.535e+05
3.5282e+05
3.5213e+05
3.5144e+05
3.5074e+05
3.5003e+05
3.4933e+05
3.4862e+05
3.4791e+05
3.4719e+05
3.4648e+05
3.4577e+05
3.4506e+05
3.4435e+05
3.4364e+05
3.4294e+05
3.4223e+05
3.4153e+05
3.4083e+05
3.4014e+05
3.3945e+05
3.3876e+05
3.3807e+05
3.3739e+05
3.3671e+05
3.3603e+05
3.3535e+05
3.3468e+05
3.34e+05
3.3333e+05
3.3265e+05
3.3198e+05
3.313e+05
3.3062e+05
3.2994e+05
3.2926e+05
3.2857e+05
3.2788e+05
3.2718e+05
3.2647e+05
3.2576e+05
3.2504e+05
3.243e+05
3.2356e+05
3.228e+05
3.2203e+05
3.2125e+05
3.2045e+05
3.1963e+05
3.188e+05
3.1794e+05
3.1707e+05
3.1618e+05
3.1526e+05
3.1432e+05
3.1336e+05
3.1237e+05
3.1135e+05
3.1031e+05
3.0924e+05
3.0814e+05
3.07e+05
3.0584e+05
3.0464e+05
3.0341e+05
3.0215e+05
3.0085e+05
2.9951e+05
2.9814e+05
2.9673e+05
2.9529e+05
2.938e+05
2.9228e+05
2.9072e+05
2.8912e+05
2.8748e+05
2.8579e+05
2.8407e+05
2.8231e+05
2.8051e+05
2.7866e+05
2.7678e+05
2.7486e+05
2.7289e+05
2.7089e+05
2.6885e+05
2.6676e+05
2.6464e+05
2.6248e+05
2.6029e+05
2.5805e+05
2.5579e+05
2.5348e+05
2.5114e+05
2.4877e+05
2.4637e+05
2.4393e+05
2.4146e+05
2.3897e+05
2.3644e+05
2.3389e+05
2.3132e+05
2.2872e+05
2.261e+05
2.2345e+05
2.2079e+05
2.1811e+05
2.1541e+05
2.127e+05
2.0997e+05
2.0723e+05
2.0448e+05
2.0173e+05
1.9897e+05
1.962e+05
1.9343e+05
1.9065e+05
1.8788e+05
1.8511e+05
1.8235e+05
1.7959e+05
1.7683e+05
1.7409e+05
1.7136e+05
1.6864e+05
1.6593e+05
1.6324e+05
1.6057e+05
1.5792e+05
1.5528e+05
1.5267e+05
1.5009e+05
1.4753e+05
1.4499e+05
1.4248e+05
1.4001e+05
1.3756e+05
1.3514e+05
1.3276e+05
1.3041e+05
1.281e+05
1.2582e+05
1.2358e+05
1.2137e+05
1.192e+05
1.1708e+05
1.1499e+05
1.1294e+05
1.1093e+05
1.0897e+05
1.0704e+05
1.0516e+05
1.0331e+05
1.0151e+05
99752
98033
96356
94720
93125
91570
90055
88579
87142
85743
84382
83057
81768
80514
79293
78106
76949
75824
74728
73660
72618
71603
70611
69643
68695
67768
66859
65967
65090
64228
63378
62539
61710
60889
60074
59264
58458
57654
56851
56048
55242
54434
53621
52803
51977
51144
50303
49451
48589
47715
46830
45931
45019
44094
43153
42199
41229
40245
39246
38232
37203
36160
35103
34033
32950
31855
30749
29633
28507
27374
26234
25090
23941
22791
21641
20493
19349
18210
17080
15961
14854
13764
12691
11640
10613
9612.5
8642.3
7705.2
6804.5
5943.6
5125.8
4354.5
3633.5
2966.1
2356.2
1807.4
1323.5
908.39
565.84
299.79
114.16
12.905
0
79.431
255.19
531.28
911.68
1400.4
2001.3
2718.5
3555.8
4517
5606.1
6826.9
8182.9
9678
11316
13100
15033
17120
19362
21765
24329
27060
29958
33028
36271
39691
43289
47067
51029
55175
59507
64027
68737
73637
78729
84013
89491
95162
1.0103e+05
1.0709e+05
1.1334e+05
1.1979e+05
1.2643e+05
1.3326e+05
1.4029e+05
1.4751e+05
1.5491e+05
1.6251e+05
1.7029e+05
1.7825e+05
1.864e+05
1.9473e+05
2.0323e+05
2.1191e+05
2.2077e+05
2.2979e+05
2.3897e+05
2.4832e+05
2.5783e+05
2.6749e+05
2.773e+05
2.8726e+05
2.9736e+05
3.0759e+05
3.1796e+05
3.2845e+05
3.3906e+05
3.4979e+05
3.6063e+05
3.7158e+05
3.8262e+05
3.9376e+05
4.0498e+05
4.1628e+05
4.2766e+05
4.391e+05
4.506e+05
4.6216e+05
4.7376e+05
4.854e+05
4.9708e+05
5.0877e+05
5.2049e+05
5.3221e+05
5.4394e+05
5.5567e+05
5.6737e+05
5.7906e+05
5.9073e+05
6.0235e+05
6.1393e+05
6.2546e+05
6.3693e+05
6.4834e+05
6.5967e+05
6.7091e+05
6.8207e+05
6.9313e+05
7.0408e+05
7.1492e+05
7.2563e+05
7.3622e+05
7.4667e+05
7.5698e+05
7.6714e+05
7.7714e+05
7.8698e+05
7.9664e+05
8.0612e+05
8.1542e+05
8.2453e+05
8.3344e+05
8.4214e+05
8.5063e+05
8.589e+05
8.6695e+05
8.7477e+05
8.8236e+05
8.8971e+05
8.9681e+05
9.0366e+05
9.1025e+05
9.1659e+05
9.2266e+05
9.2846e+05
9.34e+05
9.3925e+05
9.4423e+05
9.4892e+05
9.5332e+05
9.5744e+05
9.6127e+05
9.648e+05
9.6803e+05
9.7097e+05
9.7361e+05
9.7594e+05
9.7798e+05
9.7971e+05
9.8113e+05
9.8225e+05
9.8306e+05
9.8357e+05
9.8378e+05
9.8368e+05
9.8327e+05
9.8256e+05
9.8155e+05
9.8024e+05
9.7863e+05
9.7673e+05
9.7452e+05
9.7203e+05
9.6924e+05
9.6617e+05
9.6281e+05
9.5917e+05
9.5526e+05
9.5107e+05
9.466e+05
9.4187e+05
9.3688e+05
9.3163e+05
9.2613e+05
9.2037e+05
9.1438e+05
9.0814e+05
9.0167e+05
8.9496e+05
8.8804e+05
8.809e+05
8.7354e+05
8.6598e+05
8.5822e+05
8.5026e+05
8.4211e+05
8.3379e+05
8.2528e+05
8.1661e+05
8.0778e+05
7.9879e+05
7.8965e+05
7.8036e+05
7.7094e+05
7.6139e+05
7.5172e+05
7.4194e+05
7.3204e+05
7.2205e+05
7.1195e+05
7.0178e+05
6.9152e+05
6.8118e+05
6.7078e+05
6.6032e+05
6.4981e+05
6.3925e+05
6.2865e+05
6.1802e+05
6.0736e+05
5.9668e+05
5.8599e+05
5.7529e+05
5.6459e+05
5.539e+05
5.4322e+05
5.3256e+05
5.2193e+05
5.1133e+05
5.0076e+05
4.9023e+05
4.7975e+05
4.6933e+05
4.5897e+05
4.4866e+05
4.3843e+05
4.2827e+05
4.182e+05
4.082e+05
3.983e+05
3.8848e+05
3.7877e+05
3.6915e+05
3.5964e+05
3.5024e+05
3.4096e+05
3.3179e+05
3.2273e+05
3.1381e+05
3.0501e+05
2.9633e+05
2.8779e+05
2.7939e+05
2.7112e+05
2.6298e+05
2.5499e+05
2.4715e+05
2.3945e+05
2.3189e+05
2.2448e+05
2.1723e+05
2.1012e+05
2.0316e+05
1.9636e+05
1.8971e+05
1.8321e+05
1.7686e+05
1.7067e+05
1.6464e+05
1.5876e+05
1.5303e+05
1.4746e+05
1.4204e+05
1.3677e+05
1.3166e+05
1.2669e+05
1.2188e+05
1.1722e+05
1.127e+05
1.0833e+05
1.0411e+05
1.0003e+05
96097
92302
88646
85127
81743
78493
75374
72384
69521
66782
64165
61668
59288
57023
54870
52826
50890
49057
47326
45693
44156
42713
41359
40093
38912
37812
36791
35846
34975
34174
33440
32772
32165
31617
31126
30689
30302
29964
29672
29422
29214
29043
28908
28805
28734
28691
28673
28680
28708
28756
28820
28900
28994
29098
29212
29334
29462
29594
29728
29864
29998
30131
30261
30386
30505
30617
30720
30815
30899
30971
31031
31079
31112
31131
31134
31122
31094
31048
30985
30905
30806
30689
30554
30399
30226
30034
29823
29593
29343
29075
28788
28482
28158
27815
27455
27077
26681
26268
25838
25392
24931
24454
23961
23455
22934
22400
21853
21293
20722
20139
19546
18943
18330
