4.6931e+05
4.73e+05
4.7663e+05
4.8021e+05
4.8374e+05
4.8722e+05
4.9064e+05
4.9401e+05
4.9733e+05
5.0058e+05
5.0379e+05
5.0694e+05
5.1003e+05
5.1306e+05
5.1604e+05
5.1896e+05
5.2183e+05
5.2464e+05
5.2739e+05
5.3008e+05
5.3271e+05
5.3529e+05
5.3781e+05
5.4027e+05
5.4267e+05
5.4502e+05
5.4731e+05
5.4953e+05
5.5171e+05
5.5382e+05
5.5588e+05
5.5787e+05
5.5981e+05
5.617e+05
5.6352e+05
5.6529e+05
5.6701e+05
5.6866e+05
5.7026e+05
5.718e+05
5.7329e+05
5.7472e+05
5.761e+05
5.7742e+05
5.7868e+05
5.7989e+05
5.8105e+05
5.8215e+05
5.832e+05
5.8419e+05
5.8513e+05
5.8602e+05
5.8686e+05
5.8764e+05
5.8838e+05
5.8906e+05
5.8969e+05
5.9027e+05
5.908e+05
5.9128e+05
5.9171e+05
5.9209e+05
5.9243e+05
5.9271e+05
5.9295e+05
5.9314e+05
5.9328e+05
5.9338e+05
5.9343e+05
5.9343e+05
5.9339e+05
5.933e+05
5.9317e+05
5.93e+05
5.9278e+05
5.9252e+05
5.9221e+05
5.9186e+05
5.9147e+05
5.9104e+05
5.9057e+05
5.9005e+05
5.8949e+05
5.889e+05
5.8826e+05
5.8759e+05
5.8687e+05
5.8612e+05
5.8533e+05
5.845e+05
5.8363e+05
5.8272e+05
5.8178e+05
5.808e+05
5.7979e+05
5.7873e+05
5.7765e+05
5.7652e+05
5.7536e+05
5.7417e+05
5.7294e+05
5.7168e+05
5.7039e+05
5.6906e+05
5.6769e+05
5.663e+05
5.6487e+05
5.6341e+05
5.6191e+05
5.6039e+05
5.5883e+05
5.5724e+05
5.5562e+05
5.5397e+05
5.5229e+05
5.5058e+05
5.4884e+05
5.4706e+05
5.4526e+05
5.4343e+05
5.4157e+05
5.3968e+05
5.3777e+05
5.3582e+05
5.3385e+05
5.3184e+05
5.2981e+05
5.2776e+05
5.2567e+05
5.2356e+05
5.2142e+05
5.1926e+05
5.1707e+05
5.1485e+05
5.1261e+05
5.1034e+05
5.0804e+05
5.0572e+05
5.0338e+05
5.0101e+05
4.9862e+05
4.962e+05
4.9376e+05
4.913e+05
4.8881e+05
4.863e+05
4.8377e+05
4.8121e+05
4.7864e+05
4.7604e+05
4.7342e+05
4.7077e+05
4.6811e+05
4.6543e+05
4.6272e+05
4.6e+05
4.5726e+05
4.5449e+05
4.5171e+05
4.4891e+05
4.4609e+05
4.4326e+05
4.4041e+05
4.3754e+05
4.3465e+05
4.3175e+05
4.2883e+05
4.2589e+05
4.2295e+05
4.1998e+05
4.1701e+05
4.1402e+05
4.1101e+05
4.08e+05
4.0497e+05
4.0193e+05
3.9888e+05
3.9582e+05
3.9275e+05
3.8967e+05
3.8658e+05
3.8348e+05
3.8038e+05
3.7727e+05
3.7415e+05
3.7102e+05
3.679e+05
3.6476e+05
3.6163e+05
3.5849e+05
3.5534e+05
3.522e+05
3.4905e+05
3.4591e+05
3.4276e+05
3.3962e+05
3.3648e+05
3.3334e+05
3.302e+05
3.2707e+05
3.2394e+05
3.2082e+05
3.177e+05
3.1459e+05
3.1149e+05
3.084e+05
3.0532e+05
3.0225e+05
2.9919e+05
2.9615e+05
2.9311e+05
2.901e+05
2.8709e+05
2.841e+05
2.8113e+05
2.7818e+05
2.7524e+05
2.7233e+05
2.6943e+05
2.6656e+05
2.6371e+05
2.6088e+05
2.5808e+05
2.553e+05
2.5255e+05
2.4983e+05
2.4713e+05
2.4447e+05
2.4183e+05
2.3923e+05
2.3665e+05
2.3411e+05
2.3161e+05
2.2914e+05
2.2671e+05
2.2431e+05
2.2195e+05
2.1963e+05
2.1735e+05
2.1511e+05
2.1291e+05
2.1076e+05
2.0865e+05
2.0659e+05
2.0457e+05
2.026e+05
2.0067e+05
1.988e+05
1.9697e+05
1.952e+05
1.9348e+05
1.9181e+05
1.9019e+05
1.8863e+05
1.8712e+05
1.8567e+05
1.8428e+05
1.8294e+05
1.8167e+05
1.8045e+05
1.793e+05
1.782e+05
1.7717e+05
1.762e+05
1.753e+05
1.7446e+05
1.7368e+05
1.7298e+05
1.7234e+05
1.7176e+05
1.7126e+05
1.7082e+05
1.7046e+05
1.7016e+05
1.6994e+05
1.6978e+05
1.697e+05
1.697e+05
1.6976e+05
1.699e+05
1.7012e+05
1.7041e+05
1.7078e+05
1.7122e+05
1.7174e+05
1.7233e+05
1.7301e+05
1.7376e+05
1.7459e+05
1.755e+05
1.7649e+05
1.7755e+05
1.787e+05
1.7992e+05
1.8123e+05
1.8262e+05
1.8408e+05
1.8563e+05
1.8726e+05
1.8897e+05
1.9076e+05
1.9263e+05
1.9458e+05
1.9661e+05
1.9872e+05
2.0092e+05
2.0319e+05
2.0555e+05
2.0799e+05
2.105e+05
2.131e+05
2.1578e+05
2.1854e+05
2.2137e+05
2.2429e+05
2.2729e+05
2.3036e+05
2.3351e+05
2.3675e+05
2.4005e+05
2.4344e+05
2.469e+05
2.5044e+05
2.5406e+05
2.5775e+05
2.6151e+05
2.6535e+05
2.6926e+05
2.7324e+05
2.773e+05
2.8143e+05
2.8563e+05
2.8989e+05
2.9423e+05
2.9864e+05
3.0311e+05
3.0765e+05
3.1225e+05
3.1692e+05
3.2166e+05
3.2646e+05
3.3131e+05
3.3623e+05
3.4121e+05
3.4625e+05
3.5135e+05
3.565e+05
3.6171e+05
3.6698e+05
3.7229e+05
3.7766e+05
3.8309e+05
3.8856e+05
3.9408e+05
3.9964e+05
4.0525e+05
4.1091e+05
4.1661e+05
4.2236e+05
4.2814e+05
4.3397e+05
4.3983e+05
4.4573e+05
4.5166e+05
4.5763e+05
4.6363e+05
4.6966e+05
4.7572e+05
4.8181e+05
4.8793e+05
4.9407e+05
5.0024e+05
5.0643e+05
5.1263e+05
5.1886e+05
5.2511e+05
5.3137e+05
5.3765e+05
5.4393e+05
5.5024e+05
5.5655e+05
5.6286e+05
5.6919e+05
5.7552e+05
5.8185e+05
5.8819e+05
5.9452e+05
6.0086e+05
6.0719e+05
6.1351e+05
6.1983e+05
6.2615e+05
6.3245e+05
6.3874e+05
6.4502e+05
6.5128e+05
6.5753e+05
6.6376e+05
6.6997e+05
6.7616e+05
6.8233e+05
6.8847e+05
6.9459e+05
7.0068e+05
7.0675e+05
7.1278e+05
7.1878e+05
7.2475e+05
7.3068e+05
7.3657e+05
7.4243e+05
7.4825e+05
7.5402e+05
7.5975e+05
7.6544e+05
7.7109e+05
7.7668e+05
7.8223e+05
7.8773e+05
7.9317e+05
7.9857e+05
8.0391e+05
8.0919e+05
8.1442e+05
8.1959e+05
8.2469e+05
8.2974e+05
8.3473e+05
8.3965e+05
8.445e+05
8.4929e+05
8.5402e+05
8.5867e+05
8.6326e+05
8.6777e+05
8.7221e+05
8.7658e+05
8.8087e+05
8.8509e+05
8.8923e+05
8.933e+05
8.9729e+05
9.0119e+05
9.0502e+05
9.0876e+05
9.1242e+05
9.16e+05
9.195e+05
9.2291e+05
9.2623e+05
9.2947e+05
9.3261e+05
9.3568e+05
9.3865e+05
9.4153e+05
9.4432e+05
9.4702e+05
9.4963e+05
9.5215e+05
9.5457e+05
9.569e+05
9.5913e+05
9.6127e+05
9.6332e+05
9.6527e+05
9.6713e+05
9.6888e+05
9.7055e+05
9.7211e+05
9.7358e+05
9.7495e+05
9.7622e+05
9.7739e+05
9.7847e+05
9.7944e+05
9.8032e+05
9.811e+05
9.8178e+05
9.8236e+05
9.8284e+05
9.8322e+05
9.8351e+05
9.8369e+05
9.8378e+05
9.8376e+05
9.8365e+05
9.8344e+05
9.8313e+05
9.8272e+05
9.8221e+05
9.8161e+05
9.809e+05
9.801e+05
9.7921e+05
9.7821e+05
9.7712e+05
9.7593e+05
9.7465e+05
9.7327e+05
9.718e+05
9.7023e+05
9.6857e+05
9.6682e+05
9.6497e+05
9.6303e+05
9.61e+05
9.5888e+05
9.5667e+05
9.5437e+05
9.5198e+05
9.495e+05
9.4693e+05
9.4427e+05
9.4153e+05
9.3871e+05
9.358e+05
9.328e+05
9.2973e+05
9.2657e+05
9.2333e+05
9.2001e+05
9.1661e+05
9.1313e+05
9.0957e+05
9.0594e+05
9.0223e+05
8.9845e+05
8.9459e+05
8.9066e+05
8.8666e+05
8.8258e+05
8.7844e+05
8.7423e+05
8.6995e+05
8.6561e+05
8.612e+05
8.5672e+05
8.5219e+05
8.4759e+05
8.4293e+05
8.3821e+05
8.3343e+05
8.286e+05
8.2371e+05
8.1876e+05
8.1376e+05
8.0871e+05
8.036e+05
7.9845e+05
7.9325e+05
7.88e+05
7.827e+05
7.7736e+05
7.7197e+05
7.6654e+05
7.6107e+05
7.5556e+05
7.5001e+05
7.4443e+05
7.388e+05
7.3315e+05
7.2745e+05
7.2173e+05
7.1597e+05
7.1019e+05
7.0437e+05
6.9853e+05
6.9266e+05
6.8676e+05
6.8085e+05
6.7491e+05
6.6894e+05
6.6296e+05
6.5696e+05
6.5094e+05
6.4491e+05
6.3886e+05
6.328e+05
6.2672e+05
6.2063e+05
6.1454e+05
6.0843e+05
6.0231e+05
5.9619e+05
5.9007e+05
5.8394e+05
5.778e+05
5.7167e+05
5.6553e+05
5.5939e+05
5.5326e+05
5.4713e+05
5.41e+05
5.3488e+05
5.2876e+05
5.2265e+05
5.1655e+05
5.1045e+05
5.0437e+05
4.983e+05
4.9224e+05
4.862e+05
4.8016e+05
4.7415e+05
4.6815e+05
4.6217e+05
4.562e+05
4.5026e+05
4.4433e+05
4.3843e+05
4.3254e+05
4.2668e+05
4.2085e+05
4.1504e+05
4.0925e+05
4.0349e+05
3.9776e+05
3.9205e+05
3.8637e+05
3.8073e+05
3.7511e+05
3.6952e+05
3.6397e+05
3.5844e+05
3.5295e+05
3.475e+05
3.4207e+05
3.3669e+05
3.3133e+05
3.2602e+05
3.2074e+05
3.155e+05
3.1029e+05
3.0512e+05
3e+05
2.9491e+05
2.8986e+05
2.8485e+05
2.7989e+05
2.7496e+05
2.7007e+05
2.6523e+05
2.6043e+05
2.5568e+05
2.5096e+05
2.4629e+05
2.4166e+05
2.3708e+05
2.3254e+05
2.2805e+05
2.236e+05
2.192e+05
2.1484e+05
2.1053e+05
2.0626e+05
2.0204e+05
1.9787e+05
1.9374e+05
1.8966e+05
1.8563e+05
1.8164e+05
1.777e+05
1.7381e+05
1.6996e+05
1.6616e+05
1.6241e+05
1.587e+05
1.5504e+05
1.5143e+05
1.4787e+05
1.4435e+05
1.4088e+05
1.3746e+05
1.3408e+05
1.3075e+05
1.2747e+05
1.2423e+05
1.2104e+05
1.1789e+05
1.1479e+05
1.1174e+05
1.0874e+05
1.0577e+05
1.0286e+05
99988
97162
94381
91644
88951
86303
83698
81136
78618
76142
73709
71317
68968
66660
64393
62167
59982
57836
55730
53664
51636
49647
47696
45783
43907
42067
40265
38498
36767
35071
33410
31783
30190
28631
27104
25610
24148
22717
21317
19948
18610
17301
16021
14769
13546
12351
11183
10042
8927.2
7838.3
6774.7
5736
4721.8
3731.4
2764.6
1820.7
899.32
0
