1.9979e+05
2.0451e+05
2.0921e+05
2.1388e+05
2.1852e+05
2.2311e+05
2.2766e+05
2.3215e+05
2.3659e+05
2.4096e+05
2.4526e+05
2.495e+05
2.5365e+05
2.5772e+05
2.617e+05
2.656e+05
2.6939e+05
2.7309e+05
2.7669e+05
2.8019e+05
2.8357e+05
2.8685e+05
2.9001e+05
2.9307e+05
2.96e+05
2.9882e+05
3.0152e+05
3.041e+05
3.0656e+05
3.089e+05
3.1112e+05
3.1322e+05
3.1521e+05
3.1707e+05
3.1881e+05
3.2044e+05
3.2195e+05
3.2335e+05
3.2464e+05
3.2581e+05
3.2688e+05
3.2785e+05
3.2871e+05
3.2948e+05
3.3015e+05
3.3072e+05
3.3121e+05
3.3162e+05
3.3194e+05
3.3218e+05
3.3236e+05
3.3246e+05
3.325e+05
3.3248e+05
3.324e+05
3.3228e+05
3.3211e+05
3.319e+05
3.3165e+05
3.3137e+05
3.3107e+05
3.3074e+05
3.304e+05
3.3005e+05
3.2969e+05
3.2933e+05
3.2898e+05
3.2863e+05
3.283e+05
3.2799e+05
3.277e+05
3.2744e+05
3.2721e+05
3.2702e+05
3.2687e+05
3.2676e+05
3.2671e+05
3.267e+05
3.2676e+05
3.2687e+05
3.2705e+05
3.273e+05
3.2761e+05
3.28e+05
3.2847e+05
3.2902e+05
3.2964e+05
3.3035e+05
3.3115e+05
3.3203e+05
3.33e+05
3.3406e+05
3.3521e+05
3.3645e+05
3.3778e+05
3.3921e+05
3.4073e+05
3.4234e+05
3.4404e+05
3.4584e+05
3.4773e+05
3.4971e+05
3.5177e+05
3.5393e+05
3.5617e+05
3.5849e+05
3.609e+05
3.6339e+05
3.6596e+05
3.686e+05
3.7131e+05
3.741e+05
3.7695e+05
3.7986e+05
3.8284e+05
3.8587e+05
3.8895e+05
3.9208e+05
3.9526e+05
3.9848e+05
4.0173e+05
4.0501e+05
4.0833e+05
4.1166e+05
4.1502e+05
4.1838e+05
4.2176e+05
4.2514e+05
4.2852e+05
4.3189e+05
4.3525e+05
4.386e+05
4.4193e+05
4.4523e+05
4.485e+05
4.5173e+05
4.5492e+05
4.5807e+05
4.6117e+05
4.6421e+05
4.672e+05
4.7012e+05
4.7297e+05
4.7574e+05
4.7844e+05
4.8106e+05
4.8359e+05
4.8603e+05
4.8837e+05
4.9062e+05
4.9276e+05
4.948e+05
4.9673e+05
4.9855e+05
5.0025e+05
5.0184e+05
5.033e+05
5.0464e+05
5.0586e+05
5.0694e+05
5.079e+05
5.0872e+05
5.0941e+05
5.0996e+05
5.1037e+05
5.1065e+05
5.1079e+05
5.1079e+05
5.1065e+05
5.1036e+05
5.0994e+05
5.0938e+05
5.0867e+05
5.0782e+05
5.0684e+05
5.0571e+05
5.0445e+05
5.0304e+05
5.0151e+05
4.9983e+05
4.9803e+05
4.9609e+05
4.9402e+05
4.9183e+05
4.8951e+05
4.8706e+05
4.845e+05
4.8182e+05
4.7902e+05
4.7612e+05
4.731e+05
4.6998e+05
4.6675e+05
4.6343e+05
4.6e+05
4.5649e+05
4.5289e+05
4.492e+05
4.4543e+05
4.4158e+05
4.3766e+05
4.3367e+05
4.2961e+05
4.2549e+05
4.2131e+05
4.1707e+05
4.1279e+05
4.0846e+05
4.0408e+05
3.9967e+05
3.9522e+05
3.9075e+05
3.8624e+05
3.8172e+05
3.7717e+05
3.7261e+05
3.6804e+05
3.6346e+05
3.5887e+05
3.5429e+05
3.4971e+05
3.4513e+05
3.4057e+05
3.3601e+05
3.3148e+05
3.2696e+05
3.2246e+05
3.1799e+05
3.1355e+05
3.0913e+05
3.0475e+05
3.004e+05
2.9609e+05
2.9182e+05
2.8759e+05
2.8341e+05
2.7927e+05
2.7517e+05
2.7113e+05
2.6713e+05
2.6318e+05
2.5929e+05
2.5545e+05
2.5166e+05
2.4793e+05
2.4425e+05
2.4063e+05
2.3706e+05
2.3355e+05
2.3009e+05
2.2669e+05
2.2335e+05
2.2006e+05
2.1683e+05
2.1365e+05
2.1053e+05
2.0746e+05
2.0445e+05
2.0148e+05
1.9857e+05
1.957e+05
1.9289e+05
1.9012e+05
1.874e+05
1.8472e+05
1.8209e+05
1.795e+05
1.7695e+05
1.7444e+05
1.7196e+05
1.6952e+05
1.6712e+05
1.6474e+05
1.624e+05
1.6008e+05
1.5779e+05
1.5553e+05
1.5329e+05
1.5107e+05
1.4886e+05
1.4668e+05
1.4451e+05
1.4235e+05
1.4021e+05
1.3807e+05
1.3595e+05
1.3383e+05
1.3171e+05
1.296e+05
1.275e+05
1.2539e+05
1.2328e+05
1.2117e+05
1.1906e+05
1.1694e+05
1.1481e+05
1.1268e+05
1.1055e+05
1.084e+05
1.0625e+05
1.0408e+05
1.0191e+05
99727
97533
95328
93112
90885
88648
86400
84143
81876
79601
77317
75027
72730
70428
68123
65816
63507
61200
58894
56594
54299
52013
49738
47475
45228
42998
40789
38602
36442
34311
32211
30146
28119
26133
24191
22298
20455
18667
16938
15270
13668
12135
10675
9291.8
7988.7
6769.7
5638.7
4599.4
3655.7
2811.4
2070.2
1436
912.5
503.45
212.58
43.547
0
85.526
303.66
657.89
1151.6
1788.2
2570.9
3503
4587.5
5827.5
7225.9
8785.6
10509
12399
14459
16690
19094
21675
24434
27372
30492
33796
37284
40958
44820
48870
53109
57537
62157
66967
71968
77161
82544
88118
93883
99837
1.0598e+05
1.1231e+05
1.1883e+05
1.2554e+05
1.3242e+05
1.3949e+05
1.4675e+05
1.5418e+05
1.6178e+05
1.6957e+05
1.7752e+05
1.8564e+05
1.9393e+05
2.0238e+05
2.11e+05
2.1977e+05
2.2869e+05
2.3776e+05
2.4698e+05
2.5634e+05
2.6584e+05
2.7548e+05
2.8524e+05
2.9513e+05
3.0513e+05
3.1526e+05
3.2549e+05
3.3583e+05
3.4627e+05
3.5681e+05
3.6744e+05
3.7815e+05
3.8893e+05
3.998e+05
4.1073e+05
4.2172e+05
4.3276e+05
4.4386e+05
4.55e+05
4.6617e+05
4.7738e+05
4.8861e+05
4.9986e+05
5.1112e+05
5.2239e+05
5.3366e+05
5.4492e+05
5.5616e+05
5.6738e+05
5.7858e+05
5.8974e+05
6.0087e+05
6.1194e+05
6.2296e+05
6.3393e+05
6.4482e+05
6.5564e+05
6.6638e+05
6.7704e+05
6.876e+05
6.9807e+05
7.0843e+05
7.1867e+05
7.288e+05
7.3881e+05
7.4869e+05
7.5843e+05
7.6803e+05
7.7748e+05
7.8678e+05
7.9592e+05
8.0489e+05
8.137e+05
8.2233e+05
8.3078e+05
8.3905e+05
8.4712e+05
8.55e+05
8.6268e+05
8.7016e+05
8.7743e+05
8.8449e+05
8.9133e+05
8.9795e+05
9.0435e+05
9.1051e+05
9.1645e+05
9.2215e+05
9.2762e+05
9.3284e+05
9.3782e+05
9.4256e+05
9.4704e+05
9.5128e+05
9.5526e+05
9.5899e+05
9.6246e+05
9.6567e+05
9.6863e+05
9.7132e+05
9.7375e+05
9.7592e+05
9.7783e+05
9.7947e+05
9.8085e+05
9.8196e+05
9.8281e+05
9.834e+05
9.8372e+05
9.8378e+05
9.8357e+05
9.8311e+05
9.8239e+05
9.814e+05
9.8016e+05
9.7867e+05
9.7692e+05
9.7491e+05
9.7266e+05
9.7016e+05
9.6742e+05
9.6443e+05
9.612e+05
9.5773e+05
9.5403e+05
9.501e+05
9.4594e+05
9.4155e+05
9.3695e+05
9.3212e+05
9.2708e+05
9.2184e+05
9.1638e+05
9.1073e+05
9.0487e+05
8.9882e+05
8.9259e+05
8.8617e+05
8.7956e+05
8.7279e+05
8.6584e+05
8.5872e+05
8.5145e+05
8.4402e+05
8.3644e+05
8.2871e+05
8.2084e+05
8.1283e+05
8.0469e+05
7.9643e+05
7.8805e+05
7.7955e+05
7.7094e+05
7.6223e+05
7.5342e+05
7.4451e+05
7.3552e+05
7.2645e+05
7.1729e+05
7.0807e+05
6.9878e+05
6.8942e+05
6.8001e+05
6.7055e+05
6.6105e+05
6.515e+05
6.4192e+05
6.3231e+05
6.2267e+05
6.1302e+05
6.0335e+05
5.9367e+05
5.8399e+05
5.7431e+05
5.6463e+05
5.5497e+05
5.4532e+05
5.3569e+05
5.2608e+05
5.165e+05
5.0696e+05
4.9745e+05
4.8798e+05
4.7856e+05
4.692e+05
4.5988e+05
4.5062e+05
4.4143e+05
4.323e+05
4.2324e+05
4.1425e+05
4.0534e+05
3.9651e+05
3.8777e+05
3.7911e+05
3.7053e+05
3.6205e+05
3.5367e+05
3.4538e+05
3.372e+05
3.2911e+05
3.2113e+05
3.1326e+05
3.055e+05
2.9785e+05
2.9032e+05
2.829e+05
2.7559e+05
2.6841e+05
2.6135e+05
2.544e+05
2.4759e+05
2.4089e+05
2.3432e+05
2.2788e+05
2.2156e+05
2.1538e+05
2.0932e+05
2.0339e+05
1.9759e+05
1.9192e+05
1.8637e+05
1.8096e+05
1.7568e+05
1.7053e+05
1.6551e+05
1.6062e+05
1.5586e+05
1.5123e+05
1.4673e+05
1.4235e+05
1.381e+05
1.3398e+05
1.2998e+05
1.2611e+05
1.2236e+05
1.1873e+05
1.1523e+05
1.1184e+05
1.0857e+05
1.0542e+05
1.0239e+05
99464
96656
93959
91370
88890
86515
84244
82075
80006
78035
76160
74380
72691
71092
69581
68156
66814
65553
64371
63266
62236
61278
60390
59569
58814
58122
57491
56918
56402
55940
55530
55169
54855
54586
54361
54176
54029
53919
53843
53799
53785
53799
53839
53903
53989
54095
54219
54359
54514
54682
54861
55049
55244
55446
55652
55861
56071
56282
56490
56696
56898
57095
57285
57467
57640
57803
57955
58095
58223
58336
58435
58518
58585
58635
58668
58682
58677
58654
58610
58547
58463
58357
58231
58084
57914
57723
57510
57275
57017
56738
56436
56113
55767
55400
55011
54600
54169
53716
53243
52749
52235
51702
51149
50578
49988
49380
