7.3494e+05
7.3962e+05
7.4421e+05
7.4873e+05
7.5317e+05
7.5755e+05
7.6188e+05
7.6617e+05
7.7041e+05
7.7462e+05
7.788e+05
7.8296e+05
7.871e+05
7.9123e+05
7.9535e+05
7.9947e+05
8.0358e+05
8.0769e+05
8.118e+05
8.1592e+05
8.2004e+05
8.2417e+05
8.283e+05
8.3244e+05
8.3658e+05
8.4072e+05
8.4487e+05
8.4901e+05
8.5315e+05
8.5729e+05
8.6141e+05
8.6553e+05
8.6963e+05
8.7372e+05
8.7778e+05
8.8182e+05
8.8583e+05
8.898e+05
8.9374e+05
8.9764e+05
9.015e+05
9.053e+05
9.0905e+05
9.1274e+05
9.1637e+05
9.1994e+05
9.2343e+05
9.2685e+05
9.302e+05
9.3346e+05
9.3664e+05
9.3973e+05
9.4274e+05
9.4565e+05
9.4846e+05
9.5118e+05
9.5379e+05
9.563e+05
9.5871e+05
9.6101e+05
9.6321e+05
9.6529e+05
9.6726e+05
9.6913e+05
9.7088e+05
9.7252e+05
9.7404e+05
9.7545e+05
9.7675e+05
9.7794e+05
9.7902e+05
9.7998e+05
9.8083e+05
9.8158e+05
9.8221e+05
9.8273e+05
9.8315e+05
9.8346e+05
9.8367e+05
9.8377e+05
9.8378e+05
9.8368e+05
9.8348e+05
9.8319e+05
9.828e+05
9.8232e+05
9.8175e+05
9.8109e+05
9.8034e+05
9.7951e+05
9.7859e+05
9.7759e+05
9.7651e+05
9.7534e+05
9.7411e+05
9.7279e+05
9.7141e+05
9.6995e+05
9.6842e+05
9.6682e+05
9.6515e+05
9.6342e+05
9.6163e+05
9.5977e+05
9.5785e+05
9.5587e+05
9.5382e+05
9.5172e+05
9.4957e+05
9.4736e+05
9.4509e+05
9.4277e+05
9.4039e+05
9.3797e+05
9.3549e+05
9.3296e+05
9.3038e+05
9.2775e+05
9.2507e+05
9.2235e+05
9.1958e+05
9.1676e+05
9.139e+05
9.1099e+05
9.0803e+05
9.0503e+05
9.0199e+05
8.989e+05
8.9578e+05
8.926e+05
8.8939e+05
8.8614e+05
8.8284e+05
8.795e+05
8.7613e+05
8.7271e+05
8.6925e+05
8.6576e+05
8.6223e+05
8.5866e+05
8.5505e+05
8.5141e+05
8.4773e+05
8.4402e+05
8.4027e+05
8.3649e+05
8.3268e+05
8.2883e+05
8.2495e+05
8.2104e+05
8.171e+05
8.1313e+05
8.0913e+05
8.0511e+05
8.0105e+05
7.9698e+05
7.9287e+05
7.8874e+05
7.8459e+05
7.8042e+05
7.7623e+05
7.7201e+05
7.6778e+05
7.6353e+05
7.5926e+05
7.5498e+05
7.5069e+05
7.4638e+05
7.4206e+05
7.3773e+05
7.3339e+05
7.2904e+05
7.2469e+05
7.2033e+05
7.1597e+05
7.116e+05
7.0724e+05
7.0288e+05
6.9852e+05
6.9416e+05
6.8981e+05
6.8547e+05
6.8113e+05
6.7681e+05
6.7249e+05
6.6819e+05
6.6391e+05
6.5964e+05
6.554e+05
6.5117e+05
6.4696e+05
6.4278e+05
6.3862e+05
6.3449e+05
6.3038e+05
6.2631e+05
6.2227e+05
6.1826e+05
6.1429e+05
6.1035e+05
6.0645e+05
6.0259e+05
5.9877e+05
5.95e+05
5.9127e+05
5.8758e+05
5.8394e+05
5.8035e+05
5.7681e+05
5.7333e+05
5.6989e+05
5.6651e+05
5.6319e+05
5.5992e+05
5.5671e+05
5.5356e+05
5.5047e+05
5.4744e+05
5.4447e+05
5.4157e+05
5.3873e+05
5.3596e+05
5.3325e+05
5.3061e+05
5.2804e+05
5.2554e+05
5.231e+05
5.2074e+05
5.1845e+05
5.1623e+05
5.1408e+05
5.12e+05
5.0999e+05
5.0806e+05
5.062e+05
5.0442e+05
5.0271e+05
5.0107e+05
4.9951e+05
4.9802e+05
4.966e+05
4.9526e+05
4.9399e+05
4.928e+05
4.9168e+05
4.9063e+05
4.8966e+05
4.8875e+05
4.8793e+05
4.8717e+05
4.8648e+05
4.8587e+05
4.8533e+05
4.8485e+05
4.8445e+05
4.8412e+05
4.8385e+05
4.8365e+05
4.8352e+05
4.8346e+05
4.8346e+05
4.8352e+05
4.8365e+05
4.8384e+05
4.841e+05
4.8441e+05
4.8479e+05
4.8522e+05
4.8572e+05
4.8627e+05
4.8687e+05
4.8754e+05
4.8826e+05
4.8903e+05
4.8985e+05
4.9073e+05
4.9165e+05
4.9263e+05
4.9365e+05
4.9473e+05
4.9584e+05
4.97e+05
4.9821e+05
4.9946e+05
5.0075e+05
5.0208e+05
5.0346e+05
5.0487e+05
5.0631e+05
5.078e+05
5.0932e+05
5.1087e+05
5.1245e+05
5.1407e+05
5.1572e+05
5.174e+05
5.1911e+05
5.2085e+05
5.2261e+05
5.244e+05
5.2622e+05
5.2805e+05
5.2992e+05
5.318e+05
5.3371e+05
5.3563e+05
5.3758e+05
5.3954e+05
5.4152e+05
5.4352e+05
5.4554e+05
5.4757e+05
5.4962e+05
5.5168e+05
5.5376e+05
5.5585e+05
5.5795e+05
5.6006e+05
5.6219e+05
5.6432e+05
5.6647e+05
5.6863e+05
5.7079e+05
5.7297e+05
5.7516e+05
5.7735e+05
5.7955e+05
5.8176e+05
5.8398e+05
5.8621e+05
5.8844e+05
5.9068e+05
5.9293e+05
5.9518e+05
5.9745e+05
5.9972e+05
6.0199e+05
6.0428e+05
6.0657e+05
6.0886e+05
6.1117e+05
6.1348e+05
6.158e+05
6.1812e+05
6.2045e+05
6.2279e+05
6.2514e+05
6.2749e+05
6.2985e+05
6.3221e+05
6.3459e+05
6.3697e+05
6.3936e+05
6.4175e+05
6.4416e+05
6.4657e+05
6.4898e+05
6.5141e+05
6.5384e+05
6.5628e+05
6.5872e+05
6.6117e+05
6.6363e+05
6.6609e+05
6.6856e+05
6.7103e+05
6.7351e+05
6.7599e+05
6.7848e+05
6.8097e+05
6.8346e+05
6.8596e+05
6.8845e+05
6.9095e+05
6.9345e+05
6.9595e+05
6.9845e+05
7.0095e+05
7.0344e+05
7.0593e+05
7.0842e+05
7.109e+05
7.1338e+05
7.1584e+05
7.183e+05
7.2075e+05
7.2319e+05
7.2562e+05
7.2803e+05
7.3043e+05
7.3281e+05
7.3518e+05
7.3752e+05
7.3985e+05
7.4216e+05
7.4444e+05
7.467e+05
7.4893e+05
7.5114e+05
7.5332e+05
7.5547e+05
7.5758e+05
7.5967e+05
7.6172e+05
7.6374e+05
7.6571e+05
7.6765e+05
7.6955e+05
7.7141e+05
7.7323e+05
7.75e+05
7.7673e+05
7.7841e+05
7.8004e+05
7.8163e+05
7.8316e+05
7.8465e+05
7.8608e+05
7.8745e+05
7.8878e+05
7.9004e+05
7.9126e+05
7.9241e+05
7.935e+05
7.9454e+05
7.9552e+05
7.9644e+05
7.9729e+05
7.9809e+05
7.9882e+05
7.9949e+05
8.001e+05
8.0065e+05
8.0113e+05
8.0155e+05
8.019e+05
8.0219e+05
8.0242e+05
8.0258e+05
8.0268e+05
8.0272e+05
8.0269e+05
8.026e+05
8.0245e+05
8.0224e+05
8.0196e+05
8.0162e+05
8.0122e+05
8.0076e+05
8.0023e+05
7.9965e+05
7.9901e+05
7.9832e+05
7.9756e+05
7.9675e+05
7.9588e+05
7.9496e+05
7.9398e+05
7.9295e+05
7.9187e+05
7.9074e+05
7.8955e+05
7.8832e+05
7.8704e+05
7.8571e+05
7.8433e+05
7.8291e+05
7.8145e+05
7.7994e+05
7.7839e+05
7.7679e+05
7.7516e+05
7.7349e+05
7.7178e+05
7.7003e+05
7.6825e+05
7.6643e+05
7.6458e+05
7.6269e+05
7.6078e+05
7.5883e+05
7.5685e+05
7.5484e+05
7.5281e+05
7.5075e+05
7.4866e+05
7.4655e+05
7.4441e+05
7.4225e+05
7.4006e+05
7.3785e+05
7.3563e+05
7.3338e+05
7.3111e+05
7.2882e+05
7.2651e+05
7.2419e+05
7.2185e+05
7.1949e+05
7.1712e+05
7.1473e+05
7.1232e+05
7.099e+05
7.0747e+05
7.0503e+05
7.0257e+05
7.001e+05
6.9761e+05
6.9512e+05
6.9261e+05
6.9009e+05
6.8756e+05
6.8502e+05
6.8247e+05
6.7991e+05
6.7734e+05
6.7476e+05
6.7217e+05
6.6957e+05
6.6696e+05
6.6434e+05
6.6171e+05
6.5908e+05
6.5643e+05
6.5378e+05
6.5112e+05
6.4844e+05
6.4576e+05
6.4307e+05
6.4038e+05
6.3767e+05
6.3495e+05
6.3223e+05
6.2949e+05
6.2675e+05
6.24e+05
6.2124e+05
6.1847e+05
6.1569e+05
6.129e+05
6.101e+05
6.0729e+05
6.0447e+05
6.0164e+05
5.9881e+05
5.9596e+05
5.931e+05
5.9023e+05
5.8735e+05
5.8446e+05
5.8156e+05
5.7865e+05
5.7573e+05
5.728e+05
5.6985e+05
5.669e+05
5.6393e+05
5.6096e+05
5.5797e+05
5.5497e+05
5.5195e+05
5.4893e+05
5.459e+05
5.4285e+05
5.3979e+05
5.3672e+05
5.3364e+05
5.3054e+05
5.2743e+05
5.2431e+05
5.2118e+05
5.1804e+05
5.1489e+05
5.1172e+05
5.0854e+05
5.0535e+05
5.0215e+05
4.9894e+05
4.9571e+05
4.9247e+05
4.8923e+05
4.8597e+05
4.827e+05
4.7942e+05
4.7612e+05
4.7282e+05
4.6951e+05
4.6618e+05
4.6285e+05
4.5951e+05
4.5615e+05
4.5279e+05
4.4942e+05
4.4604e+05
4.4265e+05
4.3925e+05
4.3585e+05
4.3243e+05
4.2901e+05
4.2559e+05
4.2215e+05
4.1871e+05
4.1526e+05
4.1181e+05
4.0835e+05
4.0489e+05
4.0142e+05
3.9795e+05
3.9447e+05
3.9099e+05
3.8751e+05
3.8402e+05
3.8053e+05
3.7704e+05
3.7355e+05
3.7006e+05
3.6656e+05
3.6307e+05
3.5957e+05
3.5608e+05
3.5258e+05
3.4909e+05
3.456e+05
3.4211e+05
3.3862e+05
3.3514e+05
3.3166e+05
3.2818e+05
3.2471e+05
3.2124e+05
3.1778e+05
3.1432e+05
3.1086e+05
3.0741e+05
3.0397e+05
3.0053e+05
2.971e+05
2.9368e+05
2.9026e+05
2.8686e+05
2.8345e+05
2.8006e+05
2.7668e+05
2.733e+05
2.6993e+05
2.6658e+05
2.6323e+05
2.5989e+05
2.5656e+05
2.5324e+05
2.4993e+05
2.4663e+05
2.4334e+05
2.4006e+05
2.3679e+05
2.3353e+05
2.3029e+05
2.2705e+05
2.2383e+05
2.2061e+05
2.1741e+05
2.1422e+05
2.1104e+05
2.0788e+05
2.0472e+05
2.0158e+05
1.9845e+05
1.9533e+05
1.9222e+05
1.8913e+05
1.8605e+05
1.8298e+05
1.7992e+05
1.7687e+05
1.7384e+05
1.7082e+05
1.6781e+05
1.6481e+05
1.6183e+05
1.5886e+05
1.559e+05
1.5295e+05
1.5002e+05
1.471e+05
1.4419e+05
1.413e+05
1.3841e+05
1.3554e+05
1.3268e+05
1.2984e+05
1.27e+05
1.2419e+05
1.2138e+05
1.1858e+05
1.158e+05
1.1303e+05
1.1028e+05
1.0753e+05
1.048e+05
1.0209e+05
99382
96690
94012
91346
88694
86054
83428
80815
78215
75629
73055
70495
67948
65415
62895
60388
57895
55415
52948
50496
48056
45631
43218
40820
38435
36064
33706
31362
29032
26715
24413
22124
19849
17588
15341
13107
10888
8682.1
6490.6
4313
2149.5
0
