19769
22958
26376
30018
33878
37952
42233
46715
51391
56253
61293
66504
71876
77402
83071
88874
94802
1.0085e+05
1.0699e+05
1.1323e+05
1.1956e+05
1.2596e+05
1.3242e+05
1.3893e+05
1.4548e+05
1.5206e+05
1.5866e+05
1.6527e+05
1.7187e+05
1.7846e+05
1.8502e+05
1.9155e+05
1.9804e+05
2.0446e+05
2.1082e+05
2.1711e+05
2.2331e+05
2.2941e+05
2.3541e+05
2.413e+05
2.4706e+05
2.5269e+05
2.5819e+05
2.6354e+05
2.6874e+05
2.7378e+05
2.7865e+05
2.8335e+05
2.8787e+05
2.9221e+05
2.9637e+05
3.0033e+05
3.0409e+05
3.0766e+05
3.1102e+05
3.1418e+05
3.1713e+05
3.1987e+05
3.224e+05
3.2472e+05
3.2683e+05
3.2872e+05
3.3041e+05
3.3188e+05
3.3315e+05
3.3421e+05
3.3506e+05
3.3571e+05
3.3615e+05
3.364e+05
3.3646e+05
3.3633e+05
3.3601e+05
3.3551e+05
3.3483e+05
3.3398e+05
3.3297e+05
3.3179e+05
3.3046e+05
3.2898e+05
3.2736e+05
3.256e+05
3.2372e+05
3.2171e+05
3.1958e+05
3.1735e+05
3.1501e+05
3.1258e+05
3.1006e+05
3.0747e+05
3.048e+05
3.0207e+05
2.9928e+05
2.9644e+05
2.9356e+05
2.9064e+05
2.877e+05
2.8473e+05
2.8175e+05
2.7877e+05
2.7579e+05
2.7281e+05
2.6986e+05
2.6692e+05
2.6401e+05
2.6113e+05
2.5829e+05
2.555e+05
2.5276e+05
2.5008e+05
2.4746e+05
2.4491e+05
2.4243e+05
2.4002e+05
2.377e+05
2.3545e+05
2.333e+05
2.3124e+05
2.2927e+05
2.2741e+05
2.2564e+05
2.2397e+05
2.2241e+05
2.2095e+05
2.196e+05
2.1836e+05
2.1723e+05
2.1621e+05
2.153e+05
2.1449e+05
2.138e+05
2.1322e+05
2.1274e+05
2.1238e+05
2.1211e+05
2.1196e+05
2.119e+05
2.1194e+05
2.1208e+05
2.1232e+05
2.1265e+05
2.1307e+05
2.1357e+05
2.1415e+05
2.1482e+05
2.1556e+05
2.1637e+05
2.1724e+05
2.1818e+05
2.1918e+05
2.2023e+05
2.2133e+05
2.2247e+05
2.2365e+05
2.2487e+05
2.2612e+05
2.2739e+05
2.2868e+05
2.2999e+05
2.313e+05
2.3262e+05
2.3394e+05
2.3525e+05
2.3656e+05
2.3784e+05
2.3911e+05
2.4035e+05
2.4157e+05
2.4275e+05
2.4389e+05
2.4498e+05
2.4603e+05
2.4703e+05
2.4797e+05
2.4886e+05
2.4968e+05
2.5043e+05
2.5112e+05
2.5173e+05
2.5227e+05
2.5273e+05
2.5311e+05
2.534e+05
2.5361e+05
2.5373e+05
2.5377e+05
2.5371e+05
2.5356e+05
2.5332e+05
2.5299e+05
2.5256e+05
2.5203e+05
2.5141e+05
2.507e+05
2.4989e+05
2.4899e+05
2.4799e+05
2.4691e+05
2.4572e+05
2.4445e+05
2.4309e+05
2.4164e+05
2.4011e+05
2.3849e+05
2.3679e+05
2.3501e+05
2.3315e+05
2.3121e+05
2.292e+05
2.2712e+05
2.2498e+05
2.2277e+05
2.2049e+05
2.1816e+05
2.1577e+05
2.1333e+05
2.1084e+05
2.083e+05
2.0572e+05
2.0309e+05
2.0043e+05
1.9774e+05
1.9501e+05
1.9225e+05
1.8947e+05
1.8667e+05
1.8385e+05
1.8101e+05
1.7816e+05
1.7529e+05
1.7242e+05
1.6954e+05
1.6666e+05
1.6378e+05
1.609e+05
1.5802e+05
1.5515e+05
1.5228e+05
1.4943e+05
1.4658e+05
1.4375e+05
1.4093e+05
1.3812e+05
1.3534e+05
1.3257e+05
1.2981e+05
1.2708e+05
1.2437e+05
1.2168e+05
1.1901e+05
1.1636e+05
1.1374e+05
1.1113e+05
1.0855e+05
1.06e+05
1.0346e+05
1.0095e+05
98462
95997
93554
91134
88737
86362
84008
81676
79366
77077
74809
72562
70335
68129
65943
63777
61632
59508
57404
55320
53258
51218
49199
47203
45229
43280
41355
39455
37581
35735
33918
32130
30373
28648
26958
25302
23683
22103
20562
19064
17609
16199
14836
13523
12260
11049
9892.9
8792.8
7750.4
6767.5
5845.7
4986.5
4191.5
3462
2799.4
2204.8
1679.4
1224.1
839.68
526.88
286.22
118.08
22.664
0
49.942
172.15
366.11
631.09
966.16
1370.2
1841.9
2379.6
2981.8
3646.3
4371
5153.6
5991.4
6881.8
7821.7
8808
9837.4
10906
12011
13148
14313
15502
16711
17935
19170
20412
21655
22896
24129
25350
26555
27738
28894
30020
31111
32162
33169
34128
35035
35885
36676
37404
38066
38658
39177
39623
39991
40282
40492
40621
40668
40632
40515
40315
40034
39673
39234
38718
38129
37469
36741
35950
35100
34195
33241
32244
31209
30143
29053
27946
26831
25714
24606
23514
22449
21419
20435
19506
18643
17857
17159
16559
16070
15702
15467
15376
15441
15675
16087
16691
17497
18516
19762
21243
22971
24958
27212
29745
32565
35683
39108
42847
46909
51301
56031
61105
66529
72309
78448
84952
91823
99065
1.0668e+05
1.1467e+05
1.2303e+05
1.3176e+05
1.4087e+05
1.5035e+05
1.602e+05
1.7042e+05
1.81e+05
1.9193e+05
2.0321e+05
2.1484e+05
2.2681e+05
2.3911e+05
2.5173e+05
2.6465e+05
2.7788e+05
2.914e+05
3.052e+05
3.1926e+05
3.3358e+05
3.4813e+05
3.6291e+05
3.7789e+05
3.9307e+05
4.0843e+05
4.2394e+05
4.396e+05
4.5538e+05
4.7127e+05
4.8725e+05
5.0329e+05
5.1939e+05
5.3551e+05
5.5164e+05
5.6776e+05
5.8384e+05
5.9988e+05
6.1584e+05
6.3171e+05
6.4746e+05
6.6307e+05
6.7853e+05
6.9381e+05
7.0889e+05
7.2375e+05
7.3837e+05
7.5274e+05
7.6682e+05
7.806e+05
7.9407e+05
8.072e+05
8.1998e+05
8.3238e+05
8.444e+05
8.5601e+05
8.672e+05
8.7794e+05
8.8824e+05
8.9807e+05
9.0742e+05
9.1628e+05
9.2463e+05
9.3247e+05
9.3978e+05
9.4655e+05
9.5278e+05
9.5845e+05
9.6357e+05
9.6812e+05
9.721e+05
9.755e+05
9.7832e+05
9.8056e+05
9.8222e+05
9.8329e+05
9.8378e+05
9.8368e+05
9.83e+05
9.8174e+05
9.799e+05
9.7749e+05
9.7451e+05
9.7098e+05
9.6688e+05
9.6225e+05
9.5707e+05
9.5137e+05
9.4514e+05
9.3841e+05
9.3118e+05
9.2346e+05
9.1527e+05
9.0662e+05
8.9753e+05
8.88e+05
8.7806e+05
8.6771e+05
8.5698e+05
8.4588e+05
8.3442e+05
8.2263e+05
8.1052e+05
7.981e+05
7.854e+05
7.7244e+05
7.5922e+05
7.4578e+05
7.3212e+05
7.1826e+05
7.0424e+05
6.9005e+05
6.7572e+05
6.6128e+05
6.4673e+05
6.3209e+05
6.1739e+05
6.0264e+05
5.8785e+05
5.7306e+05
5.5826e+05
5.4348e+05
5.2874e+05
5.1404e+05
4.9942e+05
4.8487e+05
4.7042e+05
4.5608e+05
4.4186e+05
4.2778e+05
4.1385e+05
4.0009e+05
3.8649e+05
3.7308e+05
3.5987e+05
3.4687e+05
3.3407e+05
3.2151e+05
3.0918e+05
2.9708e+05
2.8524e+05
2.7365e+05
2.6232e+05
2.5126e+05
2.4047e+05
2.2995e+05
2.1972e+05
2.0977e+05
2.001e+05
1.9072e+05
1.8163e+05
1.7284e+05
1.6433e+05
1.5611e+05
1.4819e+05
1.4056e+05
1.3321e+05
1.2615e+05
1.1938e+05
1.1289e+05
1.0668e+05
1.0074e+05
95077
89681
84548
79674
75053
70681
66551
62658
58997
55559
52340
49333
46530
43926
41513
39284
37232
35350
33631
32067
30652
29377
28237
27224
26331
25551
24877
24302
23820
23424
23108
22865
22689
22575
22516
22506
22541
22616
22724
22861
23023
23205
23403
23612
23829
24050
24272
24492
24705
24911
25106
25287
25453
25601
25731
25839
25925
25987
26025
26038
26024
25984
25917
25822
25700
25551
25374
25170
24940
24684
24403
24097
23767
23414
23040
22644
22229
21795
21344
20876
20394
19897
19389
18870
18341
17804
17260
16711
16157
15601
15044
14486
13929
13375
12825
12279
11739
11206
10681
10165
9658.3
9162.8
8679
8207.5
7749.1
7304.4
6874
6458.5
6058.3
5673.8
5305.4
4953.4
4617.9
4299.2
3997.4
3712.5
3444.5
3193.5
2959.1
2741.4
2540.1
2354.8
2185.4
2031.5
1892.6
1768.4
1658.3
1561.9
1478.6
1407.8
1349
1301.4
1264.5
1237.6
1219.9
1210.9
1209.6
1215.5
1227.7
1245.6
1268.3
1295.1
1325.3
1358.1
1392.7
1428.4
1464.6
