9.8378e+05
9.7921e+05
9.7457e+05
9.6988e+05
9.6512e+05
9.603e+05
9.5542e+05
9.5048e+05
9.4549e+05
9.4044e+05
9.3534e+05
9.3018e+05
9.2497e+05
9.1972e+05
9.1441e+05
9.0906e+05
9.0366e+05
8.9821e+05
8.9272e+05
8.8719e+05
8.8162e+05
8.76e+05
8.7035e+05
8.6466e+05
8.5894e+05
8.5318e+05
8.4739e+05
8.4156e+05
8.3571e+05
8.2982e+05
8.2391e+05
8.1796e+05
8.12e+05
8.06e+05
7.9999e+05
7.9395e+05
7.8789e+05
7.818e+05
7.7571e+05
7.6959e+05
7.6345e+05
7.573e+05
7.5114e+05
7.4496e+05
7.3877e+05
7.3257e+05
7.2636e+05
7.2014e+05
7.1391e+05
7.0768e+05
7.0144e+05
6.952e+05
6.8895e+05
6.827e+05
6.7645e+05
6.702e+05
6.6395e+05
6.577e+05
6.5145e+05
6.4521e+05
6.3897e+05
6.3274e+05
6.2651e+05
6.2029e+05
6.1408e+05
6.0788e+05
6.0169e+05
5.9551e+05
5.8935e+05
5.8319e+05
5.7705e+05
5.7093e+05
5.6481e+05
5.5872e+05
5.5264e+05
5.4658e+05
5.4054e+05
5.3452e+05
5.2852e+05
5.2254e+05
5.1658e+05
5.1065e+05
5.0474e+05
4.9885e+05
4.9298e+05
4.8715e+05
4.8133e+05
4.7555e+05
4.6979e+05
4.6406e+05
4.5836e+05
4.5269e+05
4.4705e+05
4.4144e+05
4.3586e+05
4.3031e+05
4.2479e+05
4.1931e+05
4.1386e+05
4.0845e+05
4.0307e+05
3.9772e+05
3.9241e+05
3.8714e+05
3.819e+05
3.767e+05
3.7154e+05
3.6641e+05
3.6132e+05
3.5628e+05
3.5127e+05
3.463e+05
3.4137e+05
3.3648e+05
3.3164e+05
3.2683e+05
3.2207e+05
3.1734e+05
3.1266e+05
3.0802e+05
3.0343e+05
2.9888e+05
2.9437e+05
2.8991e+05
2.8549e+05
2.8111e+05
2.7678e+05
2.7249e+05
2.6825e+05
2.6406e+05
2.5991e+05
2.558e+05
2.5174e+05
2.4773e+05
2.4377e+05
2.3985e+05
2.3597e+05
2.3215e+05
2.2837e+05
2.2464e+05
2.2095e+05
2.1732e+05
2.1373e+05
2.1019e+05
2.0669e+05
2.0325e+05
1.9985e+05
1.965e+05
1.932e+05
1.8994e+05
1.8674e+05
1.8358e+05
1.8047e+05
1.7741e+05
1.7439e+05
1.7143e+05
1.6851e+05
1.6564e+05
1.6282e+05
1.6005e+05
1.5733e+05
1.5465e+05
1.5202e+05
1.4944e+05
1.4691e+05
1.4443e+05
1.4199e+05
1.3961e+05
1.3726e+05
1.3497e+05
1.3273e+05
1.3053e+05
1.2838e+05
1.2628e+05
1.2422e+05
1.2221e+05
1.2025e+05
1.1833e+05
1.1646e+05
1.1464e+05
1.1286e+05
1.1113e+05
1.0945e+05
1.0781e+05
1.0622e+05
1.0467e+05
1.0317e+05
1.0171e+05
1.003e+05
98930
97606
96327
95091
93900
92751
91647
90585
89566
88589
87655
86763
85913
85105
84338
83612
82926
82282
81677
81112
80588
80102
79656
79248
78879
78548
78256
78000
77782
77602
77457
77349
77278
77242
77241
77275
77345
77448
77586
77758
77963
78201
78472
78775
79110
79477
79876
80305
80765
81256
81776
82327
82906
83514
84151
84816
85509
86230
86977
87751
88552
89379
90231
91109
92011
92939
93890
94865
95864
96886
97930
98997
1.0009e+05
1.012e+05
1.0233e+05
1.0348e+05
1.0465e+05
1.0585e+05
1.0706e+05
1.0829e+05
1.0954e+05
1.1081e+05
1.121e+05
1.1341e+05
1.1473e+05
1.1607e+05
1.1743e+05
1.188e+05
1.2019e+05
1.216e+05
1.2302e+05
1.2446e+05
1.2591e+05
1.2737e+05
1.2885e+05
1.3035e+05
1.3185e+05
1.3337e+05
1.349e+05
1.3644e+05
1.38e+05
1.3956e+05
1.4114e+05
1.4273e+05
1.4433e+05
1.4594e+05
1.4755e+05
1.4918e+05
1.5082e+05
1.5246e+05
1.5411e+05
1.5577e+05
1.5744e+05
1.5911e+05
1.608e+05
1.6248e+05
1.6418e+05
1.6588e+05
1.6758e+05
1.693e+05
1.7101e+05
1.7273e+05
1.7446e+05
1.7618e+05
1.7791e+05
1.7965e+05
1.8139e+05
1.8313e+05
1.8487e+05
1.8661e+05
1.8836e+05
1.9011e+05
1.9185e+05
1.936e+05
1.9535e+05
1.971e+05
1.9885e+05
2.006e+05
2.0234e+05
2.0409e+05
2.0583e+05
2.0758e+05
2.0932e+05
2.1106e+05
2.1279e+05
2.1452e+05
2.1625e+05
2.1798e+05
2.197e+05
2.2142e+05
2.2314e+05
2.2485e+05
2.2655e+05
2.2825e+05
2.2995e+05
2.3163e+05
2.3332e+05
2.3499e+05
2.3666e+05
2.3833e+05
2.3999e+05
2.4164e+05
2.4328e+05
2.4491e+05
2.4654e+05
2.4816e+05
2.4977e+05
2.5137e+05
2.5297e+05
2.5455e+05
2.5613e+05
2.5769e+05
2.5925e+05
2.6079e+05
2.6233e+05
2.6386e+05
2.6537e+05
2.6688e+05
2.6837e+05
2.6985e+05
2.7132e+05
2.7278e+05
2.7423e+05
2.7567e+05
2.7709e+05
2.7851e+05
2.7991e+05
2.8129e+05
2.8267e+05
2.8403e+05
2.8538e+05
2.8671e+05
2.8803e+05
2.8934e+05
2.9064e+05
2.9192e+05
2.9318e+05
2.9443e+05
2.9567e+05
2.969e+05
2.981e+05
2.993e+05
3.0048e+05
3.0164e+05
3.0279e+05
3.0392e+05
3.0504e+05
3.0614e+05
3.0723e+05
3.083e+05
3.0935e+05
3.1039e+05
3.1141e+05
3.1242e+05
3.1341e+05
3.1438e+05
3.1534e+05
3.1628e+05
3.1721e+05
3.1811e+05
3.19e+05
3.1987e+05
3.2073e+05
3.2157e+05
3.2239e+05
3.2319e+05
3.2398e+05
3.2475e+05
3.255e+05
3.2623e+05
3.2695e+05
3.2765e+05
3.2833e+05
3.2899e+05
3.2964e+05
3.3026e+05
3.3087e+05
3.3146e+05
3.3204e+05
3.3259e+05
3.3313e+05
3.3365e+05
3.3415e+05
3.3463e+05
3.3509e+05
3.3554e+05
3.3596e+05
3.3637e+05
3.3676e+05
3.3713e+05
3.3749e+05
3.3782e+05
3.3814e+05
3.3844e+05
3.3872e+05
3.3898e+05
3.3922e+05
3.3944e+05
3.3965e+05
3.3984e+05
3.4001e+05
3.4016e+05
3.4029e+05
3.4041e+05
3.405e+05
3.4058e+05
3.4064e+05
3.4068e+05
3.407e+05
3.4071e+05
3.4069e+05
3.4066e+05
3.4061e+05
3.4054e+05
3.4045e+05
3.4035e+05
3.4023e+05
3.4009e+05
3.3993e+05
3.3975e+05
3.3956e+05
3.3935e+05
3.3912e+05
3.3887e+05
3.3861e+05
3.3833e+05
3.3803e+05
3.3771e+05
3.3738e+05
3.3703e+05
3.3666e+05
3.3627e+05
3.3587e+05
3.3545e+05
3.3502e+05
3.3456e+05
3.3409e+05
3.3361e+05
3.331e+05
3.3258e+05
3.3205e+05
3.3149e+05
3.3093e+05
3.3034e+05
3.2974e+05
3.2912e+05
3.2849e+05
3.2784e+05
3.2718e+05
3.265e+05
3.258e+05
3.2509e+05
3.2437e+05
3.2363e+05
3.2287e+05
3.221e+05
3.2131e+05
3.2051e+05
3.197e+05
3.1887e+05
3.1802e+05
3.1716e+05
3.1629e+05
3.154e+05
3.145e+05
3.1359e+05
3.1266e+05
3.1172e+05
3.1076e+05
3.0979e+05
3.0881e+05
3.0781e+05
3.068e+05
3.0578e+05
3.0474e+05
3.037e+05
3.0264e+05
3.0156e+05
3.0048e+05
2.9938e+05
2.9827e+05
2.9715e+05
2.9602e+05
2.9488e+05
2.9372e+05
2.9255e+05
2.9137e+05
2.9018e+05
2.8898e+05
2.8777e+05
2.8655e+05
2.8531e+05
2.8407e+05
2.8282e+05
2.8155e+05
2.8028e+05
2.7899e+05
2.777e+05
2.764e+05
2.7508e+05
2.7376e+05
2.7243e+05
2.7109e+05
2.6974e+05
2.6838e+05
2.6701e+05
2.6563e+05
2.6425e+05
2.6286e+05
2.6146e+05
2.6005e+05
2.5863e+05
2.5721e+05
2.5577e+05
2.5433e+05
2.5289e+05
2.5143e+05
2.4997e+05
2.4851e+05
2.4703e+05
2.4555e+05
2.4406e+05
2.4257e+05
2.4107e+05
2.3956e+05
2.3805e+05
2.3653e+05
2.3501e+05
2.3348e+05
2.3195e+05
2.3041e+05
2.2887e+05
2.2732e+05
2.2576e+05
2.2421e+05
2.2264e+05
2.2108e+05
2.195e+05
2.1793e+05
2.1635e+05
2.1477e+05
2.1318e+05
2.1159e+05
2.1e+05
2.084e+05
2.068e+05
2.052e+05
2.036e+05
2.0199e+05
2.0038e+05
1.9876e+05
1.9715e+05
1.9553e+05
1.9391e+05
1.9229e+05
1.9067e+05
1.8905e+05
1.8742e+05
1.8579e+05
1.8417e+05
1.8254e+05
1.8091e+05
1.7928e+05
1.7765e+05
1.7601e+05
1.7438e+05
1.7275e+05
1.7112e+05
1.6948e+05
1.6785e+05
1.6622e+05
1.6459e+05
1.6296e+05
1.6132e+05
1.5969e+05
1.5807e+05
1.5644e+05
1.5481e+05
1.5318e+05
1.5156e+05
1.4994e+05
1.4832e+05
1.467e+05
1.4508e+05
1.4346e+05
1.4185e+05
1.4024e+05
1.3863e+05
1.3702e+05
1.3541e+05
1.3381e+05
1.3221e+05
1.3062e+05
1.2902e+05
1.2743e+05
1.2585e+05
1.2426e+05
1.2268e+05
1.211e+05
1.1953e+05
1.1796e+05
1.1639e+05
1.1483e+05
1.1327e+05
1.1172e+05
1.1017e+05
1.0862e+05
1.0708e+05
1.0555e+05
1.0401e+05
1.0249e+05
1.0096e+05
99445
97932
96424
94921
93423
91931
90444
88962
87486
86016
84551
83092
81639
80192
78751
77316
75887
74465
73049
71639
70236
68839
67449
66065
64689
63319
61956
60600
59251
57909
56574
55247
53927
52614
51308
50010
48719
47436
46161
44893
43633
42381
41136
39899
38670
37449
36237
35032
33835
32646
31466
30293
29129
27973
26826
25687
24556
23434
22320
21214
20117
19029
17949
16878
15815
14761
13715
12679
11651
10631
9620.9
8619.1
7626.1
6641.9
5666.5
4700
3742.2
2793.4
1853.4
922.24
0
