69020
71989
75034
78151
81337
84588
87900
91270
94693
98166
1.0168e+05
1.0524e+05
1.0884e+05
1.1247e+05
1.1612e+05
1.198e+05
1.235e+05
1.2721e+05
1.3094e+05
1.3467e+05
1.384e+05
1.4213e+05
1.4585e+05
1.4956e+05
1.5326e+05
1.5693e+05
1.6058e+05
1.6421e+05
1.678e+05
1.7135e+05
1.7487e+05
1.7834e+05
1.8177e+05
1.8515e+05
1.8847e+05
1.9173e+05
1.9494e+05
1.9808e+05
2.0116e+05
2.0417e+05
2.0711e+05
2.0998e+05
2.1277e+05
2.1549e+05
2.1812e+05
2.2068e+05
2.2315e+05
2.2554e+05
2.2785e+05
2.3007e+05
2.3221e+05
2.3426e+05
2.3622e+05
2.3809e+05
2.3988e+05
2.4158e+05
2.4319e+05
2.4472e+05
2.4616e+05
2.4751e+05
2.4878e+05
2.4997e+05
2.5107e+05
2.5209e+05
2.5303e+05
2.5389e+05
2.5468e+05
2.5539e+05
2.5602e+05
2.5659e+05
2.5708e+05
2.5751e+05
2.5787e+05
2.5817e+05
2.5841e+05
2.586e+05
2.5872e+05
2.5879e+05
2.5882e+05
2.5879e+05
2.5872e+05
2.5861e+05
2.5846e+05
2.5827e+05
2.5805e+05
2.5779e+05
2.5751e+05
2.572e+05
2.5686e+05
2.565e+05
2.5613e+05
2.5574e+05
2.5533e+05
2.5492e+05
2.5449e+05
2.5406e+05
2.5363e+05
2.5319e+05
2.5275e+05
2.5232e+05
2.5188e+05
2.5146e+05
2.5104e+05
2.5063e+05
2.5023e+05
2.4984e+05
2.4947e+05
2.4911e+05
2.4876e+05
2.4843e+05
2.4812e+05
2.4783e+05
2.4756e+05
2.4731e+05
2.4708e+05
2.4687e+05
2.4668e+05
2.4652e+05
2.4637e+05
2.4625e+05
2.4615e+05
2.4607e+05
2.4601e+05
2.4597e+05
2.4596e+05
2.4596e+05
2.4599e+05
2.4603e+05
2.4609e+05
2.4617e+05
2.4627e+05
2.4638e+05
2.4651e+05
2.4665e+05
2.468e+05
2.4697e+05
2.4714e+05
2.4733e+05
2.4753e+05
2.4773e+05
2.4793e+05
2.4815e+05
2.4836e+05
2.4858e+05
2.4879e+05
2.4901e+05
2.4922e+05
2.4943e+05
2.4964e+05
2.4984e+05
2.5003e+05
2.5021e+05
2.5038e+05
2.5054e+05
2.5069e+05
2.5082e+05
2.5094e+05
2.5104e+05
2.5112e+05
2.5118e+05
2.5122e+05
2.5124e+05
2.5124e+05
2.5121e+05
2.5116e+05
2.5108e+05
2.5098e+05
2.5085e+05
2.5069e+05
2.505e+05
2.5028e+05
2.5003e+05
2.4975e+05
2.4943e+05
2.4908e+05
2.487e+05
2.4829e+05
2.4784e+05
2.4735e+05
2.4683e+05
2.4627e+05
2.4568e+05
2.4505e+05
2.4438e+05
2.4367e+05
2.4293e+05
2.4215e+05
2.4133e+05
2.4047e+05
2.3957e+05
2.3863e+05
2.3766e+05
2.3664e+05
2.3559e+05
2.345e+05
2.3336e+05
2.3219e+05
2.3098e+05
2.2973e+05
2.2845e+05
2.2712e+05
2.2576e+05
2.2435e+05
2.2291e+05
2.2143e+05
2.1991e+05
2.1835e+05
2.1676e+05
2.1513e+05
2.1346e+05
2.1176e+05
2.1002e+05
2.0824e+05
2.0643e+05
2.0458e+05
2.027e+05
2.0079e+05
1.9884e+05
1.9686e+05
1.9484e+05
1.9279e+05
1.9072e+05
1.8861e+05
1.8647e+05
1.843e+05
1.821e+05
1.7987e+05
1.7762e+05
1.7534e+05
1.7303e+05
1.707e+05
1.6835e+05
1.6597e+05
1.6358e+05
1.6116e+05
1.5872e+05
1.5626e+05
1.5379e+05
1.513e+05
1.4879e+05
1.4627e+05
1.4374e+05
1.412e+05
1.3865e+05
1.3609e+05
1.3353e+05
1.3096e+05
1.2838e+05
1.2581e+05
1.2323e+05
1.2066e+05
1.1809e+05
1.1552e+05
1.1296e+05
1.1041e+05
1.0787e+05
1.0534e+05
1.0282e+05
1.0032e+05
97838
95374
92931
90511
88115
85746
83405
81094
78815
76569
74359
72185
70050
67955
65902
63892
61927
60008
58137
56314
54542
52820
51151
49535
47973
46466
45015
43620
42282
41002
39779
38614
37507
36458
35467
34534
33659
32840
32079
31373
30722
30126
29583
29092
28653
28263
27921
27627
27377
27171
27007
26882
26795
26744
26726
26740
26782
26852
26945
27060
27194
27344
27509
27685
27869
28060
28254
28448
28641
28829
29009
29180
29339
29483
29609
29716
29801
29862
29897
29904
29881
29826
29738
29615
29456
29259
29024
28750
28435
28081
27685
27248
26770
26251
25692
25093
24455
23779
23067
22320
21539
20727
19886
19018
18127
17213
16282
15336
14379
13413
12445
11477
10513
9559.6
8620.1
7699.8
6803.8
5937.6
5106.5
4316.3
3572.7
2881.7
2249.4
1681.9
1185.7
767.03
432.51
188.72
42.307
0
68.557
254.77
565.44
1007.4
1587.4
2312.3
3188.7
4223.5
5423.1
6794.2
8343.2
10076
12000
14120
16443
18973
21718
24682
27870
31287
34938
38828
42960
47339
51968
56851
61991
67390
73050
78975
85165
91622
98347
1.0534e+05
1.126e+05
1.2013e+05
1.2793e+05
1.36e+05
1.4433e+05
1.5293e+05
1.6179e+05
1.709e+05
1.8028e+05
1.8991e+05
1.9978e+05
2.0991e+05
2.2027e+05
2.3087e+05
2.417e+05
2.5275e+05
2.6403e+05
2.7551e+05
2.872e+05
2.9909e+05
3.1116e+05
3.2342e+05
3.3585e+05
3.4845e+05
3.612e+05
3.741e+05
3.8714e+05
4.003e+05
4.1357e+05
4.2696e+05
4.4043e+05
4.5399e+05
4.6763e+05
4.8132e+05
4.9506e+05
5.0884e+05
5.2265e+05
5.3646e+05
5.5028e+05
5.6408e+05
5.7786e+05
5.9161e+05
6.053e+05
6.1893e+05
6.3248e+05
6.4595e+05
6.5931e+05
6.7256e+05
6.8568e+05
6.9866e+05
7.1149e+05
7.2415e+05
7.3664e+05
7.4893e+05
7.6103e+05
7.7291e+05
7.8457e+05
7.9599e+05
8.0716e+05
8.1807e+05
8.2871e+05
8.3907e+05
8.4914e+05
8.5891e+05
8.6836e+05
8.775e+05
8.8631e+05
8.9478e+05
9.0291e+05
9.1068e+05
9.1809e+05
9.2514e+05
9.318e+05
9.3809e+05
9.4399e+05
9.495e+05
9.5461e+05
9.5932e+05
9.6362e+05
9.6752e+05
9.71e+05
9.7406e+05
9.7671e+05
9.7894e+05
9.8075e+05
9.8214e+05
9.8311e+05
9.8365e+05
9.8378e+05
9.8348e+05
9.8277e+05
9.8164e+05
9.8009e+05
9.7814e+05
9.7578e+05
9.7301e+05
9.6985e+05
9.6628e+05
9.6233e+05
9.58e+05
9.5328e+05
9.482e+05
9.4274e+05
9.3693e+05
9.3076e+05
9.2425e+05
9.174e+05
9.1023e+05
9.0273e+05
8.9493e+05
8.8682e+05
8.7841e+05
8.6973e+05
8.6077e+05
8.5154e+05
8.4207e+05
8.3234e+05
8.2239e+05
8.1221e+05
8.0182e+05
7.9123e+05
7.8045e+05
7.6949e+05
7.5837e+05
7.4708e+05
7.3565e+05
7.2409e+05
7.124e+05
7.006e+05
6.887e+05
6.7672e+05
6.6465e+05
6.5251e+05
6.4032e+05
6.2808e+05
6.158e+05
6.035e+05
5.9119e+05
5.7887e+05
5.6656e+05
5.5426e+05
5.4199e+05
5.2976e+05
5.1757e+05
5.0543e+05
4.9336e+05
4.8135e+05
4.6943e+05
4.576e+05
4.4586e+05
4.3422e+05
4.227e+05
4.113e+05
4.0002e+05
3.8887e+05
3.7786e+05
3.67e+05
3.5628e+05
3.4572e+05
3.3533e+05
3.2509e+05
3.1503e+05
3.0514e+05
2.9544e+05
2.8591e+05
2.7657e+05
2.6742e+05
2.5846e+05
2.4969e+05
2.4112e+05
2.3275e+05
2.2458e+05
2.166e+05
2.0884e+05
2.0127e+05
1.9391e+05
1.8675e+05
1.798e+05
1.7305e+05
1.665e+05
1.6016e+05
1.5402e+05
1.4808e+05
1.4234e+05
1.3679e+05
1.3145e+05
1.2629e+05
1.2133e+05
1.1656e+05
1.1198e+05
1.0758e+05
1.0337e+05
99331
95470
91783
88265
84913
81724
78695
75820
73098
70523
68093
65802
63647
61625
59730
57959
56307
54772
53347
52030
50817
49702
48682
47753
46911
46152
45472
44866
44332
43866
43463
43120
42833
42599
42415
42276
42181
42124
42104
42118
42161
42232
42328
42446
42583
42737
42905
43086
43277
43475
43679
43887
44097
44307
44516
44722
44923
45119
45307
45487
45658
45818
45967
46103
46226
46335
46430
46509
46573
46620
46651
46665
46662
46641
46602
46546
46472
46381
46271
46144
45999
45837
45657
45461
45247
45017
44771
44508
44230
43937
43629
43307
42970
42620
42256
41880
41492
41091
40680
40257
39825
39382
38930
38468
37999
37521
37036
36544
36045
35540
35030
34514
33993
33468
32940
32407
31872
31334
30793
30251
29707
29162
28616
28070
27523
26977
26431
