40995
42699
44663
46886
49370
52110
55107
58355
61852
65593
69573
73785
78222
82878
87744
92812
98072
1.0351e+05
1.0913e+05
1.149e+05
1.2082e+05
1.2689e+05
1.3307e+05
1.3937e+05
1.4577e+05
1.5225e+05
1.5881e+05
1.6542e+05
1.7208e+05
1.7877e+05
1.8547e+05
1.9218e+05
1.9887e+05
2.0553e+05
2.1216e+05
2.1873e+05
2.2522e+05
2.3164e+05
2.3795e+05
2.4416e+05
2.5024e+05
2.5618e+05
2.6197e+05
2.676e+05
2.7306e+05
2.7833e+05
2.834e+05
2.8827e+05
2.9291e+05
2.9734e+05
3.0152e+05
3.0547e+05
3.0916e+05
3.1259e+05
3.1576e+05
3.1866e+05
3.2128e+05
3.2362e+05
3.2568e+05
3.2745e+05
3.2893e+05
3.3012e+05
3.3102e+05
3.3163e+05
3.3194e+05
3.3197e+05
3.317e+05
3.3115e+05
3.3031e+05
3.292e+05
3.2781e+05
3.2615e+05
3.2422e+05
3.2204e+05
3.196e+05
3.1692e+05
3.1401e+05
3.1086e+05
3.075e+05
3.0392e+05
3.0015e+05
2.9618e+05
2.9204e+05
2.8772e+05
2.8325e+05
2.7863e+05
2.7388e+05
2.69e+05
2.6401e+05
2.5892e+05
2.5374e+05
2.4849e+05
2.4318e+05
2.3781e+05
2.3241e+05
2.2699e+05
2.2154e+05
2.161e+05
2.1067e+05
2.0526e+05
1.9989e+05
1.9456e+05
1.8929e+05
1.8408e+05
1.7896e+05
1.7392e+05
1.6898e+05
1.6415e+05
1.5943e+05
1.5485e+05
1.5039e+05
1.4608e+05
1.4191e+05
1.3791e+05
1.3406e+05
1.3039e+05
1.2689e+05
1.2357e+05
1.2043e+05
1.1749e+05
1.1473e+05
1.1217e+05
1.0981e+05
1.0765e+05
1.0569e+05
1.0393e+05
1.0238e+05
1.0103e+05
99883
98941
98200
97660
97318
97173
97221
97459
97884
98492
99279
1.0024e+05
1.0137e+05
1.0267e+05
1.0413e+05
1.0574e+05
1.075e+05
1.094e+05
1.1144e+05
1.1361e+05
1.159e+05
1.1831e+05
1.2083e+05
1.2346e+05
1.2618e+05
1.29e+05
1.319e+05
1.3487e+05
1.3792e+05
1.4103e+05
1.4419e+05
1.4741e+05
1.5066e+05
1.5395e+05
1.5727e+05
1.6061e+05
1.6397e+05
1.6733e+05
1.707e+05
1.7406e+05
1.7741e+05
1.8074e+05
1.8404e+05
1.8732e+05
1.9056e+05
1.9376e+05
1.9692e+05
2.0002e+05
2.0306e+05
2.0604e+05
2.0895e+05
2.1179e+05
2.1455e+05
2.1722e+05
2.1981e+05
2.2231e+05
2.2471e+05
2.2701e+05
2.2921e+05
2.313e+05
2.3328e+05
2.3515e+05
2.369e+05
2.3853e+05
2.4004e+05
2.4142e+05
2.4267e+05
2.438e+05
2.4479e+05
2.4565e+05
2.4637e+05
2.4696e+05
2.4741e+05
2.4772e+05
2.479e+05
2.4793e+05
2.4782e+05
2.4758e+05
2.4719e+05
2.4666e+05
2.46e+05
2.4519e+05
2.4425e+05
2.4318e+05
2.4196e+05
2.4062e+05
2.3914e+05
2.3754e+05
2.3581e+05
2.3396e+05
2.3198e+05
2.2989e+05
2.2768e+05
2.2536e+05
2.2293e+05
2.204e+05
2.1777e+05
2.1504e+05
2.1222e+05
2.0932e+05
2.0633e+05
2.0326e+05
2.0012e+05
1.9691e+05
1.9363e+05
1.903e+05
1.8692e+05
1.8348e+05
1.8001e+05
1.765e+05
1.7295e+05
1.6938e+05
1.6579e+05
1.6218e+05
1.5856e+05
1.5494e+05
1.5132e+05
1.477e+05
1.4409e+05
1.405e+05
1.3693e+05
1.3338e+05
1.2986e+05
1.2637e+05
1.2293e+05
1.1952e+05
1.1615e+05
1.1284e+05
1.0958e+05
1.0637e+05
1.0322e+05
1.0013e+05
97099
94136
91239
88411
85653
82965
80348
77804
75332
72933
70607
68352
66169
64057
62015
60042
58135
56295
54519
52805
51152
49557
48019
46534
45102
43719
42383
41092
39844
38636
37465
36331
35230
34161
33122
32110
31124
30163
29224
28307
27410
26533
25675
24834
24012
23206
22418
21647
20893
20158
19441
18744
18067
17412
16779
16170
15587
15032
14505
14008
13544
13114
12720
12364
12048
11773
11541
11354
11213
11121
11077
11084
11142
11252
11415
11631
11901
12224
12599
13027
13506
14035
14614
15239
15909
16621
17374
18163
18987
19840
20720
21623
22543
23478
24421
25368
26315
27255
28183
29094
29982
30842
31668
32455
33197
33888
34523
35098
35607
36044
36407
36690
36890
37003
37027
36957
36793
36532
36174
35717
35162
34509
33760
32916
31979
30953
29843
28651
27385
26049
24651
23197
21698
20160
18595
17011
15421
13836
12268
10731
9236.6
7800.3
6436.1
5159.1
3984.7
2928.8
2007.4
1237.1
634.49
216.46
0
2.1782
240.08
730.75
1491.1
2537.9
3887.8
5556.9
7561.1
9915.9
12636
15737
19231
23133
27454
32206
37401
43047
49155
55731
62784
70318
78340
86851
95855
1.0535e+05
1.1535e+05
1.2583e+05
1.368e+05
1.4826e+05
1.6021e+05
1.7262e+05
1.855e+05
1.9884e+05
2.1262e+05
2.2684e+05
2.4147e+05
2.5652e+05
2.7195e+05
2.8776e+05
3.0392e+05
3.2042e+05
3.3723e+05
3.5433e+05
3.7171e+05
3.8933e+05
4.0717e+05
4.2521e+05
4.4342e+05
4.6177e+05
4.8023e+05
4.9878e+05
5.1738e+05
5.3601e+05
5.5464e+05
5.7323e+05
5.9176e+05
6.1019e+05
6.285e+05
6.4665e+05
6.6461e+05
6.8234e+05
6.9983e+05
7.1704e+05
7.3393e+05
7.5048e+05
7.6666e+05
7.8245e+05
7.978e+05
8.1271e+05
8.2713e+05
8.4104e+05
8.5443e+05
8.6726e+05
8.7951e+05
8.9117e+05
9.022e+05
9.126e+05
9.2235e+05
9.3142e+05
9.398e+05
9.4749e+05
9.5446e+05
9.6071e+05
9.6622e+05
9.7099e+05
9.7501e+05
9.7828e+05
9.8079e+05
9.8255e+05
9.8354e+05
9.8378e+05
9.8326e+05
9.8198e+05
9.7996e+05
9.7721e+05
9.7371e+05
9.695e+05
9.6458e+05
9.5895e+05
9.5264e+05
9.4566e+05
9.3803e+05
9.2975e+05
9.2086e+05
9.1137e+05
9.0129e+05
8.9066e+05
8.7949e+05
8.678e+05
8.5562e+05
8.4297e+05
8.2988e+05
8.1637e+05
8.0247e+05
7.882e+05
7.7359e+05
7.5866e+05
7.4345e+05
7.2798e+05
7.1228e+05
6.9637e+05
6.8028e+05
6.6404e+05
6.4768e+05
6.3121e+05
6.1468e+05
5.9809e+05
5.8149e+05
5.6488e+05
5.4831e+05
5.3178e+05
5.1533e+05
4.9898e+05
4.8275e+05
4.6665e+05
4.5072e+05
4.3497e+05
4.1941e+05
4.0408e+05
3.8898e+05
3.7412e+05
3.5954e+05
3.4523e+05
3.3122e+05
3.1751e+05
3.0412e+05
2.9105e+05
2.7833e+05
2.6595e+05
2.5392e+05
2.4225e+05
2.3095e+05
2.2002e+05
2.0946e+05
1.9928e+05
1.8948e+05
1.8006e+05
1.7102e+05
1.6236e+05
1.5408e+05
1.4618e+05
1.3865e+05
1.3149e+05
1.2469e+05
1.1826e+05
1.1219e+05
1.0646e+05
1.0108e+05
96029
91309
86908
82819
79031
75537
72325
69387
66712
64289
62108
60158
58429
56909
55588
54454
53497
52706
52070
51578
51220
50985
50863
50844
50917
51074
51306
51602
51954
52354
52793
53264
53759
54271
54794
55319
55843
56358
56860
57343
57803
58236
58638
59005
59334
59623
59868
60069
60222
60328
60384
60390
60345
60250
60104
59907
59660
59365
59022
58631
58196
57717
57197
56636
56038
55404
54737
54040
53314
52563
51789
50995
50183
49357
48518
47671
46817
45959
45100
44243
43389
42542
41705
40878
40065
39268
38488
37728
36989
36273
35582
34917
34279
33670
33090
32540
32022
31535
31081
30659
30269
29912
29588
29297
29037
28809
28613
28446
28310
28202
28121
28068
28039
28036
28055
28095
28156
28235
28331
28443
28568
28706
28854
29011
29175
29344
29518
29693
29869
30043
30215
30382
30544
30698
30844
30980
31104
31216
31314
31398
31465
31517
31550
31566
31562
31539
31496
31433
31348
31243
31117
30970
30802
30612
30402
30172
29921
29651
29361
29053
28726
28383
28022
