6.8146e+05
6.8339e+05
6.8519e+05
6.8686e+05
6.884e+05
6.8981e+05
6.911e+05
6.9226e+05
6.9329e+05
6.942e+05
6.9499e+05
6.9565e+05
6.9618e+05
6.966e+05
6.9689e+05
6.9707e+05
6.9712e+05
6.9706e+05
6.9688e+05
6.9659e+05
6.9618e+05
6.9567e+05
6.9504e+05
6.943e+05
6.9345e+05
6.925e+05
6.9144e+05
6.9028e+05
6.8902e+05
6.8766e+05
6.8621e+05
6.8465e+05
6.83e+05
6.8126e+05
6.7943e+05
6.7752e+05
6.7551e+05
6.7342e+05
6.7125e+05
6.6899e+05
6.6666e+05
6.6425e+05
6.6177e+05
6.5921e+05
6.5658e+05
6.5389e+05
6.5113e+05
6.483e+05
6.4541e+05
6.4246e+05
6.3945e+05
6.3639e+05
6.3327e+05
6.301e+05
6.2688e+05
6.2361e+05
6.203e+05
6.1694e+05
6.1354e+05
6.101e+05
6.0662e+05
6.031e+05
5.9955e+05
5.9597e+05
5.9236e+05
5.8872e+05
5.8506e+05
5.8137e+05
5.7766e+05
5.7392e+05
5.7017e+05
5.664e+05
5.6262e+05
5.5882e+05
5.5501e+05
5.5119e+05
5.4736e+05
5.4352e+05
5.3968e+05
5.3583e+05
5.3198e+05
5.2813e+05
5.2429e+05
5.2044e+05
5.166e+05
5.1276e+05
5.0893e+05
5.051e+05
5.0128e+05
4.9748e+05
4.9368e+05
4.899e+05
4.8613e+05
4.8237e+05
4.7863e+05
4.7491e+05
4.712e+05
4.6752e+05
4.6385e+05
4.602e+05
4.5657e+05
4.5296e+05
4.4938e+05
4.4582e+05
4.4228e+05
4.3877e+05
4.3528e+05
4.3182e+05
4.2838e+05
4.2497e+05
4.2159e+05
4.1824e+05
4.1491e+05
4.1161e+05
4.0834e+05
4.0509e+05
4.0188e+05
3.9869e+05
3.9554e+05
3.9241e+05
3.8931e+05
3.8625e+05
3.8321e+05
3.802e+05
3.7722e+05
3.7427e+05
3.7135e+05
3.6846e+05
3.656e+05
3.6276e+05
3.5996e+05
3.5718e+05
3.5444e+05
3.5172e+05
3.4902e+05
3.4636e+05
3.4372e+05
3.4111e+05
3.3853e+05
3.3597e+05
3.3344e+05
3.3093e+05
3.2845e+05
3.2599e+05
3.2355e+05
3.2114e+05
3.1875e+05
3.1638e+05
3.1404e+05
3.1171e+05
3.0941e+05
3.0713e+05
3.0486e+05
3.0261e+05
3.0039e+05
2.9818e+05
2.9598e+05
2.9381e+05
2.9165e+05
2.895e+05
2.8737e+05
2.8525e+05
2.8315e+05
2.8106e+05
2.7898e+05
2.7691e+05
2.7486e+05
2.7281e+05
2.7077e+05
2.6874e+05
2.6673e+05
2.6471e+05
2.6271e+05
2.6071e+05
2.5872e+05
2.5674e+05
2.5476e+05
2.5278e+05
2.5081e+05
2.4884e+05
2.4688e+05
2.4492e+05
2.4296e+05
2.41e+05
2.3904e+05
2.3709e+05
2.3513e+05
2.3318e+05
2.3122e+05
2.2927e+05
2.2731e+05
2.2535e+05
2.2339e+05
2.2143e+05
2.1947e+05
2.1751e+05
2.1554e+05
2.1357e+05
2.116e+05
2.0962e+05
2.0764e+05
2.0566e+05
2.0368e+05
2.0169e+05
1.997e+05
1.9771e+05
1.9571e+05
1.9371e+05
1.9171e+05
1.897e+05
1.877e+05
1.8568e+05
1.8367e+05
1.8166e+05
1.7964e+05
1.7762e+05
1.756e+05
1.7358e+05
1.7156e+05
1.6954e+05
1.6752e+05
1.655e+05
1.6348e+05
1.6146e+05
1.5945e+05
1.5743e+05
1.5542e+05
1.5341e+05
1.5141e+05
1.4941e+05
1.4742e+05
1.4543e+05
1.4345e+05
1.4148e+05
1.3951e+05
1.3756e+05
1.3561e+05
1.3367e+05
1.3175e+05
1.2983e+05
1.2793e+05
1.2605e+05
1.2417e+05
1.2232e+05
1.2048e+05
1.1865e+05
1.1685e+05
1.1506e+05
1.1329e+05
1.1155e+05
1.0982e+05
1.0812e+05
1.0645e+05
1.048e+05
1.0317e+05
1.0157e+05
1.0001e+05
98465
96956
95478
94032
92620
91244
89903
88599
87333
86107
84921
83776
82675
81617
80604
79637
78718
77846
77025
76253
75534
74867
74254
73696
73195
72750
72363
72036
71769
71563
71420
71340
71325
71374
71490
71673
71924
72245
72635
73096
73629
74234
74913
75666
76493
77396
78376
79433
80567
81780
83072
84444
85896
87429
89043
90739
92517
94378
96322
98349
1.0046e+05
1.0266e+05
1.0494e+05
1.073e+05
1.0975e+05
1.1229e+05
1.1491e+05
1.1761e+05
1.2041e+05
1.2328e+05
1.2625e+05
1.293e+05
1.3243e+05
1.3565e+05
1.3896e+05
1.4235e+05
1.4583e+05
1.4939e+05
1.5304e+05
1.5677e+05
1.6058e+05
1.6448e+05
1.6847e+05
1.7253e+05
1.7668e+05
1.8092e+05
1.8523e+05
1.8963e+05
1.941e+05
1.9866e+05
2.033e+05
2.0801e+05
2.1281e+05
2.1768e+05
2.2262e+05
2.2765e+05
2.3275e+05
2.3792e+05
2.4317e+05
2.4848e+05
2.5387e+05
2.5933e+05
2.6486e+05
2.7046e+05
2.7613e+05
2.8186e+05
2.8766e+05
2.9352e+05
2.9944e+05
3.0543e+05
3.1147e+05
3.1757e+05
3.2374e+05
3.2995e+05
3.3623e+05
3.4255e+05
3.4893e+05
3.5536e+05
3.6184e+05
3.6836e+05
3.7493e+05
3.8155e+05
3.8821e+05
3.9491e+05
4.0165e+05
4.0843e+05
4.1524e+05
4.2209e+05
4.2897e+05
4.3589e+05
4.4283e+05
4.498e+05
4.568e+05
4.6383e+05
4.7087e+05
4.7794e+05
4.8502e+05
4.9213e+05
4.9925e+05
5.0638e+05
5.1352e+05
5.2068e+05
5.2784e+05
5.3501e+05
5.4218e+05
5.4935e+05
5.5653e+05
5.637e+05
5.7087e+05
5.7803e+05
5.8519e+05
5.9234e+05
5.9948e+05
6.066e+05
6.1371e+05
6.208e+05
6.2787e+05
6.3492e+05
6.4195e+05
6.4896e+05
6.5594e+05
6.6288e+05
6.698e+05
6.7669e+05
6.8354e+05
6.9036e+05
6.9714e+05
7.0387e+05
7.1057e+05
7.1722e+05
7.2383e+05
7.3039e+05
7.369e+05
7.4336e+05
7.4976e+05
7.5611e+05
7.6241e+05
7.6865e+05
7.7482e+05
7.8094e+05
7.8699e+05
7.9298e+05
7.989e+05
8.0475e+05
8.1053e+05
8.1624e+05
8.2188e+05
8.2744e+05
8.3293e+05
8.3834e+05
8.4367e+05
8.4891e+05
8.5408e+05
8.5916e+05
8.6416e+05
8.6907e+05
8.7389e+05
8.7863e+05
8.8327e+05
8.8782e+05
8.9228e+05
8.9664e+05
9.0091e+05
9.0508e+05
9.0916e+05
9.1313e+05
9.1701e+05
9.2078e+05
9.2446e+05
9.2803e+05
9.3149e+05
9.3485e+05
9.3811e+05
9.4126e+05
9.443e+05
9.4723e+05
9.5006e+05
9.5277e+05
9.5537e+05
9.5787e+05
9.6025e+05
9.6252e+05
9.6467e+05
9.6672e+05
9.6865e+05
9.7046e+05
9.7216e+05
9.7375e+05
9.7522e+05
9.7657e+05
9.7781e+05
9.7893e+05
9.7994e+05
9.8083e+05
9.816e+05
9.8226e+05
9.8279e+05
9.8322e+05
9.8352e+05
9.8371e+05
9.8378e+05
9.8373e+05
9.8357e+05
9.8329e+05
9.8289e+05
9.8238e+05
9.8175e+05
9.8101e+05
9.8015e+05
9.7917e+05
9.7808e+05
9.7688e+05
9.7556e+05
9.7413e+05
9.7259e+05
9.7094e+05
9.6917e+05
9.673e+05
9.6531e+05
9.6321e+05
9.6101e+05
9.5869e+05
9.5627e+05
9.5374e+05
9.5111e+05
9.4837e+05
9.4553e+05
9.4258e+05
9.3954e+05
9.3639e+05
9.3314e+05
9.2979e+05
9.2634e+05
9.228e+05
9.1916e+05
9.1542e+05
9.1159e+05
9.0767e+05
9.0366e+05
8.9955e+05
8.9536e+05
8.9108e+05
8.8671e+05
8.8225e+05
8.7772e+05
8.7309e+05
8.6839e+05
8.6361e+05
8.5875e+05
8.5381e+05
8.4879e+05
8.437e+05
8.3854e+05
8.333e+05
8.28e+05
8.2263e+05
8.1718e+05
8.1168e+05
8.061e+05
8.0047e+05
7.9477e+05
7.8902e+05
7.832e+05
7.7733e+05
7.7141e+05
7.6543e+05
7.5939e+05
7.5331e+05
7.4718e+05
7.41e+05
7.3478e+05
7.2851e+05
7.222e+05
7.1585e+05
7.0946e+05
7.0303e+05
6.9656e+05
6.9007e+05
6.8353e+05
6.7697e+05
6.7038e+05
6.6376e+05
6.5711e+05
6.5044e+05
6.4375e+05
6.3703e+05
6.303e+05
6.2355e+05
6.1678e+05
6.0999e+05
6.0319e+05
5.9638e+05
5.8956e+05
5.8273e+05
5.759e+05
5.6906e+05
5.6221e+05
5.5536e+05
5.4851e+05
5.4166e+05
5.3481e+05
5.2797e+05
5.2113e+05
5.143e+05
5.0748e+05
5.0066e+05
4.9386e+05
4.8706e+05
4.8029e+05
4.7352e+05
4.6678e+05
4.6005e+05
4.5333e+05
4.4664e+05
4.3998e+05
4.3333e+05
4.2671e+05
4.2011e+05
4.1355e+05
4.07e+05
4.0049e+05
3.9401e+05
3.8756e+05
3.8115e+05
3.7476e+05
3.6841e+05
3.621e+05
3.5583e+05
3.4959e+05
3.4339e+05
3.3724e+05
3.3112e+05
3.2505e+05
3.1902e+05
3.1303e+05
3.0709e+05
3.0119e+05
2.9535e+05
2.8954e+05
2.8379e+05
2.7809e+05
2.7244e+05
2.6683e+05
2.6128e+05
2.5579e+05
2.5034e+05
2.4495e+05
2.3961e+05
2.3433e+05
2.291e+05
2.2393e+05
2.1882e+05
2.1376e+05
2.0876e+05
2.0382e+05
1.9894e+05
1.9412e+05
1.8936e+05
1.8465e+05
1.8001e+05
1.7543e+05
1.7091e+05
1.6645e+05
1.6205e+05
1.5771e+05
1.5344e+05
1.4923e+05
1.4508e+05
1.4099e+05
1.3697e+05
1.3301e+05
1.2911e+05
1.2528e+05
1.2151e+05
1.178e+05
1.1416e+05
1.1057e+05
1.0706e+05
1.036e+05
1.0021e+05
96888
93624
90424
87286
84211
81199
78250
75363
72537
69774
67072
64432
61852
59333
56875
54476
52138
49858
47638
45476
43372
41326
39338
37406
35530
33710
31946
30237
28581
26980
25432
23937
22493
21102
19761
18471
17230
16039
14896
13801
12753
11752
10797
9887
9021.8
8200.5
7422.4
6686.9
5993.2
5340.7
4728.6
4156.2
3622.9
3127.9
2670.4
2249.8
1865.2
1516.1
1201.5
920.87
673.38
458.29
274.86
122.35
0
