10482
13687
17115
20761
24621
28689
32958
37423
42077
46912
51921
57096
62427
67907
73526
79274
85143
91120
97198
1.0336e+05
1.0961e+05
1.1592e+05
1.2229e+05
1.287e+05
1.3515e+05
1.4162e+05
1.4811e+05
1.5459e+05
1.6107e+05
1.6752e+05
1.7395e+05
1.8033e+05
1.8665e+05
1.9292e+05
1.991e+05
2.0521e+05
2.1122e+05
2.1712e+05
2.2292e+05
2.2859e+05
2.3412e+05
2.3952e+05
2.4478e+05
2.4987e+05
2.5481e+05
2.5957e+05
2.6416e+05
2.6856e+05
2.7278e+05
2.7681e+05
2.8063e+05
2.8426e+05
2.8767e+05
2.9088e+05
2.9388e+05
2.9666e+05
2.9922e+05
3.0156e+05
3.0368e+05
3.0558e+05
3.0726e+05
3.0871e+05
3.0995e+05
3.1096e+05
3.1176e+05
3.1234e+05
3.127e+05
3.1285e+05
3.128e+05
3.1253e+05
3.1207e+05
3.1141e+05
3.1056e+05
3.0951e+05
3.0829e+05
3.0689e+05
3.0531e+05
3.0357e+05
3.0167e+05
2.9962e+05
2.9742e+05
2.9508e+05
2.9261e+05
2.9001e+05
2.873e+05
2.8447e+05
2.8154e+05
2.7852e+05
2.7541e+05
2.7222e+05
2.6896e+05
2.6563e+05
2.6225e+05
2.5883e+05
2.5536e+05
2.5187e+05
2.4835e+05
2.4481e+05
2.4127e+05
2.3772e+05
2.3419e+05
2.3066e+05
2.2716e+05
2.2369e+05
2.2026e+05
2.1687e+05
2.1353e+05
2.1024e+05
2.0702e+05
2.0386e+05
2.0078e+05
1.9778e+05
1.9487e+05
1.9204e+05
1.8931e+05
1.8668e+05
1.8415e+05
1.8173e+05
1.7942e+05
1.7722e+05
1.7514e+05
1.7318e+05
1.7135e+05
1.6963e+05
1.6805e+05
1.6659e+05
1.6527e+05
1.6407e+05
1.63e+05
1.6207e+05
1.6127e+05
1.606e+05
1.6005e+05
1.5964e+05
1.5936e+05
1.592e+05
1.5917e+05
1.5927e+05
1.5948e+05
1.5982e+05
1.6027e+05
1.6083e+05
1.615e+05
1.6228e+05
1.6316e+05
1.6414e+05
1.6522e+05
1.6639e+05
1.6764e+05
1.6897e+05
1.7039e+05
1.7187e+05
1.7342e+05
1.7504e+05
1.7671e+05
1.7843e+05
1.802e+05
1.8201e+05
1.8385e+05
1.8572e+05
1.8762e+05
1.8954e+05
1.9147e+05
1.9341e+05
1.9535e+05
1.9729e+05
1.9922e+05
2.0113e+05
2.0302e+05
2.0489e+05
2.0673e+05
2.0854e+05
2.1031e+05
2.1203e+05
2.137e+05
2.1532e+05
2.1688e+05
2.1838e+05
2.1981e+05
2.2117e+05
2.2246e+05
2.2368e+05
2.2481e+05
2.2586e+05
2.2682e+05
2.277e+05
2.2849e+05
2.2918e+05
2.2978e+05
2.3028e+05
2.3068e+05
2.3098e+05
2.3119e+05
2.3129e+05
2.3129e+05
2.3119e+05
2.3099e+05
2.3069e+05
2.3028e+05
2.2978e+05
2.2917e+05
2.2847e+05
2.2767e+05
2.2677e+05
2.2577e+05
2.2468e+05
2.235e+05
2.2223e+05
2.2087e+05
2.1943e+05
2.179e+05
2.1629e+05
2.1461e+05
2.1285e+05
2.1101e+05
2.0911e+05
2.0714e+05
2.051e+05
2.0301e+05
2.0086e+05
1.9865e+05
1.9639e+05
1.9409e+05
1.9173e+05
1.8934e+05
1.8691e+05
1.8444e+05
1.8194e+05
1.7941e+05
1.7685e+05
1.7427e+05
1.7167e+05
1.6904e+05
1.6641e+05
1.6376e+05
1.611e+05
1.5843e+05
1.5575e+05
1.5307e+05
1.5039e+05
1.4771e+05
1.4503e+05
1.4236e+05
1.3969e+05
1.3703e+05
1.3437e+05
1.3173e+05
1.291e+05
1.2648e+05
1.2387e+05
1.2128e+05
1.187e+05
1.1614e+05
1.1359e+05
1.1107e+05
1.0856e+05
1.0606e+05
1.0359e+05
1.0113e+05
98695
96277
93878
91498
89138
86797
84475
82173
79890
77627
75383
73159
70955
68770
66606
64461
62337
60234
58151
56090
54050
52033
50038
48067
46119
44197
42300
40430
38586
36772
34986
33231
31508
29818
28162
26541
24957
23411
21905
20439
19016
17637
16302
15014
13774
12584
11443
10355
9319.2
8337.8
7411.6
6541.6
5728.8
4973.8
4277.5
3640.4
3063
2545.7
2088.6
1691.9
1355.4
1079.1
862.42
704.93
605.92
564.53
579.73
650.33
774.96
952.09
1180
1456.8
1780.6
2148.9
2559.6
3010.1
3497.8
4019.7
4573.1
5154.8
5761.6
6390.3
7037.5
7699.6
8373.2
9054.7
9740.3
10426
11109
11785
12451
13102
13735
14346
14933
15491
16017
16509
16962
17375
17745
18068
18343
18568
18741
18861
18925
18934
18887
18782
18621
18404
18130
17802
17421
16988
16506
15978
15405
14793
14144
13462
12753
12021
11272
10511
9745
8980.1
8223.3
7481.9
6763.5
6076.1
5428
4827.7
4284.3
3806.7
3404.5
3087.2
2864.8
2747.2
2744.6
2867.4
3126.1
3531.1
4093.1
4822.7
5730.5
6827.1
8123
9628.7
11355
13311
15507
17954
20660
23636
26889
30429
34264
38401
42849
47614
52703
58122
63876
69971
76410
83198
90338
97832
1.0568e+05
1.1389e+05
1.2245e+05
1.3138e+05
1.4066e+05
1.5029e+05
1.6028e+05
1.7062e+05
1.813e+05
1.9232e+05
2.0368e+05
2.1537e+05
2.2738e+05
2.3971e+05
2.5234e+05
2.6527e+05
2.7849e+05
2.9199e+05
3.0575e+05
3.1976e+05
3.3402e+05
3.4851e+05
3.6321e+05
3.781e+05
3.9319e+05
4.0844e+05
4.2385e+05
4.3939e+05
4.5505e+05
4.7081e+05
4.8666e+05
5.0257e+05
5.1852e+05
5.3451e+05
5.505e+05
5.6648e+05
5.8242e+05
5.9832e+05
6.1414e+05
6.2988e+05
6.455e+05
6.6098e+05
6.7632e+05
6.9148e+05
7.0645e+05
7.2121e+05
7.3573e+05
7.5001e+05
7.6401e+05
7.7772e+05
7.9113e+05
8.0421e+05
8.1694e+05
8.2931e+05
8.4131e+05
8.5291e+05
8.641e+05
8.7487e+05
8.8519e+05
8.9506e+05
9.0447e+05
9.134e+05
9.2183e+05
9.2976e+05
9.3718e+05
9.4408e+05
9.5045e+05
9.5628e+05
9.6156e+05
9.6629e+05
9.7046e+05
9.7407e+05
9.7712e+05
9.7959e+05
9.815e+05
9.8283e+05
9.8359e+05
9.8378e+05
9.8339e+05
9.8244e+05
9.8093e+05
9.7885e+05
9.7621e+05
9.7303e+05
9.693e+05
9.6503e+05
9.6023e+05
9.5492e+05
9.4909e+05
9.4275e+05
9.3593e+05
9.2862e+05
9.2085e+05
9.1262e+05
9.0395e+05
8.9485e+05
8.8533e+05
8.7542e+05
8.6511e+05
8.5444e+05
8.4341e+05
8.3205e+05
8.2036e+05
8.0836e+05
7.9608e+05
7.8353e+05
7.7072e+05
7.5767e+05
7.4441e+05
7.3094e+05
7.1729e+05
7.0348e+05
6.8951e+05
6.7542e+05
6.6121e+05
6.469e+05
6.3252e+05
6.1807e+05
6.0358e+05
5.8906e+05
5.7453e+05
5.6001e+05
5.455e+05
5.3103e+05
5.1661e+05
5.0226e+05
4.8799e+05
4.7381e+05
4.5974e+05
4.4579e+05
4.3197e+05
4.183e+05
4.0479e+05
3.9145e+05
3.7828e+05
3.6531e+05
3.5253e+05
3.3996e+05
3.2761e+05
3.1548e+05
3.0359e+05
2.9193e+05
2.8053e+05
2.6937e+05
2.5847e+05
2.4783e+05
2.3746e+05
2.2736e+05
2.1753e+05
2.0797e+05
1.987e+05
1.897e+05
1.8098e+05
1.7255e+05
1.644e+05
1.5653e+05
1.4894e+05
1.4163e+05
1.3459e+05
1.2784e+05
1.2135e+05
1.1514e+05
1.092e+05
1.0352e+05
98104
92943
88036
83376
78959
74781
70835
67117
63620
60339
57267
54399
51728
49248
46952
44833
42886
41103
39478
38003
36673
35480
34419
33481
32661
31952
31348
30842
30429
30101
29853
29679
29573
29530
29544
29609
29721
29874
30064
30286
30535
30807
31098
31403
31720
32044
32371
32700
33026
33346
33659
33961
34249
34523
34780
35017
35234
35428
35599
35745
35866
35959
36025
36063
36072
36053
36004
35925
35818
35681
35515
35320
35097
34846
34568
34263
33932
33576
33195
32791
32364
31916
31447
30958
30451
29926
29385
28829
28259
27676
27082
26477
25862
25239
24610
23974
23333
22689
22042
21393
20744
20095
19448
18803
18161
17524
16891
16264
15643
15030
14425
13828
13240
12662
12095
11537
10992
10457
9934.5
9424.1
8926.1
8440.8
7968.3
7508.9
7062.5
6629.3
6209.4
5802.6
5409
5028.6
4661.1
4306.6
3964.7
3635.4
3318.4
3013.5
2720.4
2438.8
2168.4
1908.9
1659.9
1421.1
1192
972.32
761.62
559.47
365.44
179.1
0
