82656
86236
90045
94079
98335
1.0281e+05
1.075e+05
1.1239e+05
1.1748e+05
1.2277e+05
1.2824e+05
1.3389e+05
1.397e+05
1.4566e+05
1.5177e+05
1.58e+05
1.6436e+05
1.7082e+05
1.7737e+05
1.8399e+05
1.9068e+05
1.9741e+05
2.0417e+05
2.1095e+05
2.1773e+05
2.2449e+05
2.3122e+05
2.379e+05
2.4452e+05
2.5105e+05
2.5749e+05
2.6381e+05
2.7001e+05
2.7606e+05
2.8196e+05
2.8768e+05
2.9321e+05
2.9854e+05
3.0366e+05
3.0856e+05
3.1321e+05
3.1762e+05
3.2176e+05
3.2563e+05
3.2923e+05
3.3253e+05
3.3554e+05
3.3825e+05
3.4064e+05
3.4273e+05
3.4449e+05
3.4593e+05
3.4704e+05
3.4783e+05
3.4828e+05
3.4841e+05
3.4821e+05
3.4767e+05
3.4682e+05
3.4564e+05
3.4414e+05
3.4232e+05
3.4019e+05
3.3776e+05
3.3504e+05
3.3202e+05
3.2871e+05
3.2513e+05
3.2129e+05
3.1719e+05
3.1284e+05
3.0825e+05
3.0344e+05
2.9841e+05
2.9318e+05
2.8776e+05
2.8216e+05
2.7639e+05
2.7046e+05
2.6439e+05
2.5819e+05
2.5188e+05
2.4546e+05
2.3896e+05
2.3237e+05
2.2572e+05
2.1902e+05
2.1228e+05
2.0551e+05
1.9873e+05
1.9195e+05
1.8518e+05
1.7844e+05
1.7173e+05
1.6507e+05
1.5846e+05
1.5193e+05
1.4548e+05
1.3912e+05
1.3286e+05
1.2671e+05
1.2069e+05
1.1479e+05
1.0904e+05
1.0343e+05
97976
92689
87573
82635
77883
73322
68958
64797
60844
57104
53580
50277
47199
44348
41727
39339
37185
35267
33585
32142
30936
29968
29238
28744
28485
28460
28666
29102
29763
30648
31752
33072
34603
36340
38279
40414
42739
45248
47936
50795
53818
56998
60328
63800
67405
71136
74984
78940
82996
87143
91371
95671
1.0003e+05
1.0445e+05
1.0891e+05
1.1341e+05
1.1793e+05
1.2246e+05
1.2701e+05
1.3155e+05
1.3608e+05
1.4058e+05
1.4506e+05
1.495e+05
1.5389e+05
1.5822e+05
1.6249e+05
1.6669e+05
1.7081e+05
1.7484e+05
1.7878e+05
1.8262e+05
1.8635e+05
1.8997e+05
1.9347e+05
1.9684e+05
2.0009e+05
2.032e+05
2.0617e+05
2.0901e+05
2.117e+05
2.1424e+05
2.1663e+05
2.1886e+05
2.2095e+05
2.2287e+05
2.2464e+05
2.2625e+05
2.2771e+05
2.29e+05
2.3014e+05
2.3112e+05
2.3194e+05
2.3261e+05
2.3312e+05
2.3348e+05
2.3369e+05
2.3375e+05
2.3367e+05
2.3344e+05
2.3307e+05
2.3257e+05
2.3192e+05
2.3115e+05
2.3024e+05
2.2921e+05
2.2806e+05
2.2679e+05
2.254e+05
2.2389e+05
2.2228e+05
2.2056e+05
2.1873e+05
2.168e+05
2.1478e+05
2.1266e+05
2.1045e+05
2.0815e+05
2.0577e+05
2.033e+05
2.0075e+05
1.9813e+05
1.9543e+05
1.9266e+05
1.8982e+05
1.8692e+05
1.8395e+05
1.8092e+05
1.7784e+05
1.747e+05
1.715e+05
1.6826e+05
1.6497e+05
1.6163e+05
1.5826e+05
1.5485e+05
1.514e+05
1.4792e+05
1.4441e+05
1.4087e+05
1.3732e+05
1.3374e+05
1.3015e+05
1.2656e+05
1.2295e+05
1.1934e+05
1.1573e+05
1.1213e+05
1.0853e+05
1.0495e+05
1.0139e+05
97852
94341
90861
87418
84015
80659
77353
74101
70908
67779
64718
61728
58815
55980
53229
50564
47988
45505
43117
40825
38633
36541
34551
32663
30879
29199
27621
26146
24773
23500
22325
21247
20262
19369
18563
17841
17199
16634
16141
15715
15351
15044
14789
14582
14415
14284
14184
14109
14053
14011
13978
13949
13919
13883
13837
13776
13698
13598
13473
13321
13139
12926
12679
12399
12085
11736
11353
10937
10489
10012
9507
8977.2
8425.9
7856.4
7272.8
6679.1
6079.9
5480.2
4884.8
4299
3728.2
3178
2653.8
2161.3
1706
1293.3
928.79
617.48
364.4
174.25
51.431
0
23.604
125.46
308.31
574.39
925.4
1362.5
1886.1
2496.2
3192.1
3972.4
4835.1
5777.6
6796.4
7887.6
9046.7
10268
11547
12875
14247
15655
17091
18546
20012
21480
22940
24383
25798
27178
28511
29787
30998
32134
33186
34144
35001
35750
36382
36891
37271
37517
37626
37594
37418
37097
36632
36022
35271
34382
33358
32207
30935
29550
28063
26484
24825
23100
21323
19511
17681
15850
14037
12264
10551
8919.8
7393.4
5995.1
4748.9
3679.3
2811.3
2170.1
1780.9
1669.3
1860.6
2380.3
3253.2
4504
6156.8
8235.1
10762
13758
17246
21245
25773
30849
36487
42702
49508
56915
64933
73570
82831
92719
1.0324e+05
1.1439e+05
1.2616e+05
1.3856e+05
1.5157e+05
1.6519e+05
1.7941e+05
1.9421e+05
2.0957e+05
2.2549e+05
2.4194e+05
2.589e+05
2.7634e+05
2.9424e+05
3.1258e+05
3.3132e+05
3.5043e+05
3.6989e+05
3.8965e+05
4.0968e+05
4.2995e+05
4.5042e+05
4.7104e+05
4.9178e+05
5.126e+05
5.3345e+05
5.5429e+05
5.7508e+05
5.9579e+05
6.1635e+05
6.3674e+05
6.569e+05
6.768e+05
6.9639e+05
7.1562e+05
7.3447e+05
7.5289e+05
7.7083e+05
7.8826e+05
8.0514e+05
8.2144e+05
8.3712e+05
8.5214e+05
8.6648e+05
8.801e+05
8.9297e+05
9.0508e+05
9.1639e+05
9.2688e+05
9.3653e+05
9.4532e+05
9.5323e+05
9.6026e+05
9.6638e+05
9.7159e+05
9.7589e+05
9.7925e+05
9.8169e+05
9.832e+05
9.8378e+05
9.8343e+05
9.8217e+05
9.7999e+05
9.7691e+05
9.7294e+05
9.6809e+05
9.6238e+05
9.5583e+05
9.4845e+05
9.4028e+05
9.3132e+05
9.216e+05
9.1115e+05
9e+05
8.8818e+05
8.757e+05
8.6262e+05
8.4894e+05
8.3472e+05
8.1997e+05
8.0474e+05
7.8906e+05
7.7297e+05
7.5649e+05
7.3966e+05
7.2252e+05
7.0511e+05
6.8746e+05
6.696e+05
6.5157e+05
6.334e+05
6.1513e+05
5.968e+05
5.7842e+05
5.6005e+05
5.417e+05
5.2341e+05
5.0522e+05
4.8713e+05
4.692e+05
4.5144e+05
4.3387e+05
4.1653e+05
3.9944e+05
3.8261e+05
3.6608e+05
3.4985e+05
3.3395e+05
3.184e+05
3.032e+05
2.8839e+05
2.7396e+05
2.5993e+05
2.4631e+05
2.3312e+05
2.2035e+05
2.0802e+05
1.9613e+05
1.8468e+05
1.7368e+05
1.6313e+05
1.5303e+05
1.4338e+05
1.3417e+05
1.2542e+05
1.171e+05
1.0922e+05
1.0178e+05
94759
88157
81966
76177
70780
65765
61123
56841
52908
49313
46042
43083
40423
38049
35947
34104
32505
31138
29988
29042
28285
27705
27288
27021
26891
26884
26989
27193
27484
27851
28284
28770
29299
29863
30451
31055
31666
32275
32877
33463
34027
34564
35067
35533
35955
36332
36658
36931
37149
37310
37411
37453
37433
37353
37212
37010
36748
36428
36052
35620
35135
34599
34015
33386
32715
32005
31258
30479
29672
28839
27984
27112
26225
25328
24424
23516
22610
21707
20812
19927
19057
18203
17369
16558
15772
15014
14285
13588
12925
12296
11704
11150
10634
10158
9720.9
9324.1
8967.5
8650.8
8373.8
8135.8
7936.2
7774.1
7648.3
7557.7
7500.7
7476
7481.7
7516.1
7577.3
7663.2
7771.8
7900.9
8048.3
8211.6
8388.6
8577
8774.4
8978.4
9186.9
9397.4
9607.7
9815.7
10019
10216
10405
10583
10748
10901
11037
11157
11259
11341
11404
11444
11463
11460
11433
11383
11310
11213
11093
10949
10783
10594
10384
10152
9901.1
9630.6
9342
9036.5
8715.2
8379.6
8030.9
7670.6
7300
6920.8
6534.5
6142.5
5746.4
5347.8
4948.3
4549.2
4152.2
3758.7
3370.1
2987.8
2613
2247.1
1891.1
1546.3
1213.6
893.89
588.07
296.88
