37368
39237
41384
43807
46507
49480
52724
56236
60010
64042
68326
72854
77620
82615
87830
93255
98881
1.047e+05
1.1069e+05
1.1685e+05
1.2316e+05
1.2962e+05
1.362e+05
1.429e+05
1.497e+05
1.5658e+05
1.6353e+05
1.7054e+05
1.7759e+05
1.8467e+05
1.9176e+05
1.9885e+05
2.0591e+05
2.1294e+05
2.1992e+05
2.2684e+05
2.3367e+05
2.4041e+05
2.4704e+05
2.5355e+05
2.5992e+05
2.6614e+05
2.7219e+05
2.7807e+05
2.8375e+05
2.8924e+05
2.9451e+05
2.9955e+05
3.0436e+05
3.0893e+05
3.1324e+05
3.1729e+05
3.2107e+05
3.2457e+05
3.2779e+05
3.3072e+05
3.3335e+05
3.3568e+05
3.3771e+05
3.3944e+05
3.4085e+05
3.4196e+05
3.4275e+05
3.4323e+05
3.434e+05
3.4327e+05
3.4283e+05
3.4208e+05
3.4103e+05
3.3969e+05
3.3806e+05
3.3614e+05
3.3395e+05
3.3148e+05
3.2875e+05
3.2576e+05
3.2252e+05
3.1905e+05
3.1535e+05
3.1143e+05
3.0731e+05
3.0298e+05
2.9848e+05
2.938e+05
2.8896e+05
2.8397e+05
2.7885e+05
2.736e+05
2.6824e+05
2.6279e+05
2.5726e+05
2.5165e+05
2.4599e+05
2.4029e+05
2.3456e+05
2.2881e+05
2.2306e+05
2.1732e+05
2.116e+05
2.0592e+05
2.0029e+05
1.9472e+05
1.8922e+05
1.8381e+05
1.7849e+05
1.7328e+05
1.6818e+05
1.6321e+05
1.5838e+05
1.537e+05
1.4916e+05
1.4479e+05
1.406e+05
1.3657e+05
1.3273e+05
1.2909e+05
1.2563e+05
1.2238e+05
1.1933e+05
1.1649e+05
1.1386e+05
1.1145e+05
1.0925e+05
1.0727e+05
1.0551e+05
1.0397e+05
1.0265e+05
1.0154e+05
1.0066e+05
99988
99533
99290
99256
99427
99800
1.0037e+05
1.0113e+05
1.0209e+05
1.0322e+05
1.0453e+05
1.0602e+05
1.0767e+05
1.0948e+05
1.1144e+05
1.1355e+05
1.1579e+05
1.1817e+05
1.2068e+05
1.233e+05
1.2604e+05
1.2887e+05
1.318e+05
1.3482e+05
1.3793e+05
1.411e+05
1.4434e+05
1.4764e+05
1.5099e+05
1.5438e+05
1.578e+05
1.6126e+05
1.6474e+05
1.6823e+05
1.7173e+05
1.7523e+05
1.7872e+05
1.822e+05
1.8567e+05
1.891e+05
1.9251e+05
1.9588e+05
1.9921e+05
2.0248e+05
2.0571e+05
2.0887e+05
2.1197e+05
2.15e+05
2.1796e+05
2.2084e+05
2.2363e+05
2.2634e+05
2.2896e+05
2.3148e+05
2.339e+05
2.3622e+05
2.3843e+05
2.4053e+05
2.4252e+05
2.4439e+05
2.4615e+05
2.4778e+05
2.4929e+05
2.5068e+05
2.5194e+05
2.5306e+05
2.5406e+05
2.5492e+05
2.5565e+05
2.5624e+05
2.5669e+05
2.5701e+05
2.5718e+05
2.5722e+05
2.5712e+05
2.5687e+05
2.5649e+05
2.5597e+05
2.553e+05
2.545e+05
2.5356e+05
2.5249e+05
2.5127e+05
2.4993e+05
2.4845e+05
2.4683e+05
2.4509e+05
2.4322e+05
2.4123e+05
2.3912e+05
2.3688e+05
2.3453e+05
2.3207e+05
2.295e+05
2.2682e+05
2.2404e+05
2.2116e+05
2.1819e+05
2.1513e+05
2.1198e+05
2.0876e+05
2.0546e+05
2.0208e+05
1.9865e+05
1.9515e+05
1.916e+05
1.88e+05
1.8435e+05
1.8067e+05
1.7695e+05
1.7321e+05
1.6944e+05
1.6566e+05
1.6187e+05
1.5808e+05
1.5428e+05
1.5049e+05
1.4671e+05
1.4295e+05
1.3921e+05
1.355e+05
1.3182e+05
1.2818e+05
1.2458e+05
1.2102e+05
1.1751e+05
1.1406e+05
1.1066e+05
1.0733e+05
1.0406e+05
1.0086e+05
97723
94662
91675
88766
85934
83182
80510
77920
75412
72985
70641
68379
66198
64098
62077
60134
58268
56477
54758
53111
51533
50021
48573
47186
45858
44586
43367
42199
41077
40001
38965
37969
37009
36083
35187
34320
33479
32662
31867
31092
30335
29595
28871
28161
27464
26780
26108
25448
24800
24164
23541
22930
22333
21751
21185
20635
20104
19594
19105
18639
18199
17787
17404
17053
16736
16454
16211
16007
15845
15727
15655
15629
15652
15725
15848
16023
16251
16531
16864
17249
17687
18176
18715
19304
19939
20620
21344
22108
22909
23743
24608
25500
26413
27345
28289
29241
30196
31148
32092
33022
33933
34818
35672
36489
37263
37987
38657
39266
39809
40281
40677
40992
41222
41362
41410
41361
41213
40963
40611
40155
39594
38928
38158
37287
36314
35245
34081
32828
31490
30074
28585
27032
25423
23766
22071
20348
18609
16866
15130
13416
11737
10107
8540.6
7054.3
5663.5
4384.6
3234.2
2229.4
1387.4
725.83
262.22
14.349
0
236.91
742.74
1535
2630.9
4047.4
5801.2
7908.4
10385
13245
16505
20177
24274
28810
33795
39240
45154
51546
58423
65792
73657
82023
90892
1.0027e+05
1.1014e+05
1.2052e+05
1.3141e+05
1.4278e+05
1.5465e+05
1.6701e+05
1.7984e+05
1.9314e+05
2.0689e+05
2.2109e+05
2.3572e+05
2.5076e+05
2.6621e+05
2.8203e+05
2.9822e+05
3.1475e+05
3.3161e+05
3.4876e+05
3.6619e+05
3.8387e+05
4.0178e+05
4.1989e+05
4.3818e+05
4.5661e+05
4.7515e+05
4.9379e+05
5.1249e+05
5.3121e+05
5.4993e+05
5.6862e+05
5.8725e+05
6.0578e+05
6.2419e+05
6.4243e+05
6.6049e+05
6.7833e+05
6.9592e+05
7.1323e+05
7.3022e+05
7.4687e+05
7.6316e+05
7.7904e+05
7.945e+05
8.095e+05
8.2403e+05
8.3804e+05
8.5153e+05
8.6447e+05
8.7683e+05
8.886e+05
8.9975e+05
9.1027e+05
9.2013e+05
9.2933e+05
9.3785e+05
9.4567e+05
9.5278e+05
9.5918e+05
9.6485e+05
9.6979e+05
9.7398e+05
9.7744e+05
9.8014e+05
9.821e+05
9.8331e+05
9.8378e+05
9.835e+05
9.8248e+05
9.8072e+05
9.7824e+05
9.7505e+05
9.7114e+05
9.6654e+05
9.6125e+05
9.553e+05
9.4868e+05
9.4143e+05
9.3355e+05
9.2507e+05
9.16e+05
9.0637e+05
8.9619e+05
8.8548e+05
8.7428e+05
8.6259e+05
8.5045e+05
8.3788e+05
8.249e+05
8.1153e+05
7.9781e+05
7.8376e+05
7.694e+05
7.5476e+05
7.3986e+05
7.2473e+05
7.094e+05
6.939e+05
6.7824e+05
6.6245e+05
6.4656e+05
6.306e+05
6.1458e+05
5.9853e+05
5.8248e+05
5.6645e+05
5.5045e+05
5.3452e+05
5.1867e+05
5.0292e+05
4.8729e+05
4.7181e+05
4.5649e+05
4.4134e+05
4.2639e+05
4.1165e+05
3.9713e+05
3.8285e+05
3.6882e+05
3.5506e+05
3.4158e+05
3.2838e+05
3.1547e+05
3.0287e+05
2.9059e+05
2.7862e+05
2.6698e+05
2.5567e+05
2.447e+05
2.3407e+05
2.2378e+05
2.1383e+05
2.0423e+05
1.9497e+05
1.8606e+05
1.775e+05
1.6928e+05
1.614e+05
1.5385e+05
1.4664e+05
1.3976e+05
1.3321e+05
1.2697e+05
1.2105e+05
1.1544e+05
1.1013e+05
1.0512e+05
1.0039e+05
95946
91771
87860
84204
80795
77624
74683
71961
69450
67140
65023
63089
61329
59734
58294
57001
55845
54818
53911
53115
52423
51826
51316
50885
50526
50232
49996
49811
49671
49569
49500
49457
49437
49433
49442
49458
49477
49497
49512
49521
49520
49506
49478
49432
49368
49283
49176
49047
48894
48716
48514
48287
48036
47759
47459
47134
46787
46418
46027
45616
45187
44740
44277
43799
43308
42806
42294
41774
41248
40717
40184
39650
39116
38585
38058
37538
37025
36521
36028
35547
35080
34627
34192
33773
33373
32993
32633
32294
31977
31683
31412
31165
30941
30741
30566
30414
30287
30183
30102
30045
30010
29997
30005
30033
30082
30148
30233
30334
30450
30581
30724
30879
31045
31220
31402
31590
31783
31980
32178
32376
32574
32768
32959
33145
33323
33494
33655
33805
33944
34069
34180
34276
34356
34419
34463
34489
34496
34482
34447
34392
34315
34216
34096
33953
33788
33601
33392
33162
32909
32636
32342
32028
31695
31343
30972
30584
30180
29760
29325
