2.608e+05
2.6466e+05
2.6853e+05
2.7241e+05
2.7631e+05
2.8021e+05
2.8412e+05
2.8804e+05
2.9196e+05
2.9588e+05
2.9981e+05
3.0373e+05
3.0764e+05
3.1156e+05
3.1546e+05
3.1936e+05
3.2324e+05
3.2712e+05
3.3098e+05
3.3482e+05
3.3865e+05
3.4246e+05
3.4625e+05
3.5002e+05
3.5376e+05
3.5748e+05
3.6118e+05
3.6484e+05
3.6848e+05
3.7208e+05
3.7566e+05
3.792e+05
3.827e+05
3.8617e+05
3.896e+05
3.9299e+05
3.9634e+05
3.9964e+05
4.0291e+05
4.0613e+05
4.093e+05
4.1243e+05
4.155e+05
4.1853e+05
4.2151e+05
4.2444e+05
4.2731e+05
4.3013e+05
4.329e+05
4.356e+05
4.3825e+05
4.4085e+05
4.4338e+05
4.4585e+05
4.4827e+05
4.5062e+05
4.529e+05
4.5513e+05
4.5729e+05
4.5938e+05
4.6141e+05
4.6337e+05
4.6526e+05
4.6709e+05
4.6885e+05
4.7053e+05
4.7215e+05
4.737e+05
4.7517e+05
4.7657e+05
4.7791e+05
4.7916e+05
4.8035e+05
4.8146e+05
4.825e+05
4.8346e+05
4.8435e+05
4.8517e+05
4.8591e+05
4.8657e+05
4.8716e+05
4.8767e+05
4.8811e+05
4.8847e+05
4.8876e+05
4.8897e+05
4.8911e+05
4.8917e+05
4.8916e+05
4.8907e+05
4.889e+05
4.8866e+05
4.8835e+05
4.8796e+05
4.875e+05
4.8696e+05
4.8636e+05
4.8568e+05
4.8492e+05
4.841e+05
4.832e+05
4.8224e+05
4.812e+05
4.801e+05
4.7892e+05
4.7768e+05
4.7637e+05
4.75e+05
4.7356e+05
4.7206e+05
4.7049e+05
4.6886e+05
4.6717e+05
4.6541e+05
4.636e+05
4.6173e+05
4.598e+05
4.5781e+05
4.5577e+05
4.5368e+05
4.5153e+05
4.4933e+05
4.4708e+05
4.4478e+05
4.4243e+05
4.4004e+05
4.3759e+05
4.3511e+05
4.3258e+05
4.3002e+05
4.2741e+05
4.2476e+05
4.2208e+05
4.1936e+05
4.166e+05
4.1382e+05
4.11e+05
4.0816e+05
4.0528e+05
4.0238e+05
3.9945e+05
3.965e+05
3.9353e+05
3.9054e+05
3.8753e+05
3.845e+05
3.8146e+05
3.784e+05
3.7533e+05
3.7224e+05
3.6915e+05
3.6605e+05
3.6294e+05
3.5983e+05
3.5671e+05
3.536e+05
3.5048e+05
3.4736e+05
3.4424e+05
3.4113e+05
3.3802e+05
3.3492e+05
3.3182e+05
3.2874e+05
3.2566e+05
3.226e+05
3.1954e+05
3.1651e+05
3.1348e+05
3.1048e+05
3.0749e+05
3.0452e+05
3.0156e+05
2.9863e+05
2.9572e+05
2.9284e+05
2.8997e+05
2.8713e+05
2.8432e+05
2.8153e+05
2.7877e+05
2.7603e+05
2.7332e+05
2.7064e+05
2.6799e+05
2.6537e+05
2.6279e+05
2.6023e+05
2.577e+05
2.552e+05
2.5274e+05
2.5031e+05
2.4791e+05
2.4554e+05
2.432e+05
2.409e+05
2.3863e+05
2.364e+05
2.3419e+05
2.3202e+05
2.2989e+05
2.2778e+05
2.2571e+05
2.2367e+05
2.2166e+05
2.1968e+05
2.1773e+05
2.1582e+05
2.1393e+05
2.1207e+05
2.1025e+05
2.0845e+05
2.0668e+05
2.0493e+05
2.0322e+05
2.0153e+05
1.9986e+05
1.9822e+05
1.966e+05
1.9501e+05
1.9344e+05
1.9188e+05
1.9035e+05
1.8884e+05
1.8735e+05
1.8587e+05
1.8441e+05
1.8297e+05
1.8154e+05
1.8012e+05
1.7872e+05
1.7732e+05
1.7594e+05
1.7456e+05
1.732e+05
1.7184e+05
1.7048e+05
1.6913e+05
1.6779e+05
1.6645e+05
1.651e+05
1.6376e+05
1.6242e+05
1.6108e+05
1.5973e+05
1.5838e+05
1.5702e+05
1.5566e+05
1.5429e+05
1.5292e+05
1.5153e+05
1.5014e+05
1.4873e+05
1.4731e+05
1.4588e+05
1.4444e+05
1.4299e+05
1.4151e+05
1.4003e+05
1.3853e+05
1.3701e+05
1.3547e+05
1.3392e+05
1.3235e+05
1.3075e+05
1.2914e+05
1.2751e+05
1.2587e+05
1.242e+05
1.2251e+05
1.208e+05
1.1906e+05
1.1731e+05
1.1554e+05
1.1375e+05
1.1193e+05
1.101e+05
1.0825e+05
1.0637e+05
1.0448e+05
1.0257e+05
1.0064e+05
98685
96718
94734
92733
90716
88685
86640
84582
82511
80430
78339
76239
74131
72018
69899
67777
65653
63528
61405
59284
57167
55056
52953
50860
48778
46709
44656
42620
40603
38608
36637
34691
32773
30885
29030
27209
25426
23681
21979
20321
18709
17146
15635
14177
12776
11434
10153
8936.5
7786
6704.4
5694.1
4757.8
3897.8
3116.7
2416.9
1800.9
1271.1
830.03
480
223.42
62.648
0
37.78
178.25
423.64
776.15
1237.9
1811.1
2497.7
3299.7
4219.2
5258
6418
7701.1
9109
10643
12306
14098
16021
18077
20267
22592
25054
27653
30391
33268
36287
39446
42748
46193
49781
53513
57390
61411
65577
69888
74344
78945
83691
88582
93617
98796
1.0412e+05
1.0958e+05
1.1519e+05
1.2094e+05
1.2683e+05
1.3286e+05
1.3902e+05
1.4532e+05
1.5176e+05
1.5834e+05
1.6504e+05
1.7188e+05
1.7885e+05
1.8595e+05
1.9317e+05
2.0051e+05
2.0798e+05
2.1557e+05
2.2327e+05
2.3109e+05
2.3903e+05
2.4707e+05
2.5522e+05
2.6348e+05
2.7184e+05
2.803e+05
2.8886e+05
2.9751e+05
3.0625e+05
3.1508e+05
3.2399e+05
3.3298e+05
3.4206e+05
3.512e+05
3.6042e+05
3.697e+05
3.7905e+05
3.8846e+05
3.9792e+05
4.0744e+05
4.17e+05
4.2661e+05
4.3627e+05
4.4595e+05
4.5567e+05
4.6542e+05
4.752e+05
4.8499e+05
4.948e+05
5.0462e+05
5.1445e+05
5.2429e+05
5.3412e+05
5.4395e+05
5.5377e+05
5.6357e+05
5.7336e+05
5.8312e+05
5.9286e+05
6.0256e+05
6.1223e+05
6.2187e+05
6.3145e+05
6.4099e+05
6.5047e+05
6.599e+05
6.6927e+05
6.7857e+05
6.878e+05
6.9695e+05
7.0603e+05
7.1502e+05
7.2393e+05
7.3274e+05
7.4146e+05
7.5008e+05
7.586e+05
7.6701e+05
7.7531e+05
7.8349e+05
7.9155e+05
7.9949e+05
8.0731e+05
8.1499e+05
8.2255e+05
8.2996e+05
8.3723e+05
8.4436e+05
8.5135e+05
8.5818e+05
8.6486e+05
8.7138e+05
8.7774e+05
8.8394e+05
8.8997e+05
8.9584e+05
9.0154e+05
9.0706e+05
9.124e+05
9.1757e+05
9.2256e+05
9.2736e+05
9.3198e+05
9.3641e+05
9.4065e+05
9.4471e+05
9.4856e+05
9.5223e+05
9.557e+05
9.5897e+05
9.6205e+05
9.6492e+05
9.676e+05
9.7007e+05
9.7234e+05
9.7441e+05
9.7627e+05
9.7792e+05
9.7938e+05
9.8062e+05
9.8166e+05
9.825e+05
9.8313e+05
9.8355e+05
9.8377e+05
9.8378e+05
9.8358e+05
9.8318e+05
9.8258e+05
9.8177e+05
9.8076e+05
9.7955e+05
9.7813e+05
9.7652e+05
9.7471e+05
9.727e+05
9.7049e+05
9.6809e+05
9.6549e+05
9.627e+05
9.5973e+05
9.5656e+05
9.5321e+05
9.4967e+05
9.4595e+05
9.4206e+05
9.3798e+05
9.3373e+05
9.293e+05
9.2471e+05
9.1994e+05
9.1501e+05
9.0992e+05
9.0466e+05
8.9925e+05
8.9369e+05
8.8797e+05
8.821e+05
8.7609e+05
8.6994e+05
8.6365e+05
8.5722e+05
8.5066e+05
8.4396e+05
8.3715e+05
8.3021e+05
8.2315e+05
8.1597e+05
8.0868e+05
8.0129e+05
7.9378e+05
7.8618e+05
7.7848e+05
7.7068e+05
7.628e+05
7.5482e+05
7.4677e+05
7.3863e+05
7.3042e+05
7.2214e+05
7.1379e+05
7.0537e+05
6.9689e+05
6.8836e+05
6.7977e+05
6.7114e+05
6.6245e+05
6.5373e+05
6.4497e+05
6.3617e+05
6.2734e+05
6.1849e+05
6.0961e+05
6.0071e+05
5.918e+05
5.8287e+05
5.7394e+05
5.65e+05
5.5605e+05
5.4711e+05
5.3818e+05
5.2925e+05
5.2033e+05
5.1143e+05
5.0255e+05
4.9369e+05
4.8485e+05
4.7604e+05
4.6727e+05
4.5852e+05
4.4982e+05
4.4115e+05
4.3253e+05
4.2395e+05
4.1542e+05
4.0694e+05
3.9852e+05
3.9015e+05
3.8184e+05
3.736e+05
3.6542e+05
3.573e+05
3.4925e+05
3.4128e+05
3.3337e+05
3.2554e+05
3.1779e+05
3.1012e+05
3.0253e+05
2.9502e+05
2.8759e+05
2.8026e+05
2.7301e+05
2.6584e+05
2.5877e+05
2.518e+05
2.4491e+05
2.3812e+05
2.3143e+05
2.2483e+05
2.1834e+05
2.1194e+05
2.0564e+05
1.9944e+05
1.9334e+05
1.8735e+05
1.8146e+05
1.7567e+05
1.6999e+05
1.6441e+05
1.5894e+05
1.5357e+05
1.4831e+05
1.4316e+05
1.381e+05
1.3316e+05
1.2832e+05
1.2359e+05
1.1896e+05
1.1444e+05
1.1002e+05
1.0571e+05
1.015e+05
97402
93403
89507
85713
82022
78432
74942
71552
68262
65069
61973
58974
56070
53261
50544
47920
45386
42942
40587
38319
36137
34040
32026
30094
28243
26471
24777
23160
21617
20148
18751
17424
16166
14976
13851
12791
11794
10857
9980
9161
8398.3
7690.4
7035.7
6432.6
5879.4
5374.6
4916.6
4503.8
4134.6
3807.6
3521
3273.4
3063.1
2888.8
2748.8
2641.6
2565.8
2519.8
2502.2
2511.6
2546.5
2605.6
2687.3
2790.4
2913.4
3055.1
3214.1
3389.2
3579
3782.4
3998.1
4224.9
4461.6
4707.1
4960.3
5220
5485.3
5755
6028.2
6303.8
6580.9
6858.5
7135.8
7411.9
7685.8
7956.9
8224.3
8487.3
8745
8996.8
9242.1
9480.1
9710.2
9931.9
10145
