7.1874e+05
7.1996e+05
7.2103e+05
7.2198e+05
7.2278e+05
7.2344e+05
7.2398e+05
7.2437e+05
7.2463e+05
7.2476e+05
7.2476e+05
7.2463e+05
7.2437e+05
7.2398e+05
7.2346e+05
7.2282e+05
7.2206e+05
7.2117e+05
7.2016e+05
7.1904e+05
7.1779e+05
7.1643e+05
7.1496e+05
7.1338e+05
7.1168e+05
7.0988e+05
7.0797e+05
7.0596e+05
7.0385e+05
7.0163e+05
6.9932e+05
6.9691e+05
6.9441e+05
6.9182e+05
6.8913e+05
6.8636e+05
6.8351e+05
6.8057e+05
6.7755e+05
6.7445e+05
6.7128e+05
6.6803e+05
6.6471e+05
6.6132e+05
6.5786e+05
6.5434e+05
6.5076e+05
6.4712e+05
6.4342e+05
6.3966e+05
6.3585e+05
6.3199e+05
6.2809e+05
6.2413e+05
6.2013e+05
6.1609e+05
6.1201e+05
6.079e+05
6.0374e+05
5.9956e+05
5.9534e+05
5.911e+05
5.8683e+05
5.8254e+05
5.7822e+05
5.7388e+05
5.6953e+05
5.6516e+05
5.6078e+05
5.5638e+05
5.5198e+05
5.4757e+05
5.4315e+05
5.3872e+05
5.343e+05
5.2987e+05
5.2545e+05
5.2103e+05
5.1661e+05
5.122e+05
5.078e+05
5.034e+05
4.9902e+05
4.9465e+05
4.903e+05
4.8596e+05
4.8163e+05
4.7733e+05
4.7304e+05
4.6878e+05
4.6454e+05
4.6032e+05
4.5613e+05
4.5196e+05
4.4782e+05
4.437e+05
4.3962e+05
4.3556e+05
4.3154e+05
4.2754e+05
4.2358e+05
4.1966e+05
4.1576e+05
4.119e+05
4.0808e+05
4.0429e+05
4.0054e+05
3.9682e+05
3.9315e+05
3.8951e+05
3.859e+05
3.8234e+05
3.7882e+05
3.7533e+05
3.7189e+05
3.6848e+05
3.6512e+05
3.618e+05
3.5851e+05
3.5527e+05
3.5206e+05
3.489e+05
3.4578e+05
3.427e+05
3.3965e+05
3.3665e+05
3.3369e+05
3.3077e+05
3.2789e+05
3.2504e+05
3.2224e+05
3.1948e+05
3.1675e+05
3.1406e+05
3.1141e+05
3.088e+05
3.0622e+05
3.0368e+05
3.0118e+05
2.9871e+05
2.9628e+05
2.9388e+05
2.9152e+05
2.8919e+05
2.8689e+05
2.8462e+05
2.8239e+05
2.8019e+05
2.7801e+05
2.7587e+05
2.7376e+05
2.7167e+05
2.6962e+05
2.6759e+05
2.6558e+05
2.636e+05
2.6165e+05
2.5972e+05
2.5782e+05
2.5593e+05
2.5407e+05
2.5223e+05
2.5041e+05
2.4861e+05
2.4683e+05
2.4507e+05
2.4333e+05
2.416e+05
2.3989e+05
2.382e+05
2.3652e+05
2.3485e+05
2.332e+05
2.3156e+05
2.2994e+05
2.2832e+05
2.2672e+05
2.2512e+05
2.2354e+05
2.2196e+05
2.2039e+05
2.1883e+05
2.1728e+05
2.1574e+05
2.142e+05
2.1266e+05
2.1114e+05
2.0961e+05
2.0809e+05
2.0658e+05
2.0507e+05
2.0356e+05
2.0205e+05
2.0055e+05
1.9904e+05
1.9754e+05
1.9604e+05
1.9454e+05
1.9305e+05
1.9155e+05
1.9005e+05
1.8856e+05
1.8706e+05
1.8556e+05
1.8406e+05
1.8257e+05
1.8107e+05
1.7957e+05
1.7807e+05
1.7657e+05
1.7507e+05
1.7357e+05
1.7207e+05
1.7057e+05
1.6907e+05
1.6757e+05
1.6607e+05
1.6457e+05
1.6307e+05
1.6158e+05
1.6008e+05
1.5859e+05
1.571e+05
1.5561e+05
1.5412e+05
1.5264e+05
1.5116e+05
1.4968e+05
1.4821e+05
1.4675e+05
1.4529e+05
1.4384e+05
1.4239e+05
1.4095e+05
1.3952e+05
1.381e+05
1.3669e+05
1.3529e+05
1.339e+05
1.3252e+05
1.3115e+05
1.298e+05
1.2846e+05
1.2714e+05
1.2583e+05
1.2454e+05
1.2326e+05
1.2201e+05
1.2077e+05
1.1955e+05
1.1836e+05
1.1718e+05
1.1603e+05
1.149e+05
1.138e+05
1.1272e+05
1.1167e+05
1.1065e+05
1.0966e+05
1.0869e+05
1.0776e+05
1.0686e+05
1.0599e+05
1.0515e+05
1.0435e+05
1.0359e+05
1.0286e+05
1.0217e+05
1.0152e+05
1.0091e+05
1.0034e+05
99818
99335
98897
98504
98158
97859
97609
97409
97259
97161
97116
97124
97187
97306
97481
97714
98006
98357
98769
99242
99777
1.0038e+05
1.0104e+05
1.0176e+05
1.0256e+05
1.0342e+05
1.0434e+05
1.0534e+05
1.064e+05
1.0753e+05
1.0874e+05
1.1001e+05
1.1136e+05
1.1277e+05
1.1426e+05
1.1583e+05
1.1747e+05
1.1918e+05
1.2097e+05
1.2283e+05
1.2477e+05
1.2678e+05
1.2888e+05
1.3105e+05
1.3329e+05
1.3562e+05
1.3802e+05
1.405e+05
1.4307e+05
1.4571e+05
1.4842e+05
1.5122e+05
1.541e+05
1.5706e+05
1.601e+05
1.6321e+05
1.6641e+05
1.6969e+05
1.7304e+05
1.7648e+05
1.7999e+05
1.8358e+05
1.8726e+05
1.9101e+05
1.9484e+05
1.9874e+05
2.0273e+05
2.0679e+05
2.1093e+05
2.1515e+05
2.1944e+05
2.2381e+05
2.2826e+05
2.3277e+05
2.3737e+05
2.4203e+05
2.4677e+05
2.5158e+05
2.5646e+05
2.6141e+05
2.6644e+05
2.7153e+05
2.7669e+05
2.8191e+05
2.8721e+05
2.9257e+05
2.9799e+05
3.0347e+05
3.0902e+05
3.1463e+05
3.203e+05
3.2603e+05
3.3182e+05
3.3766e+05
3.4356e+05
3.4952e+05
3.5552e+05
3.6158e+05
3.6769e+05
3.7385e+05
3.8006e+05
3.8631e+05
3.9261e+05
3.9895e+05
4.0533e+05
4.1176e+05
4.1822e+05
4.2472e+05
4.3126e+05
4.3783e+05
4.4444e+05
4.5107e+05
4.5774e+05
4.6444e+05
4.7116e+05
4.779e+05
4.8467e+05
4.9146e+05
4.9827e+05
5.051e+05
5.1194e+05
5.188e+05
5.2568e+05
5.3256e+05
5.3945e+05
5.4635e+05
5.5325e+05
5.6016e+05
5.6707e+05
5.7398e+05
5.8089e+05
5.878e+05
5.947e+05
6.0159e+05
6.0848e+05
6.1535e+05
6.2221e+05
6.2905e+05
6.3588e+05
6.4269e+05
6.4948e+05
6.5625e+05
6.63e+05
6.6971e+05
6.764e+05
6.8306e+05
6.8969e+05
6.9629e+05
7.0285e+05
7.0938e+05
7.1586e+05
7.2231e+05
7.2871e+05
7.3507e+05
7.4138e+05
7.4765e+05
7.5386e+05
7.6003e+05
7.6614e+05
7.722e+05
7.782e+05
7.8414e+05
7.9002e+05
7.9584e+05
8.016e+05
8.073e+05
8.1292e+05
8.1849e+05
8.2398e+05
8.294e+05
8.3474e+05
8.4002e+05
8.4522e+05
8.5034e+05
8.5538e+05
8.6034e+05
8.6523e+05
8.7003e+05
8.7474e+05
8.7937e+05
8.8392e+05
8.8837e+05
8.9274e+05
8.9702e+05
9.012e+05
9.053e+05
9.093e+05
9.132e+05
9.1701e+05
9.2072e+05
9.2434e+05
9.2785e+05
9.3127e+05
9.3458e+05
9.3779e+05
9.409e+05
9.4391e+05
9.4681e+05
9.4961e+05
9.523e+05
9.5488e+05
9.5736e+05
9.5973e+05
9.6199e+05
9.6414e+05
9.6619e+05
9.6812e+05
9.6994e+05
9.7165e+05
9.7325e+05
9.7474e+05
9.7611e+05
9.7738e+05
9.7853e+05
9.7956e+05
9.8049e+05
9.8129e+05
9.8199e+05
9.8257e+05
9.8304e+05
9.834e+05
9.8364e+05
9.8376e+05
9.8378e+05
9.8368e+05
9.8346e+05
9.8313e+05
9.8269e+05
9.8214e+05
9.8147e+05
9.8069e+05
9.798e+05
9.7879e+05
9.7768e+05
9.7645e+05
9.7511e+05
9.7366e+05
9.721e+05
9.7043e+05
9.6866e+05
9.6677e+05
9.6478e+05
9.6268e+05
9.6048e+05
9.5817e+05
9.5575e+05
9.5323e+05
9.5061e+05
9.4788e+05
9.4505e+05
9.4213e+05
9.391e+05
9.3597e+05
9.3275e+05
9.2942e+05
9.2601e+05
9.2249e+05
9.1889e+05
9.1519e+05
9.1139e+05
9.0751e+05
9.0354e+05
8.9948e+05
8.9533e+05
8.9109e+05
8.8678e+05
8.8237e+05
8.7789e+05
8.7332e+05
8.6867e+05
8.6395e+05
8.5915e+05
8.5427e+05
8.4932e+05
8.4429e+05
8.3919e+05
8.3402e+05
8.2879e+05
8.2348e+05
8.1811e+05
8.1267e+05
8.0717e+05
8.0161e+05
7.9599e+05
7.9031e+05
7.8457e+05
7.7878e+05
7.7293e+05
7.6703e+05
7.6108e+05
7.5508e+05
7.4903e+05
7.4293e+05
7.3679e+05
7.3061e+05
7.2438e+05
7.1811e+05
7.1181e+05
7.0546e+05
6.9909e+05
6.9267e+05
6.8623e+05
6.7975e+05
6.7325e+05
6.6671e+05
6.6015e+05
6.5357e+05
6.4696e+05
6.4033e+05
6.3368e+05
6.2702e+05
6.2033e+05
6.1363e+05
6.0692e+05
6.002e+05
5.9346e+05
5.8672e+05
5.7996e+05
5.732e+05
5.6644e+05
5.5968e+05
5.5291e+05
5.4614e+05
5.3937e+05
5.3261e+05
5.2585e+05
5.191e+05
5.1235e+05
5.0561e+05
4.9888e+05
4.9216e+05
4.8546e+05
4.7877e+05
4.7209e+05
4.6544e+05
4.5879e+05
4.5217e+05
4.4557e+05
4.3899e+05
4.3244e+05
4.2591e+05
4.194e+05
4.1292e+05
4.0647e+05
4.0005e+05
3.9365e+05
3.8729e+05
3.8096e+05
3.7467e+05
3.6841e+05
3.6218e+05
3.5599e+05
3.4984e+05
3.4373e+05
3.3766e+05
3.3163e+05
3.2564e+05
3.1969e+05
3.1379e+05
3.0793e+05
3.0212e+05
2.9635e+05
2.9062e+05
2.8495e+05
2.7933e+05
2.7375e+05
2.6822e+05
2.6274e+05
2.5732e+05
2.5195e+05
2.4663e+05
2.4136e+05
2.3614e+05
2.3098e+05
2.2588e+05
2.2083e+05
2.1584e+05
2.109e+05
2.0602e+05
2.0119e+05
1.9643e+05
1.9172e+05
1.8707e+05
1.8248e+05
1.7795e+05
1.7348e+05
1.6907e+05
1.6471e+05
1.6042e+05
1.5619e+05
1.5202e+05
1.4791e+05
1.4386e+05
1.3987e+05
1.3595e+05
1.3208e+05
1.2828e+05
1.2454e+05
1.2085e+05
1.1724e+05
1.1368e+05
1.1018e+05
1.0675e+05
1.0338e+05
1.0006e+05
96814
93625
90497
87430
84424
81478
78593
75768
73002
70296
67650
65062
62534
60064
57651
55297
53000
50760
48577
46449
44378
42362
40401
38494
36642
34842
33096
31402
29761
28170
26631
25142
23702
22312
20971
19677
18431
17232
16079
14972
13909
12891
11917
10985
10096
9248.8
8442.5
7676.5
6950.3
6263
5614.1
5002.7
4428.3
3890.2
3387.5
2919.7
2486
2085.6
1718
1382.4
1078
804.16
560.16
345.28
158.79
0
