6.4071e+05
6.4225e+05
6.4367e+05
6.4498e+05
6.4617e+05
6.4725e+05
6.4821e+05
6.4907e+05
6.4981e+05
6.5044e+05
6.5096e+05
6.5138e+05
6.5168e+05
6.5189e+05
6.5198e+05
6.5197e+05
6.5186e+05
6.5165e+05
6.5134e+05
6.5093e+05
6.5042e+05
6.4982e+05
6.4913e+05
6.4834e+05
6.4746e+05
6.4649e+05
6.4543e+05
6.4429e+05
6.4306e+05
6.4175e+05
6.4036e+05
6.3888e+05
6.3734e+05
6.3571e+05
6.3401e+05
6.3224e+05
6.304e+05
6.2848e+05
6.2651e+05
6.2446e+05
6.2235e+05
6.2019e+05
6.1796e+05
6.1567e+05
6.1333e+05
6.1093e+05
6.0848e+05
6.0598e+05
6.0343e+05
6.0084e+05
5.9819e+05
5.9551e+05
5.9278e+05
5.9002e+05
5.8721e+05
5.8437e+05
5.815e+05
5.7859e+05
5.7565e+05
5.7268e+05
5.6969e+05
5.6667e+05
5.6362e+05
5.6055e+05
5.5746e+05
5.5435e+05
5.5122e+05
5.4808e+05
5.4492e+05
5.4174e+05
5.3856e+05
5.3536e+05
5.3215e+05
5.2894e+05
5.2572e+05
5.2249e+05
5.1926e+05
5.1603e+05
5.128e+05
5.0956e+05
5.0633e+05
5.031e+05
4.9987e+05
4.9664e+05
4.9342e+05
4.9021e+05
4.87e+05
4.838e+05
4.8061e+05
4.7743e+05
4.7426e+05
4.711e+05
4.6795e+05
4.6481e+05
4.6169e+05
4.5859e+05
4.5549e+05
4.5242e+05
4.4935e+05
4.4631e+05
4.4328e+05
4.4027e+05
4.3728e+05
4.343e+05
4.3135e+05
4.2841e+05
4.2549e+05
4.2259e+05
4.1971e+05
4.1686e+05
4.1402e+05
4.112e+05
4.084e+05
4.0562e+05
4.0286e+05
4.0013e+05
3.9741e+05
3.9471e+05
3.9204e+05
3.8938e+05
3.8675e+05
3.8413e+05
3.8154e+05
3.7896e+05
3.7641e+05
3.7387e+05
3.7136e+05
3.6886e+05
3.6638e+05
3.6393e+05
3.6148e+05
3.5906e+05
3.5666e+05
3.5427e+05
3.519e+05
3.4954e+05
3.4721e+05
3.4488e+05
3.4258e+05
3.4029e+05
3.3801e+05
3.3575e+05
3.335e+05
3.3126e+05
3.2904e+05
3.2683e+05
3.2463e+05
3.2244e+05
3.2027e+05
3.181e+05
3.1594e+05
3.138e+05
3.1166e+05
3.0953e+05
3.0741e+05
3.053e+05
3.032e+05
3.011e+05
2.9901e+05
2.9692e+05
2.9484e+05
2.9276e+05
2.9069e+05
2.8863e+05
2.8656e+05
2.845e+05
2.8244e+05
2.8039e+05
2.7834e+05
2.7629e+05
2.7424e+05
2.7219e+05
2.7014e+05
2.6809e+05
2.6605e+05
2.64e+05
2.6195e+05
2.5991e+05
2.5786e+05
2.5581e+05
2.5376e+05
2.5171e+05
2.4965e+05
2.476e+05
2.4554e+05
2.4348e+05
2.4142e+05
2.3936e+05
2.3729e+05
2.3523e+05
2.3316e+05
2.3109e+05
2.2901e+05
2.2694e+05
2.2486e+05
2.2278e+05
2.2071e+05
2.1862e+05
2.1654e+05
2.1446e+05
2.1238e+05
2.1029e+05
2.0821e+05
2.0612e+05
2.0404e+05
2.0196e+05
1.9988e+05
1.978e+05
1.9572e+05
1.9365e+05
1.9157e+05
1.8951e+05
1.8744e+05
1.8538e+05
1.8333e+05
1.8128e+05
1.7923e+05
1.772e+05
1.7517e+05
1.7315e+05
1.7114e+05
1.6914e+05
1.6714e+05
1.6516e+05
1.6319e+05
1.6124e+05
1.593e+05
1.5737e+05
1.5545e+05
1.5356e+05
1.5168e+05
1.4981e+05
1.4797e+05
1.4615e+05
1.4434e+05
1.4256e+05
1.408e+05
1.3906e+05
1.3735e+05
1.3566e+05
1.34e+05
1.3237e+05
1.3076e+05
1.2918e+05
1.2764e+05
1.2612e+05
1.2464e+05
1.2319e+05
1.2178e+05
1.204e+05
1.1906e+05
1.1776e+05
1.165e+05
1.1527e+05
1.1409e+05
1.1295e+05
1.1185e+05
1.108e+05
1.0979e+05
1.0883e+05
1.0792e+05
1.0706e+05
1.0625e+05
1.0548e+05
1.0477e+05
1.0412e+05
1.0351e+05
1.0297e+05
1.0248e+05
1.0204e+05
1.0167e+05
1.0135e+05
1.011e+05
1.009e+05
1.0077e+05
1.007e+05
1.007e+05
1.0076e+05
1.0089e+05
1.0108e+05
1.0134e+05
1.0168e+05
1.0208e+05
1.0255e+05
1.0309e+05
1.0371e+05
1.0439e+05
1.0516e+05
1.0599e+05
1.069e+05
1.0789e+05
1.0895e+05
1.101e+05
1.1131e+05
1.1261e+05
1.1399e+05
1.1544e+05
1.1698e+05
1.1859e+05
1.2029e+05
1.2207e+05
1.2393e+05
1.2587e+05
1.2789e+05
1.3e+05
1.3219e+05
1.3447e+05
1.3682e+05
1.3926e+05
1.4179e+05
1.444e+05
1.4709e+05
1.4987e+05
1.5273e+05
1.5568e+05
1.5871e+05
1.6182e+05
1.6502e+05
1.6831e+05
1.7167e+05
1.7512e+05
1.7866e+05
1.8228e+05
1.8598e+05
1.8976e+05
1.9362e+05
1.9757e+05
2.016e+05
2.0571e+05
2.099e+05
2.1417e+05
2.1852e+05
2.2294e+05
2.2745e+05
2.3203e+05
2.3669e+05
2.4143e+05
2.4624e+05
2.5113e+05
2.5609e+05
2.6112e+05
2.6623e+05
2.714e+05
2.7665e+05
2.8196e+05
2.8735e+05
2.928e+05
2.9831e+05
3.0389e+05
3.0954e+05
3.1524e+05
3.2101e+05
3.2684e+05
3.3273e+05
3.3867e+05
3.4468e+05
3.5073e+05
3.5684e+05
3.63e+05
3.6922e+05
3.7548e+05
3.8179e+05
3.8815e+05
3.9455e+05
4.01e+05
4.0748e+05
4.1401e+05
4.2058e+05
4.2718e+05
4.3382e+05
4.4049e+05
4.472e+05
4.5393e+05
4.607e+05
4.6749e+05
4.7431e+05
4.8115e+05
4.8801e+05
4.9489e+05
5.0179e+05
5.0871e+05
5.1564e+05
5.2259e+05
5.2954e+05
5.3651e+05
5.4348e+05
5.5046e+05
5.5744e+05
5.6443e+05
5.7141e+05
5.7839e+05
5.8537e+05
5.9234e+05
5.993e+05
6.0625e+05
6.132e+05
6.2012e+05
6.2704e+05
6.3393e+05
6.4081e+05
6.4767e+05
6.545e+05
6.6131e+05
6.6809e+05
6.7484e+05
6.8156e+05
6.8825e+05
6.9491e+05
7.0153e+05
7.0811e+05
7.1465e+05
7.2115e+05
7.2761e+05
7.3402e+05
7.4038e+05
7.467e+05
7.5296e+05
7.5917e+05
7.6533e+05
7.7143e+05
7.7748e+05
7.8346e+05
7.8939e+05
7.9525e+05
8.0104e+05
8.0678e+05
8.1244e+05
8.1803e+05
8.2356e+05
8.2901e+05
8.3439e+05
8.3969e+05
8.4492e+05
8.5007e+05
8.5513e+05
8.6012e+05
8.6503e+05
8.6985e+05
8.7459e+05
8.7924e+05
8.838e+05
8.8827e+05
8.9265e+05
8.9695e+05
9.0115e+05
9.0525e+05
9.0926e+05
9.1318e+05
9.17e+05
9.2072e+05
9.2434e+05
9.2786e+05
9.3128e+05
9.346e+05
9.3782e+05
9.4093e+05
9.4394e+05
9.4685e+05
9.4965e+05
9.5234e+05
9.5492e+05
9.574e+05
9.5977e+05
9.6203e+05
9.6418e+05
9.6622e+05
9.6815e+05
9.6997e+05
9.7168e+05
9.7328e+05
9.7476e+05
9.7613e+05
9.7739e+05
9.7854e+05
9.7957e+05
9.805e+05
9.813e+05
9.82e+05
9.8258e+05
9.8304e+05
9.834e+05
9.8364e+05
9.8376e+05
9.8378e+05
9.8368e+05
9.8346e+05
9.8314e+05
9.827e+05
9.8215e+05
9.8148e+05
9.8071e+05
9.7982e+05
9.7882e+05
9.7771e+05
9.765e+05
9.7517e+05
9.7373e+05
9.7218e+05
9.7053e+05
9.6877e+05
9.669e+05
9.6492e+05
9.6284e+05
9.6065e+05
9.5836e+05
9.5597e+05
9.5348e+05
9.5088e+05
9.4818e+05
9.4538e+05
9.4248e+05
9.3949e+05
9.3639e+05
9.3321e+05
9.2992e+05
9.2654e+05
9.2307e+05
9.195e+05
9.1585e+05
9.121e+05
9.0827e+05
9.0435e+05
9.0034e+05
8.9624e+05
8.9207e+05
8.8781e+05
8.8346e+05
8.7904e+05
8.7454e+05
8.6996e+05
8.653e+05
8.6057e+05
8.5576e+05
8.5088e+05
8.4593e+05
8.4092e+05
8.3583e+05
8.3067e+05
8.2545e+05
8.2017e+05
8.1482e+05
8.0941e+05
8.0395e+05
7.9842e+05
7.9284e+05
7.872e+05
7.8151e+05
7.7576e+05
7.6997e+05
7.6412e+05
7.5823e+05
7.5229e+05
7.4631e+05
7.4028e+05
7.3421e+05
7.2811e+05
7.2196e+05
7.1577e+05
7.0956e+05
7.033e+05
6.9702e+05
6.907e+05
6.8435e+05
6.7798e+05
6.7158e+05
6.6515e+05
6.5871e+05
6.5224e+05
6.4575e+05
6.3924e+05
6.3271e+05
6.2617e+05
6.1962e+05
6.1305e+05
6.0647e+05
5.9988e+05
5.9328e+05
5.8668e+05
5.8007e+05
5.7346e+05
5.6684e+05
5.6023e+05
5.5361e+05
5.47e+05
5.4039e+05
5.3378e+05
5.2718e+05
5.2059e+05
5.1401e+05
5.0743e+05
5.0087e+05
4.9432e+05
4.8779e+05
4.8127e+05
4.7476e+05
4.6828e+05
4.6181e+05
4.5536e+05
4.4894e+05
4.4253e+05
4.3615e+05
4.298e+05
4.2347e+05
4.1717e+05
4.109e+05
4.0465e+05
3.9844e+05
3.9226e+05
3.8611e+05
3.7999e+05
3.7391e+05
3.6786e+05
3.6185e+05
3.5588e+05
3.4995e+05
3.4405e+05
3.382e+05
3.3238e+05
3.2661e+05
3.2088e+05
3.1519e+05
3.0954e+05
3.0394e+05
2.9839e+05
2.9288e+05
2.8742e+05
2.8201e+05
2.7664e+05
2.7132e+05
2.6606e+05
2.6084e+05
2.5567e+05
2.5055e+05
2.4549e+05
2.4048e+05
2.3551e+05
2.3061e+05
2.2575e+05
2.2095e+05
2.162e+05
2.1151e+05
2.0687e+05
2.0229e+05
1.9776e+05
1.9329e+05
1.8887e+05
1.8451e+05
1.8021e+05
1.7596e+05
1.7177e+05
1.6764e+05
1.6356e+05
1.5954e+05
1.5558e+05
1.5167e+05
1.4782e+05
1.4403e+05
1.403e+05
1.3662e+05
1.3301e+05
1.2944e+05
1.2594e+05
1.2249e+05
1.191e+05
1.1577e+05
1.125e+05
1.0928e+05
1.0611e+05
1.0301e+05
99958
96964
94025
91142
88314
85542
82823
80160
77550
74994
72491
70041
67643
65298
63005
60763
58572
56431
54341
52300
50308
48365
46470
44623
42822
41069
39361
37699
36082
34509
32980
31494
30051
28650
27290
25971
24693
23454
22254
21092
19968
18882
17831
16817
15838
14893
13982
13104
12259
11446
10664
9912.2
9190.5
8498
7834
7197.9
6589
6006.6
5450
4918.6
4411.7
3928.7
3468.8
3031.4
2615.9
2221.6
1847.8
1493.9
1159.3
843.18
545.03
264.18
0
