2.6353e+05
2.6683e+05
2.7012e+05
2.734e+05
2.7665e+05
2.7989e+05
2.8311e+05
2.8631e+05
2.8949e+05
2.9264e+05
2.9576e+05
2.9886e+05
3.0193e+05
3.0497e+05
3.0798e+05
3.1095e+05
3.139e+05
3.168e+05
3.1967e+05
3.2251e+05
3.253e+05
3.2806e+05
3.3077e+05
3.3345e+05
3.3608e+05
3.3867e+05
3.4121e+05
3.4371e+05
3.4617e+05
3.4858e+05
3.5094e+05
3.5325e+05
3.5551e+05
3.5772e+05
3.5989e+05
3.62e+05
3.6406e+05
3.6607e+05
3.6803e+05
3.6993e+05
3.7178e+05
3.7358e+05
3.7533e+05
3.7701e+05
3.7865e+05
3.8023e+05
3.8175e+05
3.8322e+05
3.8463e+05
3.8598e+05
3.8728e+05
3.8852e+05
3.897e+05
3.9083e+05
3.919e+05
3.9291e+05
3.9387e+05
3.9476e+05
3.956e+05
3.9639e+05
3.9711e+05
3.9778e+05
3.9839e+05
3.9894e+05
3.9943e+05
3.9987e+05
4.0025e+05
4.0057e+05
4.0084e+05
4.0105e+05
4.012e+05
4.013e+05
4.0134e+05
4.0133e+05
4.0126e+05
4.0113e+05
4.0095e+05
4.0072e+05
4.0043e+05
4.0008e+05
3.9969e+05
3.9924e+05
3.9874e+05
3.9818e+05
3.9757e+05
3.9692e+05
3.9621e+05
3.9545e+05
3.9464e+05
3.9379e+05
3.9288e+05
3.9193e+05
3.9092e+05
3.8988e+05
3.8878e+05
3.8764e+05
3.8646e+05
3.8523e+05
3.8396e+05
3.8264e+05
3.8129e+05
3.7989e+05
3.7845e+05
3.7697e+05
3.7546e+05
3.739e+05
3.7231e+05
3.7068e+05
3.6902e+05
3.6732e+05
3.6559e+05
3.6383e+05
3.6203e+05
3.6021e+05
3.5835e+05
3.5647e+05
3.5455e+05
3.5261e+05
3.5065e+05
3.4866e+05
3.4664e+05
3.4461e+05
3.4255e+05
3.4047e+05
3.3837e+05
3.3626e+05
3.3412e+05
3.3197e+05
3.2981e+05
3.2763e+05
3.2544e+05
3.2323e+05
3.2102e+05
3.1879e+05
3.1656e+05
3.1432e+05
3.1207e+05
3.0982e+05
3.0757e+05
3.0531e+05
3.0305e+05
3.0079e+05
2.9853e+05
2.9627e+05
2.9402e+05
2.9176e+05
2.8952e+05
2.8728e+05
2.8504e+05
2.8282e+05
2.806e+05
2.7839e+05
2.762e+05
2.7401e+05
2.7184e+05
2.6968e+05
2.6754e+05
2.6541e+05
2.633e+05
2.6121e+05
2.5914e+05
2.5708e+05
2.5504e+05
2.5303e+05
2.5104e+05
2.4907e+05
2.4712e+05
2.4519e+05
2.4329e+05
2.4141e+05
2.3956e+05
2.3774e+05
2.3594e+05
2.3417e+05
2.3242e+05
2.307e+05
2.2901e+05
2.2735e+05
2.2572e+05
2.2411e+05
2.2254e+05
2.2099e+05
2.1947e+05
2.1799e+05
2.1653e+05
2.151e+05
2.137e+05
2.1233e+05
2.1099e+05
2.0968e+05
2.084e+05
2.0715e+05
2.0592e+05
2.0472e+05
2.0356e+05
2.0242e+05
2.013e+05
2.0022e+05
1.9916e+05
1.9812e+05
1.9711e+05
1.9613e+05
1.9517e+05
1.9423e+05
1.9332e+05
1.9243e+05
1.9156e+05
1.9071e+05
1.8988e+05
1.8906e+05
1.8827e+05
1.8749e+05
1.8673e+05
1.8599e+05
1.8526e+05
1.8454e+05
1.8383e+05
1.8314e+05
1.8245e+05
1.8178e+05
1.8111e+05
1.8045e+05
1.7979e+05
1.7914e+05
1.785e+05
1.7785e+05
1.772e+05
1.7656e+05
1.7591e+05
1.7526e+05
1.7461e+05
1.7395e+05
1.7329e+05
1.7262e+05
1.7194e+05
1.7125e+05
1.7055e+05
1.6983e+05
1.691e+05
1.6836e+05
1.6761e+05
1.6683e+05
1.6604e+05
1.6523e+05
1.644e+05
1.6355e+05
1.6268e+05
1.6178e+05
1.6086e+05
1.5991e+05
1.5894e+05
1.5795e+05
1.5692e+05
1.5587e+05
1.5479e+05
1.5367e+05
1.5253e+05
1.5136e+05
1.5015e+05
1.4892e+05
1.4765e+05
1.4635e+05
1.4501e+05
1.4364e+05
1.4224e+05
1.408e+05
1.3933e+05
1.3782e+05
1.3628e+05
1.347e+05
1.3309e+05
1.3144e+05
1.2976e+05
1.2805e+05
1.263e+05
1.2452e+05
1.2271e+05
1.2086e+05
1.1898e+05
1.1707e+05
1.1512e+05
1.1315e+05
1.1115e+05
1.0912e+05
1.0706e+05
1.0498e+05
1.0287e+05
1.0073e+05
98574
96393
94192
91971
89732
87476
85205
82921
80625
78318
76003
73682
71356
69027
66698
64370
62045
59726
57414
55112
52822
50547
48289
46050
43832
41639
39472
37335
35229
33158
31123
29128
27175
25267
23407
21597
19840
18138
16496
14914
13396
11945
10564
9254.2
8019.7
6862.8
5786.2
4792.7
3884.8
3065.3
2336.8
1701.9
1163.1
723.1
384.3
149.23
20.326
0
90.615
294.49
613.9
1051.1
1608.2
2287.3
3090.5
4019.9
5077.3
6264.6
7583.7
9036.2
10624
12348
14211
16214
18358
20644
23074
25648
28369
31236
34251
37415
40727
44190
47803
51567
55482
59548
63766
68135
72656
77329
82152
87126
92251
97525
1.0295e+05
1.0852e+05
1.1424e+05
1.2011e+05
1.2612e+05
1.3227e+05
1.3857e+05
1.4501e+05
1.5159e+05
1.5831e+05
1.6517e+05
1.7216e+05
1.7929e+05
1.8655e+05
1.9393e+05
2.0145e+05
2.0909e+05
2.1685e+05
2.2473e+05
2.3273e+05
2.4084e+05
2.4907e+05
2.5741e+05
2.6585e+05
2.744e+05
2.8305e+05
2.918e+05
3.0064e+05
3.0957e+05
3.1859e+05
3.2769e+05
3.3688e+05
3.4614e+05
3.5548e+05
3.6488e+05
3.7436e+05
3.8389e+05
3.9349e+05
4.0313e+05
4.1283e+05
4.2258e+05
4.3237e+05
4.4219e+05
4.5205e+05
4.6194e+05
4.7186e+05
4.8179e+05
4.9174e+05
5.0171e+05
5.1168e+05
5.2166e+05
5.3164e+05
5.4161e+05
5.5157e+05
5.6152e+05
5.7145e+05
5.8135e+05
5.9123e+05
6.0107e+05
6.1088e+05
6.2065e+05
6.3037e+05
6.4004e+05
6.4966e+05
6.5921e+05
6.6871e+05
6.7813e+05
6.8748e+05
6.9676e+05
7.0595e+05
7.1506e+05
7.2407e+05
7.33e+05
7.4182e+05
7.5054e+05
7.5916e+05
7.6766e+05
7.7605e+05
7.8433e+05
7.9247e+05
8.0049e+05
8.0839e+05
8.1614e+05
8.2376e+05
8.3124e+05
8.3857e+05
8.4576e+05
8.5279e+05
8.5967e+05
8.6639e+05
8.7295e+05
8.7934e+05
8.8557e+05
8.9162e+05
8.9751e+05
9.0322e+05
9.0874e+05
9.1409e+05
9.1926e+05
9.2424e+05
9.2903e+05
9.3363e+05
9.3804e+05
9.4226e+05
9.4627e+05
9.501e+05
9.5372e+05
9.5714e+05
9.6036e+05
9.6338e+05
9.6619e+05
9.688e+05
9.712e+05
9.7339e+05
9.7537e+05
9.7715e+05
9.7871e+05
9.8007e+05
9.8121e+05
9.8215e+05
9.8287e+05
9.8338e+05
9.8369e+05
9.8378e+05
9.8366e+05
9.8333e+05
9.8279e+05
9.8205e+05
9.8109e+05
9.7993e+05
9.7857e+05
9.7699e+05
9.7522e+05
9.7324e+05
9.7106e+05
9.6868e+05
9.661e+05
9.6333e+05
9.6036e+05
9.572e+05
9.5384e+05
9.503e+05
9.4657e+05
9.4266e+05
9.3856e+05
9.3428e+05
9.2982e+05
9.2519e+05
9.2039e+05
9.1542e+05
9.1027e+05
9.0497e+05
8.995e+05
8.9387e+05
8.8809e+05
8.8215e+05
8.7607e+05
8.6984e+05
8.6346e+05
8.5694e+05
8.5029e+05
8.4351e+05
8.3659e+05
8.2955e+05
8.2239e+05
8.151e+05
8.0771e+05
8.002e+05
7.9258e+05
7.8485e+05
7.7703e+05
7.6911e+05
7.6109e+05
7.5299e+05
7.448e+05
7.3653e+05
7.2818e+05
7.1976e+05
7.1126e+05
7.027e+05
6.9408e+05
6.854e+05
6.7667e+05
6.6788e+05
6.5905e+05
6.5017e+05
6.4126e+05
6.3231e+05
6.2332e+05
6.1431e+05
6.0528e+05
5.9623e+05
5.8716e+05
5.7807e+05
5.6898e+05
5.5989e+05
5.5079e+05
5.4169e+05
5.326e+05
5.2352e+05
5.1445e+05
5.054e+05
4.9636e+05
4.8735e+05
4.7837e+05
4.6941e+05
4.6049e+05
4.516e+05
4.4275e+05
4.3395e+05
4.2519e+05
4.1647e+05
4.0781e+05
3.992e+05
3.9065e+05
3.8215e+05
3.7372e+05
3.6536e+05
3.5705e+05
3.4882e+05
3.4066e+05
3.3258e+05
3.2457e+05
3.1664e+05
3.0879e+05
3.0102e+05
2.9334e+05
2.8574e+05
2.7823e+05
2.7082e+05
2.6349e+05
2.5626e+05
2.4912e+05
2.4208e+05
2.3514e+05
2.2829e+05
2.2155e+05
2.1491e+05
2.0837e+05
2.0193e+05
1.956e+05
1.8937e+05
1.8326e+05
1.7724e+05
1.7134e+05
1.6554e+05
1.5986e+05
1.5428e+05
1.4881e+05
1.4346e+05
1.3821e+05
1.3307e+05
1.2805e+05
1.2313e+05
1.1833e+05
1.1364e+05
1.0906e+05
1.0458e+05
1.0022e+05
95969
91826
87792
83867
80049
76339
72736
69238
65846
62558
59373
56292
53311
50432
47652
44970
42386
39898
37505
35205
32998
30882
28856
26918
25068
23303
21621
20023
18505
17067
15707
14423
13214
12079
11014
10020
9093.7
8234.1
7439.3
6707.6
6037.5
5427.1
4874.8
4378.8
3937.5
3549.1
3211.9
2924.2
2684.3
2490.6
2341.2
2234.5
2168.8
2142.5
2153.8
2201.2
2283
2397.5
2543.1
2718.4
2921.5
3151.1
3405.5
3683.2
3982.7
4302.5
4641.2
4997.3
5369.3
5755.9
6155.7
6567.4
6989.6
7420.9
7860.3
8306.3
8757.8
9213.5
9672.4
10133
10595
11056
11517
11975
12429
12880
13325
13764
14197
14621
15037
15444
15840
16226
16600
16963
17312
17648
17970
