43674
47371
51123
54929
58786
62692
66646
70646
74688
78772
82895
87055
91250
95477
99735
1.0402e+05
1.0833e+05
1.1267e+05
1.1703e+05
1.2141e+05
1.258e+05
1.3021e+05
1.3463e+05
1.3906e+05
1.4351e+05
1.4795e+05
1.524e+05
1.5686e+05
1.6131e+05
1.6576e+05
1.702e+05
1.7463e+05
1.7906e+05
1.8347e+05
1.8787e+05
1.9226e+05
1.9662e+05
2.0097e+05
2.0529e+05
2.0959e+05
2.1386e+05
2.181e+05
2.2231e+05
2.2649e+05
2.3064e+05
2.3474e+05
2.3881e+05
2.4284e+05
2.4682e+05
2.5076e+05
2.5466e+05
2.585e+05
2.623e+05
2.6604e+05
2.6973e+05
2.7337e+05
2.7695e+05
2.8047e+05
2.8394e+05
2.8734e+05
2.9068e+05
2.9396e+05
2.9717e+05
3.0031e+05
3.0339e+05
3.064e+05
3.0934e+05
3.122e+05
3.15e+05
3.1772e+05
3.2037e+05
3.2294e+05
3.2543e+05
3.2785e+05
3.3019e+05
3.3245e+05
3.3464e+05
3.3674e+05
3.3876e+05
3.407e+05
3.4257e+05
3.4434e+05
3.4604e+05
3.4765e+05
3.4918e+05
3.5063e+05
3.5199e+05
3.5327e+05
3.5447e+05
3.5558e+05
3.5661e+05
3.5755e+05
3.5842e+05
3.5919e+05
3.5989e+05
3.605e+05
3.6103e+05
3.6148e+05
3.6184e+05
3.6213e+05
3.6233e+05
3.6245e+05
3.625e+05
3.6246e+05
3.6235e+05
3.6215e+05
3.6189e+05
3.6154e+05
3.6112e+05
3.6062e+05
3.6005e+05
3.5941e+05
3.587e+05
3.5792e+05
3.5706e+05
3.5614e+05
3.5515e+05
3.5409e+05
3.5297e+05
3.5179e+05
3.5054e+05
3.4923e+05
3.4786e+05
3.4643e+05
3.4495e+05
3.4341e+05
3.4181e+05
3.4016e+05
3.3846e+05
3.3671e+05
3.3491e+05
3.3306e+05
3.3117e+05
3.2923e+05
3.2725e+05
3.2522e+05
3.2316e+05
3.2106e+05
3.1892e+05
3.1675e+05
3.1454e+05
3.123e+05
3.1003e+05
3.0773e+05
3.054e+05
3.0305e+05
3.0067e+05
2.9827e+05
2.9584e+05
2.934e+05
2.9094e+05
2.8846e+05
2.8596e+05
2.8345e+05
2.8093e+05
2.784e+05
2.7585e+05
2.733e+05
2.7074e+05
2.6818e+05
2.6561e+05
2.6304e+05
2.6046e+05
2.5789e+05
2.5532e+05
2.5274e+05
2.5017e+05
2.4761e+05
2.4505e+05
2.425e+05
2.3995e+05
2.3742e+05
2.3489e+05
2.3237e+05
2.2987e+05
2.2738e+05
2.249e+05
2.2243e+05
2.1998e+05
2.1755e+05
2.1513e+05
2.1274e+05
2.1036e+05
2.0799e+05
2.0565e+05
2.0333e+05
2.0103e+05
1.9875e+05
1.9649e+05
1.9425e+05
1.9204e+05
1.8984e+05
1.8768e+05
1.8553e+05
1.8341e+05
1.8132e+05
1.7924e+05
1.772e+05
1.7517e+05
1.7318e+05
1.712e+05
1.6926e+05
1.6733e+05
1.6544e+05
1.6357e+05
1.6172e+05
1.599e+05
1.581e+05
1.5633e+05
1.5458e+05
1.5286e+05
1.5116e+05
1.4949e+05
1.4784e+05
1.4621e+05
1.4461e+05
1.4303e+05
1.4147e+05
1.3994e+05
1.3842e+05
1.3693e+05
1.3547e+05
1.3402e+05
1.3259e+05
1.3119e+05
1.298e+05
1.2843e+05
1.2709e+05
1.2576e+05
1.2445e+05
1.2316e+05
1.2189e+05
1.2063e+05
1.1939e+05
1.1817e+05
1.1696e+05
1.1577e+05
1.1459e+05
1.1343e+05
1.1229e+05
1.1115e+05
1.1003e+05
1.0893e+05
1.0784e+05
1.0676e+05
1.0569e+05
1.0464e+05
1.036e+05
1.0257e+05
1.0155e+05
1.0055e+05
99554
98571
97599
96638
95688
94749
93821
92904
91998
91103
90219
89347
88486
87637
86800
85975
85162
84363
83576
82804
82045
81301
80572
79858
79161
78480
77817
77172
76545
75939
75352
74787
74244
73723
73227
72755
72309
71889
71498
71135
70803
70501
70231
69996
69794
69629
69501
69411
69361
69351
69385
69462
69584
69753
69970
70236
70553
70922
71345
71823
72358
72951
73603
74317
75093
75934
76840
77813
78855
79966
81150
82406
83736
85142
86626
88188
89830
91553
93359
95248
97224
99285
1.0143e+05
1.0367e+05
1.06e+05
1.0842e+05
1.1093e+05
1.1354e+05
1.1624e+05
1.1903e+05
1.2192e+05
1.2491e+05
1.28e+05
1.3118e+05
1.3447e+05
1.3785e+05
1.4134e+05
1.4492e+05
1.4861e+05
1.5241e+05
1.563e+05
1.603e+05
1.644e+05
1.6861e+05
1.7292e+05
1.7734e+05
1.8186e+05
1.8648e+05
1.9121e+05
1.9605e+05
2.0099e+05
2.0603e+05
2.1117e+05
2.1642e+05
2.2178e+05
2.2723e+05
2.3279e+05
2.3845e+05
2.4421e+05
2.5006e+05
2.5602e+05
2.6208e+05
2.6823e+05
2.7448e+05
2.8083e+05
2.8726e+05
2.9379e+05
3.0041e+05
3.0713e+05
3.1392e+05
3.2081e+05
3.2778e+05
3.3484e+05
3.4197e+05
3.4919e+05
3.5648e+05
3.6385e+05
3.7129e+05
3.7881e+05
3.8639e+05
3.9405e+05
4.0176e+05
4.0954e+05
4.1738e+05
4.2528e+05
4.3324e+05
4.4124e+05
4.493e+05
4.574e+05
4.6555e+05
4.7374e+05
4.8197e+05
4.9024e+05
4.9854e+05
5.0687e+05
5.1523e+05
5.2361e+05
5.3201e+05
5.4043e+05
5.4886e+05
5.5731e+05
5.6576e+05
5.7422e+05
5.8268e+05
5.9114e+05
5.996e+05
6.0804e+05
6.1647e+05
6.2489e+05
6.3329e+05
6.4167e+05
6.5002e+05
6.5834e+05
6.6663e+05
6.7488e+05
6.8309e+05
6.9126e+05
6.9938e+05
7.0745e+05
7.1547e+05
7.2343e+05
7.3132e+05
7.3916e+05
7.4692e+05
7.5462e+05
7.6224e+05
7.6978e+05
7.7723e+05
7.8461e+05
7.9189e+05
7.9909e+05
8.0619e+05
8.1319e+05
8.2008e+05
8.2688e+05
8.3356e+05
8.4014e+05
8.466e+05
8.5294e+05
8.5917e+05
8.6527e+05
8.7124e+05
8.7709e+05
8.8281e+05
8.8839e+05
8.9383e+05
8.9914e+05
9.043e+05
9.0932e+05
9.1419e+05
9.1891e+05
9.2349e+05
9.2791e+05
9.3217e+05
9.3628e+05
9.4022e+05
9.4401e+05
9.4763e+05
9.5109e+05
9.5438e+05
9.575e+05
9.6046e+05
9.6324e+05
9.6585e+05
9.6829e+05
9.7055e+05
9.7263e+05
9.7454e+05
9.7628e+05
9.7783e+05
9.7921e+05
9.804e+05
9.8142e+05
9.8225e+05
9.829e+05
9.8338e+05
9.8367e+05
9.8378e+05
9.837e+05
9.8345e+05
9.8302e+05
9.824e+05
9.816e+05
9.8063e+05
9.7947e+05
9.7813e+05
9.7662e+05
9.7493e+05
9.7306e+05
9.7102e+05
9.688e+05
9.6641e+05
9.6384e+05
9.6111e+05
9.582e+05
9.5513e+05
9.5189e+05
9.4849e+05
9.4492e+05
9.4119e+05
9.373e+05
9.3325e+05
9.2905e+05
9.2469e+05
9.2019e+05
9.1553e+05
9.1072e+05
9.0578e+05
9.0068e+05
8.9545e+05
8.9008e+05
8.8458e+05
8.7894e+05
8.7318e+05
8.6728e+05
8.6127e+05
8.5513e+05
8.4887e+05
8.425e+05
8.3601e+05
8.2942e+05
8.2272e+05
8.1591e+05
8.0901e+05
8.02e+05
7.949e+05
7.8772e+05
7.8044e+05
7.7308e+05
7.6564e+05
7.5812e+05
7.5052e+05
7.4286e+05
7.3512e+05
7.2732e+05
7.1946e+05
7.1154e+05
7.0357e+05
6.9554e+05
6.8747e+05
6.7935e+05
6.7119e+05
6.63e+05
6.5476e+05
6.465e+05
6.3821e+05
6.2989e+05
6.2155e+05
6.132e+05
6.0483e+05
5.9644e+05
5.8805e+05
5.7965e+05
5.7125e+05
5.6286e+05
5.5446e+05
5.4607e+05
5.3769e+05
5.2933e+05
5.2098e+05
5.1265e+05
5.0434e+05
4.9606e+05
4.878e+05
4.7957e+05
4.7138e+05
4.6322e+05
4.551e+05
4.4702e+05
4.3898e+05
4.3099e+05
4.2304e+05
4.1515e+05
4.0731e+05
3.9952e+05
3.9179e+05
3.8412e+05
3.7651e+05
3.6896e+05
3.6148e+05
3.5406e+05
3.4672e+05
3.3944e+05
3.3223e+05
3.251e+05
3.1805e+05
3.1107e+05
3.0417e+05
2.9735e+05
2.9061e+05
2.8395e+05
2.7738e+05
2.7089e+05
2.6448e+05
2.5817e+05
2.5194e+05
2.4579e+05
2.3974e+05
2.3378e+05
2.2791e+05
2.2212e+05
2.1643e+05
2.1084e+05
2.0533e+05
1.9992e+05
1.946e+05
1.8938e+05
1.8425e+05
1.7921e+05
1.7427e+05
1.6942e+05
1.6466e+05
1.6e+05
1.5543e+05
1.5096e+05
1.4658e+05
1.4229e+05
1.3809e+05
1.3399e+05
1.2998e+05
1.2606e+05
1.2223e+05
1.1849e+05
1.1483e+05
1.1127e+05
1.078e+05
1.0441e+05
1.0111e+05
97893
94762
91715
88750
85867
83064
80341
77697
75129
72638
70222
67880
65611
63413
61285
59225
57233
55308
53447
51650
49915
48240
46625
45068
43568
42122
40731
39391
38103
36864
35673
34529
33430
32375
31362
30390
29458
28564
27706
26884
26096
25341
24617
23924
23258
22621
22009
21422
20859
20318
19799
19299
18818
18355
17908
17476
17059
16655
16264
15883
15513
15152
14799
14453
14114
13781
13452
13128
12807
12488
12170
11854
11538
11222
10905
10586
10266
9942.5
9616.2
9286.2
8952.2
8613.8
8270.5
7921.9
7567.8
7207.8
6841.6
6469
6089.7
5703.4
5310.1
4909.5
4501.6
4086.1
3663
3232.2
2793.7
2347.4
1893.3
1431.5
961.98
484.78
0
