5.3962e+05
5.4461e+05
5.4968e+05
5.5481e+05
5.6001e+05
5.6529e+05
5.7065e+05
5.7609e+05
5.8161e+05
5.8722e+05
5.9291e+05
5.9868e+05
6.0454e+05
6.1049e+05
6.1652e+05
6.2263e+05
6.2882e+05
6.3508e+05
6.4142e+05
6.4783e+05
6.5431e+05
6.6086e+05
6.6746e+05
6.7412e+05
6.8083e+05
6.8758e+05
6.9438e+05
7.012e+05
7.0806e+05
7.1493e+05
7.2183e+05
7.2873e+05
7.3564e+05
7.4254e+05
7.4943e+05
7.5631e+05
7.6316e+05
7.6999e+05
7.7678e+05
7.8352e+05
7.9022e+05
7.9687e+05
8.0345e+05
8.0997e+05
8.1642e+05
8.2278e+05
8.2907e+05
8.3526e+05
8.4137e+05
8.4737e+05
8.5327e+05
8.5907e+05
8.6475e+05
8.7032e+05
8.7577e+05
8.811e+05
8.8631e+05
8.9139e+05
8.9633e+05
9.0115e+05
9.0583e+05
9.1037e+05
9.1478e+05
9.1905e+05
9.2318e+05
9.2716e+05
9.3101e+05
9.3471e+05
9.3828e+05
9.417e+05
9.4498e+05
9.4811e+05
9.5111e+05
9.5397e+05
9.5668e+05
9.5926e+05
9.617e+05
9.64e+05
9.6617e+05
9.682e+05
9.7011e+05
9.7188e+05
9.7352e+05
9.7503e+05
9.7642e+05
9.7768e+05
9.7881e+05
9.7983e+05
9.8073e+05
9.815e+05
9.8217e+05
9.8271e+05
9.8314e+05
9.8347e+05
9.8368e+05
9.8378e+05
9.8377e+05
9.8366e+05
9.8344e+05
9.8312e+05
9.827e+05
9.8218e+05
9.8155e+05
9.8083e+05
9.8001e+05
9.7909e+05
9.7808e+05
9.7698e+05
9.7578e+05
9.7448e+05
9.731e+05
9.7162e+05
9.7005e+05
9.6839e+05
9.6664e+05
9.6481e+05
9.6288e+05
9.6087e+05
9.5877e+05
9.5658e+05
9.543e+05
9.5195e+05
9.495e+05
9.4697e+05
9.4436e+05
9.4166e+05
9.3888e+05
9.3602e+05
9.3308e+05
9.3005e+05
9.2695e+05
9.2376e+05
9.205e+05
9.1716e+05
9.1374e+05
9.1024e+05
9.0667e+05
9.0303e+05
8.9931e+05
8.9552e+05
8.9166e+05
8.8773e+05
8.8373e+05
8.7967e+05
8.7554e+05
8.7134e+05
8.6708e+05
8.6277e+05
8.5839e+05
8.5395e+05
8.4946e+05
8.4492e+05
8.4032e+05
8.3568e+05
8.3098e+05
8.2624e+05
8.2146e+05
8.1663e+05
8.1177e+05
8.0687e+05
8.0194e+05
7.9697e+05
7.9197e+05
7.8695e+05
7.819e+05
7.7683e+05
7.7174e+05
7.6664e+05
7.6151e+05
7.5638e+05
7.5124e+05
7.4609e+05
7.4094e+05
7.3579e+05
7.3064e+05
7.255e+05
7.2036e+05
7.1523e+05
7.1011e+05
7.0501e+05
6.9993e+05
6.9487e+05
6.8983e+05
6.8482e+05
6.7983e+05
6.7488e+05
6.6996e+05
6.6507e+05
6.6023e+05
6.5542e+05
6.5066e+05
6.4594e+05
6.4127e+05
6.3664e+05
6.3207e+05
6.2756e+05
6.2309e+05
6.1869e+05
6.1434e+05
6.1006e+05
6.0584e+05
6.0168e+05
5.9759e+05
5.9356e+05
5.8961e+05
5.8572e+05
5.8191e+05
5.7817e+05
5.7451e+05
5.7091e+05
5.674e+05
5.6396e+05
5.606e+05
5.5732e+05
5.5412e+05
5.51e+05
5.4795e+05
5.4499e+05
5.4212e+05
5.3932e+05
5.3661e+05
5.3397e+05
5.3143e+05
5.2896e+05
5.2658e+05
5.2428e+05
5.2206e+05
5.1993e+05
5.1788e+05
5.1591e+05
5.1402e+05
5.1222e+05
5.105e+05
5.0886e+05
5.073e+05
5.0582e+05
5.0442e+05
5.031e+05
5.0185e+05
5.0069e+05
4.9961e+05
4.986e+05
4.9766e+05
4.9681e+05
4.9602e+05
4.9531e+05
4.9468e+05
4.9412e+05
4.9362e+05
4.932e+05
4.9285e+05
4.9257e+05
4.9235e+05
4.9221e+05
4.9212e+05
4.9211e+05
4.9216e+05
4.9227e+05
4.9244e+05
4.9267e+05
4.9297e+05
4.9332e+05
4.9373e+05
4.942e+05
4.9473e+05
4.9531e+05
4.9594e+05
4.9663e+05
4.9737e+05
4.9816e+05
4.99e+05
4.9989e+05
5.0082e+05
5.0181e+05
5.0283e+05
5.0391e+05
5.0502e+05
5.0618e+05
5.0738e+05
5.0861e+05
5.0989e+05
5.112e+05
5.1255e+05
5.1394e+05
5.1536e+05
5.1681e+05
5.1829e+05
5.1981e+05
5.2135e+05
5.2292e+05
5.2452e+05
5.2615e+05
5.278e+05
5.2947e+05
5.3117e+05
5.3289e+05
5.3463e+05
5.3639e+05
5.3816e+05
5.3996e+05
5.4177e+05
5.4359e+05
5.4543e+05
5.4729e+05
5.4915e+05
5.5103e+05
5.5292e+05
5.5482e+05
5.5673e+05
5.5864e+05
5.6057e+05
5.625e+05
5.6443e+05
5.6638e+05
5.6832e+05
5.7027e+05
5.7223e+05
5.7419e+05
5.7615e+05
5.7812e+05
5.8009e+05
5.8206e+05
5.8403e+05
5.86e+05
5.8798e+05
5.8996e+05
5.9193e+05
5.9392e+05
5.959e+05
5.9788e+05
5.9987e+05
6.0186e+05
6.0385e+05
6.0585e+05
6.0785e+05
6.0985e+05
6.1186e+05
6.1387e+05
6.1589e+05
6.1791e+05
6.1994e+05
6.2197e+05
6.2402e+05
6.2607e+05
6.2813e+05
6.302e+05
6.3227e+05
6.3436e+05
6.3646e+05
6.3857e+05
6.407e+05
6.4284e+05
6.4499e+05
6.4715e+05
6.4933e+05
6.5152e+05
6.5373e+05
6.5596e+05
6.582e+05
6.6046e+05
6.6274e+05
6.6503e+05
6.6734e+05
6.6967e+05
6.7201e+05
6.7438e+05
6.7676e+05
6.7916e+05
6.8157e+05
6.84e+05
6.8645e+05
6.8892e+05
6.914e+05
6.9389e+05
6.964e+05
6.9892e+05
7.0146e+05
7.04e+05
7.0656e+05
7.0912e+05
7.117e+05
7.1428e+05
7.1686e+05
7.1945e+05
7.2204e+05
7.2463e+05
7.2722e+05
7.2981e+05
7.3239e+05
7.3497e+05
7.3754e+05
7.4009e+05
7.4264e+05
7.4516e+05
7.4767e+05
7.5017e+05
7.5264e+05
7.5508e+05
7.575e+05
7.599e+05
7.6226e+05
7.6459e+05
7.6688e+05
7.6913e+05
7.7135e+05
7.7352e+05
7.7564e+05
7.7772e+05
7.7975e+05
7.8173e+05
7.8366e+05
7.8552e+05
7.8734e+05
7.8909e+05
7.9078e+05
7.924e+05
7.9396e+05
7.9545e+05
7.9687e+05
7.9823e+05
7.9951e+05
8.0072e+05
8.0185e+05
8.0291e+05
8.0389e+05
8.0479e+05
8.0561e+05
8.0636e+05
8.0702e+05
8.0761e+05
8.0811e+05
8.0853e+05
8.0887e+05
8.0913e+05
8.0931e+05
8.0941e+05
8.0943e+05
8.0936e+05
8.0922e+05
8.09e+05
8.087e+05
8.0832e+05
8.0786e+05
8.0733e+05
8.0673e+05
8.0605e+05
8.053e+05
8.0448e+05
8.0359e+05
8.0263e+05
8.0161e+05
8.0052e+05
7.9937e+05
7.9816e+05
7.969e+05
7.9557e+05
7.9419e+05
7.9276e+05
7.9127e+05
7.8974e+05
7.8816e+05
7.8653e+05
7.8487e+05
7.8316e+05
7.8141e+05
7.7963e+05
7.7781e+05
7.7596e+05
7.7408e+05
7.7217e+05
7.7024e+05
7.6828e+05
7.6629e+05
7.6429e+05
7.6227e+05
7.6023e+05
7.5817e+05
7.561e+05
7.5402e+05
7.5192e+05
7.4982e+05
7.4771e+05
7.4559e+05
7.4346e+05
7.4133e+05
7.392e+05
7.3707e+05
7.3493e+05
7.3279e+05
7.3065e+05
7.2851e+05
7.2638e+05
7.2424e+05
7.2211e+05
7.1998e+05
7.1785e+05
7.1573e+05
7.1361e+05
7.1149e+05
7.0937e+05
7.0726e+05
7.0516e+05
7.0305e+05
7.0095e+05
6.9885e+05
6.9675e+05
6.9466e+05
6.9256e+05
6.9047e+05
6.8838e+05
6.8629e+05
6.842e+05
6.821e+05
6.8001e+05
6.7791e+05
6.7581e+05
6.737e+05
6.7159e+05
6.6948e+05
6.6736e+05
6.6523e+05
6.631e+05
6.6095e+05
6.588e+05
6.5664e+05
6.5447e+05
6.5228e+05
6.5009e+05
6.4788e+05
6.4566e+05
6.4342e+05
6.4117e+05
6.389e+05
6.3662e+05
6.3432e+05
6.3201e+05
6.2967e+05
6.2732e+05
6.2495e+05
6.2256e+05
6.2015e+05
6.1772e+05
6.1527e+05
6.128e+05
6.103e+05
6.0779e+05
6.0525e+05
6.0269e+05
6.0011e+05
5.975e+05
5.9488e+05
5.9222e+05
5.8955e+05
5.8685e+05
5.8413e+05
5.8139e+05
5.7862e+05
5.7583e+05
5.7301e+05
5.7017e+05
5.6731e+05
5.6443e+05
5.6152e+05
5.5859e+05
5.5563e+05
5.5265e+05
5.4965e+05
5.4663e+05
5.4358e+05
5.4051e+05
5.3742e+05
5.3431e+05
5.3118e+05
5.2802e+05
5.2484e+05
5.2165e+05
5.1843e+05
5.1519e+05
5.1193e+05
5.0865e+05
5.0535e+05
5.0203e+05
4.987e+05
4.9534e+05
4.9197e+05
4.8858e+05
4.8517e+05
4.8174e+05
4.783e+05
4.7484e+05
4.7136e+05
4.6787e+05
4.6436e+05
4.6084e+05
4.573e+05
4.5375e+05
4.5018e+05
4.466e+05
4.4301e+05
4.394e+05
4.3578e+05
4.3215e+05
4.2851e+05
4.2486e+05
4.212e+05
4.1753e+05
4.1384e+05
4.1015e+05
4.0645e+05
4.0275e+05
3.9903e+05
3.9531e+05
3.9158e+05
3.8785e+05
3.8411e+05
3.8036e+05
3.7661e+05
3.7286e+05
3.691e+05
3.6535e+05
3.6159e+05
3.5782e+05
3.5406e+05
3.503e+05
3.4654e+05
3.4278e+05
3.3902e+05
3.3526e+05
3.315e+05
3.2775e+05
3.24e+05
3.2026e+05
3.1652e+05
3.1279e+05
3.0907e+05
3.0535e+05
3.0164e+05
2.9793e+05
2.9424e+05
2.9055e+05
2.8688e+05
2.8321e+05
2.7956e+05
2.7591e+05
2.7228e+05
2.6866e+05
2.6505e+05
2.6146e+05
2.5788e+05
2.5431e+05
2.5076e+05
2.4722e+05
2.437e+05
2.4019e+05
2.367e+05
2.3323e+05
2.2977e+05
2.2633e+05
2.229e+05
2.1949e+05
2.1611e+05
2.1273e+05
2.0938e+05
2.0604e+05
2.0272e+05
1.9942e+05
1.9614e+05
1.9288e+05
1.8964e+05
1.8641e+05
1.8321e+05
1.8002e+05
1.7685e+05
1.737e+05
1.7057e+05
1.6746e+05
1.6436e+05
1.6129e+05
1.5823e+05
1.552e+05
1.5218e+05
1.4918e+05
1.462e+05
1.4324e+05
1.4029e+05
1.3737e+05
1.3446e+05
1.3157e+05
1.287e+05
1.2584e+05
1.23e+05
1.2019e+05
1.1738e+05
1.146e+05
1.1183e+05
1.0908e+05
1.0635e+05
1.0364e+05
1.0094e+05
98255
95589
92940
90307
87691
85091
82507
79940
77388
74852
72333
69829
67341
64869
62412
59972
57547
55137
52744
50366
48004
45657
43326
41010
38711
36427
34158
31905
29668
27447
25241
23051
20876
18718
16575
14448
12337
10241
8161.2
6097.2
4049
2016.6
0
