8804.2
11922
15255
18799
22549
26500
30646
34982
39501
44195
49058
54082
59258
64579
70036
75619
81319
87127
93033
99026
1.051e+05
1.1124e+05
1.1743e+05
1.2368e+05
1.2995e+05
1.3626e+05
1.4258e+05
1.489e+05
1.5522e+05
1.6151e+05
1.6779e+05
1.7402e+05
1.802e+05
1.8633e+05
1.9239e+05
1.9837e+05
2.0426e+05
2.1006e+05
2.1575e+05
2.2133e+05
2.2678e+05
2.321e+05
2.3728e+05
2.4232e+05
2.472e+05
2.5192e+05
2.5648e+05
2.6086e+05
2.6506e+05
2.6908e+05
2.7291e+05
2.7655e+05
2.7999e+05
2.8323e+05
2.8626e+05
2.8909e+05
2.9171e+05
2.9412e+05
2.9632e+05
2.9831e+05
3.0009e+05
3.0165e+05
3.0299e+05
3.0413e+05
3.0506e+05
3.0577e+05
3.0628e+05
3.0659e+05
3.0669e+05
3.066e+05
3.0631e+05
3.0582e+05
3.0516e+05
3.043e+05
3.0327e+05
3.0207e+05
3.007e+05
2.9917e+05
2.9749e+05
2.9565e+05
2.9367e+05
2.9156e+05
2.8931e+05
2.8695e+05
2.8446e+05
2.8187e+05
2.7918e+05
2.7639e+05
2.7352e+05
2.7057e+05
2.6755e+05
2.6447e+05
2.6133e+05
2.5814e+05
2.5492e+05
2.5166e+05
2.4838e+05
2.4508e+05
2.4177e+05
2.3846e+05
2.3515e+05
2.3186e+05
2.2859e+05
2.2535e+05
2.2214e+05
2.1897e+05
2.1584e+05
2.1277e+05
2.0976e+05
2.0682e+05
2.0394e+05
2.0114e+05
1.9843e+05
1.9579e+05
1.9325e+05
1.9081e+05
1.8846e+05
1.8622e+05
1.8409e+05
1.8206e+05
1.8015e+05
1.7836e+05
1.7668e+05
1.7512e+05
1.7369e+05
1.7238e+05
1.7119e+05
1.7014e+05
1.692e+05
1.684e+05
1.6772e+05
1.6717e+05
1.6674e+05
1.6644e+05
1.6627e+05
1.6621e+05
1.6628e+05
1.6647e+05
1.6677e+05
1.6719e+05
1.6773e+05
1.6837e+05
1.6911e+05
1.6996e+05
1.7091e+05
1.7195e+05
1.7308e+05
1.743e+05
1.7561e+05
1.7699e+05
1.7844e+05
1.7996e+05
1.8155e+05
1.8319e+05
1.8489e+05
1.8664e+05
1.8843e+05
1.9026e+05
1.9212e+05
1.94e+05
1.9591e+05
1.9783e+05
1.9977e+05
2.0171e+05
2.0364e+05
2.0557e+05
2.0749e+05
2.094e+05
2.1128e+05
2.1313e+05
2.1495e+05
2.1674e+05
2.1848e+05
2.2017e+05
2.2182e+05
2.234e+05
2.2493e+05
2.2639e+05
2.2779e+05
2.2911e+05
2.3035e+05
2.3152e+05
2.326e+05
2.336e+05
2.3451e+05
2.3533e+05
2.3605e+05
2.3668e+05
2.3721e+05
2.3764e+05
2.3798e+05
2.382e+05
2.3833e+05
2.3835e+05
2.3827e+05
2.3808e+05
2.3779e+05
2.3739e+05
2.3688e+05
2.3627e+05
2.3556e+05
2.3475e+05
2.3383e+05
2.3281e+05
2.3169e+05
2.3048e+05
2.2917e+05
2.2776e+05
2.2626e+05
2.2468e+05
2.23e+05
2.2124e+05
2.194e+05
2.1748e+05
2.1548e+05
2.1341e+05
2.1126e+05
2.0905e+05
2.0677e+05
2.0444e+05
2.0204e+05
1.9959e+05
1.9708e+05
1.9453e+05
1.9193e+05
1.8929e+05
1.8661e+05
1.8389e+05
1.8114e+05
1.7837e+05
1.7556e+05
1.7273e+05
1.6988e+05
1.6702e+05
1.6414e+05
1.6124e+05
1.5834e+05
1.5543e+05
1.5252e+05
1.496e+05
1.4669e+05
1.4377e+05
1.4087e+05
1.3797e+05
1.3508e+05
1.3219e+05
1.2933e+05
1.2647e+05
1.2363e+05
1.2081e+05
1.18e+05
1.1522e+05
1.1245e+05
1.097e+05
1.0698e+05
1.0428e+05
1.0161e+05
98953
96326
93724
91148
88598
86075
83579
81110
78668
76255
73869
71511
69181
66880
64608
62364
60150
57964
55808
53682
51586
49520
47485
45482
43509
41569
39662
37787
35947
34141
32371
30637
28939
27279
25658
24077
22537
21038
19581
18169
16801
15480
14206
12979
11803
10676
9601.4
8579.2
7610.5
6696.5
5838
5036
4291.2
3604.4
2976.2
2407.4
1898.2
1449.3
1060.7
732.83
465.59
258.96
112.73
26.572
0
32.393
122.98
270.82
474.85
733.83
1046.3
1410.8
1825.6
2288.8
2798.3
3352
3947.6
4582.5
5254.1
5959.6
6696.2
7460.9
8250.4
9061.6
9891
10735
11591
12454
13322
14190
15054
15912
16758
17591
18405
19197
19964
20702
21408
22078
22709
23298
23843
24340
24787
25182
25523
25807
26034
26201
26309
26356
26342
26266
26130
25933
25677
25362
24992
24567
24091
23565
22994
22381
21731
21047
20335
19599
18846
18082
17313
16546
15789
15047
14331
13648
13006
12414
11882
11418
11034
10737
10539
10450
10480
10639
10939
11390
12002
12787
13756
14918
16286
17868
19677
21721
24012
26559
29371
32458
35829
39493
43458
47732
52321
57234
62477
68056
73975
80241
86856
93826
1.0115e+05
1.0884e+05
1.1688e+05
1.2529e+05
1.3406e+05
1.4319e+05
1.5269e+05
1.6254e+05
1.7274e+05
1.833e+05
1.9421e+05
2.0546e+05
2.1704e+05
2.2896e+05
2.412e+05
2.5375e+05
2.6662e+05
2.7977e+05
2.9322e+05
3.0694e+05
3.2092e+05
3.3515e+05
3.4962e+05
3.6431e+05
3.7922e+05
3.9431e+05
4.0958e+05
4.2502e+05
4.406e+05
4.563e+05
4.7212e+05
4.8803e+05
5.04e+05
5.2004e+05
5.361e+05
5.5218e+05
5.6825e+05
5.8429e+05
6.0029e+05
6.1621e+05
6.3205e+05
6.4778e+05
6.6337e+05
6.7882e+05
6.9409e+05
7.0916e+05
7.2403e+05
7.3865e+05
7.5302e+05
7.6712e+05
7.8091e+05
7.944e+05
8.0755e+05
8.2034e+05
8.3277e+05
8.4481e+05
8.5644e+05
8.6765e+05
8.7842e+05
8.8873e+05
8.9858e+05
9.0795e+05
9.1682e+05
9.2518e+05
9.3302e+05
9.4033e+05
9.471e+05
9.5332e+05
9.5897e+05
9.6407e+05
9.6858e+05
9.7252e+05
9.7588e+05
9.7864e+05
9.8082e+05
9.824e+05
9.8339e+05
9.8378e+05
9.8357e+05
9.8278e+05
9.8139e+05
9.7942e+05
9.7686e+05
9.7373e+05
9.7002e+05
9.6575e+05
9.6092e+05
9.5554e+05
9.4963e+05
9.4318e+05
9.3622e+05
9.2875e+05
9.2078e+05
9.1234e+05
9.0342e+05
8.9406e+05
8.8425e+05
8.7402e+05
8.6339e+05
8.5236e+05
8.4096e+05
8.292e+05
8.171e+05
8.0468e+05
7.9195e+05
7.7894e+05
7.6567e+05
7.5215e+05
7.384e+05
7.2444e+05
7.1029e+05
6.9597e+05
6.815e+05
6.669e+05
6.5219e+05
6.3738e+05
6.225e+05
6.0756e+05
5.9258e+05
5.7759e+05
5.6259e+05
5.4761e+05
5.3266e+05
5.1777e+05
5.0294e+05
4.882e+05
4.7355e+05
4.5903e+05
4.4463e+05
4.3037e+05
4.1627e+05
4.0235e+05
3.8861e+05
3.7506e+05
3.6172e+05
3.486e+05
3.3571e+05
3.2305e+05
3.1064e+05
2.9849e+05
2.8661e+05
2.7499e+05
2.6365e+05
2.5259e+05
2.4183e+05
2.3135e+05
2.2117e+05
2.113e+05
2.0172e+05
1.9245e+05
1.8349e+05
1.7484e+05
1.6649e+05
1.5846e+05
1.5073e+05
1.433e+05
1.3618e+05
1.2937e+05
1.2285e+05
1.1663e+05
1.107e+05
1.0506e+05
99706
94629
89826
85292
81020
77004
73238
69715
66428
63370
60534
57911
55495
53277
51249
49405
47735
46231
44885
43690
42636
41717
40924
40249
39684
39221
38853
38573
38373
38245
38183
38180
38230
38325
38460
38628
38824
39043
39278
39525
39779
40036
40290
40539
40778
41004
41213
41402
41569
41710
41824
41909
41963
41983
41969
41920
41835
41713
41553
41355
41119
40846
40534
40186
39800
39379
38922
38431
37907
37351
36764
36147
35503
34833
34138
33420
32681
31923
31147
30355
29549
28731
27902
27066
26222
25374
24524
23672
22821
21972
21127
20288
19456
18632
17819
17018
16229
15454
14695
13952
13226
12519
11830
11162
10514
9888
9283.5
8701.3
8141.8
7605.3
7092
6602.2
6135.9
5693.1
5273.7
4877.8
4505
4155.2
3827.9
3523
3239.9
2978.2
2737.3
2516.8
2315.9
2134.1
1970.6
1824.8
1695.9
1583.2
1485.7
1402.8
1333.6
1277.1
1232.7
1199.3
1176.2
1162.4
1157
1159.2
1168.1
1182.9
1202.7
1226.6
1253.8
1283.5
1314.9
1347.3
1379.8
1411.8
1442.6
