79329
83224
87399
91851
96576
1.0157e+05
1.0682e+05
1.1233e+05
1.1808e+05
1.2407e+05
1.3028e+05
1.367e+05
1.4332e+05
1.5013e+05
1.5711e+05
1.6425e+05
1.7153e+05
1.7894e+05
1.8645e+05
1.9405e+05
2.0172e+05
2.0944e+05
2.172e+05
2.2497e+05
2.3273e+05
2.4047e+05
2.4817e+05
2.558e+05
2.6334e+05
2.7078e+05
2.781e+05
2.8527e+05
2.9229e+05
2.9912e+05
3.0576e+05
3.1218e+05
3.1837e+05
3.2431e+05
3.2999e+05
3.354e+05
3.4051e+05
3.4532e+05
3.4982e+05
3.5398e+05
3.5781e+05
3.613e+05
3.6443e+05
3.672e+05
3.696e+05
3.7162e+05
3.7328e+05
3.7455e+05
3.7544e+05
3.7594e+05
3.7607e+05
3.7581e+05
3.7517e+05
3.7416e+05
3.7277e+05
3.7101e+05
3.689e+05
3.6643e+05
3.6361e+05
3.6045e+05
3.5696e+05
3.5315e+05
3.4904e+05
3.4462e+05
3.3991e+05
3.3493e+05
3.2969e+05
3.242e+05
3.1847e+05
3.1252e+05
3.0637e+05
3.0002e+05
2.9349e+05
2.868e+05
2.7995e+05
2.7298e+05
2.6588e+05
2.5868e+05
2.5139e+05
2.4402e+05
2.366e+05
2.2913e+05
2.2163e+05
2.1411e+05
2.0659e+05
1.9909e+05
1.916e+05
1.8415e+05
1.7676e+05
1.6942e+05
1.6217e+05
1.5499e+05
1.4792e+05
1.4096e+05
1.3411e+05
1.2739e+05
1.2082e+05
1.1439e+05
1.0812e+05
1.0202e+05
96090
90344
84787
79427
74269
69321
64587
60073
55784
51724
47898
44309
40961
37856
34998
32387
30027
27918
26063
24460
23112
22017
21176
20588
20251
20164
20325
20731
21381
22272
23398
24758
26347
28159
30191
32437
34891
37548
40400
43441
46664
50062
53626
57349
61222
65237
69384
73655
78039
82528
87111
91779
96520
1.0133e+05
1.0619e+05
1.1109e+05
1.1602e+05
1.2098e+05
1.2594e+05
1.3091e+05
1.3587e+05
1.4081e+05
1.4572e+05
1.5059e+05
1.554e+05
1.6016e+05
1.6485e+05
1.6946e+05
1.7398e+05
1.7841e+05
1.8274e+05
1.8695e+05
1.9104e+05
1.95e+05
1.9884e+05
2.0253e+05
2.0608e+05
2.0947e+05
2.1272e+05
2.158e+05
2.1872e+05
2.2147e+05
2.2405e+05
2.2647e+05
2.287e+05
2.3076e+05
2.3265e+05
2.3436e+05
2.3589e+05
2.3724e+05
2.3842e+05
2.3942e+05
2.4025e+05
2.4091e+05
2.414e+05
2.4172e+05
2.4188e+05
2.4187e+05
2.4171e+05
2.414e+05
2.4093e+05
2.4032e+05
2.3956e+05
2.3867e+05
2.3764e+05
2.3648e+05
2.352e+05
2.3379e+05
2.3227e+05
2.3063e+05
2.2889e+05
2.2704e+05
2.2509e+05
2.2305e+05
2.2091e+05
2.1868e+05
2.1637e+05
2.1398e+05
2.1151e+05
2.0897e+05
2.0635e+05
2.0367e+05
2.0092e+05
1.9811e+05
1.9524e+05
1.9231e+05
1.8933e+05
1.863e+05
1.8321e+05
1.8008e+05
1.769e+05
1.7368e+05
1.7042e+05
1.6712e+05
1.6379e+05
1.6041e+05
1.5701e+05
1.5358e+05
1.5011e+05
1.4662e+05
1.4311e+05
1.3958e+05
1.3603e+05
1.3246e+05
1.2889e+05
1.253e+05
1.217e+05
1.1811e+05
1.1451e+05
1.1092e+05
1.0733e+05
1.0376e+05
1.002e+05
96655
93138
89648
86189
82766
79383
76045
72755
69519
66340
63222
60171
57189
54281
51451
48702
46037
43459
40972
38578
36279
34078
31975
29973
28072
26274
24577
22983
21491
20099
18807
17613
16515
15510
14597
13771
13029
12368
11784
11273
10829
10449
10128
9859.7
9640
9463.5
9324.9
9219
9140.5
9084.1
9044.9
9017.8
8998.1
8981
8962.2
8937.6
8903.3
8855.9
8792
8708.9
8604.2
8475.9
8322.3
8142.2
7935
7700.3
7438.3
7149.7
6835.5
6497.2
6136.7
5756.5
5359.2
4948
4526.4
4098.1
3667.3
3238.2
2815.5
2404
2008.5
1634.1
1285.9
968.87
688.2
448.87
255.77
113.62
26.944
0
36.758
140.85
315.53
563.62
887.52
1289.1
1769.8
2330.4
2971.2
3691.9
4491.6
5368.8
6321.4
7346.5
8440.9
9600.5
10821
12097
13422
14792
16198
17633
19091
20563
22040
23515
24977
26419
27830
29203
30527
31794
32995
34120
35163
36114
36967
37714
38349
38866
39260
39528
39665
39669
39539
39274
38875
38344
37684
36898
35991
34971
33844
32621
31310
29923
28473
26973
25439
23885
22331
20793
19290
17843
16473
15201
14049
13040
12199
11548
11113
10917
10985
11341
12011
13018
14386
16139
18300
20891
23934
27449
31456
35974
41019
46608
52755
59474
66776
74670
83165
92267
1.0198e+05
1.1231e+05
1.2325e+05
1.348e+05
1.4697e+05
1.5973e+05
1.731e+05
1.8705e+05
2.0157e+05
2.1665e+05
2.3227e+05
2.4842e+05
2.6508e+05
2.8222e+05
2.9981e+05
3.1784e+05
3.3627e+05
3.5508e+05
3.7423e+05
3.9369e+05
4.1342e+05
4.334e+05
4.5358e+05
4.7393e+05
4.944e+05
5.1496e+05
5.3556e+05
5.5617e+05
5.7674e+05
5.9723e+05
6.176e+05
6.378e+05
6.5779e+05
6.7753e+05
6.9697e+05
7.1608e+05
7.3481e+05
7.5312e+05
7.7097e+05
7.8832e+05
8.0514e+05
8.2138e+05
8.3701e+05
8.52e+05
8.6632e+05
8.7992e+05
8.928e+05
9.049e+05
9.1622e+05
9.2672e+05
9.3639e+05
9.452e+05
9.5313e+05
9.6018e+05
9.6633e+05
9.7156e+05
9.7587e+05
9.7925e+05
9.8169e+05
9.832e+05
9.8378e+05
9.8342e+05
9.8213e+05
9.7992e+05
9.7679e+05
9.7277e+05
9.6785e+05
9.6206e+05
9.5541e+05
9.4792e+05
9.3962e+05
9.3052e+05
9.2064e+05
9.1002e+05
8.9868e+05
8.8665e+05
8.7396e+05
8.6064e+05
8.4672e+05
8.3223e+05
8.172e+05
8.0168e+05
7.857e+05
7.6928e+05
7.5247e+05
7.3531e+05
7.1783e+05
7.0006e+05
6.8205e+05
6.6382e+05
6.4542e+05
6.2688e+05
6.0824e+05
5.8953e+05
5.7079e+05
5.5205e+05
5.3334e+05
5.1469e+05
4.9614e+05
4.7772e+05
4.5946e+05
4.4138e+05
4.2351e+05
4.0588e+05
3.8851e+05
3.7143e+05
3.5466e+05
3.3821e+05
3.2212e+05
3.0639e+05
2.9105e+05
2.761e+05
2.6157e+05
2.4747e+05
2.338e+05
2.2058e+05
2.0781e+05
1.955e+05
1.8366e+05
1.723e+05
1.6141e+05
1.5099e+05
1.4105e+05
1.3159e+05
1.226e+05
1.1408e+05
1.0602e+05
98429
91290
84599
78347
72525
67123
62131
57538
53330
49497
46025
42900
40108
37637
35470
33593
31991
30649
29552
28684
28031
27576
27306
27205
27259
27453
27772
28204
28733
29348
30036
30783
31579
32412
33270
34144
35024
35901
36765
37608
38424
39204
39944
40635
41275
41857
42378
42835
43223
43542
43788
43961
44060
44084
44033
43909
43711
43442
43102
42694
42221
41685
41090
40437
39732
38977
38177
37335
36456
35544
34603
33638
32653
31652
30640
29621
28600
27580
26567
25563
24572
23599
22646
21718
20817
19946
19107
18304
17539
16813
16128
15486
14888
14335
13827
13366
12951
12583
12261
11985
11754
11567
11423
11321
11259
11236
11249
11298
11379
11490
11629
11794
11983
12191
12417
12659
12913
13176
13447
13722
13998
14274
14546
14812
15069
15316
15550
15769
15970
16153
16315
16455
16572
16663
16729
16767
16778
16761
16714
16639
16534
16400
16236
16044
15824
15575
15300
14999
14672
14322
13948
13553
13138
12705
12254
11788
11308
10816
10314
9803.7
9286.4
8764.2
8238.9
7712.2
7186
6662
6141.8
5627.1
5119.4
4620.3
4131.3
3653.6
3188.6
2737.6
2301.5
1881.4
