1.1325e+05
1.1642e+05
1.1963e+05
1.2289e+05
1.2619e+05
1.2954e+05
1.3292e+05
1.3635e+05
1.3982e+05
1.4333e+05
1.4688e+05
1.5047e+05
1.5409e+05
1.5775e+05
1.6144e+05
1.6517e+05
1.6892e+05
1.7271e+05
1.7653e+05
1.8037e+05
1.8424e+05
1.8813e+05
1.9205e+05
1.9599e+05
1.9995e+05
2.0392e+05
2.0792e+05
2.1192e+05
2.1594e+05
2.1998e+05
2.2402e+05
2.2807e+05
2.3213e+05
2.3619e+05
2.4026e+05
2.4432e+05
2.4839e+05
2.5245e+05
2.5651e+05
2.6056e+05
2.6461e+05
2.6864e+05
2.7267e+05
2.7668e+05
2.8068e+05
2.8466e+05
2.8862e+05
2.9256e+05
2.9648e+05
3.0037e+05
3.0425e+05
3.0809e+05
3.1191e+05
3.1569e+05
3.1944e+05
3.2316e+05
3.2685e+05
3.305e+05
3.3411e+05
3.3768e+05
3.4121e+05
3.447e+05
3.4814e+05
3.5154e+05
3.5489e+05
3.582e+05
3.6145e+05
3.6466e+05
3.6781e+05
3.7091e+05
3.7396e+05
3.7695e+05
3.7988e+05
3.8276e+05
3.8558e+05
3.8833e+05
3.9103e+05
3.9366e+05
3.9624e+05
3.9874e+05
4.0119e+05
4.0357e+05
4.0588e+05
4.0812e+05
4.103e+05
4.124e+05
4.1444e+05
4.1641e+05
4.1831e+05
4.2013e+05
4.2188e+05
4.2356e+05
4.2517e+05
4.267e+05
4.2816e+05
4.2955e+05
4.3085e+05
4.3209e+05
4.3324e+05
4.3433e+05
4.3533e+05
4.3626e+05
4.3711e+05
4.3788e+05
4.3858e+05
4.3919e+05
4.3973e+05
4.402e+05
4.4058e+05
4.4089e+05
4.4112e+05
4.4127e+05
4.4134e+05
4.4133e+05
4.4125e+05
4.4109e+05
4.4086e+05
4.4054e+05
4.4015e+05
4.3968e+05
4.3914e+05
4.3852e+05
4.3782e+05
4.3705e+05
4.3621e+05
4.3529e+05
4.3429e+05
4.3323e+05
4.3209e+05
4.3088e+05
4.2959e+05
4.2823e+05
4.2681e+05
4.2531e+05
4.2375e+05
4.2211e+05
4.2041e+05
4.1864e+05
4.168e+05
4.149e+05
4.1293e+05
4.109e+05
4.088e+05
4.0664e+05
4.0442e+05
4.0214e+05
3.9979e+05
3.9739e+05
3.9493e+05
3.9241e+05
3.8984e+05
3.8721e+05
3.8452e+05
3.8179e+05
3.79e+05
3.7615e+05
3.7326e+05
3.7032e+05
3.6733e+05
3.6429e+05
3.612e+05
3.5808e+05
3.549e+05
3.5169e+05
3.4843e+05
3.4513e+05
3.418e+05
3.3842e+05
3.3501e+05
3.3156e+05
3.2808e+05
3.2457e+05
3.2102e+05
3.1744e+05
3.1384e+05
3.1021e+05
3.0655e+05
3.0286e+05
2.9915e+05
2.9542e+05
2.9167e+05
2.879e+05
2.8411e+05
2.803e+05
2.7648e+05
2.7264e+05
2.6879e+05
2.6493e+05
2.6106e+05
2.5719e+05
2.533e+05
2.4941e+05
2.4551e+05
2.4162e+05
2.3772e+05
2.3382e+05
2.2992e+05
2.2603e+05
2.2214e+05
2.1826e+05
2.1438e+05
2.1051e+05
2.0666e+05
2.0281e+05
1.9898e+05
1.9516e+05
1.9136e+05
1.8757e+05
1.8381e+05
1.8006e+05
1.7634e+05
1.7264e+05
1.6896e+05
1.6531e+05
1.6168e+05
1.5808e+05
1.5451e+05
1.5098e+05
1.4747e+05
1.44e+05
1.4056e+05
1.3716e+05
1.3379e+05
1.3046e+05
1.2717e+05
1.2393e+05
1.2072e+05
1.1755e+05
1.1443e+05
1.1136e+05
1.0833e+05
1.0535e+05
1.0241e+05
99527
96692
93909
91177
88499
85876
83307
80795
78340
75943
73606
71328
69111
66956
64863
62834
60869
58970
57136
55369
53670
52039
50477
48985
47564
46215
44937
43732
42601
41543
40561
39654
38823
38069
37392
36793
36272
35830
35468
35185
34983
34862
34822
34864
34987
35193
35482
35854
36309
36847
37469
38175
38966
39840
40799
41842
42969
44181
45478
46859
48324
49873
51506
53223
55024
56908
58875
60925
63057
65271
67568
69945
72403
74942
77560
80258
83034
85889
88821
91830
94915
98076
1.0131e+05
1.0462e+05
1.08e+05
1.1146e+05
1.1499e+05
1.1859e+05
1.2226e+05
1.2599e+05
1.298e+05
1.3368e+05
1.3762e+05
1.4163e+05
1.457e+05
1.4984e+05
1.5404e+05
1.5831e+05
1.6263e+05
1.6702e+05
1.7147e+05
1.7597e+05
1.8054e+05
1.8516e+05
1.8984e+05
1.9458e+05
1.9937e+05
2.0421e+05
2.0911e+05
2.1406e+05
2.1906e+05
2.2411e+05
2.2922e+05
2.3437e+05
2.3957e+05
2.4482e+05
2.5011e+05
2.5545e+05
2.6084e+05
2.6627e+05
2.7175e+05
2.7726e+05
2.8282e+05
2.8842e+05
2.9406e+05
2.9975e+05
3.0547e+05
3.1123e+05
3.1702e+05
3.2286e+05
3.2873e+05
3.3463e+05
3.4057e+05
3.4655e+05
3.5255e+05
3.5859e+05
3.6466e+05
3.7076e+05
3.769e+05
3.8306e+05
3.8924e+05
3.9546e+05
4.017e+05
4.0797e+05
4.1426e+05
4.2057e+05
4.2691e+05
4.3327e+05
4.3965e+05
4.4605e+05
4.5247e+05
4.5891e+05
4.6536e+05
4.7183e+05
4.7831e+05
4.848e+05
4.9131e+05
4.9783e+05
5.0436e+05
5.1089e+05
5.1743e+05
5.2398e+05
5.3053e+05
5.3708e+05
5.4364e+05
5.5019e+05
5.5675e+05
5.633e+05
5.6984e+05
5.7638e+05
5.8292e+05
5.8944e+05
5.9595e+05
6.0246e+05
6.0894e+05
6.1542e+05
6.2187e+05
6.2831e+05
6.3473e+05
6.4113e+05
6.475e+05
6.5385e+05
6.6017e+05
6.6646e+05
6.7273e+05
6.7896e+05
6.8517e+05
6.9133e+05
6.9746e+05
7.0356e+05
7.0961e+05
7.1563e+05
7.216e+05
7.2753e+05
7.3341e+05
7.3925e+05
7.4504e+05
7.5078e+05
7.5647e+05
7.6211e+05
7.6769e+05
7.7323e+05
7.787e+05
7.8412e+05
7.8948e+05
7.9478e+05
8.0002e+05
8.052e+05
8.1031e+05
8.1537e+05
8.2035e+05
8.2528e+05
8.3013e+05
8.3492e+05
8.3964e+05
8.4429e+05
8.4888e+05
8.5339e+05
8.5783e+05
8.622e+05
8.6649e+05
8.7072e+05
8.7487e+05
8.7894e+05
8.8294e+05
8.8687e+05
8.9072e+05
8.9449e+05
8.9819e+05
9.0182e+05
9.0536e+05
9.0883e+05
9.1222e+05
9.1553e+05
9.1877e+05
9.2193e+05
9.2501e+05
9.2801e+05
9.3093e+05
9.3378e+05
9.3654e+05
9.3923e+05
9.4184e+05
9.4437e+05
9.4682e+05
9.4919e+05
9.5148e+05
9.5369e+05
9.5583e+05
9.5789e+05
9.5986e+05
9.6176e+05
9.6358e+05
9.6532e+05
9.6698e+05
9.6857e+05
9.7007e+05
9.715e+05
9.7284e+05
9.7411e+05
9.753e+05
9.7641e+05
9.7745e+05
9.784e+05
9.7928e+05
9.8008e+05
9.808e+05
9.8144e+05
9.82e+05
9.8249e+05
9.829e+05
9.8323e+05
9.8348e+05
9.8366e+05
9.8376e+05
9.8378e+05
9.8372e+05
9.8359e+05
9.8337e+05
9.8309e+05
9.8272e+05
9.8228e+05
9.8176e+05
9.8116e+05
9.8049e+05
9.7974e+05
9.7892e+05
9.7802e+05
9.7704e+05
9.7599e+05
9.7486e+05
9.7366e+05
9.7238e+05
9.7102e+05
9.696e+05
9.6809e+05
9.6652e+05
9.6487e+05
9.6314e+05
9.6135e+05
9.5948e+05
9.5753e+05
9.5552e+05
9.5343e+05
9.5128e+05
9.4905e+05
9.4675e+05
9.4438e+05
9.4194e+05
9.3943e+05
9.3685e+05
9.342e+05
9.3149e+05
9.2871e+05
9.2586e+05
9.2294e+05
9.1996e+05
9.1692e+05
9.1381e+05
9.1063e+05
9.0739e+05
9.0409e+05
9.0073e+05
8.9731e+05
8.9382e+05
8.9028e+05
8.8667e+05
8.8301e+05
8.7929e+05
8.7551e+05
8.7167e+05
8.6778e+05
8.6383e+05
8.5983e+05
8.5578e+05
8.5167e+05
8.4751e+05
8.433e+05
8.3904e+05
8.3472e+05
8.3036e+05
8.2595e+05
8.215e+05
8.1699e+05
8.1245e+05
8.0785e+05
8.0321e+05
7.9853e+05
7.9381e+05
7.8904e+05
7.8423e+05
7.7938e+05
7.745e+05
7.6957e+05
7.6461e+05
7.5961e+05
7.5457e+05
7.495e+05
7.4439e+05
7.3925e+05
7.3407e+05
7.2887e+05
7.2363e+05
7.1836e+05
7.1307e+05
7.0774e+05
7.0239e+05
6.9701e+05
6.916e+05
6.8616e+05
6.8071e+05
6.7522e+05
6.6972e+05
6.6419e+05
6.5864e+05
6.5307e+05
6.4748e+05
6.4187e+05
6.3624e+05
6.3059e+05
6.2493e+05
6.1925e+05
6.1356e+05
6.0785e+05
6.0213e+05
5.9639e+05
5.9064e+05
5.8489e+05
5.7912e+05
5.7334e+05
5.6755e+05
5.6175e+05
5.5595e+05
5.5014e+05
5.4432e+05
5.385e+05
5.3268e+05
5.2685e+05
5.2101e+05
5.1518e+05
5.0934e+05
5.0351e+05
4.9767e+05
4.9184e+05
4.8601e+05
4.8018e+05
4.7435e+05
4.6852e+05
4.6271e+05
4.5689e+05
4.5109e+05
4.4529e+05
4.3949e+05
4.3371e+05
4.2793e+05
4.2217e+05
4.1641e+05
4.1067e+05
4.0494e+05
3.9922e+05
3.9351e+05
3.8782e+05
3.8214e+05
3.7647e+05
3.7083e+05
3.6519e+05
3.5958e+05
3.5398e+05
3.484e+05
3.4284e+05
3.373e+05
3.3178e+05
3.2628e+05
3.208e+05
3.1534e+05
3.0991e+05
3.0449e+05
2.991e+05
2.9374e+05
2.884e+05
2.8308e+05
2.7779e+05
2.7252e+05
2.6729e+05
2.6207e+05
2.5689e+05
2.5173e+05
2.466e+05
2.415e+05
2.3643e+05
2.3139e+05
2.2638e+05
2.214e+05
2.1645e+05
2.1153e+05
2.0664e+05
2.0179e+05
1.9696e+05
1.9217e+05
1.8742e+05
1.8269e+05
1.78e+05
1.7335e+05
1.6872e+05
1.6414e+05
1.5958e+05
1.5507e+05
1.5059e+05
1.4614e+05
1.4173e+05
1.3736e+05
1.3302e+05
1.2872e+05
1.2446e+05
1.2023e+05
1.1605e+05
1.119e+05
1.0779e+05
1.0371e+05
99679
95683
91725
87807
83928
80088
76288
72527
68806
65125
61484
57883
54322
50801
47321
43882
40482
37124
33806
30529
27292
24096
20942
17827
14754
11722
8730.1
5779.3
2869.3
0
