1.7074e+05
1.7375e+05
1.7678e+05
1.7983e+05
1.8289e+05
1.8596e+05
1.8904e+05
1.9213e+05
1.9523e+05
1.9832e+05
2.0142e+05
2.0451e+05
2.076e+05
2.1069e+05
2.1376e+05
2.1683e+05
2.1989e+05
2.2292e+05
2.2595e+05
2.2895e+05
2.3194e+05
2.349e+05
2.3783e+05
2.4075e+05
2.4363e+05
2.4648e+05
2.493e+05
2.5209e+05
2.5484e+05
2.5756e+05
2.6023e+05
2.6287e+05
2.6547e+05
2.6802e+05
2.7053e+05
2.7299e+05
2.7541e+05
2.7778e+05
2.801e+05
2.8237e+05
2.8459e+05
2.8676e+05
2.8887e+05
2.9094e+05
2.9294e+05
2.949e+05
2.9679e+05
2.9864e+05
3.0042e+05
3.0215e+05
3.0383e+05
3.0544e+05
3.07e+05
3.085e+05
3.0995e+05
3.1133e+05
3.1266e+05
3.1394e+05
3.1515e+05
3.1631e+05
3.1742e+05
3.1847e+05
3.1947e+05
3.2041e+05
3.2129e+05
3.2213e+05
3.2291e+05
3.2364e+05
3.2433e+05
3.2496e+05
3.2554e+05
3.2608e+05
3.2657e+05
3.2701e+05
3.2741e+05
3.2777e+05
3.2808e+05
3.2836e+05
3.286e+05
3.2879e+05
3.2895e+05
3.2908e+05
3.2917e+05
3.2923e+05
3.2926e+05
3.2926e+05
3.2923e+05
3.2917e+05
3.2908e+05
3.2898e+05
3.2885e+05
3.2869e+05
3.2852e+05
3.2833e+05
3.2812e+05
3.279e+05
3.2766e+05
3.274e+05
3.2714e+05
3.2686e+05
3.2657e+05
3.2628e+05
3.2598e+05
3.2567e+05
3.2535e+05
3.2503e+05
3.2471e+05
3.2438e+05
3.2405e+05
3.2372e+05
3.2339e+05
3.2307e+05
3.2274e+05
3.2241e+05
3.2209e+05
3.2177e+05
3.2145e+05
3.2113e+05
3.2082e+05
3.2052e+05
3.2021e+05
3.1991e+05
3.1962e+05
3.1933e+05
3.1905e+05
3.1876e+05
3.1849e+05
3.1821e+05
3.1794e+05
3.1767e+05
3.1741e+05
3.1715e+05
3.1688e+05
3.1662e+05
3.1636e+05
3.161e+05
3.1584e+05
3.1558e+05
3.1531e+05
3.1504e+05
3.1477e+05
3.1448e+05
3.142e+05
3.139e+05
3.136e+05
3.1328e+05
3.1296e+05
3.1262e+05
3.1227e+05
3.1191e+05
3.1153e+05
3.1113e+05
3.1071e+05
3.1028e+05
3.0982e+05
3.0934e+05
3.0884e+05
3.0831e+05
3.0776e+05
3.0718e+05
3.0657e+05
3.0594e+05
3.0527e+05
3.0457e+05
3.0384e+05
3.0307e+05
3.0227e+05
3.0143e+05
3.0056e+05
2.9964e+05
2.9869e+05
2.977e+05
2.9666e+05
2.9559e+05
2.9447e+05
2.9331e+05
2.9211e+05
2.9086e+05
2.8956e+05
2.8823e+05
2.8684e+05
2.8541e+05
2.8394e+05
2.8242e+05
2.8085e+05
2.7924e+05
2.7758e+05
2.7587e+05
2.7412e+05
2.7232e+05
2.7048e+05
2.6859e+05
2.6666e+05
2.6468e+05
2.6266e+05
2.606e+05
2.585e+05
2.5635e+05
2.5417e+05
2.5195e+05
2.4968e+05
2.4739e+05
2.4505e+05
2.4269e+05
2.4028e+05
2.3785e+05
2.3539e+05
2.329e+05
2.3038e+05
2.2783e+05
2.2527e+05
2.2268e+05
2.2006e+05
2.1743e+05
2.1479e+05
2.1212e+05
2.0945e+05
2.0676e+05
2.0406e+05
2.0136e+05
1.9865e+05
1.9594e+05
1.9322e+05
1.905e+05
1.8779e+05
1.8508e+05
1.8238e+05
1.7968e+05
1.77e+05
1.7432e+05
1.7166e+05
1.6902e+05
1.6639e+05
1.6378e+05
1.612e+05
1.5863e+05
1.5609e+05
1.5358e+05
1.5109e+05
1.4864e+05
1.4621e+05
1.4382e+05
1.4146e+05
1.3913e+05
1.3685e+05
1.3459e+05
1.3238e+05
1.3021e+05
1.2807e+05
1.2598e+05
1.2393e+05
1.2193e+05
1.1996e+05
1.1804e+05
1.1617e+05
1.1434e+05
1.1255e+05
1.1081e+05
1.0912e+05
1.0747e+05
1.0587e+05
1.0431e+05
1.028e+05
1.0133e+05
99908
98528
97192
95899
94648
93437
92267
91136
90043
88988
87968
86983
86031
85110
84221
83360
82527
81719
80936
80175
79435
78714
78010
77322
76647
75984
75331
74686
74048
73413
72782
72150
71518
70883
70243
69597
68943
68279
67604
66916
66214
65496
64761
64007
63234
62440
61624
60786
59924
59037
58125
57188
56224
55233
54216
53172
52101
51003
49879
48728
47551
46349
45122
43872
42599
41305
39990
38656
37306
35939
34558
33166
31763
30353
28938
27519
26100
24684
23272
21869
20477
19099
17739
16399
15085
13798
12543
11323
10143
9006.5
7917.1
6879.2
5896.8
4974.3
4115.9
3326
2608.8
1968.8
1410.5
938.26
556.6
270.01
82.978
0
25.561
164.13
420.16
798.06
1302.2
1937
2706.6
3615.3
4667.4
5866.7
7217.5
8723.6
10389
12217
14212
16376
18715
21230
23924
26802
29865
33117
36560
40196
44028
48058
52287
56718
61351
66188
71231
76479
81935
87598
93468
99546
1.0583e+05
1.1233e+05
1.1903e+05
1.2593e+05
1.3304e+05
1.4036e+05
1.4787e+05
1.5559e+05
1.6351e+05
1.7162e+05
1.7993e+05
1.8842e+05
1.9711e+05
2.0598e+05
2.1504e+05
2.2427e+05
2.3368e+05
2.4326e+05
2.5301e+05
2.6292e+05
2.7299e+05
2.8321e+05
2.9358e+05
3.0409e+05
3.1474e+05
3.2552e+05
3.3643e+05
3.4746e+05
3.5861e+05
3.6986e+05
3.8122e+05
3.9266e+05
4.042e+05
4.1582e+05
4.2751e+05
4.3927e+05
4.511e+05
4.6297e+05
4.7489e+05
4.8684e+05
4.9882e+05
5.1083e+05
5.2285e+05
5.3488e+05
5.469e+05
5.5891e+05
5.7091e+05
5.8287e+05
5.948e+05
6.0669e+05
6.1853e+05
6.3031e+05
6.4202e+05
6.5365e+05
6.652e+05
6.7666e+05
6.8801e+05
6.9926e+05
7.1038e+05
7.2139e+05
7.3226e+05
7.4299e+05
7.5357e+05
7.6399e+05
7.7425e+05
7.8434e+05
7.9425e+05
8.0397e+05
8.135e+05
8.2283e+05
8.3195e+05
8.4086e+05
8.4954e+05
8.58e+05
8.6623e+05
8.7422e+05
8.8197e+05
8.8946e+05
8.967e+05
9.0368e+05
9.104e+05
9.1684e+05
9.2301e+05
9.289e+05
9.345e+05
9.3982e+05
9.4485e+05
9.4959e+05
9.5402e+05
9.5816e+05
9.62e+05
9.6552e+05
9.6875e+05
9.7166e+05
9.7426e+05
9.7655e+05
9.7853e+05
9.8019e+05
9.8154e+05
9.8257e+05
9.8329e+05
9.8369e+05
9.8378e+05
9.8355e+05
9.8301e+05
9.8216e+05
9.81e+05
9.7953e+05
9.7775e+05
9.7566e+05
9.7328e+05
9.7059e+05
9.6761e+05
9.6433e+05
9.6077e+05
9.5691e+05
9.5278e+05
9.4836e+05
9.4367e+05
9.387e+05
9.3347e+05
9.2798e+05
9.2223e+05
9.1623e+05
9.0998e+05
9.0349e+05
8.9677e+05
8.8981e+05
8.8263e+05
8.7523e+05
8.6762e+05
8.5981e+05
8.5179e+05
8.4359e+05
8.3519e+05
8.2662e+05
8.1787e+05
8.0896e+05
7.9988e+05
7.9066e+05
7.8129e+05
7.7178e+05
7.6214e+05
7.5238e+05
7.425e+05
7.3251e+05
7.2241e+05
7.1223e+05
7.0195e+05
6.916e+05
6.8117e+05
6.7067e+05
6.6012e+05
6.4951e+05
6.3886e+05
6.2817e+05
6.1746e+05
6.0671e+05
5.9595e+05
5.8519e+05
5.7441e+05
5.6364e+05
5.5288e+05
5.4214e+05
5.3142e+05
5.2073e+05
5.1008e+05
4.9946e+05
4.8889e+05
4.7838e+05
4.6792e+05
4.5753e+05
4.4721e+05
4.3696e+05
4.2679e+05
4.1671e+05
4.0672e+05
3.9682e+05
3.8702e+05
3.7732e+05
3.6773e+05
3.5826e+05
3.4889e+05
3.3965e+05
3.3053e+05
3.2153e+05
3.1267e+05
3.0393e+05
2.9534e+05
2.8688e+05
2.7856e+05
2.7038e+05
2.6235e+05
2.5446e+05
2.4673e+05
2.3914e+05
2.3171e+05
2.2443e+05
2.173e+05
2.1033e+05
2.0352e+05
1.9686e+05
1.9037e+05
1.8403e+05
1.7785e+05
1.7183e+05
1.6596e+05
1.6026e+05
1.5471e+05
1.4932e+05
1.4409e+05
1.3902e+05
1.341e+05
1.2934e+05
1.2473e+05
1.2027e+05
1.1596e+05
1.118e+05
1.0779e+05
1.0393e+05
1.0021e+05
96639
93204
89909
86750
83726
80834
78072
75437
72928
70541
68274
66124
64089
62166
60352
58644
57040
55536
54130
52819
51600
50470
49426
48465
47584
46780
46051
45393
44803
44279
43817
43415
43070
42779
42540
42349
42204
42102
42040
42017
42029
42073
42148
42251
42380
42532
42705
42897
43105
43328
43564
43810
44065
44326
44593
44863
45135
45406
45676
45943
46206
46463
46713
46955
47187
47409
47619
47817
48001
48171
48326
48465
48588
48693
48781
48851
48902
48934
48947
48940
48913
48866
48799
48711
48603
48475
48326
48156
47967
47757
47528
47278
47009
46721
46414
46089
45745
45383
45004
44608
44195
43767
43322
42863
42389
41901
41399
40884
40357
39819
39269
38708
38137
37557
36968
36371
35766
