6.0574e+05
6.1227e+05
6.1861e+05
6.2476e+05
6.3071e+05
6.3646e+05
6.42e+05
6.4733e+05
6.5245e+05
6.5736e+05
6.6206e+05
6.6653e+05
6.7079e+05
6.7483e+05
6.7865e+05
6.8224e+05
6.8561e+05
6.8876e+05
6.9168e+05
6.9439e+05
6.9686e+05
6.9912e+05
7.0115e+05
7.0297e+05
7.0456e+05
7.0594e+05
7.071e+05
7.0804e+05
7.0877e+05
7.093e+05
7.0962e+05
7.0973e+05
7.0964e+05
7.0935e+05
7.0887e+05
7.082e+05
7.0734e+05
7.063e+05
7.0507e+05
7.0368e+05
7.0211e+05
7.0037e+05
6.9847e+05
6.9642e+05
6.9422e+05
6.9186e+05
6.8937e+05
6.8674e+05
6.8398e+05
6.811e+05
6.7809e+05
6.7497e+05
6.7175e+05
6.6842e+05
6.6499e+05
6.6148e+05
6.5788e+05
6.542e+05
6.5046e+05
6.4664e+05
6.4277e+05
6.3884e+05
6.3487e+05
6.3085e+05
6.268e+05
6.2272e+05
6.1862e+05
6.1451e+05
6.1038e+05
6.0625e+05
6.0212e+05
5.98e+05
5.939e+05
5.8981e+05
5.8575e+05
5.8172e+05
5.7773e+05
5.7378e+05
5.6987e+05
5.6602e+05
5.6223e+05
5.585e+05
5.5484e+05
5.5125e+05
5.4774e+05
5.4431e+05
5.4096e+05
5.3771e+05
5.3455e+05
5.3149e+05
5.2853e+05
5.2568e+05
5.2293e+05
5.2029e+05
5.1777e+05
5.1537e+05
5.1309e+05
5.1093e+05
5.0889e+05
5.0698e+05
5.052e+05
5.0355e+05
5.0203e+05
5.0065e+05
4.9939e+05
4.9827e+05
4.9729e+05
4.9644e+05
4.9573e+05
4.9515e+05
4.9471e+05
4.944e+05
4.9423e+05
4.9419e+05
4.9429e+05
4.9451e+05
4.9487e+05
4.9535e+05
4.9596e+05
4.967e+05
4.9756e+05
4.9854e+05
4.9963e+05
5.0085e+05
5.0217e+05
5.0361e+05
5.0515e+05
5.068e+05
5.0855e+05
5.1039e+05
5.1233e+05
5.1436e+05
5.1647e+05
5.1867e+05
5.2094e+05
5.2329e+05
5.2571e+05
5.2819e+05
5.3073e+05
5.3333e+05
5.3598e+05
5.3868e+05
5.4142e+05
5.442e+05
5.4702e+05
5.4986e+05
5.5272e+05
5.556e+05
5.585e+05
5.614e+05
5.6431e+05
5.6722e+05
5.7012e+05
5.7301e+05
5.7588e+05
5.7874e+05
5.8157e+05
5.8437e+05
5.8713e+05
5.8985e+05
5.9254e+05
5.9517e+05
5.9775e+05
6.0027e+05
6.0272e+05
6.0512e+05
6.0744e+05
6.0968e+05
6.1185e+05
6.1394e+05
6.1593e+05
6.1784e+05
6.1966e+05
6.2137e+05
6.2299e+05
6.245e+05
6.259e+05
6.2719e+05
6.2837e+05
6.2943e+05
6.3037e+05
6.3119e+05
6.3189e+05
6.3246e+05
6.329e+05
6.3321e+05
6.3338e+05
6.3342e+05
6.3333e+05
6.3309e+05
6.3272e+05
6.322e+05
6.3155e+05
6.3075e+05
6.2981e+05
6.2872e+05
6.2749e+05
6.2611e+05
6.2458e+05
6.2291e+05
6.211e+05
6.1914e+05
6.1703e+05
6.1478e+05
6.1238e+05
6.0984e+05
6.0715e+05
6.0432e+05
6.0135e+05
5.9824e+05
5.9499e+05
5.916e+05
5.8808e+05
5.8442e+05
5.8062e+05
5.767e+05
5.7264e+05
5.6846e+05
5.6415e+05
5.5972e+05
5.5517e+05
5.505e+05
5.4571e+05
5.4081e+05
5.358e+05
5.3067e+05
5.2545e+05
5.2012e+05
5.1469e+05
5.0917e+05
5.0355e+05
4.9785e+05
4.9205e+05
4.8618e+05
4.8022e+05
4.7419e+05
4.6808e+05
4.6191e+05
4.5566e+05
4.4936e+05
4.43e+05
4.3658e+05
4.3012e+05
4.2361e+05
4.1705e+05
4.1045e+05
4.0382e+05
3.9716e+05
3.9048e+05
3.8376e+05
3.7703e+05
3.7029e+05
3.6353e+05
3.5677e+05
3.5001e+05
3.4324e+05
3.3649e+05
3.2974e+05
3.2301e+05
3.1629e+05
3.096e+05
3.0293e+05
2.9629e+05
2.8969e+05
2.8312e+05
2.766e+05
2.7013e+05
2.637e+05
2.5733e+05
2.5102e+05
2.4477e+05
2.3859e+05
2.3248e+05
2.2644e+05
2.2048e+05
2.146e+05
2.088e+05
2.031e+05
1.9748e+05
1.9197e+05
1.8655e+05
1.8124e+05
1.7603e+05
1.7093e+05
1.6595e+05
1.6108e+05
1.5633e+05
1.517e+05
1.472e+05
1.4283e+05
1.3859e+05
1.3449e+05
1.3052e+05
1.2669e+05
1.23e+05
1.1946e+05
1.1607e+05
1.1282e+05
1.0973e+05
1.0679e+05
1.0401e+05
1.0139e+05
98926
96626
94491
92521
90719
89086
87624
86333
85215
84271
83503
82911
82496
82259
82200
82321
82621
83101
83761
84602
85623
86826
88208
89771
91514
93436
95538
97818
1.0028e+05
1.0291e+05
1.0572e+05
1.0871e+05
1.1187e+05
1.1521e+05
1.1871e+05
1.2239e+05
1.2623e+05
1.3025e+05
1.3443e+05
1.3877e+05
1.4328e+05
1.4795e+05
1.5278e+05
1.5776e+05
1.629e+05
1.6819e+05
1.7363e+05
1.7922e+05
1.8496e+05
1.9084e+05
1.9686e+05
2.0302e+05
2.0932e+05
2.1574e+05
2.223e+05
2.2899e+05
2.3579e+05
2.4273e+05
2.4977e+05
2.5694e+05
2.6421e+05
2.716e+05
2.7909e+05
2.8668e+05
2.9438e+05
3.0216e+05
3.1004e+05
3.1801e+05
3.2607e+05
3.342e+05
3.4242e+05
3.5071e+05
3.5907e+05
3.6749e+05
3.7598e+05
3.8453e+05
3.9314e+05
4.018e+05
4.1051e+05
4.1926e+05
4.2806e+05
4.3689e+05
4.4576e+05
4.5465e+05
4.6357e+05
4.7252e+05
4.8148e+05
4.9046e+05
4.9945e+05
5.0844e+05
5.1744e+05
5.2644e+05
5.3544e+05
5.4442e+05
5.534e+05
5.6236e+05
5.713e+05
5.8022e+05
5.8911e+05
5.9797e+05
6.068e+05
6.156e+05
6.2435e+05
6.3306e+05
6.4172e+05
6.5033e+05
6.5889e+05
6.6739e+05
6.7583e+05
6.8421e+05
6.9252e+05
7.0076e+05
7.0892e+05
7.1701e+05
7.2502e+05
7.3295e+05
7.408e+05
7.4855e+05
7.5622e+05
7.6379e+05
7.7127e+05
7.7865e+05
7.8593e+05
7.931e+05
8.0017e+05
8.0713e+05
8.1398e+05
8.2072e+05
8.2734e+05
8.3384e+05
8.4023e+05
8.4649e+05
8.5264e+05
8.5865e+05
8.6454e+05
8.703e+05
8.7594e+05
8.8144e+05
8.868e+05
8.9203e+05
8.9713e+05
9.0209e+05
9.0691e+05
9.1159e+05
9.1613e+05
9.2053e+05
9.2478e+05
9.2889e+05
9.3286e+05
9.3668e+05
9.4035e+05
9.4388e+05
9.4726e+05
9.5049e+05
9.5357e+05
9.5651e+05
9.5929e+05
9.6193e+05
9.6441e+05
9.6674e+05
9.6893e+05
9.7096e+05
9.7285e+05
9.7458e+05
9.7616e+05
9.7759e+05
9.7887e+05
9.8001e+05
9.8099e+05
9.8182e+05
9.8251e+05
9.8305e+05
9.8344e+05
9.8368e+05
9.8378e+05
9.8373e+05
9.8353e+05
9.8319e+05
9.8271e+05
9.8209e+05
9.8132e+05
9.8041e+05
9.7937e+05
9.7818e+05
9.7686e+05
9.754e+05
9.738e+05
9.7207e+05
9.702e+05
9.6821e+05
9.6608e+05
9.6382e+05
9.6144e+05
9.5893e+05
9.5629e+05
9.5353e+05
9.5065e+05
9.4764e+05
9.4452e+05
9.4127e+05
9.3791e+05
9.3444e+05
9.3085e+05
9.2715e+05
9.2334e+05
9.1943e+05
9.154e+05
9.1127e+05
9.0704e+05
9.0271e+05
8.9827e+05
8.9374e+05
8.8911e+05
8.8439e+05
8.7958e+05
8.7467e+05
8.6968e+05
8.6459e+05
8.5943e+05
8.5418e+05
8.4885e+05
8.4344e+05
8.3795e+05
8.3239e+05
8.2676e+05
8.2105e+05
8.1527e+05
8.0943e+05
8.0352e+05
7.9755e+05
7.9151e+05
7.8542e+05
7.7927e+05
7.7306e+05
7.668e+05
7.6049e+05
7.5413e+05
7.4772e+05
7.4127e+05
7.3477e+05
7.2823e+05
7.2166e+05
7.1504e+05
7.0839e+05
7.0171e+05
6.9499e+05
6.8825e+05
6.8147e+05
6.7468e+05
6.6785e+05
6.6101e+05
6.5415e+05
6.4727e+05
6.4037e+05
6.3346e+05
6.2654e+05
6.1961e+05
6.1267e+05
6.0572e+05
5.9877e+05
5.9182e+05
5.8486e+05
5.7791e+05
5.7096e+05
5.6401e+05
5.5707e+05
5.5014e+05
5.4322e+05
5.363e+05
5.294e+05
5.2252e+05
5.1565e+05
5.088e+05
5.0197e+05
4.9516e+05
4.8837e+05
4.8161e+05
4.7487e+05
4.6815e+05
4.6147e+05
4.5482e+05
4.4819e+05
4.416e+05
4.3504e+05
4.2852e+05
4.2203e+05
4.1558e+05
4.0917e+05
4.028e+05
3.9647e+05
3.9018e+05
3.8393e+05
3.7773e+05
3.7157e+05
3.6545e+05
3.5939e+05
3.5337e+05
3.474e+05
3.4148e+05
3.3561e+05
3.2979e+05
3.2402e+05
3.1831e+05
3.1265e+05
3.0704e+05
3.0149e+05
2.9599e+05
2.9054e+05
2.8516e+05
2.7983e+05
2.7455e+05
2.6934e+05
2.6418e+05
2.5908e+05
2.5404e+05
2.4905e+05
2.4413e+05
2.3926e+05
2.3446e+05
2.2971e+05
2.2503e+05
2.204e+05
2.1584e+05
2.1133e+05
2.0689e+05
2.0251e+05
1.9818e+05
1.9392e+05
1.8972e+05
1.8557e+05
1.8149e+05
1.7747e+05
1.7351e+05
1.696e+05
1.6576e+05
1.6198e+05
1.5825e+05
1.5459e+05
1.5098e+05
1.4743e+05
1.4394e+05
1.405e+05
1.3713e+05
1.3381e+05
1.3055e+05
1.2734e+05
1.2419e+05
1.211e+05
1.1806e+05
1.1507e+05
1.1214e+05
1.0927e+05
1.0644e+05
1.0367e+05
1.0095e+05
98285
95670
93104
90589
88123
85707
83339
81018
78746
76519
74339
72205
70115
68070
66069
64111
62195
60321
58489
56697
54946
53234
51561
49926
48328
46768
45244
43756
42304
40885
39501
38150
36832
35546
34291
33068
31875
30711
29577
28472
27394
26344
25321
24324
23353
22408
21487
20590
19716
18866
18038
17233
16449
15685
14943
14220
13517
12833
12168
11521
10891
10278
9682.8
9103.4
8539.9
7991.9
7458.9
6940.5
6436.3
5946
5469.1
5005.2
4554
4115.1
3688.1
3272.8
2868.6
2475.3
2092.6
1720.1
1357.5
1004.5
660.79
326.05
0
