27441
29788
32425
35351
38562
42055
45825
49868
54176
58743
63561
68622
73917
79434
85165
91096
97218
1.0352e+05
1.0998e+05
1.1659e+05
1.2334e+05
1.3021e+05
1.3719e+05
1.4426e+05
1.514e+05
1.5861e+05
1.6586e+05
1.7314e+05
1.8044e+05
1.8773e+05
1.95e+05
2.0224e+05
2.0943e+05
2.1655e+05
2.2358e+05
2.3052e+05
2.3734e+05
2.4404e+05
2.5059e+05
2.5699e+05
2.6321e+05
2.6925e+05
2.7509e+05
2.8072e+05
2.8613e+05
2.913e+05
2.9623e+05
3.0091e+05
3.0532e+05
3.0946e+05
3.1331e+05
3.1688e+05
3.2016e+05
3.2313e+05
3.258e+05
3.2816e+05
3.302e+05
3.3192e+05
3.3333e+05
3.3442e+05
3.3518e+05
3.3563e+05
3.3575e+05
3.3555e+05
3.3504e+05
3.3422e+05
3.3309e+05
3.3166e+05
3.2992e+05
3.279e+05
3.2559e+05
3.23e+05
3.2014e+05
3.1701e+05
3.1364e+05
3.1002e+05
3.0617e+05
3.021e+05
2.9781e+05
2.9333e+05
2.8865e+05
2.8381e+05
2.7879e+05
2.7363e+05
2.6833e+05
2.629e+05
2.5737e+05
2.5173e+05
2.4601e+05
2.4022e+05
2.3437e+05
2.2848e+05
2.2256e+05
2.1663e+05
2.1069e+05
2.0476e+05
1.9885e+05
1.9298e+05
1.8715e+05
1.8139e+05
1.757e+05
1.7009e+05
1.6458e+05
1.5917e+05
1.5388e+05
1.4872e+05
1.4369e+05
1.3881e+05
1.3407e+05
1.295e+05
1.251e+05
1.2088e+05
1.1683e+05
1.1298e+05
1.0931e+05
1.0585e+05
1.0259e+05
99531
96683
94047
91624
89416
87423
85647
84087
82742
81611
80692
79984
79484
79188
79094
79198
79494
79980
80650
81498
82520
83710
85061
86567
88222
90020
91953
94015
96199
98497
1.009e+05
1.0341e+05
1.0601e+05
1.0869e+05
1.1145e+05
1.1428e+05
1.1718e+05
1.2013e+05
1.2313e+05
1.2618e+05
1.2926e+05
1.3236e+05
1.3549e+05
1.3863e+05
1.4178e+05
1.4493e+05
1.4808e+05
1.5121e+05
1.5433e+05
1.5742e+05
1.6049e+05
1.6352e+05
1.6651e+05
1.6946e+05
1.7235e+05
1.7519e+05
1.7797e+05
1.8069e+05
1.8333e+05
1.8591e+05
1.8841e+05
1.9082e+05
1.9315e+05
1.9539e+05
1.9754e+05
1.996e+05
2.0156e+05
2.0341e+05
2.0516e+05
2.0681e+05
2.0834e+05
2.0977e+05
2.1107e+05
2.1227e+05
2.1334e+05
2.143e+05
2.1514e+05
2.1585e+05
2.1644e+05
2.169e+05
2.1724e+05
2.1745e+05
2.1753e+05
2.1749e+05
2.1731e+05
2.1701e+05
2.1658e+05
2.1602e+05
2.1534e+05
2.1452e+05
2.1358e+05
2.1252e+05
2.1133e+05
2.1002e+05
2.0858e+05
2.0703e+05
2.0535e+05
2.0356e+05
2.0166e+05
1.9965e+05
1.9752e+05
1.953e+05
1.9297e+05
1.9054e+05
1.8801e+05
1.8539e+05
1.8269e+05
1.799e+05
1.7703e+05
1.7408e+05
1.7107e+05
1.6798e+05
1.6484e+05
1.6164e+05
1.5838e+05
1.5508e+05
1.5174e+05
1.4836e+05
1.4495e+05
1.4152e+05
1.3806e+05
1.346e+05
1.3112e+05
1.2764e+05
1.2416e+05
1.2068e+05
1.1722e+05
1.1378e+05
1.1036e+05
1.0697e+05
1.0361e+05
1.0029e+05
97009
93776
90593
87464
84394
81385
78442
75566
72762
70030
67375
64796
62297
59878
57541
55285
53113
51022
49015
47089
45244
43480
41795
40187
38654
37195
35808
34489
33237
32047
30918
29847
28830
27863
26944
26068
25234
24436
23672
22938
22231
21547
20884
20238
19606
18986
18375
17770
17170
16572
15975
15377
14777
14174
13567
12956
12340
11721
11097
10470
9840.9
9210.7
8581
7953.4
7329.9
6712.7
6104.1
5506.8
4923.6
4357.2
3810.8
3287.6
2790.7
2323.5
1889.3
1491.6
1133.6
818.66
550.05
330.92
164.3
53.091
0
7.5481
78.029
213.49
415.7
686.14
1026
1436
1916.8
2468.4
3090.6
3782.6
4543.5
5371.7
6265.4
7222.3
8239.7
9314.4
10443
11621
12845
14110
15410
16741
18096
19470
20856
22248
23639
25022
26389
27734
29050
30329
31564
32747
33871
34930
35917
36824
37646
38377
39011
39543
39968
40281
40480
40561
40521
40359
40073
39664
39131
38475
37699
36804
35796
34678
33455
32135
30723
29228
27659
26025
24337
22607
20847
19070
17289
15520
13778
12078
10437
8873
7403
6045.2
4818.2
3741
2832.7
2112.9
1601.1
1317
1280.4
1510.8
2027.9
2850.9
3998.9
5490.5
7344
9577.2
12207
15251
18723
22639
27014
31860
37189
43013
49341
56182
63544
71432
79852
88808
98300
1.0833e+05
1.189e+05
1.3e+05
1.4163e+05
1.5379e+05
1.6646e+05
1.7964e+05
1.9333e+05
2.075e+05
2.2214e+05
2.3724e+05
2.5279e+05
2.6876e+05
2.8514e+05
3.019e+05
3.1903e+05
3.3649e+05
3.5427e+05
3.7235e+05
3.9068e+05
4.0925e+05
4.2802e+05
4.4697e+05
4.6607e+05
4.8528e+05
5.0457e+05
5.2391e+05
5.4326e+05
5.6259e+05
5.8187e+05
6.0107e+05
6.2014e+05
6.3905e+05
6.5777e+05
6.7626e+05
6.945e+05
7.1244e+05
7.3005e+05
7.4729e+05
7.6415e+05
7.8058e+05
7.9655e+05
8.1203e+05
8.27e+05
8.4142e+05
8.5527e+05
8.6852e+05
8.8115e+05
8.9313e+05
9.0444e+05
9.1506e+05
9.2497e+05
9.3416e+05
9.426e+05
9.5029e+05
9.572e+05
9.6333e+05
9.6868e+05
9.7322e+05
9.7695e+05
9.7988e+05
9.8199e+05
9.8329e+05
9.8378e+05
9.8345e+05
9.8232e+05
9.8039e+05
9.7766e+05
9.7415e+05
9.6986e+05
9.6482e+05
9.5902e+05
9.5249e+05
9.4525e+05
9.373e+05
9.2868e+05
9.1939e+05
9.0947e+05
8.9893e+05
8.878e+05
8.761e+05
8.6386e+05
8.511e+05
8.3785e+05
8.2414e+05
8.1e+05
7.9545e+05
7.8052e+05
7.6525e+05
7.4966e+05
7.3378e+05
7.1764e+05
7.0127e+05
6.8471e+05
6.6797e+05
6.511e+05
6.3411e+05
6.1704e+05
5.9992e+05
5.8277e+05
5.6563e+05
5.4851e+05
5.3144e+05
5.1446e+05
4.9758e+05
4.8082e+05
4.6422e+05
4.4779e+05
4.3156e+05
4.1553e+05
3.9974e+05
3.8421e+05
3.6894e+05
3.5395e+05
3.3927e+05
3.249e+05
3.1085e+05
2.9715e+05
2.8379e+05
2.7079e+05
2.5816e+05
2.459e+05
2.3402e+05
2.2253e+05
2.1143e+05
2.0073e+05
1.9042e+05
1.805e+05
1.7099e+05
1.6187e+05
1.5315e+05
1.4482e+05
1.3688e+05
1.2932e+05
1.2215e+05
1.1535e+05
1.0892e+05
1.0286e+05
97152
91791
86770
82080
77711
73653
69898
66434
63250
60337
57683
55277
53107
51163
49432
47905
46569
45412
44425
43595
42913
42367
41946
41641
41441
41337
41319
41378
41505
41692
41929
42210
42527
42873
43241
43624
44017
44414
44809
45199
45577
45940
46285
46607
46904
47173
47412
47618
47790
47926
48025
48087
48109
48093
48039
47945
47812
47642
47434
47190
46911
46597
46250
45872
45464
45028
44565
44077
43566
43034
42483
41915
41331
40734
40126
39508
38883
38252
37617
36981
36343
35708
35075
34446
33824
33209
32603
32006
31421
30848
30287
29741
29209
28693
28193
27709
27242
26793
26360
25946
25549
25171
24809
24466
24139
23830
23538
23261
23001
22755
22525
22308
22105
21915
21737
21570
21413
21266
21128
20998
20875
20759
20647
20541
20438
20338
20240
20144
20048
19952
19855
19756
19655
19550
19442
19330
19213
19091
18963
18829
18688
18541
18386
18224
18054
17877
17692
17499
17298
17089
16872
16647
16415
16176
15930
15676
15417
15151
14879
14602
14319
14033
13742
13448
13151
12851
12550
12247
