5.4732e+05
5.5374e+05
5.5999e+05
5.6606e+05
5.7196e+05
5.7769e+05
5.8323e+05
5.8858e+05
5.9374e+05
5.9871e+05
6.0348e+05
6.0805e+05
6.1243e+05
6.1659e+05
6.2056e+05
6.2431e+05
6.2786e+05
6.3119e+05
6.3431e+05
6.3722e+05
6.3992e+05
6.424e+05
6.4467e+05
6.4672e+05
6.4856e+05
6.5018e+05
6.5159e+05
6.5278e+05
6.5377e+05
6.5454e+05
6.551e+05
6.5545e+05
6.5559e+05
6.5553e+05
6.5527e+05
6.548e+05
6.5414e+05
6.5328e+05
6.5223e+05
6.5098e+05
6.4955e+05
6.4794e+05
6.4614e+05
6.4417e+05
6.4203e+05
6.3971e+05
6.3723e+05
6.3459e+05
6.318e+05
6.2885e+05
6.2575e+05
6.2252e+05
6.1914e+05
6.1563e+05
6.1199e+05
6.0824e+05
6.0436e+05
6.0037e+05
5.9628e+05
5.9208e+05
5.8779e+05
5.8341e+05
5.7894e+05
5.744e+05
5.6979e+05
5.651e+05
5.6036e+05
5.5557e+05
5.5072e+05
5.4583e+05
5.4091e+05
5.3595e+05
5.3097e+05
5.2597e+05
5.2096e+05
5.1594e+05
5.1092e+05
5.0591e+05
5.009e+05
4.9591e+05
4.9095e+05
4.8601e+05
4.811e+05
4.7624e+05
4.7141e+05
4.6664e+05
4.6192e+05
4.5726e+05
4.5267e+05
4.4814e+05
4.4369e+05
4.3932e+05
4.3503e+05
4.3083e+05
4.2672e+05
4.2271e+05
4.188e+05
4.1499e+05
4.1129e+05
4.077e+05
4.0423e+05
4.0087e+05
3.9763e+05
3.9452e+05
3.9153e+05
3.8867e+05
3.8595e+05
3.8335e+05
3.8089e+05
3.7857e+05
3.7639e+05
3.7434e+05
3.7244e+05
3.7068e+05
3.6906e+05
3.6759e+05
3.6626e+05
3.6507e+05
3.6403e+05
3.6313e+05
3.6238e+05
3.6177e+05
3.6131e+05
3.6098e+05
3.608e+05
3.6076e+05
3.6086e+05
3.6109e+05
3.6146e+05
3.6197e+05
3.626e+05
3.6337e+05
3.6427e+05
3.6529e+05
3.6643e+05
3.6769e+05
3.6907e+05
3.7057e+05
3.7218e+05
3.7389e+05
3.7571e+05
3.7763e+05
3.7965e+05
3.8177e+05
3.8397e+05
3.8626e+05
3.8864e+05
3.9109e+05
3.9362e+05
3.9622e+05
3.9889e+05
4.0162e+05
4.044e+05
4.0725e+05
4.1014e+05
4.1307e+05
4.1605e+05
4.1906e+05
4.221e+05
4.2517e+05
4.2827e+05
4.3138e+05
4.345e+05
4.3763e+05
4.4077e+05
4.4391e+05
4.4704e+05
4.5016e+05
4.5327e+05
4.5636e+05
4.5942e+05
4.6246e+05
4.6547e+05
4.6844e+05
4.7138e+05
4.7426e+05
4.771e+05
4.7989e+05
4.8262e+05
4.8529e+05
4.879e+05
4.9043e+05
4.929e+05
4.9529e+05
4.976e+05
4.9983e+05
5.0197e+05
5.0403e+05
5.0599e+05
5.0785e+05
5.0962e+05
5.1129e+05
5.1285e+05
5.1431e+05
5.1565e+05
5.1689e+05
5.1801e+05
5.1901e+05
5.199e+05
5.2067e+05
5.2131e+05
5.2183e+05
5.2223e+05
5.2249e+05
5.2263e+05
5.2264e+05
5.2252e+05
5.2227e+05
5.2188e+05
5.2136e+05
5.207e+05
5.1991e+05
5.1899e+05
5.1793e+05
5.1673e+05
5.154e+05
5.1393e+05
5.1232e+05
5.1058e+05
5.087e+05
5.0669e+05
5.0455e+05
5.0227e+05
4.9986e+05
4.9732e+05
4.9465e+05
4.9185e+05
4.8892e+05
4.8586e+05
4.8268e+05
4.7938e+05
4.7596e+05
4.7241e+05
4.6875e+05
4.6497e+05
4.6109e+05
4.5708e+05
4.5298e+05
4.4876e+05
4.4444e+05
4.4002e+05
4.355e+05
4.3089e+05
4.2618e+05
4.2139e+05
4.165e+05
4.1154e+05
4.0649e+05
4.0137e+05
3.9617e+05
3.909e+05
3.8557e+05
3.8017e+05
3.7472e+05
3.692e+05
3.6364e+05
3.5803e+05
3.5237e+05
3.4667e+05
3.4094e+05
3.3517e+05
3.2937e+05
3.2355e+05
3.1771e+05
3.1185e+05
3.0598e+05
3.001e+05
2.9422e+05
2.8833e+05
2.8245e+05
2.7658e+05
2.7072e+05
2.6488e+05
2.5906e+05
2.5326e+05
2.4749e+05
2.4176e+05
2.3606e+05
2.3041e+05
2.248e+05
2.1924e+05
2.1374e+05
2.0829e+05
2.0291e+05
1.976e+05
1.9235e+05
1.8718e+05
1.8209e+05
1.7708e+05
1.7216e+05
1.6733e+05
1.6259e+05
1.5795e+05
1.5341e+05
1.4898e+05
1.4465e+05
1.4044e+05
1.3634e+05
1.3236e+05
1.2851e+05
1.2477e+05
1.2117e+05
1.177e+05
1.1437e+05
1.1117e+05
1.0811e+05
1.0519e+05
1.0243e+05
99805
97336
95020
92859
90857
89014
87334
85818
84467
83284
82271
81428
80757
80260
79938
79792
79823
80031
80418
80985
81731
82658
83766
85055
86526
88177
90010
92024
94219
96594
99150
1.0188e+05
1.048e+05
1.0789e+05
1.1116e+05
1.146e+05
1.1822e+05
1.2202e+05
1.2598e+05
1.3012e+05
1.3443e+05
1.389e+05
1.4354e+05
1.4835e+05
1.5331e+05
1.5844e+05
1.6373e+05
1.6917e+05
1.7477e+05
1.8052e+05
1.8642e+05
1.9247e+05
1.9866e+05
2.0499e+05
2.1146e+05
2.1807e+05
2.2481e+05
2.3168e+05
2.3868e+05
2.4581e+05
2.5305e+05
2.6041e+05
2.6789e+05
2.7548e+05
2.8318e+05
2.9098e+05
2.9888e+05
3.0688e+05
3.1498e+05
3.2316e+05
3.3143e+05
3.3979e+05
3.4822e+05
3.5673e+05
3.6531e+05
3.7396e+05
3.8268e+05
3.9145e+05
4.0028e+05
4.0916e+05
4.1809e+05
4.2706e+05
4.3608e+05
4.4513e+05
4.5421e+05
4.6332e+05
4.7246e+05
4.8161e+05
4.9078e+05
4.9997e+05
5.0916e+05
5.1836e+05
5.2755e+05
5.3675e+05
5.4593e+05
5.551e+05
5.6426e+05
5.734e+05
5.8251e+05
5.916e+05
6.0066e+05
6.0968e+05
6.1866e+05
6.276e+05
6.365e+05
6.4534e+05
6.5413e+05
6.6287e+05
6.7154e+05
6.8015e+05
6.8869e+05
6.9716e+05
7.0556e+05
7.1388e+05
7.2212e+05
7.3027e+05
7.3834e+05
7.4631e+05
7.542e+05
7.6199e+05
7.6967e+05
7.7726e+05
7.8474e+05
7.9212e+05
7.9938e+05
8.0653e+05
8.1357e+05
8.2049e+05
8.2729e+05
8.3396e+05
8.4051e+05
8.4694e+05
8.5323e+05
8.594e+05
8.6543e+05
8.7132e+05
8.7708e+05
8.827e+05
8.8819e+05
8.9352e+05
8.9872e+05
9.0377e+05
9.0867e+05
9.1343e+05
9.1804e+05
9.225e+05
9.268e+05
9.3096e+05
9.3496e+05
9.3881e+05
9.425e+05
9.4604e+05
9.4942e+05
9.5264e+05
9.5571e+05
9.5861e+05
9.6136e+05
9.6395e+05
9.6638e+05
9.6866e+05
9.7077e+05
9.7272e+05
9.7452e+05
9.7615e+05
9.7763e+05
9.7894e+05
9.801e+05
9.811e+05
9.8194e+05
9.8262e+05
9.8314e+05
9.8351e+05
9.8372e+05
9.8378e+05
9.8368e+05
9.8342e+05
9.8302e+05
9.8246e+05
9.8175e+05
9.8088e+05
9.7987e+05
9.7871e+05
9.774e+05
9.7595e+05
9.7435e+05
9.726e+05
9.7072e+05
9.6869e+05
9.6652e+05
9.6421e+05
9.6177e+05
9.5919e+05
9.5647e+05
9.5362e+05
9.5064e+05
9.4753e+05
9.443e+05
9.4094e+05
9.3745e+05
9.3384e+05
9.3011e+05
9.2626e+05
9.2229e+05
9.182e+05
9.1401e+05
9.097e+05
9.0528e+05
9.0075e+05
8.9612e+05
8.9138e+05
8.8655e+05
8.8161e+05
8.7657e+05
8.7144e+05
8.6621e+05
8.609e+05
8.5549e+05
8.4999e+05
8.4442e+05
8.3875e+05
8.3301e+05
8.2719e+05
8.2129e+05
8.1532e+05
8.0927e+05
8.0316e+05
7.9698e+05
7.9073e+05
7.8442e+05
7.7805e+05
7.7162e+05
7.6513e+05
7.5859e+05
7.52e+05
7.4535e+05
7.3866e+05
7.3193e+05
7.2515e+05
7.1833e+05
7.1147e+05
7.0458e+05
6.9765e+05
6.9069e+05
6.837e+05
6.7668e+05
6.6963e+05
6.6257e+05
6.5548e+05
6.4837e+05
6.4125e+05
6.3411e+05
6.2696e+05
6.1979e+05
6.1262e+05
6.0544e+05
5.9826e+05
5.9108e+05
5.8389e+05
5.7671e+05
5.6953e+05
5.6235e+05
5.5519e+05
5.4803e+05
5.4088e+05
5.3375e+05
5.2663e+05
5.1952e+05
5.1244e+05
5.0537e+05
4.9833e+05
4.913e+05
4.8431e+05
4.7734e+05
4.7039e+05
4.6348e+05
4.566e+05
4.4975e+05
4.4294e+05
4.3616e+05
4.2941e+05
4.2271e+05
4.1604e+05
4.0942e+05
4.0283e+05
3.9629e+05
3.898e+05
3.8335e+05
3.7694e+05
3.7059e+05
3.6428e+05
3.5802e+05
3.5181e+05
3.4566e+05
3.3956e+05
3.3351e+05
3.2751e+05
3.2157e+05
3.1569e+05
3.0986e+05
3.0409e+05
2.9837e+05
2.9272e+05
2.8712e+05
2.8159e+05
2.7611e+05
2.7069e+05
2.6534e+05
2.6004e+05
2.5481e+05
2.4964e+05
2.4454e+05
2.3949e+05
2.3451e+05
2.2959e+05
2.2474e+05
2.1994e+05
2.1522e+05
2.1055e+05
2.0595e+05
2.0141e+05
1.9694e+05
1.9253e+05
1.8819e+05
1.839e+05
1.7969e+05
1.7553e+05
1.7144e+05
1.6741e+05
1.6345e+05
1.5954e+05
1.557e+05
1.5193e+05
1.4821e+05
1.4456e+05
1.4096e+05
1.3743e+05
1.3396e+05
1.3055e+05
1.272e+05
1.2391e+05
1.2068e+05
1.1751e+05
1.1439e+05
1.1133e+05
1.0834e+05
1.0539e+05
1.0251e+05
99676
96901
94181
91515
88903
86344
83837
81383
78979
76627
74325
72073
69870
67715
65608
63548
61535
59568
57646
55769
53936
52146
50399
48695
47032
45410
43828
42286
40782
39318
37891
36501
35147
33830
32548
31300
30086
28906
27758
26643
25559
24506
23483
22490
21526
20591
19684
18804
17950
17123
16322
15545
14793
14065
13360
12678
12018
11380
10763
10166
9589.6
9032.6
8494.6
7975.1
7473.6
6989.5
6522.4
6071.6
5636.9
5217.5
4813.2
4423.3
4047.4
3685
3335.7
2999
2674.4
2361.6
2059.9
1769.1
1488.6
1218.1
957.13
705.23
462.01
227.07
0
