1.8099e+05
1.8416e+05
1.8736e+05
1.906e+05
1.9386e+05
1.9715e+05
2.0046e+05
2.0379e+05
2.0714e+05
2.1051e+05
2.1389e+05
2.1728e+05
2.2068e+05
2.2408e+05
2.2749e+05
2.309e+05
2.3431e+05
2.3771e+05
2.4111e+05
2.4449e+05
2.4787e+05
2.5123e+05
2.5458e+05
2.579e+05
2.6121e+05
2.6449e+05
2.6774e+05
2.7097e+05
2.7417e+05
2.7733e+05
2.8046e+05
2.8355e+05
2.866e+05
2.8961e+05
2.9258e+05
2.955e+05
2.9838e+05
3.0121e+05
3.0398e+05
3.0671e+05
3.0938e+05
3.12e+05
3.1456e+05
3.1706e+05
3.195e+05
3.2188e+05
3.242e+05
3.2645e+05
3.2865e+05
3.3077e+05
3.3284e+05
3.3483e+05
3.3676e+05
3.3862e+05
3.4041e+05
3.4214e+05
3.4379e+05
3.4538e+05
3.4689e+05
3.4834e+05
3.4971e+05
3.5102e+05
3.5226e+05
3.5343e+05
3.5452e+05
3.5555e+05
3.5651e+05
3.5741e+05
3.5823e+05
3.5899e+05
3.5969e+05
3.6031e+05
3.6088e+05
3.6138e+05
3.6181e+05
3.6219e+05
3.6251e+05
3.6276e+05
3.6296e+05
3.631e+05
3.6318e+05
3.6321e+05
3.6319e+05
3.6312e+05
3.6299e+05
3.6282e+05
3.626e+05
3.6233e+05
3.6202e+05
3.6166e+05
3.6127e+05
3.6083e+05
3.6035e+05
3.5984e+05
3.593e+05
3.5872e+05
3.581e+05
3.5746e+05
3.5679e+05
3.5609e+05
3.5537e+05
3.5462e+05
3.5385e+05
3.5305e+05
3.5224e+05
3.5141e+05
3.5056e+05
3.4969e+05
3.4881e+05
3.4792e+05
3.4701e+05
3.461e+05
3.4517e+05
3.4424e+05
3.433e+05
3.4235e+05
3.4139e+05
3.4043e+05
3.3947e+05
3.385e+05
3.3753e+05
3.3656e+05
3.3559e+05
3.3461e+05
3.3364e+05
3.3267e+05
3.3169e+05
3.3072e+05
3.2975e+05
3.2878e+05
3.2781e+05
3.2684e+05
3.2587e+05
3.249e+05
3.2394e+05
3.2297e+05
3.2201e+05
3.2105e+05
3.2008e+05
3.1912e+05
3.1815e+05
3.1718e+05
3.1622e+05
3.1524e+05
3.1427e+05
3.1329e+05
3.1231e+05
3.1132e+05
3.1032e+05
3.0932e+05
3.0831e+05
3.0729e+05
3.0626e+05
3.0523e+05
3.0418e+05
3.0311e+05
3.0204e+05
3.0095e+05
2.9984e+05
2.9872e+05
2.9759e+05
2.9643e+05
2.9526e+05
2.9406e+05
2.9284e+05
2.9161e+05
2.9035e+05
2.8906e+05
2.8776e+05
2.8642e+05
2.8507e+05
2.8368e+05
2.8227e+05
2.8083e+05
2.7936e+05
2.7786e+05
2.7633e+05
2.7477e+05
2.7318e+05
2.7156e+05
2.6991e+05
2.6823e+05
2.6651e+05
2.6477e+05
2.6299e+05
2.6117e+05
2.5933e+05
2.5745e+05
2.5555e+05
2.5361e+05
2.5163e+05
2.4963e+05
2.476e+05
2.4553e+05
2.4344e+05
2.4132e+05
2.3916e+05
2.3698e+05
2.3478e+05
2.3254e+05
2.3028e+05
2.28e+05
2.257e+05
2.2337e+05
2.2102e+05
2.1865e+05
2.1626e+05
2.1385e+05
2.1143e+05
2.0899e+05
2.0654e+05
2.0408e+05
2.0161e+05
1.9913e+05
1.9664e+05
1.9414e+05
1.9164e+05
1.8914e+05
1.8664e+05
1.8414e+05
1.8164e+05
1.7914e+05
1.7665e+05
1.7417e+05
1.717e+05
1.6924e+05
1.6679e+05
1.6435e+05
1.6194e+05
1.5953e+05
1.5715e+05
1.5479e+05
1.5245e+05
1.5014e+05
1.4785e+05
1.4558e+05
1.4335e+05
1.4114e+05
1.3897e+05
1.3682e+05
1.3471e+05
1.3264e+05
1.306e+05
1.286e+05
1.2663e+05
1.247e+05
1.2281e+05
1.2097e+05
1.1916e+05
1.1739e+05
1.1566e+05
1.1398e+05
1.1234e+05
1.1074e+05
1.0919e+05
1.0767e+05
1.062e+05
1.0478e+05
1.0339e+05
1.0205e+05
1.0075e+05
99496
98280
97105
95970
94875
93818
92800
91818
90871
89960
89082
88236
87421
86636
85879
85149
84444
83762
83102
82463
81842
81238
80649
80074
79509
78954
78407
77866
77329
76793
76258
75722
75181
74636
74083
73522
72950
72365
71767
71153
70522
69872
69202
68511
67797
67060
66297
65508
64692
63848
62976
62074
61142
60180
59187
58164
57109
56023
54906
53759
52581
51374
50138
48873
47581
46263
44920
43552
42163
40753
39323
37877
36415
34941
33456
31963
30463
28961
27459
25960
24466
22981
21508
20051
18613
17198
15810
14452
13128
11842
10598
9401.6
8255.4
7164.3
6132.6
5164.8
4265.3
3438.6
2689.4
2022.1
1441.4
952.05
558.56
265.62
77.887
0
36.585
192.24
471.55
879.03
1419.2
2096.4
2915.2
3879.7
4994.2
6262.9
7689.9
9279.1
11034
12959
15058
17334
19789
22429
25255
28271
31480
34883
38484
42286
46289
50496
54909
59529
64357
69396
74645
80105
85778
91663
97760
1.0407e+05
1.1059e+05
1.1732e+05
1.2427e+05
1.3142e+05
1.3878e+05
1.4635e+05
1.5412e+05
1.6209e+05
1.7027e+05
1.7864e+05
1.8721e+05
1.9597e+05
2.0492e+05
2.1406e+05
2.2338e+05
2.3288e+05
2.4255e+05
2.5239e+05
2.624e+05
2.7257e+05
2.829e+05
2.9337e+05
3.0399e+05
3.1475e+05
3.2565e+05
3.3667e+05
3.4782e+05
3.5908e+05
3.7045e+05
3.8192e+05
3.9349e+05
4.0515e+05
4.1689e+05
4.287e+05
4.4058e+05
4.5252e+05
4.6451e+05
4.7655e+05
4.8862e+05
5.0072e+05
5.1284e+05
5.2497e+05
5.371e+05
5.4924e+05
5.6135e+05
5.7345e+05
5.8552e+05
5.9755e+05
6.0953e+05
6.2146e+05
6.3332e+05
6.4511e+05
6.5683e+05
6.6845e+05
6.7997e+05
6.9139e+05
7.027e+05
7.1388e+05
7.2494e+05
7.3585e+05
7.4662e+05
7.5723e+05
7.6768e+05
7.7797e+05
7.8807e+05
7.9799e+05
8.0771e+05
8.1724e+05
8.2656e+05
8.3567e+05
8.4455e+05
8.5321e+05
8.6164e+05
8.6983e+05
8.7777e+05
8.8546e+05
8.9289e+05
9.0006e+05
9.0697e+05
9.136e+05
9.1995e+05
9.2603e+05
9.3182e+05
9.3731e+05
9.4252e+05
9.4743e+05
9.5203e+05
9.5634e+05
9.6034e+05
9.6402e+05
9.674e+05
9.7047e+05
9.7322e+05
9.7565e+05
9.7777e+05
9.7957e+05
9.8105e+05
9.8221e+05
9.8305e+05
9.8357e+05
9.8378e+05
9.8366e+05
9.8323e+05
9.8248e+05
9.8141e+05
9.8004e+05
9.7835e+05
9.7635e+05
9.7404e+05
9.7143e+05
9.6852e+05
9.6531e+05
9.6181e+05
9.5801e+05
9.5393e+05
9.4956e+05
9.4492e+05
9.4e+05
9.3481e+05
9.2935e+05
9.2363e+05
9.1766e+05
9.1144e+05
9.0497e+05
8.9827e+05
8.9133e+05
8.8417e+05
8.7678e+05
8.6918e+05
8.6137e+05
8.5336e+05
8.4516e+05
8.3677e+05
8.2819e+05
8.1944e+05
8.1053e+05
8.0145e+05
7.9222e+05
7.8285e+05
7.7333e+05
7.6368e+05
7.5391e+05
7.4403e+05
7.3403e+05
7.2393e+05
7.1374e+05
7.0346e+05
6.931e+05
6.8267e+05
6.7217e+05
6.6161e+05
6.5101e+05
6.4036e+05
6.2968e+05
6.1896e+05
6.0823e+05
5.9748e+05
5.8672e+05
5.7596e+05
5.6521e+05
5.5447e+05
5.4374e+05
5.3305e+05
5.2238e+05
5.1176e+05
5.0118e+05
4.9064e+05
4.8017e+05
4.6975e+05
4.5941e+05
4.4913e+05
4.3894e+05
4.2882e+05
4.188e+05
4.0887e+05
3.9904e+05
3.893e+05
3.7968e+05
3.7017e+05
3.6077e+05
3.5149e+05
3.4233e+05
3.333e+05
3.244e+05
3.1563e+05
3.0699e+05
2.985e+05
2.9014e+05
2.8193e+05
2.7387e+05
2.6595e+05
2.5818e+05
2.5057e+05
2.4311e+05
2.358e+05
2.2865e+05
2.2165e+05
2.1482e+05
2.0814e+05
2.0162e+05
1.9526e+05
1.8906e+05
1.8303e+05
1.7715e+05
1.7143e+05
1.6587e+05
1.6048e+05
1.5524e+05
1.5016e+05
1.4523e+05
1.4047e+05
1.3585e+05
1.314e+05
1.2709e+05
1.2294e+05
1.1893e+05
1.1507e+05
1.1136e+05
1.078e+05
1.0437e+05
1.0109e+05
97939
94928
92050
89303
86685
84192
81823
79575
77444
75429
73526
71732
70046
68463
66981
65597
64308
63111
62003
60982
60043
59184
58402
57694
57057
56488
55984
55542
55159
54833
54560
54338
54164
54035
53948
53901
53891
53916
53972
54059
54172
54310
54470
54651
54849
55063
55291
55531
55780
56037
56300
56568
56837
57108
57378
57645
57909
58168
58421
58665
58901
59127
59342
59545
59736
59912
60074
60220
60350
60464
60560
60639
60699
60741
60764
60767
60751
60715
60660
60584
60488
60372
60237
60081
59905
59709
59494
59260
59006
58734
58442
58133
57806
57461
57099
56720
56325
55914
55488
55047
54592
54122
53640
53144
52637
52118
51587
51046
50495
49934
49365
48787
48202
47609
47010
46404
45793
45177
