64028
68052
72349
76915
81744
86832
92170
97751
1.0357e+05
1.096e+05
1.1585e+05
1.223e+05
1.2894e+05
1.3575e+05
1.4273e+05
1.4984e+05
1.5708e+05
1.6444e+05
1.7188e+05
1.7941e+05
1.8699e+05
1.9462e+05
2.0226e+05
2.0991e+05
2.1754e+05
2.2514e+05
2.3268e+05
2.4014e+05
2.4752e+05
2.5478e+05
2.6191e+05
2.6889e+05
2.7571e+05
2.8234e+05
2.8877e+05
2.9499e+05
3.0097e+05
3.067e+05
3.1217e+05
3.1736e+05
3.2227e+05
3.2687e+05
3.3116e+05
3.3513e+05
3.3876e+05
3.4206e+05
3.4501e+05
3.476e+05
3.4983e+05
3.517e+05
3.5321e+05
3.5434e+05
3.551e+05
3.5549e+05
3.5551e+05
3.5516e+05
3.5444e+05
3.5336e+05
3.5192e+05
3.5013e+05
3.4799e+05
3.455e+05
3.4269e+05
3.3955e+05
3.3609e+05
3.3233e+05
3.2828e+05
3.2394e+05
3.1933e+05
3.1446e+05
3.0935e+05
3.0399e+05
2.9842e+05
2.9264e+05
2.8667e+05
2.8052e+05
2.7421e+05
2.6774e+05
2.6115e+05
2.5443e+05
2.476e+05
2.4069e+05
2.337e+05
2.2664e+05
2.1954e+05
2.1241e+05
2.0526e+05
1.981e+05
1.9096e+05
1.8383e+05
1.7674e+05
1.6969e+05
1.6271e+05
1.558e+05
1.4897e+05
1.4224e+05
1.3561e+05
1.2909e+05
1.227e+05
1.1645e+05
1.1034e+05
1.0438e+05
98579
92948
87492
82218
77132
72240
67547
63058
58778
54710
50860
47228
43820
40636
37680
34952
32454
30188
28152
26348
24776
23434
22323
21440
20784
20354
20146
20160
20391
20837
21494
22358
23425
24692
26153
27804
29639
31654
33841
36196
38712
41384
44203
47164
50259
53481
56823
60278
63836
67492
71235
75060
78956
82917
86933
90997
95100
99233
1.0339e+05
1.0756e+05
1.1173e+05
1.159e+05
1.2006e+05
1.2421e+05
1.2832e+05
1.324e+05
1.3644e+05
1.4043e+05
1.4437e+05
1.4824e+05
1.5204e+05
1.5577e+05
1.5941e+05
1.6297e+05
1.6643e+05
1.6979e+05
1.7305e+05
1.762e+05
1.7924e+05
1.8216e+05
1.8497e+05
1.8765e+05
1.902e+05
1.9263e+05
1.9493e+05
1.9709e+05
1.9912e+05
2.0102e+05
2.0278e+05
2.0441e+05
2.059e+05
2.0725e+05
2.0847e+05
2.0955e+05
2.105e+05
2.1132e+05
2.12e+05
2.1256e+05
2.1298e+05
2.1328e+05
2.1346e+05
2.1351e+05
2.1344e+05
2.1325e+05
2.1295e+05
2.1253e+05
2.1201e+05
2.1137e+05
2.1063e+05
2.0978e+05
2.0883e+05
2.0778e+05
2.0663e+05
2.0539e+05
2.0406e+05
2.0263e+05
2.0112e+05
1.9952e+05
1.9784e+05
1.9607e+05
1.9422e+05
1.9229e+05
1.9028e+05
1.882e+05
1.8604e+05
1.8381e+05
1.8151e+05
1.7913e+05
1.7669e+05
1.7418e+05
1.716e+05
1.6896e+05
1.6625e+05
1.6348e+05
1.6065e+05
1.5777e+05
1.5482e+05
1.5182e+05
1.4877e+05
1.4567e+05
1.4252e+05
1.3932e+05
1.3608e+05
1.328e+05
1.2949e+05
1.2613e+05
1.2275e+05
1.1934e+05
1.1591e+05
1.1246e+05
1.0899e+05
1.0551e+05
1.0202e+05
98534
95048
91568
88101
84651
81224
77824
74456
71126
67839
64600
61415
58288
55224
52227
49304
46457
43691
41010
38417
35917
33512
31205
28998
26893
24893
22998
21209
19526
17951
16481
15118
13859
12703
11648
10691
9830.3
9062.3
8383.6
7790.5
7278.9
6844.4
6482.6
6188.6
5957.5
5784.1
5663.3
5589.6
5557.8
5562.3
5598
5659.5
5741.5
5839.1
5947.4
6061.6
6177.3
6290.3
6396.7
6493
6575.9
6642.7
6690.7
6718.1
6723.2
6704.8
6662.2
6595.1
6503.6
6388.5
6250.7
6091.7
5913.6
5718.5
5509.2
5288.8
5060.7
4828.6
4596.5
4368.7
4149.6
3943.8
3756
3591.2
3454.1
3349.7
3282.7
3257.9
3279.8
3352.9
3481.2
3668.8
3919.1
4235.4
4620.5
5076.7
5606
6209.6
6888.6
7643.3
8473.3
9377.7
10355
11404
12521
13702
14945
16245
17595
18992
20428
21897
23392
24904
26427
27951
29468
30969
32445
33886
35284
36629
37911
39123
40254
41296
42241
43082
43811
44420
44906
45261
45481
45563
45504
45302
44956
44467
43835
43063
42155
41115
39950
38667
37275
35782
34201
32542
30821
29051
27247
25428
23610
21813
20057
18362
16749
15242
13862
12634
11580
10727
10098
9717.1
9610.3
9801.8
10316
11178
12411
14038
16083
18567
21512
24937
28863
33306
38284
43813
49906
56575
63831
71685
80141
89208
98887
1.0918e+05
1.2009e+05
1.3161e+05
1.4374e+05
1.5646e+05
1.6978e+05
1.8369e+05
1.9816e+05
2.1319e+05
2.2875e+05
2.4484e+05
2.6142e+05
2.7848e+05
2.9599e+05
3.1393e+05
3.3227e+05
3.5097e+05
3.7001e+05
3.8935e+05
4.0897e+05
4.2882e+05
4.4887e+05
4.6908e+05
4.8942e+05
5.0984e+05
5.303e+05
5.5077e+05
5.712e+05
5.9155e+05
6.1178e+05
6.3185e+05
6.5172e+05
6.7134e+05
6.9068e+05
7.0969e+05
7.2834e+05
7.4658e+05
7.6438e+05
7.817e+05
7.9851e+05
8.1476e+05
8.3043e+05
8.4548e+05
8.5988e+05
8.736e+05
8.8662e+05
8.989e+05
9.1043e+05
9.2117e+05
9.3112e+05
9.4024e+05
9.4853e+05
9.5597e+05
9.6255e+05
9.6825e+05
9.7307e+05
9.77e+05
9.8004e+05
9.8218e+05
9.8342e+05
9.8378e+05
9.8324e+05
9.8182e+05
9.7952e+05
9.7635e+05
9.7233e+05
9.6747e+05
9.6179e+05
9.5529e+05
9.48e+05
9.3995e+05
9.3114e+05
9.2161e+05
9.1137e+05
9.0046e+05
8.889e+05
8.7672e+05
8.6395e+05
8.5061e+05
8.3673e+05
8.2236e+05
8.0751e+05
7.9222e+05
7.7653e+05
7.6046e+05
7.4405e+05
7.2733e+05
7.1034e+05
6.9311e+05
6.7566e+05
6.5804e+05
6.4028e+05
6.224e+05
6.0445e+05
5.8644e+05
5.6842e+05
5.504e+05
5.3243e+05
5.1453e+05
4.9672e+05
4.7903e+05
4.6149e+05
4.4412e+05
4.2695e+05
4.1e+05
3.9329e+05
3.7684e+05
3.6067e+05
3.448e+05
3.2925e+05
3.1403e+05
2.9915e+05
2.8464e+05
2.7049e+05
2.5673e+05
2.4336e+05
2.304e+05
2.1784e+05
2.057e+05
1.9398e+05
1.8269e+05
1.7182e+05
1.6139e+05
1.5139e+05
1.4181e+05
1.3267e+05
1.2396e+05
1.1567e+05
1.078e+05
1.0035e+05
93308
86673
80435
74588
69122
64028
59298
54921
50886
47183
43800
40725
37946
35452
33228
31264
29546
28060
26795
25736
24872
24188
23673
23313
23096
23010
23042
23181
23415
23732
24122
24574
25078
25623
26201
26803
27419
28042
28663
29277
29875
30452
31002
31519
32000
32438
32831
33176
33468
33706
33889
34013
34078
34084
34029
33915
33742
33509
33219
32873
32473
32020
31517
30966
30370
29732
29056
28343
27598
26824
26024
25202
24362
23507
22641
21767
20889
20011
19135
18266
17406
16559
15727
14914
14121
13352
12608
11893
11207
10552
9930.6
9343.2
8791.3
8275.6
7796.8
7355.5
6951.8
6585.9
6257.6
5966.6
5712.4
5494.2
5311.4
5162.7
5047.1
4963.1
4909.5
4884.6
4886.7
4914.1
4964.8
5037.1
5128.7
5237.8
5362.2
5499.9
5648.6
5806.3
5970.9
6140.4
6312.5
6485.4
6657.2
6825.8
6989.6
7146.7
7295.6
7434.7
7562.6
7678
7779.6
7866.3
7937.2
7991.4
8028.2
8047
8047.3
8028.8
7991.3
7934.6
7858.8
7764.1
7650.7
7518.9
7369.2
7202.3
7018.7
6819.2
6604.6
6375.9
6134
5880
5614.8
5339.6
5055.7
4764
4465.9
4162.6
3855.2
3545
3233.1
2920.7
2609
2299
1991.9
1688.6
1390.1
1097.4
811.3
532.55
261.9
0
