56704
59555
62652
65994
69579
73403
77461
81748
86258
90984
95917
1.0105e+05
1.0637e+05
1.1187e+05
1.1753e+05
1.2335e+05
1.2931e+05
1.354e+05
1.4161e+05
1.4791e+05
1.543e+05
1.6075e+05
1.6727e+05
1.7381e+05
1.8039e+05
1.8696e+05
1.9352e+05
2.0006e+05
2.0655e+05
2.1298e+05
2.1933e+05
2.2559e+05
2.3174e+05
2.3776e+05
2.4364e+05
2.4936e+05
2.5492e+05
2.6029e+05
2.6546e+05
2.7042e+05
2.7516e+05
2.7966e+05
2.8391e+05
2.8791e+05
2.9164e+05
2.951e+05
2.9827e+05
3.0116e+05
3.0374e+05
3.0603e+05
3.0801e+05
3.0968e+05
3.1104e+05
3.1208e+05
3.128e+05
3.1321e+05
3.1331e+05
3.1308e+05
3.1255e+05
3.117e+05
3.1055e+05
3.091e+05
3.0735e+05
3.0531e+05
3.0298e+05
3.0038e+05
2.9751e+05
2.9437e+05
2.9099e+05
2.8736e+05
2.835e+05
2.7941e+05
2.7511e+05
2.7062e+05
2.6593e+05
2.6106e+05
2.5602e+05
2.5083e+05
2.455e+05
2.4004e+05
2.3446e+05
2.2877e+05
2.2299e+05
2.1712e+05
2.1119e+05
2.052e+05
1.9916e+05
1.931e+05
1.8701e+05
1.8091e+05
1.7481e+05
1.6872e+05
1.6266e+05
1.5663e+05
1.5064e+05
1.4471e+05
1.3884e+05
1.3305e+05
1.2733e+05
1.2171e+05
1.1619e+05
1.1077e+05
1.0547e+05
1.0028e+05
95230
90310
85532
80900
76420
72097
67936
63941
60117
56467
52995
49703
46595
43674
40940
38398
36047
33890
31928
30162
28592
27219
26043
25064
24282
23696
23306
23110
23107
23297
23676
24243
24997
25934
27052
28348
29819
31462
33273
35248
37384
39675
42118
44708
47439
50306
53304
56427
59669
63025
66487
70049
73704
77445
81266
85159
89116
93130
97193
1.013e+05
1.0544e+05
1.096e+05
1.1378e+05
1.1797e+05
1.2216e+05
1.2634e+05
1.3051e+05
1.3466e+05
1.3877e+05
1.4285e+05
1.4688e+05
1.5085e+05
1.5477e+05
1.5861e+05
1.6238e+05
1.6606e+05
1.6965e+05
1.7315e+05
1.7654e+05
1.7982e+05
1.8299e+05
1.8604e+05
1.8896e+05
1.9176e+05
1.9442e+05
1.9694e+05
1.9931e+05
2.0155e+05
2.0363e+05
2.0556e+05
2.0734e+05
2.0897e+05
2.1043e+05
2.1174e+05
2.1289e+05
2.1389e+05
2.1472e+05
2.1539e+05
2.1591e+05
2.1627e+05
2.1647e+05
2.1652e+05
2.1641e+05
2.1616e+05
2.1575e+05
2.152e+05
2.1451e+05
2.1368e+05
2.1271e+05
2.1161e+05
2.1038e+05
2.0902e+05
2.0754e+05
2.0595e+05
2.0423e+05
2.0241e+05
2.0048e+05
1.9845e+05
1.9632e+05
1.941e+05
1.9179e+05
1.8939e+05
1.8691e+05
1.8435e+05
1.8172e+05
1.7902e+05
1.7625e+05
1.7342e+05
1.7054e+05
1.676e+05
1.6461e+05
1.6157e+05
1.5849e+05
1.5537e+05
1.5222e+05
1.4903e+05
1.4581e+05
1.4257e+05
1.3931e+05
1.3602e+05
1.3272e+05
1.294e+05
1.2608e+05
1.2274e+05
1.194e+05
1.1607e+05
1.1273e+05
1.094e+05
1.0607e+05
1.0276e+05
99459
96177
92914
89675
86461
83277
80125
77008
73929
70892
67899
64953
62057
59215
56428
53700
51034
48432
45896
43430
41034
38713
36466
34298
32208
30199
28271
26427
24667
22991
21400
19895
18474
17139
15888
14721
13636
12632
11708
10863
10093
9396.8
8772
8215.8
7725.4
7297.7
6929.5
6617.5
6358.1
6147.7
5982.7
5859.3
5773.7
5722
5700.4
5705
5732.1
5778
5839.1
5911.8
5992.7
6078.7
6166.6
6253.8
6337.5
6415.3
6485.1
6545.1
6593.6
6629.3
6651.1
6658.5
6650.8
6628
6590.3
6538.1
6472.2
6393.7
6303.9
6204.3
6096.8
5983.5
5866.5
5748.4
5631.7
5519.2
5413.7
5318.1
5235.5
5168.7
5120.9
5094.9
5093.5
5119.7
5175.8
5264.5
5388
5548.1
5746.8
5985.5
6265.3
6587
6951.2
7357.8
7806.6
8296.8
8827.4
9396.9
10003
10644
11316
12017
12743
13489
14252
15027
15808
16591
17370
18138
18891
19622
20324
20993
21620
22201
22728
23197
23602
23937
24197
24378
24475
24486
24406
24235
23969
23608
23151
22601
21957
21223
20402
19499
18518
17467
16352
15183
13969
12721
11450
10170
8893.7
7636.5
6414.1
5243.1
4141.2
3126.9
2219.2
1438.2
804.34
338.87
63.407
0
171.03
599.12
1307
2317.5
3653.4
5337.2
7391.2
9837.3
12697
15991
19739
23962
28676
33900
39650
45941
52785
60197
68186
76761
85929
95697
1.0607e+05
1.1705e+05
1.2863e+05
1.4081e+05
1.536e+05
1.6697e+05
1.8093e+05
1.9547e+05
2.1057e+05
2.2621e+05
2.4239e+05
2.5908e+05
2.7626e+05
2.9391e+05
3.12e+05
3.3051e+05
3.4941e+05
3.6866e+05
3.8825e+05
4.0812e+05
4.2825e+05
4.486e+05
4.6914e+05
4.8982e+05
5.1059e+05
5.3143e+05
5.5229e+05
5.7313e+05
5.939e+05
6.1455e+05
6.3505e+05
6.5535e+05
6.754e+05
6.9516e+05
7.1459e+05
7.3364e+05
7.5227e+05
7.7044e+05
7.881e+05
8.0521e+05
8.2174e+05
8.3764e+05
8.5288e+05
8.6743e+05
8.8124e+05
8.943e+05
9.0656e+05
9.1799e+05
9.2858e+05
9.383e+05
9.4712e+05
9.5503e+05
9.6201e+05
9.6804e+05
9.7311e+05
9.772e+05
9.8032e+05
9.8246e+05
9.8361e+05
9.8378e+05
9.8296e+05
9.8116e+05
9.7838e+05
9.7464e+05
9.6995e+05
9.6433e+05
9.5778e+05
9.5033e+05
9.4199e+05
9.328e+05
9.2277e+05
9.1193e+05
9.0032e+05
8.8795e+05
8.7487e+05
8.611e+05
8.4668e+05
8.3164e+05
8.1603e+05
7.9987e+05
7.8322e+05
7.661e+05
7.4855e+05
7.3063e+05
7.1236e+05
6.9379e+05
6.7496e+05
6.5591e+05
6.3668e+05
6.1731e+05
5.9784e+05
5.7832e+05
5.5877e+05
5.3924e+05
5.1977e+05
5.0039e+05
4.8114e+05
4.6204e+05
4.4315e+05
4.2448e+05
4.0606e+05
3.8794e+05
3.7012e+05
3.5265e+05
3.3554e+05
3.1882e+05
3.025e+05
2.8662e+05
2.7118e+05
2.562e+05
2.4171e+05
2.277e+05
2.1419e+05
2.0119e+05
1.8872e+05
1.7676e+05
1.6534e+05
1.5445e+05
1.4409e+05
1.3427e+05
1.2497e+05
1.1621e+05
1.0797e+05
1.0024e+05
93033
86323
80105
74370
69106
64300
59938
56006
52490
49373
46640
44273
42256
40571
39199
38124
37326
36787
36489
36414
36543
36858
37342
37977
38746
39631
40617
41687
42826
44020
45252
46511
47783
49055
50315
51552
52757
53919
55029
56080
57063
57972
58801
59544
60198
60757
61219
61582
61843
62001
62055
62007
61855
61602
61248
60796
60248
59608
58878
58063
57166
56192
55146
54031
52854
51620
50334
49001
47627
46218
44779
43316
41835
40341
38840
37337
35838
34346
32869
31409
29972
28563
27184
25841
24537
23274
22057
20888
19769
18703
17692
16737
15840
15002
14223
13504
12846
12248
11709
11231
10810
10448
10141
9889.3
9690.7
9543.2
9444.8
9393.4
9386.5
9421.7
9496.4
9607.9
9753.3
9929.7
10134
10364
10616
10887
11175
11475
11786
12104
12427
12751
13074
13393
13706
14010
14303
14583
14847
15095
15323
15531
15716
15878
16016
16128
16213
16271
16302
16304
16278
16224
16142
16031
15892
15727
15534
15316
15072
14805
14514
14202
13869
13516
13145
12758
12355
11939
11511
11072
10624
10169
9707.9
9242.5
8774.3
8304.9
7835.8
7368.2
6903.8
6443.7
5989.3
5541.7
5102.2
4671.7
4251.3
3841.8
