24849
26916
29260
31880
34774
37939
41372
45068
49022
53228
57679
62367
67284
72422
77770
83319
89056
94971
1.0105e+05
1.0729e+05
1.1366e+05
1.2016e+05
1.2677e+05
1.3348e+05
1.4028e+05
1.4714e+05
1.5406e+05
1.6101e+05
1.6799e+05
1.7498e+05
1.8195e+05
1.8891e+05
1.9583e+05
2.0269e+05
2.0948e+05
2.1619e+05
2.228e+05
2.2929e+05
2.3566e+05
2.4188e+05
2.4795e+05
2.5384e+05
2.5956e+05
2.6508e+05
2.7039e+05
2.7549e+05
2.8035e+05
2.8498e+05
2.8936e+05
2.9348e+05
2.9734e+05
3.0092e+05
3.0422e+05
3.0724e+05
3.0996e+05
3.1239e+05
3.1451e+05
3.1633e+05
3.1785e+05
3.1905e+05
3.1995e+05
3.2054e+05
3.2081e+05
3.2078e+05
3.2045e+05
3.1981e+05
3.1887e+05
3.1764e+05
3.1611e+05
3.143e+05
3.1221e+05
3.0985e+05
3.0723e+05
3.0434e+05
3.0121e+05
2.9784e+05
2.9424e+05
2.9042e+05
2.8639e+05
2.8216e+05
2.7774e+05
2.7315e+05
2.6839e+05
2.6348e+05
2.5844e+05
2.5326e+05
2.4797e+05
2.4258e+05
2.3711e+05
2.3155e+05
2.2594e+05
2.2027e+05
2.1457e+05
2.0885e+05
2.0312e+05
1.9739e+05
1.9167e+05
1.8598e+05
1.8033e+05
1.7473e+05
1.6919e+05
1.6373e+05
1.5835e+05
1.5306e+05
1.4788e+05
1.4281e+05
1.3787e+05
1.3306e+05
1.2839e+05
1.2387e+05
1.195e+05
1.153e+05
1.1126e+05
1.074e+05
1.0373e+05
1.0023e+05
96927
93815
90901
88185
85671
83360
81254
79354
77659
76170
74885
73805
72928
72251
71773
71490
71401
71501
71787
72256
72902
73722
74711
75863
77175
78639
80252
82007
83898
85920
88066
90331
92708
95192
97775
1.0045e+05
1.0322e+05
1.0606e+05
1.0898e+05
1.1197e+05
1.1502e+05
1.1812e+05
1.2128e+05
1.2448e+05
1.2771e+05
1.3098e+05
1.3427e+05
1.3758e+05
1.4091e+05
1.4424e+05
1.4758e+05
1.5091e+05
1.5424e+05
1.5755e+05
1.6084e+05
1.641e+05
1.6734e+05
1.7054e+05
1.737e+05
1.7682e+05
1.7988e+05
1.829e+05
1.8585e+05
1.8874e+05
1.9157e+05
1.9432e+05
1.9699e+05
1.9959e+05
2.021e+05
2.0452e+05
2.0686e+05
2.0909e+05
2.1123e+05
2.1326e+05
2.1519e+05
2.1701e+05
2.1872e+05
2.2031e+05
2.2179e+05
2.2314e+05
2.2437e+05
2.2548e+05
2.2646e+05
2.2731e+05
2.2802e+05
2.2861e+05
2.2906e+05
2.2937e+05
2.2955e+05
2.2959e+05
2.295e+05
2.2926e+05
2.2889e+05
2.2837e+05
2.2772e+05
2.2693e+05
2.26e+05
2.2494e+05
2.2374e+05
2.2241e+05
2.2095e+05
2.1936e+05
2.1764e+05
2.158e+05
2.1384e+05
2.1175e+05
2.0956e+05
2.0725e+05
2.0483e+05
2.0231e+05
1.9968e+05
1.9697e+05
1.9416e+05
1.9126e+05
1.8829e+05
1.8523e+05
1.8211e+05
1.7892e+05
1.7567e+05
1.7237e+05
1.6902e+05
1.6562e+05
1.6219e+05
1.5872e+05
1.5523e+05
1.5172e+05
1.482e+05
1.4467e+05
1.4113e+05
1.376e+05
1.3407e+05
1.3056e+05
1.2706e+05
1.2359e+05
1.2015e+05
1.1675e+05
1.1338e+05
1.1005e+05
1.0677e+05
1.0354e+05
1.0036e+05
97237
94176
91178
88245
85379
82582
79857
77203
74622
72115
69682
67323
65039
62828
60690
58624
56628
54702
52843
51051
49322
47654
46046
44494
42996
41550
40152
38800
37491
36222
34990
33792
32626
31489
30378
29291
28224
27177
26147
25132
24130
23140
22161
21191
20229
19275
18328
17389
16457
15532
14616
13709
12813
11927
11055
10197
9356.2
8533.9
7732.7
6954.9
6203.2
5480.2
4788.8
4131.9
3512.5
2933.4
2397.7
1908.5
1468.5
1080.8
748.19
473.29
258.7
106.84
19.93
0
48.848
168.03
358.82
622.22
958.92
1369.3
1853.4
2410.8
3041
3742.9
4515
5355.6
6262.4
7232.9
8264.2
9352.8
10495
11687
12924
14202
15514
16857
18224
19609
21006
22409
23811
25205
26585
27943
29272
30566
31818
33019
34165
35248
36261
37198
38053
38821
39496
40072
40547
40915
41173
41317
41346
41258
41051
40725
40279
39716
39036
38241
37336
36323
35208
33997
32694
31309
29848
28320
26735
25104
23437
21746
20044
18343
16659
15005
13396
11848
10377
8999.9
7733.2
6594.3
5600.8
4770.6
4121.6
3671.9
3439.7
3443.1
3700.2
4228.9
5047.1
6172
7620.8
9410.3
11557
14076
16982
20291
24015
28168
32762
37807
43315
49294
55752
62697
70134
78067
86501
95438
1.0488e+05
1.1482e+05
1.2527e+05
1.3621e+05
1.4764e+05
1.5957e+05
1.7197e+05
1.8485e+05
1.9819e+05
2.1198e+05
2.2621e+05
2.4086e+05
2.5593e+05
2.7138e+05
2.8721e+05
3.034e+05
3.1992e+05
3.3675e+05
3.5388e+05
3.7128e+05
3.8892e+05
4.0678e+05
4.2484e+05
4.4306e+05
4.6142e+05
4.7989e+05
4.9844e+05
5.1704e+05
5.3566e+05
5.5428e+05
5.7286e+05
5.9137e+05
6.0978e+05
6.2805e+05
6.4617e+05
6.6409e+05
6.8179e+05
6.9923e+05
7.164e+05
7.3324e+05
7.4975e+05
7.6588e+05
7.8162e+05
7.9692e+05
8.1178e+05
8.2615e+05
8.4003e+05
8.5337e+05
8.6617e+05
8.7839e+05
8.9003e+05
9.0105e+05
9.1144e+05
9.2118e+05
9.3027e+05
9.3867e+05
9.4639e+05
9.534e+05
9.5971e+05
9.6529e+05
9.7015e+05
9.7427e+05
9.7765e+05
9.803e+05
9.822e+05
9.8336e+05
9.8378e+05
9.8346e+05
9.824e+05
9.8062e+05
9.7811e+05
9.7489e+05
9.7097e+05
9.6635e+05
9.6105e+05
9.5508e+05
9.4846e+05
9.412e+05
9.3331e+05
9.2482e+05
9.1574e+05
9.061e+05
8.959e+05
8.8518e+05
8.7396e+05
8.6225e+05
8.5008e+05
8.3748e+05
8.2446e+05
8.1105e+05
7.9727e+05
7.8316e+05
7.6873e+05
7.5402e+05
7.3904e+05
7.2382e+05
7.0839e+05
6.9277e+05
6.7699e+05
6.6107e+05
6.4504e+05
6.2892e+05
6.1274e+05
5.9651e+05
5.8028e+05
5.6405e+05
5.4784e+05
5.3169e+05
5.1561e+05
4.9963e+05
4.8376e+05
4.6802e+05
4.5243e+05
4.3701e+05
4.2178e+05
4.0674e+05
3.9193e+05
3.7735e+05
3.6302e+05
3.4894e+05
3.3514e+05
3.2162e+05
3.0839e+05
2.9547e+05
2.8286e+05
2.7056e+05
2.586e+05
2.4696e+05
2.3566e+05
2.2471e+05
2.141e+05
2.0384e+05
1.9393e+05
1.8437e+05
1.7516e+05
1.663e+05
1.578e+05
1.4964e+05
1.4183e+05
1.3436e+05
1.2724e+05
1.2045e+05
1.1399e+05
1.0785e+05
1.0204e+05
96542
91350
86459
81860
77547
73510
69742
66234
62977
59962
57180
54622
52277
50137
48192
46432
44848
43431
42169
41055
40079
39231
38502
37884
37368
36945
36606
36344
36150
36018
35939
35906
35913
35952
36018
36105
36207
36318
36434
36550
36662
36764
36854
36929
36984
37017
37026
37009
36962
36886
36777
36636
36462
36253
36010
35731
35419
35072
34691
34278
33832
33356
32849
32314
31752
31165
30554
29922
29269
28598
27912
27212
26500
25778
25049
24315
23577
22838
22101
21367
20637
19915
19202
18500
17811
17136
16476
15835
15212
14609
14028
13469
12934
12422
11937
11476
11042
10635
10255
9902
9576.3
9277.8
9006.4
8761.9
8543.8
8351.8
8185.2
8043.6
7926
7831.8
7760
7709.6
7679.8
7669.3
7677
7701.8
7742.4
7797.5
7865.9
7946.2
8037.1
8137.2
8245.2
8359.6
8479.2
8602.5
8728.3
8855.3
8982.1
9107.5
9230.3
9349.4
9463.5
9571.6
9672.7
9765.8
9850
9924.5
9988.5
10041
10082
10110
10126
10128
10116
10090
10050
9995.5
9926.5
9842.9
9744.9
9632.7
9506.3
9366
9212.2
9045.2
8865.5
8673.5
8469.7
8254.8
