5.9127e+05
5.9577e+05
6.0026e+05
6.0476e+05
6.0927e+05
6.138e+05
6.1834e+05
6.2291e+05
6.275e+05
6.3213e+05
6.368e+05
6.4151e+05
6.4626e+05
6.5105e+05
6.5589e+05
6.6078e+05
6.6572e+05
6.7072e+05
6.7576e+05
6.8085e+05
6.86e+05
6.9119e+05
6.9643e+05
7.0173e+05
7.0706e+05
7.1244e+05
7.1787e+05
7.2333e+05
7.2883e+05
7.3436e+05
7.3992e+05
7.4551e+05
7.5112e+05
7.5675e+05
7.6239e+05
7.6805e+05
7.7371e+05
7.7937e+05
7.8503e+05
7.9068e+05
7.9632e+05
8.0195e+05
8.0756e+05
8.1314e+05
8.1868e+05
8.242e+05
8.2968e+05
8.3511e+05
8.4049e+05
8.4583e+05
8.511e+05
8.5632e+05
8.6147e+05
8.6655e+05
8.7155e+05
8.7649e+05
8.8134e+05
8.861e+05
8.9078e+05
8.9537e+05
8.9987e+05
9.0427e+05
9.0857e+05
9.1277e+05
9.1686e+05
9.2085e+05
9.2472e+05
9.2849e+05
9.3214e+05
9.3567e+05
9.3909e+05
9.4239e+05
9.4557e+05
9.4863e+05
9.5156e+05
9.5437e+05
9.5706e+05
9.5962e+05
9.6205e+05
9.6435e+05
9.6653e+05
9.6858e+05
9.7049e+05
9.7228e+05
9.7394e+05
9.7547e+05
9.7687e+05
9.7814e+05
9.7928e+05
9.8029e+05
9.8117e+05
9.8193e+05
9.8255e+05
9.8305e+05
9.8342e+05
9.8366e+05
9.8378e+05
9.8377e+05
9.8363e+05
9.8338e+05
9.8299e+05
9.8249e+05
9.8187e+05
9.8112e+05
9.8026e+05
9.7928e+05
9.7818e+05
9.7697e+05
9.7564e+05
9.742e+05
9.7265e+05
9.7098e+05
9.6921e+05
9.6733e+05
9.6535e+05
9.6326e+05
9.6107e+05
9.5877e+05
9.5638e+05
9.5389e+05
9.513e+05
9.4862e+05
9.4584e+05
9.4297e+05
9.4002e+05
9.3697e+05
9.3384e+05
9.3063e+05
9.2733e+05
9.2396e+05
9.2051e+05
9.1698e+05
9.1337e+05
9.0969e+05
9.0595e+05
9.0213e+05
8.9825e+05
8.943e+05
8.903e+05
8.8623e+05
8.821e+05
8.7792e+05
8.7368e+05
8.6939e+05
8.6505e+05
8.6066e+05
8.5622e+05
8.5174e+05
8.4722e+05
8.4266e+05
8.3806e+05
8.3342e+05
8.2874e+05
8.2404e+05
8.193e+05
8.1454e+05
8.0975e+05
8.0493e+05
8.0009e+05
7.9523e+05
7.9034e+05
7.8544e+05
7.8053e+05
7.756e+05
7.7065e+05
7.657e+05
7.6074e+05
7.5576e+05
7.5079e+05
7.4581e+05
7.4082e+05
7.3584e+05
7.3085e+05
7.2587e+05
7.2089e+05
7.1592e+05
7.1095e+05
7.0599e+05
7.0105e+05
6.9611e+05
6.9119e+05
6.8628e+05
6.8138e+05
6.765e+05
6.7164e+05
6.668e+05
6.6199e+05
6.5719e+05
6.5242e+05
6.4767e+05
6.4295e+05
6.3826e+05
6.336e+05
6.2897e+05
6.2437e+05
6.198e+05
6.1527e+05
6.1077e+05
6.0631e+05
6.0189e+05
5.9751e+05
5.9317e+05
5.8886e+05
5.8461e+05
5.8039e+05
5.7622e+05
5.721e+05
5.6802e+05
5.6399e+05
5.6001e+05
5.5609e+05
5.5221e+05
5.4838e+05
5.4461e+05
5.4089e+05
5.3723e+05
5.3362e+05
5.3007e+05
5.2658e+05
5.2314e+05
5.1977e+05
5.1645e+05
5.132e+05
5.1e+05
5.0687e+05
5.038e+05
5.008e+05
4.9786e+05
4.9498e+05
4.9217e+05
4.8942e+05
4.8674e+05
4.8413e+05
4.8158e+05
4.791e+05
4.7669e+05
4.7434e+05
4.7206e+05
4.6985e+05
4.6771e+05
4.6564e+05
4.6363e+05
4.617e+05
4.5983e+05
4.5803e+05
4.563e+05
4.5464e+05
4.5305e+05
4.5152e+05
4.5007e+05
4.4868e+05
4.4736e+05
4.461e+05
4.4491e+05
4.4379e+05
4.4274e+05
4.4175e+05
4.4083e+05
4.3997e+05
4.3917e+05
4.3844e+05
4.3777e+05
4.3717e+05
4.3662e+05
4.3614e+05
4.3572e+05
4.3536e+05
4.3505e+05
4.3481e+05
4.3462e+05
4.3449e+05
4.3441e+05
4.3439e+05
4.3442e+05
4.3451e+05
4.3465e+05
4.3484e+05
4.3508e+05
4.3537e+05
4.3571e+05
4.3609e+05
4.3653e+05
4.37e+05
4.3753e+05
4.3809e+05
4.387e+05
4.3936e+05
4.4005e+05
4.4078e+05
4.4156e+05
4.4237e+05
4.4322e+05
4.441e+05
4.4502e+05
4.4598e+05
4.4697e+05
4.48e+05
4.4905e+05
4.5014e+05
4.5126e+05
4.5241e+05
4.536e+05
4.5481e+05
4.5605e+05
4.5732e+05
4.5861e+05
4.5994e+05
4.6129e+05
4.6266e+05
4.6407e+05
4.655e+05
4.6696e+05
4.6844e+05
4.6994e+05
4.7148e+05
4.7304e+05
4.7462e+05
4.7623e+05
4.7786e+05
4.7952e+05
4.8121e+05
4.8292e+05
4.8465e+05
4.8642e+05
4.8821e+05
4.9002e+05
4.9186e+05
4.9373e+05
4.9563e+05
4.9756e+05
4.9951e+05
5.0149e+05
5.0351e+05
5.0555e+05
5.0762e+05
5.0973e+05
5.1186e+05
5.1403e+05
5.1622e+05
5.1846e+05
5.2072e+05
5.2302e+05
5.2535e+05
5.2772e+05
5.3012e+05
5.3255e+05
5.3502e+05
5.3753e+05
5.4008e+05
5.4266e+05
5.4528e+05
5.4793e+05
5.5062e+05
5.5335e+05
5.5611e+05
5.5892e+05
5.6176e+05
5.6463e+05
5.6754e+05
5.7049e+05
5.7348e+05
5.765e+05
5.7955e+05
5.8264e+05
5.8577e+05
5.8892e+05
5.9211e+05
5.9533e+05
5.9858e+05
6.0186e+05
6.0517e+05
6.0851e+05
6.1187e+05
6.1526e+05
6.1867e+05
6.2211e+05
6.2556e+05
6.2904e+05
6.3253e+05
6.3603e+05
6.3956e+05
6.4309e+05
6.4663e+05
6.5019e+05
6.5375e+05
6.5731e+05
6.6088e+05
6.6444e+05
6.6801e+05
6.7157e+05
6.7513e+05
6.7868e+05
6.8222e+05
6.8574e+05
6.8925e+05
6.9275e+05
6.9622e+05
6.9968e+05
7.0311e+05
7.0651e+05
7.0989e+05
7.1324e+05
7.1655e+05
7.1983e+05
7.2308e+05
7.2628e+05
7.2945e+05
7.3257e+05
7.3565e+05
7.3869e+05
7.4167e+05
7.4461e+05
7.4749e+05
7.5033e+05
7.5311e+05
7.5583e+05
7.585e+05
7.6111e+05
7.6366e+05
7.6615e+05
7.6858e+05
7.7094e+05
7.7325e+05
7.7548e+05
7.7766e+05
7.7977e+05
7.8181e+05
7.8379e+05
7.857e+05
7.8754e+05
7.8932e+05
7.9103e+05
7.9267e+05
7.9425e+05
7.9576e+05
7.972e+05
7.9858e+05
7.9989e+05
8.0114e+05
8.0232e+05
8.0344e+05
8.045e+05
8.0549e+05
8.0642e+05
8.0729e+05
8.081e+05
8.0885e+05
8.0954e+05
8.1018e+05
8.1076e+05
8.1128e+05
8.1175e+05
8.1217e+05
8.1254e+05
8.1285e+05
8.1312e+05
8.1334e+05
8.1351e+05
8.1364e+05
8.1373e+05
8.1377e+05
8.1377e+05
8.1373e+05
8.1365e+05
8.1353e+05
8.1338e+05
8.1319e+05
8.1297e+05
8.1271e+05
8.1242e+05
8.121e+05
8.1175e+05
8.1137e+05
8.1096e+05
8.1052e+05
8.1006e+05
8.0957e+05
8.0906e+05
8.0853e+05
8.0796e+05
8.0738e+05
8.0678e+05
8.0615e+05
8.055e+05
8.0483e+05
8.0414e+05
8.0343e+05
8.027e+05
8.0195e+05
8.0118e+05
8.0039e+05
7.9958e+05
7.9875e+05
7.9791e+05
7.9704e+05
7.9616e+05
7.9525e+05
7.9433e+05
7.9338e+05
7.9242e+05
7.9144e+05
7.9043e+05
7.8941e+05
7.8836e+05
7.873e+05
7.8621e+05
7.851e+05
7.8396e+05
7.8281e+05
7.8163e+05
7.8042e+05
7.792e+05
7.7794e+05
7.7666e+05
7.7536e+05
7.7403e+05
7.7267e+05
7.7128e+05
7.6987e+05
7.6842e+05
7.6695e+05
7.6545e+05
7.6392e+05
7.6235e+05
7.6076e+05
7.5913e+05
7.5748e+05
7.5579e+05
7.5406e+05
7.5231e+05
7.5052e+05
7.4869e+05
7.4683e+05
7.4494e+05
7.4301e+05
7.4104e+05
7.3904e+05
7.3701e+05
7.3493e+05
7.3282e+05
7.3068e+05
7.2849e+05
7.2627e+05
7.2401e+05
7.2172e+05
7.1938e+05
7.1701e+05
7.146e+05
7.1216e+05
7.0967e+05
7.0715e+05
7.0459e+05
7.02e+05
6.9936e+05
6.9669e+05
6.9398e+05
6.9124e+05
6.8845e+05
6.8564e+05
6.8278e+05
6.7989e+05
6.7696e+05
6.7399e+05
6.71e+05
6.6796e+05
6.6489e+05
6.6179e+05
6.5865e+05
6.5548e+05
6.5227e+05
6.4903e+05
6.4576e+05
6.4246e+05
6.3912e+05
6.3576e+05
6.3236e+05
6.2893e+05
6.2547e+05
6.2198e+05
6.1847e+05
6.1492e+05
6.1135e+05
6.0775e+05
6.0412e+05
6.0046e+05
5.9678e+05
5.9308e+05
5.8935e+05
5.8559e+05
5.8182e+05
5.7802e+05
5.7419e+05
5.7035e+05
5.6648e+05
5.6259e+05
5.5869e+05
5.5476e+05
5.5082e+05
5.4685e+05
5.4287e+05
5.3887e+05
5.3486e+05
5.3083e+05
5.2678e+05
5.2272e+05
5.1865e+05
5.1456e+05
5.1047e+05
5.0635e+05
5.0223e+05
4.981e+05
4.9396e+05
4.898e+05
4.8564e+05
4.8147e+05
4.7729e+05
4.7311e+05
4.6892e+05
4.6472e+05
4.6052e+05
4.5631e+05
4.521e+05
4.4788e+05
4.4366e+05
4.3944e+05
4.3522e+05
4.3099e+05
4.2677e+05
4.2254e+05
4.1831e+05
4.1409e+05
4.0986e+05
4.0564e+05
4.0142e+05
3.972e+05
3.9298e+05
3.8876e+05
3.8455e+05
3.8035e+05
3.7614e+05
3.7194e+05
3.6775e+05
3.6356e+05
3.5938e+05
3.552e+05
3.5103e+05
3.4686e+05
3.4271e+05
3.3855e+05
3.3441e+05
3.3027e+05
3.2614e+05
3.2202e+05
3.1791e+05
3.138e+05
3.097e+05
3.0562e+05
3.0154e+05
2.9746e+05
2.934e+05
2.8935e+05
2.853e+05
2.8127e+05
2.7724e+05
2.7322e+05
2.6922e+05
2.6522e+05
2.6123e+05
2.5725e+05
2.5328e+05
2.4932e+05
2.4537e+05
2.4143e+05
2.375e+05
2.3358e+05
2.2967e+05
2.2578e+05
2.2189e+05
2.1801e+05
2.1414e+05
2.1028e+05
2.0643e+05
2.0259e+05
1.9876e+05
1.9494e+05
1.9114e+05
1.8734e+05
1.8355e+05
1.7978e+05
1.7601e+05
1.7226e+05
1.6851e+05
1.6478e+05
1.6106e+05
1.5735e+05
1.5365e+05
1.4997e+05
1.4629e+05
1.4263e+05
1.3898e+05
1.3534e+05
1.3172e+05
1.281e+05
1.245e+05
1.2092e+05
1.1734e+05
1.1378e+05
1.1023e+05
1.067e+05
1.0318e+05
99679
96190
92716
89257
85814
82386
78976
75581
72204
68844
65501
62177
58870
55583
52314
49065
45835
42625
39436
36268
33120
29995
26891
23809
20750
17714
14701
11712
8747.4
5806.7
2890.8
0
