9.8378e+05
9.8009e+05
9.7634e+05
9.7253e+05
9.6866e+05
9.6474e+05
9.6075e+05
9.5671e+05
9.5262e+05
9.4847e+05
9.4427e+05
9.4002e+05
9.3571e+05
9.3136e+05
9.2696e+05
9.2251e+05
9.1802e+05
9.1348e+05
9.089e+05
9.0428e+05
8.9962e+05
8.9491e+05
8.9017e+05
8.8539e+05
8.8057e+05
8.7572e+05
8.7084e+05
8.6592e+05
8.6097e+05
8.5599e+05
8.5098e+05
8.4594e+05
8.4087e+05
8.3578e+05
8.3066e+05
8.2551e+05
8.2035e+05
8.1516e+05
8.0995e+05
8.0472e+05
7.9947e+05
7.9421e+05
7.8892e+05
7.8363e+05
7.7831e+05
7.7299e+05
7.6765e+05
7.6229e+05
7.5693e+05
7.5156e+05
7.4618e+05
7.4079e+05
7.354e+05
7.3e+05
7.2459e+05
7.1918e+05
7.1377e+05
7.0836e+05
7.0294e+05
6.9752e+05
6.9211e+05
6.867e+05
6.8129e+05
6.7588e+05
6.7048e+05
6.6508e+05
6.5969e+05
6.543e+05
6.4892e+05
6.4355e+05
6.3819e+05
6.3284e+05
6.275e+05
6.2218e+05
6.1686e+05
6.1156e+05
6.0627e+05
6.01e+05
5.9574e+05
5.905e+05
5.8528e+05
5.8007e+05
5.7488e+05
5.6971e+05
5.6456e+05
5.5943e+05
5.5432e+05
5.4924e+05
5.4417e+05
5.3913e+05
5.3411e+05
5.2912e+05
5.2415e+05
5.192e+05
5.1429e+05
5.0939e+05
5.0453e+05
4.9969e+05
4.9489e+05
4.9011e+05
4.8536e+05
4.8063e+05
4.7594e+05
4.7128e+05
4.6666e+05
4.6206e+05
4.5749e+05
4.5296e+05
4.4846e+05
4.44e+05
4.3957e+05
4.3517e+05
4.3081e+05
4.2648e+05
4.2219e+05
4.1793e+05
4.1371e+05
4.0953e+05
4.0538e+05
4.0127e+05
3.972e+05
3.9317e+05
3.8917e+05
3.8522e+05
3.813e+05
3.7742e+05
3.7358e+05
3.6979e+05
3.6603e+05
3.6231e+05
3.5863e+05
3.5499e+05
3.514e+05
3.4784e+05
3.4433e+05
3.4085e+05
3.3742e+05
3.3403e+05
3.3069e+05
3.2738e+05
3.2412e+05
3.209e+05
3.1772e+05
3.1459e+05
3.115e+05
3.0845e+05
3.0544e+05
3.0248e+05
2.9956e+05
2.9668e+05
2.9385e+05
2.9106e+05
2.8832e+05
2.8562e+05
2.8296e+05
2.8035e+05
2.7778e+05
2.7525e+05
2.7277e+05
2.7033e+05
2.6793e+05
2.6558e+05
2.6327e+05
2.6101e+05
2.5879e+05
2.5661e+05
2.5448e+05
2.5239e+05
2.5034e+05
2.4834e+05
2.4638e+05
2.4447e+05
2.4259e+05
2.4076e+05
2.3898e+05
2.3723e+05
2.3553e+05
2.3387e+05
2.3226e+05
2.3068e+05
2.2915e+05
2.2767e+05
2.2622e+05
2.2481e+05
2.2345e+05
2.2213e+05
2.2085e+05
2.1961e+05
2.1841e+05
2.1726e+05
2.1614e+05
2.1507e+05
2.1403e+05
2.1304e+05
2.1208e+05
2.1117e+05
2.1029e+05
2.0945e+05
2.0866e+05
2.079e+05
2.0718e+05
2.065e+05
2.0586e+05
2.0525e+05
2.0468e+05
2.0415e+05
2.0366e+05
2.032e+05
2.0278e+05
2.024e+05
2.0205e+05
2.0174e+05
2.0147e+05
2.0123e+05
2.0102e+05
2.0085e+05
2.0072e+05
2.0061e+05
2.0055e+05
2.0051e+05
2.0051e+05
2.0054e+05
2.0061e+05
2.007e+05
2.0083e+05
2.0099e+05
2.0118e+05
2.0141e+05
2.0166e+05
2.0194e+05
2.0226e+05
2.026e+05
2.0297e+05
2.0338e+05
2.0381e+05
2.0427e+05
2.0475e+05
2.0527e+05
2.0581e+05
2.0638e+05
2.0698e+05
2.076e+05
2.0825e+05
2.0893e+05
2.0963e+05
2.1035e+05
2.111e+05
2.1187e+05
2.1267e+05
2.1349e+05
2.1434e+05
2.152e+05
2.1609e+05
2.1701e+05
2.1794e+05
2.189e+05
2.1987e+05
2.2087e+05
2.2189e+05
2.2292e+05
2.2398e+05
2.2506e+05
2.2615e+05
2.2727e+05
2.284e+05
2.2955e+05
2.3071e+05
2.319e+05
2.331e+05
2.3431e+05
2.3555e+05
2.368e+05
2.3806e+05
2.3934e+05
2.4063e+05
2.4194e+05
2.4326e+05
2.4459e+05
2.4594e+05
2.473e+05
2.4867e+05
2.5006e+05
2.5145e+05
2.5286e+05
2.5428e+05
2.5571e+05
2.5715e+05
2.5859e+05
2.6005e+05
2.6152e+05
2.6299e+05
2.6448e+05
2.6597e+05
2.6747e+05
2.6898e+05
2.7049e+05
2.7201e+05
2.7354e+05
2.7508e+05
2.7661e+05
2.7816e+05
2.7971e+05
2.8126e+05
2.8282e+05
2.8438e+05
2.8595e+05
2.8752e+05
2.8909e+05
2.9066e+05
2.9224e+05
2.9382e+05
2.954e+05
2.9698e+05
2.9856e+05
3.0015e+05
3.0173e+05
3.0331e+05
3.049e+05
3.0648e+05
3.0806e+05
3.0965e+05
3.1122e+05
3.128e+05
3.1438e+05
3.1595e+05
3.1752e+05
3.1909e+05
3.2065e+05
3.2222e+05
3.2377e+05
3.2533e+05
3.2687e+05
3.2842e+05
3.2996e+05
3.3149e+05
3.3302e+05
3.3454e+05
3.3606e+05
3.3757e+05
3.3907e+05
3.4057e+05
3.4206e+05
3.4354e+05
3.4502e+05
3.4649e+05
3.4794e+05
3.4939e+05
3.5084e+05
3.5227e+05
3.5369e+05
3.5511e+05
3.5652e+05
3.5791e+05
3.593e+05
3.6067e+05
3.6204e+05
3.6339e+05
3.6474e+05
3.6607e+05
3.6739e+05
3.687e+05
3.7e+05
3.7128e+05
3.7256e+05
3.7382e+05
3.7507e+05
3.7631e+05
3.7753e+05
3.7874e+05
3.7994e+05
3.8112e+05
3.8229e+05
3.8345e+05
3.8459e+05
3.8572e+05
3.8684e+05
3.8794e+05
3.8902e+05
3.9009e+05
3.9115e+05
3.9219e+05
3.9322e+05
3.9423e+05
3.9522e+05
3.962e+05
3.9716e+05
3.9811e+05
3.9904e+05
3.9996e+05
4.0086e+05
4.0174e+05
4.026e+05
4.0345e+05
4.0429e+05
4.051e+05
4.059e+05
4.0668e+05
4.0745e+05
4.0819e+05
4.0892e+05
4.0963e+05
4.1033e+05
4.11e+05
4.1166e+05
4.123e+05
4.1293e+05
4.1353e+05
4.1412e+05
4.1469e+05
4.1524e+05
4.1577e+05
4.1628e+05
4.1678e+05
4.1725e+05
4.1771e+05
4.1815e+05
4.1857e+05
4.1897e+05
4.1936e+05
4.1972e+05
4.2007e+05
4.2039e+05
4.207e+05
4.2099e+05
4.2126e+05
4.2151e+05
4.2174e+05
4.2195e+05
4.2214e+05
4.2232e+05
4.2247e+05
4.2261e+05
4.2272e+05
4.2282e+05
4.229e+05
4.2296e+05
4.2299e+05
4.2301e+05
4.2302e+05
4.23e+05
4.2296e+05
4.229e+05
4.2283e+05
4.2273e+05
4.2262e+05
4.2248e+05
4.2233e+05
4.2216e+05
4.2197e+05
4.2176e+05
4.2153e+05
4.2128e+05
4.2101e+05
4.2073e+05
4.2042e+05
4.201e+05
4.1976e+05
4.1939e+05
4.1901e+05
4.1862e+05
4.182e+05
4.1776e+05
4.1731e+05
4.1683e+05
4.1634e+05
4.1583e+05
4.1531e+05
4.1476e+05
4.142e+05
4.1361e+05
4.1301e+05
4.1239e+05
4.1176e+05
4.111e+05
4.1043e+05
4.0974e+05
4.0904e+05
4.0831e+05
4.0757e+05
4.0681e+05
4.0603e+05
4.0524e+05
4.0443e+05
4.036e+05
4.0276e+05
4.0189e+05
4.0102e+05
4.0012e+05
3.9921e+05
3.9828e+05
3.9734e+05
3.9638e+05
3.954e+05
3.9441e+05
3.934e+05
3.9238e+05
3.9134e+05
3.9029e+05
3.8922e+05
3.8813e+05
3.8703e+05
3.8591e+05
3.8478e+05
3.8364e+05
3.8248e+05
3.813e+05
3.8011e+05
3.7891e+05
3.7769e+05
3.7646e+05
3.7521e+05
3.7395e+05
3.7268e+05
3.7139e+05
3.7009e+05
3.6877e+05
3.6745e+05
3.6611e+05
3.6475e+05
3.6339e+05
3.6201e+05
3.6062e+05
3.5921e+05
3.5779e+05
3.5637e+05
3.5493e+05
3.5347e+05
3.5201e+05
3.5053e+05
3.4905e+05
3.4755e+05
3.4604e+05
3.4452e+05
3.4299e+05
3.4145e+05
3.3989e+05
3.3833e+05
3.3676e+05
3.3518e+05
3.3358e+05
3.3198e+05
3.3037e+05
3.2875e+05
3.2711e+05
3.2547e+05
3.2382e+05
3.2216e+05
3.205e+05
3.1882e+05
3.1714e+05
3.1544e+05
3.1374e+05
3.1203e+05
3.1032e+05
3.0859e+05
3.0686e+05
3.0512e+05
3.0337e+05
3.0162e+05
2.9986e+05
2.9809e+05
2.9632e+05
2.9453e+05
2.9275e+05
2.9095e+05
2.8915e+05
2.8735e+05
2.8554e+05
2.8372e+05
2.819e+05
2.8007e+05
2.7824e+05
2.764e+05
2.7456e+05
2.7271e+05
2.7086e+05
2.6901e+05
2.6715e+05
2.6528e+05
2.6342e+05
2.6154e+05
2.5967e+05
2.5779e+05
2.5591e+05
2.5402e+05
2.5214e+05
2.5025e+05
2.4835e+05
2.4646e+05
2.4456e+05
2.4266e+05
2.4076e+05
2.3885e+05
2.3694e+05
2.3504e+05
2.3313e+05
2.3122e+05
2.293e+05
2.2739e+05
2.2548e+05
2.2356e+05
2.2165e+05
2.1973e+05
2.1781e+05
2.159e+05
2.1398e+05
2.1206e+05
2.1015e+05
2.0823e+05
2.0632e+05
2.044e+05
2.0249e+05
2.0057e+05
1.9866e+05
1.9675e+05
1.9484e+05
1.9293e+05
1.9102e+05
1.8912e+05
1.8721e+05
1.8531e+05
1.8341e+05
1.8152e+05
1.7962e+05
1.7773e+05
1.7584e+05
1.7395e+05
1.7207e+05
1.7019e+05
1.6831e+05
1.6643e+05
1.6456e+05
1.6269e+05
1.6083e+05
1.5897e+05
1.5711e+05
1.5526e+05
1.5341e+05
1.5156e+05
1.4972e+05
1.4789e+05
1.4605e+05
1.4423e+05
1.424e+05
1.4059e+05
1.3877e+05
1.3697e+05
1.3516e+05
1.3337e+05
1.3157e+05
1.2979e+05
1.2801e+05
1.2623e+05
1.2446e+05
1.227e+05
1.2094e+05
1.1919e+05
1.1744e+05
1.157e+05
1.1397e+05
1.1224e+05
1.1052e+05
1.0881e+05
1.071e+05
1.054e+05
1.0371e+05
1.0202e+05
1.0034e+05
98668
97003
95345
93695
92052
90416
88788
87168
85556
83951
82354
80765
79185
77612
76048
74491
72943
71404
69873
68350
66836
65331
63834
62346
60866
59396
57934
56482
55038
53604
52178
50762
49355
47957
46568
45189
43819
42459
41108
39766
38434
37112
35799
34495
33202
31918
30644
29379
28125
26880
25645
24420
23205
21999
20804
19619
18443
17278
16122
14977
13841
12716
11601
10496
9400.6
8315.6
7240.7
6176
5121.3
4076.8
3042.4
2018.1
1004
0
