1.7796e+05
1.8249e+05
1.8701e+05
1.915e+05
1.9598e+05
2.0042e+05
2.0483e+05
2.0919e+05
2.1351e+05
2.1778e+05
2.22e+05
2.2615e+05
2.3024e+05
2.3426e+05
2.3821e+05
2.4208e+05
2.4587e+05
2.4958e+05
2.5319e+05
2.5672e+05
2.6015e+05
2.6348e+05
2.6672e+05
2.6986e+05
2.7289e+05
2.7581e+05
2.7863e+05
2.8134e+05
2.8395e+05
2.8644e+05
2.8882e+05
2.9109e+05
2.9325e+05
2.953e+05
2.9724e+05
2.9906e+05
3.0078e+05
3.0239e+05
3.0389e+05
3.0528e+05
3.0657e+05
3.0776e+05
3.0885e+05
3.0984e+05
3.1073e+05
3.1152e+05
3.1223e+05
3.1285e+05
3.1338e+05
3.1383e+05
3.142e+05
3.1449e+05
3.1471e+05
3.1487e+05
3.1496e+05
3.1498e+05
3.1495e+05
3.1487e+05
3.1474e+05
3.1456e+05
3.1435e+05
3.1409e+05
3.1381e+05
3.1349e+05
3.1316e+05
3.128e+05
3.1243e+05
3.1205e+05
3.1166e+05
3.1127e+05
3.1088e+05
3.105e+05
3.1013e+05
3.0978e+05
3.0944e+05
3.0913e+05
3.0884e+05
3.0858e+05
3.0836e+05
3.0817e+05
3.0803e+05
3.0793e+05
3.0787e+05
3.0787e+05
3.0792e+05
3.0803e+05
3.0819e+05
3.0842e+05
3.0871e+05
3.0906e+05
3.0948e+05
3.0997e+05
3.1054e+05
3.1117e+05
3.1188e+05
3.1267e+05
3.1352e+05
3.1446e+05
3.1547e+05
3.1656e+05
3.1773e+05
3.1897e+05
3.203e+05
3.217e+05
3.2317e+05
3.2472e+05
3.2635e+05
3.2805e+05
3.2982e+05
3.3166e+05
3.3357e+05
3.3555e+05
3.376e+05
3.397e+05
3.4187e+05
3.441e+05
3.4639e+05
3.4873e+05
3.5111e+05
3.5355e+05
3.5603e+05
3.5856e+05
3.6112e+05
3.6372e+05
3.6635e+05
3.69e+05
3.7169e+05
3.7439e+05
3.7711e+05
3.7984e+05
3.8259e+05
3.8533e+05
3.8808e+05
3.9083e+05
3.9357e+05
3.963e+05
3.9902e+05
4.0172e+05
4.0439e+05
4.0704e+05
4.0966e+05
4.1224e+05
4.1478e+05
4.1729e+05
4.1974e+05
4.2215e+05
4.245e+05
4.2679e+05
4.2902e+05
4.3119e+05
4.3329e+05
4.3532e+05
4.3728e+05
4.3915e+05
4.4095e+05
4.4266e+05
4.4428e+05
4.4582e+05
4.4726e+05
4.4861e+05
4.4986e+05
4.5102e+05
4.5207e+05
4.5302e+05
4.5387e+05
4.546e+05
4.5524e+05
4.5576e+05
4.5617e+05
4.5647e+05
4.5666e+05
4.5673e+05
4.567e+05
4.5654e+05
4.5628e+05
4.559e+05
4.554e+05
4.5479e+05
4.5407e+05
4.5323e+05
4.5228e+05
4.5122e+05
4.5004e+05
4.4876e+05
4.4737e+05
4.4586e+05
4.4426e+05
4.4254e+05
4.4072e+05
4.388e+05
4.3679e+05
4.3467e+05
4.3246e+05
4.3015e+05
4.2775e+05
4.2526e+05
4.2269e+05
4.2003e+05
4.1729e+05
4.1446e+05
4.1157e+05
4.086e+05
4.0555e+05
4.0245e+05
3.9927e+05
3.9603e+05
3.9274e+05
3.8938e+05
3.8598e+05
3.8252e+05
3.7902e+05
3.7547e+05
3.7188e+05
3.6825e+05
3.6459e+05
3.6089e+05
3.5717e+05
3.5342e+05
3.4965e+05
3.4585e+05
3.4204e+05
3.3822e+05
3.3438e+05
3.3053e+05
3.2668e+05
3.2283e+05
3.1897e+05
3.1511e+05
3.1126e+05
3.0741e+05
3.0357e+05
2.9974e+05
2.9593e+05
2.9213e+05
2.8834e+05
2.8458e+05
2.8083e+05
2.7711e+05
2.7341e+05
2.6973e+05
2.6608e+05
2.6246e+05
2.5887e+05
2.553e+05
2.5177e+05
2.4827e+05
2.448e+05
2.4137e+05
2.3797e+05
2.346e+05
2.3127e+05
2.2797e+05
2.2471e+05
2.2149e+05
2.183e+05
2.1514e+05
2.1202e+05
2.0894e+05
2.0589e+05
2.0288e+05
1.999e+05
1.9696e+05
1.9405e+05
1.9117e+05
1.8833e+05
1.8551e+05
1.8273e+05
1.7998e+05
1.7726e+05
1.7456e+05
1.7189e+05
1.6925e+05
1.6663e+05
1.6404e+05
1.6147e+05
1.5892e+05
1.5639e+05
1.5388e+05
1.5139e+05
1.4892e+05
1.4646e+05
1.4402e+05
1.416e+05
1.3918e+05
1.3678e+05
1.3439e+05
1.3201e+05
1.2963e+05
1.2727e+05
1.2491e+05
1.2255e+05
1.202e+05
1.1786e+05
1.1552e+05
1.1318e+05
1.1084e+05
1.0851e+05
1.0618e+05
1.0384e+05
1.0151e+05
99176
96842
94508
92174
89839
87504
85168
82833
80498
78164
75832
73503
71176
68854
66536
64224
61920
59624
57338
55063
52801
50554
48322
46109
43917
41746
39599
37479
35388
33327
31301
29310
27359
25449
23583
21764
19995
18279
16619
15018
13479
12006
10601
9268.4
8010.6
6831.2
5733.5
4721.1
3797.1
2965
2228.3
1590.3
1054.5
624.11
302.68
93.527
0
25.419
173.07
446.22
848.06
1381.8
2050.5
2857.2
3805
4896.7
6135.3
7523.6
9064.1
10760
12613
14626
16801
19141
21647
24323
27169
30187
33380
36748
40293
44017
47920
52005
56270
60718
65349
70163
75160
80342
85707
91256
96988
1.029e+05
1.09e+05
1.1528e+05
1.2174e+05
1.2838e+05
1.3519e+05
1.4219e+05
1.4936e+05
1.567e+05
1.6421e+05
1.7189e+05
1.7974e+05
1.8775e+05
1.9593e+05
2.0427e+05
2.1276e+05
2.214e+05
2.302e+05
2.3914e+05
2.4822e+05
2.5745e+05
2.6681e+05
2.763e+05
2.8592e+05
2.9566e+05
3.0552e+05
3.155e+05
3.2559e+05
3.3578e+05
3.4607e+05
3.5646e+05
3.6694e+05
3.775e+05
3.8814e+05
3.9886e+05
4.0964e+05
4.2049e+05
4.314e+05
4.4235e+05
4.5336e+05
4.644e+05
4.7548e+05
4.8658e+05
4.9771e+05
5.0885e+05
5.2e+05
5.3115e+05
5.423e+05
5.5344e+05
5.6456e+05
5.7566e+05
5.8673e+05
5.9776e+05
6.0876e+05
6.197e+05
6.3059e+05
6.4142e+05
6.5217e+05
6.6286e+05
6.7346e+05
6.8398e+05
6.9441e+05
7.0473e+05
7.1495e+05
7.2505e+05
7.3504e+05
7.4491e+05
7.5464e+05
7.6424e+05
7.737e+05
7.83e+05
7.9216e+05
8.0116e+05
8.0999e+05
8.1865e+05
8.2714e+05
8.3545e+05
8.4358e+05
8.5151e+05
8.5925e+05
8.6679e+05
8.7413e+05
8.8126e+05
8.8818e+05
8.9488e+05
9.0136e+05
9.0762e+05
9.1365e+05
9.1945e+05
9.2501e+05
9.3034e+05
9.3543e+05
9.4028e+05
9.4488e+05
9.4923e+05
9.5333e+05
9.5718e+05
9.6077e+05
9.6411e+05
9.6719e+05
9.7001e+05
9.7257e+05
9.7487e+05
9.769e+05
9.7868e+05
9.8019e+05
9.8143e+05
9.8242e+05
9.8313e+05
9.8359e+05
9.8378e+05
9.837e+05
9.8337e+05
9.8277e+05
9.8192e+05
9.808e+05
9.7943e+05
9.778e+05
9.7591e+05
9.7378e+05
9.7139e+05
9.6876e+05
9.6588e+05
9.6276e+05
9.5939e+05
9.5579e+05
9.5196e+05
9.4789e+05
9.4359e+05
9.3907e+05
9.3433e+05
9.2937e+05
9.242e+05
9.1882e+05
9.1323e+05
9.0744e+05
9.0145e+05
8.9526e+05
8.8889e+05
8.8234e+05
8.756e+05
8.6869e+05
8.6161e+05
8.5437e+05
8.4696e+05
8.394e+05
8.3169e+05
8.2383e+05
8.1583e+05
8.077e+05
7.9944e+05
7.9105e+05
7.8254e+05
7.7393e+05
7.652e+05
7.5637e+05
7.4744e+05
7.3843e+05
7.2932e+05
7.2014e+05
7.1088e+05
7.0155e+05
6.9215e+05
6.827e+05
6.7319e+05
6.6364e+05
6.5404e+05
6.4441e+05
6.3474e+05
6.2505e+05
6.1533e+05
6.056e+05
5.9586e+05
5.8612e+05
5.7637e+05
5.6663e+05
5.5689e+05
5.4717e+05
5.3747e+05
5.2779e+05
5.1814e+05
5.0853e+05
4.9895e+05
4.8941e+05
4.7992e+05
4.7048e+05
4.6109e+05
4.5176e+05
4.425e+05
4.333e+05
4.2417e+05
4.1511e+05
4.0613e+05
3.9724e+05
3.8842e+05
3.797e+05
3.7106e+05
3.6252e+05
3.5407e+05
3.4572e+05
3.3747e+05
3.2933e+05
3.213e+05
3.1337e+05
3.0556e+05
2.9785e+05
2.9027e+05
2.828e+05
2.7545e+05
2.6822e+05
2.6111e+05
2.5413e+05
2.4727e+05
2.4054e+05
2.3393e+05
2.2746e+05
2.2111e+05
2.1489e+05
2.088e+05
2.0284e+05
1.9702e+05
1.9132e+05
1.8576e+05
1.8033e+05
1.7503e+05
1.6986e+05
1.6483e+05
1.5992e+05
1.5515e+05
1.5051e+05
1.46e+05
1.4161e+05
1.3736e+05
1.3323e+05
1.2923e+05
1.2535e+05
1.216e+05
1.1798e+05
1.1447e+05
1.1109e+05
1.0783e+05
1.0468e+05
1.0165e+05
98737
95937
93249
90671
88201
85837
83578
81422
79366
77409
75549
73783
72110
70527
69031
67622
66296
65052
63886
62798
61784
60842
59970
59166
58426
57750
57134
56576
56075
55626
55229
54881
54580
54323
54108
53933
53795
53693
53624
53587
53578
53596
53639
53705
53792
53897
54019
54157
54307
54469
54640
54819
55003
55193
55385
55578
55771
55962
56150
56334
56511
56681
56843
56994
57135
57264
57381
57483
57570
57641
57695
57732
57751
57751
57731
57691
57630
57548
57444
57318
57169
56998
56803
56585
56343
56078
55788
55475
55138
54777
54392
53983
53551
53095
52616
52114
51590
51042
50473
49882
49270
48637
47983
47310
46617
45905
