1.6788e+05
1.7269e+05
1.7752e+05
1.8237e+05
1.8722e+05
1.9208e+05
1.9693e+05
2.0176e+05
2.0658e+05
2.1138e+05
2.1615e+05
2.2088e+05
2.2558e+05
2.3022e+05
2.3482e+05
2.3936e+05
2.4384e+05
2.4825e+05
2.5259e+05
2.5685e+05
2.6104e+05
2.6514e+05
2.6915e+05
2.7307e+05
2.769e+05
2.8062e+05
2.8424e+05
2.8776e+05
2.9117e+05
2.9447e+05
2.9766e+05
3.0073e+05
3.0369e+05
3.0653e+05
3.0924e+05
3.1184e+05
3.1432e+05
3.1667e+05
3.1891e+05
3.2102e+05
3.23e+05
3.2487e+05
3.2661e+05
3.2823e+05
3.2974e+05
3.3112e+05
3.3239e+05
3.3354e+05
3.3457e+05
3.355e+05
3.3631e+05
3.3702e+05
3.3762e+05
3.3812e+05
3.3852e+05
3.3883e+05
3.3904e+05
3.3916e+05
3.392e+05
3.3915e+05
3.3903e+05
3.3883e+05
3.3856e+05
3.3822e+05
3.3782e+05
3.3736e+05
3.3684e+05
3.3628e+05
3.3567e+05
3.3502e+05
3.3433e+05
3.3361e+05
3.3286e+05
3.3209e+05
3.3129e+05
3.3049e+05
3.2967e+05
3.2885e+05
3.2802e+05
3.272e+05
3.2638e+05
3.2558e+05
3.2479e+05
3.2402e+05
3.2327e+05
3.2255e+05
3.2185e+05
3.2119e+05
3.2057e+05
3.1999e+05
3.1945e+05
3.1896e+05
3.1852e+05
3.1813e+05
3.1779e+05
3.1751e+05
3.1729e+05
3.1713e+05
3.1703e+05
3.17e+05
3.1704e+05
3.1714e+05
3.1731e+05
3.1755e+05
3.1786e+05
3.1824e+05
3.187e+05
3.1923e+05
3.1983e+05
3.205e+05
3.2124e+05
3.2205e+05
3.2294e+05
3.2389e+05
3.2491e+05
3.2601e+05
3.2716e+05
3.2839e+05
3.2967e+05
3.3102e+05
3.3243e+05
3.3389e+05
3.3541e+05
3.3699e+05
3.3861e+05
3.4028e+05
3.42e+05
3.4376e+05
3.4556e+05
3.4739e+05
3.4926e+05
3.5116e+05
3.5308e+05
3.5503e+05
3.57e+05
3.5899e+05
3.6099e+05
3.63e+05
3.6501e+05
3.6703e+05
3.6904e+05
3.7105e+05
3.7306e+05
3.7504e+05
3.7702e+05
3.7897e+05
3.809e+05
3.8281e+05
3.8468e+05
3.8652e+05
3.8832e+05
3.9008e+05
3.9179e+05
3.9346e+05
3.9508e+05
3.9665e+05
3.9815e+05
3.996e+05
4.0098e+05
4.023e+05
4.0355e+05
4.0473e+05
4.0584e+05
4.0687e+05
4.0783e+05
4.087e+05
4.0949e+05
4.102e+05
4.1083e+05
4.1136e+05
4.1181e+05
4.1217e+05
4.1244e+05
4.1262e+05
4.127e+05
4.127e+05
4.1259e+05
4.124e+05
4.1211e+05
4.1172e+05
4.1124e+05
4.1067e+05
4.1e+05
4.0924e+05
4.0838e+05
4.0743e+05
4.0639e+05
4.0526e+05
4.0404e+05
4.0273e+05
4.0133e+05
3.9985e+05
3.9828e+05
3.9663e+05
3.949e+05
3.9309e+05
3.912e+05
3.8923e+05
3.872e+05
3.8509e+05
3.8291e+05
3.8066e+05
3.7836e+05
3.7599e+05
3.7356e+05
3.7107e+05
3.6853e+05
3.6594e+05
3.633e+05
3.6061e+05
3.5788e+05
3.5511e+05
3.523e+05
3.4946e+05
3.4658e+05
3.4367e+05
3.4074e+05
3.3778e+05
3.348e+05
3.318e+05
3.2879e+05
3.2576e+05
3.2273e+05
3.1968e+05
3.1663e+05
3.1357e+05
3.1051e+05
3.0746e+05
3.0441e+05
3.0136e+05
2.9832e+05
2.9529e+05
2.9228e+05
2.8928e+05
2.8629e+05
2.8332e+05
2.8037e+05
2.7744e+05
2.7453e+05
2.7165e+05
2.6879e+05
2.6596e+05
2.6315e+05
2.6037e+05
2.5762e+05
2.549e+05
2.5221e+05
2.4955e+05
2.4692e+05
2.4433e+05
2.4176e+05
2.3923e+05
2.3673e+05
2.3426e+05
2.3182e+05
2.2942e+05
2.2704e+05
2.247e+05
2.2239e+05
2.201e+05
2.1785e+05
2.1563e+05
2.1343e+05
2.1126e+05
2.0911e+05
2.0699e+05
2.0489e+05
2.0282e+05
2.0077e+05
1.9873e+05
1.9672e+05
1.9472e+05
1.9274e+05
1.9077e+05
1.8882e+05
1.8687e+05
1.8494e+05
1.8301e+05
1.8109e+05
1.7918e+05
1.7727e+05
1.7536e+05
1.7345e+05
1.7154e+05
1.6963e+05
1.6771e+05
1.6579e+05
1.6386e+05
1.6192e+05
1.5997e+05
1.5801e+05
1.5604e+05
1.5405e+05
1.5205e+05
1.5003e+05
1.4799e+05
1.4593e+05
1.4386e+05
1.4176e+05
1.3964e+05
1.375e+05
1.3534e+05
1.3315e+05
1.3094e+05
1.287e+05
1.2645e+05
1.2416e+05
1.2185e+05
1.1952e+05
1.1716e+05
1.1478e+05
1.1237e+05
1.0995e+05
1.0749e+05
1.0502e+05
1.0252e+05
1.0001e+05
97474
94921
92351
89766
87168
84557
81935
79306
76669
74028
71386
68743
66102
63467
60840
58223
55620
53032
50464
47919
45399
42908
40450
38027
35643
33303
31008
28764
26574
24442
22371
20366
18430
16568
14783
13079
11461
9931.9
8496.3
7158.1
5921.3
4790
3768.1
2859.6
2068.4
1398.4
853.45
437.42
154.04
7.02
0
136.56
420.22
854.39
1442.4
2187.6
3093.1
4162
5397.2
6801.6
8378
10129
12057
14165
16454
18928
21587
24434
27471
30699
34119
37733
41542
45547
49748
54147
58743
63538
68531
73721
79110
84697
90480
96460
1.0263e+05
1.09e+05
1.1557e+05
1.2232e+05
1.2926e+05
1.364e+05
1.4371e+05
1.5122e+05
1.589e+05
1.6676e+05
1.748e+05
1.8302e+05
1.914e+05
1.9995e+05
2.0867e+05
2.1755e+05
2.2658e+05
2.3577e+05
2.451e+05
2.5459e+05
2.6421e+05
2.7397e+05
2.8386e+05
2.9387e+05
3.0401e+05
3.1427e+05
3.2464e+05
3.3511e+05
3.4569e+05
3.5636e+05
3.6713e+05
3.7798e+05
3.889e+05
3.999e+05
4.1097e+05
4.221e+05
4.3328e+05
4.4451e+05
4.5579e+05
4.671e+05
4.7844e+05
4.898e+05
5.0118e+05
5.1256e+05
5.2395e+05
5.3534e+05
5.4672e+05
5.5808e+05
5.6942e+05
5.8072e+05
5.9199e+05
6.0322e+05
6.1439e+05
6.2551e+05
6.3656e+05
6.4754e+05
6.5845e+05
6.6927e+05
6.8e+05
6.9063e+05
7.0116e+05
7.1158e+05
7.2188e+05
7.3206e+05
7.4211e+05
7.5203e+05
7.618e+05
7.7143e+05
7.8091e+05
7.9022e+05
7.9938e+05
8.0836e+05
8.1717e+05
8.2579e+05
8.3424e+05
8.4249e+05
8.5054e+05
8.584e+05
8.6605e+05
8.7349e+05
8.8072e+05
8.8773e+05
8.9451e+05
9.0107e+05
9.0741e+05
9.135e+05
9.1937e+05
9.2499e+05
9.3037e+05
9.355e+05
9.4038e+05
9.4502e+05
9.494e+05
9.5352e+05
9.5739e+05
9.61e+05
9.6434e+05
9.6743e+05
9.7025e+05
9.728e+05
9.7509e+05
9.7711e+05
9.7887e+05
9.8035e+05
9.8157e+05
9.8253e+05
9.8321e+05
9.8363e+05
9.8378e+05
9.8366e+05
9.8328e+05
9.8264e+05
9.8173e+05
9.8056e+05
9.7913e+05
9.7744e+05
9.755e+05
9.733e+05
9.7085e+05
9.6815e+05
9.652e+05
9.6201e+05
9.5858e+05
9.5491e+05
9.51e+05
9.4686e+05
9.425e+05
9.379e+05
9.3309e+05
9.2806e+05
9.2281e+05
9.1735e+05
9.1169e+05
9.0582e+05
8.9976e+05
8.9351e+05
8.8706e+05
8.8043e+05
8.7363e+05
8.6664e+05
8.5949e+05
8.5218e+05
8.447e+05
8.3707e+05
8.2929e+05
8.2137e+05
8.133e+05
8.0511e+05
7.9678e+05
7.8833e+05
7.7976e+05
7.7108e+05
7.623e+05
7.5341e+05
7.4442e+05
7.3535e+05
7.2619e+05
7.1695e+05
7.0763e+05
6.9825e+05
6.888e+05
6.793e+05
6.6974e+05
6.6014e+05
6.5049e+05
6.4081e+05
6.311e+05
6.2136e+05
6.116e+05
6.0183e+05
5.9205e+05
5.8226e+05
5.7247e+05
5.6268e+05
5.5291e+05
5.4315e+05
5.3341e+05
5.237e+05
5.1401e+05
5.0436e+05
4.9474e+05
4.8517e+05
4.7564e+05
4.6617e+05
4.5675e+05
4.4738e+05
4.3809e+05
4.2885e+05
4.1969e+05
4.106e+05
4.0159e+05
3.9266e+05
3.8382e+05
3.7506e+05
3.664e+05
3.5782e+05
3.4935e+05
3.4097e+05
3.327e+05
3.2453e+05
3.1647e+05
3.0851e+05
3.0067e+05
2.9295e+05
2.8533e+05
2.7784e+05
2.7047e+05
2.6321e+05
2.5608e+05
2.4908e+05
2.422e+05
2.3544e+05
2.2882e+05
2.2232e+05
2.1595e+05
2.0972e+05
2.0361e+05
1.9764e+05
1.918e+05
1.8609e+05
1.8051e+05
1.7506e+05
1.6975e+05
1.6457e+05
1.5953e+05
1.5462e+05
1.4983e+05
1.4518e+05
1.4066e+05
1.3628e+05
1.3202e+05
1.2789e+05
1.2389e+05
1.2001e+05
1.1626e+05
1.1264e+05
1.0914e+05
1.0576e+05
1.025e+05
99363
96344
93442
90654
87980
85417
82965
80620
78382
76248
74217
72286
70453
68717
67075
65525
64065
62693
61407
60204
59082
58039
57072
56180
55360
54609
53926
53308
52753
52258
51822
51441
51115
50839
50613
50433
50298
50206
50154
50140
50161
50217
50304
50421
50565
50735
50929
51144
51379
51632
51901
52184
52479
52786
53101
53424
53752
54085
54420
54757
55094
55429
55761
56089
56412
56728
57036
57335
57625
57904
58170
58424
58664
58890
59100
59295
59472
59633
59775
59899
60004
60090
60155
60201
60226
60230
60212
60174
60114
60032
59929
59804
59657
59488
59298
59086
58852
58597
58321
58024
57706
57368
