7.1974e+05
7.2517e+05
7.3058e+05
7.3599e+05
7.4139e+05
7.4679e+05
7.5218e+05
7.5756e+05
7.6295e+05
7.6833e+05
7.7371e+05
7.7909e+05
7.8447e+05
7.8984e+05
7.952e+05
8.0056e+05
8.0591e+05
8.1124e+05
8.1656e+05
8.2185e+05
8.2713e+05
8.3238e+05
8.376e+05
8.4278e+05
8.4793e+05
8.5304e+05
8.581e+05
8.6311e+05
8.6806e+05
8.7295e+05
8.7778e+05
8.8254e+05
8.8723e+05
8.9184e+05
8.9637e+05
9.0081e+05
9.0516e+05
9.0941e+05
9.1357e+05
9.1762e+05
9.2157e+05
9.2541e+05
9.2913e+05
9.3275e+05
9.3624e+05
9.3962e+05
9.4287e+05
9.46e+05
9.49e+05
9.5188e+05
9.5462e+05
9.5724e+05
9.5973e+05
9.6209e+05
9.6433e+05
9.6643e+05
9.684e+05
9.7025e+05
9.7196e+05
9.7355e+05
9.7502e+05
9.7637e+05
9.7759e+05
9.787e+05
9.7968e+05
9.8056e+05
9.8132e+05
9.8197e+05
9.8252e+05
9.8297e+05
9.8331e+05
9.8356e+05
9.8371e+05
9.8378e+05
9.8375e+05
9.8365e+05
9.8346e+05
9.832e+05
9.8286e+05
9.8245e+05
9.8198e+05
9.8144e+05
9.8084e+05
9.8019e+05
9.7948e+05
9.7872e+05
9.7791e+05
9.7706e+05
9.7616e+05
9.7523e+05
9.7426e+05
9.7325e+05
9.7222e+05
9.7115e+05
9.7005e+05
9.6893e+05
9.6778e+05
9.6661e+05
9.6542e+05
9.6421e+05
9.6298e+05
9.6173e+05
9.6046e+05
9.5918e+05
9.5787e+05
9.5656e+05
9.5522e+05
9.5388e+05
9.5251e+05
9.5113e+05
9.4974e+05
9.4832e+05
9.4689e+05
9.4544e+05
9.4398e+05
9.4249e+05
9.4099e+05
9.3946e+05
9.3791e+05
9.3634e+05
9.3474e+05
9.3311e+05
9.3146e+05
9.2978e+05
9.2807e+05
9.2633e+05
9.2456e+05
9.2275e+05
9.2091e+05
9.1902e+05
9.171e+05
9.1514e+05
9.1314e+05
9.1109e+05
9.09e+05
9.0687e+05
9.0468e+05
9.0245e+05
9.0017e+05
8.9783e+05
8.9545e+05
8.9301e+05
8.9052e+05
8.8797e+05
8.8537e+05
8.8271e+05
8.7999e+05
8.7722e+05
8.7438e+05
8.7149e+05
8.6854e+05
8.6554e+05
8.6247e+05
8.5934e+05
8.5616e+05
8.5292e+05
8.4961e+05
8.4626e+05
8.4284e+05
8.3937e+05
8.3584e+05
8.3226e+05
8.2862e+05
8.2493e+05
8.2119e+05
8.174e+05
8.1356e+05
8.0967e+05
8.0574e+05
8.0176e+05
7.9774e+05
7.9368e+05
7.8958e+05
7.8545e+05
7.8128e+05
7.7708e+05
7.7285e+05
7.6859e+05
7.643e+05
7.6e+05
7.5567e+05
7.5132e+05
7.4696e+05
7.4259e+05
7.382e+05
7.3381e+05
7.2941e+05
7.2501e+05
7.2061e+05
7.1622e+05
7.1183e+05
7.0745e+05
7.0308e+05
6.9873e+05
6.9439e+05
6.9007e+05
6.8578e+05
6.8151e+05
6.7727e+05
6.7305e+05
6.6888e+05
6.6473e+05
6.6063e+05
6.5657e+05
6.5255e+05
6.4857e+05
6.4465e+05
6.4077e+05
6.3694e+05
6.3318e+05
6.2946e+05
6.2581e+05
6.2222e+05
6.1868e+05
6.1522e+05
6.1182e+05
6.0848e+05
6.0522e+05
6.0203e+05
5.9891e+05
5.9586e+05
5.9289e+05
5.8999e+05
5.8717e+05
5.8443e+05
5.8177e+05
5.7918e+05
5.7668e+05
5.7426e+05
5.7192e+05
5.6966e+05
5.6749e+05
5.6539e+05
5.6339e+05
5.6146e+05
5.5962e+05
5.5786e+05
5.5618e+05
5.5459e+05
5.5308e+05
5.5165e+05
5.5031e+05
5.4904e+05
5.4786e+05
5.4676e+05
5.4573e+05
5.4479e+05
5.4392e+05
5.4314e+05
5.4242e+05
5.4179e+05
5.4122e+05
5.4073e+05
5.4032e+05
5.3997e+05
5.3969e+05
5.3948e+05
5.3934e+05
5.3926e+05
5.3925e+05
5.393e+05
5.3941e+05
5.3958e+05
5.398e+05
5.4009e+05
5.4042e+05
5.4081e+05
5.4125e+05
5.4174e+05
5.4227e+05
5.4285e+05
5.4348e+05
5.4414e+05
5.4485e+05
5.4559e+05
5.4637e+05
5.4718e+05
5.4803e+05
5.489e+05
5.4981e+05
5.5074e+05
5.517e+05
5.5268e+05
5.5368e+05
5.547e+05
5.5574e+05
5.5679e+05
5.5786e+05
5.5895e+05
5.6004e+05
5.6115e+05
5.6226e+05
5.6338e+05
5.645e+05
5.6563e+05
5.6676e+05
5.6789e+05
5.6903e+05
5.7016e+05
5.7129e+05
5.7242e+05
5.7354e+05
5.7466e+05
5.7577e+05
5.7688e+05
5.7798e+05
5.7907e+05
5.8016e+05
5.8123e+05
5.823e+05
5.8336e+05
5.8441e+05
5.8545e+05
5.8649e+05
5.8751e+05
5.8853e+05
5.8953e+05
5.9053e+05
5.9152e+05
5.9251e+05
5.9349e+05
5.9446e+05
5.9543e+05
5.9639e+05
5.9735e+05
5.9831e+05
5.9926e+05
6.0021e+05
6.0117e+05
6.0213e+05
6.0309e+05
6.0405e+05
6.0502e+05
6.06e+05
6.0698e+05
6.0797e+05
6.0898e+05
6.0999e+05
6.1102e+05
6.1207e+05
6.1313e+05
6.1421e+05
6.1531e+05
6.1643e+05
6.1757e+05
6.1873e+05
6.1992e+05
6.2114e+05
6.2238e+05
6.2365e+05
6.2495e+05
6.2628e+05
6.2764e+05
6.2904e+05
6.3047e+05
6.3193e+05
6.3342e+05
6.3496e+05
6.3652e+05
6.3813e+05
6.3977e+05
6.4145e+05
6.4316e+05
6.4492e+05
6.4671e+05
6.4853e+05
6.504e+05
6.523e+05
6.5424e+05
6.5621e+05
6.5822e+05
6.6026e+05
6.6234e+05
6.6444e+05
6.6658e+05
6.6875e+05
6.7095e+05
6.7318e+05
6.7543e+05
6.7771e+05
6.8001e+05
6.8233e+05
6.8467e+05
6.8703e+05
6.894e+05
6.9179e+05
6.9418e+05
6.9659e+05
6.99e+05
7.0142e+05
7.0384e+05
7.0626e+05
7.0867e+05
7.1109e+05
7.1349e+05
7.1588e+05
7.1826e+05
7.2063e+05
7.2297e+05
7.253e+05
7.276e+05
7.2988e+05
7.3212e+05
7.3434e+05
7.3653e+05
7.3868e+05
7.4079e+05
7.4286e+05
7.4488e+05
7.4687e+05
7.488e+05
7.5069e+05
7.5252e+05
7.543e+05
7.5603e+05
7.577e+05
7.593e+05
7.6085e+05
7.6234e+05
7.6376e+05
7.6512e+05
7.6641e+05
7.6763e+05
7.6878e+05
7.6986e+05
7.7088e+05
7.7182e+05
7.7268e+05
7.7348e+05
7.742e+05
7.7484e+05
7.7542e+05
7.7591e+05
7.7633e+05
7.7668e+05
7.7695e+05
7.7715e+05
7.7727e+05
7.7732e+05
7.773e+05
7.772e+05
7.7702e+05
7.7678e+05
7.7647e+05
7.7608e+05
7.7562e+05
7.751e+05
7.7451e+05
7.7385e+05
7.7313e+05
7.7234e+05
7.7149e+05
7.7057e+05
7.696e+05
7.6857e+05
7.6748e+05
7.6633e+05
7.6513e+05
7.6387e+05
7.6256e+05
7.6121e+05
7.598e+05
7.5835e+05
7.5685e+05
7.553e+05
7.5372e+05
7.5209e+05
7.5042e+05
7.4871e+05
7.4697e+05
7.4519e+05
7.4338e+05
7.4154e+05
7.3966e+05
7.3776e+05
7.3583e+05
7.3387e+05
7.3188e+05
7.2987e+05
7.2784e+05
7.2579e+05
7.2372e+05
7.2162e+05
7.1951e+05
7.1738e+05
7.1523e+05
7.1307e+05
7.109e+05
7.0871e+05
7.0651e+05
7.0429e+05
7.0207e+05
6.9983e+05
6.9759e+05
6.9533e+05
6.9307e+05
6.9079e+05
6.8851e+05
6.8623e+05
6.8393e+05
6.8163e+05
6.7933e+05
6.7701e+05
6.7469e+05
6.7237e+05
6.7004e+05
6.6771e+05
6.6537e+05
6.6302e+05
6.6067e+05
6.5832e+05
6.5596e+05
6.5359e+05
6.5122e+05
6.4885e+05
6.4647e+05
6.4408e+05
6.4169e+05
6.3929e+05
6.3689e+05
6.3448e+05
6.3206e+05
6.2964e+05
6.2721e+05
6.2477e+05
6.2232e+05
6.1987e+05
6.174e+05
6.1493e+05
6.1245e+05
6.0996e+05
6.0746e+05
6.0495e+05
6.0243e+05
5.999e+05
5.9735e+05
5.948e+05
5.9223e+05
5.8965e+05
5.8706e+05
5.8445e+05
5.8184e+05
5.792e+05
5.7656e+05
5.739e+05
5.7122e+05
5.6853e+05
5.6582e+05
5.631e+05
5.6036e+05
5.5761e+05
5.5484e+05
5.5205e+05
5.4924e+05
5.4642e+05
5.4358e+05
5.4072e+05
5.3785e+05
5.3495e+05
5.3204e+05
5.2911e+05
5.2617e+05
5.232e+05
5.2021e+05
5.1721e+05
5.1419e+05
5.1115e+05
5.0809e+05
5.0501e+05
5.0192e+05
4.988e+05
4.9567e+05
4.9252e+05
4.8935e+05
4.8616e+05
4.8296e+05
4.7974e+05
4.765e+05
4.7324e+05
4.6997e+05
4.6668e+05
4.6337e+05
4.6005e+05
4.5671e+05
4.5336e+05
4.4999e+05
4.4661e+05
4.4322e+05
4.3981e+05
4.3639e+05
4.3295e+05
4.2951e+05
4.2605e+05
4.2258e+05
4.191e+05
4.1561e+05
4.1212e+05
4.0861e+05
4.0509e+05
4.0157e+05
3.9804e+05
3.9451e+05
3.9096e+05
3.8742e+05
3.8387e+05
3.8031e+05
3.7675e+05
3.7319e+05
3.6963e+05
3.6606e+05
3.625e+05
3.5893e+05
3.5537e+05
3.5181e+05
3.4825e+05
3.4469e+05
3.4113e+05
3.3758e+05
3.3403e+05
3.3049e+05
3.2695e+05
3.2342e+05
3.199e+05
3.1638e+05
3.1288e+05
3.0938e+05
3.0588e+05
3.024e+05
2.9893e+05
2.9547e+05
2.9202e+05
2.8858e+05
2.8515e+05
2.8173e+05
2.7833e+05
2.7494e+05
2.7156e+05
2.682e+05
2.6485e+05
2.6151e+05
2.5819e+05
2.5488e+05
2.5159e+05
2.4831e+05
2.4505e+05
2.4181e+05
2.3857e+05
2.3536e+05
2.3216e+05
2.2897e+05
2.2581e+05
2.2266e+05
2.1952e+05
2.164e+05
2.133e+05
2.1021e+05
2.0714e+05
2.0408e+05
2.0105e+05
1.9802e+05
1.9502e+05
1.9203e+05
1.8905e+05
1.8609e+05
1.8315e+05
1.8022e+05
1.7731e+05
1.7442e+05
1.7153e+05
1.6867e+05
1.6582e+05
1.6298e+05
1.6016e+05
1.5736e+05
1.5457e+05
1.5179e+05
1.4903e+05
1.4628e+05
1.4354e+05
1.4082e+05
1.3812e+05
1.3543e+05
1.3275e+05
1.3008e+05
1.2743e+05
1.248e+05
1.2217e+05
1.1956e+05
1.1696e+05
1.1438e+05
1.1181e+05
1.0925e+05
1.0671e+05
1.0418e+05
1.0166e+05
99157
96666
94189
91725
89275
86838
84414
82005
79609
77226
74858
72504
70164
67838
65527
63230
60948
58680
56428
54191
51969
49762
47571
45395
43236
41092
38964
36853
34758
32680
30619
28574
26546
24536
22542
20566
18608
16667
14743
12838
10950
9079.9
7227.8
5393.8
3577.8
1779.8
0
