89520
93376
97314
1.0133e+05
1.0542e+05
1.0958e+05
1.138e+05
1.1807e+05
1.224e+05
1.2677e+05
1.3119e+05
1.3564e+05
1.4011e+05
1.4461e+05
1.4913e+05
1.5366e+05
1.582e+05
1.6273e+05
1.6727e+05
1.7178e+05
1.7629e+05
1.8077e+05
1.8522e+05
1.8964e+05
1.9402e+05
1.9836e+05
2.0265e+05
2.0688e+05
2.1106e+05
2.1517e+05
2.1922e+05
2.2319e+05
2.2709e+05
2.309e+05
2.3464e+05
2.3828e+05
2.4184e+05
2.453e+05
2.4866e+05
2.5193e+05
2.5509e+05
2.5814e+05
2.6109e+05
2.6393e+05
2.6666e+05
2.6928e+05
2.7178e+05
2.7417e+05
2.7644e+05
2.786e+05
2.8064e+05
2.8256e+05
2.8437e+05
2.8606e+05
2.8763e+05
2.8909e+05
2.9044e+05
2.9167e+05
2.9279e+05
2.9379e+05
2.9469e+05
2.9548e+05
2.9617e+05
2.9675e+05
2.9724e+05
2.9762e+05
2.9791e+05
2.981e+05
2.982e+05
2.9822e+05
2.9815e+05
2.98e+05
2.9777e+05
2.9747e+05
2.9709e+05
2.9665e+05
2.9614e+05
2.9557e+05
2.9494e+05
2.9426e+05
2.9352e+05
2.9274e+05
2.9192e+05
2.9105e+05
2.9015e+05
2.8922e+05
2.8825e+05
2.8726e+05
2.8625e+05
2.8522e+05
2.8417e+05
2.8311e+05
2.8204e+05
2.8097e+05
2.7988e+05
2.788e+05
2.7772e+05
2.7665e+05
2.7558e+05
2.7453e+05
2.7348e+05
2.7245e+05
2.7144e+05
2.7044e+05
2.6947e+05
2.6852e+05
2.6759e+05
2.6669e+05
2.6581e+05
2.6497e+05
2.6415e+05
2.6336e+05
2.6261e+05
2.6188e+05
2.6119e+05
2.6054e+05
2.5991e+05
2.5933e+05
2.5877e+05
2.5825e+05
2.5777e+05
2.5732e+05
2.569e+05
2.5652e+05
2.5617e+05
2.5585e+05
2.5557e+05
2.5531e+05
2.5509e+05
2.549e+05
2.5474e+05
2.546e+05
2.5449e+05
2.5441e+05
2.5435e+05
2.5432e+05
2.5431e+05
2.5432e+05
2.5435e+05
2.544e+05
2.5446e+05
2.5454e+05
2.5464e+05
2.5474e+05
2.5486e+05
2.5499e+05
2.5513e+05
2.5527e+05
2.5542e+05
2.5557e+05
2.5572e+05
2.5588e+05
2.5604e+05
2.5619e+05
2.5634e+05
2.5648e+05
2.5662e+05
2.5676e+05
2.5688e+05
2.5699e+05
2.5709e+05
2.5718e+05
2.5726e+05
2.5732e+05
2.5736e+05
2.5739e+05
2.5739e+05
2.5738e+05
2.5735e+05
2.573e+05
2.5722e+05
2.5712e+05
2.57e+05
2.5685e+05
2.5667e+05
2.5647e+05
2.5624e+05
2.5598e+05
2.5569e+05
2.5538e+05
2.5503e+05
2.5465e+05
2.5423e+05
2.5379e+05
2.5331e+05
2.528e+05
2.5225e+05
2.5167e+05
2.5105e+05
2.504e+05
2.4971e+05
2.4898e+05
2.4822e+05
2.4741e+05
2.4657e+05
2.4569e+05
2.4477e+05
2.4381e+05
2.4281e+05
2.4177e+05
2.4069e+05
2.3957e+05
2.3841e+05
2.372e+05
2.3596e+05
2.3467e+05
2.3334e+05
2.3196e+05
2.3055e+05
2.2909e+05
2.2758e+05
2.2604e+05
2.2445e+05
2.2282e+05
2.2114e+05
2.1942e+05
2.1766e+05
2.1586e+05
2.1401e+05
2.1212e+05
2.1019e+05
2.0822e+05
2.062e+05
2.0414e+05
2.0205e+05
1.9991e+05
1.9773e+05
1.9551e+05
1.9326e+05
1.9096e+05
1.8863e+05
1.8627e+05
1.8387e+05
1.8143e+05
1.7896e+05
1.7646e+05
1.7393e+05
1.7137e+05
1.6878e+05
1.6616e+05
1.6352e+05
1.6085e+05
1.5816e+05
1.5546e+05
1.5273e+05
1.4998e+05
1.4722e+05
1.4444e+05
1.4166e+05
1.3886e+05
1.3606e+05
1.3325e+05
1.3043e+05
1.2762e+05
1.248e+05
1.2199e+05
1.1919e+05
1.1639e+05
1.136e+05
1.1082e+05
1.0806e+05
1.0532e+05
1.0259e+05
99885
97205
94550
91925
89330
86768
84241
81753
79303
76896
74532
72214
69944
67724
65555
63439
61378
59372
57425
55536
53708
51940
50235
48593
47015
45501
44052
42669
41351
40099
38912
37791
36735
35743
34816
33952
33150
32410
31731
31110
30547
30041
29588
29189
28840
28540
28286
28077
27910
27783
27693
27637
27613
27618
27649
27704
27779
27872
27980
28099
28227
28360
28496
28631
28764
28890
29007
29112
29203
29276
29330
29361
29368
29348
29299
29219
29106
28959
28775
28554
28295
27996
27656
27276
26854
26391
25886
25340
24753
24127
23461
22757
22018
21243
20436
19598
18732
17841
16928
15995
15047
14087
13118
12146
11174
10208
9251.3
8309.8
7388.7
6493.5
5629.9
4803.6
4020.8
3287.6
2610.4
1995.8
1450.3
980.65
593.82
296.73
96.417
0
14.648
147.57
406.01
797.21
1328.4
2006.9
2839.7
3834.1
4997.2
6335.9
7857.1
9567.6
11474
13583
15901
18434
21187
24168
27380
30830
34523
38463
42655
47104
51812
56783
62022
67530
73311
79366
85697
92306
99193
1.0636e+05
1.1381e+05
1.2153e+05
1.2954e+05
1.3782e+05
1.4638e+05
1.5521e+05
1.6431e+05
1.7369e+05
1.8333e+05
1.9323e+05
2.0339e+05
2.138e+05
2.2446e+05
2.3536e+05
2.465e+05
2.5788e+05
2.6947e+05
2.8129e+05
2.9331e+05
3.0553e+05
3.1795e+05
3.3055e+05
3.4333e+05
3.5627e+05
3.6936e+05
3.8261e+05
3.9599e+05
4.0949e+05
4.2311e+05
4.3683e+05
4.5063e+05
4.6452e+05
4.7847e+05
4.9248e+05
5.0653e+05
5.206e+05
5.3469e+05
5.4879e+05
5.6287e+05
5.7693e+05
5.9095e+05
6.0492e+05
6.1882e+05
6.3265e+05
6.4639e+05
6.6001e+05
6.7352e+05
6.869e+05
7.0013e+05
7.132e+05
7.261e+05
7.3881e+05
7.5132e+05
7.6362e+05
7.757e+05
7.8754e+05
7.9913e+05
8.1046e+05
8.2151e+05
8.3229e+05
8.4276e+05
8.5293e+05
8.6278e+05
8.7231e+05
8.815e+05
8.9034e+05
8.9882e+05
9.0695e+05
9.147e+05
9.2207e+05
9.2905e+05
9.3563e+05
9.4182e+05
9.476e+05
9.5296e+05
9.5791e+05
9.6244e+05
9.6653e+05
9.702e+05
9.7344e+05
9.7623e+05
9.7859e+05
9.8051e+05
9.8199e+05
9.8303e+05
9.8362e+05
9.8378e+05
9.8349e+05
9.8276e+05
9.816e+05
9.8e+05
9.7797e+05
9.7551e+05
9.7262e+05
9.6931e+05
9.6559e+05
9.6146e+05
9.5692e+05
9.5198e+05
9.4665e+05
9.4093e+05
9.3484e+05
9.2837e+05
9.2154e+05
9.1435e+05
9.0682e+05
8.9895e+05
8.9076e+05
8.8224e+05
8.7342e+05
8.6429e+05
8.5488e+05
8.452e+05
8.3524e+05
8.2503e+05
8.1458e+05
8.0389e+05
7.9298e+05
7.8187e+05
7.7055e+05
7.5905e+05
7.4737e+05
7.3554e+05
7.2355e+05
7.1142e+05
6.9917e+05
6.868e+05
6.7434e+05
6.6178e+05
6.4914e+05
6.3644e+05
6.2369e+05
6.1089e+05
5.9806e+05
5.8522e+05
5.7236e+05
5.5951e+05
5.4667e+05
5.3386e+05
5.2108e+05
5.0834e+05
4.9567e+05
4.8306e+05
4.7052e+05
4.5807e+05
4.4572e+05
4.3347e+05
4.2133e+05
4.093e+05
3.9741e+05
3.8566e+05
3.7404e+05
3.6258e+05
3.5128e+05
3.4014e+05
3.2917e+05
3.1838e+05
3.0777e+05
2.9734e+05
2.8711e+05
2.7707e+05
2.6724e+05
2.5761e+05
2.4818e+05
2.3897e+05
2.2998e+05
2.212e+05
2.1264e+05
2.043e+05
1.9618e+05
1.8829e+05
1.8063e+05
1.7319e+05
1.6597e+05
1.5898e+05
1.5222e+05
1.4569e+05
1.3938e+05
1.333e+05
1.2744e+05
1.218e+05
1.1638e+05
1.1118e+05
1.0619e+05
1.0142e+05
96864
92513
88367
84423
80679
77130
73772
70603
67618
64813
62184
59726
57436
55308
53339
51523
49857
48334
46952
45703
44585
43591
42718
41960
41312
40769
40328
39982
39726
39558
39470
39460
39522
39652
39845
40096
40403
40759
41162
41606
42089
42606
43153
43727
44324
44941
45574
46220
46876
47539
48206
48874
49540
50203
50859
51506
52141
52764
53372
53962
54534
55086
55615
56121
56603
57059
57488
57888
58260
58603
58915
59196
59446
59664
59850
60003
60124
60212
60267
60290
60280
60238
60164
60057
59920
59751
59553
59324
59065
58778
58463
58120
57751
57355
56935
56490
56022
55531
55018
54484
53931
53358
52767
52160
51536
50896
50243
49576
48897
48206
47504
46794
46074
45347
44613
43873
43128
42379
41626
40872
40115
39357
38600
37843
37087
36334
35583
34836
34093
33354
32621
31894
31174
30460
29754
29056
28366
27686
