9.8378e+05
9.8017e+05
9.765e+05
9.7275e+05
9.6894e+05
9.6507e+05
9.6113e+05
9.5713e+05
9.5307e+05
9.4895e+05
9.4477e+05
9.4053e+05
9.3624e+05
9.3188e+05
9.2748e+05
9.2302e+05
9.1851e+05
9.1395e+05
9.0934e+05
9.0468e+05
8.9998e+05
8.9523e+05
8.9043e+05
8.8559e+05
8.8071e+05
8.7579e+05
8.7082e+05
8.6582e+05
8.6078e+05
8.5571e+05
8.506e+05
8.4545e+05
8.4027e+05
8.3507e+05
8.2982e+05
8.2456e+05
8.1926e+05
8.1393e+05
8.0858e+05
8.032e+05
7.978e+05
7.9238e+05
7.8694e+05
7.8147e+05
7.7599e+05
7.7049e+05
7.6497e+05
7.5943e+05
7.5388e+05
7.4832e+05
7.4274e+05
7.3715e+05
7.3155e+05
7.2594e+05
7.2032e+05
7.1469e+05
7.0906e+05
7.0342e+05
6.9778e+05
6.9213e+05
6.8648e+05
6.8083e+05
6.7517e+05
6.6952e+05
6.6387e+05
6.5822e+05
6.5257e+05
6.4693e+05
6.4129e+05
6.3566e+05
6.3003e+05
6.2441e+05
6.188e+05
6.132e+05
6.0761e+05
6.0203e+05
5.9646e+05
5.909e+05
5.8536e+05
5.7983e+05
5.7432e+05
5.6882e+05
5.6334e+05
5.5788e+05
5.5243e+05
5.4701e+05
5.416e+05
5.3621e+05
5.3084e+05
5.255e+05
5.2018e+05
5.1488e+05
5.096e+05
5.0435e+05
4.9913e+05
4.9393e+05
4.8875e+05
4.8361e+05
4.7849e+05
4.734e+05
4.6834e+05
4.633e+05
4.583e+05
4.5333e+05
4.4839e+05
4.4348e+05
4.386e+05
4.3376e+05
4.2895e+05
4.2417e+05
4.1943e+05
4.1472e+05
4.1004e+05
4.0541e+05
4.008e+05
3.9624e+05
3.9171e+05
3.8722e+05
3.8277e+05
3.7835e+05
3.7397e+05
3.6964e+05
3.6534e+05
3.6108e+05
3.5686e+05
3.5268e+05
3.4854e+05
3.4445e+05
3.4039e+05
3.3638e+05
3.3241e+05
3.2848e+05
3.2459e+05
3.2074e+05
3.1694e+05
3.1319e+05
3.0947e+05
3.058e+05
3.0217e+05
2.9859e+05
2.9505e+05
2.9156e+05
2.8811e+05
2.847e+05
2.8134e+05
2.7803e+05
2.7476e+05
2.7153e+05
2.6835e+05
2.6522e+05
2.6213e+05
2.5909e+05
2.561e+05
2.5315e+05
2.5025e+05
2.4739e+05
2.4458e+05
2.4181e+05
2.391e+05
2.3643e+05
2.338e+05
2.3122e+05
2.2869e+05
2.262e+05
2.2376e+05
2.2137e+05
2.1902e+05
2.1672e+05
2.1447e+05
2.1226e+05
2.101e+05
2.0798e+05
2.0591e+05
2.0389e+05
2.0191e+05
1.9998e+05
1.981e+05
1.9626e+05
1.9446e+05
1.9271e+05
1.9101e+05
1.8935e+05
1.8774e+05
1.8617e+05
1.8464e+05
1.8316e+05
1.8173e+05
1.8034e+05
1.7899e+05
1.7769e+05
1.7643e+05
1.7521e+05
1.7404e+05
1.7291e+05
1.7183e+05
1.7078e+05
1.6978e+05
1.6882e+05
1.6791e+05
1.6703e+05
1.662e+05
1.6541e+05
1.6466e+05
1.6395e+05
1.6328e+05
1.6265e+05
1.6206e+05
1.6151e+05
1.61e+05
1.6053e+05
1.601e+05
1.5971e+05
1.5935e+05
1.5904e+05
1.5876e+05
1.5852e+05
1.5832e+05
1.5815e+05
1.5802e+05
1.5792e+05
1.5787e+05
1.5784e+05
1.5786e+05
1.579e+05
1.5799e+05
1.581e+05
1.5825e+05
1.5844e+05
1.5865e+05
1.589e+05
1.5919e+05
1.595e+05
1.5985e+05
1.6023e+05
1.6063e+05
1.6107e+05
1.6154e+05
1.6204e+05
1.6257e+05
1.6313e+05
1.6372e+05
1.6433e+05
1.6498e+05
1.6565e+05
1.6635e+05
1.6708e+05
1.6783e+05
1.6861e+05
1.6941e+05
1.7024e+05
1.711e+05
1.7198e+05
1.7288e+05
1.7381e+05
1.7476e+05
1.7573e+05
1.7673e+05
1.7775e+05
1.7879e+05
1.7985e+05
1.8093e+05
1.8204e+05
1.8316e+05
1.843e+05
1.8547e+05
1.8665e+05
1.8785e+05
1.8907e+05
1.903e+05
1.9156e+05
1.9283e+05
1.9412e+05
1.9542e+05
1.9674e+05
1.9808e+05
1.9943e+05
2.0079e+05
2.0217e+05
2.0356e+05
2.0497e+05
2.0639e+05
2.0782e+05
2.0926e+05
2.1072e+05
2.1219e+05
2.1367e+05
2.1515e+05
2.1665e+05
2.1816e+05
2.1968e+05
2.2121e+05
2.2275e+05
2.2429e+05
2.2584e+05
2.274e+05
2.2897e+05
2.3055e+05
2.3213e+05
2.3371e+05
2.3531e+05
2.369e+05
2.3851e+05
2.4011e+05
2.4172e+05
2.4334e+05
2.4496e+05
2.4658e+05
2.4821e+05
2.4983e+05
2.5146e+05
2.5309e+05
2.5473e+05
2.5636e+05
2.5799e+05
2.5963e+05
2.6126e+05
2.629e+05
2.6453e+05
2.6616e+05
2.6779e+05
2.6942e+05
2.7105e+05
2.7267e+05
2.743e+05
2.7592e+05
2.7753e+05
2.7915e+05
2.8075e+05
2.8236e+05
2.8396e+05
2.8555e+05
2.8714e+05
2.8873e+05
2.9031e+05
2.9188e+05
2.9345e+05
2.9501e+05
2.9656e+05
2.9811e+05
2.9965e+05
3.0118e+05
3.027e+05
3.0422e+05
3.0573e+05
3.0722e+05
3.0871e+05
3.1019e+05
3.1167e+05
3.1313e+05
3.1458e+05
3.1602e+05
3.1745e+05
3.1887e+05
3.2028e+05
3.2168e+05
3.2306e+05
3.2444e+05
3.258e+05
3.2716e+05
3.285e+05
3.2982e+05
3.3114e+05
3.3244e+05
3.3373e+05
3.35e+05
3.3627e+05
3.3752e+05
3.3875e+05
3.3997e+05
3.4118e+05
3.4237e+05
3.4355e+05
3.4472e+05
3.4587e+05
3.47e+05
3.4812e+05
3.4922e+05
3.5031e+05
3.5139e+05
3.5244e+05
3.5349e+05
3.5451e+05
3.5552e+05
3.5652e+05
3.5749e+05
3.5846e+05
3.594e+05
3.6033e+05
3.6124e+05
3.6214e+05
3.6301e+05
3.6387e+05
3.6472e+05
3.6554e+05
3.6635e+05
3.6714e+05
3.6792e+05
3.6867e+05
3.6941e+05
3.7013e+05
3.7084e+05
3.7152e+05
3.7219e+05
3.7284e+05
3.7347e+05
3.7408e+05
3.7468e+05
3.7525e+05
3.7581e+05
3.7635e+05
3.7687e+05
3.7737e+05
3.7786e+05
3.7832e+05
3.7877e+05
3.792e+05
3.7961e+05
3.8e+05
3.8037e+05
3.8073e+05
3.8106e+05
3.8138e+05
3.8168e+05
3.8195e+05
3.8221e+05
3.8246e+05
3.8268e+05
3.8288e+05
3.8307e+05
3.8324e+05
3.8338e+05
3.8351e+05
3.8362e+05
3.8372e+05
3.8379e+05
3.8384e+05
3.8388e+05
3.839e+05
3.839e+05
3.8388e+05
3.8384e+05
3.8378e+05
3.8371e+05
3.8361e+05
3.835e+05
3.8337e+05
3.8323e+05
3.8306e+05
3.8288e+05
3.8267e+05
3.8245e+05
3.8222e+05
3.8196e+05
3.8169e+05
3.8139e+05
3.8109e+05
3.8076e+05
3.8041e+05
3.8005e+05
3.7967e+05
3.7928e+05
3.7886e+05
3.7843e+05
3.7798e+05
3.7752e+05
3.7704e+05
3.7654e+05
3.7602e+05
3.7549e+05
3.7494e+05
3.7438e+05
3.7379e+05
3.732e+05
3.7258e+05
3.7195e+05
3.713e+05
3.7064e+05
3.6996e+05
3.6927e+05
3.6856e+05
3.6783e+05
3.6709e+05
3.6634e+05
3.6557e+05
3.6478e+05
3.6398e+05
3.6316e+05
3.6233e+05
3.6148e+05
3.6062e+05
3.5975e+05
3.5886e+05
3.5796e+05
3.5704e+05
3.5611e+05
3.5516e+05
3.542e+05
3.5323e+05
3.5224e+05
3.5125e+05
3.5023e+05
3.4921e+05
3.4817e+05
3.4712e+05
3.4605e+05
3.4497e+05
3.4388e+05
3.4278e+05
3.4167e+05
3.4054e+05
3.394e+05
3.3825e+05
3.3709e+05
3.3591e+05
3.3473e+05
3.3353e+05
3.3232e+05
3.311e+05
3.2987e+05
3.2863e+05
3.2738e+05
3.2612e+05
3.2485e+05
3.2356e+05
3.2227e+05
3.2097e+05
3.1965e+05
3.1833e+05
3.17e+05
3.1565e+05
3.143e+05
3.1294e+05
3.1157e+05
3.1019e+05
3.088e+05
3.074e+05
3.06e+05
3.0459e+05
3.0316e+05
3.0173e+05
3.0029e+05
2.9885e+05
2.9739e+05
2.9593e+05
2.9446e+05
2.9298e+05
2.915e+05
2.9e+05
2.8851e+05
2.87e+05
2.8549e+05
2.8397e+05
2.8244e+05
2.8091e+05
2.7937e+05
2.7783e+05
2.7628e+05
2.7472e+05
2.7316e+05
2.7159e+05
2.7002e+05
2.6844e+05
2.6685e+05
2.6527e+05
2.6367e+05
2.6207e+05
2.6047e+05
2.5886e+05
2.5725e+05
2.5563e+05
2.5401e+05
2.5239e+05
2.5076e+05
2.4912e+05
2.4749e+05
2.4585e+05
2.442e+05
2.4256e+05
2.409e+05
2.3925e+05
2.3759e+05
2.3594e+05
2.3427e+05
2.3261e+05
2.3094e+05
2.2927e+05
2.276e+05
2.2592e+05
2.2425e+05
2.2257e+05
2.2089e+05
2.1921e+05
2.1752e+05
2.1584e+05
2.1415e+05
2.1247e+05
2.1078e+05
2.0909e+05
2.074e+05
2.0571e+05
2.0401e+05
2.0232e+05
2.0063e+05
1.9893e+05
1.9724e+05
1.9555e+05
1.9385e+05
1.9216e+05
1.9046e+05
1.8877e+05
1.8708e+05
1.8538e+05
1.8369e+05
1.82e+05
1.8031e+05
1.7862e+05
1.7693e+05
1.7524e+05
1.7356e+05
1.7187e+05
1.7019e+05
1.685e+05
1.6682e+05
1.6514e+05
1.6347e+05
1.6179e+05
1.6012e+05
1.5844e+05
1.5677e+05
1.5511e+05
1.5344e+05
1.5178e+05
1.5012e+05
1.4846e+05
1.4681e+05
1.4515e+05
1.435e+05
1.4186e+05
1.4021e+05
1.3857e+05
1.3694e+05
1.353e+05
1.3367e+05
1.3204e+05
1.3042e+05
1.288e+05
1.2718e+05
1.2557e+05
1.2396e+05
1.2236e+05
1.2076e+05
1.1916e+05
1.1757e+05
1.1598e+05
1.1439e+05
1.1281e+05
1.1124e+05
1.0967e+05
1.081e+05
1.0654e+05
1.0498e+05
1.0343e+05
1.0189e+05
1.0034e+05
98807
97275
95749
94227
92711
91200
89695
88195
86701
85212
83729
82252
80780
79315
77855
76402
74954
73513
72077
70648
69226
67809
66399
64996
63598
62208
60824
59447
58076
56712
55355
54005
52662
51325
49996
48674
47358
46050
44749
43456
42169
40890
39618
38354
37097
35847
34605
33371
32144
30925
29713
28509
27313
26124
24944
23771
22606
21448
20299
19158
18024
16899
15782
14672
13571
12478
11393
10316
9247.3
8186.7
7134.4
6090.4
5054.6
4027
3007.8
1996.9
994.25
0
