6.497e+05
6.5596e+05
6.6216e+05
6.683e+05
6.7441e+05
6.8047e+05
6.8648e+05
6.9246e+05
6.9841e+05
7.0432e+05
7.1019e+05
7.1604e+05
7.2186e+05
7.2764e+05
7.334e+05
7.3914e+05
7.4484e+05
7.5052e+05
7.5618e+05
7.618e+05
7.674e+05
7.7297e+05
7.7851e+05
7.8402e+05
7.8949e+05
7.9494e+05
8.0034e+05
8.0571e+05
8.1105e+05
8.1634e+05
8.2158e+05
8.2679e+05
8.3194e+05
8.3704e+05
8.4209e+05
8.4709e+05
8.5203e+05
8.569e+05
8.6172e+05
8.6647e+05
8.7115e+05
8.7576e+05
8.803e+05
8.8476e+05
8.8915e+05
8.9345e+05
8.9768e+05
9.0182e+05
9.0587e+05
9.0984e+05
9.1371e+05
9.1749e+05
9.2118e+05
9.2477e+05
9.2827e+05
9.3167e+05
9.3496e+05
9.3816e+05
9.4125e+05
9.4424e+05
9.4713e+05
9.499e+05
9.5258e+05
9.5514e+05
9.576e+05
9.5995e+05
9.6218e+05
9.6431e+05
9.6633e+05
9.6824e+05
9.7004e+05
9.7173e+05
9.733e+05
9.7477e+05
9.7612e+05
9.7737e+05
9.785e+05
9.7952e+05
9.8043e+05
9.8124e+05
9.8193e+05
9.8251e+05
9.8298e+05
9.8334e+05
9.8359e+05
9.8374e+05
9.8378e+05
9.8371e+05
9.8353e+05
9.8324e+05
9.8285e+05
9.8236e+05
9.8175e+05
9.8105e+05
9.8024e+05
9.7933e+05
9.7831e+05
9.7719e+05
9.7597e+05
9.7465e+05
9.7323e+05
9.7171e+05
9.701e+05
9.6838e+05
9.6657e+05
9.6466e+05
9.6266e+05
9.6056e+05
9.5837e+05
9.5609e+05
9.5372e+05
9.5125e+05
9.487e+05
9.4606e+05
9.4333e+05
9.4051e+05
9.3761e+05
9.3463e+05
9.3156e+05
9.2841e+05
9.2519e+05
9.2188e+05
9.185e+05
9.1504e+05
9.115e+05
9.079e+05
9.0422e+05
9.0047e+05
8.9665e+05
8.9276e+05
8.8881e+05
8.848e+05
8.8072e+05
8.7658e+05
8.7238e+05
8.6812e+05
8.6381e+05
8.5944e+05
8.5502e+05
8.5054e+05
8.4602e+05
8.4145e+05
8.3683e+05
8.3217e+05
8.2747e+05
8.2272e+05
8.1794e+05
8.1311e+05
8.0826e+05
8.0336e+05
7.9844e+05
7.9348e+05
7.885e+05
7.8349e+05
7.7845e+05
7.7339e+05
7.6831e+05
7.6321e+05
7.5809e+05
7.5295e+05
7.478e+05
7.4264e+05
7.3747e+05
7.3228e+05
7.2709e+05
7.219e+05
7.167e+05
7.115e+05
7.0629e+05
7.0109e+05
6.9589e+05
6.907e+05
6.8552e+05
6.8034e+05
6.7517e+05
6.7002e+05
6.6488e+05
6.5975e+05
6.5464e+05
6.4956e+05
6.4449e+05
6.3944e+05
6.3442e+05
6.2943e+05
6.2446e+05
6.1952e+05
6.1461e+05
6.0974e+05
6.049e+05
6.001e+05
5.9533e+05
5.906e+05
5.8592e+05
5.8127e+05
5.7667e+05
5.7211e+05
5.6761e+05
5.6315e+05
5.5873e+05
5.5437e+05
5.5007e+05
5.4581e+05
5.4161e+05
5.3747e+05
5.3339e+05
5.2936e+05
5.2539e+05
5.2149e+05
5.1764e+05
5.1386e+05
5.1014e+05
5.0649e+05
5.029e+05
4.9938e+05
4.9593e+05
4.9255e+05
4.8923e+05
4.8599e+05
4.8282e+05
4.7971e+05
4.7668e+05
4.7372e+05
4.7084e+05
4.6802e+05
4.6528e+05
4.6262e+05
4.6003e+05
4.5751e+05
4.5507e+05
4.527e+05
4.5041e+05
4.482e+05
4.4606e+05
4.4399e+05
4.42e+05
4.4009e+05
4.3825e+05
4.3649e+05
4.3481e+05
4.332e+05
4.3166e+05
4.302e+05
4.2882e+05
4.2751e+05
4.2628e+05
4.2512e+05
4.2404e+05
4.2302e+05
4.2209e+05
4.2123e+05
4.2044e+05
4.1972e+05
4.1908e+05
4.1851e+05
4.1801e+05
4.1758e+05
4.1722e+05
4.1693e+05
4.1672e+05
4.1657e+05
4.165e+05
4.1649e+05
4.1655e+05
4.1668e+05
4.1687e+05
4.1714e+05
4.1747e+05
4.1786e+05
4.1832e+05
4.1884e+05
4.1943e+05
4.2008e+05
4.208e+05
4.2157e+05
4.2241e+05
4.233e+05
4.2426e+05
4.2527e+05
4.2634e+05
4.2747e+05
4.2865e+05
4.2989e+05
4.3118e+05
4.3253e+05
4.3393e+05
4.3538e+05
4.3688e+05
4.3842e+05
4.4002e+05
4.4166e+05
4.4335e+05
4.4508e+05
4.4685e+05
4.4867e+05
4.5053e+05
4.5243e+05
4.5436e+05
4.5633e+05
4.5834e+05
4.6038e+05
4.6245e+05
4.6456e+05
4.6669e+05
4.6886e+05
4.7105e+05
4.7327e+05
4.7551e+05
4.7778e+05
4.8007e+05
4.8237e+05
4.847e+05
4.8705e+05
4.8941e+05
4.9179e+05
4.9419e+05
4.9659e+05
4.9901e+05
5.0144e+05
5.0388e+05
5.0633e+05
5.0878e+05
5.1124e+05
5.1371e+05
5.1618e+05
5.1866e+05
5.2114e+05
5.2362e+05
5.261e+05
5.2859e+05
5.3107e+05
5.3355e+05
5.3603e+05
5.3851e+05
5.4099e+05
5.4347e+05
5.4594e+05
5.4841e+05
5.5087e+05
5.5333e+05
5.5579e+05
5.5825e+05
5.6069e+05
5.6314e+05
5.6558e+05
5.6802e+05
5.7045e+05
5.7288e+05
5.753e+05
5.7772e+05
5.8013e+05
5.8254e+05
5.8495e+05
5.8736e+05
5.8976e+05
5.9216e+05
5.9455e+05
5.9695e+05
5.9934e+05
6.0172e+05
6.0411e+05
6.0649e+05
6.0887e+05
6.1125e+05
6.1363e+05
6.1601e+05
6.1838e+05
6.2076e+05
6.2313e+05
6.255e+05
6.2786e+05
6.3023e+05
6.3259e+05
6.3495e+05
6.3731e+05
6.3966e+05
6.4201e+05
6.4436e+05
6.467e+05
6.4903e+05
6.5136e+05
6.5368e+05
6.5599e+05
6.583e+05
6.6059e+05
6.6288e+05
6.6515e+05
6.6741e+05
6.6966e+05
6.719e+05
6.7411e+05
6.7631e+05
6.785e+05
6.8066e+05
6.828e+05
6.8492e+05
6.8702e+05
6.8909e+05
6.9113e+05
6.9315e+05
6.9513e+05
6.9709e+05
6.9901e+05
7.009e+05
7.0276e+05
7.0457e+05
7.0635e+05
7.0809e+05
7.0979e+05
7.1144e+05
7.1305e+05
7.1462e+05
7.1614e+05
7.1761e+05
7.1903e+05
7.204e+05
7.2172e+05
7.2299e+05
7.2421e+05
7.2536e+05
7.2647e+05
7.2752e+05
7.2851e+05
7.2944e+05
7.3032e+05
7.3113e+05
7.3189e+05
7.3259e+05
7.3323e+05
7.3381e+05
7.3432e+05
7.3478e+05
7.3518e+05
7.3552e+05
7.358e+05
7.3601e+05
7.3617e+05
7.3627e+05
7.3631e+05
7.363e+05
7.3622e+05
7.361e+05
7.3591e+05
7.3567e+05
7.3538e+05
7.3503e+05
7.3463e+05
7.3418e+05
7.3368e+05
7.3314e+05
7.3254e+05
7.319e+05
7.3121e+05
7.3048e+05
7.2971e+05
7.289e+05
7.2805e+05
7.2716e+05
7.2623e+05
7.2527e+05
7.2428e+05
7.2325e+05
7.2219e+05
7.211e+05
7.1998e+05
7.1884e+05
7.1767e+05
7.1648e+05
7.1526e+05
7.1402e+05
7.1276e+05
7.1148e+05
7.1019e+05
7.0887e+05
7.0754e+05
7.062e+05
7.0484e+05
7.0346e+05
7.0208e+05
7.0068e+05
6.9927e+05
6.9786e+05
6.9643e+05
6.9499e+05
6.9355e+05
6.921e+05
6.9064e+05
6.8917e+05
6.8769e+05
6.8621e+05
6.8473e+05
6.8323e+05
6.8173e+05
6.8023e+05
6.7871e+05
6.772e+05
6.7567e+05
6.7414e+05
6.726e+05
6.7106e+05
6.6951e+05
6.6795e+05
6.6638e+05
6.6481e+05
6.6323e+05
6.6163e+05
6.6003e+05
6.5842e+05
6.568e+05
6.5517e+05
6.5353e+05
6.5188e+05
6.5022e+05
6.4854e+05
6.4685e+05
6.4515e+05
6.4343e+05
6.417e+05
6.3995e+05
6.3819e+05
6.3641e+05
6.3462e+05
6.3281e+05
6.3098e+05
6.2914e+05
6.2728e+05
6.254e+05
6.235e+05
6.2158e+05
6.1965e+05
6.1769e+05
6.1572e+05
6.1372e+05
6.1171e+05
6.0968e+05
6.0762e+05
6.0555e+05
6.0345e+05
6.0134e+05
5.992e+05
5.9705e+05
5.9487e+05
5.9267e+05
5.9045e+05
5.8822e+05
5.8596e+05
5.8368e+05
5.8138e+05
5.7906e+05
5.7672e+05
5.7437e+05
5.7199e+05
5.6959e+05
5.6717e+05
5.6474e+05
5.6229e+05
5.5981e+05
5.5732e+05
5.5481e+05
5.5229e+05
5.4974e+05
5.4718e+05
5.446e+05
5.4201e+05
5.3939e+05
5.3676e+05
5.3412e+05
5.3146e+05
5.2878e+05
5.2608e+05
5.2337e+05
5.2065e+05
5.1791e+05
5.1515e+05
5.1238e+05
5.0959e+05
5.0679e+05
5.0398e+05
5.0114e+05
4.983e+05
4.9544e+05
4.9256e+05
4.8968e+05
4.8677e+05
4.8386e+05
4.8092e+05
4.7798e+05
4.7502e+05
4.7204e+05
4.6906e+05
4.6606e+05
4.6304e+05
4.6001e+05
4.5697e+05
4.5391e+05
4.5084e+05
4.4775e+05
4.4465e+05
4.4154e+05
4.3841e+05
4.3527e+05
4.3212e+05
4.2895e+05
4.2577e+05
4.2258e+05
4.1937e+05
4.1615e+05
4.1292e+05
4.0968e+05
4.0642e+05
4.0315e+05
3.9987e+05
3.9658e+05
3.9327e+05
3.8996e+05
3.8663e+05
3.833e+05
3.7995e+05
3.7659e+05
3.7323e+05
3.6985e+05
3.6647e+05
3.6307e+05
3.5967e+05
3.5626e+05
3.5285e+05
3.4943e+05
3.46e+05
3.4257e+05
3.3913e+05
3.3568e+05
3.3224e+05
3.2879e+05
3.2533e+05
3.2188e+05
3.1842e+05
3.1496e+05
3.115e+05
3.0804e+05
3.0458e+05
3.0113e+05
2.9767e+05
2.9422e+05
2.9077e+05
2.8732e+05
2.8387e+05
2.8043e+05
2.77e+05
2.7357e+05
2.7015e+05
2.6673e+05
2.6332e+05
2.5992e+05
2.5653e+05
2.5314e+05
2.4976e+05
2.464e+05
2.4304e+05
2.3969e+05
2.3635e+05
2.3303e+05
2.2971e+05
2.264e+05
2.2311e+05
2.1983e+05
2.1656e+05
2.133e+05
2.1005e+05
2.0682e+05
2.036e+05
2.0039e+05
1.972e+05
1.9402e+05
1.9085e+05
1.8769e+05
1.8455e+05
1.8142e+05
1.783e+05
1.7519e+05
1.721e+05
1.6902e+05
1.6596e+05
1.629e+05
1.5986e+05
1.5683e+05
1.5382e+05
1.5081e+05
1.4782e+05
1.4484e+05
1.4187e+05
1.3892e+05
1.3597e+05
1.3304e+05
1.3011e+05
1.272e+05
1.243e+05
1.2141e+05
1.1853e+05
1.1566e+05
1.128e+05
1.0995e+05
1.0711e+05
1.0429e+05
1.0147e+05
98660
95861
93073
90294
87525
84765
82016
79276
76546
73827
71117
68417
65727
63048
60379
57720
55073
52436
49810
47196
44593
42002
39423
36856
34301
31759
29230
26715
24213
21724
19250
16790
14345
11915
9500.3
7101.1
4717.8
2350.7
0
