1.7117e+05
1.758e+05
1.8042e+05
1.8503e+05
1.8962e+05
1.9418e+05
1.987e+05
2.0319e+05
2.0764e+05
2.1204e+05
2.1639e+05
2.2068e+05
2.2491e+05
2.2907e+05
2.3316e+05
2.3717e+05
2.4111e+05
2.4496e+05
2.4873e+05
2.5241e+05
2.56e+05
2.5949e+05
2.6288e+05
2.6618e+05
2.6937e+05
2.7245e+05
2.7543e+05
2.7831e+05
2.8107e+05
2.8372e+05
2.8627e+05
2.887e+05
2.9102e+05
2.9323e+05
2.9533e+05
2.9732e+05
2.992e+05
3.0097e+05
3.0263e+05
3.0418e+05
3.0563e+05
3.0697e+05
3.0821e+05
3.0935e+05
3.1039e+05
3.1134e+05
3.1219e+05
3.1296e+05
3.1363e+05
3.1423e+05
3.1474e+05
3.1517e+05
3.1553e+05
3.1582e+05
3.1604e+05
3.1619e+05
3.1629e+05
3.1633e+05
3.1632e+05
3.1626e+05
3.1616e+05
3.1602e+05
3.1584e+05
3.1564e+05
3.154e+05
3.1515e+05
3.1487e+05
3.1458e+05
3.1428e+05
3.1398e+05
3.1367e+05
3.1337e+05
3.1307e+05
3.1278e+05
3.1251e+05
3.1226e+05
3.1202e+05
3.1182e+05
3.1164e+05
3.1149e+05
3.1138e+05
3.1131e+05
3.1128e+05
3.113e+05
3.1136e+05
3.1147e+05
3.1164e+05
3.1186e+05
3.1213e+05
3.1247e+05
3.1287e+05
3.1332e+05
3.1385e+05
3.1443e+05
3.1509e+05
3.1581e+05
3.166e+05
3.1745e+05
3.1838e+05
3.1937e+05
3.2043e+05
3.2156e+05
3.2276e+05
3.2403e+05
3.2536e+05
3.2676e+05
3.2823e+05
3.2976e+05
3.3135e+05
3.33e+05
3.3471e+05
3.3647e+05
3.383e+05
3.4017e+05
3.4209e+05
3.4407e+05
3.4608e+05
3.4814e+05
3.5024e+05
3.5238e+05
3.5455e+05
3.5675e+05
3.5897e+05
3.6122e+05
3.6349e+05
3.6578e+05
3.6808e+05
3.7039e+05
3.727e+05
3.7502e+05
3.7733e+05
3.7964e+05
3.8194e+05
3.8422e+05
3.8649e+05
3.8874e+05
3.9096e+05
3.9315e+05
3.9531e+05
3.9744e+05
3.9952e+05
4.0156e+05
4.0355e+05
4.0549e+05
4.0738e+05
4.092e+05
4.1097e+05
4.1267e+05
4.1431e+05
4.1587e+05
4.1736e+05
4.1877e+05
4.201e+05
4.2135e+05
4.2251e+05
4.2359e+05
4.2458e+05
4.2547e+05
4.2628e+05
4.2698e+05
4.2759e+05
4.281e+05
4.2851e+05
4.2882e+05
4.2903e+05
4.2913e+05
4.2913e+05
4.2902e+05
4.2881e+05
4.2849e+05
4.2807e+05
4.2754e+05
4.269e+05
4.2615e+05
4.2531e+05
4.2435e+05
4.2329e+05
4.2213e+05
4.2087e+05
4.195e+05
4.1804e+05
4.1647e+05
4.1481e+05
4.1306e+05
4.1121e+05
4.0926e+05
4.0723e+05
4.0511e+05
4.0291e+05
4.0062e+05
3.9825e+05
3.958e+05
3.9328e+05
3.9068e+05
3.8801e+05
3.8528e+05
3.8248e+05
3.7962e+05
3.767e+05
3.7373e+05
3.707e+05
3.6762e+05
3.645e+05
3.6133e+05
3.5812e+05
3.5488e+05
3.516e+05
3.4829e+05
3.4496e+05
3.4159e+05
3.3821e+05
3.3481e+05
3.314e+05
3.2797e+05
3.2453e+05
3.2109e+05
3.1765e+05
3.142e+05
3.1076e+05
3.0732e+05
3.0389e+05
3.0047e+05
2.9706e+05
2.9367e+05
2.9029e+05
2.8694e+05
2.8361e+05
2.803e+05
2.7702e+05
2.7376e+05
2.7054e+05
2.6734e+05
2.6418e+05
2.6106e+05
2.5797e+05
2.5491e+05
2.519e+05
2.4892e+05
2.4598e+05
2.4309e+05
2.4023e+05
2.3742e+05
2.3465e+05
2.3192e+05
2.2924e+05
2.266e+05
2.24e+05
2.2144e+05
2.1893e+05
2.1646e+05
2.1403e+05
2.1164e+05
2.0929e+05
2.0699e+05
2.0472e+05
2.0249e+05
2.0029e+05
1.9814e+05
1.9602e+05
1.9393e+05
1.9187e+05
1.8985e+05
1.8785e+05
1.8589e+05
1.8395e+05
1.8203e+05
1.8014e+05
1.7827e+05
1.7642e+05
1.7459e+05
1.7277e+05
1.7097e+05
1.6918e+05
1.674e+05
1.6564e+05
1.6387e+05
1.6212e+05
1.6037e+05
1.5862e+05
1.5687e+05
1.5511e+05
1.5336e+05
1.516e+05
1.4983e+05
1.4805e+05
1.4627e+05
1.4447e+05
1.4265e+05
1.4083e+05
1.3899e+05
1.3712e+05
1.3525e+05
1.3335e+05
1.3143e+05
1.2949e+05
1.2752e+05
1.2554e+05
1.2353e+05
1.2149e+05
1.1943e+05
1.1734e+05
1.1523e+05
1.1309e+05
1.1093e+05
1.0874e+05
1.0653e+05
1.0429e+05
1.0202e+05
99729
97416
95079
92720
90340
87941
85523
83088
80638
78174
75697
73211
70717
68217
65713
63208
60705
58205
55713
53230
50759
48304
45868
43454
41065
38705
36377
34086
31833
29624
27462
25351
23295
21298
19363
17496
15699
13978
12335
10776
9305.2
7925.8
6642.4
5459.2
4380.3
3409.9
2552.2
1811.3
1191.2
696.12
329.91
96.568
0
44.038
232.45
568.93
1057.1
1700.5
2502.6
3466.6
4596
5893.7
7362.9
9006.5
10827
12828
15011
17378
19933
22677
25612
28741
32063
35583
39299
43215
47330
51646
56163
60883
65804
70928
76254
81782
87512
93444
99576
1.0591e+05
1.1244e+05
1.1916e+05
1.2609e+05
1.332e+05
1.4051e+05
1.4801e+05
1.5569e+05
1.6356e+05
1.7162e+05
1.7985e+05
1.8826e+05
1.9684e+05
2.056e+05
2.1452e+05
2.236e+05
2.3284e+05
2.4224e+05
2.5179e+05
2.6149e+05
2.7132e+05
2.813e+05
2.9141e+05
3.0164e+05
3.12e+05
3.2247e+05
3.3306e+05
3.4375e+05
3.5455e+05
3.6543e+05
3.7641e+05
3.8747e+05
3.9861e+05
4.0981e+05
4.2109e+05
4.3242e+05
4.438e+05
4.5522e+05
4.6669e+05
4.7818e+05
4.897e+05
5.0124e+05
5.1279e+05
5.2434e+05
5.3589e+05
5.4743e+05
5.5895e+05
5.7045e+05
5.8192e+05
5.9335e+05
6.0473e+05
6.1607e+05
6.2734e+05
6.3855e+05
6.4968e+05
6.6073e+05
6.717e+05
6.8257e+05
6.9334e+05
7.04e+05
7.1455e+05
7.2498e+05
7.3528e+05
7.4544e+05
7.5547e+05
7.6535e+05
7.7507e+05
7.8464e+05
7.9404e+05
8.0327e+05
8.1232e+05
8.2119e+05
8.2987e+05
8.3835e+05
8.4664e+05
8.5473e+05
8.626e+05
8.7026e+05
8.777e+05
8.8492e+05
8.9192e+05
8.9868e+05
9.052e+05
9.1148e+05
9.1753e+05
9.2332e+05
9.2887e+05
9.3416e+05
9.3919e+05
9.4397e+05
9.4848e+05
9.5273e+05
9.5672e+05
9.6043e+05
9.6388e+05
9.6705e+05
9.6996e+05
9.7258e+05
9.7493e+05
9.7701e+05
9.7881e+05
9.8033e+05
9.8157e+05
9.8254e+05
9.8323e+05
9.8364e+05
9.8378e+05
9.8364e+05
9.8322e+05
9.8253e+05
9.8157e+05
9.8034e+05
9.7883e+05
9.7706e+05
9.7503e+05
9.7273e+05
9.7017e+05
9.6735e+05
9.6427e+05
9.6094e+05
9.5736e+05
9.5354e+05
9.4947e+05
9.4516e+05
9.4061e+05
9.3583e+05
9.3083e+05
9.2559e+05
9.2014e+05
9.1447e+05
9.0859e+05
9.025e+05
8.962e+05
8.8971e+05
8.8302e+05
8.7615e+05
8.6909e+05
8.6185e+05
8.5444e+05
8.4687e+05
8.3912e+05
8.3122e+05
8.2317e+05
8.1497e+05
8.0663e+05
7.9816e+05
7.8955e+05
7.8082e+05
7.7198e+05
7.6302e+05
7.5395e+05
7.4478e+05
7.3551e+05
7.2616e+05
7.1672e+05
7.072e+05
6.9761e+05
6.8796e+05
6.7824e+05
6.6847e+05
6.5864e+05
6.4878e+05
6.3887e+05
6.2894e+05
6.1897e+05
6.0899e+05
5.9899e+05
5.8897e+05
5.7896e+05
5.6894e+05
5.5893e+05
5.4893e+05
5.3894e+05
5.2897e+05
5.1903e+05
5.0912e+05
4.9925e+05
4.8941e+05
4.7962e+05
4.6988e+05
4.6019e+05
4.5056e+05
4.41e+05
4.3149e+05
4.2206e+05
4.127e+05
4.0342e+05
3.9422e+05
3.8511e+05
3.7608e+05
3.6715e+05
3.5831e+05
3.4957e+05
3.4094e+05
3.324e+05
3.2397e+05
3.1566e+05
3.0745e+05
2.9936e+05
2.9139e+05
2.8354e+05
2.758e+05
2.6819e+05
2.6071e+05
2.5335e+05
2.4612e+05
2.3903e+05
2.3206e+05
2.2522e+05
2.1852e+05
2.1195e+05
2.0552e+05
1.9923e+05
1.9307e+05
1.8705e+05
1.8116e+05
1.7542e+05
1.6981e+05
1.6434e+05
1.5901e+05
1.5382e+05
1.4877e+05
1.4385e+05
1.3908e+05
1.3444e+05
1.2993e+05
1.2556e+05
1.2133e+05
1.1723e+05
1.1326e+05
1.0943e+05
1.0572e+05
1.0215e+05
98703
95384
92190
89121
86174
83347
80640
78050
75576
73215
70965
68826
66794
64867
63044
61323
59700
58174
56743
55404
54155
52993
51917
50924
50011
49176
48416
47730
47114
46567
46086
45667
45310
45011
44768
44579
44441
44352
44309
44310
44353
44435
44555
44709
44895
45112
45357
45629
45923
46240
46576
46930
47300
47684
48079
48484
48898
49318
49743
50171
50600
51029
51456
51881
52300
52714
53120
53518
53905
54282
54647
54998
55335
55656
55962
56250
56521
56772
57004
57217
57408
57578
57726
57852
57955
58035
58091
58123
58131
58115
58075
58010
57920
57805
57666
57502
57313
57100
56862
56600
56314
56004
55671
55315
54936
54534
54110
53664
53197
52710
52202
51674
51127
50562
