1.5425e+05
1.5863e+05
1.6303e+05
1.6744e+05
1.7185e+05
1.7627e+05
1.8067e+05
1.8507e+05
1.8945e+05
1.938e+05
1.9813e+05
2.0242e+05
2.0667e+05
2.1088e+05
2.1504e+05
2.1914e+05
2.2319e+05
2.2717e+05
2.3108e+05
2.3492e+05
2.3869e+05
2.4238e+05
2.4598e+05
2.495e+05
2.5293e+05
2.5626e+05
2.595e+05
2.6265e+05
2.6569e+05
2.6863e+05
2.7147e+05
2.742e+05
2.7683e+05
2.7934e+05
2.8175e+05
2.8405e+05
2.8624e+05
2.8833e+05
2.903e+05
2.9216e+05
2.9391e+05
2.9555e+05
2.9709e+05
2.9852e+05
2.9984e+05
3.0106e+05
3.0218e+05
3.032e+05
3.0412e+05
3.0494e+05
3.0568e+05
3.0632e+05
3.0687e+05
3.0734e+05
3.0773e+05
3.0803e+05
3.0827e+05
3.0843e+05
3.0852e+05
3.0855e+05
3.0852e+05
3.0843e+05
3.0829e+05
3.0811e+05
3.0787e+05
3.076e+05
3.0729e+05
3.0695e+05
3.0658e+05
3.0619e+05
3.0578e+05
3.0535e+05
3.0492e+05
3.0448e+05
3.0403e+05
3.0359e+05
3.0316e+05
3.0274e+05
3.0233e+05
3.0194e+05
3.0157e+05
3.0123e+05
3.0091e+05
3.0064e+05
3.004e+05
3.0019e+05
3.0004e+05
2.9993e+05
2.9987e+05
2.9986e+05
2.999e+05
3.0001e+05
3.0017e+05
3.004e+05
3.0069e+05
3.0104e+05
3.0147e+05
3.0196e+05
3.0252e+05
3.0316e+05
3.0387e+05
3.0465e+05
3.055e+05
3.0643e+05
3.0743e+05
3.0851e+05
3.0966e+05
3.1089e+05
3.1218e+05
3.1356e+05
3.15e+05
3.1651e+05
3.181e+05
3.1975e+05
3.2146e+05
3.2324e+05
3.2509e+05
3.2699e+05
3.2896e+05
3.3097e+05
3.3305e+05
3.3517e+05
3.3734e+05
3.3955e+05
3.4181e+05
3.441e+05
3.4643e+05
3.4879e+05
3.5118e+05
3.536e+05
3.5603e+05
3.5849e+05
3.6095e+05
3.6343e+05
3.6591e+05
3.6839e+05
3.7088e+05
3.7335e+05
3.7582e+05
3.7827e+05
3.807e+05
3.8312e+05
3.855e+05
3.8786e+05
3.9018e+05
3.9246e+05
3.947e+05
3.969e+05
3.9904e+05
4.0113e+05
4.0317e+05
4.0514e+05
4.0705e+05
4.0889e+05
4.1067e+05
4.1236e+05
4.1398e+05
4.1552e+05
4.1698e+05
4.1835e+05
4.1964e+05
4.2083e+05
4.2193e+05
4.2293e+05
4.2383e+05
4.2464e+05
4.2534e+05
4.2594e+05
4.2644e+05
4.2683e+05
4.2711e+05
4.2728e+05
4.2735e+05
4.273e+05
4.2715e+05
4.2688e+05
4.265e+05
4.2601e+05
4.2541e+05
4.247e+05
4.2388e+05
4.2295e+05
4.2191e+05
4.2076e+05
4.195e+05
4.1814e+05
4.1667e+05
4.1509e+05
4.1342e+05
4.1164e+05
4.0977e+05
4.078e+05
4.0573e+05
4.0357e+05
4.0132e+05
3.9898e+05
3.9656e+05
3.9405e+05
3.9146e+05
3.888e+05
3.8606e+05
3.8325e+05
3.8036e+05
3.7742e+05
3.7441e+05
3.7134e+05
3.6821e+05
3.6503e+05
3.618e+05
3.5852e+05
3.552e+05
3.5183e+05
3.4843e+05
3.45e+05
3.4154e+05
3.3804e+05
3.3453e+05
3.3099e+05
3.2743e+05
3.2386e+05
3.2028e+05
3.1669e+05
3.131e+05
3.095e+05
3.0591e+05
3.0231e+05
2.9873e+05
2.9515e+05
2.9158e+05
2.8803e+05
2.845e+05
2.8098e+05
2.7748e+05
2.7401e+05
2.7057e+05
2.6715e+05
2.6376e+05
2.604e+05
2.5708e+05
2.5379e+05
2.5054e+05
2.4732e+05
2.4415e+05
2.4101e+05
2.3791e+05
2.3486e+05
2.3184e+05
2.2888e+05
2.2595e+05
2.2307e+05
2.2023e+05
2.1744e+05
2.1469e+05
2.1199e+05
2.0933e+05
2.0671e+05
2.0414e+05
2.0162e+05
1.9913e+05
1.9669e+05
1.9429e+05
1.9193e+05
1.8961e+05
1.8733e+05
1.8508e+05
1.8288e+05
1.807e+05
1.7856e+05
1.7646e+05
1.7438e+05
1.7234e+05
1.7032e+05
1.6833e+05
1.6636e+05
1.6442e+05
1.625e+05
1.606e+05
1.5871e+05
1.5684e+05
1.5499e+05
1.5315e+05
1.5132e+05
1.4949e+05
1.4768e+05
1.4587e+05
1.4406e+05
1.4226e+05
1.4045e+05
1.3865e+05
1.3684e+05
1.3502e+05
1.332e+05
1.3138e+05
1.2954e+05
1.2769e+05
1.2583e+05
1.2396e+05
1.2207e+05
1.2017e+05
1.1825e+05
1.1631e+05
1.1436e+05
1.1238e+05
1.1039e+05
1.0838e+05
1.0635e+05
1.0429e+05
1.0222e+05
1.0012e+05
98009
95873
93716
91540
89344
87129
84896
82646
80380
78099
75804
73497
71179
68852
66518
64178
61835
59490
57146
54805
52471
50144
47828
45526
43241
40976
38733
36517
34330
32175
30056
27978
25942
23953
22015
20132
18307
16544
14847
13220
11668
10193
8801.4
7495.7
6280.4
5159.7
4137.6
3218.3
2405.8
1704.2
1117.5
649.82
305.05
87.144
0
47.455
233.29
561.22
1034.9
1657.9
2433.7
3365.7
4457.2
5711.4
7131.5
8720.5
10481
12416
14529
16821
19295
21953
24798
27832
31055
34471
38080
41884
45883
50080
54475
59068
63861
68853
74044
79436
85026
90816
96804
1.0299e+05
1.0937e+05
1.1595e+05
1.2272e+05
1.2969e+05
1.3685e+05
1.4419e+05
1.5173e+05
1.5945e+05
1.6735e+05
1.7543e+05
1.8369e+05
1.9212e+05
2.0072e+05
2.095e+05
2.1843e+05
2.2753e+05
2.3678e+05
2.4619e+05
2.5575e+05
2.6545e+05
2.7529e+05
2.8526e+05
2.9537e+05
3.056e+05
3.1595e+05
3.2641e+05
3.3699e+05
3.4767e+05
3.5845e+05
3.6932e+05
3.8028e+05
3.9132e+05
4.0243e+05
4.1362e+05
4.2486e+05
4.3617e+05
4.4752e+05
4.5891e+05
4.7035e+05
4.8181e+05
4.9329e+05
5.0479e+05
5.163e+05
5.2782e+05
5.3933e+05
5.5082e+05
5.623e+05
5.7376e+05
5.8518e+05
5.9656e+05
6.079e+05
6.1918e+05
6.3041e+05
6.4156e+05
6.5264e+05
6.6364e+05
6.7456e+05
6.8537e+05
6.9609e+05
7.067e+05
7.1719e+05
7.2756e+05
7.378e+05
7.4791e+05
7.5788e+05
7.677e+05
7.7736e+05
7.8687e+05
7.9621e+05
8.0538e+05
8.1437e+05
8.2318e+05
8.318e+05
8.4022e+05
8.4845e+05
8.5647e+05
8.6429e+05
8.7189e+05
8.7927e+05
8.8643e+05
8.9336e+05
9.0006e+05
9.0652e+05
9.1275e+05
9.1873e+05
9.2447e+05
9.2995e+05
9.3518e+05
9.4016e+05
9.4488e+05
9.4934e+05
9.5353e+05
9.5746e+05
9.6112e+05
9.6451e+05
9.6763e+05
9.7048e+05
9.7305e+05
9.7535e+05
9.7737e+05
9.7911e+05
9.8058e+05
9.8178e+05
9.8269e+05
9.8333e+05
9.8369e+05
9.8378e+05
9.8359e+05
9.8312e+05
9.8239e+05
9.8138e+05
9.801e+05
9.7855e+05
9.7673e+05
9.7465e+05
9.723e+05
9.697e+05
9.6684e+05
9.6372e+05
9.6035e+05
9.5673e+05
9.5286e+05
9.4875e+05
9.444e+05
9.3981e+05
9.3499e+05
9.2995e+05
9.2468e+05
9.1919e+05
9.1348e+05
9.0756e+05
9.0143e+05
8.9511e+05
8.8858e+05
8.8186e+05
8.7495e+05
8.6786e+05
8.606e+05
8.5316e+05
8.4555e+05
8.3778e+05
8.2985e+05
8.2178e+05
8.1355e+05
8.0519e+05
7.9669e+05
7.8807e+05
7.7932e+05
7.7045e+05
7.6147e+05
7.5239e+05
7.432e+05
7.3393e+05
7.2456e+05
7.1511e+05
7.0559e+05
6.9599e+05
6.8633e+05
6.7661e+05
6.6684e+05
6.5702e+05
6.4716e+05
6.3726e+05
6.2734e+05
6.1738e+05
6.0741e+05
5.9743e+05
5.8743e+05
5.7744e+05
5.6744e+05
5.5746e+05
5.4749e+05
5.3753e+05
5.276e+05
5.177e+05
5.0783e+05
4.98e+05
4.8821e+05
4.7847e+05
4.6878e+05
4.5915e+05
4.4958e+05
4.4007e+05
4.3063e+05
4.2127e+05
4.1198e+05
4.0278e+05
3.9365e+05
3.8462e+05
3.7568e+05
3.6683e+05
3.5809e+05
3.4944e+05
3.409e+05
3.3246e+05
3.2414e+05
3.1592e+05
3.0783e+05
2.9985e+05
2.9199e+05
2.8425e+05
2.7663e+05
2.6915e+05
2.6179e+05
2.5455e+05
2.4745e+05
2.4048e+05
2.3365e+05
2.2695e+05
2.2038e+05
2.1395e+05
2.0766e+05
2.015e+05
1.9549e+05
1.8961e+05
1.8387e+05
1.7827e+05
1.7281e+05
1.6749e+05
1.623e+05
1.5726e+05
1.5236e+05
1.4759e+05
1.4296e+05
1.3847e+05
1.3411e+05
1.2989e+05
1.258e+05
1.2185e+05
1.1803e+05
1.1433e+05
1.1077e+05
1.0734e+05
1.0403e+05
1.0085e+05
97796
94861
92046
89351
86771
84307
81956
79715
77584
75559
73639
71821
70103
68484
66960
65529
64189
62938
61773
60691
59691
58770
57925
57154
56455
55825
55261
54761
54323
53943
53621
53352
53136
52968
52848
52772
52738
52744
52788
52867
52978
53121
53292
53490
53711
53955
54219
54501
54800
55112
55437
55772
56116
56467
56823
57182
57544
57905
58266
58624
58978
59327
59669
60003
60328
60642
60945
61236
61513
61776
62023
62254
62468
62665
62843
63002
63141
63260
63359
63436
63491
63525
63537
63526
63492
63436
63356
63254
63128
62979
62807
62611
62393
62152
61889
61602
61294
60964
60611
60238
59844
59429
58994
58539
58065
57572
57060
56531
