4.9092e+05
4.9675e+05
5.0244e+05
5.0798e+05
5.1336e+05
5.186e+05
5.2367e+05
5.2858e+05
5.3333e+05
5.3792e+05
5.4233e+05
5.4657e+05
5.5064e+05
5.5454e+05
5.5826e+05
5.618e+05
5.6516e+05
5.6834e+05
5.7135e+05
5.7416e+05
5.768e+05
5.7926e+05
5.8153e+05
5.8362e+05
5.8553e+05
5.8726e+05
5.8881e+05
5.9018e+05
5.9137e+05
5.9239e+05
5.9323e+05
5.9389e+05
5.9438e+05
5.947e+05
5.9486e+05
5.9485e+05
5.9467e+05
5.9433e+05
5.9384e+05
5.9319e+05
5.9238e+05
5.9143e+05
5.9033e+05
5.8909e+05
5.8771e+05
5.8619e+05
5.8455e+05
5.8277e+05
5.8087e+05
5.7885e+05
5.7672e+05
5.7447e+05
5.7212e+05
5.6966e+05
5.671e+05
5.6445e+05
5.6172e+05
5.5889e+05
5.5599e+05
5.5301e+05
5.4996e+05
5.4685e+05
5.4368e+05
5.4045e+05
5.3716e+05
5.3384e+05
5.3047e+05
5.2706e+05
5.2362e+05
5.2016e+05
5.1668e+05
5.1317e+05
5.0966e+05
5.0614e+05
5.0261e+05
4.9909e+05
4.9557e+05
4.9207e+05
4.8858e+05
4.8511e+05
4.8166e+05
4.7824e+05
4.7486e+05
4.7151e+05
4.6821e+05
4.6494e+05
4.6173e+05
4.5857e+05
4.5546e+05
4.5242e+05
4.4943e+05
4.4652e+05
4.4367e+05
4.4089e+05
4.3819e+05
4.3556e+05
4.3302e+05
4.3056e+05
4.2818e+05
4.2589e+05
4.2369e+05
4.2159e+05
4.1957e+05
4.1765e+05
4.1583e+05
4.141e+05
4.1247e+05
4.1094e+05
4.0951e+05
4.0818e+05
4.0695e+05
4.0583e+05
4.0481e+05
4.0389e+05
4.0307e+05
4.0236e+05
4.0174e+05
4.0123e+05
4.0082e+05
4.0051e+05
4.003e+05
4.0019e+05
4.0017e+05
4.0025e+05
4.0042e+05
4.0069e+05
4.0105e+05
4.015e+05
4.0203e+05
4.0265e+05
4.0335e+05
4.0414e+05
4.05e+05
4.0594e+05
4.0696e+05
4.0804e+05
4.092e+05
4.1042e+05
4.117e+05
4.1304e+05
4.1444e+05
4.1589e+05
4.174e+05
4.1895e+05
4.2054e+05
4.2218e+05
4.2385e+05
4.2556e+05
4.273e+05
4.2906e+05
4.3085e+05
4.3266e+05
4.3448e+05
4.3632e+05
4.3817e+05
4.4002e+05
4.4187e+05
4.4373e+05
4.4557e+05
4.4741e+05
4.4924e+05
4.5105e+05
4.5284e+05
4.5461e+05
4.5635e+05
4.5806e+05
4.5973e+05
4.6137e+05
4.6297e+05
4.6453e+05
4.6604e+05
4.675e+05
4.6891e+05
4.7026e+05
4.7155e+05
4.7277e+05
4.7394e+05
4.7503e+05
4.7605e+05
4.77e+05
4.7788e+05
4.7867e+05
4.7938e+05
4.8001e+05
4.8056e+05
4.8101e+05
4.8138e+05
4.8165e+05
4.8182e+05
4.819e+05
4.8189e+05
4.8177e+05
4.8155e+05
4.8123e+05
4.808e+05
4.8027e+05
4.7963e+05
4.7889e+05
4.7803e+05
4.7706e+05
4.7599e+05
4.748e+05
4.735e+05
4.7209e+05
4.7057e+05
4.6893e+05
4.6718e+05
4.6531e+05
4.6334e+05
4.6124e+05
4.5904e+05
4.5673e+05
4.543e+05
4.5176e+05
4.4911e+05
4.4634e+05
4.4347e+05
4.4049e+05
4.3741e+05
4.3422e+05
4.3092e+05
4.2751e+05
4.2401e+05
4.2041e+05
4.167e+05
4.129e+05
4.09e+05
4.0501e+05
4.0092e+05
3.9675e+05
3.9249e+05
3.8814e+05
3.8371e+05
3.7919e+05
3.746e+05
3.6994e+05
3.6519e+05
3.6038e+05
3.555e+05
3.5055e+05
3.4554e+05
3.4047e+05
3.3535e+05
3.3017e+05
3.2494e+05
3.1966e+05
3.1433e+05
3.0897e+05
3.0356e+05
2.9812e+05
2.9265e+05
2.8716e+05
2.8163e+05
2.7609e+05
2.7053e+05
2.6495e+05
2.5937e+05
2.5377e+05
2.4817e+05
2.4258e+05
2.3698e+05
2.314e+05
2.2582e+05
2.2026e+05
2.1472e+05
2.092e+05
2.0371e+05
1.9825e+05
1.9282e+05
1.8742e+05
1.8207e+05
1.7676e+05
1.715e+05
1.6629e+05
1.6114e+05
1.5605e+05
1.5102e+05
1.4605e+05
1.4115e+05
1.3633e+05
1.3159e+05
1.2692e+05
1.2234e+05
1.1785e+05
1.1344e+05
1.0913e+05
1.0492e+05
1.0081e+05
96798
92895
89102
85422
81857
78411
75086
71886
68812
65868
63057
60380
57840
55439
53181
51067
49099
47279
45609
44092
42729
41522
40472
39582
38852
38284
37880
37640
37566
37658
37919
38348
38946
39715
40655
41765
43047
44502
46128
47927
49898
52041
54357
56844
59503
62334
65334
68505
71845
75353
79029
82871
86879
91051
95386
99883
1.0454e+05
1.0936e+05
1.1433e+05
1.1946e+05
1.2474e+05
1.3017e+05
1.3575e+05
1.4149e+05
1.4736e+05
1.5338e+05
1.5954e+05
1.6584e+05
1.7228e+05
1.7885e+05
1.8555e+05
1.9239e+05
1.9934e+05
2.0642e+05
2.1363e+05
2.2094e+05
2.2838e+05
2.3592e+05
2.4358e+05
2.5134e+05
2.592e+05
2.6716e+05
2.7522e+05
2.8337e+05
2.9161e+05
2.9994e+05
3.0835e+05
3.1683e+05
3.254e+05
3.3403e+05
3.4274e+05
3.5151e+05
3.6033e+05
3.6922e+05
3.7816e+05
3.8715e+05
3.9619e+05
4.0527e+05
4.1439e+05
4.2355e+05
4.3273e+05
4.4194e+05
4.5118e+05
4.6044e+05
4.6971e+05
4.79e+05
4.8829e+05
4.9759e+05
5.0689e+05
5.1619e+05
5.2548e+05
5.3476e+05
5.4402e+05
5.5327e+05
5.625e+05
5.717e+05
5.8088e+05
5.9002e+05
5.9912e+05
6.0819e+05
6.1721e+05
6.2618e+05
6.3511e+05
6.4398e+05
6.5279e+05
6.6155e+05
6.7024e+05
6.7886e+05
6.8741e+05
6.9589e+05
7.043e+05
7.1262e+05
7.2086e+05
7.2902e+05
7.3708e+05
7.4506e+05
7.5294e+05
7.6072e+05
7.684e+05
7.7598e+05
7.8345e+05
7.9082e+05
7.9808e+05
8.0522e+05
8.1225e+05
8.1916e+05
8.2595e+05
8.3262e+05
8.3917e+05
8.4558e+05
8.5188e+05
8.5804e+05
8.6407e+05
8.6996e+05
8.7572e+05
8.8134e+05
8.8683e+05
8.9217e+05
8.9737e+05
9.0243e+05
9.0734e+05
9.1211e+05
9.1673e+05
9.2121e+05
9.2553e+05
9.2971e+05
9.3373e+05
9.376e+05
9.4132e+05
9.4488e+05
9.4829e+05
9.5155e+05
9.5465e+05
9.5759e+05
9.6038e+05
9.6301e+05
9.6549e+05
9.6781e+05
9.6997e+05
9.7197e+05
9.7382e+05
9.7551e+05
9.7704e+05
9.7841e+05
9.7963e+05
9.8069e+05
9.8159e+05
9.8234e+05
9.8293e+05
9.8337e+05
9.8365e+05
9.8378e+05
9.8375e+05
9.8357e+05
9.8324e+05
9.8276e+05
9.8212e+05
9.8134e+05
9.8041e+05
9.7933e+05
9.781e+05
9.7673e+05
9.7521e+05
9.7355e+05
9.7175e+05
9.698e+05
9.6772e+05
9.655e+05
9.6314e+05
9.6064e+05
9.5801e+05
9.5524e+05
9.5235e+05
9.4932e+05
9.4617e+05
9.4288e+05
9.3948e+05
9.3595e+05
9.3229e+05
9.2852e+05
9.2463e+05
9.2062e+05
9.1649e+05
9.1225e+05
9.079e+05
9.0344e+05
8.9888e+05
8.942e+05
8.8943e+05
8.8455e+05
8.7957e+05
8.7449e+05
8.6932e+05
8.6405e+05
8.5869e+05
8.5324e+05
8.4771e+05
8.4208e+05
8.3638e+05
8.3059e+05
8.2472e+05
8.1878e+05
8.1276e+05
8.0667e+05
8.0051e+05
7.9427e+05
7.8798e+05
7.8162e+05
7.7519e+05
7.6871e+05
7.6217e+05
7.5557e+05
7.4892e+05
7.4222e+05
7.3547e+05
7.2868e+05
7.2184e+05
7.1495e+05
7.0803e+05
7.0107e+05
6.9408e+05
6.8705e+05
6.7999e+05
6.729e+05
6.6579e+05
6.5865e+05
6.5149e+05
6.4431e+05
6.3711e+05
6.2989e+05
6.2266e+05
6.1542e+05
6.0817e+05
6.0091e+05
5.9365e+05
5.8638e+05
5.7912e+05
5.7185e+05
5.6458e+05
5.5732e+05
5.5007e+05
5.4282e+05
5.3558e+05
5.2836e+05
5.2115e+05
5.1396e+05
5.0678e+05
4.9962e+05
4.9248e+05
4.8537e+05
4.7828e+05
4.7122e+05
4.6418e+05
4.5718e+05
4.502e+05
4.4326e+05
4.3635e+05
4.2947e+05
4.2264e+05
4.1584e+05
4.0908e+05
4.0236e+05
3.9569e+05
3.8905e+05
3.8247e+05
3.7593e+05
3.6943e+05
3.6299e+05
3.5659e+05
3.5025e+05
3.4395e+05
3.3771e+05
3.3152e+05
3.2539e+05
3.1931e+05
3.1329e+05
3.0732e+05
3.0142e+05
2.9557e+05
2.8978e+05
2.8405e+05
2.7838e+05
2.7277e+05
2.6723e+05
2.6175e+05
2.5633e+05
2.5097e+05
2.4568e+05
2.4045e+05
2.3528e+05
2.3018e+05
2.2515e+05
2.2018e+05
2.1528e+05
2.1044e+05
2.0567e+05
2.0096e+05
1.9633e+05
1.9175e+05
1.8725e+05
1.8281e+05
1.7844e+05
1.7413e+05
1.6989e+05
1.6572e+05
1.6161e+05
1.5757e+05
1.536e+05
1.4969e+05
1.4585e+05
1.4207e+05
1.3836e+05
1.3471e+05
1.3113e+05
1.2761e+05
1.2415e+05
1.2076e+05
1.1743e+05
1.1417e+05
1.1097e+05
1.0782e+05
1.0474e+05
1.0173e+05
98768
95869
93031
90251
87530
84866
82260
79710
77217
74779
72397
70068
67793
65572
63402
61285
59218
57202
55236
53319
51450
49629
47855
46127
44445
42808
41214
39665
38158
36694
35270
33888
32545
31242
29977
28750
27560
26406
25288
24205
23157
22142
21159
20209
19290
18402
17545
16716
15916
15145
14400
13682
12991
12324
11683
11065
10471
9899.5
9350.2
8822.4
8315.5
7828.8
7361.8
6913.8
6484.3
6072.6
5678.2
5300.5
4938.9
4592.9
4261.9
3945.3
3642.6
3353.3
3076.9
2812.7
2560.4
2319.4
2089.2
1869.3
1659.3
1458.6
1266.8
1083.5
908.18
740.4
579.75
425.79
278.12
136.32
0
