5.1544e+05
5.2143e+05
5.2726e+05
5.3293e+05
5.3842e+05
5.4375e+05
5.489e+05
5.5387e+05
5.5866e+05
5.6327e+05
5.6769e+05
5.7192e+05
5.7596e+05
5.7981e+05
5.8346e+05
5.8692e+05
5.9018e+05
5.9324e+05
5.961e+05
5.9877e+05
6.0123e+05
6.0349e+05
6.0556e+05
6.0742e+05
6.0908e+05
6.1055e+05
6.1181e+05
6.1288e+05
6.1375e+05
6.1443e+05
6.1492e+05
6.1521e+05
6.1532e+05
6.1523e+05
6.1497e+05
6.1452e+05
6.1389e+05
6.1308e+05
6.121e+05
6.1095e+05
6.0963e+05
6.0815e+05
6.0651e+05
6.0471e+05
6.0276e+05
6.0067e+05
5.9842e+05
5.9604e+05
5.9353e+05
5.9088e+05
5.8811e+05
5.8521e+05
5.822e+05
5.7908e+05
5.7585e+05
5.7252e+05
5.691e+05
5.6558e+05
5.6198e+05
5.583e+05
5.5455e+05
5.5072e+05
5.4684e+05
5.4289e+05
5.3889e+05
5.3485e+05
5.3077e+05
5.2665e+05
5.225e+05
5.1832e+05
5.1413e+05
5.0993e+05
5.0571e+05
5.015e+05
4.9729e+05
4.9309e+05
4.889e+05
4.8473e+05
4.8058e+05
4.7647e+05
4.7239e+05
4.6835e+05
4.6436e+05
4.6041e+05
4.5652e+05
4.5269e+05
4.4892e+05
4.4522e+05
4.416e+05
4.3804e+05
4.3457e+05
4.3118e+05
4.2788e+05
4.2467e+05
4.2156e+05
4.1854e+05
4.1562e+05
4.1281e+05
4.101e+05
4.0751e+05
4.0502e+05
4.0265e+05
4.004e+05
3.9826e+05
3.9624e+05
3.9435e+05
3.9257e+05
3.9092e+05
3.894e+05
3.88e+05
3.8673e+05
3.8559e+05
3.8457e+05
3.8368e+05
3.8292e+05
3.8229e+05
3.8179e+05
3.8141e+05
3.8116e+05
3.8103e+05
3.8103e+05
3.8115e+05
3.8139e+05
3.8175e+05
3.8223e+05
3.8283e+05
3.8355e+05
3.8437e+05
3.8531e+05
3.8636e+05
3.8751e+05
3.8876e+05
3.9012e+05
3.9157e+05
3.9312e+05
3.9475e+05
3.9648e+05
3.9829e+05
4.0018e+05
4.0215e+05
4.042e+05
4.0631e+05
4.085e+05
4.1074e+05
4.1305e+05
4.154e+05
4.1781e+05
4.2027e+05
4.2277e+05
4.2531e+05
4.2788e+05
4.3048e+05
4.3311e+05
4.3576e+05
4.3843e+05
4.4111e+05
4.438e+05
4.4649e+05
4.4918e+05
4.5187e+05
4.5455e+05
4.5721e+05
4.5986e+05
4.6248e+05
4.6508e+05
4.6765e+05
4.7018e+05
4.7268e+05
4.7513e+05
4.7754e+05
4.7989e+05
4.8219e+05
4.8443e+05
4.8661e+05
4.8873e+05
4.9077e+05
4.9274e+05
4.9464e+05
4.9645e+05
4.9818e+05
4.9982e+05
5.0138e+05
5.0284e+05
5.042e+05
5.0547e+05
5.0664e+05
5.077e+05
5.0865e+05
5.095e+05
5.1023e+05
5.1086e+05
5.1136e+05
5.1175e+05
5.1202e+05
5.1217e+05
5.122e+05
5.121e+05
5.1187e+05
5.1152e+05
5.1104e+05
5.1044e+05
5.097e+05
5.0883e+05
5.0783e+05
5.067e+05
5.0543e+05
5.0404e+05
5.0251e+05
5.0085e+05
4.9905e+05
4.9712e+05
4.9506e+05
4.9287e+05
4.9055e+05
4.8809e+05
4.8551e+05
4.828e+05
4.7996e+05
4.7699e+05
4.739e+05
4.7068e+05
4.6734e+05
4.6387e+05
4.6029e+05
4.5659e+05
4.5278e+05
4.4884e+05
4.448e+05
4.4065e+05
4.3639e+05
4.3202e+05
4.2755e+05
4.2298e+05
4.1832e+05
4.1355e+05
4.087e+05
4.0376e+05
3.9872e+05
3.9361e+05
3.8841e+05
3.8314e+05
3.7779e+05
3.7237e+05
3.6689e+05
3.6134e+05
3.5573e+05
3.5006e+05
3.4434e+05
3.3856e+05
3.3274e+05
3.2688e+05
3.2098e+05
3.1505e+05
3.0908e+05
3.0308e+05
2.9706e+05
2.9102e+05
2.8497e+05
2.789e+05
2.7283e+05
2.6675e+05
2.6067e+05
2.546e+05
2.4853e+05
2.4248e+05
2.3644e+05
2.3042e+05
2.2443e+05
2.1846e+05
2.1253e+05
2.0663e+05
2.0078e+05
1.9497e+05
1.892e+05
1.8349e+05
1.7784e+05
1.7224e+05
1.6671e+05
1.6125e+05
1.5586e+05
1.5054e+05
1.453e+05
1.4015e+05
1.3508e+05
1.3011e+05
1.2522e+05
1.2044e+05
1.1575e+05
1.1117e+05
1.067e+05
1.0234e+05
98087
93956
89945
86058
82298
78667
75168
71804
68578
65492
62549
59752
57103
54604
52257
50065
48030
46153
44437
42884
41494
40271
39214
38327
37609
37064
36690
36491
36466
36617
36944
37449
38131
38991
40031
41249
42647
44224
45980
47916
50032
52326
54799
57450
60279
63285
66467
69825
73358
77064
80943
84993
89214
93603
98159
1.0288e+05
1.0777e+05
1.1282e+05
1.1803e+05
1.2339e+05
1.2892e+05
1.346e+05
1.4043e+05
1.4641e+05
1.5254e+05
1.5882e+05
1.6524e+05
1.718e+05
1.785e+05
1.8533e+05
1.923e+05
1.994e+05
2.0662e+05
2.1397e+05
2.2144e+05
2.2903e+05
2.3673e+05
2.4454e+05
2.5247e+05
2.605e+05
2.6863e+05
2.7686e+05
2.8518e+05
2.936e+05
3.021e+05
3.1069e+05
3.1936e+05
3.2811e+05
3.3693e+05
3.4582e+05
3.5478e+05
3.638e+05
3.7288e+05
3.8202e+05
3.912e+05
4.0043e+05
4.0971e+05
4.1902e+05
4.2837e+05
4.3775e+05
4.4716e+05
4.5659e+05
4.6605e+05
4.7551e+05
4.8499e+05
4.9448e+05
5.0397e+05
5.1346e+05
5.2294e+05
5.3242e+05
5.4188e+05
5.5133e+05
5.6075e+05
5.7015e+05
5.7953e+05
5.8887e+05
5.9818e+05
6.0745e+05
6.1667e+05
6.2585e+05
6.3497e+05
6.4404e+05
6.5306e+05
6.6201e+05
6.7089e+05
6.7971e+05
6.8845e+05
6.9712e+05
7.0571e+05
7.1421e+05
7.2263e+05
7.3096e+05
7.392e+05
7.4734e+05
7.5539e+05
7.6333e+05
7.7116e+05
7.7889e+05
7.8651e+05
7.9402e+05
8.014e+05
8.0867e+05
8.1582e+05
8.2285e+05
8.2975e+05
8.3652e+05
8.4315e+05
8.4966e+05
8.5603e+05
8.6226e+05
8.6835e+05
8.743e+05
8.8011e+05
8.8577e+05
8.9128e+05
8.9665e+05
9.0186e+05
9.0693e+05
9.1183e+05
9.1659e+05
9.2119e+05
9.2563e+05
9.2991e+05
9.3404e+05
9.38e+05
9.418e+05
9.4544e+05
9.4892e+05
9.5223e+05
9.5538e+05
9.5837e+05
9.6119e+05
9.6384e+05
9.6633e+05
9.6865e+05
9.7081e+05
9.728e+05
9.7462e+05
9.7628e+05
9.7777e+05
9.791e+05
9.8026e+05
9.8125e+05
9.8208e+05
9.8275e+05
9.8325e+05
9.8359e+05
9.8376e+05
9.8378e+05
9.8363e+05
9.8332e+05
9.8285e+05
9.8223e+05
9.8144e+05
9.805e+05
9.7941e+05
9.7816e+05
9.7676e+05
9.752e+05
9.735e+05
9.7164e+05
9.6964e+05
9.6749e+05
9.652e+05
9.6277e+05
9.6019e+05
9.5747e+05
9.5462e+05
9.5163e+05
9.485e+05
9.4524e+05
9.4185e+05
9.3833e+05
9.3469e+05
9.3091e+05
9.2702e+05
9.23e+05
9.1886e+05
9.1461e+05
9.1024e+05
9.0576e+05
9.0116e+05
8.9646e+05
8.9165e+05
8.8673e+05
8.8171e+05
8.7659e+05
8.7137e+05
8.6606e+05
8.6065e+05
8.5515e+05
8.4956e+05
8.4388e+05
8.3812e+05
8.3228e+05
8.2636e+05
8.2035e+05
8.1428e+05
8.0812e+05
8.019e+05
7.9561e+05
7.8925e+05
7.8283e+05
7.7635e+05
7.6981e+05
7.6321e+05
7.5655e+05
7.4985e+05
7.4309e+05
7.3628e+05
7.2943e+05
7.2254e+05
7.156e+05
7.0863e+05
7.0162e+05
6.9457e+05
6.875e+05
6.8039e+05
6.7326e+05
6.661e+05
6.5892e+05
6.5171e+05
6.4449e+05
6.3725e+05
6.3e+05
6.2273e+05
6.1545e+05
6.0817e+05
6.0088e+05
5.9358e+05
5.8629e+05
5.7899e+05
5.7169e+05
5.644e+05
5.5711e+05
5.4983e+05
5.4256e+05
5.353e+05
5.2806e+05
5.2083e+05
5.1361e+05
5.0642e+05
4.9924e+05
4.9209e+05
4.8496e+05
4.7785e+05
4.7077e+05
4.6372e+05
4.567e+05
4.4971e+05
4.4275e+05
4.3583e+05
4.2894e+05
4.2209e+05
4.1528e+05
4.0851e+05
4.0178e+05
3.9509e+05
3.8845e+05
3.8185e+05
3.753e+05
3.6879e+05
3.6233e+05
3.5592e+05
3.4956e+05
3.4326e+05
3.37e+05
3.308e+05
3.2465e+05
3.1856e+05
3.1252e+05
3.0654e+05
3.0062e+05
2.9476e+05
2.8895e+05
2.8321e+05
2.7752e+05
2.719e+05
2.6633e+05
2.6083e+05
2.5539e+05
2.5002e+05
2.4471e+05
2.3946e+05
2.3427e+05
2.2915e+05
2.241e+05
2.1911e+05
2.1418e+05
2.0932e+05
2.0453e+05
1.998e+05
1.9514e+05
1.9055e+05
1.8602e+05
1.8156e+05
1.7716e+05
1.7283e+05
1.6857e+05
1.6437e+05
1.6024e+05
1.5618e+05
1.5218e+05
1.4825e+05
1.4438e+05
1.4058e+05
1.3684e+05
1.3317e+05
1.2956e+05
1.2602e+05
1.2254e+05
1.1913e+05
1.1578e+05
1.1249e+05
1.0926e+05
1.061e+05
1.03e+05
99957
96977
94059
91200
88401
85660
82978
80354
77788
75277
72824
70425
68082
65793
63558
61376
59246
57169
55142
53166
51240
49364
47535
45755
44022
42335
40694
39099
37548
36040
34576
33154
31773
30434
29135
27875
26655
25472
24327
23219
22146
21109
20107
19139
18204
17302
16432
15593
14784
14006
13257
12536
11843
11178
10539
9925.9
9338.3
8775.4
8236.6
7721.3
7228.7
6758.3
6309.5
5881.6
5474.1
5086.3
4717.8
4367.8
4035.8
3721.2
3423.5
3142
2876.3
2625.7
2389.8
2168
1959.7
1764.4
1581.6
1410.8
1251.4
1103
965.02
837.01
718.47
608.9
507.85
414.83
329.39
251.07
179.41
113.97
54.308
0
