2.9665e+05
2.9954e+05
3.0244e+05
3.0534e+05
3.0824e+05
3.1113e+05
3.1402e+05
3.1691e+05
3.1979e+05
3.2266e+05
3.2552e+05
3.2837e+05
3.3122e+05
3.3405e+05
3.3686e+05
3.3966e+05
3.4245e+05
3.4522e+05
3.4798e+05
3.5071e+05
3.5343e+05
3.5613e+05
3.588e+05
3.6145e+05
3.6408e+05
3.6669e+05
3.6927e+05
3.7182e+05
3.7435e+05
3.7684e+05
3.7931e+05
3.8176e+05
3.8417e+05
3.8654e+05
3.8889e+05
3.912e+05
3.9348e+05
3.9573e+05
3.9794e+05
4.0012e+05
4.0225e+05
4.0435e+05
4.0642e+05
4.0844e+05
4.1042e+05
4.1236e+05
4.1427e+05
4.1613e+05
4.1795e+05
4.1972e+05
4.2145e+05
4.2314e+05
4.2478e+05
4.2638e+05
4.2793e+05
4.2944e+05
4.309e+05
4.3231e+05
4.3367e+05
4.3499e+05
4.3625e+05
4.3747e+05
4.3863e+05
4.3975e+05
4.4082e+05
4.4183e+05
4.428e+05
4.4371e+05
4.4457e+05
4.4538e+05
4.4613e+05
4.4683e+05
4.4748e+05
4.4808e+05
4.4862e+05
4.4911e+05
4.4955e+05
4.4993e+05
4.5025e+05
4.5053e+05
4.5074e+05
4.5091e+05
4.5102e+05
4.5107e+05
4.5107e+05
4.5102e+05
4.5091e+05
4.5075e+05
4.5053e+05
4.5027e+05
4.4994e+05
4.4956e+05
4.4913e+05
4.4865e+05
4.4811e+05
4.4753e+05
4.4689e+05
4.4619e+05
4.4545e+05
4.4465e+05
4.4381e+05
4.4291e+05
4.4197e+05
4.4097e+05
4.3993e+05
4.3884e+05
4.377e+05
4.3652e+05
4.3529e+05
4.3401e+05
4.3269e+05
4.3133e+05
4.2992e+05
4.2847e+05
4.2698e+05
4.2544e+05
4.2387e+05
4.2226e+05
4.2061e+05
4.1892e+05
4.172e+05
4.1544e+05
4.1365e+05
4.1182e+05
4.0996e+05
4.0807e+05
4.0615e+05
4.042e+05
4.0222e+05
4.0021e+05
3.9818e+05
3.9612e+05
3.9404e+05
3.9193e+05
3.8981e+05
3.8766e+05
3.8549e+05
3.8331e+05
3.8111e+05
3.7889e+05
3.7666e+05
3.7441e+05
3.7216e+05
3.6989e+05
3.6761e+05
3.6532e+05
3.6302e+05
3.6072e+05
3.5842e+05
3.561e+05
3.5379e+05
3.5147e+05
3.4915e+05
3.4684e+05
3.4452e+05
3.422e+05
3.3989e+05
3.3759e+05
3.3529e+05
3.3299e+05
3.307e+05
3.2842e+05
3.2615e+05
3.2389e+05
3.2165e+05
3.1941e+05
3.1719e+05
3.1497e+05
3.1278e+05
3.106e+05
3.0843e+05
3.0628e+05
3.0415e+05
3.0204e+05
2.9994e+05
2.9786e+05
2.9581e+05
2.9377e+05
2.9175e+05
2.8975e+05
2.8777e+05
2.8582e+05
2.8389e+05
2.8197e+05
2.8008e+05
2.7822e+05
2.7637e+05
2.7455e+05
2.7275e+05
2.7097e+05
2.6921e+05
2.6748e+05
2.6577e+05
2.6408e+05
2.6241e+05
2.6077e+05
2.5914e+05
2.5754e+05
2.5596e+05
2.544e+05
2.5285e+05
2.5133e+05
2.4983e+05
2.4834e+05
2.4687e+05
2.4542e+05
2.4399e+05
2.4257e+05
2.4117e+05
2.3978e+05
2.3841e+05
2.3705e+05
2.357e+05
2.3436e+05
2.3303e+05
2.3171e+05
2.304e+05
2.291e+05
2.2781e+05
2.2652e+05
2.2523e+05
2.2395e+05
2.2267e+05
2.214e+05
2.2012e+05
2.1884e+05
2.1757e+05
2.1629e+05
2.15e+05
2.1372e+05
2.1242e+05
2.1112e+05
2.0981e+05
2.085e+05
2.0717e+05
2.0583e+05
2.0448e+05
2.0312e+05
2.0174e+05
2.0035e+05
1.9894e+05
1.9751e+05
1.9607e+05
1.946e+05
1.9312e+05
1.9162e+05
1.9009e+05
1.8855e+05
1.8698e+05
1.8538e+05
1.8377e+05
1.8212e+05
1.8045e+05
1.7876e+05
1.7703e+05
1.7528e+05
1.7351e+05
1.717e+05
1.6986e+05
1.68e+05
1.6611e+05
1.6418e+05
1.6223e+05
1.6025e+05
1.5823e+05
1.5619e+05
1.5412e+05
1.5201e+05
1.4988e+05
1.4772e+05
1.4553e+05
1.433e+05
1.4106e+05
1.3878e+05
1.3647e+05
1.3414e+05
1.3179e+05
1.294e+05
1.2699e+05
1.2456e+05
1.2211e+05
1.1963e+05
1.1713e+05
1.1461e+05
1.1208e+05
1.0952e+05
1.0695e+05
1.0437e+05
1.0177e+05
99155
96533
93903
91265
88622
85975
83326
80677
78030
75387
72749
70120
67501
64895
62303
59728
57173
54639
52129
49645
47191
44769
42380
40028
37716
35445
33219
31041
28912
26836
24816
22854
20953
19116
17346
15645
14016
12462
10986
9589.9
8277.4
7050.9
5913.2
4866.8
3914.7
3059.3
2303.3
1649.4
1100.2
658.11
325.75
105.57
0
11.431
142.2
394.61
770.89
1273.2
1903.8
2664.6
3557.7
4585
5748.4
7049.7
8490.7
10073
11798
13668
15684
17846
20158
22619
25231
27994
30911
33981
37206
40585
44120
47811
51659
55663
59824
64142
68616
73248
78036
82980
88079
93334
98744
1.0431e+05
1.1002e+05
1.1589e+05
1.2191e+05
1.2808e+05
1.3439e+05
1.4086e+05
1.4746e+05
1.5422e+05
1.6111e+05
1.6814e+05
1.7532e+05
1.8263e+05
1.9007e+05
1.9764e+05
2.0535e+05
2.1318e+05
2.2114e+05
2.2921e+05
2.3741e+05
2.4573e+05
2.5415e+05
2.6269e+05
2.7134e+05
2.8009e+05
2.8894e+05
2.9789e+05
3.0693e+05
3.1606e+05
3.2528e+05
3.3459e+05
3.4397e+05
3.5343e+05
3.6296e+05
3.7256e+05
3.8223e+05
3.9195e+05
4.0174e+05
4.1157e+05
4.2145e+05
4.3137e+05
4.4134e+05
4.5133e+05
4.6136e+05
4.7142e+05
4.8149e+05
4.9158e+05
5.0169e+05
5.118e+05
5.2191e+05
5.3203e+05
5.4214e+05
5.5223e+05
5.6231e+05
5.7237e+05
5.8241e+05
5.9241e+05
6.0238e+05
6.1232e+05
6.222e+05
6.3204e+05
6.4183e+05
6.5156e+05
6.6123e+05
6.7083e+05
6.8035e+05
6.898e+05
6.9918e+05
7.0846e+05
7.1766e+05
7.2676e+05
7.3576e+05
7.4466e+05
7.5346e+05
7.6214e+05
7.707e+05
7.7915e+05
7.8747e+05
7.9567e+05
8.0373e+05
8.1166e+05
8.1945e+05
8.2709e+05
8.3459e+05
8.4194e+05
8.4913e+05
8.5617e+05
8.6304e+05
8.6976e+05
8.763e+05
8.8268e+05
8.8888e+05
8.949e+05
9.0075e+05
9.0642e+05
9.119e+05
9.1719e+05
9.223e+05
9.2721e+05
9.3193e+05
9.3646e+05
9.4079e+05
9.4491e+05
9.4884e+05
9.5256e+05
9.5608e+05
9.594e+05
9.625e+05
9.654e+05
9.6809e+05
9.7057e+05
9.7284e+05
9.7489e+05
9.7673e+05
9.7836e+05
9.7978e+05
9.8098e+05
9.8197e+05
9.8274e+05
9.833e+05
9.8365e+05
9.8378e+05
9.8369e+05
9.834e+05
9.8289e+05
9.8217e+05
9.8125e+05
9.8011e+05
9.7876e+05
9.772e+05
9.7544e+05
9.7348e+05
9.7131e+05
9.6894e+05
9.6636e+05
9.6359e+05
9.6063e+05
9.5747e+05
9.5411e+05
9.5057e+05
9.4684e+05
9.4292e+05
9.3882e+05
9.3453e+05
9.3007e+05
9.2544e+05
9.2063e+05
9.1565e+05
9.105e+05
9.0519e+05
8.9971e+05
8.9408e+05
8.883e+05
8.8236e+05
8.7627e+05
8.7004e+05
8.6367e+05
8.5716e+05
8.5051e+05
8.4373e+05
8.3683e+05
8.298e+05
8.2265e+05
8.1538e+05
8.08e+05
8.0051e+05
7.9292e+05
7.8522e+05
7.7743e+05
7.6955e+05
7.6157e+05
7.5351e+05
7.4536e+05
7.3714e+05
7.2885e+05
7.2048e+05
7.1205e+05
7.0356e+05
6.95e+05
6.864e+05
6.7774e+05
6.6904e+05
6.603e+05
6.5151e+05
6.427e+05
6.3385e+05
6.2498e+05
6.1608e+05
6.0716e+05
5.9823e+05
5.8929e+05
5.8034e+05
5.7139e+05
5.6244e+05
5.5349e+05
5.4454e+05
5.3561e+05
5.2669e+05
5.1779e+05
5.0891e+05
5.0006e+05
4.9123e+05
4.8243e+05
4.7367e+05
4.6495e+05
4.5626e+05
4.4762e+05
4.3903e+05
4.3048e+05
4.2199e+05
4.1355e+05
4.0517e+05
3.9685e+05
3.8859e+05
3.804e+05
3.7228e+05
3.6423e+05
3.5625e+05
3.4834e+05
3.4052e+05
3.3277e+05
3.251e+05
3.1752e+05
3.1002e+05
3.0261e+05
2.9529e+05
2.8805e+05
2.8091e+05
2.7387e+05
2.6692e+05
2.6006e+05
2.533e+05
2.4665e+05
2.4009e+05
2.3363e+05
2.2727e+05
2.2102e+05
2.1487e+05
2.0883e+05
2.0289e+05
1.9706e+05
1.9133e+05
1.8571e+05
1.802e+05
1.7479e+05
1.6949e+05
1.6431e+05
1.5923e+05
1.5425e+05
1.4939e+05
1.4463e+05
1.3999e+05
1.3545e+05
1.3101e+05
1.2669e+05
1.2247e+05
1.1836e+05
1.1435e+05
1.1046e+05
1.0666e+05
1.0297e+05
99382
95898
92515
89234
86052
82970
79986
77099
74308
71612
69010
66501
64082
61754
59514
57362
55296
53314
51416
49600
47863
46206
44626
43121
41691
40333
39047
37829
36680
35597
34578
33623
32729
31894
31118
30397
29732
29119
28558
28047
27584
27167
26795
26467
26180
25932
25724
25552
25415
25312
25241
25201
25190
25206
25249
25316
25407
25519
25652
25804
25974
26160
26362
26577
26805
27044
27293
27552
27818
28092
28371
28654
28942
29232
29523
29816
30108
30399
30688
30975
31258
31537
31811
32079
32341
32596
32844
33083
33314
33535
33747
33948
34139
34318
34487
34643
34788
34920
35040
35146
35240
