75331
78827
82401
86050
89768
93552
97397
1.013e+05
1.0525e+05
1.0925e+05
1.1329e+05
1.1737e+05
1.2148e+05
1.2562e+05
1.2978e+05
1.3396e+05
1.3815e+05
1.4235e+05
1.4655e+05
1.5074e+05
1.5493e+05
1.591e+05
1.6326e+05
1.6739e+05
1.7149e+05
1.7556e+05
1.796e+05
1.8359e+05
1.8754e+05
1.9143e+05
1.9527e+05
1.9906e+05
2.0278e+05
2.0643e+05
2.1001e+05
2.1352e+05
2.1695e+05
2.203e+05
2.2356e+05
2.2674e+05
2.2984e+05
2.3284e+05
2.3574e+05
2.3855e+05
2.4127e+05
2.4388e+05
2.4639e+05
2.488e+05
2.5111e+05
2.5331e+05
2.5541e+05
2.574e+05
2.5929e+05
2.6107e+05
2.6274e+05
2.6431e+05
2.6577e+05
2.6713e+05
2.6839e+05
2.6954e+05
2.7059e+05
2.7154e+05
2.7239e+05
2.7314e+05
2.738e+05
2.7436e+05
2.7483e+05
2.7522e+05
2.7551e+05
2.7572e+05
2.7585e+05
2.759e+05
2.7587e+05
2.7577e+05
2.756e+05
2.7535e+05
2.7505e+05
2.7468e+05
2.7425e+05
2.7377e+05
2.7323e+05
2.7265e+05
2.7202e+05
2.7135e+05
2.7063e+05
2.6989e+05
2.691e+05
2.6829e+05
2.6745e+05
2.6659e+05
2.6571e+05
2.6482e+05
2.639e+05
2.6298e+05
2.6205e+05
2.6112e+05
2.6018e+05
2.5924e+05
2.583e+05
2.5738e+05
2.5645e+05
2.5554e+05
2.5464e+05
2.5376e+05
2.5289e+05
2.5205e+05
2.5122e+05
2.5041e+05
2.4963e+05
2.4887e+05
2.4814e+05
2.4744e+05
2.4677e+05
2.4612e+05
2.4551e+05
2.4493e+05
2.4438e+05
2.4387e+05
2.4338e+05
2.4293e+05
2.4252e+05
2.4214e+05
2.4179e+05
2.4148e+05
2.412e+05
2.4095e+05
2.4074e+05
2.4056e+05
2.4041e+05
2.403e+05
2.4021e+05
2.4015e+05
2.4013e+05
2.4013e+05
2.4016e+05
2.4021e+05
2.4029e+05
2.4039e+05
2.4052e+05
2.4066e+05
2.4083e+05
2.4101e+05
2.4121e+05
2.4143e+05
2.4166e+05
2.419e+05
2.4216e+05
2.4242e+05
2.4269e+05
2.4297e+05
2.4326e+05
2.4355e+05
2.4384e+05
2.4413e+05
2.4442e+05
2.4471e+05
2.4499e+05
2.4527e+05
2.4554e+05
2.4581e+05
2.4606e+05
2.463e+05
2.4653e+05
2.4675e+05
2.4695e+05
2.4714e+05
2.473e+05
2.4745e+05
2.4758e+05
2.4769e+05
2.4777e+05
2.4783e+05
2.4787e+05
2.4788e+05
2.4787e+05
2.4782e+05
2.4775e+05
2.4765e+05
2.4752e+05
2.4736e+05
2.4716e+05
2.4694e+05
2.4668e+05
2.4638e+05
2.4605e+05
2.4569e+05
2.4529e+05
2.4485e+05
2.4437e+05
2.4386e+05
2.4331e+05
2.4272e+05
2.4209e+05
2.4143e+05
2.4072e+05
2.3997e+05
2.3918e+05
2.3835e+05
2.3748e+05
2.3657e+05
2.3561e+05
2.3462e+05
2.3358e+05
2.325e+05
2.3137e+05
2.3021e+05
2.29e+05
2.2775e+05
2.2645e+05
2.2512e+05
2.2374e+05
2.2232e+05
2.2085e+05
2.1934e+05
2.1779e+05
2.162e+05
2.1457e+05
2.1289e+05
2.1118e+05
2.0942e+05
2.0762e+05
2.0578e+05
2.0391e+05
2.0199e+05
2.0003e+05
1.9804e+05
1.9601e+05
1.9394e+05
1.9183e+05
1.8969e+05
1.8751e+05
1.853e+05
1.8306e+05
1.8079e+05
1.7848e+05
1.7614e+05
1.7378e+05
1.7139e+05
1.6897e+05
1.6652e+05
1.6405e+05
1.6156e+05
1.5904e+05
1.5651e+05
1.5396e+05
1.5139e+05
1.488e+05
1.462e+05
1.4359e+05
1.4097e+05
1.3834e+05
1.357e+05
1.3306e+05
1.3041e+05
1.2777e+05
1.2512e+05
1.2247e+05
1.1983e+05
1.172e+05
1.1457e+05
1.1196e+05
1.0935e+05
1.0677e+05
1.0419e+05
1.0164e+05
99107
96596
94109
91649
89217
86816
84446
82111
79812
77551
75329
73148
71010
68916
66868
64868
62916
61014
59163
57365
55620
53929
52293
50713
49190
47724
46315
44964
43671
42436
41260
40141
39080
38077
37131
36241
35406
34627
33902
33229
32608
32038
31517
31043
30616
30232
29892
29592
29331
29106
28916
28759
28631
28532
28458
28407
28376
28363
28366
28382
28408
28442
28481
28523
28565
28604
28639
28666
28683
28688
28678
28652
28607
28541
28453
28339
28200
28032
27835
27607
27348
27055
26729
26368
25972
25541
25074
24571
24034
23461
22854
22213
21540
20836
20102
19340
18551
17739
16905
16051
15181
14298
13404
12503
11599
10696
9796.8
8906.8
8030
7171.1
6334.9
5526.3
4750.6
4012.9
3318.8
2673.9
2083.9
1554.8
1092.4
703.03
392.75
167.9
34.835
0
69.879
251
549.91
973.19
1527.4
2219.1
3054.9
4041.2
5184.4
6491.1
7967.3
9619.5
11454
13476
15692
18107
20727
23558
26605
29872
33364
37086
41042
45236
49672
54354
59284
64466
69902
75594
81544
87755
94227
1.0096e+05
1.0796e+05
1.1522e+05
1.2274e+05
1.3052e+05
1.3857e+05
1.4688e+05
1.5544e+05
1.6426e+05
1.7334e+05
1.8266e+05
1.9223e+05
2.0205e+05
2.1211e+05
2.224e+05
2.3292e+05
2.4367e+05
2.5464e+05
2.6582e+05
2.7721e+05
2.888e+05
3.0058e+05
3.1255e+05
3.247e+05
3.3701e+05
3.4949e+05
3.6212e+05
3.749e+05
3.878e+05
4.0084e+05
4.1399e+05
4.2724e+05
4.4058e+05
4.5401e+05
4.6751e+05
4.8107e+05
4.9468e+05
5.0832e+05
5.22e+05
5.3568e+05
5.4937e+05
5.6305e+05
5.767e+05
5.9033e+05
6.039e+05
6.1741e+05
6.3085e+05
6.4421e+05
6.5747e+05
6.7062e+05
6.8364e+05
6.9654e+05
7.0928e+05
7.2187e+05
7.3428e+05
7.4651e+05
7.5855e+05
7.7038e+05
7.8199e+05
7.9337e+05
8.0451e+05
8.154e+05
8.2602e+05
8.3637e+05
8.4644e+05
8.5622e+05
8.6569e+05
8.7486e+05
8.837e+05
8.9221e+05
9.0039e+05
9.0821e+05
9.1569e+05
9.2281e+05
9.2956e+05
9.3593e+05
9.4193e+05
9.4754e+05
9.5277e+05
9.5759e+05
9.6202e+05
9.6605e+05
9.6967e+05
9.7289e+05
9.7569e+05
9.7808e+05
9.8005e+05
9.8161e+05
9.8275e+05
9.8347e+05
9.8378e+05
9.8367e+05
9.8314e+05
9.8221e+05
9.8086e+05
9.791e+05
9.7694e+05
9.7437e+05
9.714e+05
9.6804e+05
9.6429e+05
9.6016e+05
9.5564e+05
9.5075e+05
9.4549e+05
9.3987e+05
9.3389e+05
9.2756e+05
9.209e+05
9.139e+05
9.0657e+05
8.9893e+05
8.9098e+05
8.8273e+05
8.7418e+05
8.6536e+05
8.5627e+05
8.4691e+05
8.373e+05
8.2745e+05
8.1737e+05
8.0706e+05
7.9655e+05
7.8583e+05
7.7492e+05
7.6384e+05
7.5259e+05
7.4117e+05
7.2962e+05
7.1793e+05
7.0611e+05
6.9418e+05
6.8215e+05
6.7002e+05
6.5782e+05
6.4555e+05
6.3322e+05
6.2084e+05
6.0842e+05
5.9597e+05
5.8351e+05
5.7104e+05
5.5858e+05
5.4613e+05
5.337e+05
5.213e+05
5.0895e+05
4.9665e+05
4.8441e+05
4.7223e+05
4.6014e+05
4.4813e+05
4.3622e+05
4.244e+05
4.127e+05
4.0111e+05
3.8965e+05
3.7832e+05
3.6712e+05
3.5607e+05
3.4517e+05
3.3442e+05
3.2383e+05
3.1341e+05
3.0316e+05
2.9308e+05
2.8319e+05
2.7347e+05
2.6394e+05
2.5461e+05
2.4546e+05
2.3652e+05
2.2777e+05
2.1922e+05
2.1087e+05
2.0273e+05
1.948e+05
1.8707e+05
1.7955e+05
1.7224e+05
1.6513e+05
1.5824e+05
1.5155e+05
1.4508e+05
1.3881e+05
1.3275e+05
1.2689e+05
1.2124e+05
1.1579e+05
1.1055e+05
1.055e+05
1.0065e+05
96000
91540
87270
83187
79290
75574
72037
68675
65484
62463
59605
56909
54370
51984
49747
47655
45705
43892
42211
40659
39232
37924
36732
35652
34679
33809
33038
32361
31774
31273
30854
30513
30245
30046
29913
29842
29828
29869
29959
30096
30275
30494
30749
31036
31353
31696
32062
32448
32851
33268
33697
34135
34579
35028
35478
35928
36376
36818
37255
37683
38101
38507
38901
39279
39642
39988
40315
40623
40911
41177
41422
41643
41842
42016
42166
42292
42392
42467
42516
42540
42537
42510
42456
42377
42273
42143
41989
41810
41607
41381
41130
40858
40562
40245
39907
39549
39170
38772
38356
37922
37470
37002
36519
36020
35507
34981
34442
33892
33330
32758
32176
31586
30988
30382
29770
29153
28530
27903
27273
26640
26004
25368
24730
24092
23455
22819
22185
21553
