6.1815e+05
6.2502e+05
6.3169e+05
6.3817e+05
6.4445e+05
6.5052e+05
6.5639e+05
6.6205e+05
6.675e+05
6.7273e+05
6.7774e+05
6.8254e+05
6.8711e+05
6.9146e+05
6.9558e+05
6.9948e+05
7.0315e+05
7.066e+05
7.0981e+05
7.128e+05
7.1556e+05
7.1809e+05
7.2039e+05
7.2247e+05
7.2432e+05
7.2594e+05
7.2734e+05
7.2852e+05
7.2948e+05
7.3022e+05
7.3074e+05
7.3105e+05
7.3115e+05
7.3104e+05
7.3072e+05
7.302e+05
7.2948e+05
7.2856e+05
7.2745e+05
7.2615e+05
7.2467e+05
7.23e+05
7.2116e+05
7.1915e+05
7.1696e+05
7.1461e+05
7.1211e+05
7.0944e+05
7.0663e+05
7.0368e+05
7.0058e+05
6.9735e+05
6.9399e+05
6.905e+05
6.869e+05
6.8318e+05
6.7936e+05
6.7543e+05
6.7141e+05
6.6729e+05
6.6309e+05
6.5881e+05
6.5446e+05
6.5004e+05
6.4556e+05
6.4101e+05
6.3642e+05
6.3179e+05
6.2711e+05
6.224e+05
6.1766e+05
6.129e+05
6.0812e+05
6.0333e+05
5.9854e+05
5.9374e+05
5.8895e+05
5.8417e+05
5.7941e+05
5.7466e+05
5.6994e+05
5.6526e+05
5.6061e+05
5.56e+05
5.5143e+05
5.4692e+05
5.4246e+05
5.3806e+05
5.3372e+05
5.2945e+05
5.2525e+05
5.2112e+05
5.1708e+05
5.1312e+05
5.0924e+05
5.0546e+05
5.0177e+05
4.9817e+05
4.9467e+05
4.9128e+05
4.8799e+05
4.848e+05
4.8173e+05
4.7877e+05
4.7592e+05
4.7318e+05
4.7057e+05
4.6807e+05
4.6569e+05
4.6343e+05
4.613e+05
4.5929e+05
4.574e+05
4.5563e+05
4.54e+05
4.5248e+05
4.5109e+05
4.4983e+05
4.4869e+05
4.4768e+05
4.4679e+05
4.4602e+05
4.4538e+05
4.4485e+05
4.4445e+05
4.4417e+05
4.44e+05
4.4395e+05
4.4401e+05
4.4419e+05
4.4447e+05
4.4487e+05
4.4537e+05
4.4597e+05
4.4668e+05
4.4748e+05
4.4838e+05
4.4937e+05
4.5046e+05
4.5163e+05
4.5288e+05
4.5422e+05
4.5563e+05
4.5712e+05
4.5867e+05
4.603e+05
4.6199e+05
4.6374e+05
4.6554e+05
4.674e+05
4.693e+05
4.7125e+05
4.7325e+05
4.7528e+05
4.7734e+05
4.7943e+05
4.8154e+05
4.8368e+05
4.8583e+05
4.88e+05
4.9017e+05
4.9235e+05
4.9453e+05
4.967e+05
4.9887e+05
5.0102e+05
5.0316e+05
5.0528e+05
5.0737e+05
5.0944e+05
5.1148e+05
5.1347e+05
5.1543e+05
5.1735e+05
5.1922e+05
5.2103e+05
5.2279e+05
5.245e+05
5.2614e+05
5.2772e+05
5.2922e+05
5.3066e+05
5.3202e+05
5.333e+05
5.345e+05
5.3562e+05
5.3665e+05
5.3759e+05
5.3844e+05
5.3919e+05
5.3984e+05
5.4039e+05
5.4084e+05
5.4119e+05
5.4143e+05
5.4155e+05
5.4157e+05
5.4148e+05
5.4127e+05
5.4094e+05
5.405e+05
5.3994e+05
5.3926e+05
5.3846e+05
5.3753e+05
5.3648e+05
5.3531e+05
5.3402e+05
5.326e+05
5.3105e+05
5.2938e+05
5.2759e+05
5.2566e+05
5.2362e+05
5.2144e+05
5.1915e+05
5.1672e+05
5.1418e+05
5.1151e+05
5.0872e+05
5.058e+05
5.0277e+05
4.9961e+05
4.9634e+05
4.9295e+05
4.8945e+05
4.8583e+05
4.8209e+05
4.7825e+05
4.743e+05
4.7024e+05
4.6608e+05
4.6182e+05
4.5745e+05
4.5299e+05
4.4843e+05
4.4378e+05
4.3904e+05
4.3421e+05
4.293e+05
4.243e+05
4.1923e+05
4.1408e+05
4.0885e+05
4.0356e+05
3.982e+05
3.9278e+05
3.873e+05
3.8176e+05
3.7617e+05
3.7053e+05
3.6484e+05
3.5911e+05
3.5334e+05
3.4754e+05
3.4171e+05
3.3585e+05
3.2997e+05
3.2407e+05
3.1815e+05
3.1222e+05
3.0628e+05
3.0034e+05
2.944e+05
2.8846e+05
2.8254e+05
2.7662e+05
2.7072e+05
2.6485e+05
2.5899e+05
2.5317e+05
2.4738e+05
2.4162e+05
2.3591e+05
2.3024e+05
2.2462e+05
2.1905e+05
2.1354e+05
2.0809e+05
2.027e+05
1.9739e+05
1.9214e+05
1.8697e+05
1.8188e+05
1.7688e+05
1.7196e+05
1.6713e+05
1.624e+05
1.5776e+05
1.5323e+05
1.488e+05
1.4448e+05
1.4027e+05
1.3618e+05
1.322e+05
1.2835e+05
1.2462e+05
1.2102e+05
1.1754e+05
1.142e+05
1.11e+05
1.0793e+05
1.0501e+05
1.0223e+05
99592
97105
94769
92586
90557
88685
86972
85420
84030
82803
81743
80849
80123
79567
79182
78968
78926
79059
79365
79846
80502
81334
82342
83526
84887
86424
88138
90027
92093
94334
96750
99340
1.021e+05
1.0504e+05
1.0815e+05
1.1143e+05
1.1488e+05
1.185e+05
1.2228e+05
1.2624e+05
1.3035e+05
1.3463e+05
1.3908e+05
1.4368e+05
1.4844e+05
1.5335e+05
1.5842e+05
1.6364e+05
1.6902e+05
1.7454e+05
1.802e+05
1.8601e+05
1.9196e+05
1.9804e+05
2.0426e+05
2.1062e+05
2.171e+05
2.2371e+05
2.3045e+05
2.373e+05
2.4428e+05
2.5137e+05
2.5857e+05
2.6588e+05
2.733e+05
2.8082e+05
2.8844e+05
2.9616e+05
3.0397e+05
3.1186e+05
3.1985e+05
3.2791e+05
3.3606e+05
3.4428e+05
3.5257e+05
3.6093e+05
3.6935e+05
3.7783e+05
3.8637e+05
3.9497e+05
4.0361e+05
4.123e+05
4.2103e+05
4.2981e+05
4.3861e+05
4.4745e+05
4.5631e+05
4.652e+05
4.7411e+05
4.8303e+05
4.9197e+05
5.0091e+05
5.0986e+05
5.1881e+05
5.2776e+05
5.367e+05
5.4563e+05
5.5455e+05
5.6345e+05
5.7234e+05
5.8119e+05
5.9003e+05
5.9882e+05
6.0759e+05
6.1632e+05
6.25e+05
6.3365e+05
6.4224e+05
6.5078e+05
6.5927e+05
6.677e+05
6.7607e+05
6.8438e+05
6.9262e+05
7.0079e+05
7.0889e+05
7.1691e+05
7.2485e+05
7.3272e+05
7.405e+05
7.4819e+05
7.5579e+05
7.633e+05
7.7072e+05
7.7804e+05
7.8526e+05
7.9237e+05
7.9939e+05
8.0629e+05
8.1309e+05
8.1978e+05
8.2636e+05
8.3282e+05
8.3916e+05
8.4539e+05
8.515e+05
8.5748e+05
8.6334e+05
8.6907e+05
8.7468e+05
8.8016e+05
8.8551e+05
8.9072e+05
8.9581e+05
9.0076e+05
9.0557e+05
9.1025e+05
9.1479e+05
9.1919e+05
9.2345e+05
9.2757e+05
9.3155e+05
9.3539e+05
9.3908e+05
9.4263e+05
9.4603e+05
9.4929e+05
9.5241e+05
9.5537e+05
9.582e+05
9.6087e+05
9.634e+05
9.6578e+05
9.6801e+05
9.7009e+05
9.7203e+05
9.7382e+05
9.7546e+05
9.7695e+05
9.7829e+05
9.7949e+05
9.8054e+05
9.8144e+05
9.8219e+05
9.828e+05
9.8326e+05
9.8358e+05
9.8375e+05
9.8378e+05
9.8366e+05
9.834e+05
9.8299e+05
9.8244e+05
9.8176e+05
9.8093e+05
9.7996e+05
9.7885e+05
9.776e+05
9.7622e+05
9.747e+05
9.7304e+05
9.7126e+05
9.6933e+05
9.6728e+05
9.6509e+05
9.6278e+05
9.6034e+05
9.5777e+05
9.5507e+05
9.5225e+05
9.493e+05
9.4624e+05
9.4305e+05
9.3975e+05
9.3632e+05
9.3279e+05
9.2913e+05
9.2537e+05
9.2149e+05
9.175e+05
9.134e+05
9.092e+05
9.0489e+05
9.0048e+05
8.9597e+05
8.9136e+05
8.8665e+05
8.8184e+05
8.7694e+05
8.7194e+05
8.6686e+05
8.6169e+05
8.5642e+05
8.5108e+05
8.4565e+05
8.4014e+05
8.3454e+05
8.2887e+05
8.2313e+05
8.1731e+05
8.1142e+05
8.0546e+05
7.9943e+05
7.9333e+05
7.8718e+05
7.8095e+05
7.7467e+05
7.6833e+05
7.6194e+05
7.5549e+05
7.4899e+05
7.4244e+05
7.3584e+05
7.292e+05
7.2251e+05
7.1578e+05
7.0901e+05
7.022e+05
6.9536e+05
6.8848e+05
6.8157e+05
6.7463e+05
6.6766e+05
6.6067e+05
6.5366e+05
6.4662e+05
6.3956e+05
6.3249e+05
6.254e+05
6.1829e+05
6.1118e+05
6.0405e+05
5.9692e+05
5.8978e+05
5.8263e+05
5.7548e+05
5.6834e+05
5.6119e+05
5.5405e+05
5.4691e+05
5.3978e+05
5.3265e+05
5.2554e+05
5.1844e+05
5.1135e+05
5.0428e+05
4.9723e+05
4.9019e+05
4.8317e+05
4.7618e+05
4.6921e+05
4.6226e+05
4.5535e+05
4.4845e+05
4.4159e+05
4.3476e+05
4.2797e+05
4.212e+05
4.1447e+05
4.0778e+05
4.0112e+05
3.9451e+05
3.8793e+05
3.814e+05
3.7491e+05
3.6846e+05
3.6206e+05
3.557e+05
3.494e+05
3.4313e+05
3.3692e+05
3.3076e+05
3.2465e+05
3.186e+05
3.1259e+05
3.0664e+05
3.0074e+05
2.949e+05
2.8912e+05
2.8339e+05
2.7772e+05
2.7211e+05
2.6656e+05
2.6106e+05
2.5563e+05
2.5026e+05
2.4495e+05
2.397e+05
2.3451e+05
2.2939e+05
2.2432e+05
2.1933e+05
2.1439e+05
2.0952e+05
2.0471e+05
1.9997e+05
1.9529e+05
1.9067e+05
1.8613e+05
1.8164e+05
1.7722e+05
1.7287e+05
1.6858e+05
1.6436e+05
1.602e+05
1.5611e+05
1.5208e+05
1.4811e+05
1.4422e+05
1.4038e+05
1.3661e+05
1.3291e+05
1.2927e+05
1.2569e+05
1.2218e+05
1.1873e+05
1.1535e+05
1.1202e+05
1.0876e+05
1.0557e+05
1.0243e+05
99356
96342
93389
90496
87663
84890
82175
79518
76920
74378
71894
69465
67093
64775
62512
60304
58148
56045
53994
51995
50047
48149
46300
44501
42750
41046
39389
37779
36214
34695
33219
31787
30398
29051
27745
26481
25256
24071
22924
21815
20744
19709
18710
17746
16816
15921
15058
14227
13429
12661
11923
11216
10536
9885.6
9262.2
8665.7
8095.4
7550.5
7030.5
6534.7
6062.3
5612.9
5185.6
4779.9
4395.2
4030.7
3685.9
3360.1
3052.8
2763.2
2490.9
2235.1
1995.4
1771
1561.5
1366.3
1184.7
1016.2
860.32
716.4
583.94
462.4
351.23
249.93
157.96
74.818
0
