9.8378e+05
9.7986e+05
9.7587e+05
9.7181e+05
9.6767e+05
9.6347e+05
9.592e+05
9.5485e+05
9.5044e+05
9.4597e+05
9.4143e+05
9.3683e+05
9.3217e+05
9.2744e+05
9.2266e+05
9.1782e+05
9.1293e+05
9.0797e+05
9.0297e+05
8.9791e+05
8.928e+05
8.8764e+05
8.8243e+05
8.7717e+05
8.7186e+05
8.6651e+05
8.6112e+05
8.5568e+05
8.5021e+05
8.4469e+05
8.3913e+05
8.3353e+05
8.279e+05
8.2223e+05
8.1653e+05
8.108e+05
8.0503e+05
7.9923e+05
7.9341e+05
7.8755e+05
7.8167e+05
7.7576e+05
7.6983e+05
7.6387e+05
7.5789e+05
7.5189e+05
7.4587e+05
7.3983e+05
7.3378e+05
7.277e+05
7.2161e+05
7.1551e+05
7.0939e+05
7.0326e+05
6.9712e+05
6.9097e+05
6.8481e+05
6.7864e+05
6.7247e+05
6.6629e+05
6.601e+05
6.5391e+05
6.4772e+05
6.4152e+05
6.3533e+05
6.2913e+05
6.2294e+05
6.1675e+05
6.1056e+05
6.0437e+05
5.9819e+05
5.9202e+05
5.8585e+05
5.7969e+05
5.7354e+05
5.674e+05
5.6127e+05
5.5515e+05
5.4904e+05
5.4295e+05
5.3687e+05
5.308e+05
5.2475e+05
5.1872e+05
5.127e+05
5.067e+05
5.0072e+05
4.9476e+05
4.8881e+05
4.8289e+05
4.77e+05
4.7112e+05
4.6527e+05
4.5944e+05
4.5363e+05
4.4785e+05
4.421e+05
4.3637e+05
4.3067e+05
4.25e+05
4.1935e+05
4.1374e+05
4.0815e+05
4.026e+05
3.9707e+05
3.9158e+05
3.8612e+05
3.8069e+05
3.753e+05
3.6994e+05
3.6461e+05
3.5932e+05
3.5406e+05
3.4884e+05
3.4366e+05
3.3851e+05
3.334e+05
3.2832e+05
3.2329e+05
3.1829e+05
3.1333e+05
3.0841e+05
3.0354e+05
2.987e+05
2.939e+05
2.8914e+05
2.8442e+05
2.7975e+05
2.7512e+05
2.7053e+05
2.6598e+05
2.6148e+05
2.5701e+05
2.526e+05
2.4822e+05
2.4389e+05
2.3961e+05
2.3537e+05
2.3117e+05
2.2702e+05
2.2291e+05
2.1886e+05
2.1484e+05
2.1087e+05
2.0695e+05
2.0308e+05
1.9925e+05
1.9547e+05
1.9173e+05
1.8804e+05
1.844e+05
1.8081e+05
1.7726e+05
1.7377e+05
1.7032e+05
1.6691e+05
1.6356e+05
1.6025e+05
1.57e+05
1.5379e+05
1.5062e+05
1.4751e+05
1.4444e+05
1.4143e+05
1.3846e+05
1.3554e+05
1.3267e+05
1.2985e+05
1.2707e+05
1.2435e+05
1.2167e+05
1.1904e+05
1.1646e+05
1.1393e+05
1.1144e+05
1.0901e+05
1.0662e+05
1.0428e+05
1.0199e+05
99752
97558
95412
93313
91263
89260
87305
85397
83537
81724
79958
78239
76567
74941
73362
71829
70343
68903
67508
66160
64857
63599
62386
61218
60095
59017
57983
56993
56047
55145
54286
53470
52697
51967
51280
50635
50032
49470
48950
48472
48034
47637
47280
46964
46687
46450
46252
46094
45974
45892
45848
45843
45874
45944
46049
46192
46371
46585
46836
47121
47442
47797
48186
48610
49067
49558
50081
50637
51225
51846
52497
53181
53895
54639
55414
56219
57053
57916
58808
59728
60677
61653
62656
63687
64744
65827
66936
68071
69230
70415
71623
72856
74113
75392
76695
78020
79367
80736
82127
83538
84970
86422
87895
89386
90897
92427
93974
95540
97124
98725
1.0034e+05
1.0198e+05
1.0363e+05
1.0529e+05
1.0697e+05
1.0867e+05
1.1038e+05
1.1211e+05
1.1385e+05
1.156e+05
1.1736e+05
1.1914e+05
1.2093e+05
1.2274e+05
1.2455e+05
1.2638e+05
1.2821e+05
1.3006e+05
1.3192e+05
1.3379e+05
1.3566e+05
1.3755e+05
1.3944e+05
1.4134e+05
1.4326e+05
1.4517e+05
1.471e+05
1.4903e+05
1.5097e+05
1.5292e+05
1.5487e+05
1.5683e+05
1.5879e+05
1.6075e+05
1.6273e+05
1.647e+05
1.6668e+05
1.6866e+05
1.7065e+05
1.7264e+05
1.7463e+05
1.7662e+05
1.7861e+05
1.8061e+05
1.8261e+05
1.8461e+05
1.866e+05
1.886e+05
1.906e+05
1.926e+05
1.9459e+05
1.9659e+05
1.9858e+05
2.0058e+05
2.0257e+05
2.0455e+05
2.0654e+05
2.0852e+05
2.105e+05
2.1247e+05
2.1444e+05
2.1641e+05
2.1837e+05
2.2033e+05
2.2228e+05
2.2423e+05
2.2617e+05
2.281e+05
2.3003e+05
2.3195e+05
2.3387e+05
2.3578e+05
2.3768e+05
2.3957e+05
2.4146e+05
2.4333e+05
2.452e+05
2.4706e+05
2.4891e+05
2.5075e+05
2.5258e+05
2.5441e+05
2.5622e+05
2.5802e+05
2.5981e+05
2.6159e+05
2.6336e+05
2.6512e+05
2.6687e+05
2.6861e+05
2.7033e+05
2.7204e+05
2.7374e+05
2.7543e+05
2.771e+05
2.7877e+05
2.8041e+05
2.8205e+05
2.8367e+05
2.8528e+05
2.8687e+05
2.8845e+05
2.9002e+05
2.9157e+05
2.931e+05
2.9463e+05
2.9613e+05
2.9762e+05
2.991e+05
3.0056e+05
3.02e+05
3.0343e+05
3.0484e+05
3.0624e+05
3.0762e+05
3.0898e+05
3.1032e+05
3.1165e+05
3.1297e+05
3.1426e+05
3.1554e+05
3.168e+05
3.1804e+05
3.1926e+05
3.2047e+05
3.2166e+05
3.2283e+05
3.2398e+05
3.2512e+05
3.2623e+05
3.2733e+05
3.2841e+05
3.2947e+05
3.3051e+05
3.3153e+05
3.3253e+05
3.3352e+05
3.3448e+05
3.3543e+05
3.3635e+05
3.3726e+05
3.3814e+05
3.3901e+05
3.3986e+05
3.4068e+05
3.4149e+05
3.4228e+05
3.4304e+05
3.4379e+05
3.4452e+05
3.4522e+05
3.4591e+05
3.4658e+05
3.4722e+05
3.4785e+05
3.4845e+05
3.4904e+05
3.496e+05
3.5014e+05
3.5067e+05
3.5117e+05
3.5165e+05
3.5211e+05
3.5255e+05
3.5297e+05
3.5337e+05
3.5375e+05
3.541e+05
3.5444e+05
3.5476e+05
3.5505e+05
3.5532e+05
3.5558e+05
3.5581e+05
3.5602e+05
3.5621e+05
3.5638e+05
3.5653e+05
3.5666e+05
3.5677e+05
3.5686e+05
3.5693e+05
3.5698e+05
3.57e+05
3.5701e+05
3.5699e+05
3.5696e+05
3.569e+05
3.5683e+05
3.5673e+05
3.5662e+05
3.5648e+05
3.5632e+05
3.5615e+05
3.5595e+05
3.5573e+05
3.555e+05
3.5524e+05
3.5496e+05
3.5467e+05
3.5435e+05
3.5402e+05
3.5366e+05
3.5329e+05
3.5289e+05
3.5248e+05
3.5205e+05
3.516e+05
3.5113e+05
3.5064e+05
3.5013e+05
3.496e+05
3.4906e+05
3.485e+05
3.4791e+05
3.4731e+05
3.4669e+05
3.4606e+05
3.454e+05
3.4473e+05
3.4403e+05
3.4333e+05
3.426e+05
3.4185e+05
3.4109e+05
3.4031e+05
3.3952e+05
3.387e+05
3.3787e+05
3.3702e+05
3.3616e+05
3.3528e+05
3.3438e+05
3.3347e+05
3.3254e+05
3.3159e+05
3.3063e+05
3.2965e+05
3.2866e+05
3.2765e+05
3.2662e+05
3.2558e+05
3.2453e+05
3.2346e+05
3.2237e+05
3.2127e+05
3.2016e+05
3.1903e+05
3.1788e+05
3.1673e+05
3.1555e+05
3.1437e+05
3.1317e+05
3.1195e+05
3.1073e+05
3.0949e+05
3.0823e+05
3.0697e+05
3.0569e+05
3.0439e+05
3.0309e+05
3.0177e+05
3.0044e+05
2.991e+05
2.9775e+05
2.9638e+05
2.95e+05
2.9361e+05
2.9221e+05
2.908e+05
2.8938e+05
2.8795e+05
2.865e+05
2.8505e+05
2.8358e+05
2.8211e+05
2.8062e+05
2.7912e+05
2.7762e+05
2.761e+05
2.7458e+05
2.7305e+05
2.715e+05
2.6995e+05
2.6839e+05
2.6682e+05
2.6524e+05
2.6366e+05
2.6206e+05
2.6046e+05
2.5885e+05
2.5723e+05
2.5561e+05
2.5398e+05
2.5234e+05
2.5069e+05
2.4904e+05
2.4738e+05
2.4571e+05
2.4404e+05
2.4236e+05
2.4067e+05
2.3898e+05
2.3729e+05
2.3558e+05
2.3388e+05
2.3216e+05
2.3045e+05
2.2872e+05
2.27e+05
2.2526e+05
2.2353e+05
2.2179e+05
2.2004e+05
2.1829e+05
2.1654e+05
2.1479e+05
2.1303e+05
2.1126e+05
2.095e+05
2.0773e+05
2.0596e+05
2.0418e+05
2.0241e+05
2.0063e+05
1.9885e+05
1.9706e+05
1.9528e+05
1.9349e+05
1.917e+05
1.8991e+05
1.8812e+05
1.8633e+05
1.8454e+05
1.8274e+05
1.8095e+05
1.7915e+05
1.7736e+05
1.7556e+05
1.7377e+05
1.7197e+05
1.7018e+05
1.6838e+05
1.6659e+05
1.6479e+05
1.63e+05
1.6121e+05
1.5942e+05
1.5763e+05
1.5584e+05
1.5405e+05
1.5227e+05
1.5049e+05
1.487e+05
1.4693e+05
1.4515e+05
1.4337e+05
1.416e+05
1.3983e+05
1.3806e+05
1.363e+05
1.3454e+05
1.3278e+05
1.3103e+05
1.2927e+05
1.2753e+05
1.2578e+05
1.2404e+05
1.223e+05
1.2057e+05
1.1884e+05
1.1712e+05
1.154e+05
1.1368e+05
1.1197e+05
1.1026e+05
1.0856e+05
1.0686e+05
1.0517e+05
1.0348e+05
1.018e+05
1.0012e+05
98451
96786
95126
93471
91823
90180
88544
86913
85289
83671
82060
80455
78856
77265
75680
74102
72531
70967
69410
67860
66318
64783
63256
61736
60224
58719
57222
55733
54252
52779
51314
49858
48409
46969
45537
44113
42698
41292
39894
38504
37124
35752
34389
33035
31690
30353
29026
27708
26399
25100
23809
22528
21256
19994
18740
17497
16263
15038
13823
12617
11422
10235
9058.9
7892.2
6735.2
5588.1
4450.7
3323.2
2205.6
1097.8
0
