5.6855e+05
5.744e+05
5.8006e+05
5.8554e+05
5.9083e+05
5.9593e+05
6.0084e+05
6.0555e+05
6.1007e+05
6.1438e+05
6.1849e+05
6.224e+05
6.261e+05
6.296e+05
6.3289e+05
6.3597e+05
6.3885e+05
6.4152e+05
6.4399e+05
6.4625e+05
6.4831e+05
6.5016e+05
6.5181e+05
6.5325e+05
6.545e+05
6.5555e+05
6.564e+05
6.5706e+05
6.5753e+05
6.5781e+05
6.5791e+05
6.5782e+05
6.5755e+05
6.5711e+05
6.5649e+05
6.557e+05
6.5475e+05
6.5364e+05
6.5237e+05
6.5095e+05
6.4938e+05
6.4767e+05
6.4581e+05
6.4383e+05
6.4171e+05
6.3947e+05
6.371e+05
6.3463e+05
6.3204e+05
6.2935e+05
6.2656e+05
6.2368e+05
6.2071e+05
6.1765e+05
6.1452e+05
6.1132e+05
6.0805e+05
6.0472e+05
6.0134e+05
5.9791e+05
5.9443e+05
5.9091e+05
5.8737e+05
5.8379e+05
5.8019e+05
5.7658e+05
5.7296e+05
5.6933e+05
5.657e+05
5.6207e+05
5.5845e+05
5.5485e+05
5.5127e+05
5.4772e+05
5.442e+05
5.4071e+05
5.3725e+05
5.3385e+05
5.3049e+05
5.2718e+05
5.2393e+05
5.2074e+05
5.1762e+05
5.1456e+05
5.1158e+05
5.0867e+05
5.0584e+05
5.031e+05
5.0044e+05
4.9787e+05
4.9538e+05
4.93e+05
4.907e+05
4.8851e+05
4.8642e+05
4.8443e+05
4.8254e+05
4.8077e+05
4.7909e+05
4.7753e+05
4.7608e+05
4.7474e+05
4.7351e+05
4.7239e+05
4.7139e+05
4.705e+05
4.6972e+05
4.6906e+05
4.6851e+05
4.6807e+05
4.6774e+05
4.6753e+05
4.6743e+05
4.6744e+05
4.6755e+05
4.6778e+05
4.6811e+05
4.6854e+05
4.6908e+05
4.6972e+05
4.7046e+05
4.713e+05
4.7223e+05
4.7325e+05
4.7436e+05
4.7556e+05
4.7685e+05
4.7821e+05
4.7966e+05
4.8118e+05
4.8278e+05
4.8444e+05
4.8617e+05
4.8797e+05
4.8982e+05
4.9173e+05
4.9369e+05
4.957e+05
4.9776e+05
4.9985e+05
5.0199e+05
5.0415e+05
5.0635e+05
5.0857e+05
5.1082e+05
5.1308e+05
5.1536e+05
5.1764e+05
5.1993e+05
5.2223e+05
5.2452e+05
5.268e+05
5.2907e+05
5.3133e+05
5.3357e+05
5.3579e+05
5.3798e+05
5.4014e+05
5.4227e+05
5.4436e+05
5.464e+05
5.484e+05
5.5035e+05
5.5225e+05
5.5409e+05
5.5587e+05
5.5759e+05
5.5924e+05
5.6082e+05
5.6232e+05
5.6375e+05
5.6509e+05
5.6636e+05
5.6753e+05
5.6862e+05
5.6962e+05
5.7052e+05
5.7132e+05
5.7202e+05
5.7262e+05
5.7312e+05
5.7351e+05
5.7379e+05
5.7396e+05
5.7402e+05
5.7396e+05
5.7379e+05
5.7349e+05
5.7308e+05
5.7255e+05
5.719e+05
5.7112e+05
5.7022e+05
5.6919e+05
5.6804e+05
5.6676e+05
5.6536e+05
5.6383e+05
5.6217e+05
5.6038e+05
5.5847e+05
5.5642e+05
5.5425e+05
5.5195e+05
5.4953e+05
5.4698e+05
5.443e+05
5.4149e+05
5.3857e+05
5.3551e+05
5.3234e+05
5.2905e+05
5.2563e+05
5.221e+05
5.1844e+05
5.1468e+05
5.108e+05
5.068e+05
5.027e+05
4.9849e+05
4.9417e+05
4.8975e+05
4.8522e+05
4.806e+05
4.7587e+05
4.7106e+05
4.6615e+05
4.6115e+05
4.5607e+05
4.509e+05
4.4565e+05
4.4032e+05
4.3492e+05
4.2944e+05
4.239e+05
4.1829e+05
4.1262e+05
4.0689e+05
4.011e+05
3.9526e+05
3.8938e+05
3.8345e+05
3.7747e+05
3.7146e+05
3.6542e+05
3.5935e+05
3.5325e+05
3.4712e+05
3.4098e+05
3.3482e+05
3.2866e+05
3.2248e+05
3.163e+05
3.1013e+05
3.0395e+05
2.9779e+05
2.9164e+05
2.855e+05
2.7939e+05
2.733e+05
2.6724e+05
2.6121e+05
2.5521e+05
2.4926e+05
2.4336e+05
2.375e+05
2.3169e+05
2.2594e+05
2.2025e+05
2.1462e+05
2.0907e+05
2.0358e+05
1.9817e+05
1.9284e+05
1.8759e+05
1.8242e+05
1.7735e+05
1.7237e+05
1.6749e+05
1.6271e+05
1.5803e+05
1.5346e+05
1.49e+05
1.4466e+05
1.4043e+05
1.3633e+05
1.3234e+05
1.2849e+05
1.2476e+05
1.2117e+05
1.1771e+05
1.1438e+05
1.112e+05
1.0817e+05
1.0527e+05
1.0253e+05
99937
97497
95211
93083
91114
89306
87661
86181
84867
83721
82744
81938
81305
80845
80559
80449
80515
80759
81180
81780
82560
83518
84657
85976
87475
89154
91013
93053
95272
97671
1.0025e+05
1.03e+05
1.0594e+05
1.0905e+05
1.1234e+05
1.158e+05
1.1943e+05
1.2324e+05
1.2722e+05
1.3137e+05
1.3569e+05
1.4018e+05
1.4483e+05
1.4965e+05
1.5463e+05
1.5977e+05
1.6506e+05
1.7052e+05
1.7612e+05
1.8188e+05
1.8779e+05
1.9385e+05
2.0005e+05
2.0639e+05
2.1287e+05
2.1949e+05
2.2624e+05
2.3312e+05
2.4013e+05
2.4727e+05
2.5452e+05
2.619e+05
2.6939e+05
2.7699e+05
2.8471e+05
2.9252e+05
3.0044e+05
3.0846e+05
3.1657e+05
3.2478e+05
3.3307e+05
3.4144e+05
3.499e+05
3.5843e+05
3.6703e+05
3.7571e+05
3.8445e+05
3.9325e+05
4.021e+05
4.1101e+05
4.1997e+05
4.2897e+05
4.3801e+05
4.471e+05
4.5621e+05
4.6535e+05
4.7452e+05
4.8371e+05
4.9291e+05
5.0213e+05
5.1135e+05
5.2058e+05
5.2981e+05
5.3904e+05
5.4826e+05
5.5746e+05
5.6665e+05
5.7582e+05
5.8497e+05
5.9409e+05
6.0317e+05
6.1222e+05
6.2124e+05
6.302e+05
6.3913e+05
6.48e+05
6.5681e+05
6.6557e+05
6.7426e+05
6.8289e+05
6.9145e+05
6.9994e+05
7.0835e+05
7.1669e+05
7.2494e+05
7.331e+05
7.4118e+05
7.4916e+05
7.5705e+05
7.6483e+05
7.7252e+05
7.8011e+05
7.8758e+05
7.9495e+05
8.022e+05
8.0934e+05
8.1636e+05
8.2326e+05
8.3004e+05
8.3669e+05
8.4322e+05
8.4961e+05
8.5588e+05
8.6201e+05
8.6801e+05
8.7386e+05
8.7958e+05
8.8516e+05
8.906e+05
8.9589e+05
9.0103e+05
9.0603e+05
9.1088e+05
9.1558e+05
9.2013e+05
9.2453e+05
9.2878e+05
9.3287e+05
9.368e+05
9.4058e+05
9.4421e+05
9.4767e+05
9.5098e+05
9.5413e+05
9.5713e+05
9.5996e+05
9.6263e+05
9.6515e+05
9.675e+05
9.697e+05
9.7174e+05
9.7361e+05
9.7533e+05
9.7688e+05
9.7828e+05
9.7952e+05
9.806e+05
9.8152e+05
9.8229e+05
9.8289e+05
9.8334e+05
9.8364e+05
9.8378e+05
9.8376e+05
9.8359e+05
9.8327e+05
9.828e+05
9.8217e+05
9.814e+05
9.8048e+05
9.7941e+05
9.7819e+05
9.7683e+05
9.7532e+05
9.7367e+05
9.7188e+05
9.6995e+05
9.6788e+05
9.6567e+05
9.6333e+05
9.6085e+05
9.5824e+05
9.555e+05
9.5263e+05
9.4963e+05
9.4651e+05
9.4326e+05
9.3988e+05
9.3639e+05
9.3278e+05
9.2905e+05
9.252e+05
9.2124e+05
9.1716e+05
9.1298e+05
9.0869e+05
9.0429e+05
8.9979e+05
8.9518e+05
8.9048e+05
8.8568e+05
8.8078e+05
8.7578e+05
8.707e+05
8.6552e+05
8.6025e+05
8.549e+05
8.4947e+05
8.4395e+05
8.3835e+05
8.3268e+05
8.2693e+05
8.211e+05
8.1521e+05
8.0925e+05
8.0322e+05
7.9712e+05
7.9096e+05
7.8474e+05
7.7847e+05
7.7213e+05
7.6575e+05
7.5931e+05
7.5282e+05
7.4629e+05
7.3971e+05
7.3308e+05
7.2642e+05
7.1972e+05
7.1298e+05
7.062e+05
6.994e+05
6.9256e+05
6.857e+05
6.7881e+05
6.719e+05
6.6496e+05
6.5801e+05
6.5104e+05
6.4405e+05
6.3705e+05
6.3004e+05
6.2302e+05
6.1599e+05
6.0896e+05
6.0192e+05
5.9488e+05
5.8785e+05
5.8081e+05
5.7378e+05
5.6676e+05
5.5975e+05
5.5274e+05
5.4575e+05
5.3877e+05
5.3181e+05
5.2486e+05
5.1793e+05
5.1102e+05
5.0414e+05
4.9728e+05
4.9044e+05
4.8363e+05
4.7685e+05
4.701e+05
4.6339e+05
4.567e+05
4.5005e+05
4.4344e+05
4.3686e+05
4.3032e+05
4.2382e+05
4.1736e+05
4.1094e+05
4.0457e+05
3.9824e+05
3.9196e+05
3.8572e+05
3.7954e+05
3.734e+05
3.6731e+05
3.6127e+05
3.5528e+05
3.4935e+05
3.4347e+05
3.3764e+05
3.3187e+05
3.2615e+05
3.2049e+05
3.1488e+05
3.0934e+05
3.0385e+05
2.9842e+05
2.9305e+05
2.8774e+05
2.8248e+05
2.7729e+05
2.7216e+05
2.6709e+05
2.6208e+05
2.5714e+05
2.5225e+05
2.4743e+05
2.4266e+05
2.3796e+05
2.3333e+05
2.2875e+05
2.2424e+05
2.1979e+05
2.154e+05
2.1107e+05
2.0681e+05
2.026e+05
1.9846e+05
1.9438e+05
1.9037e+05
1.8641e+05
1.8251e+05
1.7868e+05
1.749e+05
1.7119e+05
1.6753e+05
1.6394e+05
1.604e+05
1.5692e+05
1.535e+05
1.5014e+05
1.4683e+05
1.4358e+05
1.4039e+05
1.3725e+05
1.3417e+05
1.3114e+05
1.2817e+05
1.2525e+05
1.2238e+05
1.1957e+05
1.168e+05
1.1409e+05
1.1143e+05
1.0882e+05
1.0626e+05
1.0374e+05
1.0128e+05
98861
96490
94165
91886
89651
87461
85314
83210
81149
79128
77149
75210
73310
71449
69626
67841
66092
64380
62704
61062
59454
57881
56340
54831
53354
51909
50494
49108
47752
46425
45126
43854
42609
41391
40198
39030
37888
36769
35674
34602
33552
32525
31519
30534
29570
28625
27701
26795
25908
25039
24188
23354
22537
21736
20952
20183
19429
18690
17965
17254
16557
15874
15203
14545
13899
13265
12642
12031
11431
10841
10262
9692.2
9132.4
8582.1
8041
7508.7
6985.1
6469.7
5962.5
5463.1
4971.4
4486.9
4009.7
3539.3
3075.6
2618.5
2167.5
1722.7
1283.7
850.36
422.53
0
