6.7023e+05
6.7518e+05
6.8015e+05
6.8513e+05
6.9012e+05
6.9514e+05
7.0019e+05
7.0527e+05
7.1037e+05
7.1551e+05
7.2069e+05
7.2589e+05
7.3114e+05
7.3642e+05
7.4174e+05
7.4709e+05
7.5248e+05
7.5789e+05
7.6334e+05
7.6882e+05
7.7431e+05
7.7983e+05
7.8537e+05
7.9093e+05
7.9649e+05
8.0206e+05
8.0763e+05
8.1319e+05
8.1875e+05
8.243e+05
8.2982e+05
8.3532e+05
8.4079e+05
8.4623e+05
8.5162e+05
8.5697e+05
8.6227e+05
8.6751e+05
8.7268e+05
8.7779e+05
8.8282e+05
8.8777e+05
8.9264e+05
8.9742e+05
9.0211e+05
9.0669e+05
9.1117e+05
9.1554e+05
9.198e+05
9.2395e+05
9.2797e+05
9.3187e+05
9.3564e+05
9.3929e+05
9.4279e+05
9.4617e+05
9.494e+05
9.525e+05
9.5545e+05
9.5826e+05
9.6093e+05
9.6344e+05
9.6581e+05
9.6804e+05
9.7011e+05
9.7204e+05
9.7382e+05
9.7545e+05
9.7693e+05
9.7826e+05
9.7945e+05
9.8049e+05
9.8138e+05
9.8213e+05
9.8274e+05
9.8321e+05
9.8353e+05
9.8372e+05
9.8378e+05
9.837e+05
9.8348e+05
9.8314e+05
9.8267e+05
9.8207e+05
9.8135e+05
9.8051e+05
9.7955e+05
9.7847e+05
9.7728e+05
9.7597e+05
9.7456e+05
9.7304e+05
9.7141e+05
9.6969e+05
9.6786e+05
9.6593e+05
9.6391e+05
9.6179e+05
9.5959e+05
9.5729e+05
9.5491e+05
9.5244e+05
9.499e+05
9.4727e+05
9.4456e+05
9.4178e+05
9.3892e+05
9.3599e+05
9.3298e+05
9.2991e+05
9.2677e+05
9.2357e+05
9.203e+05
9.1697e+05
9.1358e+05
9.1013e+05
9.0662e+05
9.0305e+05
8.9943e+05
8.9575e+05
8.9202e+05
8.8824e+05
8.8441e+05
8.8053e+05
8.766e+05
8.7263e+05
8.6861e+05
8.6455e+05
8.6044e+05
8.563e+05
8.5211e+05
8.4788e+05
8.4361e+05
8.3931e+05
8.3496e+05
8.3059e+05
8.2618e+05
8.2173e+05
8.1726e+05
8.1275e+05
8.0821e+05
8.0365e+05
7.9906e+05
7.9444e+05
7.8979e+05
7.8513e+05
7.8044e+05
7.7572e+05
7.7099e+05
7.6624e+05
7.6147e+05
7.5669e+05
7.5189e+05
7.4707e+05
7.4225e+05
7.3741e+05
7.3256e+05
7.2771e+05
7.2285e+05
7.1798e+05
7.1311e+05
7.0824e+05
7.0336e+05
6.9849e+05
6.9362e+05
6.8876e+05
6.8389e+05
6.7904e+05
6.742e+05
6.6936e+05
6.6454e+05
6.5973e+05
6.5494e+05
6.5016e+05
6.454e+05
6.4067e+05
6.3595e+05
6.3126e+05
6.2659e+05
6.2195e+05
6.1734e+05
6.1276e+05
6.0821e+05
6.0369e+05
5.9921e+05
5.9476e+05
5.9035e+05
5.8598e+05
5.8166e+05
5.7737e+05
5.7313e+05
5.6893e+05
5.6478e+05
5.6068e+05
5.5663e+05
5.5263e+05
5.4868e+05
5.4478e+05
5.4094e+05
5.3716e+05
5.3343e+05
5.2976e+05
5.2615e+05
5.226e+05
5.1911e+05
5.1568e+05
5.1231e+05
5.0901e+05
5.0577e+05
5.026e+05
4.9949e+05
4.9645e+05
4.9348e+05
4.9057e+05
4.8773e+05
4.8496e+05
4.8226e+05
4.7963e+05
4.7707e+05
4.7457e+05
4.7215e+05
4.698e+05
4.6752e+05
4.6531e+05
4.6316e+05
4.6109e+05
4.5909e+05
4.5716e+05
4.553e+05
4.5351e+05
4.5179e+05
4.5013e+05
4.4855e+05
4.4704e+05
4.4559e+05
4.4421e+05
4.429e+05
4.4165e+05
4.4047e+05
4.3936e+05
4.3831e+05
4.3733e+05
4.3641e+05
4.3555e+05
4.3476e+05
4.3402e+05
4.3335e+05
4.3274e+05
4.3219e+05
4.317e+05
4.3126e+05
4.3089e+05
4.3057e+05
4.303e+05
4.3009e+05
4.2993e+05
4.2983e+05
4.2977e+05
4.2977e+05
4.2982e+05
4.2992e+05
4.3006e+05
4.3026e+05
4.3049e+05
4.3078e+05
4.3111e+05
4.3148e+05
4.3189e+05
4.3235e+05
4.3284e+05
4.3338e+05
4.3395e+05
4.3456e+05
4.3521e+05
4.3589e+05
4.3661e+05
4.3736e+05
4.3814e+05
4.3895e+05
4.3979e+05
4.4067e+05
4.4157e+05
4.4249e+05
4.4345e+05
4.4443e+05
4.4543e+05
4.4646e+05
4.4751e+05
4.4858e+05
4.4967e+05
4.5078e+05
4.5191e+05
4.5306e+05
4.5422e+05
4.554e+05
4.566e+05
4.5781e+05
4.5903e+05
4.6027e+05
4.6152e+05
4.6278e+05
4.6405e+05
4.6533e+05
4.6661e+05
4.6791e+05
4.6922e+05
4.7053e+05
4.7185e+05
4.7318e+05
4.7451e+05
4.7585e+05
4.7719e+05
4.7854e+05
4.7989e+05
4.8124e+05
4.826e+05
4.8396e+05
4.8533e+05
4.867e+05
4.8807e+05
4.8945e+05
4.9083e+05
4.9221e+05
4.9359e+05
4.9498e+05
4.9637e+05
4.9777e+05
4.9916e+05
5.0057e+05
5.0197e+05
5.0338e+05
5.048e+05
5.0622e+05
5.0765e+05
5.0908e+05
5.1052e+05
5.1197e+05
5.1342e+05
5.1488e+05
5.1635e+05
5.1783e+05
5.1932e+05
5.2082e+05
5.2233e+05
5.2385e+05
5.2538e+05
5.2692e+05
5.2848e+05
5.3005e+05
5.3164e+05
5.3324e+05
5.3485e+05
5.3648e+05
5.3813e+05
5.3979e+05
5.4147e+05
5.4317e+05
5.4488e+05
5.4661e+05
5.4836e+05
5.5013e+05
5.5192e+05
5.5373e+05
5.5555e+05
5.574e+05
5.5926e+05
5.6114e+05
5.6305e+05
5.6496e+05
5.669e+05
5.6886e+05
5.7083e+05
5.7282e+05
5.7483e+05
5.7686e+05
5.789e+05
5.8095e+05
5.8302e+05
5.851e+05
5.872e+05
5.8931e+05
5.9143e+05
5.9355e+05
5.9569e+05
5.9783e+05
5.9999e+05
6.0214e+05
6.043e+05
6.0646e+05
6.0863e+05
6.1079e+05
6.1295e+05
6.1511e+05
6.1726e+05
6.1941e+05
6.2155e+05
6.2368e+05
6.258e+05
6.279e+05
6.2999e+05
6.3207e+05
6.3412e+05
6.3616e+05
6.3818e+05
6.4017e+05
6.4214e+05
6.4408e+05
6.46e+05
6.4788e+05
6.4974e+05
6.5156e+05
6.5335e+05
6.551e+05
6.5682e+05
6.5849e+05
6.6013e+05
6.6173e+05
6.6328e+05
6.6479e+05
6.6625e+05
6.6767e+05
6.6905e+05
6.7037e+05
6.7164e+05
6.7287e+05
6.7405e+05
6.7517e+05
6.7624e+05
6.7726e+05
6.7823e+05
6.7914e+05
6.8e+05
6.808e+05
6.8155e+05
6.8225e+05
6.8289e+05
6.8347e+05
6.84e+05
6.8448e+05
6.849e+05
6.8527e+05
6.8558e+05
6.8584e+05
6.8605e+05
6.862e+05
6.8631e+05
6.8636e+05
6.8636e+05
6.8631e+05
6.8621e+05
6.8606e+05
6.8586e+05
6.8561e+05
6.8532e+05
6.8499e+05
6.8461e+05
6.8418e+05
6.8372e+05
6.8321e+05
6.8266e+05
6.8207e+05
6.8144e+05
6.8078e+05
6.8007e+05
6.7934e+05
6.7857e+05
6.7776e+05
6.7692e+05
6.7605e+05
6.7515e+05
6.7423e+05
6.7327e+05
6.7228e+05
6.7127e+05
6.7023e+05
6.6917e+05
6.6808e+05
6.6697e+05
6.6584e+05
6.6469e+05
6.6351e+05
6.6232e+05
6.611e+05
6.5987e+05
6.5862e+05
6.5735e+05
6.5606e+05
6.5475e+05
6.5343e+05
6.5209e+05
6.5074e+05
6.4937e+05
6.4799e+05
6.4659e+05
6.4517e+05
6.4374e+05
6.423e+05
6.4084e+05
6.3937e+05
6.3789e+05
6.3639e+05
6.3487e+05
6.3335e+05
6.318e+05
6.3025e+05
6.2868e+05
6.2709e+05
6.2549e+05
6.2388e+05
6.2225e+05
6.206e+05
6.1894e+05
6.1726e+05
6.1557e+05
6.1387e+05
6.1214e+05
6.104e+05
6.0864e+05
6.0687e+05
6.0508e+05
6.0327e+05
6.0144e+05
5.996e+05
5.9774e+05
5.9586e+05
5.9396e+05
5.9204e+05
5.901e+05
5.8815e+05
5.8617e+05
5.8418e+05
5.8216e+05
5.8013e+05
5.7807e+05
5.76e+05
5.739e+05
5.7178e+05
5.6965e+05
5.6749e+05
5.6531e+05
5.6311e+05
5.609e+05
5.5865e+05
5.5639e+05
5.5411e+05
5.5181e+05
5.4949e+05
5.4714e+05
5.4478e+05
5.4239e+05
5.3999e+05
5.3756e+05
5.3511e+05
5.3264e+05
5.3016e+05
5.2765e+05
5.2512e+05
5.2258e+05
5.2001e+05
5.1742e+05
5.1482e+05
5.1219e+05
5.0955e+05
5.0689e+05
5.0421e+05
5.0151e+05
4.9879e+05
4.9606e+05
4.9331e+05
4.9054e+05
4.8775e+05
4.8495e+05
4.8212e+05
4.7929e+05
4.7643e+05
4.7357e+05
4.7068e+05
4.6778e+05
4.6486e+05
4.6193e+05
4.5899e+05
4.5603e+05
4.5305e+05
4.5007e+05
4.4706e+05
4.4405e+05
4.4102e+05
4.3798e+05
4.3493e+05
4.3186e+05
4.2878e+05
4.2569e+05
4.2259e+05
4.1948e+05
4.1636e+05
4.1323e+05
4.1008e+05
4.0693e+05
4.0377e+05
4.006e+05
3.9742e+05
3.9423e+05
3.9103e+05
3.8783e+05
3.8461e+05
3.8139e+05
3.7817e+05
3.7493e+05
3.717e+05
3.6845e+05
3.652e+05
3.6195e+05
3.5869e+05
3.5542e+05
3.5216e+05
3.4889e+05
3.4561e+05
3.4234e+05
3.3906e+05
3.3578e+05
3.325e+05
3.2921e+05
3.2593e+05
3.2265e+05
3.1936e+05
3.1608e+05
3.128e+05
3.0952e+05
3.0624e+05
3.0296e+05
2.9969e+05
2.9642e+05
2.9315e+05
2.8988e+05
2.8662e+05
2.8337e+05
2.8011e+05
2.7687e+05
2.7363e+05
2.7039e+05
2.6716e+05
2.6394e+05
2.6072e+05
2.5751e+05
2.5431e+05
2.5112e+05
2.4793e+05
2.4476e+05
2.4159e+05
2.3843e+05
2.3528e+05
2.3213e+05
2.29e+05
2.2588e+05
2.2277e+05
2.1966e+05
2.1657e+05
2.1349e+05
2.1042e+05
2.0736e+05
2.0431e+05
2.0127e+05
1.9825e+05
1.9523e+05
1.9223e+05
1.8924e+05
1.8626e+05
1.8329e+05
1.8033e+05
1.7739e+05
1.7446e+05
1.7154e+05
1.6863e+05
1.6574e+05
1.6286e+05
1.5999e+05
1.5713e+05
1.5429e+05
1.5145e+05
1.4864e+05
1.4583e+05
1.4304e+05
1.4026e+05
1.3749e+05
1.3474e+05
1.32e+05
1.2927e+05
1.2655e+05
1.2385e+05
1.2116e+05
1.1849e+05
1.1583e+05
1.1318e+05
1.1054e+05
1.0792e+05
1.0531e+05
1.0272e+05
1.0013e+05
97565
95009
92467
89938
87423
84921
82433
79959
77498
75051
72617
70197
67791
65398
63019
60654
58303
55965
53642
51332
49035
46753
44484
42229
39988
37761
35548
33348
31162
28990
26831
24686
22555
20437
18333
16242
14165
12102
10051
8014.5
5991
3980.8
1983.8
0
