18545
21540
24753
28179
31814
35651
39685
43909
48317
52901
57654
62567
67632
72841
78184
83652
89236
94926
1.0071e+05
1.0658e+05
1.1253e+05
1.1854e+05
1.2461e+05
1.3072e+05
1.3686e+05
1.4303e+05
1.492e+05
1.5538e+05
1.6155e+05
1.677e+05
1.7382e+05
1.799e+05
1.8593e+05
1.919e+05
1.9781e+05
2.0363e+05
2.0936e+05
2.15e+05
2.2053e+05
2.2594e+05
2.3123e+05
2.3639e+05
2.4142e+05
2.463e+05
2.5103e+05
2.556e+05
2.6e+05
2.6424e+05
2.683e+05
2.7219e+05
2.7589e+05
2.794e+05
2.8272e+05
2.8584e+05
2.8877e+05
2.9151e+05
2.9404e+05
2.9636e+05
2.9849e+05
3.0041e+05
3.0213e+05
3.0364e+05
3.0496e+05
3.0607e+05
3.0698e+05
3.0769e+05
3.082e+05
3.0853e+05
3.0866e+05
3.086e+05
3.0836e+05
3.0794e+05
3.0735e+05
3.0659e+05
3.0566e+05
3.0456e+05
3.0332e+05
3.0192e+05
3.0038e+05
2.987e+05
2.9688e+05
2.9494e+05
2.9289e+05
2.9072e+05
2.8844e+05
2.8606e+05
2.8359e+05
2.8104e+05
2.7841e+05
2.7571e+05
2.7294e+05
2.7012e+05
2.6725e+05
2.6433e+05
2.6139e+05
2.5841e+05
2.5542e+05
2.5241e+05
2.4939e+05
2.4638e+05
2.4337e+05
2.4037e+05
2.374e+05
2.3446e+05
2.3154e+05
2.2867e+05
2.2584e+05
2.2306e+05
2.2034e+05
2.1768e+05
2.1509e+05
2.1257e+05
2.1013e+05
2.0777e+05
2.0549e+05
2.033e+05
2.0121e+05
1.9921e+05
1.9731e+05
1.9552e+05
1.9383e+05
1.9224e+05
1.9077e+05
1.8941e+05
1.8817e+05
1.8703e+05
1.8602e+05
1.8512e+05
1.8434e+05
1.8367e+05
1.8313e+05
1.827e+05
1.8238e+05
1.8218e+05
1.821e+05
1.8213e+05
1.8227e+05
1.8252e+05
1.8287e+05
1.8333e+05
1.839e+05
1.8456e+05
1.8531e+05
1.8616e+05
1.871e+05
1.8813e+05
1.8924e+05
1.9042e+05
1.9168e+05
1.93e+05
1.9439e+05
1.9584e+05
1.9735e+05
1.989e+05
2.005e+05
2.0214e+05
2.0381e+05
2.0552e+05
2.0724e+05
2.0899e+05
2.1075e+05
2.1251e+05
2.1428e+05
2.1605e+05
2.178e+05
2.1955e+05
2.2127e+05
2.2297e+05
2.2464e+05
2.2628e+05
2.2787e+05
2.2942e+05
2.3093e+05
2.3237e+05
2.3377e+05
2.3509e+05
2.3635e+05
2.3754e+05
2.3866e+05
2.3969e+05
2.4065e+05
2.4152e+05
2.423e+05
2.4299e+05
2.4358e+05
2.4408e+05
2.4448e+05
2.4478e+05
2.4498e+05
2.4507e+05
2.4506e+05
2.4495e+05
2.4472e+05
2.4439e+05
2.4396e+05
2.4341e+05
2.4276e+05
2.42e+05
2.4113e+05
2.4016e+05
2.3908e+05
2.3791e+05
2.3662e+05
2.3524e+05
2.3376e+05
2.3219e+05
2.3052e+05
2.2876e+05
2.2691e+05
2.2498e+05
2.2296e+05
2.2086e+05
2.1869e+05
2.1644e+05
2.1412e+05
2.1173e+05
2.0928e+05
2.0677e+05
2.042e+05
2.0158e+05
1.9891e+05
1.9619e+05
1.9344e+05
1.9064e+05
1.8781e+05
1.8495e+05
1.8205e+05
1.7914e+05
1.762e+05
1.7325e+05
1.7028e+05
1.6731e+05
1.6432e+05
1.6133e+05
1.5834e+05
1.5535e+05
1.5236e+05
1.4938e+05
1.464e+05
1.4344e+05
1.4049e+05
1.3756e+05
1.3464e+05
1.3175e+05
1.2887e+05
1.2601e+05
1.2318e+05
1.2037e+05
1.1759e+05
1.1483e+05
1.1211e+05
1.094e+05
1.0673e+05
1.0409e+05
1.0147e+05
98888
96332
93806
91309
88842
86404
83995
81614
79262
76938
74642
72373
70130
67915
65725
63561
61422
59309
57220
55156
53117
51102
49112
47146
45205
43288
41398
39532
37694
35882
34097
32342
30615
28919
27255
25623
24026
22464
20939
19453
18007
16602
15242
13926
12659
11440
10273
9158.3
8098.9
7096.5
6152.8
5269.9
4449.5
3693.4
3003.3
2380.9
1827.8
1345.3
934.81
597.55
334.59
146.85
35.124
0
41.908
161.09
357.58
631.21
981.63
1408.2
1910.2
2486.4
3135.7
3856.5
4647.1
5505.3
6429.1
7415.9
8463
9567.4
10726
11935
13191
14491
15829
17203
18607
20036
21487
22953
24431
25914
27398
28877
30346
31799
33230
34635
36007
37342
38633
39876
41065
42194
43260
44258
45182
46028
46793
47472
48061
48558
48960
49263
49466
49567
49564
49457
49244
48926
48503
47975
47345
46613
45782
44856
43836
42728
41536
40264
38918
37504
36029
34499
32922
31306
29660
27992
26313
24631
22957
21302
19677
18093
16563
15097
13709
12410
11215
10135
9184.4
8375.6
7722.3
7237.8
6935.5
6828.7
6930.7
7254.7
7813.8
8620.8
9688.4
11029
12655
14577
16808
19358
22237
25457
29026
32953
37247
41915
46966
52404
58237
64468
71103
78145
85596
93458
1.0173e+05
1.1042e+05
1.1952e+05
1.2903e+05
1.3895e+05
1.4927e+05
1.5999e+05
1.711e+05
1.8261e+05
1.945e+05
2.0676e+05
2.1938e+05
2.3237e+05
2.4569e+05
2.5935e+05
2.7333e+05
2.8762e+05
3.0221e+05
3.1707e+05
3.322e+05
3.4757e+05
3.6318e+05
3.79e+05
3.9501e+05
4.112e+05
4.2755e+05
4.4404e+05
4.6064e+05
4.7733e+05
4.941e+05
5.1093e+05
5.2778e+05
5.4464e+05
5.6149e+05
5.783e+05
5.9505e+05
6.1172e+05
6.2827e+05
6.4471e+05
6.6098e+05
6.7708e+05
6.9299e+05
7.0867e+05
7.2411e+05
7.3928e+05
7.5417e+05
7.6874e+05
7.8299e+05
7.9688e+05
8.1041e+05
8.2354e+05
8.3627e+05
8.4856e+05
8.6042e+05
8.7181e+05
8.8272e+05
8.9313e+05
9.0304e+05
9.1242e+05
9.2127e+05
9.2957e+05
9.3731e+05
9.4449e+05
9.5108e+05
9.5708e+05
9.6249e+05
9.673e+05
9.715e+05
9.7509e+05
9.7807e+05
9.8042e+05
9.8216e+05
9.8328e+05
9.8378e+05
9.8366e+05
9.8292e+05
9.8157e+05
9.7962e+05
9.7706e+05
9.7391e+05
9.7017e+05
9.6584e+05
9.6095e+05
9.5549e+05
9.4948e+05
9.4293e+05
9.3586e+05
9.2826e+05
9.2017e+05
9.1159e+05
9.0254e+05
8.9302e+05
8.8307e+05
8.727e+05
8.6191e+05
8.5074e+05
8.3919e+05
8.2729e+05
8.1506e+05
8.0251e+05
7.8966e+05
7.7654e+05
7.6315e+05
7.4953e+05
7.3569e+05
7.2165e+05
7.0743e+05
6.9305e+05
6.7853e+05
6.6389e+05
6.4915e+05
6.3432e+05
6.1944e+05
6.0451e+05
5.8955e+05
5.7459e+05
5.5964e+05
5.4472e+05
5.2984e+05
5.1502e+05
5.0029e+05
4.8564e+05
4.7111e+05
4.567e+05
4.4243e+05
4.2831e+05
4.1435e+05
4.0057e+05
3.8698e+05
3.736e+05
3.6042e+05
3.4746e+05
3.3474e+05
3.2226e+05
3.1002e+05
2.9804e+05
2.8632e+05
2.7487e+05
2.6369e+05
2.5279e+05
2.4218e+05
2.3185e+05
2.2182e+05
2.1208e+05
2.0263e+05
1.9348e+05
1.8462e+05
1.7607e+05
1.6781e+05
1.5984e+05
1.5217e+05
1.448e+05
1.3771e+05
1.3092e+05
1.2441e+05
1.1818e+05
1.1223e+05
1.0655e+05
1.0114e+05
95996
91109
86475
82088
77941
74030
70347
66885
63638
60598
57759
55114
52654
50374
48265
46320
44532
42893
41396
40034
38800
37686
36686
35792
34998
34297
33683
33149
32689
32297
31966
31693
31470
31293
31157
31056
30986
30943
30922
30920
30932
30956
30987
31022
31059
31095
31127
31153
31171
31179
31175
31158
31127
31080
31016
30934
30834
30716
30578
30421
30244
30048
29833
29599
29345
29074
28784
28478
28155
27816
27462
27094
26713
26320
25915
25500
25075
24643
24203
23757
23306
22851
22393
21933
21472
21011
20551
20093
19638
19186
18739
18297
17861
17431
17009
16596
16190
15794
15407
15031
14665
14309
13965
13632
13311
13001
12703
12417
12142
11880
11629
11391
11163
10948
10743
10549
10367
10194
10032
9880.2
9737.4
9603.7
9478.8
9362.1
9253.3
9151.9
9057.4
8969.5
8887.5
8811.1
8739.7
8672.9
8610.1
8550.8
8494.6
8441
8389.5
8339.6
8290.7
8242.5
8194.5
8146.2
8097.2
8047
7995.2
7941.5
7885.3
7826.3
