86223
89850
93558
97344
1.012e+05
1.0513e+05
1.0912e+05
1.1316e+05
1.1726e+05
1.2141e+05
1.256e+05
1.2982e+05
1.3408e+05
1.3837e+05
1.4267e+05
1.4699e+05
1.5132e+05
1.5566e+05
1.5999e+05
1.6432e+05
1.6864e+05
1.7294e+05
1.7721e+05
1.8147e+05
1.8568e+05
1.8986e+05
1.94e+05
1.981e+05
2.0214e+05
2.0612e+05
2.1004e+05
2.139e+05
2.1769e+05
2.2141e+05
2.2505e+05
2.2861e+05
2.3209e+05
2.3548e+05
2.3878e+05
2.4199e+05
2.451e+05
2.4811e+05
2.5103e+05
2.5384e+05
2.5654e+05
2.5915e+05
2.6164e+05
2.6403e+05
2.663e+05
2.6847e+05
2.7052e+05
2.7247e+05
2.743e+05
2.7602e+05
2.7763e+05
2.7913e+05
2.8052e+05
2.818e+05
2.8297e+05
2.8404e+05
2.8499e+05
2.8585e+05
2.866e+05
2.8725e+05
2.878e+05
2.8826e+05
2.8862e+05
2.8889e+05
2.8907e+05
2.8916e+05
2.8917e+05
2.891e+05
2.8895e+05
2.8872e+05
2.8842e+05
2.8806e+05
2.8762e+05
2.8713e+05
2.8657e+05
2.8596e+05
2.853e+05
2.8459e+05
2.8383e+05
2.8303e+05
2.8218e+05
2.8131e+05
2.804e+05
2.7946e+05
2.785e+05
2.7751e+05
2.765e+05
2.7548e+05
2.7444e+05
2.7339e+05
2.7234e+05
2.7128e+05
2.7022e+05
2.6915e+05
2.681e+05
2.6704e+05
2.66e+05
2.6496e+05
2.6394e+05
2.6293e+05
2.6193e+05
2.6095e+05
2.6e+05
2.5906e+05
2.5814e+05
2.5725e+05
2.5639e+05
2.5555e+05
2.5473e+05
2.5394e+05
2.5319e+05
2.5246e+05
2.5176e+05
2.5108e+05
2.5044e+05
2.4983e+05
2.4925e+05
2.487e+05
2.4817e+05
2.4768e+05
2.4722e+05
2.4678e+05
2.4638e+05
2.46e+05
2.4564e+05
2.4532e+05
2.4502e+05
2.4474e+05
2.4448e+05
2.4425e+05
2.4404e+05
2.4385e+05
2.4368e+05
2.4353e+05
2.4339e+05
2.4327e+05
2.4317e+05
2.4307e+05
2.4299e+05
2.4292e+05
2.4286e+05
2.4281e+05
2.4276e+05
2.4271e+05
2.4268e+05
2.4264e+05
2.426e+05
2.4257e+05
2.4253e+05
2.4249e+05
2.4245e+05
2.424e+05
2.4235e+05
2.4228e+05
2.4221e+05
2.4213e+05
2.4204e+05
2.4194e+05
2.4183e+05
2.417e+05
2.4155e+05
2.414e+05
2.4122e+05
2.4103e+05
2.4082e+05
2.4059e+05
2.4035e+05
2.4008e+05
2.3979e+05
2.3948e+05
2.3915e+05
2.388e+05
2.3843e+05
2.3803e+05
2.376e+05
2.3716e+05
2.3669e+05
2.3619e+05
2.3567e+05
2.3512e+05
2.3454e+05
2.3394e+05
2.3331e+05
2.3266e+05
2.3198e+05
2.3127e+05
2.3053e+05
2.2976e+05
2.2897e+05
2.2814e+05
2.2729e+05
2.2641e+05
2.2549e+05
2.2455e+05
2.2358e+05
2.2258e+05
2.2155e+05
2.2049e+05
2.1939e+05
2.1827e+05
2.1711e+05
2.1593e+05
2.1471e+05
2.1346e+05
2.1218e+05
2.1086e+05
2.0952e+05
2.0814e+05
2.0673e+05
2.0528e+05
2.0381e+05
2.023e+05
2.0076e+05
1.9918e+05
1.9757e+05
1.9593e+05
1.9426e+05
1.9255e+05
1.9082e+05
1.8904e+05
1.8724e+05
1.854e+05
1.8354e+05
1.8164e+05
1.797e+05
1.7774e+05
1.7575e+05
1.7372e+05
1.7167e+05
1.6959e+05
1.6748e+05
1.6534e+05
1.6317e+05
1.6098e+05
1.5877e+05
1.5652e+05
1.5426e+05
1.5197e+05
1.4966e+05
1.4733e+05
1.4498e+05
1.4261e+05
1.4023e+05
1.3783e+05
1.3542e+05
1.33e+05
1.3056e+05
1.2812e+05
1.2567e+05
1.2321e+05
1.2075e+05
1.1829e+05
1.1583e+05
1.1337e+05
1.1092e+05
1.0847e+05
1.0603e+05
1.036e+05
1.0118e+05
98780
96394
94026
91679
89355
87056
84785
82544
80334
78158
76017
73915
71852
69832
67855
65923
64039
62205
60421
58689
57011
55388
53822
52314
50864
49475
48146
46878
45673
44531
43451
42435
41483
40594
39768
39005
38306
37668
37092
36577
36122
35725
35385
35102
34873
34697
34572
34497
34468
34485
34544
34644
34782
34955
35161
35397
35659
35946
36255
36581
36922
37275
37637
38005
38375
38744
39108
39466
39813
40146
40462
40758
41032
41280
41499
41686
41840
41957
42034
42071
42063
42011
41910
41761
41561
41309
41004
40646
40232
39763
39239
38660
38025
37335
36591
35794
34944
34044
33095
32099
31059
29975
28853
27693
26500
25278
24029
22758
21470
20168
18858
17544
16232
14928
13636
12363
11115
9898.3
8719
7583.9
6499.8
5473.6
4512.4
3623.3
2813.7
2090.9
1462.4
935.74
518.53
218.39
42.994
0
97.073
341.85
741.94
1304.9
2038.2
2949.2
4045.2
5333.4
6820.8
8514.2
10421
12546
14897
17480
20301
23365
26677
30244
34068
38156
42511
47137
52038
57216
62675
68416
74443
80756
87357
94246
1.0142e+05
1.0889e+05
1.1665e+05
1.2469e+05
1.3302e+05
1.4164e+05
1.5053e+05
1.5971e+05
1.6916e+05
1.7888e+05
1.8888e+05
1.9913e+05
2.0965e+05
2.2042e+05
2.3144e+05
2.427e+05
2.542e+05
2.6592e+05
2.7786e+05
2.9002e+05
3.0238e+05
3.1493e+05
3.2767e+05
3.4059e+05
3.5368e+05
3.6692e+05
3.803e+05
3.9382e+05
4.0747e+05
4.2123e+05
4.3509e+05
4.4903e+05
4.6306e+05
4.7714e+05
4.9128e+05
5.0546e+05
5.1966e+05
5.3387e+05
5.4808e+05
5.6228e+05
5.7645e+05
5.9058e+05
6.0465e+05
6.1865e+05
6.3257e+05
6.4639e+05
6.601e+05
6.7369e+05
6.8714e+05
7.0043e+05
7.1357e+05
7.2652e+05
7.3928e+05
7.5184e+05
7.6418e+05
7.7629e+05
7.8816e+05
7.9978e+05
8.1112e+05
8.2219e+05
8.3298e+05
8.4346e+05
8.5363e+05
8.6348e+05
8.7299e+05
8.8217e+05
8.91e+05
8.9947e+05
9.0757e+05
9.1529e+05
9.2264e+05
9.2959e+05
9.3614e+05
9.423e+05
9.4804e+05
9.5337e+05
9.5828e+05
9.6277e+05
9.6683e+05
9.7046e+05
9.7366e+05
9.7642e+05
9.7874e+05
9.8063e+05
9.8208e+05
9.8308e+05
9.8365e+05
9.8378e+05
9.8347e+05
9.8272e+05
9.8154e+05
9.7993e+05
9.7789e+05
9.7542e+05
9.7254e+05
9.6923e+05
9.6552e+05
9.614e+05
9.5688e+05
9.5197e+05
9.4667e+05
9.4099e+05
9.3493e+05
9.2851e+05
9.2174e+05
9.1461e+05
9.0714e+05
8.9935e+05
8.9123e+05
8.828e+05
8.7407e+05
8.6504e+05
8.5573e+05
8.4616e+05
8.3632e+05
8.2623e+05
8.159e+05
8.0535e+05
7.9458e+05
7.8361e+05
7.7244e+05
7.6109e+05
7.4958e+05
7.379e+05
7.2608e+05
7.1413e+05
7.0205e+05
6.8987e+05
6.7758e+05
6.6521e+05
6.5276e+05
6.4025e+05
6.2769e+05
6.1509e+05
6.0245e+05
5.898e+05
5.7714e+05
5.6448e+05
5.5184e+05
5.3922e+05
5.2663e+05
5.1409e+05
5.0161e+05
4.8918e+05
4.7683e+05
4.6456e+05
4.5239e+05
4.4031e+05
4.2833e+05
4.1648e+05
4.0474e+05
3.9314e+05
3.8168e+05
3.7035e+05
3.5918e+05
3.4817e+05
3.3732e+05
3.2664e+05
3.1613e+05
3.058e+05
2.9565e+05
2.8569e+05
2.7592e+05
2.6635e+05
2.5698e+05
2.478e+05
2.3883e+05
2.3007e+05
2.2152e+05
2.1318e+05
2.0505e+05
1.9713e+05
1.8942e+05
1.8194e+05
1.7466e+05
1.6761e+05
1.6076e+05
1.5414e+05
1.4772e+05
1.4152e+05
1.3554e+05
1.2976e+05
1.2419e+05
1.1883e+05
1.1368e+05
1.0872e+05
1.0397e+05
99420
95062
90897
86921
83131
79524
76097
72845
69765
66853
64106
61518
59087
56808
54677
52689
50840
49126
47543
46086
44750
43532
42426
41429
40536
39742
39044
38436
37915
37477
37117
36831
36614
36464
36376
36346
36370
36444
36566
36731
36936
37177
37451
37755
38086
38441
38817
39211
39620
40042
40474
40914
41359
41808
42257
42706
43152
43594
44029
44456
44873
45280
45675
46056
46422
46773
47106
47423
47721
47999
48258
48497
48714
48911
49085
49237
49368
49475
49560
49623
49662
49679
49674
49646
49595
49523
49429
49313
49176
49018
48840
48642
48424
48187
47931
47657
47365
47056
46730
46389
46032
45660
45273
44873
44460
44034
43596
43147
42687
42217
41738
41249
40752
40247
39735
39217
38692
38161
37626
37086
36542
35994
35444
34891
34336
33780
33222
32664
32106
31548
