5.4944e+05
5.5493e+05
5.6026e+05
5.6541e+05
5.704e+05
5.7521e+05
5.7984e+05
5.8428e+05
5.8855e+05
5.9263e+05
5.9652e+05
6.0022e+05
6.0373e+05
6.0705e+05
6.1017e+05
6.131e+05
6.1583e+05
6.1836e+05
6.207e+05
6.2285e+05
6.2479e+05
6.2654e+05
6.2809e+05
6.2945e+05
6.3061e+05
6.3158e+05
6.3235e+05
6.3294e+05
6.3334e+05
6.3354e+05
6.3357e+05
6.3341e+05
6.3307e+05
6.3255e+05
6.3185e+05
6.3099e+05
6.2995e+05
6.2875e+05
6.2738e+05
6.2585e+05
6.2417e+05
6.2234e+05
6.2036e+05
6.1824e+05
6.1597e+05
6.1358e+05
6.1105e+05
6.0839e+05
6.0562e+05
6.0273e+05
5.9972e+05
5.9662e+05
5.9341e+05
5.901e+05
5.867e+05
5.8322e+05
5.7966e+05
5.7603e+05
5.7232e+05
5.6856e+05
5.6473e+05
5.6086e+05
5.5693e+05
5.5297e+05
5.4897e+05
5.4495e+05
5.409e+05
5.3683e+05
5.3275e+05
5.2866e+05
5.2457e+05
5.2049e+05
5.1642e+05
5.1236e+05
5.0832e+05
5.0431e+05
5.0033e+05
4.9639e+05
4.9249e+05
4.8863e+05
4.8483e+05
4.8108e+05
4.774e+05
4.7378e+05
4.7023e+05
4.6675e+05
4.6336e+05
4.6004e+05
4.5682e+05
4.5368e+05
4.5064e+05
4.477e+05
4.4485e+05
4.4211e+05
4.3948e+05
4.3696e+05
4.3455e+05
4.3226e+05
4.3008e+05
4.2803e+05
4.2609e+05
4.2428e+05
4.226e+05
4.2104e+05
4.1961e+05
4.1831e+05
4.1714e+05
4.161e+05
4.1519e+05
4.1442e+05
4.1377e+05
4.1326e+05
4.1288e+05
4.1264e+05
4.1252e+05
4.1253e+05
4.1268e+05
4.1295e+05
4.1335e+05
4.1388e+05
4.1453e+05
4.1531e+05
4.1621e+05
4.1722e+05
4.1836e+05
4.1961e+05
4.2097e+05
4.2244e+05
4.2402e+05
4.2571e+05
4.275e+05
4.2938e+05
4.3136e+05
4.3344e+05
4.356e+05
4.3785e+05
4.4018e+05
4.4259e+05
4.4508e+05
4.4764e+05
4.5026e+05
4.5295e+05
4.5569e+05
4.585e+05
4.6135e+05
4.6425e+05
4.6719e+05
4.7017e+05
4.7319e+05
4.7623e+05
4.793e+05
4.8239e+05
4.855e+05
4.8862e+05
4.9175e+05
4.9489e+05
4.9802e+05
5.0114e+05
5.0426e+05
5.0736e+05
5.1045e+05
5.1351e+05
5.1655e+05
5.1955e+05
5.2252e+05
5.2546e+05
5.2834e+05
5.3118e+05
5.3397e+05
5.3671e+05
5.3938e+05
5.4199e+05
5.4454e+05
5.4701e+05
5.4941e+05
5.5174e+05
5.5398e+05
5.5614e+05
5.5821e+05
5.6019e+05
5.6208e+05
5.6387e+05
5.6556e+05
5.6715e+05
5.6863e+05
5.7001e+05
5.7128e+05
5.7243e+05
5.7347e+05
5.744e+05
5.752e+05
5.7589e+05
5.7645e+05
5.7689e+05
5.772e+05
5.7738e+05
5.7744e+05
5.7736e+05
5.7716e+05
5.7682e+05
5.7635e+05
5.7575e+05
5.7501e+05
5.7414e+05
5.7313e+05
5.7198e+05
5.707e+05
5.6929e+05
5.6773e+05
5.6605e+05
5.6422e+05
5.6226e+05
5.6017e+05
5.5794e+05
5.5558e+05
5.5308e+05
5.5046e+05
5.477e+05
5.4482e+05
5.418e+05
5.3866e+05
5.354e+05
5.3201e+05
5.2849e+05
5.2486e+05
5.2111e+05
5.1724e+05
5.1326e+05
5.0917e+05
5.0496e+05
5.0065e+05
4.9623e+05
4.9171e+05
4.8709e+05
4.8238e+05
4.7757e+05
4.7266e+05
4.6767e+05
4.6259e+05
4.5743e+05
4.522e+05
4.4688e+05
4.4149e+05
4.3603e+05
4.3051e+05
4.2492e+05
4.1928e+05
4.1357e+05
4.0782e+05
4.0202e+05
3.9617e+05
3.9029e+05
3.8436e+05
3.7841e+05
3.7242e+05
3.6641e+05
3.6038e+05
3.5433e+05
3.4827e+05
3.422e+05
3.3612e+05
3.3004e+05
3.2397e+05
3.179e+05
3.1185e+05
3.0581e+05
2.9979e+05
2.9379e+05
2.8782e+05
2.8188e+05
2.7598e+05
2.7012e+05
2.6431e+05
2.5854e+05
2.5282e+05
2.4716e+05
2.4156e+05
2.3603e+05
2.3056e+05
2.2517e+05
2.1985e+05
2.1461e+05
2.0945e+05
2.0438e+05
1.9941e+05
1.9452e+05
1.8974e+05
1.8506e+05
1.8048e+05
1.7601e+05
1.7166e+05
1.6742e+05
1.633e+05
1.593e+05
1.5542e+05
1.5168e+05
1.4806e+05
1.4458e+05
1.4123e+05
1.3803e+05
1.3497e+05
1.3205e+05
1.2928e+05
1.2666e+05
1.2419e+05
1.2187e+05
1.1972e+05
1.1772e+05
1.1588e+05
1.142e+05
1.1269e+05
1.1134e+05
1.1017e+05
1.0916e+05
1.0832e+05
1.0765e+05
1.0716e+05
1.0684e+05
1.0669e+05
1.0672e+05
1.0693e+05
1.0732e+05
1.0788e+05
1.0862e+05
1.0954e+05
1.1065e+05
1.1193e+05
1.1339e+05
1.1503e+05
1.1685e+05
1.1884e+05
1.2102e+05
1.2338e+05
1.2591e+05
1.2863e+05
1.3152e+05
1.3458e+05
1.3782e+05
1.4124e+05
1.4482e+05
1.4858e+05
1.5251e+05
1.5661e+05
1.6087e+05
1.653e+05
1.699e+05
1.7466e+05
1.7957e+05
1.8465e+05
1.8988e+05
1.9527e+05
2.0081e+05
2.065e+05
2.1233e+05
2.1832e+05
2.2444e+05
2.307e+05
2.371e+05
2.4363e+05
2.503e+05
2.5709e+05
2.6401e+05
2.7105e+05
2.7821e+05
2.8548e+05
2.9287e+05
3.0036e+05
3.0797e+05
3.1567e+05
3.2347e+05
3.3137e+05
3.3936e+05
3.4744e+05
3.556e+05
3.6385e+05
3.7217e+05
3.8056e+05
3.8902e+05
3.9755e+05
4.0613e+05
4.1478e+05
4.2348e+05
4.3223e+05
4.4102e+05
4.4986e+05
4.5873e+05
4.6764e+05
4.7657e+05
4.8554e+05
4.9452e+05
5.0352e+05
5.1253e+05
5.2155e+05
5.3058e+05
5.3961e+05
5.4863e+05
5.5765e+05
5.6665e+05
5.7565e+05
5.8462e+05
5.9357e+05
6.0249e+05
6.1138e+05
6.2024e+05
6.2906e+05
6.3783e+05
6.4656e+05
6.5524e+05
6.6387e+05
6.7244e+05
6.8095e+05
6.8939e+05
6.9777e+05
7.0607e+05
7.1431e+05
7.2246e+05
7.3053e+05
7.3852e+05
7.4642e+05
7.5423e+05
7.6195e+05
7.6957e+05
7.7709e+05
7.8451e+05
7.9182e+05
7.9903e+05
8.0612e+05
8.131e+05
8.1997e+05
8.2672e+05
8.3335e+05
8.3985e+05
8.4623e+05
8.5249e+05
8.5861e+05
8.6461e+05
8.7047e+05
8.762e+05
8.8179e+05
8.8724e+05
8.9256e+05
8.9773e+05
9.0276e+05
9.0764e+05
9.1239e+05
9.1698e+05
9.2143e+05
9.2573e+05
9.2988e+05
9.3387e+05
9.3772e+05
9.4142e+05
9.4496e+05
9.4835e+05
9.5159e+05
9.5467e+05
9.576e+05
9.6037e+05
9.6298e+05
9.6545e+05
9.6775e+05
9.699e+05
9.719e+05
9.7373e+05
9.7542e+05
9.7695e+05
9.7832e+05
9.7954e+05
9.806e+05
9.8151e+05
9.8227e+05
9.8287e+05
9.8333e+05
9.8363e+05
9.8378e+05
9.8378e+05
9.8363e+05
9.8333e+05
9.8288e+05
9.8229e+05
9.8155e+05
9.8067e+05
9.7964e+05
9.7847e+05
9.7716e+05
9.7571e+05
9.7412e+05
9.724e+05
9.7053e+05
9.6853e+05
9.664e+05
9.6414e+05
9.6174e+05
9.5922e+05
9.5657e+05
9.5379e+05
9.5089e+05
9.4786e+05
9.4471e+05
9.4144e+05
9.3806e+05
9.3455e+05
9.3093e+05
9.272e+05
9.2336e+05
9.1941e+05
9.1534e+05
9.1118e+05
9.069e+05
9.0253e+05
8.9805e+05
8.9348e+05
8.8881e+05
8.8404e+05
8.7918e+05
8.7423e+05
8.6919e+05
8.6406e+05
8.5884e+05
8.5354e+05
8.4816e+05
8.427e+05
8.3717e+05
8.3155e+05
8.2586e+05
8.2011e+05
8.1428e+05
8.0838e+05
8.0242e+05
7.9639e+05
7.903e+05
7.8415e+05
7.7795e+05
7.7168e+05
7.6537e+05
7.59e+05
7.5258e+05
7.4612e+05
7.3961e+05
7.3306e+05
7.2646e+05
7.1983e+05
7.1316e+05
7.0645e+05
6.9971e+05
6.9294e+05
6.8613e+05
6.7931e+05
6.7245e+05
6.6557e+05
6.5868e+05
6.5176e+05
6.4482e+05
6.3787e+05
6.309e+05
6.2393e+05
6.1694e+05
6.0995e+05
6.0295e+05
5.9594e+05
5.8893e+05
5.8193e+05
5.7492e+05
5.6792e+05
5.6092e+05
5.5393e+05
5.4695e+05
5.3997e+05
5.3301e+05
5.2607e+05
5.1914e+05
5.1222e+05
5.0533e+05
4.9845e+05
4.916e+05
4.8477e+05
4.7796e+05
4.7119e+05
4.6443e+05
4.5771e+05
4.5102e+05
4.4436e+05
4.3774e+05
4.3115e+05
4.2459e+05
4.1808e+05
4.116e+05
4.0516e+05
3.9876e+05
3.9241e+05
3.861e+05
3.7983e+05
3.7361e+05
3.6743e+05
3.6131e+05
3.5523e+05
3.492e+05
3.4322e+05
3.3729e+05
3.3141e+05
3.2559e+05
3.1982e+05
3.141e+05
3.0844e+05
3.0284e+05
2.9729e+05
2.9179e+05
2.8636e+05
2.8098e+05
2.7566e+05
2.704e+05
2.652e+05
2.6005e+05
2.5497e+05
2.4995e+05
2.4499e+05
2.4009e+05
2.3525e+05
2.3047e+05
2.2575e+05
2.211e+05
2.165e+05
2.1197e+05
2.075e+05
2.0309e+05
1.9874e+05
1.9446e+05
1.9023e+05
1.8607e+05
1.8197e+05
1.7793e+05
1.7395e+05
1.7003e+05
1.6617e+05
1.6238e+05
1.5864e+05
1.5496e+05
1.5135e+05
1.4779e+05
1.4429e+05
1.4085e+05
1.3747e+05
1.3415e+05
1.3088e+05
1.2767e+05
1.2452e+05
1.2143e+05
1.1839e+05
1.154e+05
1.1247e+05
1.096e+05
1.0678e+05
1.0401e+05
1.0129e+05
98629
96017
93457
90947
88487
86077
83716
81402
79137
76918
74746
72620
70539
68502
66509
64560
62654
60789
58966
57184
55442
53740
52077
50451
48864
47314
45800
44322
42879
41471
40097
38756
37448
36172
34928
33714
32531
31378
30254
29158
28091
27050
26037
25050
24089
23153
22242
21354
20491
19650
18831
18035
17260
16506
15772
15059
14364
13689
13032
12393
11771
11166
10578
10006
9449
8907.5
8380.8
7868.3
7369.6
6884.4
6412.2
5952.6
5505.1
5069.4
4645.2
4231.9
3829.3
3436.9
3054.4
2681.5
2317.7
1962.8
1616.3
1278
947.56
624.61
308.86
0
