1.8307e+05
1.8803e+05
1.9302e+05
1.9801e+05
2.0301e+05
2.0801e+05
2.13e+05
2.1796e+05
2.2291e+05
2.2783e+05
2.3271e+05
2.3755e+05
2.4234e+05
2.4708e+05
2.5175e+05
2.5637e+05
2.6091e+05
2.6537e+05
2.6976e+05
2.7405e+05
2.7826e+05
2.8237e+05
2.8638e+05
2.9029e+05
2.9409e+05
2.9778e+05
3.0136e+05
3.0482e+05
3.0815e+05
3.1137e+05
3.1446e+05
3.1742e+05
3.2025e+05
3.2295e+05
3.2552e+05
3.2796e+05
3.3026e+05
3.3242e+05
3.3446e+05
3.3635e+05
3.3811e+05
3.3974e+05
3.4124e+05
3.426e+05
3.4383e+05
3.4493e+05
3.459e+05
3.4675e+05
3.4747e+05
3.4807e+05
3.4855e+05
3.4892e+05
3.4917e+05
3.4931e+05
3.4935e+05
3.4928e+05
3.4911e+05
3.4885e+05
3.4849e+05
3.4805e+05
3.4752e+05
3.4692e+05
3.4624e+05
3.4549e+05
3.4467e+05
3.4379e+05
3.4286e+05
3.4188e+05
3.4084e+05
3.3977e+05
3.3866e+05
3.3752e+05
3.3635e+05
3.3517e+05
3.3396e+05
3.3274e+05
3.3152e+05
3.3029e+05
3.2906e+05
3.2785e+05
3.2664e+05
3.2545e+05
3.2428e+05
3.2313e+05
3.2202e+05
3.2094e+05
3.1989e+05
3.1888e+05
3.1792e+05
3.1701e+05
3.1615e+05
3.1534e+05
3.1459e+05
3.139e+05
3.1327e+05
3.1271e+05
3.1222e+05
3.118e+05
3.1144e+05
3.1117e+05
3.1096e+05
3.1083e+05
3.1078e+05
3.1081e+05
3.1092e+05
3.1111e+05
3.1137e+05
3.1172e+05
3.1214e+05
3.1265e+05
3.1323e+05
3.1389e+05
3.1463e+05
3.1545e+05
3.1634e+05
3.173e+05
3.1833e+05
3.1944e+05
3.2061e+05
3.2185e+05
3.2315e+05
3.2451e+05
3.2593e+05
3.274e+05
3.2893e+05
3.3051e+05
3.3213e+05
3.3379e+05
3.355e+05
3.3724e+05
3.3901e+05
3.4081e+05
3.4263e+05
3.4448e+05
3.4634e+05
3.4821e+05
3.501e+05
3.5199e+05
3.5388e+05
3.5576e+05
3.5764e+05
3.5951e+05
3.6136e+05
3.6319e+05
3.65e+05
3.6678e+05
3.6853e+05
3.7025e+05
3.7192e+05
3.7355e+05
3.7513e+05
3.7666e+05
3.7814e+05
3.7956e+05
3.8092e+05
3.8221e+05
3.8343e+05
3.8459e+05
3.8567e+05
3.8667e+05
3.8759e+05
3.8843e+05
3.8919e+05
3.8986e+05
3.9043e+05
3.9092e+05
3.9132e+05
3.9162e+05
3.9182e+05
3.9193e+05
3.9193e+05
3.9184e+05
3.9165e+05
3.9135e+05
3.9096e+05
3.9046e+05
3.8985e+05
3.8915e+05
3.8834e+05
3.8743e+05
3.8642e+05
3.8531e+05
3.841e+05
3.8278e+05
3.8137e+05
3.7986e+05
3.7826e+05
3.7656e+05
3.7477e+05
3.7289e+05
3.7092e+05
3.6887e+05
3.6673e+05
3.645e+05
3.622e+05
3.5982e+05
3.5737e+05
3.5484e+05
3.5224e+05
3.4958e+05
3.4686e+05
3.4408e+05
3.4123e+05
3.3834e+05
3.3539e+05
3.324e+05
3.2937e+05
3.2629e+05
3.2318e+05
3.2003e+05
3.1685e+05
3.1365e+05
3.1042e+05
3.0717e+05
3.0391e+05
3.0063e+05
2.9734e+05
2.9405e+05
2.9075e+05
2.8745e+05
2.8416e+05
2.8087e+05
2.7759e+05
2.7432e+05
2.7107e+05
2.6784e+05
2.6462e+05
2.6143e+05
2.5827e+05
2.5513e+05
2.5203e+05
2.4896e+05
2.4592e+05
2.4292e+05
2.3996e+05
2.3704e+05
2.3416e+05
2.3133e+05
2.2854e+05
2.258e+05
2.2311e+05
2.2046e+05
2.1787e+05
2.1533e+05
2.1283e+05
2.1039e+05
2.08e+05
2.0567e+05
2.0338e+05
2.0115e+05
1.9897e+05
1.9684e+05
1.9477e+05
1.9274e+05
1.9076e+05
1.8884e+05
1.8696e+05
1.8513e+05
1.8335e+05
1.8161e+05
1.7991e+05
1.7826e+05
1.7665e+05
1.7508e+05
1.7354e+05
1.7204e+05
1.7057e+05
1.6914e+05
1.6773e+05
1.6636e+05
1.65e+05
1.6367e+05
1.6237e+05
1.6108e+05
1.5981e+05
1.5855e+05
1.573e+05
1.5606e+05
1.5483e+05
1.5361e+05
1.5238e+05
1.5116e+05
1.4993e+05
1.487e+05
1.4746e+05
1.4621e+05
1.4495e+05
1.4368e+05
1.4239e+05
1.4108e+05
1.3976e+05
1.3841e+05
1.3703e+05
1.3563e+05
1.3421e+05
1.3275e+05
1.3126e+05
1.2975e+05
1.2819e+05
1.2661e+05
1.2499e+05
1.2333e+05
1.2163e+05
1.199e+05
1.1812e+05
1.1631e+05
1.1446e+05
1.1257e+05
1.1064e+05
1.0867e+05
1.0666e+05
1.0461e+05
1.0252e+05
1.0039e+05
98230
96031
93797
91528
89228
86897
84536
82149
79736
77300
74844
72369
69879
67375
64862
62341
59816
57291
54768
52251
49744
47251
44774
42319
39888
37487
35119
32789
30500
28258
26067
23931
21855
19844
17901
16032
14242
12535
10916
9389.8
7960.8
6633.9
5413.8
4305.2
3312.8
2441.2
1694.9
1078.5
596.43
253.12
52.887
0
98.634
352.88
766.72
1344.1
2088.7
3004.2
4094.3
5362.3
6811.5
8445.1
10266
12277
14482
16881
19479
22277
25277
28482
31892
35510
39336
43372
47620
52079
56750
61634
66732
72042
77564
83299
89246
95403
1.0177e+05
1.0835e+05
1.1513e+05
1.2212e+05
1.2931e+05
1.3671e+05
1.443e+05
1.5209e+05
1.6007e+05
1.6825e+05
1.7661e+05
1.8516e+05
1.939e+05
2.0281e+05
2.1189e+05
2.2114e+05
2.3056e+05
2.4014e+05
2.4988e+05
2.5977e+05
2.6981e+05
2.7999e+05
2.9031e+05
3.0076e+05
3.1133e+05
3.2203e+05
3.3284e+05
3.4376e+05
3.5479e+05
3.6591e+05
3.7712e+05
3.8841e+05
3.9978e+05
4.1122e+05
4.2273e+05
4.3429e+05
4.4591e+05
4.5756e+05
4.6925e+05
4.8098e+05
4.9272e+05
5.0448e+05
5.1625e+05
5.2801e+05
5.3977e+05
5.5151e+05
5.6324e+05
5.7493e+05
5.8659e+05
5.982e+05
6.0976e+05
6.2126e+05
6.3269e+05
6.4406e+05
6.5534e+05
6.6653e+05
6.7762e+05
6.8862e+05
6.995e+05
7.1027e+05
7.2092e+05
7.3143e+05
7.4181e+05
7.5204e+05
7.6212e+05
7.7205e+05
7.8181e+05
7.914e+05
8.0082e+05
8.1005e+05
8.191e+05
8.2795e+05
8.3661e+05
8.4506e+05
8.533e+05
8.6132e+05
8.6913e+05
8.7671e+05
8.8406e+05
8.9118e+05
8.9806e+05
9.047e+05
9.1109e+05
9.1723e+05
9.2311e+05
9.2874e+05
9.3411e+05
9.3921e+05
9.4405e+05
9.4862e+05
9.5292e+05
9.5695e+05
9.6069e+05
9.6417e+05
9.6736e+05
9.7027e+05
9.729e+05
9.7524e+05
9.7731e+05
9.7909e+05
9.8058e+05
9.8179e+05
9.8271e+05
9.8335e+05
9.8371e+05
9.8378e+05
9.8356e+05
9.8307e+05
9.8229e+05
9.8124e+05
9.7991e+05
9.783e+05
9.7642e+05
9.7426e+05
9.7184e+05
9.6914e+05
9.6619e+05
9.6297e+05
9.5949e+05
9.5576e+05
9.5177e+05
9.4754e+05
9.4306e+05
9.3833e+05
9.3337e+05
9.2818e+05
9.2276e+05
9.1711e+05
9.1125e+05
9.0516e+05
8.9887e+05
8.9237e+05
8.8566e+05
8.7876e+05
8.7167e+05
8.644e+05
8.5694e+05
8.4931e+05
8.415e+05
8.3354e+05
8.2541e+05
8.1713e+05
8.0871e+05
8.0014e+05
7.9144e+05
7.826e+05
7.7365e+05
7.6457e+05
7.5538e+05
7.4609e+05
7.367e+05
7.2721e+05
7.1764e+05
7.0798e+05
6.9825e+05
6.8845e+05
6.7858e+05
6.6866e+05
6.5868e+05
6.4866e+05
6.386e+05
6.2851e+05
6.1839e+05
6.0824e+05
5.9808e+05
5.8791e+05
5.7773e+05
5.6756e+05
5.5739e+05
5.4723e+05
5.3708e+05
5.2696e+05
5.1687e+05
5.0681e+05
4.9678e+05
4.868e+05
4.7687e+05
4.6698e+05
4.5716e+05
4.4739e+05
4.3769e+05
4.2806e+05
4.1851e+05
4.0903e+05
3.9963e+05
3.9032e+05
3.8111e+05
3.7198e+05
3.6295e+05
3.5402e+05
3.452e+05
3.3648e+05
3.2787e+05
3.1938e+05
3.11e+05
3.0274e+05
2.946e+05
2.8658e+05
2.7869e+05
2.7093e+05
2.6329e+05
2.5579e+05
2.4842e+05
2.4118e+05
2.3409e+05
2.2712e+05
2.203e+05
2.1362e+05
2.0708e+05
2.0068e+05
1.9442e+05
1.8831e+05
1.8234e+05
1.7651e+05
1.7083e+05
1.6529e+05
1.5989e+05
1.5464e+05
1.4954e+05
1.4458e+05
1.3976e+05
1.3508e+05
1.3055e+05
1.2615e+05
1.219e+05
1.1778e+05
1.1381e+05
1.0997e+05
1.0627e+05
1.027e+05
99267
95964
92792
89748
86831
84039
81370
78823
76395
74084
71888
69806
67834
65971
64214
62560
61009
59557
58201
56939
55770
54689
53695
52785
51957
51207
50533
49934
49405
48944
48549
48218
47947
47733
47575
47470
47414
47406
47443
47523
47642
47799
47991
48216
48471
48753
49062
49393
49746
50117
50506
50908
51324
51749
52183
52624
53070
53518
53967
54416
54862
55304
55741
56171
56592
57003
57403
57790
58164
58522
58865
59190
59497
59784
60052
60298
60523
60726
60905
61061
61192
61299
61380
61436
61465
61469
61445
61395
61318
61214
61083
60924
60739
60527
60287
60022
59729
59411
59066
58696
58300
57880
57435
56967
56474
55959
55422
54862
54281
53680
53059
52419
51760
51083
