89708
92876
96117
99428
1.0281e+05
1.0624e+05
1.0974e+05
1.1329e+05
1.1689e+05
1.2053e+05
1.2421e+05
1.2793e+05
1.3167e+05
1.3545e+05
1.3924e+05
1.4305e+05
1.4687e+05
1.507e+05
1.5452e+05
1.5835e+05
1.6217e+05
1.6597e+05
1.6976e+05
1.7353e+05
1.7727e+05
1.8097e+05
1.8465e+05
1.8828e+05
1.9187e+05
1.9542e+05
1.9891e+05
2.0235e+05
2.0572e+05
2.0904e+05
2.1229e+05
2.1547e+05
2.1858e+05
2.2161e+05
2.2457e+05
2.2744e+05
2.3023e+05
2.3294e+05
2.3556e+05
2.3809e+05
2.4053e+05
2.4288e+05
2.4513e+05
2.473e+05
2.4936e+05
2.5133e+05
2.532e+05
2.5498e+05
2.5666e+05
2.5824e+05
2.5972e+05
2.6111e+05
2.624e+05
2.636e+05
2.647e+05
2.6571e+05
2.6662e+05
2.6745e+05
2.6818e+05
2.6883e+05
2.694e+05
2.6988e+05
2.7028e+05
2.7059e+05
2.7084e+05
2.71e+05
2.711e+05
2.7112e+05
2.7108e+05
2.7097e+05
2.708e+05
2.7057e+05
2.7029e+05
2.6996e+05
2.6957e+05
2.6914e+05
2.6866e+05
2.6815e+05
2.6759e+05
2.67e+05
2.6638e+05
2.6573e+05
2.6506e+05
2.6436e+05
2.6365e+05
2.6291e+05
2.6217e+05
2.6141e+05
2.6064e+05
2.5987e+05
2.591e+05
2.5832e+05
2.5755e+05
2.5678e+05
2.5601e+05
2.5526e+05
2.5451e+05
2.5378e+05
2.5306e+05
2.5236e+05
2.5167e+05
2.5101e+05
2.5036e+05
2.4974e+05
2.4914e+05
2.4856e+05
2.4801e+05
2.4748e+05
2.4698e+05
2.465e+05
2.4606e+05
2.4564e+05
2.4525e+05
2.4488e+05
2.4455e+05
2.4424e+05
2.4396e+05
2.4371e+05
2.4349e+05
2.4329e+05
2.4312e+05
2.4297e+05
2.4285e+05
2.4275e+05
2.4268e+05
2.4262e+05
2.4259e+05
2.4258e+05
2.4259e+05
2.4261e+05
2.4265e+05
2.4271e+05
2.4278e+05
2.4287e+05
2.4296e+05
2.4307e+05
2.4318e+05
2.433e+05
2.4343e+05
2.4356e+05
2.4369e+05
2.4383e+05
2.4396e+05
2.441e+05
2.4423e+05
2.4435e+05
2.4448e+05
2.4459e+05
2.4469e+05
2.4479e+05
2.4487e+05
2.4495e+05
2.45e+05
2.4505e+05
2.4507e+05
2.4509e+05
2.4508e+05
2.4505e+05
2.45e+05
2.4494e+05
2.4484e+05
2.4473e+05
2.4459e+05
2.4443e+05
2.4424e+05
2.4403e+05
2.4379e+05
2.4352e+05
2.4322e+05
2.429e+05
2.4254e+05
2.4216e+05
2.4175e+05
2.413e+05
2.4083e+05
2.4032e+05
2.3978e+05
2.3921e+05
2.3861e+05
2.3797e+05
2.373e+05
2.366e+05
2.3587e+05
2.351e+05
2.343e+05
2.3346e+05
2.326e+05
2.317e+05
2.3076e+05
2.2979e+05
2.2879e+05
2.2775e+05
2.2668e+05
2.2558e+05
2.2444e+05
2.2327e+05
2.2206e+05
2.2082e+05
2.1955e+05
2.1824e+05
2.169e+05
2.1552e+05
2.1411e+05
2.1267e+05
2.1119e+05
2.0968e+05
2.0813e+05
2.0656e+05
2.0494e+05
2.033e+05
2.0162e+05
1.9991e+05
1.9816e+05
1.9639e+05
1.9458e+05
1.9273e+05
1.9086e+05
1.8895e+05
1.8701e+05
1.8504e+05
1.8304e+05
1.8101e+05
1.7894e+05
1.7685e+05
1.7473e+05
1.7258e+05
1.704e+05
1.6819e+05
1.6596e+05
1.637e+05
1.6141e+05
1.591e+05
1.5676e+05
1.544e+05
1.5202e+05
1.4961e+05
1.4719e+05
1.4475e+05
1.4229e+05
1.3981e+05
1.3732e+05
1.3481e+05
1.3229e+05
1.2976e+05
1.2721e+05
1.2466e+05
1.2211e+05
1.1954e+05
1.1698e+05
1.1441e+05
1.1185e+05
1.0928e+05
1.0672e+05
1.0417e+05
1.0162e+05
99082
96557
94046
91551
89074
86618
84184
81775
79393
77040
74717
72428
70175
67959
65782
63647
61555
59509
57510
55560
53662
51816
50025
48289
46611
44991
43432
41934
40499
39127
37819
36577
35400
34290
33246
32269
31360
30518
29743
29034
28392
27816
27305
26859
26476
26155
25896
25696
25554
25469
25438
25460
25533
25655
25823
26034
26287
26579
26907
27267
27658
28076
28519
28982
29463
29959
30466
30981
31501
32022
32541
33055
33560
34053
34531
34990
35428
35840
36225
36579
36900
37184
37429
37633
37793
37907
37973
37989
37953
37864
37720
37521
37265
36952
36582
36153
35666
35122
34520
33862
33148
32380
31559
30687
29766
28799
27788
26735
25645
24519
23363
22180
20974
19750
18512
17266
16016
14768
13527
12301
11093
9911.7
8762.6
7652.5
6588.3
5576.9
4625.6
3741.6
2932.2
2205.1
1567.8
1028.1
593.57
272.17
71.688
0
64.969
274.45
636.26
1158.2
1848
2713.2
3761.4
5000.1
6436.5
8077.8
9931
12003
14300
16829
19595
22606
25865
29380
33154
37193
41501
46083
50941
56080
61502
67210
73206
79493
86071
92942
1.0011e+05
1.0756e+05
1.1531e+05
1.2336e+05
1.3169e+05
1.4031e+05
1.4923e+05
1.5842e+05
1.679e+05
1.7765e+05
1.8768e+05
1.9798e+05
2.0854e+05
2.1937e+05
2.3044e+05
2.4176e+05
2.5333e+05
2.6512e+05
2.7715e+05
2.8938e+05
3.0183e+05
3.1448e+05
3.2732e+05
3.4034e+05
3.5353e+05
3.6688e+05
3.8038e+05
3.9401e+05
4.0778e+05
4.2166e+05
4.3564e+05
4.4971e+05
4.6387e+05
4.7808e+05
4.9235e+05
5.0666e+05
5.2099e+05
5.3534e+05
5.4968e+05
5.6401e+05
5.7831e+05
5.9256e+05
6.0676e+05
6.2089e+05
6.3492e+05
6.4886e+05
6.6269e+05
6.7638e+05
6.8993e+05
7.0333e+05
7.1655e+05
7.296e+05
7.4244e+05
7.5507e+05
7.6748e+05
7.7965e+05
7.9157e+05
8.0323e+05
8.1461e+05
8.2571e+05
8.365e+05
8.4699e+05
8.5716e+05
8.67e+05
8.7649e+05
8.8563e+05
8.9441e+05
9.0283e+05
9.1086e+05
9.1851e+05
9.2576e+05
9.3261e+05
9.3905e+05
9.4508e+05
9.5069e+05
9.5587e+05
9.6062e+05
9.6494e+05
9.6882e+05
9.7225e+05
9.7525e+05
9.7779e+05
9.7989e+05
9.8153e+05
9.8273e+05
9.8348e+05
9.8378e+05
9.8363e+05
9.8303e+05
9.8198e+05
9.805e+05
9.7857e+05
9.7621e+05
9.7342e+05
9.702e+05
9.6656e+05
9.625e+05
9.5802e+05
9.5315e+05
9.4787e+05
9.4221e+05
9.3616e+05
9.2974e+05
9.2294e+05
9.1579e+05
9.083e+05
9.0046e+05
8.9229e+05
8.838e+05
8.75e+05
8.659e+05
8.5651e+05
8.4685e+05
8.3692e+05
8.2673e+05
8.163e+05
8.0564e+05
7.9476e+05
7.8367e+05
7.7238e+05
7.6091e+05
7.4927e+05
7.3747e+05
7.2552e+05
7.1344e+05
7.0124e+05
6.8893e+05
6.7652e+05
6.6402e+05
6.5145e+05
6.3882e+05
6.2614e+05
6.1343e+05
6.0068e+05
5.8793e+05
5.7517e+05
5.6242e+05
5.4968e+05
5.3698e+05
5.2432e+05
5.1171e+05
4.9916e+05
4.8668e+05
4.7429e+05
4.6198e+05
4.4977e+05
4.3767e+05
4.2569e+05
4.1383e+05
4.021e+05
3.9051e+05
3.7907e+05
3.6778e+05
3.5665e+05
3.4569e+05
3.349e+05
3.2428e+05
3.1386e+05
3.0361e+05
2.9357e+05
2.8371e+05
2.7406e+05
2.6461e+05
2.5537e+05
2.4634e+05
2.3752e+05
2.2892e+05
2.2053e+05
2.1236e+05
2.044e+05
1.9667e+05
1.8916e+05
1.8187e+05
1.748e+05
1.6795e+05
1.6132e+05
1.5491e+05
1.4872e+05
1.4274e+05
1.3698e+05
1.3143e+05
1.261e+05
1.2097e+05
1.1605e+05
1.1133e+05
1.0681e+05
1.0249e+05
98366
94432
90685
87122
83740
80533
77498
74632
71928
69384
66995
64756
62663
60711
58896
57213
55657
54224
52908
51706
50612
49623
48732
47937
47231
46612
46073
45612
45223
44902
44645
44449
44308
44220
44180
44184
44229
44312
44429
44576
44751
44950
45170
45409
45663
45930
46208
46494
46786
47081
47378
47674
47968
48257
48541
48818
49086
49344
49591
49825
50046
50253
50445
50621
50780
50922
51047
51153
51241
51311
51362
51394
51406
51400
51375
51331
51268
51186
51087
50969
50833
50680
50510
50324
50121
49902
49669
49420
49157
48881
48591
48289
47974
47648
47311
46964
46606
46239
45864
45480
45088
44689
44283
43871
43453
43030
42602
42170
41734
41294
40851
40405
39957
39507
39055
38602
38147
37692
37236
36781
36325
35869
35414
34959
34505
34052
33601
33150
32701
32254
