18377
21938
25733
29757
34004
38469
43145
48025
53103
58371
63819
69441
75227
81167
87253
93473
99819
1.0628e+05
1.1284e+05
1.195e+05
1.2624e+05
1.3305e+05
1.3992e+05
1.4684e+05
1.538e+05
1.6078e+05
1.6778e+05
1.7478e+05
1.8177e+05
1.8873e+05
1.9567e+05
2.0257e+05
2.0941e+05
2.1618e+05
2.2288e+05
2.2949e+05
2.3601e+05
2.4242e+05
2.4872e+05
2.5488e+05
2.6092e+05
2.6681e+05
2.7255e+05
2.7812e+05
2.8353e+05
2.8876e+05
2.9381e+05
2.9868e+05
3.0334e+05
3.0781e+05
3.1206e+05
3.1611e+05
3.1994e+05
3.2355e+05
3.2694e+05
3.301e+05
3.3304e+05
3.3574e+05
3.3821e+05
3.4044e+05
3.4245e+05
3.4421e+05
3.4575e+05
3.4705e+05
3.4812e+05
3.4895e+05
3.4956e+05
3.4994e+05
3.501e+05
3.5004e+05
3.4976e+05
3.4927e+05
3.4857e+05
3.4767e+05
3.4657e+05
3.4527e+05
3.438e+05
3.4213e+05
3.403e+05
3.383e+05
3.3613e+05
3.3382e+05
3.3135e+05
3.2875e+05
3.2602e+05
3.2316e+05
3.2019e+05
3.1711e+05
3.1393e+05
3.1066e+05
3.0731e+05
3.0388e+05
3.004e+05
2.9685e+05
2.9326e+05
2.8962e+05
2.8596e+05
2.8227e+05
2.7857e+05
2.7487e+05
2.7116e+05
2.6747e+05
2.6379e+05
2.6014e+05
2.5653e+05
2.5295e+05
2.4943e+05
2.4595e+05
2.4254e+05
2.392e+05
2.3594e+05
2.3275e+05
2.2965e+05
2.2664e+05
2.2373e+05
2.2093e+05
2.1822e+05
2.1563e+05
2.1316e+05
2.108e+05
2.0856e+05
2.0645e+05
2.0447e+05
2.0262e+05
2.0089e+05
1.993e+05
1.9785e+05
1.9653e+05
1.9535e+05
1.943e+05
1.9339e+05
1.9261e+05
1.9197e+05
1.9146e+05
1.9109e+05
1.9084e+05
1.9073e+05
1.9074e+05
1.9087e+05
1.9113e+05
1.915e+05
1.9199e+05
1.9259e+05
1.933e+05
1.941e+05
1.9501e+05
1.9601e+05
1.971e+05
1.9828e+05
1.9953e+05
2.0086e+05
2.0226e+05
2.0372e+05
2.0524e+05
2.0681e+05
2.0843e+05
2.1009e+05
2.1178e+05
2.1351e+05
2.1525e+05
2.1702e+05
2.188e+05
2.2058e+05
2.2236e+05
2.2414e+05
2.2591e+05
2.2766e+05
2.2938e+05
2.3108e+05
2.3275e+05
2.3438e+05
2.3597e+05
2.3751e+05
2.3899e+05
2.4043e+05
2.418e+05
2.431e+05
2.4434e+05
2.455e+05
2.4659e+05
2.4759e+05
2.4852e+05
2.4936e+05
2.5011e+05
2.5077e+05
2.5134e+05
2.5182e+05
2.522e+05
2.5248e+05
2.5266e+05
2.5275e+05
2.5273e+05
2.5262e+05
2.524e+05
2.5208e+05
2.5166e+05
2.5114e+05
2.5052e+05
2.4981e+05
2.4899e+05
2.4808e+05
2.4707e+05
2.4597e+05
2.4478e+05
2.435e+05
2.4212e+05
2.4067e+05
2.3912e+05
2.375e+05
2.358e+05
2.3402e+05
2.3217e+05
2.3025e+05
2.2826e+05
2.262e+05
2.2408e+05
2.219e+05
2.1967e+05
2.1738e+05
2.1504e+05
2.1265e+05
2.1022e+05
2.0774e+05
2.0523e+05
2.0268e+05
2.0009e+05
1.9748e+05
1.9484e+05
1.9217e+05
1.8948e+05
1.8677e+05
1.8404e+05
1.8129e+05
1.7853e+05
1.7576e+05
1.7298e+05
1.7019e+05
1.674e+05
1.646e+05
1.618e+05
1.59e+05
1.5619e+05
1.5339e+05
1.5059e+05
1.478e+05
1.4501e+05
1.4222e+05
1.3944e+05
1.3667e+05
1.339e+05
1.3114e+05
1.284e+05
1.2566e+05
1.2293e+05
1.2021e+05
1.175e+05
1.148e+05
1.1211e+05
1.0943e+05
1.0677e+05
1.0411e+05
1.0147e+05
98840
96221
93615
91021
88441
85874
83321
80783
78259
75750
73258
70783
68325
65886
63466
61066
58688
56333
54001
51695
49415
47164
44942
42752
40594
38472
36386
34338
32331
30366
28445
26571
24745
22969
21246
19577
17965
16411
14917
13486
12118
10817
9583.6
8419.3
7325.7
6304.4
5356.6
4483.6
3686.3
2965.7
2322.5
1757.4
1270.7
862.82
533.69
283.26
111.2
17.018
0
59.232
193.59
401.74
682.13
1033
1452.4
1938.1
2487.8
3098.8
3768.3
4493.4
5270.8
6097.2
6969.1
7882.8
8834.3
9819.6
10835
11875
12937
14015
15105
16203
17303
18401
19492
20572
21636
22678
23695
24682
25634
26548
27418
28241
29012
29729
30387
30983
31514
31978
32371
32692
32939
33110
33203
33218
33155
33013
32793
32494
32119
31669
31145
30550
29887
29158
28368
27521
26622
25674
24684
23658
22602
21522
20425
19320
18214
17115
16032
14974
13949
12969
12042
11178
10389
9684
9074.4
8571.1
8185
7927.4
7809.4
7842.5
8038
8407.1
8961.1
9711.3
10669
11845
13250
14894
16789
18944
21369
24074
27068
30360
33957
37869
42102
46665
51562
56800
62385
68320
74612
81262
88274
95651
1.0339e+05
1.115e+05
1.1998e+05
1.2882e+05
1.3802e+05
1.4759e+05
1.5752e+05
1.678e+05
1.7844e+05
1.8942e+05
2.0074e+05
2.124e+05
2.2439e+05
2.3669e+05
2.493e+05
2.6222e+05
2.7542e+05
2.889e+05
3.0265e+05
3.1666e+05
3.309e+05
3.4538e+05
3.6007e+05
3.7496e+05
3.9003e+05
4.0528e+05
4.2067e+05
4.362e+05
4.5185e+05
4.676e+05
4.8343e+05
4.9932e+05
5.1526e+05
5.3122e+05
5.4719e+05
5.6315e+05
5.7907e+05
5.9494e+05
6.1074e+05
6.2645e+05
6.4204e+05
6.5751e+05
6.7282e+05
6.8796e+05
7.0291e+05
7.1764e+05
7.3215e+05
7.4641e+05
7.604e+05
7.7411e+05
7.8751e+05
8.0059e+05
8.1333e+05
8.2572e+05
8.3773e+05
8.4936e+05
8.6058e+05
8.7139e+05
8.8177e+05
8.9171e+05
9.0118e+05
9.1019e+05
9.1872e+05
9.2676e+05
9.343e+05
9.4133e+05
9.4784e+05
9.5383e+05
9.5929e+05
9.642e+05
9.6858e+05
9.7241e+05
9.7569e+05
9.7842e+05
9.8059e+05
9.8221e+05
9.8327e+05
9.8378e+05
9.8373e+05
9.8313e+05
9.8199e+05
9.803e+05
9.7807e+05
9.7531e+05
9.7202e+05
9.6821e+05
9.6389e+05
9.5906e+05
9.5374e+05
9.4793e+05
9.4165e+05
9.349e+05
9.2769e+05
9.2005e+05
9.1197e+05
9.0348e+05
8.9458e+05
8.853e+05
8.7564e+05
8.6562e+05
8.5526e+05
8.4457e+05
8.3356e+05
8.2225e+05
8.1066e+05
7.9881e+05
7.867e+05
7.7436e+05
7.6181e+05
7.4905e+05
7.3611e+05
7.2301e+05
7.0975e+05
6.9636e+05
6.8286e+05
6.6925e+05
6.5556e+05
6.418e+05
6.2799e+05
6.1414e+05
6.0027e+05
5.8639e+05
5.7252e+05
5.5868e+05
5.4487e+05
5.3112e+05
5.1743e+05
5.0382e+05
4.9029e+05
4.7688e+05
4.6357e+05
4.504e+05
4.3736e+05
4.2447e+05
4.1173e+05
3.9917e+05
3.8678e+05
3.7457e+05
3.6256e+05
3.5075e+05
3.3915e+05
3.2776e+05
3.1659e+05
3.0565e+05
2.9494e+05
2.8446e+05
2.7423e+05
2.6423e+05
2.5449e+05
2.4499e+05
2.3574e+05
2.2675e+05
2.1801e+05
2.0953e+05
2.013e+05
1.9332e+05
1.856e+05
1.7813e+05
1.7092e+05
1.6396e+05
1.5724e+05
1.5077e+05
1.4455e+05
1.3857e+05
1.3282e+05
1.2731e+05
1.2203e+05
1.1698e+05
1.1215e+05
1.0753e+05
1.0313e+05
98943
94954
91164
87566
84156
80928
77876
74995
72279
69722
67318
65061
62946
60966
59116
57391
55783
54288
52900
51614
50423
49322
48307
47371
46510
45719
44993
44327
43717
43158
42646
42176
41746
41350
40985
40648
40336
40044
39771
39513
39267
39031
38803
38579
38359
38140
37920
37698
37472
37241
37003
36758
36504
36241
35968
35684
35388
35081
34762
34431
34088
33732
33364
32984
32592
32188
31773
31348
30911
30465
30010
29545
29073
28592
28105
27612
27113
26610
26102
25592
25078
24563
24047
23531
23015
22500
21986
21476
20968
20465
19965
19471
18983
18500
18024
17555
17094
16641
16196
15760
15333
14915
14507
14108
13720
13342
12974
12616
12269
11932
11606
11290
10985
10689
10404
10129
9863
9607.1
9360.5
9123
8894.4
8674.4
8462.6
8258.8
8062.7
7873.8
7691.9
7516.5
7347.3
7183.9
7025.8
6872.8
6724.4
6580.2
6439.8
6302.7
6168.6
6037.1
5907.7
5780.1
5653.8
