70007
73432
77113
81049
85237
89673
94352
99269
1.0442e+05
1.0979e+05
1.1537e+05
1.2116e+05
1.2714e+05
1.333e+05
1.3963e+05
1.4612e+05
1.5275e+05
1.5951e+05
1.6639e+05
1.7336e+05
1.8041e+05
1.8753e+05
1.947e+05
2.0189e+05
2.091e+05
2.1631e+05
2.235e+05
2.3064e+05
2.3773e+05
2.4475e+05
2.5167e+05
2.5848e+05
2.6516e+05
2.717e+05
2.7807e+05
2.8427e+05
2.9028e+05
2.9608e+05
3.0165e+05
3.0699e+05
3.1208e+05
3.169e+05
3.2145e+05
3.2571e+05
3.2968e+05
3.3334e+05
3.3668e+05
3.397e+05
3.4239e+05
3.4475e+05
3.4677e+05
3.4844e+05
3.4976e+05
3.5073e+05
3.5135e+05
3.5161e+05
3.5153e+05
3.5109e+05
3.503e+05
3.4917e+05
3.4769e+05
3.4588e+05
3.4373e+05
3.4126e+05
3.3847e+05
3.3537e+05
3.3197e+05
3.2827e+05
3.2429e+05
3.2003e+05
3.1551e+05
3.1073e+05
3.0572e+05
3.0048e+05
2.9502e+05
2.8936e+05
2.835e+05
2.7747e+05
2.7128e+05
2.6493e+05
2.5845e+05
2.5185e+05
2.4513e+05
2.3833e+05
2.3144e+05
2.2449e+05
2.1748e+05
2.1044e+05
2.0337e+05
1.9629e+05
1.8921e+05
1.8215e+05
1.7511e+05
1.6812e+05
1.6118e+05
1.543e+05
1.475e+05
1.408e+05
1.3419e+05
1.2769e+05
1.2131e+05
1.1507e+05
1.0896e+05
1.0301e+05
97214
91588
86139
80873
75799
70923
66253
61793
57549
53528
49733
46169
42841
39751
36902
34298
31941
29832
27973
26365
25009
23904
23051
22449
22097
21993
22136
22523
23151
24018
25120
26454
28014
29796
31796
34008
36426
39044
41857
44856
48035
51387
54904
58578
62401
66365
70460
74678
79010
83446
87977
92594
97286
1.0204e+05
1.0686e+05
1.1172e+05
1.1661e+05
1.2154e+05
1.2648e+05
1.3142e+05
1.3636e+05
1.4129e+05
1.462e+05
1.5107e+05
1.559e+05
1.6068e+05
1.654e+05
1.7006e+05
1.7463e+05
1.7912e+05
1.8352e+05
1.8782e+05
1.9202e+05
1.9609e+05
2.0005e+05
2.0388e+05
2.0758e+05
2.1114e+05
2.1456e+05
2.1783e+05
2.2095e+05
2.2392e+05
2.2673e+05
2.2938e+05
2.3186e+05
2.3418e+05
2.3633e+05
2.3832e+05
2.4013e+05
2.4178e+05
2.4326e+05
2.4457e+05
2.4571e+05
2.4668e+05
2.4749e+05
2.4814e+05
2.4862e+05
2.4894e+05
2.491e+05
2.4911e+05
2.4897e+05
2.4867e+05
2.4823e+05
2.4764e+05
2.4692e+05
2.4606e+05
2.4506e+05
2.4393e+05
2.4268e+05
2.4131e+05
2.3981e+05
2.3821e+05
2.3649e+05
2.3466e+05
2.3272e+05
2.3069e+05
2.2856e+05
2.2633e+05
2.2401e+05
2.2161e+05
2.1912e+05
2.1655e+05
2.139e+05
2.1117e+05
2.0837e+05
2.0551e+05
2.0257e+05
1.9957e+05
1.9651e+05
1.9339e+05
1.9022e+05
1.8699e+05
1.8371e+05
1.8038e+05
1.7701e+05
1.7359e+05
1.7013e+05
1.6663e+05
1.631e+05
1.5954e+05
1.5595e+05
1.5233e+05
1.4869e+05
1.4502e+05
1.4134e+05
1.3765e+05
1.3395e+05
1.3024e+05
1.2652e+05
1.2281e+05
1.191e+05
1.154e+05
1.1172e+05
1.0805e+05
1.044e+05
1.0077e+05
97174
93612
90087
86604
83167
79780
76448
73175
69965
66822
63749
60750
57829
54989
52234
49565
46986
44499
42106
39809
37609
35508
33507
31606
29805
28105
26504
25003
23599
22291
21079
19958
18928
17985
17126
16348
15648
15021
14464
13972
13542
13169
12849
12576
12346
12155
11997
11870
11767
11684
11618
11564
11519
11479
11439
11399
11353
11301
11239
11167
11082
10984
10871
10744
10603
10447
10279
10098
9907
9707.5
9501.9
9292.6
9082.5
8874.8
8672.8
8480.1
8300.4
8137.7
7996.1
7879.6
7792.3
7738.5
7722.3
7747.6
7818.5
7938.6
8111.7
8340.9
8629.5
8980.1
9395.2
9876.9
10427
11046
11735
12495
13325
14225
15192
16227
17325
18484
19701
20972
22293
23657
25061
26497
27960
29443
30939
32439
33938
35426
36896
38339
39747
41111
42424
43677
44863
45972
46999
47936
48775
49512
50140
50655
51052
51327
51478
51504
51402
51173
50818
50338
49737
49019
48190
47254
46220
45097
43893
42621
41291
39917
38513
37095
35678
34279
32917
31611
30380
29244
28225
27345
26624
26087
25756
25654
25804
26229
26953
27998
29387
31143
33288
35841
38825
42258
46160
50547
55438
60846
66787
73273
80315
87923
96105
1.0487e+05
1.1422e+05
1.2415e+05
1.3468e+05
1.4579e+05
1.5749e+05
1.6976e+05
1.8262e+05
1.9603e+05
2.1e+05
2.2452e+05
2.3956e+05
2.5511e+05
2.7115e+05
2.8766e+05
3.0463e+05
3.2201e+05
3.398e+05
3.5796e+05
3.7646e+05
3.9528e+05
4.1437e+05
4.3371e+05
4.5327e+05
4.73e+05
4.9287e+05
5.1284e+05
5.3288e+05
5.5294e+05
5.7298e+05
5.9297e+05
6.1287e+05
6.3262e+05
6.522e+05
6.7156e+05
6.9066e+05
7.0946e+05
7.2792e+05
7.46e+05
7.6366e+05
7.8086e+05
7.9758e+05
8.1376e+05
8.2938e+05
8.444e+05
8.5879e+05
8.7252e+05
8.8556e+05
8.9788e+05
9.0945e+05
9.2026e+05
9.3028e+05
9.3948e+05
9.4786e+05
9.5538e+05
9.6205e+05
9.6784e+05
9.7274e+05
9.7675e+05
9.7987e+05
9.8208e+05
9.8338e+05
9.8378e+05
9.8327e+05
9.8187e+05
9.7957e+05
9.7639e+05
9.7234e+05
9.6742e+05
9.6166e+05
9.5507e+05
9.4766e+05
9.3947e+05
9.3049e+05
9.2077e+05
9.1033e+05
8.9918e+05
8.8736e+05
8.749e+05
8.6181e+05
8.4815e+05
8.3393e+05
8.1918e+05
8.0395e+05
7.8826e+05
7.7214e+05
7.5564e+05
7.3878e+05
7.216e+05
7.0414e+05
6.8643e+05
6.685e+05
6.5039e+05
6.3214e+05
6.1377e+05
5.9533e+05
5.7685e+05
5.5835e+05
5.3987e+05
5.2144e+05
5.031e+05
4.8486e+05
4.6677e+05
4.4885e+05
4.3112e+05
4.1361e+05
3.9634e+05
3.7935e+05
3.6264e+05
3.4624e+05
3.3018e+05
3.1446e+05
2.9911e+05
2.8414e+05
2.6957e+05
2.554e+05
2.4165e+05
2.2834e+05
2.1546e+05
2.0304e+05
1.9106e+05
1.7954e+05
1.6849e+05
1.579e+05
1.4777e+05
1.3811e+05
1.2892e+05
1.2019e+05
1.1191e+05
1.0409e+05
96725
89798
83306
77242
71597
66359
61521
57069
52992
49279
45915
42889
40185
37791
35692
33873
32320
31017
29951
29105
28464
28015
27742
27630
27665
27832
28118
28509
28992
29553
30181
30862
31585
32339
33114
33899
34684
35460
36220
36954
37656
38318
38935
39501
40010
40459
40844
41161
41407
41581
41681
41705
41654
41527
41323
41045
40694
40271
39777
39216
38591
37904
37158
36358
35506
34607
33666
32686
31672
30628
29559
28470
27364
26248
25125
24000
22877
21761
20655
19565
18493
17444
16420
15427
14465
13539
12651
11803
10998
10237
9522.3
8854.7
8235.4
7665.3
7144.9
6674.5
6254.1
5883.4
5562.1
5289.3
5064.2
4885.6
4752
4662
4613.8
4605.4
4634.8
4699.8
4798.1
4927.1
5084.3
5267.1
5472.8
5698.6
5941.8
6199.5
6469
6747.4
7032
7320.1
7609
7896
8178.8
8454.8
8721.6
8977.2
9219.4
9446.3
9656
9846.8
10017
10166
10292
10394
10471
10522
10548
10547
10519
10464
10383
10276
10142
9983.8
9800.4
9593.1
9362.9
9110.9
8838.2
8546
8235.8
7908.9
7566.9
7211.3
6843.6
6465.6
6078.8
5684.9
5285.7
4882.8
4477.7
4072.3
3668
3266.4
2869.1
2477.4
2092.8
1716.5
1349.8
993.77
649.52
317.98
0
