2.5101e+05
2.5419e+05
2.5737e+05
2.6056e+05
2.6376e+05
2.6695e+05
2.7014e+05
2.7333e+05
2.7652e+05
2.797e+05
2.8288e+05
2.8604e+05
2.892e+05
2.9234e+05
2.9547e+05
2.9859e+05
3.0169e+05
3.0477e+05
3.0783e+05
3.1087e+05
3.1389e+05
3.1689e+05
3.1986e+05
3.228e+05
3.2572e+05
3.286e+05
3.3146e+05
3.3428e+05
3.3707e+05
3.3983e+05
3.4255e+05
3.4523e+05
3.4788e+05
3.5048e+05
3.5305e+05
3.5558e+05
3.5806e+05
3.605e+05
3.6289e+05
3.6524e+05
3.6754e+05
3.6979e+05
3.72e+05
3.7416e+05
3.7626e+05
3.7832e+05
3.8032e+05
3.8227e+05
3.8417e+05
3.8601e+05
3.878e+05
3.8953e+05
3.9121e+05
3.9283e+05
3.9439e+05
3.959e+05
3.9735e+05
3.9873e+05
4.0006e+05
4.0133e+05
4.0254e+05
4.0368e+05
4.0477e+05
4.0579e+05
4.0676e+05
4.0766e+05
4.085e+05
4.0927e+05
4.0999e+05
4.1064e+05
4.1123e+05
4.1175e+05
4.1221e+05
4.1261e+05
4.1295e+05
4.1322e+05
4.1343e+05
4.1358e+05
4.1367e+05
4.1369e+05
4.1365e+05
4.1355e+05
4.1338e+05
4.1316e+05
4.1287e+05
4.1253e+05
4.1212e+05
4.1165e+05
4.1112e+05
4.1054e+05
4.0989e+05
4.0919e+05
4.0843e+05
4.0761e+05
4.0673e+05
4.058e+05
4.0482e+05
4.0378e+05
4.0268e+05
4.0154e+05
4.0034e+05
3.9909e+05
3.9779e+05
3.9644e+05
3.9504e+05
3.936e+05
3.921e+05
3.9056e+05
3.8898e+05
3.8735e+05
3.8569e+05
3.8397e+05
3.8222e+05
3.8043e+05
3.786e+05
3.7673e+05
3.7483e+05
3.7289e+05
3.7092e+05
3.6892e+05
3.6688e+05
3.6482e+05
3.6272e+05
3.606e+05
3.5845e+05
3.5628e+05
3.5408e+05
3.5187e+05
3.4963e+05
3.4737e+05
3.4509e+05
3.428e+05
3.4049e+05
3.3816e+05
3.3583e+05
3.3348e+05
3.3112e+05
3.2875e+05
3.2637e+05
3.2399e+05
3.2161e+05
3.1922e+05
3.1682e+05
3.1443e+05
3.1204e+05
3.0965e+05
3.0726e+05
3.0487e+05
3.0249e+05
3.0012e+05
2.9776e+05
2.954e+05
2.9305e+05
2.9072e+05
2.884e+05
2.8609e+05
2.8379e+05
2.8151e+05
2.7925e+05
2.7701e+05
2.7478e+05
2.7257e+05
2.7039e+05
2.6822e+05
2.6608e+05
2.6396e+05
2.6187e+05
2.5979e+05
2.5775e+05
2.5573e+05
2.5373e+05
2.5177e+05
2.4983e+05
2.4791e+05
2.4603e+05
2.4418e+05
2.4235e+05
2.4056e+05
2.3879e+05
2.3706e+05
2.3535e+05
2.3368e+05
2.3204e+05
2.3043e+05
2.2885e+05
2.273e+05
2.2578e+05
2.2429e+05
2.2283e+05
2.2141e+05
2.2001e+05
2.1864e+05
2.1731e+05
2.16e+05
2.1472e+05
2.1347e+05
2.1225e+05
2.1106e+05
2.0989e+05
2.0875e+05
2.0764e+05
2.0655e+05
2.0548e+05
2.0444e+05
2.0343e+05
2.0243e+05
2.0146e+05
2.005e+05
1.9957e+05
1.9865e+05
1.9775e+05
1.9687e+05
1.96e+05
1.9515e+05
1.9431e+05
1.9349e+05
1.9267e+05
1.9186e+05
1.9107e+05
1.9028e+05
1.895e+05
1.8872e+05
1.8794e+05
1.8717e+05
1.864e+05
1.8564e+05
1.8487e+05
1.8409e+05
1.8332e+05
1.8254e+05
1.8175e+05
1.8096e+05
1.8015e+05
1.7934e+05
1.7852e+05
1.7768e+05
1.7683e+05
1.7597e+05
1.7509e+05
1.7419e+05
1.7327e+05
1.7234e+05
1.7138e+05
1.7041e+05
1.6941e+05
1.6838e+05
1.6734e+05
1.6626e+05
1.6516e+05
1.6404e+05
1.6288e+05
1.617e+05
1.6048e+05
1.5924e+05
1.5796e+05
1.5666e+05
1.5532e+05
1.5394e+05
1.5254e+05
1.511e+05
1.4962e+05
1.4812e+05
1.4657e+05
1.4499e+05
1.4338e+05
1.4173e+05
1.4005e+05
1.3833e+05
1.3657e+05
1.3478e+05
1.3296e+05
1.311e+05
1.2921e+05
1.2728e+05
1.2532e+05
1.2333e+05
1.2131e+05
1.1925e+05
1.1716e+05
1.1505e+05
1.129e+05
1.1073e+05
1.0853e+05
1.063e+05
1.0405e+05
1.0178e+05
99480
97162
94826
92471
90100
87714
85315
82905
80486
78058
75625
73189
70750
68312
65877
63447
61023
58609
56207
53818
51447
49094
46763
44456
42176
39925
37707
35523
33377
31271
29208
27191
25223
23307
21445
19640
17895
16214
14598
13052
11577
10176
8853.8
7611.6
6452.6
5379.8
4396
3503.9
2706.4
2006.2
1406.1
908.78
516.88
233.07
59.919
0
55.817
229.83
524.46
942.07
1484.9
2155.4
2955.5
3887.5
4953.3
6155.1
7494.7
8974
10595
12359
14267
16322
18525
20877
23380
26034
28841
31801
34917
38188
41615
45199
48941
52840
56898
61114
65489
70022
74714
79564
84572
89738
95061
1.0054e+05
1.0618e+05
1.1197e+05
1.1791e+05
1.2401e+05
1.3026e+05
1.3666e+05
1.432e+05
1.499e+05
1.5674e+05
1.6373e+05
1.7085e+05
1.7812e+05
1.8553e+05
1.9307e+05
2.0075e+05
2.0856e+05
2.165e+05
2.2456e+05
2.3275e+05
2.4106e+05
2.4949e+05
2.5803e+05
2.6668e+05
2.7545e+05
2.8432e+05
2.9329e+05
3.0236e+05
3.1153e+05
3.2079e+05
3.3013e+05
3.3957e+05
3.4908e+05
3.5867e+05
3.6833e+05
3.7806e+05
3.8785e+05
3.9771e+05
4.0762e+05
4.1758e+05
4.2759e+05
4.3765e+05
4.4774e+05
4.5787e+05
4.6802e+05
4.782e+05
4.884e+05
4.9862e+05
5.0885e+05
5.1908e+05
5.2932e+05
5.3955e+05
5.4977e+05
5.5998e+05
5.7017e+05
5.8034e+05
5.9048e+05
6.0058e+05
6.1065e+05
6.2068e+05
6.3066e+05
6.4059e+05
6.5046e+05
6.6026e+05
6.7001e+05
6.7967e+05
6.8927e+05
6.9878e+05
7.082e+05
7.1754e+05
7.2678e+05
7.3592e+05
7.4495e+05
7.5388e+05
7.6269e+05
7.7138e+05
7.7995e+05
7.884e+05
7.9671e+05
8.0489e+05
8.1293e+05
8.2083e+05
8.2858e+05
8.3617e+05
8.4362e+05
8.509e+05
8.5802e+05
8.6497e+05
8.7176e+05
8.7837e+05
8.8481e+05
8.9107e+05
8.9714e+05
9.0303e+05
9.0873e+05
9.1424e+05
9.1955e+05
9.2467e+05
9.2959e+05
9.343e+05
9.3882e+05
9.4312e+05
9.4722e+05
9.5111e+05
9.5479e+05
9.5825e+05
9.615e+05
9.6453e+05
9.6735e+05
9.6994e+05
9.7232e+05
9.7447e+05
9.764e+05
9.7811e+05
9.7959e+05
9.8085e+05
9.8188e+05
9.8269e+05
9.8328e+05
9.8364e+05
9.8378e+05
9.8369e+05
9.8338e+05
9.8284e+05
9.8208e+05
9.811e+05
9.7989e+05
9.7847e+05
9.7682e+05
9.7496e+05
9.7288e+05
9.7059e+05
9.6808e+05
9.6535e+05
9.6242e+05
9.5928e+05
9.5593e+05
9.5238e+05
9.4862e+05
9.4466e+05
9.4051e+05
9.3616e+05
9.3161e+05
9.2688e+05
9.2195e+05
9.1685e+05
9.1156e+05
9.0609e+05
9.0045e+05
8.9463e+05
8.8865e+05
8.8249e+05
8.7618e+05
8.6971e+05
8.6308e+05
8.563e+05
8.4937e+05
8.4229e+05
8.3508e+05
8.2773e+05
8.2024e+05
8.1263e+05
8.0489e+05
7.9703e+05
7.8905e+05
7.8096e+05
7.7277e+05
7.6446e+05
7.5606e+05
7.4756e+05
7.3897e+05
7.303e+05
7.2154e+05
7.127e+05
7.0378e+05
6.948e+05
6.8575e+05
6.7664e+05
6.6747e+05
6.5825e+05
6.4898e+05
6.3967e+05
6.3032e+05
6.2093e+05
6.1152e+05
6.0207e+05
5.9261e+05
5.8312e+05
5.7362e+05
5.6412e+05
5.546e+05
5.4509e+05
5.3558e+05
5.2607e+05
5.1658e+05
5.071e+05
4.9764e+05
4.882e+05
4.7879e+05
4.6941e+05
4.6007e+05
4.5076e+05
4.4149e+05
4.3227e+05
4.2309e+05
4.1397e+05
4.0491e+05
3.959e+05
3.8695e+05
3.7807e+05
3.6926e+05
3.6051e+05
3.5185e+05
3.4325e+05
3.3474e+05
3.2631e+05
3.1797e+05
3.0971e+05
3.0154e+05
2.9347e+05
2.8549e+05
2.7761e+05
2.6982e+05
2.6214e+05
2.5456e+05
2.4709e+05
2.3972e+05
2.3246e+05
2.2531e+05
2.1827e+05
2.1135e+05
2.0454e+05
1.9785e+05
1.9127e+05
1.8481e+05
1.7848e+05
1.7226e+05
1.6616e+05
1.6018e+05
1.5433e+05
1.486e+05
1.4299e+05
1.3751e+05
1.3215e+05
1.2692e+05
1.2181e+05
1.1683e+05
1.1197e+05
1.0723e+05
1.0262e+05
98139
93778
89542
85429
81438
77570
73824
70199
66694
63308
60041
56891
53858
50940
48137
45446
42867
40398
38039
35787
33641
31600
29662
27825
26088
24449
22907
21460
20105
18841
17667
16579
15578
14659
13823
13065
12386
11782
11251
10792
10402
10079
9822.2
9628.2
9495.2
9421.3
9404.3
9442.1
9532.6
9673.7
9863.4
10100
10380
10703
11066
11467
11905
12377
12881
13415
13978
14567
15180
15816
16472
17148
17840
18548
19269
20001
20744
21495
22253
23016
23782
24550
25319
26087
26852
27614
28370
29120
29862
30594
31317
32028
32727
33412
34082
34737
35374
35995
36596
37179
37741
38282
38802
39300
39774
40225
40652
41054
41431
41782
42108
42407
42679
42924
43143
43333
43497
43632
43739
