1.6416e+05
1.6693e+05
1.6973e+05
1.7255e+05
1.7541e+05
1.7829e+05
1.812e+05
1.8412e+05
1.8706e+05
1.9002e+05
1.93e+05
1.9598e+05
1.9898e+05
2.0198e+05
2.0499e+05
2.08e+05
2.1101e+05
2.1402e+05
2.1702e+05
2.2002e+05
2.2301e+05
2.2599e+05
2.2895e+05
2.319e+05
2.3483e+05
2.3774e+05
2.4063e+05
2.435e+05
2.4634e+05
2.4915e+05
2.5194e+05
2.5469e+05
2.5741e+05
2.6009e+05
2.6274e+05
2.6535e+05
2.6792e+05
2.7045e+05
2.7293e+05
2.7537e+05
2.7777e+05
2.8012e+05
2.8242e+05
2.8467e+05
2.8687e+05
2.8902e+05
2.9112e+05
2.9316e+05
2.9515e+05
2.9708e+05
2.9896e+05
3.0079e+05
3.0255e+05
3.0426e+05
3.0592e+05
3.0751e+05
3.0905e+05
3.1053e+05
3.1195e+05
3.1331e+05
3.1462e+05
3.1586e+05
3.1705e+05
3.1818e+05
3.1926e+05
3.2027e+05
3.2124e+05
3.2214e+05
3.2299e+05
3.2378e+05
3.2452e+05
3.2521e+05
3.2585e+05
3.2643e+05
3.2696e+05
3.2744e+05
3.2788e+05
3.2826e+05
3.286e+05
3.2889e+05
3.2914e+05
3.2934e+05
3.295e+05
3.2962e+05
3.297e+05
3.2974e+05
3.2974e+05
3.2971e+05
3.2964e+05
3.2953e+05
3.294e+05
3.2923e+05
3.2904e+05
3.2881e+05
3.2856e+05
3.2828e+05
3.2798e+05
3.2765e+05
3.273e+05
3.2693e+05
3.2654e+05
3.2613e+05
3.2571e+05
3.2526e+05
3.2481e+05
3.2433e+05
3.2385e+05
3.2335e+05
3.2285e+05
3.2233e+05
3.2181e+05
3.2127e+05
3.2073e+05
3.2018e+05
3.1963e+05
3.1907e+05
3.1851e+05
3.1794e+05
3.1737e+05
3.168e+05
3.1622e+05
3.1565e+05
3.1507e+05
3.1449e+05
3.1391e+05
3.1333e+05
3.1274e+05
3.1216e+05
3.1158e+05
3.1099e+05
3.1041e+05
3.0982e+05
3.0923e+05
3.0865e+05
3.0806e+05
3.0746e+05
3.0687e+05
3.0627e+05
3.0567e+05
3.0507e+05
3.0446e+05
3.0385e+05
3.0323e+05
3.0261e+05
3.0197e+05
3.0134e+05
3.0069e+05
3.0003e+05
2.9937e+05
2.9869e+05
2.98e+05
2.973e+05
2.9658e+05
2.9585e+05
2.9511e+05
2.9435e+05
2.9357e+05
2.9277e+05
2.9196e+05
2.9112e+05
2.9027e+05
2.8939e+05
2.8849e+05
2.8756e+05
2.8661e+05
2.8564e+05
2.8464e+05
2.8361e+05
2.8255e+05
2.8147e+05
2.8035e+05
2.7921e+05
2.7804e+05
2.7683e+05
2.7559e+05
2.7432e+05
2.7301e+05
2.7168e+05
2.703e+05
2.689e+05
2.6746e+05
2.6598e+05
2.6447e+05
2.6292e+05
2.6134e+05
2.5972e+05
2.5807e+05
2.5638e+05
2.5466e+05
2.529e+05
2.5111e+05
2.4929e+05
2.4743e+05
2.4553e+05
2.436e+05
2.4165e+05
2.3966e+05
2.3763e+05
2.3558e+05
2.335e+05
2.3139e+05
2.2926e+05
2.2709e+05
2.249e+05
2.2269e+05
2.2046e+05
2.182e+05
2.1592e+05
2.1362e+05
2.1131e+05
2.0898e+05
2.0663e+05
2.0427e+05
2.019e+05
1.9952e+05
1.9712e+05
1.9473e+05
1.9232e+05
1.8991e+05
1.875e+05
1.8509e+05
1.8269e+05
1.8028e+05
1.7788e+05
1.7548e+05
1.731e+05
1.7072e+05
1.6836e+05
1.66e+05
1.6367e+05
1.6135e+05
1.5905e+05
1.5677e+05
1.5451e+05
1.5227e+05
1.5006e+05
1.4788e+05
1.4572e+05
1.436e+05
1.415e+05
1.3944e+05
1.3741e+05
1.3541e+05
1.3345e+05
1.3153e+05
1.2965e+05
1.278e+05
1.26e+05
1.2423e+05
1.2251e+05
1.2083e+05
1.1919e+05
1.1759e+05
1.1604e+05
1.1454e+05
1.1308e+05
1.1166e+05
1.1029e+05
1.0896e+05
1.0768e+05
1.0645e+05
1.0526e+05
1.0411e+05
1.0301e+05
1.0195e+05
1.0093e+05
99961
99030
98141
97291
96481
95709
94974
94275
93611
92981
92382
91814
91275
90763
90278
89816
89377
88959
88559
88176
87808
87454
87110
86776
86449
86127
85808
85490
85171
84849
84522
84188
83845
83491
83124
82742
82343
81925
81488
81028
80544
80035
79498
78934
78339
77713
77055
76363
75637
74874
74076
73240
72365
71453
70501
69510
68480
67410
66301
65152
63964
62737
61473
60171
58832
57458
56050
54608
53135
51631
50099
48541
46957
45351
43724
42079
40419
38746
37062
35372
33677
31981
30287
28599
26920
25253
23604
21974
20369
18792
17247
15739
14272
12849
11477
10159
8898.9
7702.5
6574
5518.2
4539.6
3643.2
2833.6
2115.6
1494
973.72
559.39
255.83
67.792
0
57.14
243.86
564.74
1024.3
1627.1
2377.5
3279.8
4338.2
5557
6940
8491.4
10215
12114
14193
16455
18902
21539
24369
27393
30616
34039
37664
41495
45532
49778
54235
58903
63783
68878
74187
79712
85451
91407
97578
1.0396e+05
1.1056e+05
1.1738e+05
1.2441e+05
1.3164e+05
1.3909e+05
1.4675e+05
1.5461e+05
1.6268e+05
1.7095e+05
1.7942e+05
1.8808e+05
1.9694e+05
2.0599e+05
2.1522e+05
2.2464e+05
2.3423e+05
2.44e+05
2.5394e+05
2.6404e+05
2.743e+05
2.8472e+05
2.9528e+05
3.0599e+05
3.1684e+05
3.2782e+05
3.3893e+05
3.5015e+05
3.6149e+05
3.7294e+05
3.8448e+05
3.9612e+05
4.0785e+05
4.1965e+05
4.3153e+05
4.4347e+05
4.5546e+05
4.6751e+05
4.7959e+05
4.9171e+05
5.0385e+05
5.1601e+05
5.2818e+05
5.4034e+05
5.525e+05
5.6464e+05
5.7676e+05
5.8885e+05
6.0089e+05
6.1288e+05
6.2481e+05
6.3668e+05
6.4847e+05
6.6017e+05
6.7179e+05
6.833e+05
6.947e+05
7.0599e+05
7.1714e+05
7.2817e+05
7.3905e+05
7.4979e+05
7.6036e+05
7.7077e+05
7.8101e+05
7.9106e+05
8.0093e+05
8.106e+05
8.2007e+05
8.2933e+05
8.3838e+05
8.472e+05
8.5579e+05
8.6415e+05
8.7226e+05
8.8013e+05
8.8774e+05
8.951e+05
9.0219e+05
9.0901e+05
9.1556e+05
9.2183e+05
9.2781e+05
9.3351e+05
9.3892e+05
9.4403e+05
9.4885e+05
9.5336e+05
9.5758e+05
9.6148e+05
9.6507e+05
9.6836e+05
9.7133e+05
9.7398e+05
9.7632e+05
9.7834e+05
9.8004e+05
9.8143e+05
9.8249e+05
9.8324e+05
9.8367e+05
9.8378e+05
9.8357e+05
9.8304e+05
9.822e+05
9.8105e+05
9.7958e+05
9.778e+05
9.7572e+05
9.7332e+05
9.7063e+05
9.6764e+05
9.6435e+05
9.6076e+05
9.5689e+05
9.5273e+05
9.4829e+05
9.4357e+05
9.3858e+05
9.3332e+05
9.278e+05
9.2202e+05
9.1599e+05
9.0971e+05
9.0318e+05
8.9642e+05
8.8943e+05
8.8222e+05
8.7479e+05
8.6714e+05
8.5929e+05
8.5125e+05
8.4301e+05
8.3458e+05
8.2598e+05
8.172e+05
8.0826e+05
7.9916e+05
7.8991e+05
7.8052e+05
7.71e+05
7.6134e+05
7.5157e+05
7.4168e+05
7.3168e+05
7.2159e+05
7.114e+05
7.0113e+05
6.9079e+05
6.8037e+05
6.699e+05
6.5937e+05
6.4879e+05
6.3817e+05
6.2753e+05
6.1685e+05
6.0616e+05
5.9546e+05
5.8475e+05
5.7405e+05
5.6335e+05
5.5267e+05
5.4202e+05
5.3139e+05
5.208e+05
5.1025e+05
4.9975e+05
4.8931e+05
4.7892e+05
4.686e+05
4.5835e+05
4.4818e+05
4.3809e+05
4.2809e+05
4.1818e+05
4.0837e+05
3.9866e+05
3.8905e+05
3.7956e+05
3.7018e+05
3.6093e+05
3.5179e+05
3.4278e+05
3.339e+05
3.2516e+05
3.1655e+05
3.0808e+05
2.9975e+05
2.9157e+05
2.8354e+05
2.7566e+05
2.6792e+05
2.6035e+05
2.5293e+05
2.4566e+05
2.3856e+05
2.3161e+05
2.2482e+05
2.182e+05
2.1174e+05
2.0544e+05
1.9931e+05
1.9334e+05
1.8753e+05
1.8189e+05
1.7641e+05
1.711e+05
1.6595e+05
1.6095e+05
1.5612e+05
1.5145e+05
1.4694e+05
1.4259e+05
1.3839e+05
1.3435e+05
1.3046e+05
1.2673e+05
1.2314e+05
1.197e+05
1.1641e+05
1.1326e+05
1.1025e+05
1.0738e+05
1.0465e+05
1.0205e+05
99587
97250
95039
92952
90986
89137
87404
85782
84270
82863
81558
80354
79246
78231
77306
76468
75714
75041
74444
73922
73470
73086
72767
72509
72309
72164
72072
72028
72030
72075
72160
72282
72438
72626
72843
73085
73351
73637
73942
74263
74597
74942
75295
75655
76020
76386
76753
77119
77480
77837
78186
78527
78857
79176
79482
79772
80048
80306
80545
80766
80966
81146
81303
81438
81549
81636
81698
81735
81746
81732
81691
81624
81530
81409
81261
81086
80884
80655
80400
80118
79810
79476
79116
78731
78321
77887
77429
76947
76442
75915
75367
74797
74207
73598
72969
72322
71658
70977
70280
69568
68842
68102
67350
66586
65810
65025
64230
