1.6981e+05
1.7337e+05
1.7691e+05
1.8042e+05
1.8389e+05
1.8732e+05
1.9071e+05
1.9404e+05
1.9732e+05
2.0055e+05
2.0371e+05
2.0681e+05
2.0985e+05
2.1281e+05
2.157e+05
2.1852e+05
2.2126e+05
2.2392e+05
2.265e+05
2.2899e+05
2.314e+05
2.3373e+05
2.3597e+05
2.3812e+05
2.4018e+05
2.4215e+05
2.4403e+05
2.4582e+05
2.4752e+05
2.4913e+05
2.5065e+05
2.5209e+05
2.5344e+05
2.547e+05
2.5587e+05
2.5697e+05
2.5798e+05
2.5891e+05
2.5976e+05
2.6053e+05
2.6123e+05
2.6186e+05
2.6242e+05
2.6292e+05
2.6335e+05
2.6372e+05
2.6403e+05
2.6429e+05
2.645e+05
2.6466e+05
2.6477e+05
2.6484e+05
2.6488e+05
2.6488e+05
2.6485e+05
2.648e+05
2.6472e+05
2.6463e+05
2.6452e+05
2.6439e+05
2.6426e+05
2.6413e+05
2.6399e+05
2.6386e+05
2.6373e+05
2.6362e+05
2.6352e+05
2.6344e+05
2.6338e+05
2.6334e+05
2.6333e+05
2.6336e+05
2.6341e+05
2.6351e+05
2.6364e+05
2.6382e+05
2.6404e+05
2.6431e+05
2.6463e+05
2.6501e+05
2.6544e+05
2.6592e+05
2.6647e+05
2.6707e+05
2.6774e+05
2.6847e+05
2.6927e+05
2.7013e+05
2.7105e+05
2.7205e+05
2.7311e+05
2.7424e+05
2.7544e+05
2.7671e+05
2.7805e+05
2.7945e+05
2.8092e+05
2.8246e+05
2.8407e+05
2.8574e+05
2.8747e+05
2.8927e+05
2.9113e+05
2.9305e+05
2.9502e+05
2.9706e+05
2.9914e+05
3.0128e+05
3.0347e+05
3.0571e+05
3.0799e+05
3.1032e+05
3.1268e+05
3.1508e+05
3.1752e+05
3.1998e+05
3.2247e+05
3.2499e+05
3.2752e+05
3.3008e+05
3.3265e+05
3.3522e+05
3.3781e+05
3.404e+05
3.4298e+05
3.4557e+05
3.4814e+05
3.507e+05
3.5325e+05
3.5578e+05
3.5829e+05
3.6077e+05
3.6322e+05
3.6563e+05
3.6801e+05
3.7034e+05
3.7263e+05
3.7488e+05
3.7707e+05
3.792e+05
3.8128e+05
3.8329e+05
3.8524e+05
3.8712e+05
3.8893e+05
3.9067e+05
3.9233e+05
3.9391e+05
3.9541e+05
3.9682e+05
3.9814e+05
3.9938e+05
4.0053e+05
4.0158e+05
4.0254e+05
4.034e+05
4.0416e+05
4.0482e+05
4.0538e+05
4.0584e+05
4.0619e+05
4.0644e+05
4.0659e+05
4.0663e+05
4.0657e+05
4.0639e+05
4.0612e+05
4.0573e+05
4.0524e+05
4.0465e+05
4.0394e+05
4.0314e+05
4.0223e+05
4.0121e+05
4.001e+05
3.9888e+05
3.9756e+05
3.9614e+05
3.9463e+05
3.9302e+05
3.9132e+05
3.8952e+05
3.8764e+05
3.8566e+05
3.836e+05
3.8146e+05
3.7924e+05
3.7693e+05
3.7455e+05
3.721e+05
3.6957e+05
3.6697e+05
3.6431e+05
3.6159e+05
3.588e+05
3.5596e+05
3.5306e+05
3.5011e+05
3.4712e+05
3.4407e+05
3.4099e+05
3.3786e+05
3.347e+05
3.315e+05
3.2827e+05
3.2501e+05
3.2173e+05
3.1843e+05
3.1511e+05
3.1177e+05
3.0842e+05
3.0506e+05
3.0169e+05
2.9832e+05
2.9494e+05
2.9156e+05
2.8819e+05
2.8482e+05
2.8146e+05
2.7811e+05
2.7478e+05
2.7145e+05
2.6815e+05
2.6486e+05
2.6159e+05
2.5835e+05
2.5513e+05
2.5193e+05
2.4877e+05
2.4563e+05
2.4252e+05
2.3944e+05
2.364e+05
2.3338e+05
2.3041e+05
2.2747e+05
2.2456e+05
2.2169e+05
2.1886e+05
2.1607e+05
2.1331e+05
2.1059e+05
2.0791e+05
2.0527e+05
2.0267e+05
2.001e+05
1.9757e+05
1.9508e+05
1.9263e+05
1.9021e+05
1.8783e+05
1.8549e+05
1.8317e+05
1.809e+05
1.7865e+05
1.7644e+05
1.7426e+05
1.721e+05
1.6998e+05
1.6788e+05
1.6581e+05
1.6376e+05
1.6173e+05
1.5973e+05
1.5775e+05
1.5579e+05
1.5384e+05
1.5191e+05
1.4999e+05
1.4809e+05
1.462e+05
1.4432e+05
1.4245e+05
1.4058e+05
1.3872e+05
1.3686e+05
1.3501e+05
1.3315e+05
1.313e+05
1.2945e+05
1.2759e+05
1.2572e+05
1.2386e+05
1.2198e+05
1.201e+05
1.1821e+05
1.163e+05
1.1439e+05
1.1247e+05
1.1053e+05
1.0858e+05
1.0662e+05
1.0464e+05
1.0265e+05
1.0064e+05
98615
96576
94522
92452
90367
88267
86152
84022
81879
79723
77554
75374
73184
70984
68777
66563
64343
62120
59896
57671
55448
53228
51015
48810
46615
44433
42267
40118
37991
35887
33809
31761
29745
27765
25823
23924
22070
20265
18512
16815
15178
13603
12095
10657
9292.8
8006.5
6801.6
5681.9
4651.2
3713.3
2871.9
2130.8
1493.8
964.58
546.92
244.5
60.986
0
65.128
259.9
587.81
1052.3
1656.6
2404.2
3298.2
4341.7
5537.8
6889.5
8399.6
10071
11906
13908
16078
18420
20935
23626
26494
29541
32769
36180
39775
43555
47521
51674
56016
60546
65266
70175
75274
80562
86041
91708
97564
1.0361e+05
1.0984e+05
1.1626e+05
1.2286e+05
1.2965e+05
1.3662e+05
1.4377e+05
1.511e+05
1.586e+05
1.6628e+05
1.7413e+05
1.8215e+05
1.9034e+05
1.9869e+05
2.0721e+05
2.1588e+05
2.247e+05
2.3368e+05
2.428e+05
2.5207e+05
2.6147e+05
2.7101e+05
2.8069e+05
2.9049e+05
3.0041e+05
3.1045e+05
3.206e+05
3.3086e+05
3.4122e+05
3.5168e+05
3.6223e+05
3.7287e+05
3.8359e+05
3.9439e+05
4.0525e+05
4.1618e+05
4.2717e+05
4.3821e+05
4.493e+05
4.6043e+05
4.7159e+05
4.8278e+05
4.9399e+05
5.0522e+05
5.1645e+05
5.2769e+05
5.3892e+05
5.5015e+05
5.6135e+05
5.7254e+05
5.8369e+05
5.9481e+05
6.0588e+05
6.169e+05
6.2787e+05
6.3878e+05
6.4961e+05
6.6037e+05
6.7105e+05
6.8164e+05
6.9213e+05
7.0252e+05
7.1281e+05
7.2298e+05
7.3303e+05
7.4296e+05
7.5276e+05
7.6241e+05
7.7193e+05
7.8129e+05
7.905e+05
7.9955e+05
8.0844e+05
8.1715e+05
8.2569e+05
8.3404e+05
8.4221e+05
8.5019e+05
8.5797e+05
8.6556e+05
8.7294e+05
8.8011e+05
8.8706e+05
8.938e+05
9.0032e+05
9.0662e+05
9.1268e+05
9.1852e+05
9.2412e+05
9.2949e+05
9.3461e+05
9.3949e+05
9.4413e+05
9.4851e+05
9.5265e+05
9.5654e+05
9.6017e+05
9.6354e+05
9.6666e+05
9.6952e+05
9.7213e+05
9.7447e+05
9.7655e+05
9.7837e+05
9.7992e+05
9.8122e+05
9.8225e+05
9.8302e+05
9.8353e+05
9.8378e+05
9.8376e+05
9.8349e+05
9.8296e+05
9.8217e+05
9.8112e+05
9.7982e+05
9.7827e+05
9.7646e+05
9.7441e+05
9.721e+05
9.6956e+05
9.6677e+05
9.6374e+05
9.6047e+05
9.5697e+05
9.5324e+05
9.4928e+05
9.4509e+05
9.4069e+05
9.3606e+05
9.3122e+05
9.2617e+05
9.2092e+05
9.1546e+05
9.098e+05
9.0395e+05
8.979e+05
8.9168e+05
8.8527e+05
8.7868e+05
8.7192e+05
8.65e+05
8.5791e+05
8.5066e+05
8.4326e+05
8.3571e+05
8.2802e+05
8.2019e+05
8.1223e+05
8.0414e+05
7.9593e+05
7.876e+05
7.7916e+05
7.7061e+05
7.6196e+05
7.5321e+05
7.4438e+05
7.3545e+05
7.2645e+05
7.1737e+05
7.0822e+05
6.9901e+05
6.8973e+05
6.8041e+05
6.7103e+05
6.6161e+05
6.5215e+05
6.4266e+05
6.3313e+05
6.2359e+05
6.1403e+05
6.0445e+05
5.9486e+05
5.8527e+05
5.7569e+05
5.661e+05
5.5653e+05
5.4697e+05
5.3744e+05
5.2792e+05
5.1843e+05
5.0898e+05
4.9956e+05
4.9019e+05
4.8086e+05
4.7158e+05
4.6235e+05
4.5317e+05
4.4406e+05
4.3501e+05
4.2603e+05
4.1712e+05
4.0828e+05
3.9952e+05
3.9084e+05
3.8224e+05
3.7373e+05
3.6531e+05
3.5698e+05
3.4874e+05
3.4061e+05
3.3257e+05
3.2463e+05
3.1679e+05
3.0906e+05
3.0144e+05
2.9393e+05
2.8653e+05
2.7924e+05
2.7207e+05
2.6501e+05
2.5807e+05
2.5124e+05
2.4454e+05
2.3796e+05
2.315e+05
2.2516e+05
2.1894e+05
2.1285e+05
2.0688e+05
2.0104e+05
1.9532e+05
1.8972e+05
1.8425e+05
1.7891e+05
1.7369e+05
1.686e+05
1.6363e+05
1.5878e+05
1.5406e+05
1.4947e+05
1.4499e+05
1.4064e+05
1.3641e+05
1.323e+05
1.2831e+05
1.2444e+05
1.2069e+05
1.1706e+05
1.1354e+05
1.1014e+05
1.0685e+05
1.0367e+05
1.006e+05
97648
94799
92056
89418
86884
84451
82119
79884
77746
75702
73751
71892
70121
68437
66838
65323
63889
62533
61255
60053
58923
57864
56874
55951
55093
54298
53563
52887
52268
51703
51191
50729
50315
49948
49625
49345
49105
48903
48738
48608
48510
48444
48406
48396
48411
48450
48511
48592
48692
48809
48941
49087
49246
49415
49594
49781
49974
50173
50375
50580
50787
50994
51200
51404
51605
51802
51993
52179
52357
52528
52690
52843
52985
53116
53236
53343
53438
53519
53586
53639
53676
53699
53706
53696
53671
53628
53569
53493
53400
53289
53161
53015
52852
52671
52472
52256
52023
51772
51504
51219
50916
50597
50262
49910
49542
49159
48760
48346
47917
47474
