6.6953e+05
6.749e+05
6.803e+05
6.8573e+05
6.912e+05
6.9669e+05
7.0222e+05
7.0779e+05
7.1339e+05
7.1904e+05
7.2472e+05
7.3045e+05
7.3621e+05
7.4201e+05
7.4784e+05
7.5371e+05
7.596e+05
7.6552e+05
7.7147e+05
7.7744e+05
7.8342e+05
7.8941e+05
7.9541e+05
8.014e+05
8.074e+05
8.1338e+05
8.1935e+05
8.2529e+05
8.312e+05
8.3708e+05
8.4292e+05
8.4871e+05
8.5445e+05
8.6012e+05
8.6573e+05
8.7126e+05
8.7672e+05
8.8208e+05
8.8736e+05
8.9253e+05
8.976e+05
9.0256e+05
9.0741e+05
9.1213e+05
9.1673e+05
9.2119e+05
9.2553e+05
9.2972e+05
9.3377e+05
9.3767e+05
9.4142e+05
9.4502e+05
9.4847e+05
9.5176e+05
9.5488e+05
9.5785e+05
9.6065e+05
9.633e+05
9.6577e+05
9.6809e+05
9.7023e+05
9.7222e+05
9.7404e+05
9.757e+05
9.772e+05
9.7854e+05
9.7972e+05
9.8075e+05
9.8162e+05
9.8234e+05
9.8291e+05
9.8334e+05
9.8362e+05
9.8377e+05
9.8378e+05
9.8365e+05
9.834e+05
9.8302e+05
9.8252e+05
9.819e+05
9.8117e+05
9.8033e+05
9.7938e+05
9.7833e+05
9.7718e+05
9.7594e+05
9.746e+05
9.7318e+05
9.7168e+05
9.701e+05
9.6844e+05
9.6671e+05
9.6491e+05
9.6305e+05
9.6113e+05
9.5914e+05
9.5711e+05
9.5502e+05
9.5288e+05
9.507e+05
9.4847e+05
9.462e+05
9.4389e+05
9.4154e+05
9.3916e+05
9.3675e+05
9.343e+05
9.3183e+05
9.2932e+05
9.2679e+05
9.2424e+05
9.2166e+05
9.1905e+05
9.1643e+05
9.1378e+05
9.1111e+05
9.0843e+05
9.0572e+05
9.0299e+05
9.0024e+05
8.9747e+05
8.9469e+05
8.9188e+05
8.8906e+05
8.8621e+05
8.8335e+05
8.8047e+05
8.7757e+05
8.7464e+05
8.717e+05
8.6874e+05
8.6576e+05
8.6275e+05
8.5973e+05
8.5668e+05
8.5361e+05
8.5052e+05
8.474e+05
8.4426e+05
8.411e+05
8.3792e+05
8.3471e+05
8.3148e+05
8.2823e+05
8.2495e+05
8.2164e+05
8.1832e+05
8.1496e+05
8.1159e+05
8.0819e+05
8.0477e+05
8.0132e+05
7.9786e+05
7.9437e+05
7.9085e+05
7.8732e+05
7.8377e+05
7.8019e+05
7.766e+05
7.7298e+05
7.6935e+05
7.657e+05
7.6203e+05
7.5835e+05
7.5466e+05
7.5095e+05
7.4722e+05
7.4349e+05
7.3975e+05
7.3599e+05
7.3223e+05
7.2846e+05
7.2469e+05
7.2091e+05
7.1713e+05
7.1334e+05
7.0956e+05
7.0578e+05
7.02e+05
6.9822e+05
6.9445e+05
6.9069e+05
6.8693e+05
6.8319e+05
6.7945e+05
6.7573e+05
6.7202e+05
6.6833e+05
6.6465e+05
6.6099e+05
6.5735e+05
6.5374e+05
6.5014e+05
6.4657e+05
6.4302e+05
6.395e+05
6.3601e+05
6.3255e+05
6.2911e+05
6.2571e+05
6.2234e+05
6.1901e+05
6.1571e+05
6.1245e+05
6.0922e+05
6.0603e+05
6.0288e+05
5.9977e+05
5.9671e+05
5.9368e+05
5.907e+05
5.8776e+05
5.8487e+05
5.8203e+05
5.7923e+05
5.7647e+05
5.7377e+05
5.7111e+05
5.6851e+05
5.6595e+05
5.6345e+05
5.6099e+05
5.5859e+05
5.5624e+05
5.5395e+05
5.517e+05
5.4951e+05
5.4738e+05
5.453e+05
5.4327e+05
5.413e+05
5.3939e+05
5.3753e+05
5.3573e+05
5.3398e+05
5.3229e+05
5.3066e+05
5.2908e+05
5.2756e+05
5.261e+05
5.247e+05
5.2335e+05
5.2206e+05
5.2082e+05
5.1965e+05
5.1852e+05
5.1746e+05
5.1645e+05
5.155e+05
5.1461e+05
5.1377e+05
5.1298e+05
5.1226e+05
5.1158e+05
5.1097e+05
5.104e+05
5.0989e+05
5.0943e+05
5.0903e+05
5.0868e+05
5.0838e+05
5.0813e+05
5.0793e+05
5.0779e+05
5.0769e+05
5.0764e+05
5.0764e+05
5.0768e+05
5.0778e+05
5.0792e+05
5.081e+05
5.0833e+05
5.086e+05
5.0891e+05
5.0927e+05
5.0966e+05
5.101e+05
5.1057e+05
5.1108e+05
5.1163e+05
5.1222e+05
5.1283e+05
5.1349e+05
5.1417e+05
5.1489e+05
5.1564e+05
5.1641e+05
5.1722e+05
5.1805e+05
5.1891e+05
5.198e+05
5.207e+05
5.2164e+05
5.2259e+05
5.2357e+05
5.2457e+05
5.2558e+05
5.2662e+05
5.2767e+05
5.2874e+05
5.2983e+05
5.3093e+05
5.3205e+05
5.3318e+05
5.3432e+05
5.3548e+05
5.3664e+05
5.3782e+05
5.3902e+05
5.4022e+05
5.4143e+05
5.4265e+05
5.4388e+05
5.4512e+05
5.4637e+05
5.4763e+05
5.489e+05
5.5018e+05
5.5146e+05
5.5276e+05
5.5406e+05
5.5537e+05
5.567e+05
5.5803e+05
5.5937e+05
5.6072e+05
5.6208e+05
5.6346e+05
5.6484e+05
5.6624e+05
5.6765e+05
5.6907e+05
5.705e+05
5.7195e+05
5.7342e+05
5.7489e+05
5.7639e+05
5.779e+05
5.7943e+05
5.8098e+05
5.8254e+05
5.8412e+05
5.8573e+05
5.8735e+05
5.89e+05
5.9066e+05
5.9235e+05
5.9406e+05
5.9579e+05
5.9755e+05
5.9933e+05
6.0113e+05
6.0296e+05
6.0481e+05
6.0669e+05
6.0859e+05
6.1052e+05
6.1247e+05
6.1445e+05
6.1645e+05
6.1847e+05
6.2052e+05
6.226e+05
6.2469e+05
6.2681e+05
6.2895e+05
6.3111e+05
6.333e+05
6.355e+05
6.3772e+05
6.3996e+05
6.4222e+05
6.4449e+05
6.4677e+05
6.4907e+05
6.5138e+05
6.537e+05
6.5603e+05
6.5836e+05
6.607e+05
6.6305e+05
6.6539e+05
6.6774e+05
6.7008e+05
6.7242e+05
6.7475e+05
6.7707e+05
6.7938e+05
6.8168e+05
6.8397e+05
6.8624e+05
6.8849e+05
6.9072e+05
6.9292e+05
6.951e+05
6.9725e+05
6.9937e+05
7.0146e+05
7.0352e+05
7.0554e+05
7.0752e+05
7.0946e+05
7.1135e+05
7.1321e+05
7.1501e+05
7.1677e+05
7.1847e+05
7.2013e+05
7.2173e+05
7.2328e+05
7.2477e+05
7.262e+05
7.2757e+05
7.2888e+05
7.3013e+05
7.3131e+05
7.3243e+05
7.3349e+05
7.3447e+05
7.354e+05
7.3625e+05
7.3704e+05
7.3775e+05
7.384e+05
7.3898e+05
7.3949e+05
7.3993e+05
7.4031e+05
7.4061e+05
7.4084e+05
7.4101e+05
7.411e+05
7.4113e+05
7.411e+05
7.4099e+05
7.4082e+05
7.4059e+05
7.4029e+05
7.3993e+05
7.395e+05
7.3902e+05
7.3848e+05
7.3787e+05
7.3722e+05
7.365e+05
7.3573e+05
7.3491e+05
7.3404e+05
7.3312e+05
7.3215e+05
7.3113e+05
7.3007e+05
7.2896e+05
7.2781e+05
7.2662e+05
7.254e+05
7.2413e+05
7.2283e+05
7.215e+05
7.2014e+05
7.1874e+05
7.1732e+05
7.1586e+05
7.1438e+05
7.1288e+05
7.1136e+05
7.0981e+05
7.0824e+05
7.0665e+05
7.0505e+05
7.0343e+05
7.0179e+05
7.0014e+05
6.9848e+05
6.968e+05
6.9511e+05
6.9342e+05
6.9171e+05
6.9e+05
6.8828e+05
6.8655e+05
6.8482e+05
6.8308e+05
6.8134e+05
6.7959e+05
6.7784e+05
6.7609e+05
6.7433e+05
6.7257e+05
6.7081e+05
6.6905e+05
6.6728e+05
6.6552e+05
6.6375e+05
6.6198e+05
6.602e+05
6.5843e+05
6.5666e+05
6.5488e+05
6.531e+05
6.5132e+05
6.4954e+05
6.4776e+05
6.4597e+05
6.4418e+05
6.4239e+05
6.4059e+05
6.3879e+05
6.3698e+05
6.3518e+05
6.3336e+05
6.3154e+05
6.2972e+05
6.2789e+05
6.2605e+05
6.2421e+05
6.2236e+05
6.205e+05
6.1864e+05
6.1676e+05
6.1488e+05
6.1299e+05
6.1109e+05
6.0918e+05
6.0726e+05
6.0533e+05
6.0338e+05
6.0143e+05
5.9946e+05
5.9749e+05
5.955e+05
5.9349e+05
5.9148e+05
5.8945e+05
5.8741e+05
5.8535e+05
5.8328e+05
5.8119e+05
5.7909e+05
5.7697e+05
5.7484e+05
5.727e+05
5.7053e+05
5.6835e+05
5.6616e+05
5.6395e+05
5.6172e+05
5.5947e+05
5.5721e+05
5.5493e+05
5.5263e+05
5.5032e+05
5.4798e+05
5.4563e+05
5.4326e+05
5.4088e+05
5.3847e+05
5.3604e+05
5.336e+05
5.3114e+05
5.2866e+05
5.2616e+05
5.2364e+05
5.211e+05
5.1854e+05
5.1596e+05
5.1337e+05
5.1075e+05
5.0811e+05
5.0546e+05
5.0278e+05
5.0009e+05
4.9737e+05
4.9464e+05
4.9189e+05
4.8911e+05
4.8632e+05
4.8351e+05
4.8068e+05
4.7783e+05
4.7496e+05
4.7207e+05
4.6916e+05
4.6623e+05
4.6328e+05
4.6032e+05
4.5733e+05
4.5433e+05
4.5131e+05
4.4828e+05
4.4522e+05
4.4215e+05
4.3906e+05
4.3595e+05
4.3283e+05
4.2969e+05
4.2654e+05
4.2337e+05
4.2018e+05
4.1698e+05
4.1377e+05
4.1054e+05
4.073e+05
4.0404e+05
4.0078e+05
3.975e+05
3.9421e+05
3.9091e+05
3.8759e+05
3.8427e+05
3.8094e+05
3.776e+05
3.7425e+05
3.7089e+05
3.6753e+05
3.6416e+05
3.6078e+05
3.574e+05
3.5401e+05
3.5062e+05
3.4722e+05
3.4382e+05
3.4042e+05
3.3702e+05
3.3361e+05
3.3021e+05
3.268e+05
3.2339e+05
3.1999e+05
3.1658e+05
3.1318e+05
3.0978e+05
3.0638e+05
3.0299e+05
2.996e+05
2.9621e+05
2.9283e+05
2.8945e+05
2.8608e+05
2.8272e+05
2.7936e+05
2.7601e+05
2.7267e+05
2.6934e+05
2.6601e+05
2.6269e+05
2.5938e+05
2.5608e+05
2.5279e+05
2.4951e+05
2.4624e+05
2.4298e+05
2.3973e+05
2.3649e+05
2.3327e+05
2.3005e+05
2.2684e+05
2.2365e+05
2.2047e+05
2.173e+05
2.1414e+05
2.1099e+05
2.0786e+05
2.0473e+05
2.0162e+05
1.9852e+05
1.9544e+05
1.9236e+05
1.893e+05
1.8625e+05
1.8322e+05
1.8019e+05
1.7718e+05
1.7418e+05
1.712e+05
1.6822e+05
1.6526e+05
1.6231e+05
1.5937e+05
1.5645e+05
1.5354e+05
1.5063e+05
1.4775e+05
1.4487e+05
1.4201e+05
1.3916e+05
1.3632e+05
1.3349e+05
1.3068e+05
1.2787e+05
1.2508e+05
1.2231e+05
1.1954e+05
1.1679e+05
1.1405e+05
1.1132e+05
1.086e+05
1.059e+05
1.032e+05
1.0052e+05
97857
95203
92560
89931
87314
84709
82118
79539
76973
74420
71880
69353
66839
64339
61852
59378
56917
54471
52037
49618
47212
44820
42442
40078
37728
35393
33071
30764
28471
26193
23929
21680
19445
17225
15020
12829
10654
8492.8
6347
4216.3
2100.6
0
