72397
77124
82166
87519
93174
99124
1.0536e+05
1.1187e+05
1.1864e+05
1.2566e+05
1.3292e+05
1.404e+05
1.4809e+05
1.5596e+05
1.64e+05
1.722e+05
1.8053e+05
1.8898e+05
1.9751e+05
2.0613e+05
2.1479e+05
2.2348e+05
2.3218e+05
2.4087e+05
2.4953e+05
2.5812e+05
2.6664e+05
2.7506e+05
2.8336e+05
2.9151e+05
2.995e+05
3.073e+05
3.149e+05
3.2228e+05
3.2941e+05
3.3629e+05
3.4288e+05
3.4919e+05
3.5518e+05
3.6085e+05
3.6619e+05
3.7117e+05
3.7579e+05
3.8005e+05
3.8391e+05
3.8739e+05
3.9048e+05
3.9316e+05
3.9543e+05
3.9729e+05
3.9873e+05
3.9976e+05
4.0038e+05
4.0057e+05
4.0036e+05
3.9973e+05
3.9869e+05
3.9726e+05
3.9543e+05
3.932e+05
3.906e+05
3.8762e+05
3.8428e+05
3.8059e+05
3.7656e+05
3.722e+05
3.6751e+05
3.6253e+05
3.5725e+05
3.517e+05
3.4589e+05
3.3982e+05
3.3353e+05
3.2702e+05
3.2031e+05
3.1341e+05
3.0635e+05
2.9913e+05
2.9178e+05
2.8431e+05
2.7674e+05
2.6908e+05
2.6135e+05
2.5356e+05
2.4574e+05
2.3789e+05
2.3003e+05
2.2218e+05
2.1435e+05
2.0655e+05
1.988e+05
1.9112e+05
1.8351e+05
1.7599e+05
1.6856e+05
1.6125e+05
1.5407e+05
1.4701e+05
1.401e+05
1.3334e+05
1.2675e+05
1.2033e+05
1.1408e+05
1.0803e+05
1.0216e+05
96505
91053
85815
80796
76001
71434
67100
63001
59141
55523
52149
49021
46139
43506
41121
38985
37099
35460
34069
32925
32025
31368
30952
30773
30830
31118
31634
32375
33336
34513
35900
37493
39287
41275
43451
45811
48345
51049
53916
56937
60105
63413
66854
70417
74097
77883
81768
85743
89799
93928
98119
1.0237e+05
1.0666e+05
1.1098e+05
1.1534e+05
1.1971e+05
1.2409e+05
1.2847e+05
1.3285e+05
1.372e+05
1.4153e+05
1.4583e+05
1.5008e+05
1.5428e+05
1.5843e+05
1.6251e+05
1.6652e+05
1.7044e+05
1.7428e+05
1.7803e+05
1.8168e+05
1.8522e+05
1.8866e+05
1.9198e+05
1.9518e+05
1.9826e+05
2.012e+05
2.0402e+05
2.0671e+05
2.0925e+05
2.1166e+05
2.1393e+05
2.1605e+05
2.1804e+05
2.1987e+05
2.2156e+05
2.2311e+05
2.2451e+05
2.2576e+05
2.2687e+05
2.2784e+05
2.2867e+05
2.2935e+05
2.299e+05
2.3031e+05
2.3058e+05
2.3072e+05
2.3074e+05
2.3062e+05
2.3038e+05
2.3001e+05
2.2953e+05
2.2893e+05
2.2821e+05
2.2738e+05
2.2644e+05
2.254e+05
2.2425e+05
2.23e+05
2.2165e+05
2.202e+05
2.1866e+05
2.1703e+05
2.1531e+05
2.135e+05
2.1161e+05
2.0963e+05
2.0758e+05
2.0544e+05
2.0322e+05
2.0093e+05
1.9857e+05
1.9613e+05
1.9362e+05
1.9104e+05
1.884e+05
1.8568e+05
1.829e+05
1.8006e+05
1.7716e+05
1.742e+05
1.7118e+05
1.681e+05
1.6497e+05
1.6179e+05
1.5856e+05
1.5528e+05
1.5195e+05
1.4859e+05
1.4519e+05
1.4175e+05
1.3828e+05
1.3478e+05
1.3125e+05
1.2771e+05
1.2415e+05
1.2057e+05
1.1699e+05
1.1341e+05
1.0982e+05
1.0624e+05
1.0268e+05
99127
95599
92098
88629
85198
81810
78471
75185
71959
68796
65703
62684
59744
56887
54117
51438
48853
46367
43982
41700
39523
37454
35494
33644
31903
30273
28752
27340
26035
24836
23740
22745
21848
21044
20331
19703
19157
18686
18287
17953
17680
17460
17288
17158
17063
16998
16957
16932
16919
16910
16901
16886
16860
16818
16755
16667
16550
16401
16217
15996
15736
15435
15093
14708
14283
13816
13311
12767
12189
11579
10941
10277
9593.7
8894.9
8185.8
7472.1
6759.6
6054.5
5363.2
4692
4047.8
3437.1
2866.8
2343.6
1874
1464.5
1121.4
850.7
658.04
548.75
527.77
599.52
767.96
1036.5
1407.8
1884.2
2467.1
3157.3
3954.9
4859.3
5869.1
6982.1
8195.5
9505.5
10908
12397
13967
15612
17324
19095
20918
22781
24677
26595
28525
30456
32376
34275
36141
37964
39730
41430
43053
44587
46022
47348
48556
49637
50582
51386
52040
52539
52880
53057
53070
52915
52595
52109
51460
50652
49689
48580
47331
45952
44453
42847
41147
39367
37524
35635
33718
31793
29880
28002
26180
24439
22801
21293
19939
18766
17799
17065
16590
16401
16525
16987
17813
19028
20658
22725
25254
28265
31781
35821
40402
45543
51259
57563
64468
71984
80120
88882
98274
1.083e+05
1.1896e+05
1.3025e+05
1.4217e+05
1.5471e+05
1.6787e+05
1.8163e+05
1.9598e+05
2.1091e+05
2.264e+05
2.4242e+05
2.5897e+05
2.7601e+05
2.9353e+05
3.1149e+05
3.2986e+05
3.4862e+05
3.6774e+05
3.8717e+05
4.0689e+05
4.2686e+05
4.4703e+05
4.6738e+05
4.8786e+05
5.0844e+05
5.2906e+05
5.497e+05
5.703e+05
5.9082e+05
6.1122e+05
6.3147e+05
6.5151e+05
6.713e+05
6.908e+05
7.0997e+05
7.2877e+05
7.4716e+05
7.6509e+05
7.8254e+05
7.9945e+05
8.1581e+05
8.3156e+05
8.4669e+05
8.6115e+05
8.7492e+05
8.8797e+05
9.0027e+05
9.1179e+05
9.2253e+05
9.3244e+05
9.4152e+05
9.4975e+05
9.5711e+05
9.6359e+05
9.6919e+05
9.7388e+05
9.7768e+05
9.8056e+05
9.8254e+05
9.8361e+05
9.8378e+05
9.8304e+05
9.8141e+05
9.789e+05
9.7551e+05
9.7126e+05
9.6616e+05
9.6023e+05
9.5349e+05
9.4595e+05
9.3764e+05
9.2858e+05
9.188e+05
9.0832e+05
8.9716e+05
8.8536e+05
8.7293e+05
8.5992e+05
8.4636e+05
8.3226e+05
8.1768e+05
8.0263e+05
7.8715e+05
7.7127e+05
7.5503e+05
7.3846e+05
7.216e+05
7.0447e+05
6.8711e+05
6.6956e+05
6.5184e+05
6.34e+05
6.1606e+05
5.9805e+05
5.8e+05
5.6195e+05
5.4393e+05
5.2596e+05
5.0807e+05
4.9029e+05
4.7265e+05
4.5516e+05
4.3787e+05
4.2078e+05
4.0392e+05
3.8731e+05
3.7097e+05
3.5493e+05
3.3919e+05
3.2377e+05
3.087e+05
2.9397e+05
2.7962e+05
2.6564e+05
2.5205e+05
2.3885e+05
2.2606e+05
2.1368e+05
2.0172e+05
1.9019e+05
1.7908e+05
1.6839e+05
1.5814e+05
1.4831e+05
1.3892e+05
1.2995e+05
1.214e+05
1.1328e+05
1.0557e+05
98274
91383
84892
78791
73074
67731
62753
58131
53854
49911
46291
42984
39976
37256
34811
32630
30699
29006
27537
26281
25223
24352
23655
23119
22732
22481
22354
22340
22426
22603
22858
23181
23562
23991
24459
24956
25474
26005
26540
27073
27597
28106
28592
29052
29481
29873
30224
30532
30794
31006
31167
31274
31327
31325
31268
31154
30985
30762
30484
30155
29774
29345
28869
28348
27786
27184
26547
25877
25177
24451
23702
22933
22149
21352
20546
19736
18923
18112
17306
16508
15722
14949
14195
13460
12747
12060
11399
10768
10168
9599.9
9066.2
8567.5
8105.1
7679.5
7291.4
6941.1
6628.7
6354.2
6117.2
5917.3
5753.8
5625.9
5532.5
5472.5
5444.5
5447
5478.4
5537
5620.8
5728.1
5856.7
6004.5
6169.3
6349.1
6541.4
6744.1
6955
7171.7
7392
7613.7
7834.7
8052.8
8266.1
8472.6
8670.3
8857.5
9032.6
9193.9
9340
9469.5
9581.4
9674.4
9747.6
9800.3
9831.7
9841.4
9829
9794.2
9736.9
9657.1
9555
9430.8
9285.1
9118.2
8930.9
8723.9
8498
8254.2
7993.5
7717
7425.9
7121.4
6804.7
6477.3
6140.5
5795.6
5444.1
5087.4
4726.8
4363.9
3999.9
3636.3
3274.3
2915.2
2560.4
2210.9
1867.9
1532.4
1205.4
887.94
580.71
284.51
0
