25280
27312
29627
32224
35102
38256
41684
45381
49342
53561
58030
62742
67689
72860
78248
83839
89625
95591
1.0173e+05
1.0802e+05
1.1446e+05
1.2102e+05
1.277e+05
1.3448e+05
1.4134e+05
1.4828e+05
1.5527e+05
1.623e+05
1.6935e+05
1.7641e+05
1.8346e+05
1.9049e+05
1.9747e+05
2.0441e+05
2.1127e+05
2.1804e+05
2.2471e+05
2.3126e+05
2.3769e+05
2.4396e+05
2.5008e+05
2.5603e+05
2.6178e+05
2.6734e+05
2.7269e+05
2.7782e+05
2.8271e+05
2.8736e+05
2.9175e+05
2.9589e+05
2.9975e+05
3.0333e+05
3.0663e+05
3.0964e+05
3.1236e+05
3.1477e+05
3.1687e+05
3.1867e+05
3.2015e+05
3.2133e+05
3.2219e+05
3.2273e+05
3.2297e+05
3.2289e+05
3.225e+05
3.2181e+05
3.2082e+05
3.1952e+05
3.1794e+05
3.1607e+05
3.1391e+05
3.1149e+05
3.0879e+05
3.0584e+05
3.0264e+05
2.9921e+05
2.9554e+05
2.9165e+05
2.8756e+05
2.8326e+05
2.7879e+05
2.7414e+05
2.6932e+05
2.6436e+05
2.5927e+05
2.5405e+05
2.4872e+05
2.4329e+05
2.3779e+05
2.3221e+05
2.2658e+05
2.209e+05
2.1519e+05
2.0947e+05
2.0375e+05
1.9803e+05
1.9234e+05
1.8669e+05
1.8108e+05
1.7554e+05
1.7006e+05
1.6467e+05
1.5937e+05
1.5418e+05
1.4911e+05
1.4416e+05
1.3934e+05
1.3467e+05
1.3015e+05
1.2579e+05
1.2159e+05
1.1757e+05
1.1374e+05
1.1008e+05
1.0662e+05
1.0336e+05
1.003e+05
97436
94783
92339
90106
88085
86278
84684
83303
82134
81176
80427
79886
79548
79411
79472
79726
80170
80797
81605
82585
83735
85046
86514
88132
89892
91789
93816
95965
98229
1.006e+05
1.0307e+05
1.0564e+05
1.0829e+05
1.1102e+05
1.1382e+05
1.1668e+05
1.196e+05
1.2257e+05
1.2558e+05
1.2862e+05
1.3169e+05
1.3478e+05
1.3788e+05
1.4099e+05
1.441e+05
1.472e+05
1.503e+05
1.5337e+05
1.5642e+05
1.5943e+05
1.6242e+05
1.6536e+05
1.6825e+05
1.7109e+05
1.7388e+05
1.7661e+05
1.7927e+05
1.8187e+05
1.8439e+05
1.8683e+05
1.8919e+05
1.9147e+05
1.9367e+05
1.9577e+05
1.9778e+05
1.997e+05
2.0151e+05
2.0323e+05
2.0484e+05
2.0635e+05
2.0776e+05
2.0905e+05
2.1024e+05
2.1131e+05
2.1228e+05
2.1313e+05
2.1386e+05
2.1448e+05
2.1499e+05
2.1538e+05
2.1565e+05
2.1581e+05
2.1584e+05
2.1577e+05
2.1557e+05
2.1526e+05
2.1483e+05
2.1429e+05
2.1363e+05
2.1286e+05
2.1198e+05
2.1098e+05
2.0987e+05
2.0866e+05
2.0733e+05
2.059e+05
2.0437e+05
2.0273e+05
2.0099e+05
1.9915e+05
1.9722e+05
1.952e+05
1.9308e+05
1.9088e+05
1.8859e+05
1.8622e+05
1.8377e+05
1.8125e+05
1.7865e+05
1.7598e+05
1.7325e+05
1.7046e+05
1.6761e+05
1.6471e+05
1.6176e+05
1.5876e+05
1.5573e+05
1.5265e+05
1.4954e+05
1.4641e+05
1.4325e+05
1.4007e+05
1.3688e+05
1.3368e+05
1.3047e+05
1.2726e+05
1.2405e+05
1.2085e+05
1.1765e+05
1.1448e+05
1.1132e+05
1.0819e+05
1.0508e+05
1.0201e+05
98966
95963
93001
90083
87212
84391
81622
78909
76252
73654
71118
68643
66232
63885
61603
59388
57239
55156
53140
51190
49306
47486
45731
44039
42408
40837
39326
37871
36471
35124
33828
32581
31380
30224
29109
28034
26995
25992
25020
24078
23164
22275
21410
20565
19740
18932
18140
17362
16597
15844
15101
14367
13643
12928
12221
11522
10831
10149
9476.9
8814.4
8162.7
7523
6896.4
6284.5
5688.8
5111
4553
4016.6
3504
3017.2
2558.5
2130.2
1734.4
1373.4
1049.5
765.04
522.06
322.71
169
62.831
5.9612
0
46.382
146.35
300.93
510.93
776.91
1099.2
1477.7
1912.4
2402.5
2947.3
3545.6
4196
4896.6
5645.2
6439.6
7276.9
8154
9067.7
10014
10989
11989
13010
14045
15091
16142
17194
18240
19274
20292
21288
22255
23188
24081
24929
25726
26466
27144
27756
28295
28759
29143
29442
29654
29776
29805
29739
29577
29318
28962
28509
27961
27318
26584
25762
24855
23868
22807
21677
20486
19241
17951
16625
15272
13904
12531
11166
9821.3
8510.4
7247.2
6046
4922
3890.6
2967.7
2169.7
1513.2
1015.3
693.18
564.18
645.83
955.73
1511.5
2330.5
3430.3
4827.9
6540.4
8584.3
10976
13731
16864
20390
24324
28678
33464
38695
44381
50531
57155
64260
71852
79937
88518
97599
1.0718e+05
1.1727e+05
1.2785e+05
1.3893e+05
1.5051e+05
1.6257e+05
1.7512e+05
1.8814e+05
2.0163e+05
2.1557e+05
2.2996e+05
2.4477e+05
2.5999e+05
2.7561e+05
2.9161e+05
3.0797e+05
3.2467e+05
3.4169e+05
3.59e+05
3.7659e+05
3.9442e+05
4.1247e+05
4.3072e+05
4.4914e+05
4.677e+05
4.8636e+05
5.0511e+05
5.2391e+05
5.4272e+05
5.6152e+05
5.8028e+05
5.9896e+05
6.1754e+05
6.3597e+05
6.5423e+05
6.7228e+05
6.901e+05
7.0765e+05
7.249e+05
7.4182e+05
7.5837e+05
7.7453e+05
7.9028e+05
8.0557e+05
8.2038e+05
8.3469e+05
8.4847e+05
8.6169e+05
8.7433e+05
8.8637e+05
8.9779e+05
9.0856e+05
9.1867e+05
9.281e+05
9.3683e+05
9.4485e+05
9.5215e+05
9.5871e+05
9.6452e+05
9.6958e+05
9.7388e+05
9.774e+05
9.8016e+05
9.8214e+05
9.8335e+05
9.8378e+05
9.8344e+05
9.8233e+05
9.8046e+05
9.7783e+05
9.7446e+05
9.7035e+05
9.6551e+05
9.5996e+05
9.5371e+05
9.4677e+05
9.3917e+05
9.3092e+05
9.2204e+05
9.1254e+05
9.0246e+05
8.918e+05
8.806e+05
8.6888e+05
8.5666e+05
8.4396e+05
8.3082e+05
8.1725e+05
8.0329e+05
7.8896e+05
7.7428e+05
7.593e+05
7.4402e+05
7.2849e+05
7.1272e+05
6.9675e+05
6.8061e+05
6.6431e+05
6.479e+05
6.3139e+05
6.1481e+05
5.9818e+05
5.8155e+05
5.6492e+05
5.4832e+05
5.3178e+05
5.1532e+05
4.9897e+05
4.8274e+05
4.6665e+05
4.5073e+05
4.35e+05
4.1947e+05
4.0417e+05
3.891e+05
3.7428e+05
3.5973e+05
3.4547e+05
3.315e+05
3.1784e+05
3.045e+05
2.9148e+05
2.788e+05
2.6646e+05
2.5448e+05
2.4285e+05
2.3159e+05
2.2069e+05
2.1016e+05
2e+05
1.9022e+05
1.808e+05
1.7177e+05
1.631e+05
1.548e+05
1.4687e+05
1.393e+05
1.3209e+05
1.2524e+05
1.1873e+05
1.1257e+05
1.0674e+05
1.0125e+05
96076
91217
86664
82409
78441
74753
71335
68176
65267
62598
60159
57938
55927
54114
52490
51044
49765
48644
47670
46835
46127
45538
45058
44678
44389
44183
44051
43985
43978
44022
44110
44235
44390
44570
44768
44979
45198
45421
45641
45856
46062
46255
46431
46589
46724
46836
46922
46981
47010
47010
46978
46915
46819
46691
46531
46339
46115
45860
45574
45259
44915
44544
44146
43724
43279
42812
42324
41818
41295
40757
40206
39643
39070
38490
37903
37312
36718
36123
35529
34938
34350
33768
33193
32626
32068
31522
30988
30467
29960
29468
28993
28534
28092
27669
27263
26877
26510
26163
25835
25526
25238
24969
24719
24488
24276
24083
23907
23749
23607
23482
23372
23277
23196
23128
23072
23028
22994
22970
22954
22945
22944
22948
22956
22968
22983
22999
23016
23033
23048
23061
23071
23077
23078
23074
23063
23045
23020
22986
22943
22891
22828
22755
22672
22577
22471
22352
22223
22081
21926
21760
21582
21391
21189
20975
20749
20512
20264
20006
19737
19459
19171
18874
18569
18257
