1.3896e+05
1.4226e+05
1.4559e+05
1.4894e+05
1.5232e+05
1.5571e+05
1.5912e+05
1.6254e+05
1.6597e+05
1.6941e+05
1.7285e+05
1.763e+05
1.7975e+05
1.8319e+05
1.8663e+05
1.9006e+05
1.9347e+05
1.9688e+05
2.0027e+05
2.0363e+05
2.0698e+05
2.103e+05
2.136e+05
2.1687e+05
2.201e+05
2.233e+05
2.2647e+05
2.296e+05
2.3268e+05
2.3573e+05
2.3873e+05
2.4169e+05
2.4459e+05
2.4745e+05
2.5025e+05
2.53e+05
2.557e+05
2.5834e+05
2.6092e+05
2.6344e+05
2.659e+05
2.683e+05
2.7064e+05
2.7291e+05
2.7512e+05
2.7726e+05
2.7933e+05
2.8134e+05
2.8328e+05
2.8516e+05
2.8696e+05
2.887e+05
2.9037e+05
2.9196e+05
2.9349e+05
2.9495e+05
2.9635e+05
2.9767e+05
2.9893e+05
3.0011e+05
3.0123e+05
3.0229e+05
3.0328e+05
3.042e+05
3.0506e+05
3.0585e+05
3.0659e+05
3.0726e+05
3.0787e+05
3.0842e+05
3.0891e+05
3.0935e+05
3.0973e+05
3.1005e+05
3.1033e+05
3.1055e+05
3.1072e+05
3.1085e+05
3.1093e+05
3.1096e+05
3.1095e+05
3.109e+05
3.108e+05
3.1067e+05
3.1051e+05
3.1031e+05
3.1007e+05
3.0981e+05
3.0951e+05
3.0919e+05
3.0884e+05
3.0847e+05
3.0807e+05
3.0766e+05
3.0722e+05
3.0677e+05
3.063e+05
3.0582e+05
3.0532e+05
3.0482e+05
3.043e+05
3.0378e+05
3.0325e+05
3.0271e+05
3.0218e+05
3.0164e+05
3.011e+05
3.0055e+05
3.0001e+05
2.9948e+05
2.9894e+05
2.9841e+05
2.9789e+05
2.9737e+05
2.9686e+05
2.9635e+05
2.9585e+05
2.9537e+05
2.9489e+05
2.9442e+05
2.9396e+05
2.9351e+05
2.9308e+05
2.9265e+05
2.9223e+05
2.9183e+05
2.9143e+05
2.9105e+05
2.9068e+05
2.9031e+05
2.8996e+05
2.8962e+05
2.8928e+05
2.8895e+05
2.8864e+05
2.8832e+05
2.8802e+05
2.8772e+05
2.8742e+05
2.8713e+05
2.8685e+05
2.8656e+05
2.8628e+05
2.8599e+05
2.8571e+05
2.8542e+05
2.8513e+05
2.8484e+05
2.8453e+05
2.8423e+05
2.8391e+05
2.8359e+05
2.8325e+05
2.829e+05
2.8254e+05
2.8217e+05
2.8178e+05
2.8137e+05
2.8094e+05
2.805e+05
2.8003e+05
2.7954e+05
2.7903e+05
2.7849e+05
2.7792e+05
2.7733e+05
2.7671e+05
2.7606e+05
2.7538e+05
2.7467e+05
2.7392e+05
2.7314e+05
2.7233e+05
2.7148e+05
2.706e+05
2.6968e+05
2.6872e+05
2.6772e+05
2.6668e+05
2.6561e+05
2.6449e+05
2.6333e+05
2.6214e+05
2.609e+05
2.5962e+05
2.583e+05
2.5693e+05
2.5553e+05
2.5408e+05
2.526e+05
2.5107e+05
2.495e+05
2.4789e+05
2.4624e+05
2.4455e+05
2.4282e+05
2.4106e+05
2.3925e+05
2.3741e+05
2.3554e+05
2.3362e+05
2.3168e+05
2.297e+05
2.2768e+05
2.2564e+05
2.2357e+05
2.2146e+05
2.1934e+05
2.1718e+05
2.15e+05
2.1279e+05
2.1057e+05
2.0832e+05
2.0606e+05
2.0377e+05
2.0147e+05
1.9916e+05
1.9684e+05
1.945e+05
1.9215e+05
1.898e+05
1.8744e+05
1.8508e+05
1.8271e+05
1.8035e+05
1.7798e+05
1.7562e+05
1.7326e+05
1.709e+05
1.6856e+05
1.6622e+05
1.6389e+05
1.6158e+05
1.5928e+05
1.5699e+05
1.5472e+05
1.5247e+05
1.5024e+05
1.4803e+05
1.4584e+05
1.4367e+05
1.4153e+05
1.3942e+05
1.3733e+05
1.3527e+05
1.3323e+05
1.3123e+05
1.2925e+05
1.2731e+05
1.254e+05
1.2352e+05
1.2167e+05
1.1986e+05
1.1808e+05
1.1633e+05
1.1462e+05
1.1294e+05
1.1129e+05
1.0968e+05
1.0811e+05
1.0656e+05
1.0505e+05
1.0358e+05
1.0214e+05
1.0073e+05
99347
98000
96684
95398
94141
92912
91712
90538
89389
88265
87164
86086
85028
83991
82972
81970
80984
80013
79055
78109
77173
76246
75327
74414
73505
72600
71697
70794
69890
68984
68075
67160
66240
65313
64377
63431
62475
61508
60528
59534
58527
57504
56467
55413
54342
53255
52151
51029
49889
48732
47558
46366
45158
43933
42692
41436
40165
38881
37583
36275
34956
33627
32292
30950
29604
28255
26906
25559
24215
22877
21547
20228
18923
17633
16363
15115
13891
12696
11532
10402
9310.5
8260.2
7254.9
6298.1
5393.6
4545.1
3756.4
3031.3
2373.8
1787.9
1277.5
846.61
499.34
239.75
71.939
0
28.04
160.16
400.46
753.02
1221.9
1811.1
2524.7
3366.5
4340.6
5450.7
6700.7
8094.2
9635
11327
13173
15176
17341
19670
22166
24833
27672
30688
33882
37256
40814
44558
48489
52608
56919
61423
66120
71012
76099
81384
86866
92545
98422
1.045e+05
1.1077e+05
1.1724e+05
1.2391e+05
1.3077e+05
1.3783e+05
1.4508e+05
1.5253e+05
1.6016e+05
1.6799e+05
1.76e+05
1.842e+05
1.9257e+05
2.0113e+05
2.0987e+05
2.1878e+05
2.2785e+05
2.371e+05
2.4651e+05
2.5607e+05
2.658e+05
2.7567e+05
2.8569e+05
2.9585e+05
3.0615e+05
3.1658e+05
3.2713e+05
3.3781e+05
3.486e+05
3.595e+05
3.7051e+05
3.8161e+05
3.928e+05
4.0408e+05
4.1544e+05
4.2687e+05
4.3837e+05
4.4992e+05
4.6153e+05
4.7318e+05
4.8486e+05
4.9658e+05
5.0832e+05
5.2007e+05
5.3184e+05
5.436e+05
5.5535e+05
5.6709e+05
5.7881e+05
5.905e+05
6.0214e+05
6.1375e+05
6.2529e+05
6.3678e+05
6.4819e+05
6.5953e+05
6.7079e+05
6.8195e+05
6.9301e+05
7.0396e+05
7.148e+05
7.2551e+05
7.3609e+05
7.4654e+05
7.5684e+05
7.6698e+05
7.7697e+05
7.8679e+05
7.9644e+05
8.0591e+05
8.1519e+05
8.2428e+05
8.3316e+05
8.4185e+05
8.5032e+05
8.5857e+05
8.666e+05
8.744e+05
8.8197e+05
8.893e+05
8.9638e+05
9.0321e+05
9.0979e+05
9.1612e+05
9.2218e+05
9.2797e+05
9.3349e+05
9.3874e+05
9.4372e+05
9.4841e+05
9.5282e+05
9.5694e+05
9.6078e+05
9.6433e+05
9.6758e+05
9.7054e+05
9.732e+05
9.7557e+05
9.7764e+05
9.7941e+05
9.8088e+05
9.8206e+05
9.8293e+05
9.835e+05
9.8378e+05
9.8375e+05
9.8343e+05
9.8281e+05
9.819e+05
9.807e+05
9.792e+05
9.7741e+05
9.7533e+05
9.7297e+05
9.7033e+05
9.6741e+05
9.642e+05
9.6073e+05
9.5699e+05
9.5298e+05
9.487e+05
9.4417e+05
9.3938e+05
9.3435e+05
9.2906e+05
9.2354e+05
9.1778e+05
9.1179e+05
9.0557e+05
8.9913e+05
8.9247e+05
8.8561e+05
8.7854e+05
8.7127e+05
8.638e+05
8.5615e+05
8.4832e+05
8.4032e+05
8.3214e+05
8.238e+05
8.1531e+05
8.0666e+05
7.9788e+05
7.8895e+05
7.799e+05
7.7072e+05
7.6142e+05
7.5201e+05
7.425e+05
7.3289e+05
7.2319e+05
7.1341e+05
7.0354e+05
6.9361e+05
6.8361e+05
6.7356e+05
6.6345e+05
6.533e+05
6.4311e+05
6.3289e+05
6.2264e+05
6.1237e+05
6.0209e+05
5.918e+05
5.8151e+05
5.7123e+05
5.6095e+05
5.507e+05
5.4046e+05
5.3025e+05
5.2008e+05
5.0994e+05
4.9985e+05
4.898e+05
4.7981e+05
4.6988e+05
4.6001e+05
4.5021e+05
4.4049e+05
4.3084e+05
4.2127e+05
4.1178e+05
4.0239e+05
3.9309e+05
3.8388e+05
3.7478e+05
3.6578e+05
3.5688e+05
3.481e+05
3.3943e+05
3.3087e+05
3.2243e+05
3.1412e+05
3.0592e+05
2.9786e+05
2.8991e+05
2.821e+05
2.7442e+05
2.6688e+05
2.5946e+05
2.5219e+05
2.4504e+05
2.3804e+05
2.3118e+05
2.2445e+05
2.1787e+05
2.1142e+05
2.0512e+05
1.9895e+05
1.9293e+05
1.8705e+05
1.8131e+05
1.7571e+05
1.7025e+05
1.6494e+05
1.5976e+05
1.5472e+05
1.4981e+05
1.4505e+05
1.4042e+05
1.3592e+05
1.3156e+05
1.2733e+05
1.2323e+05
1.1926e+05
1.1541e+05
1.117e+05
1.081e+05
1.0463e+05
1.0128e+05
98054
94941
91942
89056
86281
83615
81055
78599
76245
73990
71833
69771
67801
65921
64129
62422
60797
59254
57788
56397
55080
53833
52655
51542
50492
49504
48574
47700
46881
46112
45394
44722
44095
43511
42967
42462
41993
41558
41155
40783
40439
40121
39828
39558
39309
39079
38866
38670
38489
38320
38162
38015
37877
37746
37620
37500
37384
37270
37157
37045
36933
36819
36702
36583
36459
36331
36197
36057
35911
35757
35595
35425
35246
35058
34861
34654
34436
34208
33970
33721
33460
33189
32906
32613
32308
31991
31663
31325
30974
30613
30241
29858
29465
29061
28646
28222
27788
27344
26891
26428
25957
25478
24990
24494
23991
23481
22963
22440
21909
21374
20832
20286
19734
19178
