1.6479e+05
1.6925e+05
1.7372e+05
1.7818e+05
1.8263e+05
1.8706e+05
1.9147e+05
1.9584e+05
2.0018e+05
2.0449e+05
2.0874e+05
2.1295e+05
2.171e+05
2.212e+05
2.2523e+05
2.2919e+05
2.3308e+05
2.3689e+05
2.4063e+05
2.4428e+05
2.4785e+05
2.5132e+05
2.5471e+05
2.58e+05
2.612e+05
2.6429e+05
2.6729e+05
2.7018e+05
2.7297e+05
2.7565e+05
2.7823e+05
2.807e+05
2.8306e+05
2.8531e+05
2.8746e+05
2.895e+05
2.9143e+05
2.9326e+05
2.9498e+05
2.9659e+05
2.981e+05
2.9951e+05
3.0081e+05
3.0202e+05
3.0313e+05
3.0414e+05
3.0507e+05
3.059e+05
3.0664e+05
3.073e+05
3.0788e+05
3.0837e+05
3.088e+05
3.0914e+05
3.0943e+05
3.0964e+05
3.0979e+05
3.0989e+05
3.0993e+05
3.0992e+05
3.0986e+05
3.0976e+05
3.0962e+05
3.0945e+05
3.0924e+05
3.0901e+05
3.0876e+05
3.0848e+05
3.082e+05
3.079e+05
3.076e+05
3.0729e+05
3.0699e+05
3.0669e+05
3.064e+05
3.0612e+05
3.0586e+05
3.0562e+05
3.054e+05
3.0521e+05
3.0505e+05
3.0492e+05
3.0483e+05
3.0478e+05
3.0477e+05
3.0481e+05
3.0489e+05
3.0502e+05
3.052e+05
3.0544e+05
3.0573e+05
3.0608e+05
3.0649e+05
3.0696e+05
3.0749e+05
3.0808e+05
3.0874e+05
3.0946e+05
3.1024e+05
3.1109e+05
3.12e+05
3.1298e+05
3.1403e+05
3.1513e+05
3.163e+05
3.1754e+05
3.1883e+05
3.2019e+05
3.216e+05
3.2308e+05
3.2461e+05
3.262e+05
3.2784e+05
3.2953e+05
3.3127e+05
3.3305e+05
3.3488e+05
3.3676e+05
3.3867e+05
3.4062e+05
3.426e+05
3.4461e+05
3.4665e+05
3.4871e+05
3.508e+05
3.529e+05
3.5501e+05
3.5714e+05
3.5927e+05
3.6141e+05
3.6354e+05
3.6568e+05
3.678e+05
3.6991e+05
3.7201e+05
3.7409e+05
3.7615e+05
3.7818e+05
3.8018e+05
3.8214e+05
3.8407e+05
3.8596e+05
3.878e+05
3.896e+05
3.9134e+05
3.9303e+05
3.9466e+05
3.9623e+05
3.9773e+05
3.9917e+05
4.0053e+05
4.0182e+05
4.0303e+05
4.0417e+05
4.0522e+05
4.0619e+05
4.0707e+05
4.0786e+05
4.0856e+05
4.0917e+05
4.0968e+05
4.101e+05
4.1042e+05
4.1064e+05
4.1076e+05
4.1078e+05
4.1069e+05
4.105e+05
4.1021e+05
4.0981e+05
4.0931e+05
4.0871e+05
4.0799e+05
4.0718e+05
4.0626e+05
4.0523e+05
4.041e+05
4.0287e+05
4.0154e+05
4.001e+05
3.9856e+05
3.9693e+05
3.952e+05
3.9337e+05
3.9145e+05
3.8944e+05
3.8734e+05
3.8515e+05
3.8287e+05
3.8051e+05
3.7807e+05
3.7555e+05
3.7295e+05
3.7028e+05
3.6753e+05
3.6472e+05
3.6184e+05
3.589e+05
3.5591e+05
3.5285e+05
3.4974e+05
3.4658e+05
3.4337e+05
3.4012e+05
3.3683e+05
3.335e+05
3.3014e+05
3.2674e+05
3.2332e+05
3.1987e+05
3.164e+05
3.1291e+05
3.0941e+05
3.059e+05
3.0237e+05
2.9885e+05
2.9531e+05
2.9178e+05
2.8825e+05
2.8473e+05
2.8122e+05
2.7772e+05
2.7423e+05
2.7076e+05
2.6731e+05
2.6389e+05
2.6048e+05
2.5711e+05
2.5376e+05
2.5044e+05
2.4716e+05
2.4391e+05
2.4069e+05
2.3752e+05
2.3438e+05
2.3128e+05
2.2823e+05
2.2522e+05
2.2225e+05
2.1933e+05
2.1646e+05
2.1363e+05
2.1085e+05
2.0812e+05
2.0543e+05
2.028e+05
2.0021e+05
1.9767e+05
1.9518e+05
1.9274e+05
1.9035e+05
1.88e+05
1.8571e+05
1.8345e+05
1.8125e+05
1.7908e+05
1.7696e+05
1.7489e+05
1.7285e+05
1.7086e+05
1.6891e+05
1.6699e+05
1.6511e+05
1.6326e+05
1.6145e+05
1.5967e+05
1.5792e+05
1.562e+05
1.545e+05
1.5283e+05
1.5118e+05
1.4955e+05
1.4795e+05
1.4635e+05
1.4478e+05
1.4321e+05
1.4166e+05
1.4012e+05
1.3858e+05
1.3705e+05
1.3552e+05
1.34e+05
1.3247e+05
1.3094e+05
1.2941e+05
1.2787e+05
1.2632e+05
1.2477e+05
1.232e+05
1.2162e+05
1.2003e+05
1.1842e+05
1.168e+05
1.1515e+05
1.1349e+05
1.1181e+05
1.1011e+05
1.0838e+05
1.0664e+05
1.0487e+05
1.0307e+05
1.0125e+05
99406
97537
95642
93722
91777
89807
87812
85793
83751
81687
79600
77493
75366
73220
71058
68880
66688
64485
62271
60049
57821
55589
53356
51124
48897
46675
44464
42264
40080
37915
35772
33654
31565
29508
27487
25505
23567
21676
19835
18050
16324
14661
13064
11539
10089
8719.1
7432.5
6233.7
5127.1
4116.7
3206.7
2401.5
1705.1
1121.7
655.42
310.36
90.552
0
42.648
222.38
543.03
1008.3
1622
2387.5
3308.5
4388.4
5630.4
7037.7
8613.5
10361
12282
14381
16659
19120
21765
24596
27617
30828
34231
37828
41621
45610
49797
54183
58768
63553
68538
73724
79110
84697
90484
96471
1.0266e+05
1.0904e+05
1.1562e+05
1.224e+05
1.2936e+05
1.3653e+05
1.4388e+05
1.5142e+05
1.5915e+05
1.6706e+05
1.7515e+05
1.8342e+05
1.9187e+05
2.0049e+05
2.0927e+05
2.1823e+05
2.2734e+05
2.3661e+05
2.4604e+05
2.5562e+05
2.6534e+05
2.752e+05
2.852e+05
2.9532e+05
3.0558e+05
3.1595e+05
3.2645e+05
3.3705e+05
3.4775e+05
3.5856e+05
3.6946e+05
3.8044e+05
3.9151e+05
4.0265e+05
4.1387e+05
4.2514e+05
4.3647e+05
4.4785e+05
4.5927e+05
4.7073e+05
4.8222e+05
4.9373e+05
5.0526e+05
5.168e+05
5.2834e+05
5.3987e+05
5.5139e+05
5.629e+05
5.7437e+05
5.8582e+05
5.9722e+05
6.0858e+05
6.1988e+05
6.3112e+05
6.4229e+05
6.5339e+05
6.6441e+05
6.7533e+05
6.8616e+05
6.9689e+05
7.0751e+05
7.1801e+05
7.2839e+05
7.3864e+05
7.4875e+05
7.5872e+05
7.6854e+05
7.782e+05
7.8771e+05
7.9705e+05
8.0621e+05
8.152e+05
8.24e+05
8.3261e+05
8.4103e+05
8.4924e+05
8.5726e+05
8.6506e+05
8.7264e+05
8.8001e+05
8.8715e+05
8.9406e+05
9.0074e+05
9.0719e+05
9.1339e+05
9.1935e+05
9.2506e+05
9.3052e+05
9.3573e+05
9.4068e+05
9.4537e+05
9.498e+05
9.5396e+05
9.5786e+05
9.6149e+05
9.6485e+05
9.6794e+05
9.7076e+05
9.733e+05
9.7557e+05
9.7757e+05
9.7928e+05
9.8072e+05
9.8189e+05
9.8277e+05
9.8338e+05
9.8372e+05
9.8378e+05
9.8356e+05
9.8307e+05
9.8231e+05
9.8128e+05
9.7998e+05
9.7841e+05
9.7658e+05
9.7448e+05
9.7212e+05
9.695e+05
9.6663e+05
9.635e+05
9.6012e+05
9.565e+05
9.5263e+05
9.4852e+05
9.4417e+05
9.3959e+05
9.3478e+05
9.2975e+05
9.2449e+05
9.1901e+05
9.1332e+05
9.0743e+05
9.0133e+05
8.9503e+05
8.8853e+05
8.8185e+05
8.7498e+05
8.6793e+05
8.607e+05
8.5331e+05
8.4575e+05
8.3804e+05
8.3017e+05
8.2215e+05
8.1399e+05
8.057e+05
7.9727e+05
7.8872e+05
7.8005e+05
7.7126e+05
7.6237e+05
7.5337e+05
7.4428e+05
7.3509e+05
7.2583e+05
7.1648e+05
7.0706e+05
6.9757e+05
6.8802e+05
6.7841e+05
6.6875e+05
6.5905e+05
6.4931e+05
6.3953e+05
6.2973e+05
6.1991e+05
6.1006e+05
6.0021e+05
5.9035e+05
5.8049e+05
5.7063e+05
5.6079e+05
5.5095e+05
5.4114e+05
5.3135e+05
5.216e+05
5.1187e+05
5.0219e+05
4.9254e+05
4.8295e+05
4.7341e+05
4.6393e+05
4.545e+05
4.4514e+05
4.3585e+05
4.2664e+05
4.175e+05
4.0844e+05
3.9946e+05
3.9057e+05
3.8177e+05
3.7307e+05
3.6446e+05
3.5595e+05
3.4755e+05
3.3925e+05
3.3105e+05
3.2297e+05
3.15e+05
3.0715e+05
2.9941e+05
2.9179e+05
2.843e+05
2.7692e+05
2.6967e+05
2.6255e+05
2.5555e+05
2.4868e+05
2.4194e+05
2.3533e+05
2.2886e+05
2.2251e+05
2.163e+05
2.1022e+05
2.0427e+05
1.9846e+05
1.9279e+05
1.8724e+05
1.8184e+05
1.7656e+05
1.7142e+05
1.6642e+05
1.6155e+05
1.5681e+05
1.522e+05
1.4773e+05
1.4338e+05
1.3917e+05
1.3508e+05
1.3112e+05
1.2729e+05
1.2359e+05
1.2001e+05
1.1655e+05
1.1321e+05
1.0999e+05
1.069e+05
1.0391e+05
1.0105e+05
98294
95652
93119
90694
88374
86159
84044
82030
80112
78290
76561
74922
73372
71908
70528
69229
68010
66868
65800
64804
63878
63019
62226
61495
60824
60211
59653
59149
58696
58291
57932
57617
57344
57110
56913
56751
56622
56524
56454
56411
56392
56395
56420
56462
56521
56595
56682
56781
56888
57004
57126
57252
57382
57513
57644
57774
57901
58025
58143
58256
58360
58456
58543
58619
58683
58735
58774
58799
58809
58804
58782
58744
58689
58615
58524
58414
58286
58138
57970
57783
57576
57349
57102
56835
56547
56240
55912
55565
55197
54810
54404
53978
53534
53071
52590
52090
51574
51040
50489
49922
49340
48742
48130
47503
46863
46210
45544
44867
44178
