75346
78541
81811
85153
88561
92033
95563
99148
1.0278e+05
1.0646e+05
1.1018e+05
1.1394e+05
1.1773e+05
1.2154e+05
1.2538e+05
1.2923e+05
1.331e+05
1.3698e+05
1.4085e+05
1.4473e+05
1.486e+05
1.5246e+05
1.563e+05
1.6012e+05
1.6392e+05
1.6768e+05
1.7142e+05
1.7512e+05
1.7877e+05
1.8238e+05
1.8594e+05
1.8945e+05
1.929e+05
1.9629e+05
1.9961e+05
2.0287e+05
2.0606e+05
2.0917e+05
2.1221e+05
2.1518e+05
2.1806e+05
2.2086e+05
2.2357e+05
2.262e+05
2.2874e+05
2.3119e+05
2.3356e+05
2.3582e+05
2.38e+05
2.4008e+05
2.4207e+05
2.4397e+05
2.4577e+05
2.4747e+05
2.4908e+05
2.506e+05
2.5203e+05
2.5336e+05
2.546e+05
2.5575e+05
2.5681e+05
2.5778e+05
2.5866e+05
2.5946e+05
2.6018e+05
2.6081e+05
2.6136e+05
2.6184e+05
2.6224e+05
2.6256e+05
2.6282e+05
2.63e+05
2.6312e+05
2.6318e+05
2.6317e+05
2.6311e+05
2.6299e+05
2.6282e+05
2.6259e+05
2.6232e+05
2.6201e+05
2.6165e+05
2.6126e+05
2.6083e+05
2.6036e+05
2.5986e+05
2.5934e+05
2.5879e+05
2.5822e+05
2.5763e+05
2.5702e+05
2.564e+05
2.5577e+05
2.5512e+05
2.5447e+05
2.5381e+05
2.5315e+05
2.5249e+05
2.5183e+05
2.5118e+05
2.5053e+05
2.4988e+05
2.4925e+05
2.4862e+05
2.4801e+05
2.4741e+05
2.4682e+05
2.4625e+05
2.457e+05
2.4516e+05
2.4464e+05
2.4414e+05
2.4366e+05
2.432e+05
2.4276e+05
2.4234e+05
2.4194e+05
2.4157e+05
2.4121e+05
2.4088e+05
2.4057e+05
2.4028e+05
2.4001e+05
2.3976e+05
2.3953e+05
2.3933e+05
2.3914e+05
2.3897e+05
2.3882e+05
2.3868e+05
2.3857e+05
2.3847e+05
2.3838e+05
2.3831e+05
2.3825e+05
2.382e+05
2.3816e+05
2.3814e+05
2.3812e+05
2.3811e+05
2.3811e+05
2.3812e+05
2.3813e+05
2.3814e+05
2.3816e+05
2.3817e+05
2.3819e+05
2.3821e+05
2.3822e+05
2.3824e+05
2.3825e+05
2.3825e+05
2.3825e+05
2.3824e+05
2.3822e+05
2.382e+05
2.3816e+05
2.3811e+05
2.3806e+05
2.3799e+05
2.379e+05
2.3781e+05
2.3769e+05
2.3757e+05
2.3742e+05
2.3726e+05
2.3708e+05
2.3689e+05
2.3667e+05
2.3644e+05
2.3618e+05
2.359e+05
2.3561e+05
2.3529e+05
2.3495e+05
2.3458e+05
2.3419e+05
2.3378e+05
2.3335e+05
2.3289e+05
2.3241e+05
2.319e+05
2.3137e+05
2.3081e+05
2.3022e+05
2.2961e+05
2.2897e+05
2.283e+05
2.2761e+05
2.2689e+05
2.2614e+05
2.2536e+05
2.2456e+05
2.2372e+05
2.2286e+05
2.2196e+05
2.2104e+05
2.2008e+05
2.191e+05
2.1808e+05
2.1703e+05
2.1595e+05
2.1484e+05
2.137e+05
2.1253e+05
2.1132e+05
2.1008e+05
2.088e+05
2.0749e+05
2.0615e+05
2.0478e+05
2.0337e+05
2.0192e+05
2.0044e+05
1.9893e+05
1.9738e+05
1.958e+05
1.9418e+05
1.9252e+05
1.9083e+05
1.8911e+05
1.8735e+05
1.8555e+05
1.8372e+05
1.8186e+05
1.7995e+05
1.7802e+05
1.7605e+05
1.7405e+05
1.7201e+05
1.6994e+05
1.6784e+05
1.657e+05
1.6354e+05
1.6134e+05
1.5911e+05
1.5686e+05
1.5458e+05
1.5227e+05
1.4993e+05
1.4757e+05
1.4518e+05
1.4278e+05
1.4035e+05
1.379e+05
1.3543e+05
1.3295e+05
1.3045e+05
1.2793e+05
1.2541e+05
1.2287e+05
1.2033e+05
1.1778e+05
1.1523e+05
1.1267e+05
1.1011e+05
1.0756e+05
1.0501e+05
1.0246e+05
99922
97395
94880
92381
89899
87436
84996
82580
80190
77829
75499
73203
70943
68720
66538
64398
62302
60253
58252
56301
54402
52557
50768
49036
47362
45749
44196
42706
41280
39918
38621
37390
36226
35128
34098
33135
32240
31411
30650
29955
29326
28763
28264
27828
27454
27141
26888
26693
26553
26468
26436
26453
26519
26630
26784
26978
27211
27478
27778
28107
28461
28839
29237
29652
30080
30518
30963
31412
31860
32306
32745
33174
33591
33990
34371
34729
35062
35366
35639
35878
36080
36244
36366
36444
36477
36462
36398
36283
36117
35897
35623
35295
34912
34473
33979
33429
32826
32168
31457
30695
29883
29022
28116
27165
26173
25143
24077
22980
21854
20704
19534
18348
17151
15948
14745
13545
12356
11182
10031
8907.5
7818.9
6771.4
5771.9
4827.3
3944.7
3131.3
2394.3
1741.3
1179.7
717.07
361.12
119.52
0
10.302
158.17
451.32
897.46
1504.2
2279.2
3229.8
4363.6
5687.7
7209.4
8935.6
10873
13029
15409
18019
20867
23957
27295
30886
34735
38847
43226
47876
52800
58003
63486
69253
75306
81645
88273
95191
1.024e+05
1.099e+05
1.1768e+05
1.2576e+05
1.3412e+05
1.4277e+05
1.517e+05
1.6092e+05
1.7041e+05
1.8017e+05
1.9021e+05
2.0051e+05
2.1107e+05
2.2189e+05
2.3296e+05
2.4427e+05
2.5581e+05
2.6759e+05
2.7959e+05
2.918e+05
3.0421e+05
3.1682e+05
3.2962e+05
3.426e+05
3.5574e+05
3.6904e+05
3.8249e+05
3.9608e+05
4.0978e+05
4.236e+05
4.3752e+05
4.5153e+05
4.6562e+05
4.7976e+05
4.9396e+05
5.082e+05
5.2246e+05
5.3673e+05
5.5099e+05
5.6525e+05
5.7947e+05
5.9364e+05
6.0776e+05
6.2181e+05
6.3577e+05
6.4963e+05
6.6337e+05
6.7699e+05
6.9047e+05
7.0379e+05
7.1694e+05
7.2991e+05
7.4269e+05
7.5525e+05
7.676e+05
7.7971e+05
7.9157e+05
8.0317e+05
8.145e+05
8.2554e+05
8.3629e+05
8.4674e+05
8.5686e+05
8.6666e+05
8.7613e+05
8.8524e+05
8.94e+05
9.0239e+05
9.1041e+05
9.1804e+05
9.2529e+05
9.3213e+05
9.3858e+05
9.4461e+05
9.5023e+05
9.5543e+05
9.602e+05
9.6454e+05
9.6844e+05
9.7191e+05
9.7494e+05
9.7753e+05
9.7967e+05
9.8136e+05
9.8261e+05
9.8342e+05
9.8378e+05
9.8369e+05
9.8316e+05
9.8219e+05
9.8077e+05
9.7892e+05
9.7664e+05
9.7393e+05
9.7079e+05
9.6723e+05
9.6326e+05
9.5888e+05
9.5409e+05
9.4891e+05
9.4333e+05
9.3738e+05
9.3104e+05
9.2435e+05
9.1729e+05
9.0988e+05
9.0213e+05
8.9405e+05
8.8565e+05
8.7693e+05
8.6792e+05
8.5861e+05
8.4903e+05
8.3917e+05
8.2906e+05
8.187e+05
8.081e+05
7.9728e+05
7.8625e+05
7.7501e+05
7.6359e+05
7.52e+05
7.4024e+05
7.2832e+05
7.1627e+05
7.0409e+05
6.9179e+05
6.7939e+05
6.669e+05
6.5433e+05
6.4169e+05
6.29e+05
6.1626e+05
6.0349e+05
5.907e+05
5.779e+05
5.651e+05
5.5231e+05
5.3955e+05
5.2682e+05
5.1413e+05
5.015e+05
4.8893e+05
4.7644e+05
4.6403e+05
4.5171e+05
4.395e+05
4.2739e+05
4.154e+05
4.0354e+05
3.9181e+05
3.8022e+05
3.6878e+05
3.5749e+05
3.4636e+05
3.3541e+05
3.2462e+05
3.1401e+05
3.0359e+05
2.9336e+05
2.8331e+05
2.7347e+05
2.6382e+05
2.5438e+05
2.4515e+05
2.3613e+05
2.2731e+05
2.1872e+05
2.1034e+05
2.0217e+05
1.9423e+05
1.8651e+05
1.79e+05
1.7172e+05
1.6466e+05
1.5782e+05
1.512e+05
1.448e+05
1.3862e+05
1.3265e+05
1.269e+05
1.2137e+05
1.1604e+05
1.1093e+05
1.0602e+05
1.0132e+05
96820
92518
88412
84498
80773
77234
73876
70696
67689
64853
62181
59671
57317
55116
53063
51153
49382
47745
46238
44856
43594
42447
41411
40482
39654
38924
38285
37735
37268
36881
36567
36325
36148
36033
35976
35973
36020
36113
36248
36422
36631
36872
37141
37435
37751
38086
38437
38802
39176
39559
39947
40339
40731
41121
41509
41891
42267
42633
42990
43334
43666
43983
44284
44569
44836
45085
45314
45523
45712
45880
46025
46149
46251
46330
46386
46420
46431
46419
46385
46328
46248
46147
46024
45880
45714
45528
45322
45096
44852
44588
44307
44008
43692
43361
43013
42651
42275
41885
41482
41067
40641
40203
39756
39299
38834
38360
37879
37392
36898
36398
35894
35386
34874
34358
33841
33321
32800
32278
31756
31234
30712
30192
29673
29155
28640
28128
27619
27112
26610
26112
25617
25127
24642
