32353
36144
40156
44381
48813
53447
58274
63287
68478
73839
79360
85033
90847
96794
1.0286e+05
1.0904e+05
1.1532e+05
1.2169e+05
1.2814e+05
1.3466e+05
1.4124e+05
1.4786e+05
1.5451e+05
1.6119e+05
1.6788e+05
1.7457e+05
1.8125e+05
1.879e+05
1.9453e+05
2.011e+05
2.0762e+05
2.1408e+05
2.2046e+05
2.2675e+05
2.3294e+05
2.3903e+05
2.45e+05
2.5084e+05
2.5655e+05
2.6212e+05
2.6754e+05
2.7279e+05
2.7788e+05
2.828e+05
2.8754e+05
2.9209e+05
2.9645e+05
3.0061e+05
3.0457e+05
3.0832e+05
3.1186e+05
3.1518e+05
3.1829e+05
3.2118e+05
3.2385e+05
3.2629e+05
3.2851e+05
3.305e+05
3.3226e+05
3.338e+05
3.3511e+05
3.362e+05
3.3706e+05
3.377e+05
3.3812e+05
3.3832e+05
3.3831e+05
3.3809e+05
3.3766e+05
3.3703e+05
3.362e+05
3.3517e+05
3.3396e+05
3.3256e+05
3.3099e+05
3.2924e+05
3.2733e+05
3.2526e+05
3.2303e+05
3.2066e+05
3.1815e+05
3.1551e+05
3.1274e+05
3.0986e+05
3.0686e+05
3.0377e+05
3.0058e+05
2.9731e+05
2.9395e+05
2.9053e+05
2.8704e+05
2.835e+05
2.7992e+05
2.763e+05
2.7264e+05
2.6897e+05
2.6527e+05
2.6158e+05
2.5788e+05
2.5419e+05
2.5052e+05
2.4687e+05
2.4325e+05
2.3966e+05
2.3613e+05
2.3264e+05
2.292e+05
2.2584e+05
2.2254e+05
2.1931e+05
2.1617e+05
2.1311e+05
2.1014e+05
2.0726e+05
2.0449e+05
2.0182e+05
1.9926e+05
1.9681e+05
1.9447e+05
1.9225e+05
1.9016e+05
1.8819e+05
1.8634e+05
1.8462e+05
1.8303e+05
1.8157e+05
1.8024e+05
1.7904e+05
1.7797e+05
1.7704e+05
1.7624e+05
1.7557e+05
1.7503e+05
1.7462e+05
1.7434e+05
1.7419e+05
1.7416e+05
1.7425e+05
1.7447e+05
1.7479e+05
1.7524e+05
1.7579e+05
1.7646e+05
1.7722e+05
1.7809e+05
1.7905e+05
1.8011e+05
1.8125e+05
1.8247e+05
1.8377e+05
1.8515e+05
1.8659e+05
1.8809e+05
1.8965e+05
1.9127e+05
1.9293e+05
1.9463e+05
1.9636e+05
1.9813e+05
1.9992e+05
2.0173e+05
2.0355e+05
2.0538e+05
2.0721e+05
2.0904e+05
2.1085e+05
2.1266e+05
2.1444e+05
2.1619e+05
2.1792e+05
2.1961e+05
2.2125e+05
2.2285e+05
2.2441e+05
2.259e+05
2.2734e+05
2.2871e+05
2.3002e+05
2.3126e+05
2.3242e+05
2.335e+05
2.345e+05
2.3542e+05
2.3624e+05
2.3699e+05
2.3763e+05
2.3819e+05
2.3865e+05
2.3901e+05
2.3928e+05
2.3944e+05
2.3951e+05
2.3947e+05
2.3933e+05
2.391e+05
2.3876e+05
2.3832e+05
2.3778e+05
2.3714e+05
2.3641e+05
2.3558e+05
2.3465e+05
2.3363e+05
2.3251e+05
2.3131e+05
2.3002e+05
2.2864e+05
2.2718e+05
2.2564e+05
2.2402e+05
2.2232e+05
2.2056e+05
2.1872e+05
2.1682e+05
2.1485e+05
2.1283e+05
2.1074e+05
2.0861e+05
2.0642e+05
2.0418e+05
2.0191e+05
1.9959e+05
1.9723e+05
1.9484e+05
1.9242e+05
1.8997e+05
1.8749e+05
1.8499e+05
1.8248e+05
1.7994e+05
1.774e+05
1.7484e+05
1.7227e+05
1.6969e+05
1.6711e+05
1.6453e+05
1.6194e+05
1.5936e+05
1.5678e+05
1.542e+05
1.5163e+05
1.4907e+05
1.4651e+05
1.4397e+05
1.4143e+05
1.3891e+05
1.3639e+05
1.3389e+05
1.314e+05
1.2892e+05
1.2645e+05
1.24e+05
1.2156e+05
1.1913e+05
1.1671e+05
1.1431e+05
1.1192e+05
1.0953e+05
1.0716e+05
1.048e+05
1.0245e+05
1.0011e+05
97784
95462
93148
90843
88545
86254
83970
81693
79423
77159
74902
72652
70409
68173
65945
63725
61514
59313
57122
54943
52777
50625
48489
46369
44269
42188
40130
38096
36088
34109
32161
30246
28366
26524
24723
22965
21252
19588
17975
16416
14913
13468
12085
10767
9514
8330.2
7217.5
6177.9
5213.6
4326.4
3518.2
2790.4
2144.7
1582.2
1103.9
710.9
403.66
182.67
48.132
0
37.993
161.58
369.96
662.09
1036.7
1492.1
2026.5
2637.9
3323.7
4081.5
4908.2
5800.8
6755.8
7769.7
8838.5
9958.1
11124
12333
13578
14856
16162
17490
18835
20191
21554
22917
24275
25623
26954
28263
29545
30794
32004
33170
34288
35351
36356
37296
38169
38970
39694
40339
40901
41376
41763
42059
42262
42371
42385
42303
42126
41853
41485
41024
40472
39830
39103
38293
37404
36441
35408
34312
33158
31952
30703
29416
28101
26766
25419
24070
22729
21406
20112
18856
17652
16510
15442
14460
13577
12804
12155
11642
11278
11076
11049
11210
11571
12146
12946
13985
15275
16827
18653
20765
23173
25889
28922
32282
35979
40021
44417
49173
54297
59795
65673
71935
78586
85629
93067
1.009e+05
1.0913e+05
1.1776e+05
1.2679e+05
1.3621e+05
1.4603e+05
1.5624e+05
1.6683e+05
1.778e+05
1.8915e+05
2.0087e+05
2.1294e+05
2.2537e+05
2.3815e+05
2.5126e+05
2.6469e+05
2.7843e+05
2.9246e+05
3.0679e+05
3.2138e+05
3.3623e+05
3.5132e+05
3.6663e+05
3.8215e+05
3.9786e+05
4.1374e+05
4.2978e+05
4.4594e+05
4.6223e+05
4.786e+05
4.9506e+05
5.1156e+05
5.281e+05
5.4464e+05
5.6118e+05
5.7768e+05
5.9413e+05
6.105e+05
6.2677e+05
6.4292e+05
6.5893e+05
6.7477e+05
6.9042e+05
7.0587e+05
7.2108e+05
7.3604e+05
7.5073e+05
7.6513e+05
7.7921e+05
7.9296e+05
8.0636e+05
8.1939e+05
8.3202e+05
8.4425e+05
8.5606e+05
8.6742e+05
8.7833e+05
8.8876e+05
8.9871e+05
9.0816e+05
9.171e+05
9.2552e+05
9.334e+05
9.4073e+05
9.4751e+05
9.5373e+05
9.5938e+05
9.6445e+05
9.6894e+05
9.7284e+05
9.7615e+05
9.7887e+05
9.8099e+05
9.8252e+05
9.8344e+05
9.8378e+05
9.8352e+05
9.8266e+05
9.8123e+05
9.792e+05
9.7661e+05
9.7344e+05
9.697e+05
9.6541e+05
9.6058e+05
9.552e+05
9.493e+05
9.4289e+05
9.3596e+05
9.2855e+05
9.2066e+05
9.123e+05
9.0349e+05
8.9424e+05
8.8458e+05
8.745e+05
8.6404e+05
8.532e+05
8.4201e+05
8.3048e+05
8.1863e+05
8.0648e+05
7.9403e+05
7.8133e+05
7.6837e+05
7.5518e+05
7.4178e+05
7.2819e+05
7.1442e+05
7.0049e+05
6.8643e+05
6.7225e+05
6.5796e+05
6.4359e+05
6.2916e+05
6.1468e+05
6.0016e+05
5.8564e+05
5.7111e+05
5.5661e+05
5.4214e+05
5.2772e+05
5.1337e+05
4.991e+05
4.8492e+05
4.7085e+05
4.5691e+05
4.431e+05
4.2944e+05
4.1594e+05
4.0261e+05
3.8947e+05
3.7651e+05
3.6376e+05
3.5122e+05
3.3889e+05
3.268e+05
3.1494e+05
3.0332e+05
2.9195e+05
2.8083e+05
2.6997e+05
2.5938e+05
2.4905e+05
2.3899e+05
2.2921e+05
2.197e+05
2.1047e+05
2.0151e+05
1.9284e+05
1.8445e+05
1.7633e+05
1.685e+05
1.6094e+05
1.5366e+05
1.4665e+05
1.3992e+05
1.3345e+05
1.2726e+05
1.2132e+05
1.1565e+05
1.1022e+05
1.0505e+05
1.0013e+05
95448
91001
86785
82794
79022
75464
72113
68964
66010
63244
60660
58253
56014
53937
52017
50245
48617
47124
45761
44521
43398
42385
41476
40666
39947
39314
38762
38284
37875
37530
37244
37011
36827
36687
36586
36520
36484
36476
36490
36524
36573
36635
36706
36784
36865
36948
37029
37106
37178
37242
37297
37341
37372
37390
37393
37381
37352
37305
37240
37158
37056
36935
36795
36636
36457
36259
36043
35808
35554
35283
34995
34689
34368
34031
33680
33314
32935
32544
32141
31727
31303
30870
30428
29980
29524
29064
28598
28129
27657
27182
26706
26230
25754
25279
24806
24335
23868
23404
22945
22491
22042
21600
21165
20736
20316
19903
19499
19103
18716
18339
17971
17613
17264
16926
16598
16279
15971
15673
15385
15107
14839
14581
14333
14094
13864
13643
13432
13228
13033
12846
12667
12495
12329
12171
12018
11871
11730
11593
11461
11333
11209
11088
10970
10854
10740
10627
10515
