2.4017e+05
2.4348e+05
2.468e+05
2.5013e+05
2.5346e+05
2.5681e+05
2.6016e+05
2.6351e+05
2.6686e+05
2.7021e+05
2.7356e+05
2.7691e+05
2.8025e+05
2.8358e+05
2.8691e+05
2.9022e+05
2.9352e+05
2.968e+05
3.0007e+05
3.0332e+05
3.0655e+05
3.0976e+05
3.1294e+05
3.161e+05
3.1924e+05
3.2234e+05
3.2542e+05
3.2847e+05
3.3148e+05
3.3446e+05
3.3741e+05
3.4032e+05
3.4319e+05
3.4602e+05
3.4881e+05
3.5156e+05
3.5427e+05
3.5693e+05
3.5954e+05
3.6211e+05
3.6463e+05
3.671e+05
3.6952e+05
3.7189e+05
3.7421e+05
3.7647e+05
3.7868e+05
3.8083e+05
3.8293e+05
3.8496e+05
3.8694e+05
3.8886e+05
3.9072e+05
3.9252e+05
3.9426e+05
3.9594e+05
3.9755e+05
3.991e+05
4.0058e+05
4.02e+05
4.0336e+05
4.0465e+05
4.0587e+05
4.0702e+05
4.0811e+05
4.0913e+05
4.1008e+05
4.1097e+05
4.1178e+05
4.1253e+05
4.132e+05
4.1381e+05
4.1435e+05
4.1482e+05
4.1522e+05
4.1555e+05
4.1581e+05
4.16e+05
4.1612e+05
4.1617e+05
4.1615e+05
4.1607e+05
4.1591e+05
4.1569e+05
4.154e+05
4.1504e+05
4.1462e+05
4.1412e+05
4.1357e+05
4.1294e+05
4.1225e+05
4.115e+05
4.1068e+05
4.098e+05
4.0885e+05
4.0784e+05
4.0678e+05
4.0565e+05
4.0446e+05
4.0321e+05
4.0191e+05
4.0055e+05
3.9913e+05
3.9765e+05
3.9613e+05
3.9455e+05
3.9292e+05
3.9123e+05
3.895e+05
3.8772e+05
3.8589e+05
3.8402e+05
3.821e+05
3.8014e+05
3.7813e+05
3.7608e+05
3.74e+05
3.7188e+05
3.6972e+05
3.6752e+05
3.6529e+05
3.6303e+05
3.6073e+05
3.5841e+05
3.5606e+05
3.5368e+05
3.5127e+05
3.4885e+05
3.464e+05
3.4393e+05
3.4144e+05
3.3893e+05
3.3641e+05
3.3387e+05
3.3132e+05
3.2875e+05
3.2618e+05
3.236e+05
3.2101e+05
3.1842e+05
3.1582e+05
3.1322e+05
3.1062e+05
3.0802e+05
3.0543e+05
3.0283e+05
3.0025e+05
2.9767e+05
2.9509e+05
2.9253e+05
2.8997e+05
2.8743e+05
2.8491e+05
2.8239e+05
2.799e+05
2.7742e+05
2.7496e+05
2.7252e+05
2.701e+05
2.677e+05
2.6532e+05
2.6297e+05
2.6065e+05
2.5835e+05
2.5608e+05
2.5384e+05
2.5162e+05
2.4944e+05
2.4729e+05
2.4516e+05
2.4307e+05
2.4102e+05
2.39e+05
2.3701e+05
2.3505e+05
2.3313e+05
2.3125e+05
2.2941e+05
2.2759e+05
2.2582e+05
2.2408e+05
2.2239e+05
2.2072e+05
2.191e+05
2.1751e+05
2.1596e+05
2.1445e+05
2.1298e+05
2.1154e+05
2.1014e+05
2.0878e+05
2.0745e+05
2.0616e+05
2.0491e+05
2.0369e+05
2.0251e+05
2.0136e+05
2.0025e+05
1.9917e+05
1.9812e+05
1.971e+05
1.9612e+05
1.9516e+05
1.9424e+05
1.9334e+05
1.9247e+05
1.9163e+05
1.9081e+05
1.9002e+05
1.8926e+05
1.8851e+05
1.8779e+05
1.8709e+05
1.864e+05
1.8574e+05
1.8509e+05
1.8446e+05
1.8384e+05
1.8324e+05
1.8264e+05
1.8206e+05
1.8148e+05
1.8092e+05
1.8036e+05
1.798e+05
1.7925e+05
1.787e+05
1.7815e+05
1.776e+05
1.7704e+05
1.7649e+05
1.7592e+05
1.7535e+05
1.7478e+05
1.7419e+05
1.7359e+05
1.7298e+05
1.7236e+05
1.7172e+05
1.7106e+05
1.7039e+05
1.6969e+05
1.6898e+05
1.6825e+05
1.6749e+05
1.6671e+05
1.659e+05
1.6507e+05
1.6421e+05
1.6332e+05
1.624e+05
1.6145e+05
1.6047e+05
1.5945e+05
1.5841e+05
1.5733e+05
1.5621e+05
1.5506e+05
1.5388e+05
1.5265e+05
1.5139e+05
1.5009e+05
1.4876e+05
1.4738e+05
1.4597e+05
1.4451e+05
1.4302e+05
1.4149e+05
1.3992e+05
1.3831e+05
1.3666e+05
1.3497e+05
1.3324e+05
1.3148e+05
1.2967e+05
1.2783e+05
1.2595e+05
1.2403e+05
1.2208e+05
1.2009e+05
1.1807e+05
1.1601e+05
1.1393e+05
1.118e+05
1.0965e+05
1.0747e+05
1.0526e+05
1.0302e+05
1.0076e+05
98475
96165
93834
91483
89115
86730
84330
81918
79496
77065
74627
72186
69742
67298
64856
62420
59990
57570
55162
52769
50393
48037
45703
43395
41114
38864
36648
34468
32327
30228
28175
26169
24213
22312
20467
18682
16960
15303
13714
12198
10755
9390.2
8105.6
6904.2
5789.1
4763
3828.9
2989.5
2247.8
1606.4
1068.1
635.7
311.8
99.035
0
17.233
153.22
410.41
791.18
1297.8
1932.7
2697.9
3595.6
4627.9
5796.8
7104.2
8551.9
10142
11876
13755
15781
17955
20280
22755
25383
28164
31100
34190
37437
40841
44402
48120
51998
56033
60228
64581
69093
73764
78594
83581
88727
94029
99488
1.051e+05
1.1087e+05
1.168e+05
1.2287e+05
1.291e+05
1.3548e+05
1.4201e+05
1.4868e+05
1.555e+05
1.6246e+05
1.6957e+05
1.7681e+05
1.842e+05
1.9172e+05
1.9937e+05
2.0715e+05
2.1506e+05
2.231e+05
2.3126e+05
2.3954e+05
2.4794e+05
2.5646e+05
2.6508e+05
2.7382e+05
2.8266e+05
2.916e+05
3.0063e+05
3.0977e+05
3.1899e+05
3.2831e+05
3.377e+05
3.4718e+05
3.5673e+05
3.6635e+05
3.7604e+05
3.858e+05
3.9562e+05
4.0549e+05
4.1541e+05
4.2538e+05
4.3539e+05
4.4544e+05
4.5552e+05
4.6564e+05
4.7577e+05
4.8593e+05
4.961e+05
5.0628e+05
5.1647e+05
5.2666e+05
5.3685e+05
5.4702e+05
5.5719e+05
5.6733e+05
5.7746e+05
5.8755e+05
5.9762e+05
6.0764e+05
6.1763e+05
6.2756e+05
6.3745e+05
6.4728e+05
6.5705e+05
6.6675e+05
6.7638e+05
6.8594e+05
6.9542e+05
7.0481e+05
7.1411e+05
7.2332e+05
7.3243e+05
7.4144e+05
7.5034e+05
7.5913e+05
7.6781e+05
7.7636e+05
7.848e+05
7.931e+05
8.0127e+05
8.093e+05
8.1719e+05
8.2494e+05
8.3255e+05
8.3999e+05
8.4729e+05
8.5442e+05
8.614e+05
8.6821e+05
8.7484e+05
8.8131e+05
8.876e+05
8.9372e+05
8.9965e+05
9.054e+05
9.1096e+05
9.1633e+05
9.2151e+05
9.265e+05
9.3129e+05
9.3588e+05
9.4027e+05
9.4446e+05
9.4845e+05
9.5222e+05
9.5579e+05
9.5915e+05
9.623e+05
9.6524e+05
9.6797e+05
9.7048e+05
9.7277e+05
9.7485e+05
9.7672e+05
9.7836e+05
9.7979e+05
9.81e+05
9.8199e+05
9.8277e+05
9.8332e+05
9.8366e+05
9.8378e+05
9.8368e+05
9.8336e+05
9.8283e+05
9.8208e+05
9.8112e+05
9.7994e+05
9.7855e+05
9.7695e+05
9.7514e+05
9.7312e+05
9.7089e+05
9.6845e+05
9.6581e+05
9.6297e+05
9.5993e+05
9.5669e+05
9.5325e+05
9.4961e+05
9.4579e+05
9.4177e+05
9.3757e+05
9.3318e+05
9.2861e+05
9.2387e+05
9.1894e+05
9.1384e+05
9.0857e+05
9.0313e+05
8.9753e+05
8.9177e+05
8.8584e+05
8.7977e+05
8.7354e+05
8.6716e+05
8.6064e+05
8.5398e+05
8.4718e+05
8.4024e+05
8.3318e+05
8.2599e+05
8.1868e+05
8.1125e+05
8.037e+05
7.9604e+05
7.8828e+05
7.8041e+05
7.7245e+05
7.6439e+05
7.5624e+05
7.48e+05
7.3968e+05
7.3128e+05
7.228e+05
7.1426e+05
7.0565e+05
6.9698e+05
6.8825e+05
6.7946e+05
6.7063e+05
6.6175e+05
6.5282e+05
6.4386e+05
6.3487e+05
6.2585e+05
6.168e+05
6.0773e+05
5.9864e+05
5.8954e+05
5.8043e+05
5.7132e+05
5.622e+05
5.5308e+05
5.4397e+05
5.3487e+05
5.2579e+05
5.1672e+05
5.0767e+05
4.9864e+05
4.8964e+05
4.8068e+05
4.7174e+05
4.6285e+05
4.54e+05
4.4519e+05
4.3642e+05
4.2771e+05
4.1905e+05
4.1045e+05
4.0191e+05
3.9343e+05
3.8501e+05
3.7667e+05
3.6839e+05
3.6019e+05
3.5206e+05
3.4401e+05
3.3604e+05
3.2815e+05
3.2035e+05
3.1263e+05
3.0501e+05
2.9747e+05
2.9003e+05
2.8268e+05
2.7542e+05
2.6827e+05
2.6121e+05
2.5426e+05
2.4741e+05
2.4066e+05
2.3401e+05
2.2748e+05
2.2105e+05
2.1472e+05
2.0851e+05
2.0241e+05
1.9642e+05
1.9053e+05
1.8477e+05
1.7911e+05
1.7357e+05
1.6814e+05
1.6282e+05
1.5762e+05
1.5254e+05
1.4756e+05
1.4271e+05
1.3796e+05
1.3333e+05
1.2882e+05
1.2442e+05
1.2013e+05
1.1596e+05
1.119e+05
1.0795e+05
1.0411e+05
1.0038e+05
96768
93263
89866
86577
83395
80320
77350
74484
71721
69060
66500
64039
61677
59411
57241
55165
53182
51290
49488
47774
46147
44604
43146
41769
40472
39254
38113
37046
36053
35132
34281
33497
32780
32128
31538
31009
30540
30127
29770
29467
29215
29014
28861
28754
28692
28673
28695
28756
28855
28989
29158
29359
29591
29852
30140
30454
30792
31153
31534
31935
32354
32789
33239
33702
34177
34663
35158
35661
36171
36686
37205
37726
38249
38773
39296
39817
40336
40850
41359
41863
42360
42849
43330
43801
44262
44712
45150
45576
45989
46389
46774
47144
47498
47837
48159
48465
48753
49024
49277
49512
49728
49925
