1.6775e+05
1.7283e+05
1.7793e+05
1.8306e+05
1.8819e+05
1.9333e+05
1.9847e+05
2.036e+05
2.0871e+05
2.138e+05
2.1887e+05
2.239e+05
2.2889e+05
2.3383e+05
2.3872e+05
2.4355e+05
2.4832e+05
2.5301e+05
2.5763e+05
2.6217e+05
2.6663e+05
2.7099e+05
2.7526e+05
2.7943e+05
2.8349e+05
2.8744e+05
2.9128e+05
2.9501e+05
2.9861e+05
3.0209e+05
3.0545e+05
3.0867e+05
3.1177e+05
3.1473e+05
3.1755e+05
3.2023e+05
3.2278e+05
3.2519e+05
3.2745e+05
3.2957e+05
3.3155e+05
3.3339e+05
3.3508e+05
3.3663e+05
3.3804e+05
3.393e+05
3.4043e+05
3.4141e+05
3.4226e+05
3.4297e+05
3.4355e+05
3.4399e+05
3.4431e+05
3.445e+05
3.4456e+05
3.445e+05
3.4432e+05
3.4403e+05
3.4363e+05
3.4311e+05
3.425e+05
3.4178e+05
3.4097e+05
3.4006e+05
3.3907e+05
3.38e+05
3.3684e+05
3.3562e+05
3.3432e+05
3.3296e+05
3.3154e+05
3.3006e+05
3.2854e+05
3.2697e+05
3.2536e+05
3.2371e+05
3.2204e+05
3.2034e+05
3.1862e+05
3.1689e+05
3.1515e+05
3.134e+05
3.1165e+05
3.0991e+05
3.0817e+05
3.0645e+05
3.0475e+05
3.0307e+05
3.0142e+05
2.9979e+05
2.9821e+05
2.9666e+05
2.9515e+05
2.9369e+05
2.9228e+05
2.9092e+05
2.8962e+05
2.8838e+05
2.872e+05
2.8609e+05
2.8504e+05
2.8406e+05
2.8315e+05
2.8231e+05
2.8155e+05
2.8087e+05
2.8026e+05
2.7974e+05
2.7929e+05
2.7892e+05
2.7863e+05
2.7843e+05
2.783e+05
2.7826e+05
2.783e+05
2.7842e+05
2.7862e+05
2.789e+05
2.7925e+05
2.7969e+05
2.802e+05
2.8078e+05
2.8144e+05
2.8217e+05
2.8296e+05
2.8383e+05
2.8476e+05
2.8575e+05
2.8679e+05
2.879e+05
2.8906e+05
2.9027e+05
2.9153e+05
2.9284e+05
2.9418e+05
2.9557e+05
2.9699e+05
2.9844e+05
2.9992e+05
3.0143e+05
3.0295e+05
3.045e+05
3.0605e+05
3.0762e+05
3.092e+05
3.1077e+05
3.1235e+05
3.1392e+05
3.1548e+05
3.1704e+05
3.1857e+05
3.2009e+05
3.2158e+05
3.2305e+05
3.2449e+05
3.259e+05
3.2727e+05
3.286e+05
3.2988e+05
3.3112e+05
3.3231e+05
3.3346e+05
3.3454e+05
3.3557e+05
3.3654e+05
3.3745e+05
3.3829e+05
3.3906e+05
3.3977e+05
3.4041e+05
3.4097e+05
3.4146e+05
3.4187e+05
3.4221e+05
3.4246e+05
3.4264e+05
3.4274e+05
3.4275e+05
3.4269e+05
3.4254e+05
3.423e+05
3.4199e+05
3.4159e+05
3.411e+05
3.4054e+05
3.3989e+05
3.3915e+05
3.3834e+05
3.3744e+05
3.3646e+05
3.354e+05
3.3427e+05
3.3305e+05
3.3176e+05
3.304e+05
3.2896e+05
3.2745e+05
3.2587e+05
3.2422e+05
3.225e+05
3.2072e+05
3.1888e+05
3.1698e+05
3.1501e+05
3.13e+05
3.1093e+05
3.088e+05
3.0663e+05
3.0442e+05
3.0216e+05
2.9985e+05
2.9751e+05
2.9514e+05
2.9273e+05
2.9029e+05
2.8782e+05
2.8532e+05
2.828e+05
2.8026e+05
2.7771e+05
2.7513e+05
2.7255e+05
2.6995e+05
2.6735e+05
2.6474e+05
2.6213e+05
2.5951e+05
2.569e+05
2.5429e+05
2.5169e+05
2.491e+05
2.4651e+05
2.4394e+05
2.4137e+05
2.3883e+05
2.363e+05
2.3379e+05
2.313e+05
2.2883e+05
2.2638e+05
2.2396e+05
2.2156e+05
2.1919e+05
2.1684e+05
2.1452e+05
2.1223e+05
2.0997e+05
2.0774e+05
2.0554e+05
2.0336e+05
2.0122e+05
1.9911e+05
1.9703e+05
1.9498e+05
1.9296e+05
1.9097e+05
1.89e+05
1.8707e+05
1.8517e+05
1.8329e+05
1.8144e+05
1.7961e+05
1.7782e+05
1.7604e+05
1.7429e+05
1.7256e+05
1.7085e+05
1.6916e+05
1.6749e+05
1.6584e+05
1.6421e+05
1.6258e+05
1.6097e+05
1.5938e+05
1.5779e+05
1.5621e+05
1.5463e+05
1.5307e+05
1.515e+05
1.4994e+05
1.4838e+05
1.4682e+05
1.4525e+05
1.4368e+05
1.421e+05
1.4052e+05
1.3893e+05
1.3732e+05
1.3571e+05
1.3408e+05
1.3244e+05
1.3078e+05
1.2911e+05
1.2741e+05
1.257e+05
1.2396e+05
1.2221e+05
1.2043e+05
1.1863e+05
1.1681e+05
1.1496e+05
1.1309e+05
1.1119e+05
1.0926e+05
1.0731e+05
1.0534e+05
1.0333e+05
1.013e+05
99249
97169
95064
92935
90781
88605
86406
84186
81946
79687
77411
75119
72812
70493
68164
65826
63481
61132
58782
56431
54084
51742
49409
47088
44780
42490
40221
37976
35757
33570
31416
29301
27226
25197
23217
21289
19418
17608
15862
14185
12580
11052
9604.6
8242.1
6968.5
5788
4704.7
3722.8
2846.2
2079.1
1425.5
889.53
475.05
186.05
26.422
0
110.57
361.84
757.46
1301
1995.9
2845.7
3853.6
5022.7
6356.4
7857.4
9528.8
11373
13393
15592
17971
20533
23280
26214
29337
32650
36156
39854
43748
47837
52122
56605
61286
66165
71242
76517
81991
87662
93531
99597
1.0586e+05
1.1231e+05
1.1896e+05
1.258e+05
1.3284e+05
1.4006e+05
1.4746e+05
1.5506e+05
1.6283e+05
1.7078e+05
1.7891e+05
1.8722e+05
1.9569e+05
2.0433e+05
2.1314e+05
2.2211e+05
2.3123e+05
2.4051e+05
2.4994e+05
2.5951e+05
2.6922e+05
2.7907e+05
2.8905e+05
2.9916e+05
3.0939e+05
3.1973e+05
3.3019e+05
3.4075e+05
3.5141e+05
3.6217e+05
3.7302e+05
3.8395e+05
3.9496e+05
4.0604e+05
4.1718e+05
4.2838e+05
4.3964e+05
4.5094e+05
4.6229e+05
4.7366e+05
4.8507e+05
4.9649e+05
5.0793e+05
5.1937e+05
5.3082e+05
5.4226e+05
5.5368e+05
5.6509e+05
5.7647e+05
5.8781e+05
5.9911e+05
6.1037e+05
6.2157e+05
6.3271e+05
6.4378e+05
6.5478e+05
6.6569e+05
6.7652e+05
6.8725e+05
6.9788e+05
7.084e+05
7.1881e+05
7.2909e+05
7.3925e+05
7.4928e+05
7.5916e+05
7.689e+05
7.7848e+05
7.8791e+05
7.9717e+05
8.0626e+05
8.1518e+05
8.2391e+05
8.3246e+05
8.4082e+05
8.4898e+05
8.5694e+05
8.6469e+05
8.7224e+05
8.7956e+05
8.8667e+05
8.9355e+05
9.002e+05
9.0662e+05
9.128e+05
9.1875e+05
9.2445e+05
9.299e+05
9.3511e+05
9.4006e+05
9.4475e+05
9.4919e+05
9.5337e+05
9.5729e+05
9.6094e+05
9.6432e+05
9.6744e+05
9.7029e+05
9.7287e+05
9.7517e+05
9.7721e+05
9.7897e+05
9.8045e+05
9.8167e+05
9.826e+05
9.8327e+05
9.8366e+05
9.8378e+05
9.8362e+05
9.8319e+05
9.825e+05
9.8153e+05
9.8029e+05
9.7879e+05
9.7702e+05
9.7499e+05
9.7269e+05
9.7014e+05
9.6733e+05
9.6427e+05
9.6095e+05
9.5739e+05
9.5358e+05
9.4953e+05
9.4524e+05
9.4072e+05
9.3596e+05
9.3097e+05
9.2576e+05
9.2033e+05
9.1469e+05
9.0883e+05
9.0276e+05
8.9649e+05
8.9002e+05
8.8336e+05
8.7651e+05
8.6948e+05
8.6226e+05
8.5488e+05
8.4732e+05
8.396e+05
8.3172e+05
8.2369e+05
8.1551e+05
8.0718e+05
7.9872e+05
7.9013e+05
7.8142e+05
7.7258e+05
7.6363e+05
7.5457e+05
7.4541e+05
7.3615e+05
7.2681e+05
7.1737e+05
7.0786e+05
6.9827e+05
6.8861e+05
6.789e+05
6.6912e+05
6.593e+05
6.4943e+05
6.3952e+05
6.2957e+05
6.196e+05
6.0961e+05
5.9959e+05
5.8957e+05
5.7954e+05
5.6951e+05
5.5949e+05
5.4947e+05
5.3948e+05
5.295e+05
5.1954e+05
5.0962e+05
4.9973e+05
4.8988e+05
4.8007e+05
4.7032e+05
4.6062e+05
4.5097e+05
4.4139e+05
4.3188e+05
4.2243e+05
4.1306e+05
4.0377e+05
3.9457e+05
3.8544e+05
3.7641e+05
3.6747e+05
3.5863e+05
3.4989e+05
3.4125e+05
3.3272e+05
3.2429e+05
3.1598e+05
3.0778e+05
2.997e+05
2.9174e+05
2.839e+05
2.7618e+05
2.6859e+05
2.6112e+05
2.5378e+05
2.4658e+05
2.3951e+05
2.3257e+05
2.2576e+05
2.1909e+05
2.1256e+05
2.0617e+05
1.9991e+05
1.938e+05
1.8782e+05
1.8199e+05
1.7629e+05
1.7074e+05
1.6533e+05
1.6006e+05
1.5493e+05
1.4994e+05
1.4509e+05
1.4038e+05
1.358e+05
1.3137e+05
1.2708e+05
1.2292e+05
1.189e+05
1.1501e+05
1.1125e+05
1.0763e+05
1.0414e+05
1.0078e+05
97552
94447
91468
88612
85878
83264
80768
78388
76123
73970
71927
69991
68162
66436
64811
63285
61855
60520
59276
58122
57054
56071
55170
54348
53602
52931
52332
51802
51338
50939
50601
50321
50099
49930
49812
49743
49721
49742
49805
49907
50045
50218
50423
50657
50918
51205
51514
51844
52192
52557
52937
53328
53730
54141
54558
54980
55405
55831
56257
56681
57101
57516
57925
58325
58716
59096
59464
59819
60160
60486
60794
61086
61359
61613
61846
62059
62251
62420
62566
62689
62788
62862
62912
62937
62936
62910
62858
62779
62675
62544
62388
62205
61995
61760
61499
61212
60900
60563
60200
59813
59402
58967
58508
58027
57523
56997
56450
55882
55293
