6.2648e+05
6.2688e+05
6.2717e+05
6.2736e+05
6.2745e+05
6.2742e+05
6.273e+05
6.2707e+05
6.2675e+05
6.2632e+05
6.2579e+05
6.2517e+05
6.2445e+05
6.2364e+05
6.2273e+05
6.2174e+05
6.2065e+05
6.1948e+05
6.1822e+05
6.1687e+05
6.1544e+05
6.1393e+05
6.1234e+05
6.1068e+05
6.0893e+05
6.0712e+05
6.0523e+05
6.0327e+05
6.0124e+05
5.9914e+05
5.9698e+05
5.9476e+05
5.9248e+05
5.9013e+05
5.8773e+05
5.8528e+05
5.8277e+05
5.8021e+05
5.776e+05
5.7494e+05
5.7224e+05
5.695e+05
5.6671e+05
5.6388e+05
5.6102e+05
5.5812e+05
5.5518e+05
5.5222e+05
5.4922e+05
5.462e+05
5.4315e+05
5.4007e+05
5.3697e+05
5.3385e+05
5.3071e+05
5.2756e+05
5.2439e+05
5.212e+05
5.18e+05
5.1479e+05
5.1158e+05
5.0835e+05
5.0512e+05
5.0189e+05
4.9865e+05
4.9541e+05
4.9217e+05
4.8893e+05
4.8569e+05
4.8246e+05
4.7924e+05
4.7602e+05
4.7281e+05
4.6961e+05
4.6642e+05
4.6324e+05
4.6007e+05
4.5692e+05
4.5378e+05
4.5066e+05
4.4756e+05
4.4447e+05
4.414e+05
4.3835e+05
4.3533e+05
4.3232e+05
4.2933e+05
4.2637e+05
4.2343e+05
4.2051e+05
4.1762e+05
4.1475e+05
4.1191e+05
4.0909e+05
4.063e+05
4.0354e+05
4.008e+05
3.9809e+05
3.9541e+05
3.9275e+05
3.9013e+05
3.8753e+05
3.8496e+05
3.8241e+05
3.799e+05
3.7741e+05
3.7496e+05
3.7253e+05
3.7013e+05
3.6776e+05
3.6541e+05
3.6309e+05
3.6081e+05
3.5854e+05
3.5631e+05
3.541e+05
3.5192e+05
3.4977e+05
3.4764e+05
3.4554e+05
3.4346e+05
3.4141e+05
3.3938e+05
3.3737e+05
3.3539e+05
3.3343e+05
3.3149e+05
3.2958e+05
3.2769e+05
3.2581e+05
3.2396e+05
3.2213e+05
3.2031e+05
3.1852e+05
3.1674e+05
3.1497e+05
3.1323e+05
3.115e+05
3.0978e+05
3.0808e+05
3.0639e+05
3.0472e+05
3.0305e+05
3.014e+05
2.9976e+05
2.9813e+05
2.9651e+05
2.9489e+05
2.9329e+05
2.9169e+05
2.901e+05
2.8851e+05
2.8693e+05
2.8535e+05
2.8378e+05
2.8221e+05
2.8064e+05
2.7908e+05
2.7751e+05
2.7595e+05
2.7438e+05
2.7282e+05
2.7125e+05
2.6968e+05
2.6811e+05
2.6654e+05
2.6496e+05
2.6338e+05
2.6179e+05
2.602e+05
2.586e+05
2.5699e+05
2.5538e+05
2.5377e+05
2.5214e+05
2.5051e+05
2.4887e+05
2.4722e+05
2.4557e+05
2.439e+05
2.4223e+05
2.4054e+05
2.3885e+05
2.3715e+05
2.3543e+05
2.3371e+05
2.3198e+05
2.3023e+05
2.2848e+05
2.2672e+05
2.2494e+05
2.2316e+05
2.2137e+05
2.1956e+05
2.1775e+05
2.1593e+05
2.1409e+05
2.1225e+05
2.104e+05
2.0854e+05
2.0667e+05
2.0479e+05
2.0291e+05
2.0102e+05
1.9912e+05
1.9721e+05
1.953e+05
1.9338e+05
1.9146e+05
1.8953e+05
1.876e+05
1.8566e+05
1.8373e+05
1.8179e+05
1.7984e+05
1.779e+05
1.7596e+05
1.7401e+05
1.7207e+05
1.7013e+05
1.682e+05
1.6627e+05
1.6434e+05
1.6241e+05
1.605e+05
1.5859e+05
1.5669e+05
1.548e+05
1.5292e+05
1.5105e+05
1.4919e+05
1.4735e+05
1.4552e+05
1.437e+05
1.419e+05
1.4012e+05
1.3836e+05
1.3662e+05
1.349e+05
1.332e+05
1.3153e+05
1.2988e+05
1.2825e+05
1.2665e+05
1.2508e+05
1.2354e+05
1.2203e+05
1.2056e+05
1.1911e+05
1.177e+05
1.1632e+05
1.1499e+05
1.1368e+05
1.1242e+05
1.112e+05
1.1002e+05
1.0889e+05
1.0779e+05
1.0675e+05
1.0575e+05
1.048e+05
1.0389e+05
1.0304e+05
1.0224e+05
1.0149e+05
1.008e+05
1.0016e+05
99579
99055
98590
98184
97839
97557
97338
97184
97095
97072
97117
97231
97415
97669
97994
98393
98864
99410
1.0003e+05
1.0073e+05
1.015e+05
1.0236e+05
1.0329e+05
1.043e+05
1.0539e+05
1.0656e+05
1.0781e+05
1.0914e+05
1.1056e+05
1.1206e+05
1.1364e+05
1.1531e+05
1.1706e+05
1.189e+05
1.2083e+05
1.2284e+05
1.2493e+05
1.2712e+05
1.2939e+05
1.3175e+05
1.3419e+05
1.3672e+05
1.3935e+05
1.4205e+05
1.4485e+05
1.4774e+05
1.5071e+05
1.5377e+05
1.5693e+05
1.6016e+05
1.6349e+05
1.669e+05
1.7041e+05
1.74e+05
1.7767e+05
1.8144e+05
1.8529e+05
1.8922e+05
1.9324e+05
1.9735e+05
2.0154e+05
2.0582e+05
2.1018e+05
2.1462e+05
2.1915e+05
2.2375e+05
2.2844e+05
2.3321e+05
2.3806e+05
2.4298e+05
2.4799e+05
2.5307e+05
2.5822e+05
2.6346e+05
2.6876e+05
2.7414e+05
2.7959e+05
2.8511e+05
2.9071e+05
2.9637e+05
3.0209e+05
3.0789e+05
3.1375e+05
3.1967e+05
3.2566e+05
3.317e+05
3.3781e+05
3.4397e+05
3.5019e+05
3.5647e+05
3.628e+05
3.6918e+05
3.7561e+05
3.8209e+05
3.8862e+05
3.952e+05
4.0182e+05
4.0848e+05
4.1519e+05
4.2193e+05
4.2871e+05
4.3553e+05
4.4238e+05
4.4926e+05
4.5618e+05
4.6312e+05
4.7009e+05
4.7708e+05
4.841e+05
4.9114e+05
4.982e+05
5.0527e+05
5.1237e+05
5.1947e+05
5.2659e+05
5.3371e+05
5.4085e+05
5.4799e+05
5.5513e+05
5.6227e+05
5.6942e+05
5.7656e+05
5.837e+05
5.9083e+05
5.9796e+05
6.0507e+05
6.1217e+05
6.1926e+05
6.2633e+05
6.3338e+05
6.4041e+05
6.4742e+05
6.5441e+05
6.6137e+05
6.683e+05
6.752e+05
6.8206e+05
6.889e+05
6.9569e+05
7.0245e+05
7.0917e+05
7.1585e+05
7.2248e+05
7.2906e+05
7.356e+05
7.4209e+05
7.4853e+05
7.5491e+05
7.6124e+05
7.6751e+05
7.7372e+05
7.7987e+05
7.8595e+05
7.9198e+05
7.9793e+05
8.0382e+05
8.0964e+05
8.1538e+05
8.2106e+05
8.2666e+05
8.3218e+05
8.3763e+05
8.4299e+05
8.4828e+05
8.5348e+05
8.586e+05
8.6363e+05
8.6857e+05
8.7343e+05
8.782e+05
8.8288e+05
8.8746e+05
8.9195e+05
8.9634e+05
9.0064e+05
9.0484e+05
9.0895e+05
9.1295e+05
9.1685e+05
9.2065e+05
9.2435e+05
9.2794e+05
9.3143e+05
9.3481e+05
9.3809e+05
9.4126e+05
9.4431e+05
9.4726e+05
9.501e+05
9.5283e+05
9.5545e+05
9.5795e+05
9.6034e+05
9.6262e+05
9.6478e+05
9.6683e+05
9.6877e+05
9.7058e+05
9.7229e+05
9.7387e+05
9.7534e+05
9.7669e+05
9.7793e+05
9.7904e+05
9.8004e+05
9.8092e+05
9.8169e+05
9.8233e+05
9.8286e+05
9.8326e+05
9.8355e+05
9.8372e+05
9.8378e+05
9.8371e+05
9.8353e+05
9.8323e+05
9.8281e+05
9.8227e+05
9.8162e+05
9.8085e+05
9.7997e+05
9.7897e+05
9.7785e+05
9.7662e+05
9.7527e+05
9.7381e+05
9.7224e+05
9.7055e+05
9.6875e+05
9.6684e+05
9.6482e+05
9.6269e+05
9.6045e+05
9.581e+05
9.5564e+05
9.5308e+05
9.5041e+05
9.4764e+05
9.4476e+05
9.4177e+05
9.3869e+05
9.355e+05
9.3222e+05
9.2883e+05
9.2535e+05
9.2177e+05
9.1809e+05
9.1432e+05
9.1045e+05
9.0649e+05
9.0245e+05
8.9831e+05
8.9408e+05
8.8976e+05
8.8536e+05
8.8088e+05
8.7631e+05
8.7166e+05
8.6692e+05
8.6211e+05
8.5722e+05
8.5226e+05
8.4722e+05
8.421e+05
8.3692e+05
8.3166e+05
8.2633e+05
8.2094e+05
8.1548e+05
8.0996e+05
8.0437e+05
7.9872e+05
7.9301e+05
7.8725e+05
7.8142e+05
7.7554e+05
7.6961e+05
7.6363e+05
7.5759e+05
7.5151e+05
7.4538e+05
7.3921e+05
7.3299e+05
7.2673e+05
7.2042e+05
7.1408e+05
7.0771e+05
7.0129e+05
6.9485e+05
6.8837e+05
6.8186e+05
6.7532e+05
6.6875e+05
6.6216e+05
6.5554e+05
6.489e+05
6.4224e+05
6.3556e+05
6.2886e+05
6.2215e+05
6.1542e+05
6.0868e+05
6.0193e+05
5.9517e+05
5.884e+05
5.8162e+05
5.7484e+05
5.6805e+05
5.6126e+05
5.5448e+05
5.4769e+05
5.4091e+05
5.3412e+05
5.2735e+05
5.2058e+05
5.1382e+05
5.0707e+05
5.0033e+05
4.9361e+05
4.8689e+05
4.802e+05
4.7351e+05
4.6685e+05
4.6021e+05
4.5359e+05
4.4699e+05
4.4041e+05
4.3386e+05
4.2733e+05
4.2083e+05
4.1436e+05
4.0791e+05
4.015e+05
3.9512e+05
3.8877e+05
3.8245e+05
3.7617e+05
3.6993e+05
3.6372e+05
3.5755e+05
3.5142e+05
3.4533e+05
3.3928e+05
3.3328e+05
3.2731e+05
3.2139e+05
3.1551e+05
3.0968e+05
3.039e+05
2.9816e+05
2.9247e+05
2.8682e+05
2.8123e+05
2.7569e+05
2.702e+05
2.6475e+05
2.5936e+05
2.5403e+05
2.4874e+05
2.4351e+05
2.3834e+05
2.3322e+05
2.2815e+05
2.2314e+05
2.1819e+05
2.1329e+05
2.0845e+05
2.0367e+05
1.9894e+05
1.9428e+05
1.8967e+05
1.8512e+05
1.8063e+05
1.762e+05
1.7183e+05
1.6751e+05
1.6326e+05
1.5907e+05
1.5494e+05
1.5087e+05
1.4686e+05
1.4291e+05
1.3902e+05
1.3519e+05
1.3143e+05
1.2772e+05
1.2408e+05
1.2049e+05
1.1697e+05
1.135e+05
1.101e+05
1.0676e+05
1.0348e+05
1.0025e+05
97092
93990
90947
87964
85040
82175
79369
76621
73931
71299
68725
66207
63747
61342
58994
56701
54463
52280
50152
48077
46056
44087
42171
40307
38495
36733
35022
33360
31748
30184
28669
27201
25780
24406
23077
21794
20555
19360
18209
17100
16033
15008
14023
13079
12173
11307
10479
9688.5
8934.6
8216.9
7534.6
6887
6273.6
5693.5
5146.1
4630.8
4146.8
3693.5
3270.1
2876
2510.6
2173
1862.7
1578.9
1321
1088.3
880.15
695.83
534.68
396.04
279.25
183.65
108.57
53.373
17.396
0
0.54317
18.39
52.91
103.48
169.47
