4.8537e+05
4.8939e+05
4.9326e+05
4.9697e+05
5.0054e+05
5.0395e+05
5.0721e+05
5.1031e+05
5.1326e+05
5.1605e+05
5.1869e+05
5.2117e+05
5.235e+05
5.2567e+05
5.2769e+05
5.2955e+05
5.3127e+05
5.3283e+05
5.3424e+05
5.355e+05
5.3661e+05
5.3758e+05
5.384e+05
5.3908e+05
5.3961e+05
5.4001e+05
5.4027e+05
5.4039e+05
5.4038e+05
5.4024e+05
5.3997e+05
5.3957e+05
5.3906e+05
5.3841e+05
5.3766e+05
5.3678e+05
5.3579e+05
5.347e+05
5.335e+05
5.3219e+05
5.3078e+05
5.2928e+05
5.2768e+05
5.26e+05
5.2422e+05
5.2237e+05
5.2043e+05
5.1841e+05
5.1633e+05
5.1417e+05
5.1195e+05
5.0967e+05
5.0732e+05
5.0493e+05
5.0248e+05
4.9999e+05
4.9745e+05
4.9487e+05
4.9226e+05
4.8962e+05
4.8695e+05
4.8425e+05
4.8154e+05
4.7881e+05
4.7606e+05
4.7331e+05
4.7055e+05
4.678e+05
4.6504e+05
4.6229e+05
4.5955e+05
4.5683e+05
4.5412e+05
4.5143e+05
4.4877e+05
4.4614e+05
4.4353e+05
4.4097e+05
4.3844e+05
4.3595e+05
4.3351e+05
4.3112e+05
4.2878e+05
4.2649e+05
4.2426e+05
4.2209e+05
4.1998e+05
4.1794e+05
4.1597e+05
4.1407e+05
4.1224e+05
4.1049e+05
4.0882e+05
4.0722e+05
4.0571e+05
4.0429e+05
4.0295e+05
4.0169e+05
4.0053e+05
3.9946e+05
3.9848e+05
3.9759e+05
3.968e+05
3.961e+05
3.9551e+05
3.95e+05
3.946e+05
3.943e+05
3.9409e+05
3.9398e+05
3.9397e+05
3.9407e+05
3.9426e+05
3.9455e+05
3.9493e+05
3.9542e+05
3.96e+05
3.9668e+05
3.9745e+05
3.9832e+05
3.9929e+05
4.0034e+05
4.0148e+05
4.0272e+05
4.0404e+05
4.0544e+05
4.0693e+05
4.085e+05
4.1015e+05
4.1188e+05
4.1368e+05
4.1555e+05
4.1749e+05
4.195e+05
4.2157e+05
4.2371e+05
4.259e+05
4.2815e+05
4.3045e+05
4.328e+05
4.3519e+05
4.3763e+05
4.401e+05
4.4261e+05
4.4516e+05
4.4773e+05
4.5032e+05
4.5294e+05
4.5557e+05
4.5822e+05
4.6087e+05
4.6354e+05
4.662e+05
4.6886e+05
4.7152e+05
4.7417e+05
4.768e+05
4.7942e+05
4.8202e+05
4.8459e+05
4.8713e+05
4.8964e+05
4.9211e+05
4.9455e+05
4.9694e+05
4.9928e+05
5.0157e+05
5.0381e+05
5.0598e+05
5.081e+05
5.1015e+05
5.1213e+05
5.1405e+05
5.1588e+05
5.1764e+05
5.1931e+05
5.2091e+05
5.2241e+05
5.2382e+05
5.2515e+05
5.2637e+05
5.275e+05
5.2852e+05
5.2945e+05
5.3027e+05
5.3098e+05
5.3158e+05
5.3207e+05
5.3244e+05
5.327e+05
5.3285e+05
5.3287e+05
5.3278e+05
5.3257e+05
5.3223e+05
5.3177e+05
5.3118e+05
5.3047e+05
5.2964e+05
5.2867e+05
5.2759e+05
5.2637e+05
5.2503e+05
5.2356e+05
5.2196e+05
5.2023e+05
5.1838e+05
5.164e+05
5.1429e+05
5.1206e+05
5.0971e+05
5.0723e+05
5.0463e+05
5.019e+05
4.9905e+05
4.9609e+05
4.9301e+05
4.8981e+05
4.8649e+05
4.8306e+05
4.7952e+05
4.7587e+05
4.7212e+05
4.6825e+05
4.6429e+05
4.6022e+05
4.5606e+05
4.518e+05
4.4745e+05
4.43e+05
4.3847e+05
4.3385e+05
4.2915e+05
4.2437e+05
4.1952e+05
4.1459e+05
4.096e+05
4.0453e+05
3.9941e+05
3.9422e+05
3.8898e+05
3.8368e+05
3.7834e+05
3.7295e+05
3.6751e+05
3.6204e+05
3.5654e+05
3.51e+05
3.4544e+05
3.3985e+05
3.3425e+05
3.2863e+05
3.23e+05
3.1736e+05
3.1172e+05
3.0608e+05
3.0044e+05
2.9482e+05
2.892e+05
2.8361e+05
2.7803e+05
2.7248e+05
2.6696e+05
2.6147e+05
2.5602e+05
2.5061e+05
2.4524e+05
2.3992e+05
2.3466e+05
2.2946e+05
2.2431e+05
2.1923e+05
2.1422e+05
2.0929e+05
2.0443e+05
1.9965e+05
1.9495e+05
1.9034e+05
1.8583e+05
1.8141e+05
1.7709e+05
1.7287e+05
1.6875e+05
1.6475e+05
1.6086e+05
1.5708e+05
1.5342e+05
1.4989e+05
1.4648e+05
1.432e+05
1.4005e+05
1.3704e+05
1.3416e+05
1.3142e+05
1.2883e+05
1.2638e+05
1.2408e+05
1.2193e+05
1.1993e+05
1.1808e+05
1.164e+05
1.1487e+05
1.135e+05
1.1229e+05
1.1125e+05
1.1038e+05
1.0967e+05
1.0913e+05
1.0877e+05
1.0857e+05
1.0855e+05
1.087e+05
1.0903e+05
1.0954e+05
1.1022e+05
1.1108e+05
1.1211e+05
1.1333e+05
1.1472e+05
1.163e+05
1.1805e+05
1.1998e+05
1.2209e+05
1.2438e+05
1.2685e+05
1.295e+05
1.3232e+05
1.3532e+05
1.385e+05
1.4186e+05
1.4539e+05
1.4909e+05
1.5296e+05
1.5701e+05
1.6123e+05
1.6561e+05
1.7016e+05
1.7488e+05
1.7976e+05
1.848e+05
1.9e+05
1.9536e+05
2.0087e+05
2.0654e+05
2.1235e+05
2.1832e+05
2.2443e+05
2.3068e+05
2.3708e+05
2.4361e+05
2.5028e+05
2.5708e+05
2.64e+05
2.7106e+05
2.7823e+05
2.8553e+05
2.9294e+05
3.0046e+05
3.081e+05
3.1584e+05
3.2368e+05
3.3162e+05
3.3965e+05
3.4778e+05
3.5599e+05
3.6429e+05
3.7267e+05
3.8112e+05
3.8965e+05
3.9824e+05
4.069e+05
4.1561e+05
4.2439e+05
4.3321e+05
4.4208e+05
4.51e+05
4.5996e+05
4.6895e+05
4.7797e+05
4.8702e+05
4.9609e+05
5.0518e+05
5.1428e+05
5.234e+05
5.3252e+05
5.4164e+05
5.5076e+05
5.5988e+05
5.6898e+05
5.7807e+05
5.8714e+05
5.9618e+05
6.052e+05
6.1419e+05
6.2314e+05
6.3206e+05
6.4093e+05
6.4976e+05
6.5853e+05
6.6725e+05
6.7591e+05
6.8451e+05
6.9304e+05
7.0151e+05
7.099e+05
7.1821e+05
7.2645e+05
7.346e+05
7.4267e+05
7.5064e+05
7.5852e+05
7.6631e+05
7.74e+05
7.8158e+05
7.8906e+05
7.9643e+05
8.0368e+05
8.1083e+05
8.1786e+05
8.2476e+05
8.3155e+05
8.3821e+05
8.4474e+05
8.5115e+05
8.5742e+05
8.6356e+05
8.6956e+05
8.7543e+05
8.8115e+05
8.8674e+05
8.9218e+05
8.9747e+05
9.0262e+05
9.0762e+05
9.1246e+05
9.1716e+05
9.2171e+05
9.2609e+05
9.3033e+05
9.3441e+05
9.3833e+05
9.4209e+05
9.4569e+05
9.4913e+05
9.5241e+05
9.5553e+05
9.5849e+05
9.6129e+05
9.6392e+05
9.6639e+05
9.6869e+05
9.7083e+05
9.7281e+05
9.7462e+05
9.7627e+05
9.7775e+05
9.7908e+05
9.8023e+05
9.8123e+05
9.8206e+05
9.8272e+05
9.8323e+05
9.8357e+05
9.8375e+05
9.8378e+05
9.8364e+05
9.8334e+05
9.8289e+05
9.8228e+05
9.8151e+05
9.8059e+05
9.7951e+05
9.7828e+05
9.769e+05
9.7536e+05
9.7368e+05
9.7185e+05
9.6987e+05
9.6775e+05
9.6548e+05
9.6307e+05
9.6052e+05
9.5784e+05
9.5501e+05
9.5205e+05
9.4895e+05
9.4572e+05
9.4236e+05
9.3887e+05
9.3525e+05
9.3151e+05
9.2765e+05
9.2366e+05
9.1956e+05
9.1534e+05
9.11e+05
9.0655e+05
9.0198e+05
8.9731e+05
8.9253e+05
8.8765e+05
8.8266e+05
8.7758e+05
8.7239e+05
8.6711e+05
8.6174e+05
8.5627e+05
8.5072e+05
8.4508e+05
8.3935e+05
8.3354e+05
8.2765e+05
8.2169e+05
8.1564e+05
8.0953e+05
8.0334e+05
7.9709e+05
7.9077e+05
7.8439e+05
7.7794e+05
7.7144e+05
7.6488e+05
7.5826e+05
7.516e+05
7.4488e+05
7.3812e+05
7.3131e+05
7.2446e+05
7.1757e+05
7.1064e+05
7.0368e+05
6.9669e+05
6.8966e+05
6.826e+05
6.7552e+05
6.6842e+05
6.6129e+05
6.5414e+05
6.4698e+05
6.398e+05
6.3261e+05
6.254e+05
6.1819e+05
6.1097e+05
6.0375e+05
5.9652e+05
5.893e+05
5.8207e+05
5.7485e+05
5.6763e+05
5.6043e+05
5.5323e+05
5.4604e+05
5.3886e+05
5.3171e+05
5.2456e+05
5.1744e+05
5.1033e+05
5.0325e+05
4.9619e+05
4.8916e+05
4.8215e+05
4.7518e+05
4.6823e+05
4.6131e+05
4.5443e+05
4.4758e+05
4.4077e+05
4.3399e+05
4.2726e+05
4.2056e+05
4.1391e+05
4.0729e+05
4.0072e+05
3.942e+05
3.8772e+05
3.8129e+05
3.7491e+05
3.6857e+05
3.6229e+05
3.5605e+05
3.4987e+05
3.4374e+05
3.3767e+05
3.3165e+05
3.2569e+05
3.1978e+05
3.1392e+05
3.0813e+05
3.0239e+05
2.9671e+05
2.911e+05
2.8554e+05
2.8004e+05
2.746e+05
2.6922e+05
2.6391e+05
2.5865e+05
2.5346e+05
2.4833e+05
2.4326e+05
2.3826e+05
2.3332e+05
2.2844e+05
2.2363e+05
2.1888e+05
2.1419e+05
2.0957e+05
2.0501e+05
2.0051e+05
1.9608e+05
1.9172e+05
1.8741e+05
1.8317e+05
1.79e+05
1.7488e+05
1.7083e+05
1.6685e+05
1.6292e+05
1.5906e+05
1.5526e+05
1.5152e+05
1.4785e+05
1.4424e+05
1.4068e+05
1.3719e+05
1.3376e+05
1.3039e+05
1.2708e+05
1.2383e+05
1.2064e+05
1.175e+05
1.1443e+05
1.1141e+05
1.0845e+05
1.0554e+05
1.027e+05
99903
97166
94484
91856
89282
86761
84292
81876
79511
77196
74932
72718
70553
68436
66368
64346
62371
60443
58560
56721
54927
53176
51469
49804
48180
46597
45055
43553
42090
40665
39278
37929
36616
35339
34097
32890
31717
30578
29471
28396
27353
26341
25359
24407
23483
22588
21721
20881
20068
19280
18518
17781
17067
16378
15711
15066
14444
13842
13261
12701
12159
11637
11133
10647
10178
9725.4
9289.3
8868.9
8463.6
8072.8
7696.2
7333.1
6983.1
6645.6
6320.2
6006.4
5703.7
5411.6
5129.7
4857.5
4594.5
4340.3
4094.5
3856.6
3626.2
3402.9
3186.3
2975.9
2771.3
2572.3
2378.3
2189
2004.1
1823.1
1645.8
1471.8
1300.7
1132.2
965.99
801.78
639.24
478.09
318.01
158.74
0
