83413
87019
90637
94263
97894
1.0153e+05
1.0515e+05
1.0877e+05
1.1238e+05
1.1597e+05
1.1955e+05
1.231e+05
1.2662e+05
1.3011e+05
1.3357e+05
1.3699e+05
1.4037e+05
1.437e+05
1.4698e+05
1.5022e+05
1.5339e+05
1.5651e+05
1.5957e+05
1.6257e+05
1.655e+05
1.6836e+05
1.7115e+05
1.7387e+05
1.7651e+05
1.7908e+05
1.8156e+05
1.8397e+05
1.8629e+05
1.8853e+05
1.9069e+05
1.9276e+05
1.9474e+05
1.9663e+05
1.9844e+05
2.0016e+05
2.0179e+05
2.0333e+05
2.0478e+05
2.0614e+05
2.0741e+05
2.086e+05
2.097e+05
2.1071e+05
2.1163e+05
2.1247e+05
2.1323e+05
2.139e+05
2.145e+05
2.1501e+05
2.1545e+05
2.1581e+05
2.1609e+05
2.1631e+05
2.1645e+05
2.1653e+05
2.1654e+05
2.1649e+05
2.1638e+05
2.1621e+05
2.1599e+05
2.1571e+05
2.1538e+05
2.1501e+05
2.1459e+05
2.1413e+05
2.1363e+05
2.131e+05
2.1254e+05
2.1194e+05
2.1133e+05
2.1068e+05
2.1002e+05
2.0934e+05
2.0865e+05
2.0794e+05
2.0723e+05
2.0651e+05
2.0579e+05
2.0507e+05
2.0436e+05
2.0365e+05
2.0295e+05
2.0226e+05
2.0158e+05
2.0093e+05
2.0029e+05
1.9967e+05
1.9908e+05
1.9852e+05
1.9798e+05
1.9747e+05
1.97e+05
1.9656e+05
1.9616e+05
1.9579e+05
1.9546e+05
1.9517e+05
1.9493e+05
1.9473e+05
1.9457e+05
1.9445e+05
1.9438e+05
1.9436e+05
1.9439e+05
1.9446e+05
1.9458e+05
1.9475e+05
1.9496e+05
1.9523e+05
1.9554e+05
1.959e+05
1.963e+05
1.9676e+05
1.9725e+05
1.978e+05
1.9839e+05
1.9902e+05
1.9969e+05
2.0041e+05
2.0117e+05
2.0196e+05
2.028e+05
2.0367e+05
2.0457e+05
2.055e+05
2.0647e+05
2.0747e+05
2.0849e+05
2.0954e+05
2.1061e+05
2.1171e+05
2.1282e+05
2.1395e+05
2.151e+05
2.1625e+05
2.1742e+05
2.186e+05
2.1978e+05
2.2097e+05
2.2215e+05
2.2334e+05
2.2452e+05
2.257e+05
2.2686e+05
2.2802e+05
2.2916e+05
2.3029e+05
2.3141e+05
2.325e+05
2.3357e+05
2.3461e+05
2.3563e+05
2.3662e+05
2.3759e+05
2.3851e+05
2.3941e+05
2.4027e+05
2.4109e+05
2.4187e+05
2.4261e+05
2.4331e+05
2.4396e+05
2.4457e+05
2.4513e+05
2.4564e+05
2.461e+05
2.4651e+05
2.4687e+05
2.4717e+05
2.4742e+05
2.4762e+05
2.4776e+05
2.4785e+05
2.4788e+05
2.4785e+05
2.4777e+05
2.4763e+05
2.4743e+05
2.4718e+05
2.4687e+05
2.465e+05
2.4607e+05
2.4559e+05
2.4505e+05
2.4445e+05
2.438e+05
2.431e+05
2.4234e+05
2.4153e+05
2.4066e+05
2.3975e+05
2.3878e+05
2.3777e+05
2.3671e+05
2.356e+05
2.3444e+05
2.3324e+05
2.32e+05
2.3072e+05
2.294e+05
2.2803e+05
2.2663e+05
2.252e+05
2.2373e+05
2.2223e+05
2.207e+05
2.1914e+05
2.1755e+05
2.1593e+05
2.143e+05
2.1263e+05
2.1095e+05
2.0925e+05
2.0754e+05
2.058e+05
2.0405e+05
2.0229e+05
2.0052e+05
1.9874e+05
1.9696e+05
1.9516e+05
1.9336e+05
1.9156e+05
1.8976e+05
1.8796e+05
1.8615e+05
1.8435e+05
1.8256e+05
1.8076e+05
1.7898e+05
1.772e+05
1.7543e+05
1.7367e+05
1.7191e+05
1.7017e+05
1.6844e+05
1.6672e+05
1.6502e+05
1.6333e+05
1.6165e+05
1.5999e+05
1.5834e+05
1.5671e+05
1.5509e+05
1.5349e+05
1.519e+05
1.5033e+05
1.4878e+05
1.4724e+05
1.4572e+05
1.4421e+05
1.4272e+05
1.4124e+05
1.3978e+05
1.3833e+05
1.3689e+05
1.3547e+05
1.3406e+05
1.3267e+05
1.3128e+05
1.2991e+05
1.2854e+05
1.2719e+05
1.2584e+05
1.245e+05
1.2317e+05
1.2184e+05
1.2051e+05
1.1919e+05
1.1788e+05
1.1656e+05
1.1525e+05
1.1393e+05
1.1261e+05
1.1129e+05
1.0997e+05
1.0865e+05
1.0731e+05
1.0598e+05
1.0463e+05
1.0328e+05
1.0192e+05
1.0054e+05
99161
97767
96360
94940
93506
92058
90596
89117
87623
86113
84586
83042
81481
79902
78307
76694
75064
73418
71754
70075
68379
66669
64943
63204
61452
59688
57912
56126
54332
52530
50722
48909
47093
45276
43460
41645
39835
38031
36235
34451
32679
30922
29184
27466
25772
24103
22463
20854
19281
17744
16249
14797
13392
12038
10737
9493.4
8309.9
7190
6137.4
5155.4
4247.7
3417.6
2668.7
2004.7
1429
945.21
556.88
267.56
80.759
0
28.766
170.51
428.67
806.61
1307.7
1935.2
2692.3
3582.3
4608.3
5773.3
7080.2
8532.1
10132
11882
13785
15843
18060
20437
22977
25681
28553
31592
34803
38185
41741
45472
49378
53463
57725
62166
66787
71588
76570
81732
87075
92599
98303
1.0419e+05
1.1025e+05
1.1649e+05
1.2291e+05
1.2951e+05
1.3628e+05
1.4323e+05
1.5035e+05
1.5764e+05
1.6509e+05
1.7272e+05
1.8051e+05
1.8846e+05
1.9657e+05
2.0484e+05
2.1326e+05
2.2184e+05
2.3056e+05
2.3943e+05
2.4844e+05
2.5758e+05
2.6686e+05
2.7627e+05
2.8581e+05
2.9547e+05
3.0524e+05
3.1513e+05
3.2513e+05
3.3523e+05
3.4544e+05
3.5573e+05
3.6612e+05
3.7659e+05
3.8713e+05
3.9776e+05
4.0845e+05
4.192e+05
4.3001e+05
4.4088e+05
4.5178e+05
4.6273e+05
4.7372e+05
4.8473e+05
4.9576e+05
5.0681e+05
5.1787e+05
5.2893e+05
5.3999e+05
5.5105e+05
5.6208e+05
5.731e+05
5.8409e+05
5.9505e+05
6.0596e+05
6.1683e+05
6.2765e+05
6.3841e+05
6.4911e+05
6.5973e+05
6.7027e+05
6.8074e+05
6.9111e+05
7.0139e+05
7.1156e+05
7.2163e+05
7.3158e+05
7.4141e+05
7.5112e+05
7.6069e+05
7.7013e+05
7.7943e+05
7.8857e+05
7.9757e+05
8.064e+05
8.1507e+05
8.2357e+05
8.319e+05
8.4004e+05
8.48e+05
8.5578e+05
8.6336e+05
8.7074e+05
8.7791e+05
8.8489e+05
8.9165e+05
8.9819e+05
9.0452e+05
9.1063e+05
9.165e+05
9.2216e+05
9.2757e+05
9.3276e+05
9.377e+05
9.4241e+05
9.4687e+05
9.5108e+05
9.5505e+05
9.5877e+05
9.6223e+05
9.6544e+05
9.684e+05
9.711e+05
9.7354e+05
9.7572e+05
9.7764e+05
9.793e+05
9.807e+05
9.8184e+05
9.8272e+05
9.8333e+05
9.8368e+05
9.8378e+05
9.8361e+05
9.8318e+05
9.8249e+05
9.8154e+05
9.8034e+05
9.7888e+05
9.7717e+05
9.752e+05
9.7298e+05
9.7051e+05
9.678e+05
9.6484e+05
9.6164e+05
9.582e+05
9.5453e+05
9.5062e+05
9.4648e+05
9.4211e+05
9.3751e+05
9.327e+05
9.2767e+05
9.2242e+05
9.1696e+05
9.113e+05
9.0544e+05
8.9938e+05
8.9312e+05
8.8667e+05
8.8004e+05
8.7323e+05
8.6624e+05
8.5908e+05
8.5175e+05
8.4427e+05
8.3662e+05
8.2883e+05
8.2088e+05
8.128e+05
8.0457e+05
7.9622e+05
7.8774e+05
7.7914e+05
7.7042e+05
7.616e+05
7.5267e+05
7.4364e+05
7.3451e+05
7.253e+05
7.16e+05
7.0663e+05
6.9718e+05
6.8767e+05
6.7809e+05
6.6846e+05
6.5878e+05
6.4905e+05
6.3929e+05
6.2949e+05
6.1966e+05
6.098e+05
5.9993e+05
5.9004e+05
5.8015e+05
5.7025e+05
5.6035e+05
5.5046e+05
5.4058e+05
5.3072e+05
5.2088e+05
5.1106e+05
5.0128e+05
4.9153e+05
4.8181e+05
4.7215e+05
4.6252e+05
4.5296e+05
4.4344e+05
4.3399e+05
4.246e+05
4.1528e+05
4.0603e+05
3.9686e+05
3.8776e+05
3.7875e+05
3.6982e+05
3.6098e+05
3.5224e+05
3.4358e+05
3.3503e+05
3.2657e+05
3.1822e+05
3.0997e+05
3.0183e+05
2.938e+05
2.8588e+05
2.7808e+05
2.7039e+05
2.6282e+05
2.5537e+05
2.4804e+05
2.4083e+05
2.3375e+05
2.2679e+05
2.1996e+05
2.1325e+05
2.0668e+05
2.0023e+05
1.9391e+05
1.8773e+05
1.8167e+05
1.7575e+05
1.6995e+05
1.6429e+05
1.5876e+05
1.5336e+05
1.4809e+05
1.4296e+05
1.3795e+05
1.3308e+05
1.2833e+05
1.2372e+05
1.1923e+05
1.1487e+05
1.1063e+05
1.0653e+05
1.0254e+05
98685
94948
91333
87837
84459
81198
78052
75021
72101
69291
66590
63995
61506
59119
56833
54646
52555
50560
48657
46844
45120
43481
41927
40454
39061
37745
36503
35334
34235
33204
32238
31336
30495
29712
28986
28313
27693
27121
26598
26119
25683
25287
24930
24609
24322
24068
23843
23646
23476
23329
23205
23100
23014
22945
22890
22849
22818
22798
22786
22780
22779
22782
22788
22794
22799
22803
22804
22801
22793
22778
22756
22726
22687
22638
22577
22506
22421
22324
22213
22088
21948
21793
21622
21436
21232
21012
20775
20521
20250
19961
19654
19329
18987
18628
18250
17855
17443
17013
16567
16103
15623
15126
14613
14085
13541
12982
12409
11821
11219
