2.3942e+05
2.4278e+05
2.4614e+05
2.4951e+05
2.5287e+05
2.5623e+05
2.5958e+05
2.6293e+05
2.6627e+05
2.696e+05
2.7291e+05
2.7621e+05
2.795e+05
2.8276e+05
2.8601e+05
2.8924e+05
2.9245e+05
2.9563e+05
2.9878e+05
3.0191e+05
3.0501e+05
3.0808e+05
3.1112e+05
3.1413e+05
3.171e+05
3.2004e+05
3.2294e+05
3.2581e+05
3.2863e+05
3.3141e+05
3.3415e+05
3.3685e+05
3.3951e+05
3.4212e+05
3.4468e+05
3.472e+05
3.4966e+05
3.5208e+05
3.5445e+05
3.5677e+05
3.5903e+05
3.6124e+05
3.634e+05
3.6551e+05
3.6755e+05
3.6954e+05
3.7148e+05
3.7336e+05
3.7517e+05
3.7693e+05
3.7863e+05
3.8027e+05
3.8185e+05
3.8337e+05
3.8482e+05
3.8622e+05
3.8755e+05
3.8881e+05
3.9002e+05
3.9116e+05
3.9223e+05
3.9325e+05
3.9419e+05
3.9507e+05
3.9589e+05
3.9664e+05
3.9733e+05
3.9795e+05
3.9851e+05
3.99e+05
3.9942e+05
3.9978e+05
4.0007e+05
4.003e+05
4.0046e+05
4.0056e+05
4.0059e+05
4.0056e+05
4.0046e+05
4.003e+05
4.0008e+05
3.9979e+05
3.9944e+05
3.9902e+05
3.9855e+05
3.9801e+05
3.9741e+05
3.9674e+05
3.9602e+05
3.9524e+05
3.944e+05
3.935e+05
3.9254e+05
3.9153e+05
3.9045e+05
3.8933e+05
3.8814e+05
3.8691e+05
3.8562e+05
3.8427e+05
3.8288e+05
3.8143e+05
3.7994e+05
3.7839e+05
3.768e+05
3.7516e+05
3.7348e+05
3.7174e+05
3.6997e+05
3.6815e+05
3.663e+05
3.644e+05
3.6246e+05
3.6048e+05
3.5847e+05
3.5642e+05
3.5434e+05
3.5222e+05
3.5007e+05
3.4789e+05
3.4568e+05
3.4344e+05
3.4118e+05
3.3889e+05
3.3658e+05
3.3424e+05
3.3189e+05
3.2951e+05
3.2711e+05
3.247e+05
3.2227e+05
3.1983e+05
3.1737e+05
3.149e+05
3.1242e+05
3.0993e+05
3.0744e+05
3.0494e+05
3.0243e+05
2.9992e+05
2.9741e+05
2.949e+05
2.9239e+05
2.8988e+05
2.8738e+05
2.8488e+05
2.8238e+05
2.799e+05
2.7742e+05
2.7495e+05
2.7249e+05
2.7005e+05
2.6762e+05
2.652e+05
2.628e+05
2.6042e+05
2.5805e+05
2.5571e+05
2.5338e+05
2.5108e+05
2.488e+05
2.4654e+05
2.4431e+05
2.421e+05
2.3992e+05
2.3777e+05
2.3564e+05
2.3354e+05
2.3148e+05
2.2944e+05
2.2743e+05
2.2546e+05
2.2351e+05
2.216e+05
2.1972e+05
2.1788e+05
2.1607e+05
2.1429e+05
2.1255e+05
2.1084e+05
2.0917e+05
2.0753e+05
2.0593e+05
2.0437e+05
2.0284e+05
2.0135e+05
1.9989e+05
1.9847e+05
1.9708e+05
1.9573e+05
1.9441e+05
1.9313e+05
1.9189e+05
1.9067e+05
1.895e+05
1.8835e+05
1.8724e+05
1.8616e+05
1.8512e+05
1.841e+05
1.8312e+05
1.8217e+05
1.8124e+05
1.8035e+05
1.7948e+05
1.7864e+05
1.7782e+05
1.7703e+05
1.7627e+05
1.7553e+05
1.7481e+05
1.7411e+05
1.7343e+05
1.7278e+05
1.7214e+05
1.7151e+05
1.7091e+05
1.7031e+05
1.6973e+05
1.6917e+05
1.6861e+05
1.6807e+05
1.6753e+05
1.67e+05
1.6647e+05
1.6595e+05
1.6543e+05
1.6492e+05
1.644e+05
1.6389e+05
1.6337e+05
1.6284e+05
1.6232e+05
1.6178e+05
1.6124e+05
1.6069e+05
1.6013e+05
1.5956e+05
1.5898e+05
1.5838e+05
1.5776e+05
1.5713e+05
1.5648e+05
1.5581e+05
1.5512e+05
1.5441e+05
1.5368e+05
1.5293e+05
1.5214e+05
1.5134e+05
1.505e+05
1.4964e+05
1.4875e+05
1.4783e+05
1.4689e+05
1.459e+05
1.4489e+05
1.4385e+05
1.4277e+05
1.4166e+05
1.4051e+05
1.3933e+05
1.3811e+05
1.3686e+05
1.3557e+05
1.3425e+05
1.3289e+05
1.3149e+05
1.3005e+05
1.2858e+05
1.2708e+05
1.2553e+05
1.2395e+05
1.2233e+05
1.2068e+05
1.1899e+05
1.1726e+05
1.1551e+05
1.1371e+05
1.1189e+05
1.1003e+05
1.0813e+05
1.0621e+05
1.0426e+05
1.0227e+05
1.0026e+05
98221
96156
94066
91952
89816
87658
85482
83288
81077
78852
76614
74366
72108
69843
67573
65300
63025
60752
58482
56218
53962
51716
49482
47264
45063
42882
40724
38591
36485
34411
32369
30363
28396
26470
24589
22754
20969
19237
17560
15941
14384
12890
11464
10107
8822.5
7613.6
6482.9
5433.2
4467.4
3588.2
2798.4
2100.8
1498
992.79
587.78
285.59
88.816
0
21.647
156.22
406.12
773.72
1261.3
1871.2
2605.6
3466.5
4456.1
5576.5
6829.4
8216.9
9740.8
11403
13204
15147
17233
19463
21839
24361
27031
29851
32820
35941
39213
42638
46216
49947
53833
57873
62067
66417
70921
75579
80392
85359
90480
95754
1.0118e+05
1.0676e+05
1.1249e+05
1.1837e+05
1.244e+05
1.3058e+05
1.369e+05
1.4337e+05
1.4998e+05
1.5674e+05
1.6363e+05
1.7067e+05
1.7784e+05
1.8515e+05
1.9259e+05
2.0016e+05
2.0786e+05
2.1568e+05
2.2363e+05
2.317e+05
2.3989e+05
2.4819e+05
2.5661e+05
2.6513e+05
2.7377e+05
2.825e+05
2.9134e+05
3.0027e+05
3.093e+05
3.1842e+05
3.2762e+05
3.3691e+05
3.4628e+05
3.5572e+05
3.6523e+05
3.7481e+05
3.8446e+05
3.9416e+05
4.0392e+05
4.1374e+05
4.236e+05
4.335e+05
4.4344e+05
4.5342e+05
4.6342e+05
4.7345e+05
4.8351e+05
4.9358e+05
5.0366e+05
5.1375e+05
5.2384e+05
5.3393e+05
5.4401e+05
5.5408e+05
5.6414e+05
5.7418e+05
5.8419e+05
5.9417e+05
6.0412e+05
6.1403e+05
6.2389e+05
6.3371e+05
6.4347e+05
6.5318e+05
6.6282e+05
6.7239e+05
6.819e+05
6.9133e+05
7.0067e+05
7.0993e+05
7.1911e+05
7.2818e+05
7.3716e+05
7.4604e+05
7.5481e+05
7.6347e+05
7.7201e+05
7.8043e+05
7.8873e+05
7.969e+05
8.0494e+05
8.1285e+05
8.2061e+05
8.2823e+05
8.3571e+05
8.4303e+05
8.502e+05
8.5721e+05
8.6406e+05
8.7075e+05
8.7727e+05
8.8362e+05
8.898e+05
8.958e+05
9.0162e+05
9.0726e+05
9.1271e+05
9.1798e+05
9.2306e+05
9.2795e+05
9.3264e+05
9.3714e+05
9.4144e+05
9.4554e+05
9.4943e+05
9.5313e+05
9.5662e+05
9.599e+05
9.6298e+05
9.6585e+05
9.6851e+05
9.7095e+05
9.7319e+05
9.7521e+05
9.7702e+05
9.7861e+05
9.7999e+05
9.8116e+05
9.8211e+05
9.8285e+05
9.8337e+05
9.8368e+05
9.8378e+05
9.8366e+05
9.8332e+05
9.8278e+05
9.8202e+05
9.8105e+05
9.7987e+05
9.7848e+05
9.7689e+05
9.7508e+05
9.7307e+05
9.7086e+05
9.6845e+05
9.6583e+05
9.6301e+05
9.6e+05
9.568e+05
9.534e+05
9.4981e+05
9.4603e+05
9.4206e+05
9.3791e+05
9.3358e+05
9.2907e+05
9.2438e+05
9.1953e+05
9.145e+05
9.093e+05
9.0394e+05
8.9841e+05
8.9273e+05
8.869e+05
8.8091e+05
8.7477e+05
8.6849e+05
8.6207e+05
8.5551e+05
8.4881e+05
8.4198e+05
8.3503e+05
8.2795e+05
8.2075e+05
8.1343e+05
8.0601e+05
7.9847e+05
7.9083e+05
7.8309e+05
7.7525e+05
7.6732e+05
7.593e+05
7.5119e+05
7.43e+05
7.3474e+05
7.264e+05
7.18e+05
7.0953e+05
7.01e+05
6.9241e+05
6.8377e+05
6.7508e+05
6.6634e+05
6.5757e+05
6.4875e+05
6.3991e+05
6.3103e+05
6.2214e+05
6.1322e+05
6.0428e+05
5.9533e+05
5.8637e+05
5.774e+05
5.6844e+05
5.5947e+05
5.5051e+05
5.4156e+05
5.3262e+05
5.237e+05
5.148e+05
5.0592e+05
4.9707e+05
4.8825e+05
4.7947e+05
4.7072e+05
4.62e+05
4.5334e+05
4.4472e+05
4.3615e+05
4.2763e+05
4.1916e+05
4.1076e+05
4.0241e+05
3.9413e+05
3.8591e+05
3.7776e+05
3.6969e+05
3.6169e+05
3.5376e+05
3.4591e+05
3.3814e+05
3.3046e+05
3.2285e+05
3.1534e+05
3.0791e+05
3.0058e+05
2.9333e+05
2.8618e+05
2.7913e+05
2.7217e+05
2.6531e+05
2.5855e+05
2.5189e+05
2.4533e+05
2.3888e+05
2.3252e+05
2.2628e+05
2.2014e+05
2.1411e+05
2.0818e+05
2.0237e+05
1.9666e+05
1.9106e+05
1.8557e+05
1.8019e+05
1.7492e+05
1.6977e+05
1.6472e+05
1.5978e+05
1.5496e+05
1.5025e+05
1.4564e+05
1.4115e+05
1.3677e+05
1.3249e+05
1.2833e+05
1.2428e+05
1.2033e+05
1.1649e+05
1.1276e+05
1.0914e+05
1.0562e+05
1.0221e+05
98902
95697
92595
89593
86692
83891
81187
78580
76069
73652
71328
69096
66954
64901
62936
61056
59261
57549
55918
54367
52894
51497
50176
48927
47750
46643
45604
44631
43722
42877
42092
41367
40700
40088
39530
39025
38570
38164
37804
37490
37219
36990
36801
36650
36536
36457
36410
36395
36410
36453
36523
36618
36736
36876
37036
37215
37411
37623
37850
38089
38340
38602
38872
39150
39434
39724
40017
40313
40610
40908
41206
41501
41794
42083
42368
42647
42919
43184
43441
43689
43927
44155
44372
44577
44770
44949
45115
45267
45405
45527
45634
45725
45800
45859
45901
45925
45933
