7.3832e+05
7.4512e+05
7.5176e+05
7.5825e+05
7.6459e+05
7.7079e+05
7.7685e+05
7.8277e+05
7.8856e+05
7.9423e+05
7.9977e+05
8.052e+05
8.1052e+05
8.1572e+05
8.2082e+05
8.2582e+05
8.3072e+05
8.3553e+05
8.4025e+05
8.4488e+05
8.4942e+05
8.5388e+05
8.5827e+05
8.6258e+05
8.6681e+05
8.7097e+05
8.7506e+05
8.7908e+05
8.8303e+05
8.8691e+05
8.9073e+05
8.9448e+05
8.9816e+05
9.0178e+05
9.0534e+05
9.0883e+05
9.1226e+05
9.1562e+05
9.1891e+05
9.2214e+05
9.253e+05
9.284e+05
9.3142e+05
9.3437e+05
9.3726e+05
9.4006e+05
9.428e+05
9.4546e+05
9.4804e+05
9.5055e+05
9.5297e+05
9.5532e+05
9.5758e+05
9.5975e+05
9.6185e+05
9.6385e+05
9.6577e+05
9.6759e+05
9.6933e+05
9.7097e+05
9.7252e+05
9.7397e+05
9.7533e+05
9.7659e+05
9.7775e+05
9.7881e+05
9.7977e+05
9.8063e+05
9.8139e+05
9.8204e+05
9.8259e+05
9.8304e+05
9.8338e+05
9.8362e+05
9.8375e+05
9.8378e+05
9.837e+05
9.8351e+05
9.8322e+05
9.8282e+05
9.8232e+05
9.8171e+05
9.81e+05
9.8018e+05
9.7926e+05
9.7823e+05
9.771e+05
9.7587e+05
9.7454e+05
9.731e+05
9.7157e+05
9.6993e+05
9.682e+05
9.6637e+05
9.6444e+05
9.6241e+05
9.6029e+05
9.5808e+05
9.5577e+05
9.5338e+05
9.5089e+05
9.4832e+05
9.4565e+05
9.429e+05
9.4007e+05
9.3715e+05
9.3415e+05
9.3108e+05
9.2792e+05
9.2468e+05
9.2137e+05
9.1798e+05
9.1452e+05
9.1099e+05
9.0739e+05
9.0372e+05
8.9998e+05
8.9618e+05
8.9231e+05
8.8838e+05
8.8439e+05
8.8034e+05
8.7624e+05
8.7208e+05
8.6786e+05
8.636e+05
8.5928e+05
8.5491e+05
8.505e+05
8.4604e+05
8.4154e+05
8.3699e+05
8.3241e+05
8.2778e+05
8.2312e+05
8.1842e+05
8.1369e+05
8.0893e+05
8.0413e+05
7.9931e+05
7.9446e+05
7.8958e+05
7.8469e+05
7.7976e+05
7.7482e+05
7.6986e+05
7.6488e+05
7.5989e+05
7.5488e+05
7.4986e+05
7.4483e+05
7.3979e+05
7.3474e+05
7.2969e+05
7.2463e+05
7.1957e+05
7.1451e+05
7.0945e+05
7.0439e+05
6.9933e+05
6.9428e+05
6.8924e+05
6.842e+05
6.7917e+05
6.7415e+05
6.6915e+05
6.6416e+05
6.5918e+05
6.5422e+05
6.4928e+05
6.4436e+05
6.3946e+05
6.3458e+05
6.2972e+05
6.2488e+05
6.2008e+05
6.153e+05
6.1055e+05
6.0582e+05
6.0113e+05
5.9647e+05
5.9184e+05
5.8725e+05
5.8269e+05
5.7817e+05
5.7368e+05
5.6924e+05
5.6483e+05
5.6047e+05
5.5614e+05
5.5186e+05
5.4762e+05
5.4342e+05
5.3927e+05
5.3517e+05
5.3111e+05
5.2711e+05
5.2315e+05
5.1924e+05
5.1538e+05
5.1157e+05
5.0781e+05
5.041e+05
5.0045e+05
4.9685e+05
4.9331e+05
4.8982e+05
4.8639e+05
4.8302e+05
4.797e+05
4.7644e+05
4.7323e+05
4.7009e+05
4.67e+05
4.6398e+05
4.6102e+05
4.5811e+05
4.5527e+05
4.5249e+05
4.4977e+05
4.4711e+05
4.4452e+05
4.4199e+05
4.3952e+05
4.3711e+05
4.3477e+05
4.325e+05
4.3029e+05
4.2814e+05
4.2606e+05
4.2404e+05
4.2209e+05
4.2021e+05
4.1839e+05
4.1664e+05
4.1495e+05
4.1333e+05
4.1177e+05
4.1029e+05
4.0886e+05
4.0751e+05
4.0622e+05
4.0499e+05
4.0384e+05
4.0275e+05
4.0172e+05
4.0076e+05
3.9987e+05
3.9904e+05
3.9828e+05
3.9758e+05
3.9695e+05
3.9639e+05
3.9588e+05
3.9545e+05
3.9507e+05
3.9476e+05
3.9452e+05
3.9433e+05
3.9421e+05
3.9415e+05
3.9416e+05
3.9422e+05
3.9434e+05
3.9453e+05
3.9477e+05
3.9507e+05
3.9544e+05
3.9585e+05
3.9633e+05
3.9686e+05
3.9745e+05
3.9809e+05
3.9879e+05
3.9953e+05
4.0034e+05
4.0119e+05
4.0209e+05
4.0305e+05
4.0405e+05
4.051e+05
4.062e+05
4.0734e+05
4.0853e+05
4.0976e+05
4.1104e+05
4.1236e+05
4.1372e+05
4.1512e+05
4.1656e+05
4.1804e+05
4.1956e+05
4.2111e+05
4.2269e+05
4.2432e+05
4.2597e+05
4.2766e+05
4.2938e+05
4.3113e+05
4.329e+05
4.3471e+05
4.3654e+05
4.384e+05
4.4029e+05
4.422e+05
4.4414e+05
4.4609e+05
4.4807e+05
4.5007e+05
4.521e+05
4.5414e+05
4.562e+05
4.5828e+05
4.6038e+05
4.625e+05
4.6463e+05
4.6678e+05
4.6895e+05
4.7113e+05
4.7332e+05
4.7553e+05
4.7776e+05
4.8e+05
4.8225e+05
4.8452e+05
4.868e+05
4.8909e+05
4.914e+05
4.9372e+05
4.9606e+05
4.984e+05
5.0076e+05
5.0314e+05
5.0552e+05
5.0792e+05
5.1033e+05
5.1276e+05
5.152e+05
5.1766e+05
5.2013e+05
5.2261e+05
5.2511e+05
5.2762e+05
5.3015e+05
5.3269e+05
5.3525e+05
5.3783e+05
5.4042e+05
5.4303e+05
5.4565e+05
5.483e+05
5.5096e+05
5.5363e+05
5.5633e+05
5.5904e+05
5.6177e+05
5.6452e+05
5.6729e+05
5.7007e+05
5.7287e+05
5.757e+05
5.7854e+05
5.8139e+05
5.8427e+05
5.8716e+05
5.9007e+05
5.93e+05
5.9595e+05
5.9891e+05
6.0189e+05
6.0488e+05
6.0789e+05
6.1092e+05
6.1396e+05
6.1701e+05
6.2007e+05
6.2315e+05
6.2624e+05
6.2934e+05
6.3245e+05
6.3556e+05
6.3869e+05
6.4182e+05
6.4496e+05
6.481e+05
6.5124e+05
6.5439e+05
6.5753e+05
6.6068e+05
6.6382e+05
6.6696e+05
6.701e+05
6.7323e+05
6.7635e+05
6.7946e+05
6.8257e+05
6.8566e+05
6.8874e+05
6.918e+05
6.9485e+05
6.9788e+05
7.0089e+05
7.0388e+05
7.0684e+05
7.0979e+05
7.127e+05
7.156e+05
7.1846e+05
7.2129e+05
7.241e+05
7.2687e+05
7.2961e+05
7.3231e+05
7.3498e+05
7.3761e+05
7.402e+05
7.4275e+05
7.4527e+05
7.4774e+05
7.5017e+05
7.5255e+05
7.5489e+05
7.5719e+05
7.5944e+05
7.6164e+05
7.638e+05
7.6591e+05
7.6797e+05
7.6998e+05
7.7195e+05
7.7386e+05
7.7572e+05
7.7754e+05
7.793e+05
7.8101e+05
7.8268e+05
7.8429e+05
7.8585e+05
7.8736e+05
7.8882e+05
7.9023e+05
7.9159e+05
7.929e+05
7.9416e+05
7.9538e+05
7.9654e+05
7.9765e+05
7.9872e+05
7.9974e+05
8.0071e+05
8.0163e+05
8.0251e+05
8.0335e+05
8.0413e+05
8.0488e+05
8.0558e+05
8.0623e+05
8.0685e+05
8.0742e+05
8.0795e+05
8.0844e+05
8.0889e+05
8.0929e+05
8.0966e+05
8.0999e+05
8.1029e+05
8.1054e+05
8.1076e+05
8.1094e+05
8.1109e+05
8.112e+05
8.1128e+05
8.1132e+05
8.1132e+05
8.113e+05
8.1123e+05
8.1114e+05
8.1101e+05
8.1085e+05
8.1066e+05
8.1044e+05
8.1018e+05
8.0989e+05
8.0957e+05
8.0922e+05
8.0883e+05
8.0842e+05
8.0797e+05
8.0749e+05
8.0697e+05
8.0643e+05
8.0585e+05
8.0524e+05
8.046e+05
8.0392e+05
8.0322e+05
8.0247e+05
8.017e+05
8.0089e+05
8.0004e+05
7.9916e+05
7.9825e+05
7.973e+05
7.9631e+05
7.9529e+05
7.9423e+05
7.9314e+05
7.92e+05
7.9083e+05
7.8962e+05
7.8838e+05
7.8709e+05
7.8576e+05
7.844e+05
7.8299e+05
7.8154e+05
7.8005e+05
7.7852e+05
7.7695e+05
7.7534e+05
7.7368e+05
7.7198e+05
7.7024e+05
7.6846e+05
7.6663e+05
7.6476e+05
7.6284e+05
7.6088e+05
7.5888e+05
7.5683e+05
7.5474e+05
7.526e+05
7.5042e+05
7.482e+05
7.4593e+05
7.4361e+05
7.4126e+05
7.3885e+05
7.3641e+05
7.3392e+05
7.3138e+05
7.288e+05
7.2618e+05
7.2352e+05
7.2081e+05
7.1806e+05
7.1527e+05
7.1243e+05
7.0956e+05
7.0664e+05
7.0368e+05
7.0068e+05
6.9764e+05
6.9457e+05
6.9145e+05
6.8829e+05
6.851e+05
6.8187e+05
6.786e+05
6.753e+05
6.7196e+05
6.6858e+05
6.6517e+05
6.6172e+05
6.5825e+05
6.5473e+05
6.5119e+05
6.4762e+05
6.4401e+05
6.4037e+05
6.3671e+05
6.3301e+05
6.2928e+05
6.2553e+05
6.2175e+05
6.1794e+05
6.1411e+05
6.1025e+05
6.0637e+05
6.0246e+05
5.9853e+05
5.9457e+05
5.9059e+05
5.8659e+05
5.8257e+05
5.7853e+05
5.7447e+05
5.7039e+05
5.6629e+05
5.6217e+05
5.5803e+05
5.5388e+05
5.497e+05
5.4552e+05
5.4131e+05
5.371e+05
5.3286e+05
5.2862e+05
5.2436e+05
5.2009e+05
5.158e+05
5.115e+05
5.0719e+05
5.0287e+05
4.9854e+05
4.942e+05
4.8986e+05
4.855e+05
4.8113e+05
4.7676e+05
4.7237e+05
4.6798e+05
4.6359e+05
4.5919e+05
4.5478e+05
4.5037e+05
4.4595e+05
4.4153e+05
4.371e+05
4.3268e+05
4.2825e+05
4.2381e+05
4.1938e+05
4.1494e+05
4.1051e+05
4.0607e+05
4.0164e+05
3.972e+05
3.9277e+05
3.8833e+05
3.839e+05
3.7947e+05
3.7505e+05
3.7063e+05
3.6621e+05
3.618e+05
3.5739e+05
3.5299e+05
3.4859e+05
3.442e+05
3.3982e+05
3.3545e+05
3.3108e+05
3.2672e+05
3.2237e+05
3.1803e+05
3.137e+05
3.0938e+05
3.0507e+05
3.0078e+05
2.9649e+05
2.9222e+05
2.8796e+05
2.8371e+05
2.7948e+05
2.7526e+05
2.7105e+05
2.6687e+05
2.6269e+05
2.5853e+05
2.5439e+05
2.5027e+05
2.4616e+05
2.4207e+05
2.38e+05
2.3395e+05
2.2992e+05
2.2591e+05
2.2191e+05
2.1794e+05
2.1399e+05
2.1006e+05
2.0615e+05
2.0226e+05
1.984e+05
1.9455e+05
1.9073e+05
1.8694e+05
1.8316e+05
1.7941e+05
1.7569e+05
1.7199e+05
1.6831e+05
1.6466e+05
1.6104e+05
1.5744e+05
1.5387e+05
1.5032e+05
1.468e+05
1.4331e+05
1.3984e+05
1.364e+05
1.3299e+05
1.296e+05
1.2624e+05
1.2291e+05
1.1961e+05
1.1634e+05
1.1309e+05
1.0988e+05
1.0669e+05
1.0353e+05
1.004e+05
97292
94217
91171
88154
85165
82205
79274
76372
73498
70653
67836
65048
62288
59556
56853
54177
51530
48910
46319
43754
41217
38707
36224
33768
31339
28936
26559
24208
21883
19584
17309
15060
12836
10637
8461.5
6310.5
4183.4
2080
0
