55776
58816
62152
65783
69706
73919
78418
83196
88248
93565
99140
1.0496e+05
1.1102e+05
1.173e+05
1.2379e+05
1.3048e+05
1.3736e+05
1.444e+05
1.5159e+05
1.5892e+05
1.6636e+05
1.739e+05
1.8152e+05
1.892e+05
1.9692e+05
2.0466e+05
2.1241e+05
2.2013e+05
2.2782e+05
2.3545e+05
2.43e+05
2.5045e+05
2.5778e+05
2.6497e+05
2.7201e+05
2.7887e+05
2.8553e+05
2.9199e+05
2.9821e+05
3.0419e+05
3.0991e+05
3.1536e+05
3.2051e+05
3.2537e+05
3.299e+05
3.3412e+05
3.3799e+05
3.4152e+05
3.447e+05
3.4751e+05
3.4996e+05
3.5203e+05
3.5372e+05
3.5504e+05
3.5597e+05
3.5652e+05
3.5669e+05
3.5647e+05
3.5588e+05
3.5491e+05
3.5357e+05
3.5186e+05
3.4979e+05
3.4736e+05
3.4459e+05
3.4149e+05
3.3806e+05
3.3431e+05
3.3025e+05
3.259e+05
3.2127e+05
3.1637e+05
3.1121e+05
3.0582e+05
3.0019e+05
2.9436e+05
2.8832e+05
2.8211e+05
2.7572e+05
2.6919e+05
2.6252e+05
2.5574e+05
2.4885e+05
2.4187e+05
2.3482e+05
2.2772e+05
2.2058e+05
2.1341e+05
2.0624e+05
1.9907e+05
1.9192e+05
1.8481e+05
1.7775e+05
1.7076e+05
1.6384e+05
1.5701e+05
1.5028e+05
1.4367e+05
1.3718e+05
1.3083e+05
1.2463e+05
1.1859e+05
1.1272e+05
1.0702e+05
1.0151e+05
96191
91074
86165
81471
76997
72749
68731
64948
61403
58101
55043
52233
49671
47359
45298
43489
41931
40623
39566
38757
38195
37877
37801
37964
38363
38994
39853
40935
42235
43749
45472
47396
49517
51828
54322
56992
59832
62834
65989
69291
72731
76300
79991
83794
87701
91703
95790
99953
1.0418e+05
1.0847e+05
1.1281e+05
1.1718e+05
1.2158e+05
1.26e+05
1.3044e+05
1.3487e+05
1.3929e+05
1.4369e+05
1.4807e+05
1.5241e+05
1.567e+05
1.6094e+05
1.6512e+05
1.6922e+05
1.7324e+05
1.7718e+05
1.8102e+05
1.8476e+05
1.8838e+05
1.919e+05
1.9528e+05
1.9854e+05
2.0167e+05
2.0466e+05
2.075e+05
2.1019e+05
2.1273e+05
2.1512e+05
2.1735e+05
2.1941e+05
2.2131e+05
2.2305e+05
2.2461e+05
2.2602e+05
2.2725e+05
2.2831e+05
2.2921e+05
2.2994e+05
2.305e+05
2.309e+05
2.3113e+05
2.3121e+05
2.3113e+05
2.3089e+05
2.305e+05
2.2996e+05
2.2928e+05
2.2845e+05
2.2749e+05
2.264e+05
2.2517e+05
2.2383e+05
2.2236e+05
2.2078e+05
2.1908e+05
2.1729e+05
2.1539e+05
2.1339e+05
2.113e+05
2.0913e+05
2.0687e+05
2.0454e+05
2.0213e+05
1.9965e+05
1.971e+05
1.945e+05
1.9183e+05
1.8911e+05
1.8635e+05
1.8353e+05
1.8067e+05
1.7777e+05
1.7483e+05
1.7185e+05
1.6884e+05
1.658e+05
1.6273e+05
1.5964e+05
1.5652e+05
1.5338e+05
1.5021e+05
1.4703e+05
1.4384e+05
1.4062e+05
1.374e+05
1.3416e+05
1.3091e+05
1.2765e+05
1.2438e+05
1.2111e+05
1.1784e+05
1.1456e+05
1.1128e+05
1.0801e+05
1.0474e+05
1.0147e+05
98214
94968
91735
88519
85321
82144
78992
75869
72776
69717
66696
63717
60782
57896
55062
52284
49565
46908
44318
41798
39352
36981
34691
32483
30360
28325
26380
24528
22770
21108
19542
18074
16705
15434
14262
13188
12211
11330
10543
9849.3
9245.6
8729.5
8297.9
7947.7
7675.2
7476.4
7347.2
7283
7279.3
7331
7433.2
7580.6
7767.8
7989.5
8240.2
8514.4
8806.5
9111.3
9423.3
9737.4
10049
10352
10643
10917
11170
11398
11598
11767
11903
12002
12063
12085
12067
12009
11909
11770
11591
11374
11121
10835
10518
10172
9802.5
9412
9005.1
8586.2
8160
7731.3
7305.4
6887.5
6482.9
6097
5735.2
5403
5105.5
4848
4635.4
4472.6
4364
4313.8
4326
4403.8
4550.4
4768.4
5059.8
5426.2
5868.6
6387.4
6982.6
7653.5
8398.5
9215.9
10103
11057
12074
13149
14278
15455
16674
17929
19213
20519
21839
23166
24490
25805
27101
28370
29604
30794
31931
33009
34018
34953
35804
36568
37236
37805
38269
38625
38869
39001
39017
38920
38708
38385
37954
37418
36783
36055
35243
34355
33401
32393
31343
30266
29174
28086
27016
25984
25008
24107
23302
22615
22066
21679
21475
21480
21714
22203
22970
24038
25431
27172
29284
31789
34708
38063
41873
46158
50935
56221
62033
68383
75285
82750
90787
99405
1.0861e+05
1.184e+05
1.2879e+05
1.3977e+05
1.5134e+05
1.635e+05
1.7624e+05
1.8956e+05
2.0344e+05
2.1788e+05
2.3285e+05
2.4834e+05
2.6434e+05
2.8082e+05
2.9777e+05
3.1516e+05
3.3295e+05
3.5114e+05
3.6968e+05
3.8854e+05
4.077e+05
4.2712e+05
4.4676e+05
4.666e+05
4.8658e+05
5.0668e+05
5.2684e+05
5.4705e+05
5.6724e+05
5.8739e+05
6.0745e+05
6.2738e+05
6.4713e+05
6.6667e+05
6.8595e+05
7.0494e+05
7.2359e+05
7.4186e+05
7.5971e+05
7.7711e+05
7.9402e+05
8.1039e+05
8.262e+05
8.414e+05
8.5598e+05
8.6989e+05
8.8311e+05
8.9561e+05
9.0736e+05
9.1833e+05
9.2852e+05
9.3789e+05
9.4642e+05
9.5411e+05
9.6094e+05
9.6688e+05
9.7195e+05
9.7612e+05
9.7939e+05
9.8175e+05
9.8322e+05
9.8378e+05
9.8344e+05
9.822e+05
9.8008e+05
9.7707e+05
9.732e+05
9.6848e+05
9.6291e+05
9.5652e+05
9.4933e+05
9.4134e+05
9.326e+05
9.2312e+05
9.1291e+05
9.0202e+05
8.9047e+05
8.7828e+05
8.6548e+05
8.5211e+05
8.3819e+05
8.2376e+05
8.0885e+05
7.9349e+05
7.7771e+05
7.6155e+05
7.4504e+05
7.2822e+05
7.1112e+05
6.9377e+05
6.7622e+05
6.5848e+05
6.4059e+05
6.226e+05
6.0452e+05
5.864e+05
5.6826e+05
5.5013e+05
5.3205e+05
5.1404e+05
4.9613e+05
4.7834e+05
4.6071e+05
4.4327e+05
4.2602e+05
4.09e+05
3.9223e+05
3.7573e+05
3.5952e+05
3.4362e+05
3.2805e+05
3.1281e+05
2.9793e+05
2.8342e+05
2.693e+05
2.5556e+05
2.4223e+05
2.2931e+05
2.1681e+05
2.0474e+05
1.931e+05
1.8189e+05
1.7113e+05
1.608e+05
1.5091e+05
1.4147e+05
1.3246e+05
1.2389e+05
1.1576e+05
1.0805e+05
1.0077e+05
93908
87460
81417
75772
70517
65641
61135
56989
53193
49734
46601
43783
41267
39040
37090
35404
33969
32771
31797
31034
30468
30087
29877
29825
29918
30143
30488
30940
31488
32119
32822
33586
34400
35254
36137
37040
37953
38868
39777
40671
41543
42387
43195
43961
44681
45349
45960
46511
46998
47417
47767
48045
48249
48378
48432
48409
48310
48135
47886
47562
47166
46700
46165
45564
44899
44175
43393
42557
41670
40738
39762
38747
37698
36617
35511
34382
33235
32074
30903
29727
28549
27373
26204
25045
23899
22771
21663
20579
19521
18492
17494
16531
15604
14715
13866
13057
12291
11568
10889
10255
9664.6
9119.2
8618.4
8161.7
7748.5
7378.1
7049.4
6761.3
6512.5
6301.5
6126.7
5986.3
5878.5
5801.3
5752.6
5730.3
5732.1
5755.8
5799.1
5859.7
5935.2
6023.3
6121.7
6228
6340
6455.6
6572.5
6688.8
6802.3
6911.3
7013.9
7108.4
7193.3
7267.2
7328.6
7376.4
7409.5
7427.1
7428.3
7412.4
7379
7327.7
7258.2
7170.5
7064.6
6940.6
6798.8
6639.7
6463.7
6271.4
6063.7
5841.1
5604.8
5355.6
5094.5
4822.7
4541.3
4251.6
3954.6
3651.7
3344
3033
2719.8
2405.7
2091.9
1779.6
1470.1
1164.3
863.4
568.43
280.33
0
