9.8378e+05
9.7955e+05
9.7523e+05
9.7084e+05
9.6637e+05
9.6182e+05
9.572e+05
9.525e+05
9.4772e+05
9.4288e+05
9.3796e+05
9.3297e+05
9.2792e+05
9.228e+05
9.1761e+05
9.1236e+05
9.0705e+05
9.0167e+05
8.9624e+05
8.9074e+05
8.8519e+05
8.7959e+05
8.7392e+05
8.6821e+05
8.6244e+05
8.5663e+05
8.5076e+05
8.4485e+05
8.3889e+05
8.3288e+05
8.2684e+05
8.2075e+05
8.1461e+05
8.0844e+05
8.0223e+05
7.9599e+05
7.8971e+05
7.8339e+05
7.7704e+05
7.7066e+05
7.6425e+05
7.5781e+05
7.5135e+05
7.4485e+05
7.3834e+05
7.318e+05
7.2523e+05
7.1865e+05
7.1204e+05
7.0542e+05
6.9878e+05
6.9212e+05
6.8545e+05
6.7877e+05
6.7207e+05
6.6536e+05
6.5865e+05
6.5192e+05
6.4519e+05
6.3845e+05
6.317e+05
6.2495e+05
6.182e+05
6.1145e+05
6.0469e+05
5.9794e+05
5.9119e+05
5.8444e+05
5.777e+05
5.7096e+05
5.6423e+05
5.575e+05
5.5079e+05
5.4408e+05
5.3738e+05
5.307e+05
5.2403e+05
5.1737e+05
5.1073e+05
5.041e+05
4.9749e+05
4.9089e+05
4.8432e+05
4.7776e+05
4.7123e+05
4.6471e+05
4.5822e+05
4.5175e+05
4.4531e+05
4.3889e+05
4.325e+05
4.2613e+05
4.1979e+05
4.1348e+05
4.072e+05
4.0095e+05
3.9473e+05
3.8854e+05
3.8238e+05
3.7626e+05
3.7017e+05
3.6412e+05
3.581e+05
3.5211e+05
3.4617e+05
3.4026e+05
3.3438e+05
3.2855e+05
3.2276e+05
3.1701e+05
3.1129e+05
3.0562e+05
2.9999e+05
2.9441e+05
2.8886e+05
2.8336e+05
2.7791e+05
2.7249e+05
2.6713e+05
2.6181e+05
2.5653e+05
2.5131e+05
2.4613e+05
2.4099e+05
2.3591e+05
2.3087e+05
2.2589e+05
2.2095e+05
2.1606e+05
2.1122e+05
2.0644e+05
2.017e+05
1.9702e+05
1.9238e+05
1.878e+05
1.8328e+05
1.788e+05
1.7438e+05
1.7001e+05
1.6569e+05
1.6143e+05
1.5722e+05
1.5307e+05
1.4897e+05
1.4492e+05
1.4093e+05
1.37e+05
1.3312e+05
1.2929e+05
1.2553e+05
1.2181e+05
1.1816e+05
1.1456e+05
1.1101e+05
1.0753e+05
1.0409e+05
1.0072e+05
97402
94141
90937
87790
84699
81666
78689
75769
72907
70101
67353
64661
62026
59448
56928
54463
52056
49705
47411
45174
42993
40868
38800
36787
34831
32930
31085
29296
27562
25883
24259
22691
21176
19717
18311
16960
15663
14419
13229
12092
11008
9976.6
8997.8
8071.2
7196.6
6373.7
5602.2
4881.8
4212.3
3593.4
3024.8
2506.2
2037.3
1617.7
1247.2
925.42
652.07
426.81
249.32
119.24
36.253
0
10.135
66.307
168.16
315.33
507.45
744.16
1025.1
1349.8
1718.1
2129.4
2583.4
3079.7
3617.9
4197.6
4818.5
5480.1
6182
6923.9
7705.2
8525.7
9384.8
10282
11217
12190
13200
14246
15329
16447
17601
18789
20012
21269
22559
23883
25240
26628
28049
29501
30984
32497
34040
35614
37216
38847
40506
42193
43908
45650
47418
49212
51031
52876
54746
56640
58558
60499
62463
64449
66458
68488
70539
72611
74703
76815
78946
81096
83265
85452
87656
89878
92116
94370
96640
98926
1.0123e+05
1.0354e+05
1.0587e+05
1.0821e+05
1.1057e+05
1.1294e+05
1.1532e+05
1.1771e+05
1.2012e+05
1.2253e+05
1.2496e+05
1.274e+05
1.2984e+05
1.323e+05
1.3476e+05
1.3724e+05
1.3972e+05
1.4221e+05
1.447e+05
1.4721e+05
1.4972e+05
1.5223e+05
1.5475e+05
1.5728e+05
1.5981e+05
1.6235e+05
1.6489e+05
1.6743e+05
1.6998e+05
1.7253e+05
1.7509e+05
1.7764e+05
1.802e+05
1.8276e+05
1.8532e+05
1.8788e+05
1.9044e+05
1.93e+05
1.9556e+05
1.9812e+05
2.0068e+05
2.0323e+05
2.0579e+05
2.0834e+05
2.1089e+05
2.1344e+05
2.1598e+05
2.1852e+05
2.2106e+05
2.2359e+05
2.2612e+05
2.2864e+05
2.3116e+05
2.3367e+05
2.3617e+05
2.3867e+05
2.4116e+05
2.4365e+05
2.4613e+05
2.486e+05
2.5106e+05
2.5352e+05
2.5596e+05
2.584e+05
2.6083e+05
2.6325e+05
2.6566e+05
2.6806e+05
2.7044e+05
2.7282e+05
2.7519e+05
2.7755e+05
2.7989e+05
2.8223e+05
2.8455e+05
2.8686e+05
2.8915e+05
2.9144e+05
2.9371e+05
2.9597e+05
2.9821e+05
3.0045e+05
3.0266e+05
3.0487e+05
3.0705e+05
3.0923e+05
3.1139e+05
3.1353e+05
3.1566e+05
3.1777e+05
3.1987e+05
3.2195e+05
3.2402e+05
3.2607e+05
3.281e+05
3.3011e+05
3.3211e+05
3.3409e+05
3.3606e+05
3.38e+05
3.3993e+05
3.4184e+05
3.4373e+05
3.4561e+05
3.4746e+05
3.493e+05
3.5112e+05
3.5291e+05
3.5469e+05
3.5645e+05
3.5819e+05
3.5992e+05
3.6162e+05
3.633e+05
3.6496e+05
3.666e+05
3.6822e+05
3.6982e+05
3.714e+05
3.7295e+05
3.7449e+05
3.7601e+05
3.775e+05
3.7898e+05
3.8043e+05
3.8186e+05
3.8327e+05
3.8465e+05
3.8602e+05
3.8736e+05
3.8868e+05
3.8998e+05
3.9126e+05
3.9251e+05
3.9375e+05
3.9496e+05
3.9614e+05
3.9731e+05
3.9845e+05
3.9957e+05
4.0066e+05
4.0174e+05
4.0279e+05
4.0381e+05
4.0482e+05
4.058e+05
4.0676e+05
4.0769e+05
4.086e+05
4.0949e+05
4.1035e+05
4.1119e+05
4.1201e+05
4.1281e+05
4.1358e+05
4.1432e+05
4.1505e+05
4.1575e+05
4.1642e+05
4.1707e+05
4.177e+05
4.1831e+05
4.1889e+05
4.1945e+05
4.1998e+05
4.2049e+05
4.2098e+05
4.2144e+05
4.2188e+05
4.223e+05
4.2269e+05
4.2306e+05
4.234e+05
4.2372e+05
4.2402e+05
4.2429e+05
4.2454e+05
4.2477e+05
4.2498e+05
4.2516e+05
4.2531e+05
4.2545e+05
4.2556e+05
4.2564e+05
4.2571e+05
4.2575e+05
4.2576e+05
4.2576e+05
4.2573e+05
4.2568e+05
4.256e+05
4.2551e+05
4.2539e+05
4.2524e+05
4.2508e+05
4.2489e+05
4.2468e+05
4.2445e+05
4.2419e+05
4.2391e+05
4.2361e+05
4.2329e+05
4.2295e+05
4.2258e+05
4.2219e+05
4.2178e+05
4.2135e+05
4.209e+05
4.2042e+05
4.1993e+05
4.1941e+05
4.1887e+05
4.1831e+05
4.1773e+05
4.1713e+05
4.165e+05
4.1586e+05
4.152e+05
4.1451e+05
4.1381e+05
4.1308e+05
4.1233e+05
4.1157e+05
4.1078e+05
4.0998e+05
4.0915e+05
4.0831e+05
4.0744e+05
4.0656e+05
4.0566e+05
4.0474e+05
4.038e+05
4.0284e+05
4.0186e+05
4.0086e+05
3.9984e+05
3.9881e+05
3.9776e+05
3.9669e+05
3.956e+05
3.945e+05
3.9337e+05
3.9223e+05
3.9107e+05
3.899e+05
3.8871e+05
3.875e+05
3.8627e+05
3.8503e+05
3.8377e+05
3.8249e+05
3.812e+05
3.7989e+05
3.7857e+05
3.7723e+05
3.7588e+05
3.745e+05
3.7312e+05
3.7172e+05
3.703e+05
3.6887e+05
3.6743e+05
3.6597e+05
3.6449e+05
3.63e+05
3.615e+05
3.5999e+05
3.5846e+05
3.5691e+05
3.5536e+05
3.5379e+05
3.522e+05
3.5061e+05
3.49e+05
3.4738e+05
3.4574e+05
3.441e+05
3.4244e+05
3.4077e+05
3.3909e+05
3.3739e+05
3.3569e+05
3.3397e+05
3.3224e+05
3.3051e+05
3.2876e+05
3.27e+05
3.2523e+05
3.2345e+05
3.2166e+05
3.1986e+05
3.1805e+05
3.1623e+05
3.144e+05
3.1256e+05
3.1071e+05
3.0886e+05
3.0699e+05
3.0512e+05
3.0324e+05
3.0135e+05
2.9945e+05
2.9754e+05
2.9563e+05
2.9371e+05
2.9178e+05
2.8985e+05
2.879e+05
2.8595e+05
2.84e+05
2.8203e+05
2.8006e+05
2.7809e+05
2.7611e+05
2.7412e+05
2.7212e+05
2.7013e+05
2.6812e+05
2.6611e+05
2.641e+05
2.6208e+05
2.6005e+05
2.5802e+05
2.5599e+05
2.5395e+05
2.5191e+05
2.4987e+05
2.4782e+05
2.4577e+05
2.4371e+05
2.4165e+05
2.3959e+05
2.3752e+05
2.3545e+05
2.3338e+05
2.3131e+05
2.2923e+05
2.2716e+05
2.2508e+05
2.2299e+05
2.2091e+05
2.1883e+05
2.1674e+05
2.1465e+05
2.1256e+05
2.1047e+05
2.0838e+05
2.0629e+05
2.042e+05
2.0211e+05
2.0002e+05
1.9793e+05
1.9584e+05
1.9374e+05
1.9165e+05
1.8956e+05
1.8747e+05
1.8539e+05
1.833e+05
1.8121e+05
1.7913e+05
1.7704e+05
1.7496e+05
1.7288e+05
1.708e+05
1.6873e+05
1.6665e+05
1.6458e+05
1.6251e+05
1.6044e+05
1.5838e+05
1.5632e+05
1.5426e+05
1.522e+05
1.5015e+05
1.481e+05
1.4605e+05
1.4401e+05
1.4197e+05
1.3994e+05
1.3791e+05
1.3588e+05
1.3386e+05
1.3184e+05
1.2983e+05
1.2782e+05
1.2582e+05
1.2382e+05
1.2182e+05
1.1984e+05
1.1785e+05
1.1587e+05
1.139e+05
1.1193e+05
1.0997e+05
1.0801e+05
1.0606e+05
1.0412e+05
1.0218e+05
1.0025e+05
98322
96403
94490
92583
90684
88791
86905
85026
83154
81289
79431
77581
75739
73904
72076
70256
68445
66641
64845
63057
61277
59506
57743
55988
54242
52504
50775
49055
47344
45641
43948
42263
40588
38921
37264
35617
33978
32349
30730
29120
27519
25929
24348
22777
21216
19664
18123
16591
15070
