9.8378e+05
9.809e+05
9.7795e+05
9.7493e+05
9.7184e+05
9.6868e+05
9.6546e+05
9.6217e+05
9.5881e+05
9.5539e+05
9.5191e+05
9.4837e+05
9.4476e+05
9.411e+05
9.3738e+05
9.336e+05
9.2977e+05
9.2588e+05
9.2193e+05
9.1794e+05
9.1389e+05
9.098e+05
9.0565e+05
9.0146e+05
8.9722e+05
8.9294e+05
8.8861e+05
8.8423e+05
8.7982e+05
8.7537e+05
8.7087e+05
8.6634e+05
8.6177e+05
8.5716e+05
8.5252e+05
8.4784e+05
8.4314e+05
8.384e+05
8.3363e+05
8.2883e+05
8.24e+05
8.1915e+05
8.1427e+05
8.0937e+05
8.0444e+05
7.9949e+05
7.9452e+05
7.8953e+05
7.8452e+05
7.7949e+05
7.7445e+05
7.6939e+05
7.6432e+05
7.5923e+05
7.5414e+05
7.4903e+05
7.4391e+05
7.3878e+05
7.3365e+05
7.2851e+05
7.2336e+05
7.1821e+05
7.1306e+05
7.079e+05
7.0274e+05
6.9758e+05
6.9243e+05
6.8727e+05
6.8212e+05
6.7697e+05
6.7183e+05
6.6669e+05
6.6156e+05
6.5644e+05
6.5133e+05
6.4622e+05
6.4113e+05
6.3605e+05
6.3098e+05
6.2593e+05
6.2089e+05
6.1587e+05
6.1086e+05
6.0587e+05
6.009e+05
5.9595e+05
5.9102e+05
5.8611e+05
5.8122e+05
5.7635e+05
5.7151e+05
5.6669e+05
5.619e+05
5.5713e+05
5.5239e+05
5.4768e+05
5.43e+05
5.3834e+05
5.3372e+05
5.2912e+05
5.2456e+05
5.2003e+05
5.1553e+05
5.1107e+05
5.0664e+05
5.0224e+05
4.9788e+05
4.9356e+05
4.8928e+05
4.8503e+05
4.8082e+05
4.7665e+05
4.7251e+05
4.6842e+05
4.6437e+05
4.6036e+05
4.5639e+05
4.5247e+05
4.4858e+05
4.4474e+05
4.4095e+05
4.3719e+05
4.3349e+05
4.2983e+05
4.2621e+05
4.2264e+05
4.1912e+05
4.1564e+05
4.1222e+05
4.0884e+05
4.0551e+05
4.0222e+05
3.9899e+05
3.9581e+05
3.9267e+05
3.8959e+05
3.8656e+05
3.8358e+05
3.8065e+05
3.7777e+05
3.7494e+05
3.7217e+05
3.6944e+05
3.6677e+05
3.6416e+05
3.6159e+05
3.5908e+05
3.5663e+05
3.5422e+05
3.5187e+05
3.4958e+05
3.4734e+05
3.4515e+05
3.4302e+05
3.4094e+05
3.3892e+05
3.3695e+05
3.3504e+05
3.3318e+05
3.3138e+05
3.2963e+05
3.2794e+05
3.2631e+05
3.2473e+05
3.232e+05
3.2173e+05
3.2032e+05
3.1896e+05
3.1765e+05
3.164e+05
3.1521e+05
3.1407e+05
3.1299e+05
3.1196e+05
3.1099e+05
3.1008e+05
3.0921e+05
3.0841e+05
3.0765e+05
3.0695e+05
3.0631e+05
3.0572e+05
3.0519e+05
3.047e+05
3.0428e+05
3.039e+05
3.0358e+05
3.0331e+05
3.031e+05
3.0294e+05
3.0283e+05
3.0277e+05
3.0277e+05
3.0281e+05
3.0291e+05
3.0306e+05
3.0326e+05
3.0352e+05
3.0382e+05
3.0417e+05
3.0457e+05
3.0502e+05
3.0553e+05
3.0608e+05
3.0667e+05
3.0732e+05
3.0801e+05
3.0876e+05
3.0955e+05
3.1038e+05
3.1126e+05
3.1219e+05
3.1317e+05
3.1418e+05
3.1525e+05
3.1636e+05
3.1751e+05
3.1871e+05
3.1994e+05
3.2123e+05
3.2255e+05
3.2392e+05
3.2532e+05
3.2677e+05
3.2826e+05
3.2979e+05
3.3136e+05
3.3296e+05
3.3461e+05
3.3629e+05
3.3801e+05
3.3977e+05
3.4157e+05
3.434e+05
3.4527e+05
3.4717e+05
3.491e+05
3.5107e+05
3.5308e+05
3.5511e+05
3.5718e+05
3.5929e+05
3.6142e+05
3.6358e+05
3.6578e+05
3.68e+05
3.7025e+05
3.7254e+05
3.7485e+05
3.7718e+05
3.7955e+05
3.8194e+05
3.8436e+05
3.868e+05
3.8926e+05
3.9176e+05
3.9427e+05
3.9681e+05
3.9937e+05
4.0195e+05
4.0456e+05
4.0718e+05
4.0982e+05
4.1249e+05
4.1517e+05
4.1787e+05
4.2059e+05
4.2333e+05
4.2609e+05
4.2886e+05
4.3164e+05
4.3444e+05
4.3726e+05
4.4009e+05
4.4293e+05
4.4578e+05
4.4865e+05
4.5153e+05
4.5442e+05
4.5732e+05
4.6022e+05
4.6314e+05
4.6607e+05
4.69e+05
4.7195e+05
4.749e+05
4.7785e+05
4.8081e+05
4.8378e+05
4.8675e+05
4.8973e+05
4.927e+05
4.9569e+05
4.9867e+05
5.0165e+05
5.0464e+05
5.0763e+05
5.1062e+05
5.136e+05
5.1659e+05
5.1957e+05
5.2256e+05
5.2554e+05
5.2851e+05
5.3149e+05
5.3445e+05
5.3742e+05
5.4038e+05
5.4333e+05
5.4628e+05
5.4922e+05
5.5215e+05
5.5507e+05
5.5799e+05
5.6089e+05
5.6379e+05
5.6668e+05
5.6956e+05
5.7242e+05
5.7528e+05
5.7812e+05
5.8095e+05
5.8377e+05
5.8657e+05
5.8937e+05
5.9214e+05
5.949e+05
5.9765e+05
6.0038e+05
6.031e+05
6.058e+05
6.0848e+05
6.1114e+05
6.1379e+05
6.1642e+05
6.1903e+05
6.2162e+05
6.2419e+05
6.2674e+05
6.2928e+05
6.3179e+05
6.3428e+05
6.3675e+05
6.3919e+05
6.4162e+05
6.4402e+05
6.464e+05
6.4875e+05
6.5109e+05
6.5339e+05
6.5568e+05
6.5794e+05
6.6017e+05
6.6238e+05
6.6456e+05
6.6672e+05
6.6885e+05
6.7096e+05
6.7304e+05
6.7509e+05
6.7711e+05
6.791e+05
6.8107e+05
6.8301e+05
6.8492e+05
6.868e+05
6.8865e+05
6.9047e+05
6.9227e+05
6.9403e+05
6.9576e+05
6.9747e+05
6.9914e+05
7.0078e+05
7.0239e+05
7.0397e+05
7.0552e+05
7.0703e+05
7.0851e+05
7.0997e+05
7.1139e+05
7.1277e+05
7.1413e+05
7.1545e+05
7.1674e+05
7.1799e+05
7.1921e+05
7.204e+05
7.2156e+05
7.2268e+05
7.2377e+05
7.2482e+05
7.2584e+05
7.2683e+05
7.2778e+05
7.287e+05
7.2958e+05
7.3043e+05
7.3124e+05
7.3202e+05
7.3276e+05
7.3347e+05
7.3415e+05
7.3478e+05
7.3539e+05
7.3596e+05
7.3649e+05
7.3699e+05
7.3745e+05
7.3788e+05
7.3827e+05
7.3863e+05
7.3895e+05
7.3923e+05
7.3949e+05
7.397e+05
7.3988e+05
7.4003e+05
7.4013e+05
7.4021e+05
7.4025e+05
7.4025e+05
7.4022e+05
7.4015e+05
7.4005e+05
7.3991e+05
7.3974e+05
7.3953e+05
7.3928e+05
7.3901e+05
7.3869e+05
7.3835e+05
7.3796e+05
7.3755e+05
7.3709e+05
7.3661e+05
7.3609e+05
7.3553e+05
7.3494e+05
7.3432e+05
7.3366e+05
7.3297e+05
7.3225e+05
7.3149e+05
7.307e+05
7.2987e+05
7.2901e+05
7.2812e+05
7.2719e+05
7.2624e+05
7.2525e+05
7.2422e+05
7.2317e+05
7.2208e+05
7.2096e+05
7.1981e+05
7.1862e+05
7.1741e+05
7.1616e+05
7.1489e+05
7.1358e+05
7.1224e+05
7.1087e+05
7.0946e+05
7.0803e+05
7.0657e+05
7.0508e+05
7.0356e+05
7.0201e+05
7.0043e+05
6.9882e+05
6.9718e+05
6.9551e+05
6.9382e+05
6.9209e+05
6.9034e+05
6.8856e+05
6.8675e+05
6.8492e+05
6.8306e+05
6.8117e+05
6.7925e+05
6.7731e+05
6.7534e+05
6.7335e+05
6.7133e+05
6.6928e+05
6.6721e+05
6.6512e+05
6.6299e+05
6.6085e+05
6.5868e+05
6.5649e+05
6.5427e+05
6.5203e+05
6.4976e+05
6.4748e+05
6.4517e+05
6.4283e+05
6.4048e+05
6.381e+05
6.357e+05
6.3328e+05
6.3084e+05
6.2838e+05
6.259e+05
6.2339e+05
6.2087e+05
6.1833e+05
6.1577e+05
6.1318e+05
6.1058e+05
6.0796e+05
6.0533e+05
6.0267e+05
6e+05
5.973e+05
5.946e+05
5.9187e+05
5.8913e+05
5.8637e+05
5.8359e+05
5.808e+05
5.7799e+05
5.7517e+05
5.7233e+05
5.6948e+05
5.6662e+05
5.6373e+05
5.6084e+05
5.5793e+05
5.5501e+05
5.5207e+05
5.4913e+05
5.4616e+05
5.4319e+05
5.4021e+05
5.3721e+05
5.342e+05
5.3118e+05
5.2815e+05
5.2511e+05
5.2206e+05
5.19e+05
5.1593e+05
5.1285e+05
5.0976e+05
5.0666e+05
5.0356e+05
5.0044e+05
4.9732e+05
4.9419e+05
4.9105e+05
4.879e+05
4.8475e+05
4.8159e+05
4.7842e+05
4.7525e+05
4.7207e+05
4.6889e+05
4.657e+05
4.6251e+05
4.5931e+05
4.5611e+05
4.529e+05
4.4969e+05
4.4647e+05
4.4325e+05
4.4003e+05
4.368e+05
4.3358e+05
4.3035e+05
4.2711e+05
4.2388e+05
4.2064e+05
4.174e+05
4.1417e+05
4.1093e+05
4.0768e+05
4.0444e+05
4.012e+05
3.9796e+05
3.9472e+05
3.9148e+05
3.8824e+05
3.85e+05
3.8176e+05
3.7853e+05
3.7529e+05
3.7206e+05
3.6883e+05
3.656e+05
3.6238e+05
3.5915e+05
3.5593e+05
3.5272e+05
3.495e+05
3.4629e+05
3.4309e+05
3.3989e+05
3.3669e+05
3.335e+05
3.3031e+05
3.2713e+05
3.2395e+05
3.2078e+05
3.1762e+05
3.1446e+05
3.113e+05
3.0815e+05
3.0501e+05
3.0188e+05
2.9875e+05
2.9563e+05
2.9252e+05
2.8941e+05
2.8631e+05
2.8322e+05
2.8014e+05
2.7706e+05
2.74e+05
2.7094e+05
2.6789e+05
2.6485e+05
2.6181e+05
2.5879e+05
2.5578e+05
2.5277e+05
2.4978e+05
2.468e+05
2.4382e+05
2.4086e+05
2.379e+05
2.3496e+05
2.3203e+05
2.2911e+05
2.2619e+05
2.2329e+05
2.204e+05
2.1753e+05
2.1466e+05
2.1181e+05
2.0896e+05
2.0613e+05
2.0331e+05
2.0051e+05
1.9771e+05
1.9493e+05
1.9216e+05
1.894e+05
1.8666e+05
1.8393e+05
1.8121e+05
1.785e+05
1.7581e+05
1.7313e+05
1.7047e+05
1.6781e+05
1.6518e+05
1.6255e+05
1.5994e+05
1.5734e+05
1.5476e+05
1.5219e+05
1.4964e+05
1.471e+05
1.4457e+05
1.4206e+05
1.3956e+05
1.3708e+05
1.3462e+05
1.3216e+05
1.2973e+05
1.273e+05
1.249e+05
1.225e+05
1.2013e+05
1.1776e+05
1.1542e+05
1.1309e+05
1.1077e+05
1.0847e+05
1.0619e+05
1.0392e+05
1.0166e+05
99426
97204
94998
92808
90634
88476
86333
84207
82097
80002
77924
75863
73817
71787
69774
67777
65797
63833
61885
59953
58038
56139
54257
52391
50541
48708
46892
45091
43308
41540
39789
38055
36337
34635
32950
31282
29629
27993
26374
24771
23184
21613
20059
18521
17000
15495
14005
12532
11076
9635.1
8210.6
6802.2
5409.8
4033.5
2673.1
1328.6
0
