53022
56506
60286
64360
68725
73379
78315
83528
89011
94756
1.0075e+05
1.0699e+05
1.1346e+05
1.2015e+05
1.2704e+05
1.3412e+05
1.4138e+05
1.4879e+05
1.5635e+05
1.6404e+05
1.7184e+05
1.7972e+05
1.8768e+05
1.9569e+05
2.0373e+05
2.1179e+05
2.1984e+05
2.2787e+05
2.3585e+05
2.4376e+05
2.5159e+05
2.5932e+05
2.6691e+05
2.7437e+05
2.8166e+05
2.8877e+05
2.9568e+05
3.0237e+05
3.0884e+05
3.1505e+05
3.21e+05
3.2667e+05
3.3204e+05
3.3711e+05
3.4186e+05
3.4629e+05
3.5037e+05
3.541e+05
3.5748e+05
3.6049e+05
3.6313e+05
3.654e+05
3.6728e+05
3.6878e+05
3.699e+05
3.7062e+05
3.7096e+05
3.7092e+05
3.7049e+05
3.6967e+05
3.6848e+05
3.6692e+05
3.6498e+05
3.6269e+05
3.6004e+05
3.5705e+05
3.5372e+05
3.5006e+05
3.4608e+05
3.418e+05
3.3723e+05
3.3237e+05
3.2724e+05
3.2186e+05
3.1623e+05
3.1038e+05
3.0431e+05
2.9804e+05
2.9159e+05
2.8496e+05
2.7819e+05
2.7127e+05
2.6423e+05
2.5708e+05
2.4984e+05
2.4253e+05
2.3515e+05
2.2773e+05
2.2028e+05
2.1281e+05
2.0534e+05
1.9788e+05
1.9045e+05
1.8306e+05
1.7573e+05
1.6847e+05
1.6129e+05
1.542e+05
1.4722e+05
1.4036e+05
1.3363e+05
1.2704e+05
1.206e+05
1.1432e+05
1.0821e+05
1.0228e+05
96538
90992
85651
80520
75606
70915
66453
62226
58236
54489
50989
47737
44738
41992
39502
37269
35293
33575
32115
30912
29965
29272
28831
28641
28698
28999
29541
30319
31329
32566
34026
35702
37590
39682
41972
44453
47119
49961
52973
56146
59471
62941
66547
70280
74130
78089
82148
86296
90524
94822
99182
1.0359e+05
1.0804e+05
1.1253e+05
1.1703e+05
1.2155e+05
1.2606e+05
1.3057e+05
1.3507e+05
1.3953e+05
1.4396e+05
1.4835e+05
1.5269e+05
1.5696e+05
1.6116e+05
1.6528e+05
1.6932e+05
1.7327e+05
1.7711e+05
1.8085e+05
1.8448e+05
1.8798e+05
1.9136e+05
1.9461e+05
1.9773e+05
2.007e+05
2.0353e+05
2.0621e+05
2.0875e+05
2.1113e+05
2.1335e+05
2.1541e+05
2.1732e+05
2.1906e+05
2.2064e+05
2.2206e+05
2.2332e+05
2.2442e+05
2.2535e+05
2.2613e+05
2.2674e+05
2.272e+05
2.275e+05
2.2765e+05
2.2765e+05
2.275e+05
2.272e+05
2.2676e+05
2.2619e+05
2.2547e+05
2.2462e+05
2.2365e+05
2.2255e+05
2.2132e+05
2.1998e+05
2.1852e+05
2.1696e+05
2.1528e+05
2.1351e+05
2.1163e+05
2.0966e+05
2.076e+05
2.0545e+05
2.0321e+05
2.009e+05
1.985e+05
1.9603e+05
1.9349e+05
1.9089e+05
1.8821e+05
1.8548e+05
1.8269e+05
1.7984e+05
1.7693e+05
1.7398e+05
1.7098e+05
1.6793e+05
1.6484e+05
1.617e+05
1.5853e+05
1.5533e+05
1.5209e+05
1.4882e+05
1.4552e+05
1.4219e+05
1.3884e+05
1.3547e+05
1.3208e+05
1.2867e+05
1.2526e+05
1.2183e+05
1.1839e+05
1.1495e+05
1.115e+05
1.0806e+05
1.0462e+05
1.0119e+05
97775
94371
90985
87620
84281
80971
77694
74454
71253
68097
64989
61932
58930
55988
53108
50293
47549
44876
42279
39761
37324
34970
32702
30522
28431
26432
24525
22711
20991
19365
17833
16395
15051
13798
12636
11564
10579
9678.5
8861.2
8123.6
7462.8
6875.5
6358.2
5907
5518.1
5187.5
4910.7
4683.6
4501.6
4360.3
4255.2
4181.7
4135.3
4111.6
4106.2
4114.9
4133.6
4158.3
4185.4
4211.3
4232.8
4246.9
4250.9
4242.4
4219.4
4180
4123.1
4047.5
3952.6
3838.2
3704.4
3551.6
3380.8
3193.1
2990.2
2773.8
2546.3
2310.1
2068.2
1823.4
1579.3
1339.2
1106.9
886.09
680.83
495.1
332.93
198.36
95.416
28.022
0
15.02
76.562
187.88
351.98
571.56
848.98
1186.3
1585.1
2046.6
2571.6
3160.4
3813
4528.6
5306.1
6144
7040
7991.5
8995.4
10048
11145
12283
13455
14658
15883
17127
18382
19641
20898
22145
23375
24581
25754
26889
27977
29011
29985
30891
31723
32476
33144
33721
34204
34588
34871
35050
35124
35091
34952
34708
34360
33913
33370
32735
32016
31219
30352
29425
28448
27433
26392
25338
24286
23251
22250
21300
20418
19623
18935
18374
17960
17713
17656
17810
18197
18839
19757
20973
22510
24388
26628
29252
32278
35726
39614
43961
48781
54092
59907
66239
73100
80500
88449
96952
1.0602e+05
1.1565e+05
1.2584e+05
1.366e+05
1.4793e+05
1.5983e+05
1.7228e+05
1.8528e+05
1.9882e+05
2.1289e+05
2.2749e+05
2.4258e+05
2.5817e+05
2.7422e+05
2.9072e+05
3.0766e+05
3.2499e+05
3.4271e+05
3.6077e+05
3.7917e+05
3.9785e+05
4.168e+05
4.3599e+05
4.5537e+05
4.7491e+05
4.9458e+05
5.1435e+05
5.3417e+05
5.5401e+05
5.7382e+05
5.9358e+05
6.1324e+05
6.3276e+05
6.521e+05
6.7123e+05
6.901e+05
7.0867e+05
7.2692e+05
7.4479e+05
7.6226e+05
7.7928e+05
7.9583e+05
8.1186e+05
8.2734e+05
8.4224e+05
8.5654e+05
8.7019e+05
8.8317e+05
8.9546e+05
9.0703e+05
9.1786e+05
9.2792e+05
9.372e+05
9.4567e+05
9.5332e+05
9.6014e+05
9.6612e+05
9.7124e+05
9.7549e+05
9.7888e+05
9.8139e+05
9.8302e+05
9.8378e+05
9.8366e+05
9.8266e+05
9.8081e+05
9.7809e+05
9.7452e+05
9.7011e+05
9.6488e+05
9.5884e+05
9.5201e+05
9.4439e+05
9.3602e+05
9.2692e+05
9.171e+05
9.0659e+05
8.9541e+05
8.836e+05
8.7118e+05
8.5817e+05
8.446e+05
8.3051e+05
8.1593e+05
8.0088e+05
7.854e+05
7.6952e+05
7.5328e+05
7.367e+05
7.1982e+05
7.0267e+05
6.8528e+05
6.6769e+05
6.4994e+05
6.3204e+05
6.1404e+05
5.9597e+05
5.7785e+05
5.5972e+05
5.4162e+05
5.2356e+05
5.0557e+05
4.8769e+05
4.6995e+05
4.5236e+05
4.3495e+05
4.1775e+05
4.0079e+05
3.8407e+05
3.6763e+05
3.5148e+05
3.3565e+05
3.2014e+05
3.0498e+05
2.9018e+05
2.7576e+05
2.6172e+05
2.4808e+05
2.3486e+05
2.2205e+05
2.0966e+05
1.9771e+05
1.862e+05
1.7513e+05
1.6451e+05
1.5433e+05
1.446e+05
1.3532e+05
1.2649e+05
1.181e+05
1.1015e+05
1.0264e+05
95558
88903
82667
76842
71419
66389
61743
57469
53558
49997
46775
43879
41296
39013
37016
35293
33829
32610
31622
30850
30282
29901
29695
29650
29750
29984
30337
30796
31349
31982
32684
33442
34246
35084
35946
36821
37700
38573
39433
40271
41080
41852
42582
43263
43889
44457
44962
45400
45769
46065
46286
46432
46500
46491
46404
46239
45998
45682
45292
44830
44299
43700
43039
42316
41537
40704
39822
38894
37925
36920
35882
34816
33728
32620
31499
30368
29233
28097
26964
25840
24728
23632
22556
21504
20478
19483
18520
17594
16705
15857
15051
14290
13574
12905
12283
11710
11186
10711
10284
9905.6
9575.1
9291.5
9053.9
8860.9
8711
8602.6
8533.9
8502.8
8507.2
8544.9
8613.4
8710.2
8832.7
8978.4
9144.4
9328
9526.5
9737
9956.8
10183
10413
10644
10874
11100
11319
11530
11729
11915
12087
12241
12377
12492
12586
12657
12705
12727
12725
12696
12641
12559
12451
12316
12156
11969
11757
11521
11261
10978
10674
10350
10006
9645.1
9267.8
8876
8471.1
8055
7629.1
7195.4
6755.5
6311.2
5864.2
5416.3
4969.1
4524.3
4083.6
3648.6
3220.6
2801.3
2392
1993.9
1608.3
1236.3
878.85
