2.8057e+05
2.835e+05
2.8641e+05
2.893e+05
2.9218e+05
2.9504e+05
2.9787e+05
3.0069e+05
3.0349e+05
3.0626e+05
3.0901e+05
3.1174e+05
3.1443e+05
3.171e+05
3.1975e+05
3.2236e+05
3.2494e+05
3.2749e+05
3.3001e+05
3.325e+05
3.3495e+05
3.3737e+05
3.3975e+05
3.421e+05
3.444e+05
3.4667e+05
3.489e+05
3.5109e+05
3.5324e+05
3.5535e+05
3.5741e+05
3.5944e+05
3.6142e+05
3.6335e+05
3.6524e+05
3.6709e+05
3.6889e+05
3.7064e+05
3.7235e+05
3.7401e+05
3.7562e+05
3.7718e+05
3.7869e+05
3.8016e+05
3.8157e+05
3.8293e+05
3.8425e+05
3.8551e+05
3.8672e+05
3.8788e+05
3.8898e+05
3.9003e+05
3.9103e+05
3.9198e+05
3.9288e+05
3.9372e+05
3.945e+05
3.9523e+05
3.9591e+05
3.9654e+05
3.9711e+05
3.9762e+05
3.9808e+05
3.9848e+05
3.9883e+05
3.9913e+05
3.9937e+05
3.9956e+05
3.9969e+05
3.9976e+05
3.9978e+05
3.9975e+05
3.9966e+05
3.9951e+05
3.9932e+05
3.9906e+05
3.9876e+05
3.984e+05
3.9798e+05
3.9752e+05
3.97e+05
3.9642e+05
3.958e+05
3.9512e+05
3.9439e+05
3.9361e+05
3.9278e+05
3.919e+05
3.9096e+05
3.8998e+05
3.8895e+05
3.8787e+05
3.8675e+05
3.8557e+05
3.8435e+05
3.8309e+05
3.8177e+05
3.8042e+05
3.7902e+05
3.7757e+05
3.7609e+05
3.7456e+05
3.7299e+05
3.7138e+05
3.6974e+05
3.6805e+05
3.6633e+05
3.6456e+05
3.6277e+05
3.6094e+05
3.5907e+05
3.5718e+05
3.5525e+05
3.5329e+05
3.513e+05
3.4928e+05
3.4723e+05
3.4516e+05
3.4307e+05
3.4094e+05
3.388e+05
3.3663e+05
3.3444e+05
3.3224e+05
3.3001e+05
3.2777e+05
3.2551e+05
3.2323e+05
3.2095e+05
3.1865e+05
3.1633e+05
3.1401e+05
3.1168e+05
3.0934e+05
3.07e+05
3.0465e+05
3.0229e+05
2.9994e+05
2.9758e+05
2.9522e+05
2.9286e+05
2.905e+05
2.8815e+05
2.858e+05
2.8345e+05
2.8112e+05
2.7879e+05
2.7647e+05
2.7416e+05
2.7186e+05
2.6957e+05
2.6729e+05
2.6503e+05
2.6279e+05
2.6056e+05
2.5835e+05
2.5615e+05
2.5398e+05
2.5182e+05
2.4969e+05
2.4757e+05
2.4548e+05
2.4341e+05
2.4137e+05
2.3935e+05
2.3735e+05
2.3538e+05
2.3344e+05
2.3152e+05
2.2963e+05
2.2777e+05
2.2594e+05
2.2413e+05
2.2236e+05
2.2061e+05
2.1889e+05
2.1721e+05
2.1555e+05
2.1392e+05
2.1233e+05
2.1076e+05
2.0923e+05
2.0772e+05
2.0625e+05
2.0481e+05
2.0339e+05
2.0201e+05
2.0065e+05
1.9933e+05
1.9803e+05
1.9677e+05
1.9553e+05
1.9432e+05
1.9314e+05
1.9199e+05
1.9086e+05
1.8976e+05
1.8868e+05
1.8763e+05
1.866e+05
1.8559e+05
1.8461e+05
1.8365e+05
1.8271e+05
1.8179e+05
1.8089e+05
1.8001e+05
1.7915e+05
1.783e+05
1.7746e+05
1.7665e+05
1.7584e+05
1.7505e+05
1.7426e+05
1.7349e+05
1.7273e+05
1.7197e+05
1.7122e+05
1.7048e+05
1.6974e+05
1.69e+05
1.6826e+05
1.6753e+05
1.6679e+05
1.6605e+05
1.6531e+05
1.6456e+05
1.6381e+05
1.6305e+05
1.6229e+05
1.6151e+05
1.6072e+05
1.5993e+05
1.5911e+05
1.5829e+05
1.5745e+05
1.5659e+05
1.5572e+05
1.5483e+05
1.5391e+05
1.5298e+05
1.5203e+05
1.5105e+05
1.5005e+05
1.4903e+05
1.4798e+05
1.469e+05
1.458e+05
1.4467e+05
1.4351e+05
1.4233e+05
1.4111e+05
1.3986e+05
1.3859e+05
1.3728e+05
1.3594e+05
1.3457e+05
1.3317e+05
1.3173e+05
1.3026e+05
1.2876e+05
1.2723e+05
1.2566e+05
1.2406e+05
1.2243e+05
1.2076e+05
1.1907e+05
1.1734e+05
1.1558e+05
1.1378e+05
1.1196e+05
1.1011e+05
1.0823e+05
1.0631e+05
1.0437e+05
1.0241e+05
1.0041e+05
98394
96350
94282
92192
90081
87950
85801
83635
81453
79257
77048
74829
72600
70365
68123
65879
63632
61387
59143
56904
54672
52450
50238
48040
45858
43694
41551
39432
37338
35273
33239
31238
29274
27349
25465
23626
21834
20092
18403
16769
15193
13679
12229
10845
9531.1
8289.5
7123.2
6034.9
5027.4
4103.5
3266
2517.7
1861.2
1299.2
834.44
469.56
207.14
49.778
0
60.307
233.15
520.95
926.05
1450.8
2097.4
2868
3764.9
4790.1
5945.6
7233.4
8655.3
10213
11909
13744
15720
17838
20101
22508
25062
27764
30615
33615
36766
40069
43524
47132
50893
54808
58877
63101
67479
72011
76698
81540
86535
91684
96986
1.0244e+05
1.0805e+05
1.138e+05
1.1971e+05
1.2577e+05
1.3197e+05
1.3832e+05
1.4482e+05
1.5146e+05
1.5824e+05
1.6516e+05
1.7222e+05
1.7942e+05
1.8675e+05
1.9422e+05
2.0182e+05
2.0954e+05
2.1739e+05
2.2537e+05
2.3346e+05
2.4167e+05
2.5e+05
2.5844e+05
2.6699e+05
2.7565e+05
2.8441e+05
2.9327e+05
3.0223e+05
3.1128e+05
3.2041e+05
3.2964e+05
3.3895e+05
3.4834e+05
3.578e+05
3.6733e+05
3.7693e+05
3.866e+05
3.9632e+05
4.061e+05
4.1593e+05
4.2581e+05
4.3572e+05
4.4568e+05
4.5567e+05
4.6569e+05
4.7574e+05
4.858e+05
4.9588e+05
5.0597e+05
5.1607e+05
5.2617e+05
5.3627e+05
5.4636e+05
5.5644e+05
5.6651e+05
5.7655e+05
5.8656e+05
5.9655e+05
6.065e+05
6.164e+05
6.2627e+05
6.3608e+05
6.4584e+05
6.5554e+05
6.6518e+05
6.7475e+05
6.8425e+05
6.9367e+05
7.03e+05
7.1225e+05
7.2141e+05
7.3048e+05
7.3944e+05
7.483e+05
7.5705e+05
7.6569e+05
7.7421e+05
7.8261e+05
7.9089e+05
7.9904e+05
8.0705e+05
8.1493e+05
8.2266e+05
8.3025e+05
8.377e+05
8.4499e+05
8.5213e+05
8.591e+05
8.6592e+05
8.7257e+05
8.7905e+05
8.8536e+05
8.9149e+05
8.9745e+05
9.0323e+05
9.0883e+05
9.1423e+05
9.1946e+05
9.2449e+05
9.2932e+05
9.3397e+05
9.3841e+05
9.4266e+05
9.4671e+05
9.5055e+05
9.5419e+05
9.5762e+05
9.6085e+05
9.6387e+05
9.6668e+05
9.6927e+05
9.7166e+05
9.7383e+05
9.7579e+05
9.7754e+05
9.7907e+05
9.8039e+05
9.8149e+05
9.8238e+05
9.8305e+05
9.8351e+05
9.8375e+05
9.8378e+05
9.8359e+05
9.8319e+05
9.8257e+05
9.8175e+05
9.8071e+05
9.7946e+05
9.7801e+05
9.7634e+05
9.7447e+05
9.7239e+05
9.7011e+05
9.6762e+05
9.6494e+05
9.6205e+05
9.5897e+05
9.557e+05
9.5223e+05
9.4857e+05
9.4472e+05
9.4069e+05
9.3647e+05
9.3207e+05
9.275e+05
9.2274e+05
9.1782e+05
9.1272e+05
9.0746e+05
9.0203e+05
8.9645e+05
8.907e+05
8.848e+05
8.7875e+05
8.7255e+05
8.6621e+05
8.5973e+05
8.531e+05
8.4635e+05
8.3946e+05
8.3245e+05
8.2531e+05
8.1805e+05
8.1068e+05
8.032e+05
7.9561e+05
7.8791e+05
7.8011e+05
7.7222e+05
7.6424e+05
7.5617e+05
7.4801e+05
7.3977e+05
7.3146e+05
7.2307e+05
7.1462e+05
7.061e+05
6.9752e+05
6.8888e+05
6.8019e+05
6.7146e+05
6.6268e+05
6.5386e+05
6.45e+05
6.3611e+05
6.2719e+05
6.1825e+05
6.0929e+05
6.0031e+05
5.9132e+05
5.8232e+05
5.7331e+05
5.643e+05
5.553e+05
5.463e+05
5.3731e+05
5.2833e+05
5.1937e+05
5.1043e+05
5.0151e+05
4.9262e+05
4.8376e+05
4.7493e+05
4.6615e+05
4.574e+05
4.4869e+05
4.4003e+05
4.3142e+05
4.2286e+05
4.1436e+05
4.0591e+05
3.9753e+05
3.892e+05
3.8095e+05
3.7276e+05
3.6464e+05
3.566e+05
3.4863e+05
3.4074e+05
3.3293e+05
3.252e+05
3.1756e+05
3.1e+05
3.0253e+05
2.9515e+05
2.8786e+05
2.8066e+05
2.7356e+05
2.6656e+05
2.5965e+05
2.5284e+05
2.4614e+05
2.3953e+05
2.3302e+05
2.2662e+05
2.2033e+05
2.1414e+05
2.0805e+05
2.0208e+05
1.9621e+05
1.9044e+05
1.8479e+05
1.7925e+05
1.7381e+05
1.6849e+05
1.6327e+05
1.5817e+05
1.5318e+05
1.4829e+05
1.4352e+05
1.3886e+05
1.343e+05
1.2986e+05
1.2553e+05
1.213e+05
1.1718e+05
1.1318e+05
1.0927e+05
1.0548e+05
1.0179e+05
98210
94732
91358
88087
84919
81851
78883
76015
73244
70570
67992
65508
63116
60817
58608
56488
54455
52509
50647
48868
47171
45554
44015
42554
41167
39855
38614
37443
36342
35307
34337
33431
32587
31803
31078
30409
29795
29234
28725
28266
27854
27489
27168
26891
26654
26457
26298
26175
26087
26031
26006
26012
26045
26105
26189
26297
26427
26577
26746
26933
27135
27352
27583
27825
28078
28340
28610
28887
29170
29457
29747
30039
30332
30626
30918
31208
31495
31779
32057
32330
32596
32854
33105
33347
33579
33800
34011
34210
34397
34571
34732
34880
35013
35131
35235
35323
35395
35451
35491
35514
35521
35510
35482
35437
35374
35294
35196
