1.9205e+05
1.9763e+05
2.0323e+05
2.0882e+05
2.144e+05
2.1996e+05
2.255e+05
2.3101e+05
2.3648e+05
2.4191e+05
2.4728e+05
2.526e+05
2.5785e+05
2.6303e+05
2.6814e+05
2.7316e+05
2.781e+05
2.8294e+05
2.8769e+05
2.9233e+05
2.9687e+05
3.0129e+05
3.056e+05
3.0979e+05
3.1386e+05
3.178e+05
3.2161e+05
3.2529e+05
3.2883e+05
3.3224e+05
3.355e+05
3.3863e+05
3.4162e+05
3.4446e+05
3.4716e+05
3.4971e+05
3.5212e+05
3.5439e+05
3.5651e+05
3.5849e+05
3.6032e+05
3.6201e+05
3.6357e+05
3.6498e+05
3.6626e+05
3.674e+05
3.6842e+05
3.693e+05
3.7005e+05
3.7068e+05
3.7119e+05
3.7159e+05
3.7186e+05
3.7203e+05
3.721e+05
3.7206e+05
3.7192e+05
3.7169e+05
3.7138e+05
3.7097e+05
3.7049e+05
3.6994e+05
3.6931e+05
3.6862e+05
3.6788e+05
3.6707e+05
3.6622e+05
3.6533e+05
3.6439e+05
3.6343e+05
3.6243e+05
3.6141e+05
3.6038e+05
3.5933e+05
3.5828e+05
3.5723e+05
3.5617e+05
3.5513e+05
3.541e+05
3.5309e+05
3.521e+05
3.5114e+05
3.5021e+05
3.4932e+05
3.4846e+05
3.4766e+05
3.469e+05
3.4619e+05
3.4554e+05
3.4496e+05
3.4443e+05
3.4397e+05
3.4358e+05
3.4326e+05
3.4302e+05
3.4286e+05
3.4277e+05
3.4277e+05
3.4284e+05
3.4301e+05
3.4326e+05
3.436e+05
3.4402e+05
3.4454e+05
3.4514e+05
3.4584e+05
3.4662e+05
3.475e+05
3.4847e+05
3.4952e+05
3.5066e+05
3.5189e+05
3.5321e+05
3.5462e+05
3.561e+05
3.5767e+05
3.5932e+05
3.6105e+05
3.6285e+05
3.6473e+05
3.6668e+05
3.6869e+05
3.7077e+05
3.7292e+05
3.7512e+05
3.7738e+05
3.7969e+05
3.8205e+05
3.8446e+05
3.869e+05
3.8939e+05
3.9191e+05
3.9446e+05
3.9703e+05
3.9963e+05
4.0224e+05
4.0487e+05
4.075e+05
4.1014e+05
4.1278e+05
4.1541e+05
4.1804e+05
4.2065e+05
4.2325e+05
4.2583e+05
4.2837e+05
4.3089e+05
4.3337e+05
4.3582e+05
4.3822e+05
4.4057e+05
4.4288e+05
4.4513e+05
4.4731e+05
4.4944e+05
4.515e+05
4.5349e+05
4.5541e+05
4.5725e+05
4.5901e+05
4.6068e+05
4.6227e+05
4.6377e+05
4.6518e+05
4.6649e+05
4.6771e+05
4.6882e+05
4.6984e+05
4.7075e+05
4.7156e+05
4.7226e+05
4.7285e+05
4.7332e+05
4.7369e+05
4.7395e+05
4.7409e+05
4.7411e+05
4.7403e+05
4.7382e+05
4.735e+05
4.7306e+05
4.7251e+05
4.7184e+05
4.7106e+05
4.7016e+05
4.6915e+05
4.6802e+05
4.6678e+05
4.6542e+05
4.6396e+05
4.6239e+05
4.6071e+05
4.5892e+05
4.5702e+05
4.5503e+05
4.5293e+05
4.5073e+05
4.4844e+05
4.4605e+05
4.4357e+05
4.41e+05
4.3834e+05
4.3559e+05
4.3277e+05
4.2986e+05
4.2688e+05
4.2382e+05
4.2069e+05
4.1749e+05
4.1423e+05
4.109e+05
4.0751e+05
4.0407e+05
4.0058e+05
3.9703e+05
3.9344e+05
3.898e+05
3.8612e+05
3.824e+05
3.7865e+05
3.7487e+05
3.7106e+05
3.6722e+05
3.6336e+05
3.5948e+05
3.5558e+05
3.5167e+05
3.4774e+05
3.4381e+05
3.3987e+05
3.3593e+05
3.3198e+05
3.2804e+05
3.241e+05
3.2017e+05
3.1624e+05
3.1233e+05
3.0842e+05
3.0454e+05
3.0067e+05
2.9681e+05
2.9298e+05
2.8917e+05
2.8538e+05
2.8162e+05
2.7788e+05
2.7417e+05
2.7048e+05
2.6683e+05
2.632e+05
2.5961e+05
2.5605e+05
2.5252e+05
2.4902e+05
2.4556e+05
2.4213e+05
2.3873e+05
2.3537e+05
2.3204e+05
2.2875e+05
2.2549e+05
2.2227e+05
2.1907e+05
2.1592e+05
2.1279e+05
2.097e+05
2.0664e+05
2.0361e+05
2.0061e+05
1.9764e+05
1.947e+05
1.9179e+05
1.8891e+05
1.8605e+05
1.8322e+05
1.8042e+05
1.7764e+05
1.7488e+05
1.7214e+05
1.6943e+05
1.6673e+05
1.6405e+05
1.6139e+05
1.5875e+05
1.5612e+05
1.535e+05
1.509e+05
1.4831e+05
1.4573e+05
1.4316e+05
1.406e+05
1.3805e+05
1.3551e+05
1.3297e+05
1.3044e+05
1.2791e+05
1.2538e+05
1.2286e+05
1.2034e+05
1.1782e+05
1.1531e+05
1.1279e+05
1.1028e+05
1.0777e+05
1.0526e+05
1.0274e+05
1.0023e+05
97719
95208
92697
90187
87679
85172
82668
80167
77670
75178
72691
70212
67741
65279
62828
60389
57965
55555
53164
50791
48439
46111
43808
41533
39287
37074
34896
32755
30654
28596
26583
24618
22705
20846
19044
17303
15625
14013
12472
11003
9611.4
8299.1
7069.9
5927.2
4874.3
3914.6
3051.5
2288.4
1628.8
1076
633.32
304.22
92.013
0
31.467
189.66
477.77
898.97
1456.3
2153
2991.8
3975.8
5107.8
6390.5
7826.8
9419.1
11170
13082
15157
17398
19807
22386
25136
28060
31159
34434
37888
41522
45336
49331
53509
57871
62416
67146
72060
77159
82443
87912
93565
99402
1.0542e+05
1.1163e+05
1.1801e+05
1.2458e+05
1.3132e+05
1.3824e+05
1.4534e+05
1.5261e+05
1.6006e+05
1.6768e+05
1.7546e+05
1.8341e+05
1.9152e+05
1.998e+05
2.0823e+05
2.1682e+05
2.2556e+05
2.3445e+05
2.4348e+05
2.5265e+05
2.6196e+05
2.7141e+05
2.8098e+05
2.9068e+05
3.005e+05
3.1044e+05
3.2049e+05
3.3065e+05
3.4091e+05
3.5126e+05
3.6171e+05
3.7225e+05
3.8287e+05
3.9356e+05
4.0433e+05
4.1516e+05
4.2605e+05
4.37e+05
4.4799e+05
4.5903e+05
4.701e+05
4.812e+05
4.9233e+05
5.0348e+05
5.1463e+05
5.258e+05
5.3696e+05
5.4811e+05
5.5925e+05
5.7037e+05
5.8147e+05
5.9253e+05
6.0355e+05
6.1453e+05
6.2545e+05
6.3632e+05
6.4712e+05
6.5785e+05
6.685e+05
6.7907e+05
6.8954e+05
6.9992e+05
7.102e+05
7.2036e+05
7.3042e+05
7.4035e+05
7.5015e+05
7.5982e+05
7.6935e+05
7.7873e+05
7.8797e+05
7.9705e+05
8.0596e+05
8.1471e+05
8.2329e+05
8.3169e+05
8.399e+05
8.4793e+05
8.5577e+05
8.6341e+05
8.7084e+05
8.7808e+05
8.851e+05
8.919e+05
8.9849e+05
9.0485e+05
9.1099e+05
9.169e+05
9.2258e+05
9.2802e+05
9.3322e+05
9.3818e+05
9.4289e+05
9.4736e+05
9.5157e+05
9.5554e+05
9.5925e+05
9.627e+05
9.659e+05
9.6884e+05
9.7151e+05
9.7393e+05
9.7608e+05
9.7797e+05
9.7959e+05
9.8095e+05
9.8205e+05
9.8288e+05
9.8344e+05
9.8374e+05
9.8378e+05
9.8355e+05
9.8306e+05
9.8231e+05
9.813e+05
9.8002e+05
9.785e+05
9.7671e+05
9.7467e+05
9.7238e+05
9.6984e+05
9.6705e+05
9.6401e+05
9.6073e+05
9.5721e+05
9.5346e+05
9.4947e+05
9.4525e+05
9.408e+05
9.3613e+05
9.3123e+05
9.2612e+05
9.208e+05
9.1527e+05
9.0953e+05
9.0359e+05
8.9745e+05
8.9113e+05
8.8461e+05
8.7791e+05
8.7103e+05
8.6398e+05
8.5676e+05
8.4937e+05
8.4183e+05
8.3413e+05
8.2628e+05
8.1829e+05
8.1016e+05
8.019e+05
7.935e+05
7.8499e+05
7.7636e+05
7.6761e+05
7.5876e+05
7.4981e+05
7.4076e+05
7.3162e+05
7.224e+05
7.131e+05
7.0372e+05
6.9428e+05
6.8477e+05
6.752e+05
6.6559e+05
6.5593e+05
6.4622e+05
6.3648e+05
6.2671e+05
6.1692e+05
6.071e+05
5.9728e+05
5.8744e+05
5.7759e+05
5.6775e+05
5.5792e+05
5.4809e+05
5.3828e+05
5.285e+05
5.1873e+05
5.09e+05
4.993e+05
4.8964e+05
4.8002e+05
4.7046e+05
4.6094e+05
4.5148e+05
4.4208e+05
4.3274e+05
4.2347e+05
4.1428e+05
4.0516e+05
3.9612e+05
3.8716e+05
3.7829e+05
3.695e+05
3.6081e+05
3.5221e+05
3.4372e+05
3.3532e+05
3.2703e+05
3.1884e+05
3.1076e+05
3.028e+05
2.9495e+05
2.8721e+05
2.7959e+05
2.7209e+05
2.6471e+05
2.5746e+05
2.5033e+05
2.4333e+05
2.3645e+05
2.297e+05
2.2308e+05
2.166e+05
2.1024e+05
2.0402e+05
1.9793e+05
1.9197e+05
1.8615e+05
1.8046e+05
1.7491e+05
1.6949e+05
1.6421e+05
1.5906e+05
1.5405e+05
1.4917e+05
1.4443e+05
1.3982e+05
1.3534e+05
1.3099e+05
1.2678e+05
1.227e+05
1.1874e+05
1.1492e+05
1.1122e+05
1.0766e+05
1.0421e+05
1.0089e+05
97696
94622
91667
88830
86111
83506
81015
78636
76366
74204
72148
70196
68346
66595
64942
63385
61920
60547
59263
58065
56952
55920
54968
54094
53294
52567
51910
51321
50797
50336
49936
49594
49308
49076
48894
48762
48675
48633
48633
48672
48748
48860
49004
49179
49382
49611
49865
50140
50436
50750
51079
51423
51779
52146
52521
52903
53290
53680
54072
54464
54855
55243
55626
56004
56375
56737
57090
57431
57761
58077
58380
58667
58937
59191
59427
59644
59841
60018
60174
60309
60422
60512
60579
60622
60642
60637
60608
60555
60476
60373
60244
60090
59911
59706
59477
59222
58943
58639
58310
57957
57580
57179
56755
56308
55838
