2.7865e+05
2.8198e+05
2.8532e+05
2.8867e+05
2.9203e+05
2.9539e+05
2.9876e+05
3.0214e+05
3.0552e+05
3.089e+05
3.1228e+05
3.1565e+05
3.1903e+05
3.224e+05
3.2576e+05
3.2911e+05
3.3245e+05
3.3578e+05
3.391e+05
3.424e+05
3.4569e+05
3.4895e+05
3.522e+05
3.5543e+05
3.5863e+05
3.6182e+05
3.6497e+05
3.681e+05
3.712e+05
3.7427e+05
3.7731e+05
3.8032e+05
3.833e+05
3.8624e+05
3.8914e+05
3.92e+05
3.9483e+05
3.9761e+05
4.0036e+05
4.0306e+05
4.0571e+05
4.0832e+05
4.1089e+05
4.134e+05
4.1587e+05
4.1829e+05
4.2066e+05
4.2297e+05
4.2523e+05
4.2744e+05
4.2959e+05
4.3168e+05
4.3372e+05
4.357e+05
4.3762e+05
4.3948e+05
4.4128e+05
4.4301e+05
4.4469e+05
4.463e+05
4.4785e+05
4.4933e+05
4.5075e+05
4.521e+05
4.5339e+05
4.5461e+05
4.5576e+05
4.5684e+05
4.5786e+05
4.588e+05
4.5968e+05
4.6049e+05
4.6123e+05
4.6189e+05
4.6249e+05
4.6302e+05
4.6347e+05
4.6386e+05
4.6417e+05
4.6441e+05
4.6459e+05
4.6469e+05
4.6472e+05
4.6468e+05
4.6457e+05
4.6438e+05
4.6413e+05
4.6381e+05
4.6342e+05
4.6296e+05
4.6243e+05
4.6184e+05
4.6117e+05
4.6044e+05
4.5964e+05
4.5878e+05
4.5785e+05
4.5686e+05
4.558e+05
4.5468e+05
4.535e+05
4.5225e+05
4.5095e+05
4.4958e+05
4.4816e+05
4.4668e+05
4.4514e+05
4.4355e+05
4.419e+05
4.402e+05
4.3845e+05
4.3664e+05
4.3479e+05
4.3289e+05
4.3094e+05
4.2894e+05
4.269e+05
4.2482e+05
4.2269e+05
4.2053e+05
4.1832e+05
4.1608e+05
4.138e+05
4.1149e+05
4.0914e+05
4.0677e+05
4.0436e+05
4.0192e+05
3.9946e+05
3.9697e+05
3.9446e+05
3.9193e+05
3.8937e+05
3.868e+05
3.8421e+05
3.816e+05
3.7898e+05
3.7635e+05
3.737e+05
3.7105e+05
3.6839e+05
3.6572e+05
3.6305e+05
3.6037e+05
3.5769e+05
3.5502e+05
3.5234e+05
3.4967e+05
3.47e+05
3.4434e+05
3.4169e+05
3.3904e+05
3.364e+05
3.3378e+05
3.3117e+05
3.2857e+05
3.2599e+05
3.2343e+05
3.2088e+05
3.1835e+05
3.1584e+05
3.1336e+05
3.1089e+05
3.0845e+05
3.0604e+05
3.0365e+05
3.0128e+05
2.9895e+05
2.9664e+05
2.9436e+05
2.9211e+05
2.8989e+05
2.877e+05
2.8554e+05
2.8341e+05
2.8132e+05
2.7926e+05
2.7723e+05
2.7523e+05
2.7327e+05
2.7134e+05
2.6945e+05
2.6759e+05
2.6577e+05
2.6398e+05
2.6222e+05
2.605e+05
2.5882e+05
2.5716e+05
2.5554e+05
2.5396e+05
2.524e+05
2.5088e+05
2.4939e+05
2.4794e+05
2.4651e+05
2.4512e+05
2.4375e+05
2.4242e+05
2.4111e+05
2.3983e+05
2.3858e+05
2.3735e+05
2.3615e+05
2.3497e+05
2.3382e+05
2.3268e+05
2.3157e+05
2.3048e+05
2.2941e+05
2.2835e+05
2.2731e+05
2.2629e+05
2.2528e+05
2.2429e+05
2.233e+05
2.2233e+05
2.2136e+05
2.204e+05
2.1945e+05
2.185e+05
2.1756e+05
2.1661e+05
2.1567e+05
2.1473e+05
2.1378e+05
2.1283e+05
2.1187e+05
2.1091e+05
2.0994e+05
2.0896e+05
2.0797e+05
2.0697e+05
2.0595e+05
2.0492e+05
2.0387e+05
2.028e+05
2.0172e+05
2.0061e+05
1.9949e+05
1.9833e+05
1.9716e+05
1.9596e+05
1.9473e+05
1.9348e+05
1.922e+05
1.9088e+05
1.8954e+05
1.8817e+05
1.8676e+05
1.8532e+05
1.8384e+05
1.8233e+05
1.8079e+05
1.7921e+05
1.7759e+05
1.7593e+05
1.7424e+05
1.7251e+05
1.7074e+05
1.6893e+05
1.6709e+05
1.652e+05
1.6327e+05
1.6131e+05
1.5931e+05
1.5726e+05
1.5518e+05
1.5306e+05
1.509e+05
1.4871e+05
1.4648e+05
1.4421e+05
1.419e+05
1.3956e+05
1.3719e+05
1.3478e+05
1.3234e+05
1.2986e+05
1.2736e+05
1.2483e+05
1.2226e+05
1.1968e+05
1.1706e+05
1.1443e+05
1.1177e+05
1.0909e+05
1.0639e+05
1.0367e+05
1.0094e+05
98192
95435
92668
89893
87113
84329
81545
78763
75984
73211
70447
67695
64956
62234
59532
56851
54195
51567
48970
46405
43877
41389
38942
36541
34188
31887
29640
27450
25321
23256
21257
19328
17473
15693
13992
12374
10841
9396.4
8043.1
6784.2
5622.8
4561.7
3603.9
2752.3
2009.8
1379.2
863.2
464.63
186.16
30.422
0
97.424
325.16
685.63
1181.2
1814
2586.4
3500.5
4558.4
5761.9
7113.1
8613.7
10266
12070
14029
16144
18416
20847
23437
26188
29101
32176
35415
38818
42386
46119
50017
54082
58312
62708
67269
71997
76889
81947
87168
92554
98102
1.0381e+05
1.0968e+05
1.1571e+05
1.219e+05
1.2825e+05
1.3475e+05
1.4141e+05
1.4822e+05
1.5518e+05
1.6229e+05
1.6954e+05
1.7694e+05
1.8448e+05
1.9217e+05
1.9998e+05
2.0794e+05
2.1602e+05
2.2424e+05
2.3258e+05
2.4104e+05
2.4963e+05
2.5833e+05
2.6715e+05
2.7607e+05
2.851e+05
2.9424e+05
3.0348e+05
3.1281e+05
3.2223e+05
3.3174e+05
3.4134e+05
3.5101e+05
3.6076e+05
3.7058e+05
3.8047e+05
3.9042e+05
4.0044e+05
4.105e+05
4.2062e+05
4.3077e+05
4.4097e+05
4.5121e+05
4.6148e+05
4.7177e+05
4.8208e+05
4.9241e+05
5.0275e+05
5.131e+05
5.2345e+05
5.338e+05
5.4413e+05
5.5446e+05
5.6477e+05
5.7505e+05
5.8531e+05
5.9553e+05
6.0571e+05
6.1585e+05
6.2595e+05
6.3599e+05
6.4597e+05
6.5589e+05
6.6574e+05
6.7551e+05
6.8521e+05
6.9483e+05
7.0436e+05
7.138e+05
7.2314e+05
7.3238e+05
7.4151e+05
7.5053e+05
7.5944e+05
7.6823e+05
7.7689e+05
7.8543e+05
7.9383e+05
8.021e+05
8.1022e+05
8.182e+05
8.2603e+05
8.3371e+05
8.4123e+05
8.4859e+05
8.5579e+05
8.6282e+05
8.6968e+05
8.7636e+05
8.8287e+05
8.8919e+05
8.9533e+05
9.0129e+05
9.0706e+05
9.1263e+05
9.1801e+05
9.2319e+05
9.2817e+05
9.3295e+05
9.3752e+05
9.4189e+05
9.4605e+05
9.5e+05
9.5373e+05
9.5726e+05
9.6057e+05
9.6366e+05
9.6653e+05
9.6919e+05
9.7163e+05
9.7384e+05
9.7584e+05
9.7761e+05
9.7916e+05
9.8049e+05
9.8159e+05
9.8247e+05
9.8313e+05
9.8356e+05
9.8378e+05
9.8377e+05
9.8353e+05
9.8308e+05
9.8241e+05
9.8151e+05
9.804e+05
9.7907e+05
9.7752e+05
9.7576e+05
9.7378e+05
9.7159e+05
9.6919e+05
9.6659e+05
9.6377e+05
9.6075e+05
9.5753e+05
9.541e+05
9.5048e+05
9.4666e+05
9.4265e+05
9.3844e+05
9.3405e+05
9.2947e+05
9.2471e+05
9.1977e+05
9.1465e+05
9.0936e+05
9.0389e+05
8.9826e+05
8.9246e+05
8.8651e+05
8.8039e+05
8.7412e+05
8.677e+05
8.6114e+05
8.5443e+05
8.4758e+05
8.406e+05
8.3348e+05
8.2624e+05
8.1887e+05
8.1138e+05
8.0377e+05
7.9606e+05
7.8823e+05
7.8031e+05
7.7228e+05
7.6416e+05
7.5594e+05
7.4764e+05
7.3926e+05
7.3079e+05
7.2226e+05
7.1365e+05
7.0498e+05
6.9624e+05
6.8745e+05
6.786e+05
6.6971e+05
6.6077e+05
6.5179e+05
6.4278e+05
6.3373e+05
6.2465e+05
6.1555e+05
6.0643e+05
5.973e+05
5.8815e+05
5.79e+05
5.6984e+05
5.6069e+05
5.5153e+05
5.4239e+05
5.3326e+05
5.2414e+05
5.1505e+05
5.0598e+05
4.9693e+05
4.8792e+05
4.7893e+05
4.6999e+05
4.6109e+05
4.5223e+05
4.4342e+05
4.3466e+05
4.2596e+05
4.1731e+05
4.0872e+05
4.0019e+05
3.9173e+05
3.8334e+05
3.7502e+05
3.6678e+05
3.5861e+05
3.5052e+05
3.4252e+05
3.3459e+05
3.2676e+05
3.1901e+05
3.1135e+05
3.0379e+05
2.9632e+05
2.8894e+05
2.8167e+05
2.7449e+05
2.6742e+05
2.6045e+05
2.5358e+05
2.4682e+05
2.4017e+05
2.3362e+05
2.2719e+05
2.2087e+05
2.1465e+05
2.0855e+05
2.0257e+05
1.967e+05
1.9094e+05
1.853e+05
1.7977e+05
1.7436e+05
1.6907e+05
1.6389e+05
1.5883e+05
1.5388e+05
1.4906e+05
1.4435e+05
1.3976e+05
1.3528e+05
1.3092e+05
1.2668e+05
1.2255e+05
1.1853e+05
1.1464e+05
1.1085e+05
1.0718e+05
1.0362e+05
1.0017e+05
96839
93613
90496
87487
84585
81789
79097
76509
74023
71638
69352
67165
65074
63078
61176
59366
57647
56016
54473
53015
51641
50349
49138
48005
46949
45968
45060
44223
43456
42756
42123
41552
41044
40596
40206
39872
39593
39365
39189
39060
38979
38942
38948
38996
39082
39206
39365
39558
39782
40037
40320
40630
40964
41322
41701
42099
42516
42949
43397
43859
44332
44816
45308
45808
46314
46824
47337
47853
48369
48884
49398
49909
50415
50916
51411
51898
52377
52846
53305
53753
54189
54612
55021
55416
55795
56159
56506
56836
57148
57442
57717
57973
58210
58426
58622
58797
58952
59085
59196
59286
59354
59400
59424
59425
59405
59362
59297
59209
