1.4791e+05
1.522e+05
1.5652e+05
1.6085e+05
1.6519e+05
1.6953e+05
1.7387e+05
1.7821e+05
1.8253e+05
1.8683e+05
1.9111e+05
1.9535e+05
1.9956e+05
2.0373e+05
2.0786e+05
2.1193e+05
2.1595e+05
2.1991e+05
2.238e+05
2.2762e+05
2.3137e+05
2.3505e+05
2.3864e+05
2.4214e+05
2.4556e+05
2.4889e+05
2.5212e+05
2.5525e+05
2.5828e+05
2.6121e+05
2.6404e+05
2.6676e+05
2.6937e+05
2.7187e+05
2.7427e+05
2.7655e+05
2.7871e+05
2.8077e+05
2.8271e+05
2.8454e+05
2.8625e+05
2.8785e+05
2.8934e+05
2.9072e+05
2.9199e+05
2.9315e+05
2.942e+05
2.9515e+05
2.96e+05
2.9674e+05
2.9738e+05
2.9793e+05
2.9838e+05
2.9874e+05
2.9902e+05
2.992e+05
2.9931e+05
2.9934e+05
2.9929e+05
2.9917e+05
2.9899e+05
2.9874e+05
2.9843e+05
2.9807e+05
2.9766e+05
2.9719e+05
2.9669e+05
2.9615e+05
2.9557e+05
2.9496e+05
2.9433e+05
2.9368e+05
2.9301e+05
2.9233e+05
2.9164e+05
2.9095e+05
2.9026e+05
2.8957e+05
2.8889e+05
2.8823e+05
2.8758e+05
2.8696e+05
2.8636e+05
2.8579e+05
2.8525e+05
2.8475e+05
2.8429e+05
2.8387e+05
2.835e+05
2.8317e+05
2.829e+05
2.8269e+05
2.8253e+05
2.8243e+05
2.8239e+05
2.8242e+05
2.8251e+05
2.8267e+05
2.829e+05
2.832e+05
2.8357e+05
2.8401e+05
2.8453e+05
2.8512e+05
2.8578e+05
2.8652e+05
2.8733e+05
2.8822e+05
2.8918e+05
2.9022e+05
2.9133e+05
2.925e+05
2.9375e+05
2.9507e+05
2.9646e+05
2.9791e+05
2.9943e+05
3.0101e+05
3.0265e+05
3.0434e+05
3.061e+05
3.079e+05
3.0976e+05
3.1166e+05
3.1361e+05
3.156e+05
3.1762e+05
3.1968e+05
3.2178e+05
3.239e+05
3.2604e+05
3.2821e+05
3.3039e+05
3.3259e+05
3.3479e+05
3.37e+05
3.3921e+05
3.4142e+05
3.4363e+05
3.4582e+05
3.48e+05
3.5016e+05
3.523e+05
3.5441e+05
3.5649e+05
3.5854e+05
3.6055e+05
3.6252e+05
3.6444e+05
3.6631e+05
3.6814e+05
3.699e+05
3.7161e+05
3.7325e+05
3.7483e+05
3.7633e+05
3.7777e+05
3.7913e+05
3.8041e+05
3.8161e+05
3.8272e+05
3.8375e+05
3.847e+05
3.8555e+05
3.8631e+05
3.8697e+05
3.8754e+05
3.8801e+05
3.8839e+05
3.8866e+05
3.8883e+05
3.889e+05
3.8886e+05
3.8873e+05
3.8848e+05
3.8814e+05
3.8769e+05
3.8713e+05
3.8647e+05
3.8571e+05
3.8484e+05
3.8387e+05
3.8279e+05
3.8162e+05
3.8035e+05
3.7897e+05
3.775e+05
3.7594e+05
3.7428e+05
3.7252e+05
3.7068e+05
3.6875e+05
3.6673e+05
3.6463e+05
3.6245e+05
3.6018e+05
3.5784e+05
3.5543e+05
3.5294e+05
3.5039e+05
3.4777e+05
3.4509e+05
3.4235e+05
3.3955e+05
3.367e+05
3.3379e+05
3.3085e+05
3.2785e+05
3.2482e+05
3.2175e+05
3.1865e+05
3.1551e+05
3.1235e+05
3.0916e+05
3.0596e+05
3.0273e+05
2.9949e+05
2.9624e+05
2.9298e+05
2.8972e+05
2.8646e+05
2.8319e+05
2.7993e+05
2.7668e+05
2.7344e+05
2.7021e+05
2.6699e+05
2.638e+05
2.6062e+05
2.5747e+05
2.5434e+05
2.5124e+05
2.4816e+05
2.4512e+05
2.4211e+05
2.3914e+05
2.362e+05
2.333e+05
2.3045e+05
2.2763e+05
2.2485e+05
2.2212e+05
2.1943e+05
2.1678e+05
2.1418e+05
2.1163e+05
2.0912e+05
2.0666e+05
2.0425e+05
2.0189e+05
1.9957e+05
1.9729e+05
1.9507e+05
1.9289e+05
1.9075e+05
1.8867e+05
1.8662e+05
1.8462e+05
1.8266e+05
1.8074e+05
1.7887e+05
1.7703e+05
1.7523e+05
1.7346e+05
1.7173e+05
1.7004e+05
1.6837e+05
1.6674e+05
1.6513e+05
1.6356e+05
1.62e+05
1.6047e+05
1.5896e+05
1.5746e+05
1.5599e+05
1.5453e+05
1.5308e+05
1.5164e+05
1.5021e+05
1.4879e+05
1.4737e+05
1.4595e+05
1.4453e+05
1.4311e+05
1.4169e+05
1.4026e+05
1.3883e+05
1.3738e+05
1.3592e+05
1.3445e+05
1.3297e+05
1.3147e+05
1.2995e+05
1.2841e+05
1.2684e+05
1.2526e+05
1.2365e+05
1.2202e+05
1.2036e+05
1.1867e+05
1.1695e+05
1.1521e+05
1.1343e+05
1.1163e+05
1.0979e+05
1.0793e+05
1.0603e+05
1.041e+05
1.0214e+05
1.0015e+05
98128
96075
93993
91881
89741
87573
85379
83160
80917
78653
76367
74063
71742
69405
67057
64697
62330
59957
57582
55206
52833
50466
48108
45762
43432
41120
38831
36568
34334
32134
29971
27849
25773
23745
21771
19854
17999
16209
14490
12845
11278
9794.3
8397.7
7092.7
5883.6
4774.6
3770
2874.2
2091.4
1425.8
881.56
462.8
173.62
18.036
0
123.4
392.05
809.67
1379.9
2106.3
2992.4
4041.4
5256.7
6641.3
8198.2
9930.5
11841
13932
16206
18665
21312
24149
27178
30400
33817
37430
41241
45251
49461
53871
58482
63294
68308
73523
78940
84558
90377
96395
1.0261e+05
1.0903e+05
1.1564e+05
1.2245e+05
1.2945e+05
1.3664e+05
1.4402e+05
1.5159e+05
1.5934e+05
1.6728e+05
1.754e+05
1.8369e+05
1.9216e+05
2.0079e+05
2.096e+05
2.1856e+05
2.2769e+05
2.3697e+05
2.4641e+05
2.5599e+05
2.6571e+05
2.7557e+05
2.8556e+05
2.9569e+05
3.0593e+05
3.1629e+05
3.2677e+05
3.3736e+05
3.4804e+05
3.5882e+05
3.697e+05
3.8065e+05
3.9169e+05
4.028e+05
4.1397e+05
4.252e+05
4.3649e+05
4.4783e+05
4.592e+05
4.7061e+05
4.8205e+05
4.935e+05
5.0498e+05
5.1646e+05
5.2793e+05
5.3941e+05
5.5087e+05
5.6231e+05
5.7372e+05
5.851e+05
5.9644e+05
6.0773e+05
6.1896e+05
6.3014e+05
6.4124e+05
6.5227e+05
6.6322e+05
6.7408e+05
6.8485e+05
6.9551e+05
7.0606e+05
7.165e+05
7.2682e+05
7.3701e+05
7.4707e+05
7.5698e+05
7.6675e+05
7.7637e+05
7.8583e+05
7.9512e+05
8.0425e+05
8.132e+05
8.2197e+05
8.3055e+05
8.3894e+05
8.4714e+05
8.5513e+05
8.6292e+05
8.705e+05
8.7786e+05
8.85e+05
8.9192e+05
8.9862e+05
9.0508e+05
9.113e+05
9.1729e+05
9.2304e+05
9.2854e+05
9.3379e+05
9.3879e+05
9.4354e+05
9.4803e+05
9.5226e+05
9.5623e+05
9.5994e+05
9.6339e+05
9.6657e+05
9.6948e+05
9.7213e+05
9.7451e+05
9.7661e+05
9.7845e+05
9.8002e+05
9.8131e+05
9.8233e+05
9.8308e+05
9.8357e+05
9.8378e+05
9.8372e+05
9.8339e+05
9.828e+05
9.8194e+05
9.8081e+05
9.7942e+05
9.7777e+05
9.7586e+05
9.7369e+05
9.7126e+05
9.6859e+05
9.6566e+05
9.6248e+05
9.5906e+05
9.554e+05
9.515e+05
9.4736e+05
9.4299e+05
9.384e+05
9.3358e+05
9.2853e+05
9.2327e+05
9.178e+05
9.1212e+05
9.0623e+05
9.0015e+05
8.9387e+05
8.8739e+05
8.8074e+05
8.739e+05
8.6688e+05
8.5969e+05
8.5234e+05
8.4482e+05
8.3715e+05
8.2933e+05
8.2136e+05
8.1325e+05
8.0501e+05
7.9663e+05
7.8813e+05
7.7952e+05
7.7079e+05
7.6195e+05
7.5301e+05
7.4397e+05
7.3485e+05
7.2564e+05
7.1634e+05
7.0698e+05
6.9754e+05
6.8805e+05
6.7849e+05
6.6889e+05
6.5924e+05
6.4954e+05
6.3982e+05
6.3006e+05
6.2027e+05
6.1047e+05
6.0066e+05
5.9083e+05
5.8101e+05
5.7118e+05
5.6136e+05
5.5156e+05
5.4177e+05
5.32e+05
5.2226e+05
5.1254e+05
5.0287e+05
4.9323e+05
4.8364e+05
4.741e+05
4.6461e+05
4.5518e+05
4.4581e+05
4.3651e+05
4.2727e+05
4.1811e+05
4.0903e+05
4.0003e+05
3.9111e+05
3.8227e+05
3.7353e+05
3.6488e+05
3.5633e+05
3.4788e+05
3.3953e+05
3.3128e+05
3.2315e+05
3.1512e+05
3.0721e+05
2.9941e+05
2.9172e+05
2.8416e+05
2.7671e+05
2.6939e+05
2.622e+05
2.5512e+05
2.4818e+05
2.4136e+05
2.3467e+05
2.2812e+05
2.2169e+05
2.154e+05
2.0924e+05
2.0321e+05
1.9731e+05
1.9155e+05
1.8593e+05
1.8044e+05
1.7508e+05
1.6986e+05
1.6478e+05
1.5983e+05
1.5501e+05
1.5033e+05
1.4578e+05
1.4136e+05
1.3707e+05
1.3292e+05
1.2889e+05
1.25e+05
1.2123e+05
1.1759e+05
1.1408e+05
1.1069e+05
1.0742e+05
1.0427e+05
1.0125e+05
98342
95552
92878
90318
87869
85530
83299
81175
79154
77235
75417
73696
72071
70539
69099
67747
66483
65303
64205
63187
62246
61381
60588
59866
59212
58623
58098
57633
57227
56877
56581
56336
56140
55991
55886
55824
55801
55816
55866
55949
56064
56207
56377
56571
56788
57026
57282
57555
57842
58143
58454
58775
59103
59437
59775
60115
60457
60798
61137
61472
61803
62127
62444
62753
63051
63339
63614
63877
64125
64358
64576
64777
64960
65125
65271
65398
65504
65590
65654
65697
65718
65717
65692
65645
65575
65481
65364
65223
65059
64871
64660
64424
64166
63884
63579
63251
62900
62527
62131
61714
61276
60816
60336
59835
59315
