64353
67001
69729
72534
75413
78363
81381
84463
87605
90805
94057
97360
1.0071e+05
1.041e+05
1.0752e+05
1.1098e+05
1.1447e+05
1.1799e+05
1.2153e+05
1.2508e+05
1.2864e+05
1.3222e+05
1.358e+05
1.3938e+05
1.4295e+05
1.4652e+05
1.5007e+05
1.5361e+05
1.5713e+05
1.6063e+05
1.641e+05
1.6753e+05
1.7094e+05
1.743e+05
1.7762e+05
1.809e+05
1.8413e+05
1.8731e+05
1.9044e+05
1.935e+05
1.9651e+05
1.9946e+05
2.0234e+05
2.0516e+05
2.0791e+05
2.1059e+05
2.132e+05
2.1573e+05
2.1819e+05
2.2057e+05
2.2288e+05
2.2511e+05
2.2726e+05
2.2933e+05
2.3132e+05
2.3323e+05
2.3507e+05
2.3682e+05
2.3849e+05
2.4008e+05
2.416e+05
2.4304e+05
2.444e+05
2.4568e+05
2.4689e+05
2.4802e+05
2.4909e+05
2.5008e+05
2.51e+05
2.5185e+05
2.5264e+05
2.5336e+05
2.5402e+05
2.5462e+05
2.5517e+05
2.5565e+05
2.5609e+05
2.5647e+05
2.568e+05
2.5708e+05
2.5733e+05
2.5752e+05
2.5768e+05
2.578e+05
2.5789e+05
2.5795e+05
2.5797e+05
2.5797e+05
2.5794e+05
2.5789e+05
2.5782e+05
2.5773e+05
2.5763e+05
2.5751e+05
2.5738e+05
2.5725e+05
2.571e+05
2.5695e+05
2.568e+05
2.5664e+05
2.5649e+05
2.5634e+05
2.5619e+05
2.5604e+05
2.5591e+05
2.5578e+05
2.5565e+05
2.5554e+05
2.5544e+05
2.5536e+05
2.5528e+05
2.5522e+05
2.5517e+05
2.5514e+05
2.5512e+05
2.5512e+05
2.5513e+05
2.5516e+05
2.5521e+05
2.5527e+05
2.5534e+05
2.5543e+05
2.5554e+05
2.5566e+05
2.5579e+05
2.5594e+05
2.561e+05
2.5627e+05
2.5645e+05
2.5664e+05
2.5685e+05
2.5706e+05
2.5728e+05
2.575e+05
2.5773e+05
2.5796e+05
2.582e+05
2.5844e+05
2.5868e+05
2.5892e+05
2.5915e+05
2.5939e+05
2.5961e+05
2.5984e+05
2.6005e+05
2.6026e+05
2.6045e+05
2.6063e+05
2.6081e+05
2.6096e+05
2.611e+05
2.6123e+05
2.6134e+05
2.6142e+05
2.6149e+05
2.6154e+05
2.6156e+05
2.6156e+05
2.6154e+05
2.6149e+05
2.6141e+05
2.6131e+05
2.6118e+05
2.6102e+05
2.6082e+05
2.606e+05
2.6035e+05
2.6006e+05
2.5974e+05
2.5939e+05
2.59e+05
2.5858e+05
2.5812e+05
2.5763e+05
2.571e+05
2.5654e+05
2.5594e+05
2.5531e+05
2.5463e+05
2.5392e+05
2.5318e+05
2.5239e+05
2.5157e+05
2.5072e+05
2.4982e+05
2.4889e+05
2.4792e+05
2.4692e+05
2.4588e+05
2.448e+05
2.4368e+05
2.4253e+05
2.4135e+05
2.4012e+05
2.3887e+05
2.3757e+05
2.3624e+05
2.3488e+05
2.3349e+05
2.3205e+05
2.3059e+05
2.2909e+05
2.2756e+05
2.26e+05
2.244e+05
2.2277e+05
2.2111e+05
2.1942e+05
2.177e+05
2.1595e+05
2.1417e+05
2.1235e+05
2.1051e+05
2.0864e+05
2.0674e+05
2.0481e+05
2.0286e+05
2.0088e+05
1.9887e+05
1.9683e+05
1.9477e+05
1.9268e+05
1.9057e+05
1.8843e+05
1.8627e+05
1.8409e+05
1.8188e+05
1.7965e+05
1.774e+05
1.7513e+05
1.7284e+05
1.7053e+05
1.6819e+05
1.6584e+05
1.6348e+05
1.6109e+05
1.5869e+05
1.5628e+05
1.5385e+05
1.5141e+05
1.4895e+05
1.4649e+05
1.4401e+05
1.4152e+05
1.3903e+05
1.3653e+05
1.3402e+05
1.3151e+05
1.29e+05
1.2648e+05
1.2397e+05
1.2145e+05
1.1894e+05
1.1643e+05
1.1392e+05
1.1142e+05
1.0893e+05
1.0645e+05
1.0399e+05
1.0153e+05
99089
96664
94258
91871
89505
87162
84845
82553
80290
78057
75855
73687
71553
69456
67397
65378
63400
61465
59574
57729
55930
54180
52479
50829
49231
47685
46193
44756
43374
42048
40778
39566
38411
37314
36275
35294
34371
33506
32699
31949
31256
30619
30038
29512
29039
28619
28251
27933
27664
27443
27267
27135
27046
26998
26987
27013
27073
27165
27287
27436
27609
27804
28019
28251
28497
28754
29020
29292
29567
29843
30116
30384
30644
30894
31130
31351
31552
31734
31891
32023
32127
32201
32242
32250
32222
32156
32050
31905
31718
31487
31214
30896
30533
30125
29671
29172
28629
28041
27409
26734
26018
25262
24467
23635
22769
21870
20941
19986
19007
18007
16990
15959
14919
13874
12828
11785
10751
9731
8729.5
7752.2
6804.7
5892.7
5022.2
4199.2
3430.1
2721
2078.6
1509.5
1020.3
617.83
308.99
100.72
0
13.873
149.4
413.65
813.69
1356.6
2049.4
2899
3912.4
5096.4
6457.7
8003.1
9739
11672
13808
16153
18713
21495
24502
27741
31217
34934
38897
43110
47578
52303
57289
62539
68056
73842
79900
86230
92833
99712
1.0687e+05
1.1429e+05
1.22e+05
1.2998e+05
1.3823e+05
1.4675e+05
1.5554e+05
1.646e+05
1.7393e+05
1.8351e+05
1.9335e+05
2.0345e+05
2.1379e+05
2.2438e+05
2.3521e+05
2.4626e+05
2.5755e+05
2.6905e+05
2.8077e+05
2.9269e+05
3.0481e+05
3.1712e+05
3.2961e+05
3.4227e+05
3.551e+05
3.6808e+05
3.812e+05
3.9445e+05
4.0783e+05
4.2132e+05
4.3491e+05
4.4858e+05
4.6234e+05
4.7616e+05
4.9004e+05
5.0395e+05
5.179e+05
5.3186e+05
5.4583e+05
5.5979e+05
5.7373e+05
5.8763e+05
6.0148e+05
6.1527e+05
6.2899e+05
6.4262e+05
6.5615e+05
6.6956e+05
6.8285e+05
6.96e+05
7.0899e+05
7.2182e+05
7.3447e+05
7.4693e+05
7.5919e+05
7.7122e+05
7.8303e+05
7.946e+05
8.0592e+05
8.1697e+05
8.2775e+05
8.3824e+05
8.4844e+05
8.5833e+05
8.6791e+05
8.7716e+05
8.8607e+05
8.9464e+05
9.0286e+05
9.1071e+05
9.182e+05
9.2531e+05
9.3204e+05
9.3838e+05
9.4432e+05
9.4987e+05
9.5501e+05
9.5973e+05
9.6405e+05
9.6794e+05
9.7141e+05
9.7446e+05
9.7708e+05
9.7927e+05
9.8104e+05
9.8237e+05
9.8327e+05
9.8374e+05
9.8378e+05
9.8339e+05
9.8257e+05
9.8133e+05
9.7966e+05
9.7757e+05
9.7507e+05
9.7216e+05
9.6883e+05
9.6511e+05
9.6098e+05
9.5646e+05
9.5155e+05
9.4627e+05
9.4061e+05
9.3458e+05
9.282e+05
9.2146e+05
9.1438e+05
9.0696e+05
8.9922e+05
8.9116e+05
8.828e+05
8.7413e+05
8.6518e+05
8.5595e+05
8.4646e+05
8.367e+05
8.267e+05
8.1646e+05
8.06e+05
7.9533e+05
7.8445e+05
7.7338e+05
7.6213e+05
7.5072e+05
7.3914e+05
7.2742e+05
7.1557e+05
7.036e+05
6.9151e+05
6.7933e+05
6.6706e+05
6.5472e+05
6.4231e+05
6.2984e+05
6.1734e+05
6.048e+05
5.9224e+05
5.7968e+05
5.6711e+05
5.5456e+05
5.4203e+05
5.2953e+05
5.1707e+05
5.0467e+05
4.9232e+05
4.8005e+05
4.6786e+05
4.5575e+05
4.4374e+05
4.3184e+05
4.2005e+05
4.0838e+05
3.9683e+05
3.8542e+05
3.7416e+05
3.6304e+05
3.5208e+05
3.4127e+05
3.3063e+05
3.2017e+05
3.0988e+05
2.9977e+05
2.8984e+05
2.8011e+05
2.7057e+05
2.6122e+05
2.5207e+05
2.4313e+05
2.3439e+05
2.2586e+05
2.1753e+05
2.0942e+05
2.0152e+05
1.9383e+05
1.8635e+05
1.7909e+05
1.7204e+05
1.6521e+05
1.5859e+05
1.5218e+05
1.4599e+05
1.4e+05
1.3423e+05
1.2866e+05
1.233e+05
1.1814e+05
1.1319e+05
1.0844e+05
1.0388e+05
99518
95349
91367
87572
83958
80523
77263
74175
71254
68496
65898
63455
61164
59020
57018
55155
53425
51825
50351
48996
47758
46632
45613
44696
43878
43154
42519
41969
41500
41107
40787
40535
40346
40218
40146
40126
40154
40227
40340
40492
40677
40892
41135
41402
41690
41996
42317
42651
42994
43344
43699
44057
44415
44770
45122
45467
45805
46133
46450
46755
47045
47320
47578
47818
48040
48242
48423
48583
48721
48836
48928
48996
49041
49061
49056
49027
48974
48895
48792
48664
48511
48334
48133
47909
47661
47389
47096
46780
46442
46083
45703
45304
44885
44447
43990
43516
43026
42519
41996
41459
40908
40343
39766
39177
38576
37965
37344
36715
36077
35431
34778
34120
33455
32786
32113
31436
30756
30074
29391
28706
28021
27336
26652
25968
25287
24608
23931
