1.8903e+05
1.9206e+05
1.9511e+05
1.9817e+05
2.0123e+05
2.043e+05
2.0736e+05
2.1042e+05
2.1348e+05
2.1652e+05
2.1956e+05
2.2259e+05
2.2559e+05
2.2858e+05
2.3155e+05
2.345e+05
2.3742e+05
2.4031e+05
2.4317e+05
2.46e+05
2.4879e+05
2.5154e+05
2.5426e+05
2.5693e+05
2.5956e+05
2.6215e+05
2.6468e+05
2.6717e+05
2.696e+05
2.7198e+05
2.7431e+05
2.7658e+05
2.7879e+05
2.8094e+05
2.8303e+05
2.8505e+05
2.8701e+05
2.8891e+05
2.9074e+05
2.9251e+05
2.942e+05
2.9583e+05
2.9739e+05
2.9887e+05
3.0029e+05
3.0163e+05
3.029e+05
3.041e+05
3.0523e+05
3.0629e+05
3.0727e+05
3.0818e+05
3.0902e+05
3.0978e+05
3.1048e+05
3.111e+05
3.1165e+05
3.1213e+05
3.1254e+05
3.1289e+05
3.1316e+05
3.1337e+05
3.1351e+05
3.1358e+05
3.136e+05
3.1354e+05
3.1343e+05
3.1326e+05
3.1303e+05
3.1274e+05
3.1239e+05
3.1199e+05
3.1154e+05
3.1104e+05
3.1049e+05
3.0989e+05
3.0924e+05
3.0855e+05
3.0782e+05
3.0705e+05
3.0624e+05
3.0539e+05
3.0451e+05
3.036e+05
3.0266e+05
3.0169e+05
3.0069e+05
2.9967e+05
2.9863e+05
2.9757e+05
2.9649e+05
2.9539e+05
2.9429e+05
2.9317e+05
2.9204e+05
2.909e+05
2.8975e+05
2.8861e+05
2.8746e+05
2.8631e+05
2.8516e+05
2.8401e+05
2.8287e+05
2.8174e+05
2.8061e+05
2.795e+05
2.7839e+05
2.773e+05
2.7622e+05
2.7516e+05
2.7412e+05
2.7309e+05
2.7208e+05
2.7109e+05
2.7012e+05
2.6917e+05
2.6825e+05
2.6735e+05
2.6647e+05
2.6562e+05
2.6479e+05
2.6399e+05
2.6321e+05
2.6246e+05
2.6173e+05
2.6103e+05
2.6036e+05
2.5971e+05
2.5909e+05
2.585e+05
2.5792e+05
2.5738e+05
2.5686e+05
2.5636e+05
2.5588e+05
2.5543e+05
2.55e+05
2.5459e+05
2.542e+05
2.5382e+05
2.5347e+05
2.5313e+05
2.5281e+05
2.525e+05
2.522e+05
2.5192e+05
2.5165e+05
2.5138e+05
2.5113e+05
2.5088e+05
2.5063e+05
2.5039e+05
2.5014e+05
2.499e+05
2.4966e+05
2.4941e+05
2.4916e+05
2.489e+05
2.4863e+05
2.4835e+05
2.4806e+05
2.4776e+05
2.4744e+05
2.4711e+05
2.4676e+05
2.4639e+05
2.4599e+05
2.4558e+05
2.4514e+05
2.4467e+05
2.4418e+05
2.4366e+05
2.4311e+05
2.4253e+05
2.4191e+05
2.4127e+05
2.4059e+05
2.3987e+05
2.3912e+05
2.3833e+05
2.375e+05
2.3663e+05
2.3572e+05
2.3478e+05
2.3379e+05
2.3276e+05
2.3169e+05
2.3058e+05
2.2942e+05
2.2822e+05
2.2698e+05
2.257e+05
2.2438e+05
2.2301e+05
2.216e+05
2.2015e+05
2.1866e+05
2.1713e+05
2.1556e+05
2.1395e+05
2.1231e+05
2.1062e+05
2.089e+05
2.0714e+05
2.0535e+05
2.0353e+05
2.0167e+05
1.9978e+05
1.9786e+05
1.9592e+05
1.9395e+05
1.9195e+05
1.8993e+05
1.8789e+05
1.8583e+05
1.8375e+05
1.8165e+05
1.7954e+05
1.7741e+05
1.7528e+05
1.7313e+05
1.7098e+05
1.6883e+05
1.6667e+05
1.645e+05
1.6234e+05
1.6019e+05
1.5803e+05
1.5589e+05
1.5375e+05
1.5162e+05
1.4951e+05
1.4741e+05
1.4532e+05
1.4326e+05
1.4121e+05
1.3919e+05
1.3719e+05
1.3521e+05
1.3326e+05
1.3134e+05
1.2945e+05
1.2759e+05
1.2577e+05
1.2398e+05
1.2222e+05
1.205e+05
1.1882e+05
1.1717e+05
1.1557e+05
1.1401e+05
1.1249e+05
1.1101e+05
1.0957e+05
1.0818e+05
1.0683e+05
1.0553e+05
1.0426e+05
1.0305e+05
1.0188e+05
1.0075e+05
99664
98625
97629
96676
95766
94898
94072
93286
92539
91831
91161
90527
89928
89363
88830
88327
87855
87409
86990
86595
86222
85870
85536
85219
84917
84627
84348
84077
83812
83551
83293
83034
82773
82507
82235
81953
81661
81356
81036
80699
80342
79965
79565
79139
78688
78208
77699
77158
76584
75976
75333
74653
73935
73179
72383
71547
70670
69752
68791
67789
66745
65658
64530
63359
62148
60896
59604
58273
56905
55499
54058
52583
51076
49538
47972
46379
44762
43123
41465
39791
38102
36403
34696
32985
31273
29564
27861
26167
24488
22827
21187
19574
17991
16443
14935
13470
12054
10692
9388.2
8147.4
6974.5
5874.7
4852.8
3914
3063.2
2305.6
1646.2
1090.1
642.36
308.08
92.293
0
36.177
205.75
513.61
964.55
1563.3
2314.6
3223
4293
5528.9
6935.2
8515.8
10275
12216
14344
16662
19172
21880
24787
27897
31213
34736
38471
42418
46580
50959
55556
60373
65411
70671
76153
81859
87788
93940
1.0032e+05
1.0691e+05
1.1373e+05
1.2078e+05
1.2804e+05
1.3552e+05
1.4321e+05
1.5112e+05
1.5925e+05
1.6758e+05
1.7612e+05
1.8487e+05
1.9381e+05
2.0296e+05
2.1229e+05
2.2182e+05
2.3153e+05
2.4143e+05
2.515e+05
2.6174e+05
2.7215e+05
2.8272e+05
2.9345e+05
3.0433e+05
3.1535e+05
3.2651e+05
3.378e+05
3.4921e+05
3.6074e+05
3.7238e+05
3.8413e+05
3.9597e+05
4.079e+05
4.1992e+05
4.32e+05
4.4416e+05
4.5637e+05
4.6863e+05
4.8093e+05
4.9326e+05
5.0562e+05
5.1799e+05
5.3037e+05
5.4275e+05
5.5512e+05
5.6747e+05
5.7979e+05
5.9208e+05
6.0431e+05
6.165e+05
6.2862e+05
6.4067e+05
6.5263e+05
6.6451e+05
6.7628e+05
6.8795e+05
6.9951e+05
7.1093e+05
7.2222e+05
7.3337e+05
7.4437e+05
7.5521e+05
7.6588e+05
7.7638e+05
7.8669e+05
7.9682e+05
8.0674e+05
8.1645e+05
8.2595e+05
8.3524e+05
8.4429e+05
8.531e+05
8.6168e+05
8.7001e+05
8.7808e+05
8.8589e+05
8.9344e+05
9.0071e+05
9.077e+05
9.1442e+05
9.2084e+05
9.2698e+05
9.3282e+05
9.3835e+05
9.4359e+05
9.4851e+05
9.5312e+05
9.5742e+05
9.614e+05
9.6507e+05
9.6841e+05
9.7142e+05
9.7411e+05
9.7647e+05
9.7851e+05
9.8021e+05
9.8158e+05
9.8263e+05
9.8334e+05
9.8372e+05
9.8378e+05
9.835e+05
9.829e+05
9.8197e+05
9.8072e+05
9.7914e+05
9.7724e+05
9.7503e+05
9.7249e+05
9.6965e+05
9.665e+05
9.6304e+05
9.5927e+05
9.5521e+05
9.5086e+05
9.4621e+05
9.4128e+05
9.3607e+05
9.3058e+05
9.2482e+05
9.188e+05
9.1251e+05
9.0598e+05
8.9919e+05
8.9216e+05
8.849e+05
8.7741e+05
8.6969e+05
8.6176e+05
8.5362e+05
8.4528e+05
8.3674e+05
8.2802e+05
8.1911e+05
8.1003e+05
8.0079e+05
7.9138e+05
7.8183e+05
7.7213e+05
7.6229e+05
7.5233e+05
7.4225e+05
7.3206e+05
7.2176e+05
7.1136e+05
7.0088e+05
6.9031e+05
6.7967e+05
6.6897e+05
6.582e+05
6.4739e+05
6.3653e+05
6.2564e+05
6.1472e+05
6.0379e+05
5.9283e+05
5.8188e+05
5.7092e+05
5.5998e+05
5.4905e+05
5.3814e+05
5.2726e+05
5.1642e+05
5.0562e+05
4.9487e+05
4.8418e+05
4.7355e+05
4.6298e+05
4.5249e+05
4.4208e+05
4.3176e+05
4.2152e+05
4.1138e+05
4.0134e+05
3.9141e+05
3.8158e+05
3.7187e+05
3.6228e+05
3.5282e+05
3.4348e+05
3.3427e+05
3.252e+05
3.1626e+05
3.0747e+05
2.9882e+05
2.9032e+05
2.8197e+05
2.7378e+05
2.6573e+05
2.5785e+05
2.5012e+05
2.4256e+05
2.3516e+05
2.2792e+05
2.2085e+05
2.1395e+05
2.0721e+05
2.0064e+05
1.9424e+05
1.8801e+05
1.8195e+05
1.7606e+05
1.7034e+05
1.6478e+05
1.594e+05
1.5418e+05
1.4913e+05
1.4425e+05
1.3953e+05
1.3498e+05
1.3058e+05
1.2635e+05
1.2228e+05
1.1837e+05
1.1462e+05
1.1101e+05
1.0756e+05
1.0427e+05
1.0112e+05
98110
95248
92526
89943
87496
85181
82996
80938
79004
77192
75497
73918
72450
71092
69838
68688
67636
66680
65817
65043
64355
63750
63225
62776
62399
62092
61852
61675
61558
61498
61491
61536
61627
61764
61942
62158
62411
62696
63011
63354
63722
64111
64520
64947
65388
65841
66304
66775
67252
67732
68213
68694
69173
69647
70116
70577
71029
71470
71899
72315
72716
73100
73468
73817
74147
74457
74746
75013
75257
75478
75675
75847
75995
76117
76214
76284
76328
76346
76337
76301
76239
76150
76034
75892
75724
75529
75309
75063
74791
74495
74174
73829
73460
73068
72654
72217
71759
71279
70780
70260
69722
69165
68590
67998
67390
66766
66126
65473
64806
64126
63434
62731
62016
61292
60559
59817
59068
