18685
22609
26773
31169
35792
40633
45686
50942
56393
62030
67843
73823
79960
86242
92661
99204
1.0586e+05
1.1262e+05
1.1947e+05
1.2639e+05
1.3339e+05
1.4043e+05
1.4752e+05
1.5464e+05
1.6178e+05
1.6893e+05
1.7606e+05
1.8318e+05
1.9027e+05
1.9732e+05
2.0432e+05
2.1125e+05
2.181e+05
2.2486e+05
2.3153e+05
2.3809e+05
2.4453e+05
2.5084e+05
2.5701e+05
2.6303e+05
2.689e+05
2.746e+05
2.8012e+05
2.8547e+05
2.9062e+05
2.9558e+05
3.0034e+05
3.0488e+05
3.0922e+05
3.1333e+05
3.1722e+05
3.2089e+05
3.2432e+05
3.2751e+05
3.3047e+05
3.3319e+05
3.3567e+05
3.379e+05
3.3989e+05
3.4163e+05
3.4314e+05
3.444e+05
3.4541e+05
3.4619e+05
3.4672e+05
3.4702e+05
3.4709e+05
3.4693e+05
3.4654e+05
3.4593e+05
3.451e+05
3.4405e+05
3.428e+05
3.4135e+05
3.397e+05
3.3786e+05
3.3583e+05
3.3363e+05
3.3125e+05
3.2872e+05
3.2602e+05
3.2318e+05
3.202e+05
3.1708e+05
3.1384e+05
3.1049e+05
3.0702e+05
3.0346e+05
2.998e+05
2.9607e+05
2.9226e+05
2.8838e+05
2.8445e+05
2.8047e+05
2.7645e+05
2.7241e+05
2.6834e+05
2.6425e+05
2.6017e+05
2.5608e+05
2.5201e+05
2.4795e+05
2.4393e+05
2.3994e+05
2.3599e+05
2.3209e+05
2.2825e+05
2.2447e+05
2.2077e+05
2.1714e+05
2.1359e+05
2.1013e+05
2.0677e+05
2.035e+05
2.0034e+05
1.9729e+05
1.9436e+05
1.9154e+05
1.8884e+05
1.8627e+05
1.8383e+05
1.8152e+05
1.7934e+05
1.7729e+05
1.7539e+05
1.7362e+05
1.7199e+05
1.7051e+05
1.6916e+05
1.6796e+05
1.669e+05
1.6598e+05
1.6519e+05
1.6455e+05
1.6404e+05
1.6367e+05
1.6343e+05
1.6332e+05
1.6334e+05
1.6349e+05
1.6376e+05
1.6414e+05
1.6464e+05
1.6525e+05
1.6597e+05
1.6679e+05
1.6771e+05
1.6872e+05
1.6983e+05
1.7101e+05
1.7227e+05
1.7361e+05
1.7501e+05
1.7648e+05
1.78e+05
1.7957e+05
1.8119e+05
1.8285e+05
1.8454e+05
1.8626e+05
1.88e+05
1.8976e+05
1.9152e+05
1.933e+05
1.9507e+05
1.9684e+05
1.9859e+05
2.0033e+05
2.0205e+05
2.0374e+05
2.0539e+05
2.0701e+05
2.0859e+05
2.1012e+05
2.1161e+05
2.1303e+05
2.144e+05
2.1571e+05
2.1694e+05
2.1811e+05
2.1921e+05
2.2023e+05
2.2118e+05
2.2204e+05
2.2282e+05
2.2351e+05
2.2412e+05
2.2464e+05
2.2507e+05
2.2541e+05
2.2566e+05
2.2582e+05
2.2588e+05
2.2585e+05
2.2573e+05
2.2551e+05
2.2521e+05
2.2481e+05
2.2432e+05
2.2374e+05
2.2308e+05
2.2232e+05
2.2148e+05
2.2056e+05
2.1956e+05
2.1847e+05
2.1731e+05
2.1607e+05
2.1476e+05
2.1338e+05
2.1193e+05
2.1041e+05
2.0883e+05
2.0719e+05
2.0549e+05
2.0373e+05
2.0192e+05
2.0006e+05
1.9816e+05
1.962e+05
1.9421e+05
1.9217e+05
1.901e+05
1.88e+05
1.8586e+05
1.8369e+05
1.815e+05
1.7928e+05
1.7703e+05
1.7477e+05
1.7249e+05
1.7019e+05
1.6787e+05
1.6554e+05
1.632e+05
1.6085e+05
1.585e+05
1.5613e+05
1.5376e+05
1.5138e+05
1.49e+05
1.4661e+05
1.4423e+05
1.4184e+05
1.3945e+05
1.3706e+05
1.3467e+05
1.3228e+05
1.2989e+05
1.275e+05
1.2511e+05
1.2273e+05
1.2034e+05
1.1796e+05
1.1558e+05
1.1321e+05
1.1083e+05
1.0846e+05
1.0609e+05
1.0372e+05
1.0135e+05
98989
96629
94272
91918
89568
87222
84881
82545
80215
77891
75575
73267
70968
68680
66403
64139
61890
59656
57440
55242
53065
50911
48782
46679
44605
42562
40552
38578
36641
34745
32891
31082
29322
27611
25952
24349
22803
21317
19892
18532
17239
16014
14860
13779
12771
11840
10986
10211
9515.7
8901.3
8368.6
7918.2
7550.6
7266
7064.2
6945.2
6908.3
6953
7078.2
7282.8
7565.4
7924.2
8357.4
8862.9
9438.1
10080
10787
11555
12381
13261
14191
15168
16188
17245
18336
19457
20601
21765
22942
24129
25321
26510
27693
28865
30019
31151
32255
33327
34361
35352
36295
37186
38021
38794
39502
40141
40708
41199
41610
41941
42187
42347
42420
42404
42299
42103
41818
41442
40979
40428
39792
39073
38274
37397
36448
35431
34349
33208
32015
30775
29495
28183
26845
25490
24127
22763
21410
20076
18771
17506
16292
15139
14058
13062
12162
11369
10695
10154
9756.8
9515.8
9443.5
9552.1
9853.9
10361
11086
12040
13235
14682
16394
18380
20652
23219
26092
29281
32793
36638
40824
45358
50247
55498
61115
67105
73471
80217
87345
94859
1.0276e+05
1.1105e+05
1.1972e+05
1.2878e+05
1.3823e+05
1.4805e+05
1.5826e+05
1.6884e+05
1.7978e+05
1.9109e+05
2.0276e+05
2.1478e+05
2.2714e+05
2.3983e+05
2.5284e+05
2.6616e+05
2.7978e+05
2.9369e+05
3.0787e+05
3.2232e+05
3.3701e+05
3.5193e+05
3.6707e+05
3.8241e+05
3.9794e+05
4.1363e+05
4.2946e+05
4.4543e+05
4.615e+05
4.7767e+05
4.9391e+05
5.102e+05
5.2653e+05
5.4286e+05
5.5919e+05
5.7548e+05
5.9173e+05
6.079e+05
6.2397e+05
6.3993e+05
6.5576e+05
6.7143e+05
6.8692e+05
7.0221e+05
7.1728e+05
7.3211e+05
7.4668e+05
7.6097e+05
7.7496e+05
7.8863e+05
8.0196e+05
8.1494e+05
8.2754e+05
8.3975e+05
8.5156e+05
8.6294e+05
8.7389e+05
8.8438e+05
8.944e+05
9.0395e+05
9.13e+05
9.2154e+05
9.2958e+05
9.3708e+05
9.4406e+05
9.5048e+05
9.5636e+05
9.6168e+05
9.6644e+05
9.7062e+05
9.7424e+05
9.7728e+05
9.7974e+05
9.8162e+05
9.8292e+05
9.8364e+05
9.8378e+05
9.8334e+05
9.8233e+05
9.8075e+05
9.786e+05
9.7589e+05
9.7263e+05
9.6882e+05
9.6448e+05
9.596e+05
9.542e+05
9.4828e+05
9.4187e+05
9.3496e+05
9.2758e+05
9.1974e+05
9.1144e+05
9.027e+05
8.9353e+05
8.8396e+05
8.7399e+05
8.6364e+05
8.5293e+05
8.4187e+05
8.3047e+05
8.1877e+05
8.0676e+05
7.9448e+05
7.8193e+05
7.6913e+05
7.5611e+05
7.4288e+05
7.2945e+05
7.1585e+05
7.0209e+05
6.8819e+05
6.7417e+05
6.6004e+05
6.4583e+05
6.3155e+05
6.1721e+05
6.0284e+05
5.8844e+05
5.7404e+05
5.5965e+05
5.4529e+05
5.3097e+05
5.1671e+05
5.0252e+05
4.8841e+05
4.7441e+05
4.6051e+05
4.4674e+05
4.3311e+05
4.1962e+05
4.0629e+05
3.9313e+05
3.8015e+05
3.6737e+05
3.5478e+05
3.4239e+05
3.3023e+05
3.1828e+05
3.0657e+05
2.9509e+05
2.8385e+05
2.7286e+05
2.6212e+05
2.5164e+05
2.4142e+05
2.3146e+05
2.2176e+05
2.1234e+05
2.0318e+05
1.943e+05
1.8569e+05
1.7734e+05
1.6928e+05
1.6148e+05
1.5395e+05
1.467e+05
1.3971e+05
1.3298e+05
1.2652e+05
1.2031e+05
1.1437e+05
1.0867e+05
1.0323e+05
98032
93073
88351
83861
79597
75554
71726
68109
64696
61482
58460
55625
52971
50490
48178
46028
44032
42186
40483
38916
37480
36168
34973
33890
32913
32035
31252
30557
29944
29408
28944
28546
28209
27929
27700
27518
27378
27275
27207
27168
27154
27163
27190
27232
27287
27350
27419
27491
27565
27636
27704
27767
27821
27867
27901
27923
27931
27925
27903
27864
27808
27734
27641
27530
27399
27249
27080
26891
26683
26455
26209
25945
25662
25362
25044
24710
24361
23996
23617
23224
22818
22400
21971
21531
21082
20625
20160
19688
19210
18727
18240
17749
17257
16763
16268
15773
15280
14788
14298
13812
13330
12852
12380
11913
11453
11000
10555
10117
9687.7
9267.2
8855.7
8453.8
8061.6
7679.4
7307.4
6945.8
6594.7
6254.3
5924.6
5605.6
5297.4
4999.9
4713
4436.8
4171
3915.5
3670.1
3434.6
3208.9
2992.5
2785.4
2587.1
2397.3
2215.8
2042.1
1875.9
1716.9
1564.5
1418.4
1278.2
1143.5
1013.8
888.75
767.8
650.55
536.57
425.39
316.59
209.71
104.33
0
