7.747e+05
7.7828e+05
7.817e+05
7.8496e+05
7.8806e+05
7.9103e+05
7.9386e+05
7.9658e+05
7.9918e+05
8.0168e+05
8.0408e+05
8.064e+05
8.0864e+05
8.1082e+05
8.1294e+05
8.15e+05
8.1703e+05
8.1901e+05
8.2097e+05
8.2291e+05
8.2483e+05
8.2675e+05
8.2866e+05
8.3058e+05
8.325e+05
8.3444e+05
8.3639e+05
8.3837e+05
8.4037e+05
8.424e+05
8.4446e+05
8.4656e+05
8.4869e+05
8.5086e+05
8.5307e+05
8.5533e+05
8.5762e+05
8.5996e+05
8.6234e+05
8.6476e+05
8.6722e+05
8.6973e+05
8.7228e+05
8.7486e+05
8.7748e+05
8.8014e+05
8.8283e+05
8.8556e+05
8.8831e+05
8.9109e+05
8.9389e+05
8.9671e+05
8.9955e+05
9.0241e+05
9.0527e+05
9.0814e+05
9.1102e+05
9.1389e+05
9.1676e+05
9.1962e+05
9.2247e+05
9.253e+05
9.2811e+05
9.309e+05
9.3365e+05
9.3638e+05
9.3906e+05
9.4171e+05
9.4431e+05
9.4685e+05
9.4935e+05
9.5179e+05
9.5416e+05
9.5647e+05
9.5871e+05
9.6087e+05
9.6296e+05
9.6496e+05
9.6689e+05
9.6872e+05
9.7046e+05
9.7211e+05
9.7366e+05
9.7511e+05
9.7646e+05
9.777e+05
9.7883e+05
9.7985e+05
9.8076e+05
9.8155e+05
9.8223e+05
9.8278e+05
9.8321e+05
9.8353e+05
9.8371e+05
9.8378e+05
9.8371e+05
9.8352e+05
9.832e+05
9.8275e+05
9.8218e+05
9.8147e+05
9.8063e+05
9.7966e+05
9.7857e+05
9.7734e+05
9.7598e+05
9.745e+05
9.7288e+05
9.7114e+05
9.6927e+05
9.6728e+05
9.6516e+05
9.6291e+05
9.6055e+05
9.5806e+05
9.5546e+05
9.5274e+05
9.499e+05
9.4694e+05
9.4388e+05
9.4071e+05
9.3742e+05
9.3403e+05
9.3054e+05
9.2695e+05
9.2326e+05
9.1947e+05
9.1558e+05
9.1161e+05
9.0754e+05
9.0339e+05
8.9916e+05
8.9484e+05
8.9045e+05
8.8598e+05
8.8144e+05
8.7682e+05
8.7214e+05
8.674e+05
8.6259e+05
8.5772e+05
8.528e+05
8.4783e+05
8.428e+05
8.3773e+05
8.3261e+05
8.2745e+05
8.2225e+05
8.1701e+05
8.1174e+05
8.0644e+05
8.0111e+05
7.9576e+05
7.9038e+05
7.8498e+05
7.7957e+05
7.7414e+05
7.687e+05
7.6325e+05
7.578e+05
7.5234e+05
7.4688e+05
7.4142e+05
7.3596e+05
7.3051e+05
7.2507e+05
7.1965e+05
7.1423e+05
7.0883e+05
7.0345e+05
6.9809e+05
6.9276e+05
6.8745e+05
6.8217e+05
6.7692e+05
6.717e+05
6.6652e+05
6.6138e+05
6.5627e+05
6.5121e+05
6.4619e+05
6.4122e+05
6.363e+05
6.3142e+05
6.266e+05
6.2183e+05
6.1712e+05
6.1247e+05
6.0788e+05
6.0335e+05
5.9888e+05
5.9448e+05
5.9015e+05
5.8589e+05
5.817e+05
5.7758e+05
5.7353e+05
5.6956e+05
5.6567e+05
5.6186e+05
5.5812e+05
5.5447e+05
5.509e+05
5.4741e+05
5.4401e+05
5.4069e+05
5.3746e+05
5.3432e+05
5.3127e+05
5.2831e+05
5.2543e+05
5.2265e+05
5.1996e+05
5.1736e+05
5.1486e+05
5.1244e+05
5.1012e+05
5.079e+05
5.0576e+05
5.0372e+05
5.0178e+05
4.9992e+05
4.9817e+05
4.965e+05
4.9493e+05
4.9345e+05
4.9206e+05
4.9076e+05
4.8956e+05
4.8844e+05
4.8741e+05
4.8648e+05
4.8563e+05
4.8487e+05
4.8419e+05
4.836e+05
4.8309e+05
4.8267e+05
4.8233e+05
4.8207e+05
4.8189e+05
4.8178e+05
4.8175e+05
4.818e+05
4.8192e+05
4.8211e+05
4.8237e+05
4.827e+05
4.831e+05
4.8356e+05
4.8409e+05
4.8468e+05
4.8533e+05
4.8604e+05
4.8681e+05
4.8763e+05
4.885e+05
4.8943e+05
4.904e+05
4.9143e+05
4.925e+05
4.9361e+05
4.9477e+05
4.9597e+05
4.9721e+05
4.9848e+05
4.9979e+05
5.0114e+05
5.0252e+05
5.0393e+05
5.0537e+05
5.0684e+05
5.0833e+05
5.0985e+05
5.1139e+05
5.1296e+05
5.1454e+05
5.1614e+05
5.1776e+05
5.194e+05
5.2105e+05
5.2272e+05
5.244e+05
5.2609e+05
5.2779e+05
5.295e+05
5.3122e+05
5.3295e+05
5.3468e+05
5.3642e+05
5.3816e+05
5.3991e+05
5.4166e+05
5.4341e+05
5.4517e+05
5.4692e+05
5.4868e+05
5.5044e+05
5.5219e+05
5.5395e+05
5.557e+05
5.5746e+05
5.5921e+05
5.6096e+05
5.6271e+05
5.6445e+05
5.6619e+05
5.6793e+05
5.6967e+05
5.714e+05
5.7314e+05
5.7487e+05
5.7659e+05
5.7832e+05
5.8004e+05
5.8176e+05
5.8348e+05
5.8519e+05
5.8691e+05
5.8862e+05
5.9033e+05
5.9204e+05
5.9376e+05
5.9547e+05
5.9718e+05
5.989e+05
6.0061e+05
6.0233e+05
6.0405e+05
6.0577e+05
6.075e+05
6.0922e+05
6.1096e+05
6.1269e+05
6.1444e+05
6.1618e+05
6.1794e+05
6.197e+05
6.2146e+05
6.2324e+05
6.2502e+05
6.2681e+05
6.2861e+05
6.3041e+05
6.3223e+05
6.3405e+05
6.3589e+05
6.3773e+05
6.3958e+05
6.4145e+05
6.4332e+05
6.4521e+05
6.471e+05
6.4901e+05
6.5093e+05
6.5286e+05
6.548e+05
6.5675e+05
6.5871e+05
6.6068e+05
6.6267e+05
6.6466e+05
6.6666e+05
6.6868e+05
6.707e+05
6.7273e+05
6.7477e+05
6.7682e+05
6.7888e+05
6.8094e+05
6.8301e+05
6.8509e+05
6.8717e+05
6.8926e+05
6.9134e+05
6.9344e+05
6.9553e+05
6.9763e+05
6.9973e+05
7.0182e+05
7.0392e+05
7.0601e+05
7.081e+05
7.1018e+05
7.1226e+05
7.1434e+05
7.164e+05
7.1846e+05
7.205e+05
7.2254e+05
7.2456e+05
7.2656e+05
7.2856e+05
7.3053e+05
7.3249e+05
7.3443e+05
7.3635e+05
7.3825e+05
7.4013e+05
7.4198e+05
7.438e+05
7.456e+05
7.4738e+05
7.4912e+05
7.5083e+05
7.5251e+05
7.5416e+05
7.5578e+05
7.5736e+05
7.589e+05
7.6041e+05
7.6188e+05
7.633e+05
7.6469e+05
7.6604e+05
7.6734e+05
7.686e+05
7.6982e+05
7.7099e+05
7.7212e+05
7.732e+05
7.7423e+05
7.7521e+05
7.7614e+05
7.7703e+05
7.7786e+05
7.7864e+05
7.7937e+05
7.8005e+05
7.8068e+05
7.8125e+05
7.8177e+05
7.8224e+05
7.8266e+05
7.8302e+05
7.8333e+05
7.8358e+05
7.8378e+05
7.8392e+05
7.8401e+05
7.8405e+05
7.8403e+05
7.8396e+05
7.8383e+05
7.8365e+05
7.8342e+05
7.8313e+05
7.8279e+05
7.824e+05
7.8196e+05
7.8146e+05
7.8091e+05
7.8031e+05
7.7966e+05
7.7897e+05
7.7822e+05
7.7742e+05
7.7657e+05
7.7567e+05
7.7473e+05
7.7374e+05
7.727e+05
7.7162e+05
7.7049e+05
7.6932e+05
7.6811e+05
7.6685e+05
7.6555e+05
7.642e+05
7.6282e+05
7.6139e+05
7.5993e+05
7.5842e+05
7.5688e+05
7.553e+05
7.5368e+05
7.5203e+05
7.5034e+05
7.4861e+05
7.4685e+05
7.4506e+05
7.4323e+05
7.4137e+05
7.3948e+05
7.3756e+05
7.3561e+05
7.3362e+05
7.3161e+05
7.2957e+05
7.275e+05
7.254e+05
7.2327e+05
7.2112e+05
7.1894e+05
7.1673e+05
7.145e+05
7.1225e+05
7.0997e+05
7.0767e+05
7.0534e+05
7.0299e+05
7.0062e+05
6.9823e+05
6.9581e+05
6.9337e+05
6.9091e+05
6.8844e+05
6.8594e+05
6.8342e+05
6.8088e+05
6.7832e+05
6.7575e+05
6.7315e+05
6.7054e+05
6.679e+05
6.6526e+05
6.6259e+05
6.599e+05
6.572e+05
6.5449e+05
6.5175e+05
6.49e+05
6.4623e+05
6.4345e+05
6.4065e+05
6.3784e+05
6.3501e+05
6.3217e+05
6.2931e+05
6.2644e+05
6.2355e+05
6.2065e+05
6.1773e+05
6.148e+05
6.1186e+05
6.0891e+05
6.0594e+05
6.0296e+05
5.9996e+05
5.9695e+05
5.9393e+05
5.909e+05
5.8786e+05
5.848e+05
5.8173e+05
5.7865e+05
5.7556e+05
5.7246e+05
5.6935e+05
5.6622e+05
5.6309e+05
5.5994e+05
5.5679e+05
5.5362e+05
5.5045e+05
5.4726e+05
5.4407e+05
5.4087e+05
5.3766e+05
5.3443e+05
5.312e+05
5.2797e+05
5.2472e+05
5.2147e+05
5.182e+05
5.1494e+05
5.1166e+05
5.0837e+05
5.0508e+05
5.0179e+05
4.9848e+05
4.9517e+05
4.9186e+05
4.8853e+05
4.8521e+05
4.8187e+05
4.7854e+05
4.7519e+05
4.7184e+05
4.6849e+05
4.6513e+05
4.6177e+05
4.5841e+05
4.5504e+05
4.5167e+05
4.4829e+05
4.4491e+05
4.4153e+05
4.3815e+05
4.3476e+05
4.3137e+05
4.2798e+05
4.2459e+05
4.212e+05
4.178e+05
4.144e+05
4.1101e+05
4.0761e+05
4.0421e+05
4.0081e+05
3.9741e+05
3.94e+05
3.906e+05
3.872e+05
3.838e+05
3.804e+05
3.77e+05
3.736e+05
3.7021e+05
3.6681e+05
3.6342e+05
3.6002e+05
3.5663e+05
3.5324e+05
3.4985e+05
3.4647e+05
3.4308e+05
3.397e+05
3.3632e+05
3.3295e+05
3.2958e+05
3.2621e+05
3.2284e+05
3.1948e+05
3.1612e+05
3.1277e+05
3.0942e+05
3.0607e+05
3.0273e+05
2.9939e+05
2.9606e+05
2.9274e+05
2.8941e+05
2.861e+05
2.8279e+05
2.7948e+05
2.7618e+05
2.7289e+05
2.6961e+05
2.6633e+05
2.6306e+05
2.5979e+05
2.5653e+05
2.5328e+05
2.5004e+05
2.4681e+05
2.4358e+05
2.4037e+05
2.3716e+05
2.3396e+05
2.3077e+05
2.2759e+05
2.2442e+05
2.2126e+05
2.1811e+05
2.1497e+05
2.1184e+05
2.0872e+05
2.0562e+05
2.0252e+05
1.9944e+05
1.9637e+05
1.9331e+05
1.9027e+05
1.8723e+05
1.8421e+05
1.8121e+05
1.7821e+05
1.7523e+05
1.7227e+05
1.6932e+05
1.6638e+05
1.6346e+05
1.6055e+05
1.5766e+05
1.5478e+05
1.5192e+05
1.4907e+05
1.4624e+05
1.4342e+05
1.4062e+05
1.3784e+05
1.3507e+05
1.3232e+05
1.2958e+05
1.2686e+05
1.2415e+05
1.2147e+05
1.188e+05
1.1614e+05
1.135e+05
1.1088e+05
1.0828e+05
1.0569e+05
1.0311e+05
1.0056e+05
98016
95492
92984
90492
88015
85555
83110
80681
78267
75869
73485
71116
68763
66423
64098
61788
59491
57208
54938
52682
50439
48209
45992
43787
41594
39414
37245
35088
32942
30807
28683
26570
24468
22376
20294
18222
16160
14108
12065
10031
8007.1
5992
3985.8
1988.5
0
