6.4935e+05
6.526e+05
6.5585e+05
6.5911e+05
6.624e+05
6.6571e+05
6.6906e+05
6.7244e+05
6.7587e+05
6.7935e+05
6.8288e+05
6.8647e+05
6.9012e+05
6.9383e+05
6.976e+05
7.0145e+05
7.0536e+05
7.0933e+05
7.1338e+05
7.175e+05
7.2168e+05
7.2594e+05
7.3026e+05
7.3464e+05
7.3909e+05
7.4359e+05
7.4816e+05
7.5277e+05
7.5744e+05
7.6216e+05
7.6692e+05
7.7171e+05
7.7655e+05
7.8141e+05
7.863e+05
7.9121e+05
7.9614e+05
8.0108e+05
8.0603e+05
8.1097e+05
8.1592e+05
8.2086e+05
8.2578e+05
8.3068e+05
8.3557e+05
8.4042e+05
8.4524e+05
8.5003e+05
8.5477e+05
8.5947e+05
8.6411e+05
8.687e+05
8.7324e+05
8.7771e+05
8.8212e+05
8.8645e+05
8.9072e+05
8.949e+05
8.9901e+05
9.0304e+05
9.0698e+05
9.1084e+05
9.1461e+05
9.1829e+05
9.2187e+05
9.2536e+05
9.2876e+05
9.3205e+05
9.3525e+05
9.3835e+05
9.4135e+05
9.4425e+05
9.4704e+05
9.4973e+05
9.5232e+05
9.5481e+05
9.5719e+05
9.5947e+05
9.6164e+05
9.6371e+05
9.6568e+05
9.6754e+05
9.693e+05
9.7095e+05
9.7251e+05
9.7396e+05
9.7531e+05
9.7655e+05
9.777e+05
9.7875e+05
9.7969e+05
9.8054e+05
9.8129e+05
9.8193e+05
9.8248e+05
9.8294e+05
9.8329e+05
9.8355e+05
9.8371e+05
9.8378e+05
9.8375e+05
9.8362e+05
9.834e+05
9.8309e+05
9.8268e+05
9.8218e+05
9.8159e+05
9.809e+05
9.8012e+05
9.7925e+05
9.7829e+05
9.7723e+05
9.7609e+05
9.7485e+05
9.7352e+05
9.721e+05
9.7059e+05
9.6899e+05
9.673e+05
9.6552e+05
9.6365e+05
9.617e+05
9.5965e+05
9.5752e+05
9.553e+05
9.5299e+05
9.506e+05
9.4812e+05
9.4556e+05
9.4291e+05
9.4017e+05
9.3736e+05
9.3446e+05
9.3148e+05
9.2842e+05
9.2527e+05
9.2205e+05
9.1875e+05
9.1538e+05
9.1192e+05
9.0839e+05
9.0479e+05
9.0112e+05
8.9738e+05
8.9356e+05
8.8968e+05
8.8573e+05
8.8172e+05
8.7764e+05
8.735e+05
8.693e+05
8.6504e+05
8.6073e+05
8.5636e+05
8.5194e+05
8.4746e+05
8.4294e+05
8.3837e+05
8.3376e+05
8.291e+05
8.2441e+05
8.1967e+05
8.149e+05
8.101e+05
8.0526e+05
8.004e+05
7.9551e+05
7.9059e+05
7.8565e+05
7.8069e+05
7.7572e+05
7.7072e+05
7.6572e+05
7.607e+05
7.5568e+05
7.5065e+05
7.4562e+05
7.4058e+05
7.3555e+05
7.3052e+05
7.255e+05
7.2048e+05
7.1548e+05
7.1048e+05
7.0551e+05
7.0055e+05
6.956e+05
6.9068e+05
6.8579e+05
6.8091e+05
6.7607e+05
6.7125e+05
6.6647e+05
6.6172e+05
6.57e+05
6.5232e+05
6.4768e+05
6.4308e+05
6.3852e+05
6.34e+05
6.2953e+05
6.251e+05
6.2072e+05
6.1639e+05
6.1211e+05
6.0788e+05
6.0371e+05
5.9959e+05
5.9552e+05
5.9151e+05
5.8755e+05
5.8366e+05
5.7982e+05
5.7604e+05
5.7232e+05
5.6866e+05
5.6507e+05
5.6153e+05
5.5806e+05
5.5466e+05
5.5131e+05
5.4803e+05
5.4482e+05
5.4166e+05
5.3858e+05
5.3556e+05
5.326e+05
5.2971e+05
5.2689e+05
5.2413e+05
5.2144e+05
5.1882e+05
5.1626e+05
5.1376e+05
5.1133e+05
5.0897e+05
5.0667e+05
5.0444e+05
5.0227e+05
5.0017e+05
4.9813e+05
4.9616e+05
4.9425e+05
4.924e+05
4.9062e+05
4.889e+05
4.8724e+05
4.8565e+05
4.8412e+05
4.8265e+05
4.8124e+05
4.7989e+05
4.786e+05
4.7737e+05
4.7621e+05
4.751e+05
4.7405e+05
4.7305e+05
4.7212e+05
4.7124e+05
4.7042e+05
4.6965e+05
4.6894e+05
4.6829e+05
4.6769e+05
4.6714e+05
4.6665e+05
4.6621e+05
4.6582e+05
4.6548e+05
4.652e+05
4.6496e+05
4.6478e+05
4.6464e+05
4.6455e+05
4.6452e+05
4.6453e+05
4.6458e+05
4.6468e+05
4.6483e+05
4.6502e+05
4.6526e+05
4.6554e+05
4.6587e+05
4.6623e+05
4.6664e+05
4.6709e+05
4.6758e+05
4.6811e+05
4.6867e+05
4.6928e+05
4.6992e+05
4.706e+05
4.7131e+05
4.7206e+05
4.7285e+05
4.7367e+05
4.7452e+05
4.754e+05
4.7632e+05
4.7726e+05
4.7824e+05
4.7924e+05
4.8028e+05
4.8134e+05
4.8243e+05
4.8354e+05
4.8469e+05
4.8586e+05
4.8705e+05
4.8826e+05
4.8951e+05
4.9077e+05
4.9206e+05
4.9336e+05
4.9469e+05
4.9604e+05
4.9742e+05
4.9881e+05
5.0022e+05
5.0165e+05
5.031e+05
5.0457e+05
5.0606e+05
5.0756e+05
5.0909e+05
5.1063e+05
5.1219e+05
5.1376e+05
5.1536e+05
5.1697e+05
5.186e+05
5.2025e+05
5.2191e+05
5.2359e+05
5.2529e+05
5.2701e+05
5.2874e+05
5.3049e+05
5.3227e+05
5.3405e+05
5.3586e+05
5.3769e+05
5.3954e+05
5.414e+05
5.4329e+05
5.4519e+05
5.4712e+05
5.4907e+05
5.5104e+05
5.5303e+05
5.5504e+05
5.5707e+05
5.5913e+05
5.6121e+05
5.6332e+05
5.6544e+05
5.6759e+05
5.6977e+05
5.7197e+05
5.7419e+05
5.7644e+05
5.7872e+05
5.8102e+05
5.8334e+05
5.8569e+05
5.8807e+05
5.9047e+05
5.9289e+05
5.9534e+05
5.9782e+05
6.0032e+05
6.0285e+05
6.054e+05
6.0797e+05
6.1057e+05
6.1319e+05
6.1584e+05
6.185e+05
6.2119e+05
6.239e+05
6.2662e+05
6.2937e+05
6.3213e+05
6.3492e+05
6.3771e+05
6.4052e+05
6.4335e+05
6.4619e+05
6.4904e+05
6.519e+05
6.5477e+05
6.5764e+05
6.6052e+05
6.634e+05
6.6629e+05
6.6918e+05
6.7207e+05
6.7495e+05
6.7783e+05
6.807e+05
6.8357e+05
6.8643e+05
6.8927e+05
6.921e+05
6.9492e+05
6.9771e+05
7.0049e+05
7.0325e+05
7.0598e+05
7.0869e+05
7.1137e+05
7.1403e+05
7.1665e+05
7.1924e+05
7.2179e+05
7.2431e+05
7.2679e+05
7.2923e+05
7.3163e+05
7.3399e+05
7.363e+05
7.3856e+05
7.4078e+05
7.4294e+05
7.4506e+05
7.4712e+05
7.4913e+05
7.5108e+05
7.5298e+05
7.5482e+05
7.5661e+05
7.5833e+05
7.5999e+05
7.6159e+05
7.6313e+05
7.6461e+05
7.6603e+05
7.6738e+05
7.6867e+05
7.6989e+05
7.7105e+05
7.7215e+05
7.7318e+05
7.7415e+05
7.7505e+05
7.7589e+05
7.7666e+05
7.7737e+05
7.7801e+05
7.7859e+05
7.7911e+05
7.7957e+05
7.7997e+05
7.803e+05
7.8058e+05
7.8079e+05
7.8095e+05
7.8105e+05
7.8109e+05
7.8108e+05
7.8101e+05
7.8089e+05
7.8072e+05
7.8049e+05
7.8022e+05
7.7989e+05
7.7952e+05
7.791e+05
7.7864e+05
7.7813e+05
7.7758e+05
7.7698e+05
7.7635e+05
7.7567e+05
7.7496e+05
7.7421e+05
7.7342e+05
7.726e+05
7.7175e+05
7.7086e+05
7.6994e+05
7.6899e+05
7.6801e+05
7.67e+05
7.6597e+05
7.6491e+05
7.6382e+05
7.6271e+05
7.6157e+05
7.6041e+05
7.5923e+05
7.5802e+05
7.5679e+05
7.5555e+05
7.5428e+05
7.5299e+05
7.5168e+05
7.5035e+05
7.4901e+05
7.4764e+05
7.4626e+05
7.4486e+05
7.4344e+05
7.42e+05
7.4055e+05
7.3907e+05
7.3758e+05
7.3607e+05
7.3454e+05
7.33e+05
7.3143e+05
7.2985e+05
7.2825e+05
7.2663e+05
7.2499e+05
7.2333e+05
7.2165e+05
7.1995e+05
7.1823e+05
7.1648e+05
7.1472e+05
7.1293e+05
7.1112e+05
7.0929e+05
7.0743e+05
7.0555e+05
7.0365e+05
7.0172e+05
6.9976e+05
6.9778e+05
6.9577e+05
6.9373e+05
6.9167e+05
6.8958e+05
6.8746e+05
6.8531e+05
6.8314e+05
6.8093e+05
6.7869e+05
6.7642e+05
6.7413e+05
6.718e+05
6.6944e+05
6.6704e+05
6.6462e+05
6.6216e+05
6.5967e+05
6.5715e+05
6.546e+05
6.5201e+05
6.4939e+05
6.4673e+05
6.4405e+05
6.4132e+05
6.3857e+05
6.3578e+05
6.3296e+05
6.301e+05
6.2722e+05
6.2429e+05
6.2134e+05
6.1835e+05
6.1533e+05
6.1227e+05
6.0919e+05
6.0607e+05
6.0292e+05
5.9973e+05
5.9652e+05
5.9327e+05
5.8999e+05
5.8669e+05
5.8335e+05
5.7998e+05
5.7658e+05
5.7315e+05
5.697e+05
5.6622e+05
5.627e+05
5.5916e+05
5.556e+05
5.5201e+05
5.4839e+05
5.4474e+05
5.4108e+05
5.3738e+05
5.3367e+05
5.2993e+05
5.2616e+05
5.2238e+05
5.1857e+05
5.1475e+05
5.109e+05
5.0703e+05
5.0315e+05
4.9924e+05
4.9532e+05
4.9138e+05
4.8742e+05
4.8345e+05
4.7946e+05
4.7546e+05
4.7144e+05
4.6741e+05
4.6336e+05
4.5931e+05
4.5524e+05
4.5116e+05
4.4707e+05
4.4298e+05
4.3887e+05
4.3475e+05
4.3063e+05
4.265e+05
4.2236e+05
4.1822e+05
4.1407e+05
4.0992e+05
4.0577e+05
4.0161e+05
3.9745e+05
3.9329e+05
3.8912e+05
3.8496e+05
3.808e+05
3.7663e+05
3.7247e+05
3.6831e+05
3.6415e+05
3.6e+05
3.5585e+05
3.517e+05
3.4756e+05
3.4343e+05
3.393e+05
3.3518e+05
3.3106e+05
3.2695e+05
3.2286e+05
3.1877e+05
3.1468e+05
3.1061e+05
3.0655e+05
3.025e+05
2.9846e+05
2.9444e+05
2.9042e+05
2.8642e+05
2.8243e+05
2.7846e+05
2.745e+05
2.7055e+05
2.6662e+05
2.627e+05
2.588e+05
2.5491e+05
2.5104e+05
2.4719e+05
2.4335e+05
2.3953e+05
2.3573e+05
2.3194e+05
2.2817e+05
2.2443e+05
2.2069e+05
2.1698e+05
2.1329e+05
2.0961e+05
2.0596e+05
2.0232e+05
1.987e+05
1.9511e+05
1.9153e+05
1.8797e+05
1.8444e+05
1.8092e+05
1.7742e+05
1.7395e+05
1.7049e+05
1.6706e+05
1.6365e+05
1.6026e+05
1.5689e+05
1.5354e+05
1.5021e+05
1.469e+05
1.4362e+05
1.4036e+05
1.3711e+05
1.339e+05
1.307e+05
1.2752e+05
1.2437e+05
1.2124e+05
1.1813e+05
1.1505e+05
1.1198e+05
1.0894e+05
1.0592e+05
1.0293e+05
99954
97003
94076
91171
88289
85431
82595
79783
76994
74228
71485
68765
66069
63396
60747
58121
55518
52939
50383
47850
45341
42856
40393
37954
35539
33146
30777
28431
26108
23808
21531
19277
17046
14837
12651
10487
8345.7
6226.4
4129.1
2053.7
0
