38387
36706
37066
38310
47011
50703
52471
51007
51070
42531
46744
48052
52466
55115
56423
60924
58292
57331
49016
61112
62312
61240
64101
65126
70303
74069
74379
70760
73015
74521
76068
79689
81192
82532
83282
84051
84599
85484
86371
85856
87906
85251
93246
91813
99728
99093
1.0161e+05
1.0649e+05
1.0914e+05
1.1108e+05
1.0961e+05
1.1453e+05
1.1493e+05
1.1354e+05
1.1735e+05
1.2371e+05
1.2772e+05
1.3108e+05
1.3138e+05
1.3196e+05
1.3007e+05
1.2609e+05
1.3494e+05
1.3857e+05
1.3921e+05
1.4214e+05
1.4387e+05
1.5155e+05
1.5156e+05
1.5443e+05
1.6028e+05
1.6614e+05
1.6505e+05
1.6387e+05
1.6436e+05
1.7135e+05
1.7888e+05
1.7664e+05
1.8003e+05
1.8487e+05
1.8589e+05
1.8434e+05
1.8111e+05
1.878e+05
1.9467e+05
2.0302e+05
2.0667e+05
2.0282e+05
2.094e+05
2.13e+05
2.1602e+05
2.2364e+05
2.2729e+05
2.3062e+05
2.4094e+05
2.4148e+05
2.4578e+05
2.4514e+05
2.4454e+05
2.4941e+05
2.4462e+05
2.4378e+05
2.4795e+05
2.5684e+05
2.6115e+05
2.6031e+05
2.6661e+05
2.6662e+05
2.6555e+05
2.7023e+05
2.6456e+05
2.6614e+05
2.7454e+05
2.8516e+05
2.8552e+05
2.9173e+05
2.9155e+05
2.9139e+05
2.9796e+05
2.9745e+05
2.9871e+05
3.0595e+05
3.0031e+05
3.0242e+05
3.1015e+05
3.1581e+05
3.1378e+05
3.1888e+05
3.2287e+05
3.2399e+05
3.2769e+05
3.3245e+05
3.308e+05
3.3534e+05
3.3279e+05
3.3914e+05
3.4183e+05
3.4396e+05
3.4785e+05
3.4754e+05
3.568e+05
3.4955e+05
3.5358e+05
3.578e+05
3.6358e+05
3.623e+05
3.6767e+05
3.6462e+05
3.6962e+05
3.6619e+05
3.6496e+05
3.6399e+05
3.7533e+05
3.8085e+05
3.7798e+05
3.7988e+05
3.7799e+05
3.7542e+05
3.7589e+05
3.835e+05
3.8541e+05
3.8362e+05
3.8493e+05
3.8696e+05
3.9648e+05
3.9152e+05
3.9251e+05
3.9318e+05
3.9079e+05
3.9088e+05
3.8416e+05
3.8451e+05
3.9594e+05
4.0058e+05
3.9713e+05
3.9959e+05
3.9966e+05
3.9302e+05
3.8779e+05
3.9104e+05
3.933e+05
3.9916e+05
4.0527e+05
4.043e+05
4.1203e+05
4.1088e+05
4.082e+05
4.1015e+05
4.0752e+05
4.1253e+05
4.1416e+05
4.0385e+05
4.0397e+05
4.0755e+05
4.0786e+05
4.0374e+05
4.078e+05
4.0197e+05
4.0148e+05
4.0512e+05
4.0544e+05
4.0474e+05
4.0499e+05
4.0537e+05
4.0173e+05
4.0211e+05
4.1043e+05
3.9881e+05
4.0523e+05
4.0276e+05
4.0432e+05
4.0288e+05
4.0373e+05
4.0347e+05
4.0627e+05
4.0047e+05
3.9832e+05
3.9807e+05
3.9446e+05
3.9024e+05
3.9618e+05
3.914e+05
3.8986e+05
3.9055e+05
3.9486e+05
3.9089e+05
3.8162e+05
3.8239e+05
3.7964e+05
3.8502e+05
3.8601e+05
3.8144e+05
3.7736e+05
3.7653e+05
3.7336e+05
3.7774e+05
3.7884e+05
3.7741e+05
3.8039e+05
3.7984e+05
3.8241e+05
3.8472e+05
3.8429e+05
3.7375e+05
3.6829e+05
3.638e+05
3.6659e+05
3.6019e+05
3.5757e+05
3.5567e+05
3.5835e+05
3.5444e+05
3.45e+05
3.4133e+05
3.4095e+05
3.3869e+05
3.4146e+05
3.3079e+05
3.3316e+05
3.3437e+05
3.3225e+05
3.2303e+05
3.2699e+05
3.2266e+05
3.1823e+05
3.1768e+05
3.197e+05
3.2218e+05
3.1656e+05
3.1535e+05
3.1199e+05
3.0998e+05
3.2235e+05
3.1925e+05
3.1308e+05
3.1424e+05
3.1006e+05
3.0492e+05
3.0406e+05
3.0066e+05
3.0447e+05
3.0596e+05
3.0289e+05
2.9914e+05
2.9991e+05
3.0196e+05
3.0306e+05
3.039e+05
3.0269e+05
3.0023e+05
3.0094e+05
2.9777e+05
2.9047e+05
2.9367e+05
2.9853e+05
2.9591e+05
2.9287e+05
2.9639e+05
3.0555e+05
3.0598e+05
3.0657e+05
3.0271e+05
3.0266e+05
3.0322e+05
3.0669e+05
3.0754e+05
3.0108e+05
3.0677e+05
3.0226e+05
3.1625e+05
3.1777e+05
3.0925e+05
3.0719e+05
3.1426e+05
3.1239e+05
3.09e+05
3.1301e+05
3.1352e+05
3.1164e+05
3.1679e+05
3.1426e+05
3.1891e+05
3.2213e+05
3.2128e+05
3.2828e+05
3.2693e+05
3.2976e+05
3.2752e+05
3.2419e+05
3.267e+05
3.2576e+05
3.2582e+05
3.2888e+05
3.372e+05
3.4074e+05
3.4027e+05
3.3784e+05
3.3799e+05
3.423e+05
3.4681e+05
3.5885e+05
3.6235e+05
3.6219e+05
3.6414e+05
3.6329e+05
3.5985e+05
3.6964e+05
3.7206e+05
3.7521e+05
3.8589e+05
3.8319e+05
3.8875e+05
3.92e+05
3.9548e+05
3.9728e+05
3.9944e+05
4.0412e+05
4.0968e+05
4.2021e+05
4.2337e+05
4.2364e+05
4.2531e+05
4.3102e+05
4.3264e+05
4.3906e+05
4.4373e+05
4.4724e+05
4.5112e+05
4.5994e+05
4.5387e+05
4.6425e+05
4.692e+05
4.7674e+05
4.8577e+05
4.9289e+05
4.9621e+05
5.0451e+05
5.1162e+05
5.1867e+05
5.3053e+05
5.3825e+05
5.4387e+05
5.5368e+05
5.4997e+05
5.5707e+05
5.5443e+05
5.5969e+05
5.6965e+05
5.7662e+05
5.8232e+05
5.837e+05
5.876e+05
5.8792e+05
5.9658e+05
6.1123e+05
6.1995e+05
6.2747e+05
6.2186e+05
6.3029e+05
6.4091e+05
6.413e+05
6.5612e+05
6.5325e+05
6.6708e+05
6.776e+05
6.7998e+05
6.8427e+05
6.9236e+05
7.041e+05
7.0834e+05
7.2033e+05
7.2833e+05
7.3023e+05
7.3254e+05
7.3969e+05
7.5451e+05
7.676e+05
7.6386e+05
7.718e+05
7.8322e+05
7.8812e+05
7.9767e+05
8.0483e+05
8.0438e+05
8.205e+05
8.2939e+05
8.4517e+05
8.4422e+05
8.4281e+05
8.6305e+05
8.7085e+05
8.6505e+05
8.828e+05
8.9872e+05
8.9657e+05
8.9567e+05
8.9615e+05
9.1204e+05
9.286e+05
9.46e+05
9.4023e+05
9.4558e+05
9.5855e+05
9.6772e+05
9.8217e+05
9.9141e+05
1.0107e+06
1.0146e+06
1.0281e+06
1.0356e+06
1.0365e+06
1.0433e+06
1.0608e+06
1.0641e+06
1.0829e+06
1.1009e+06
1.1073e+06
1.1043e+06
1.1113e+06
1.1139e+06
1.1197e+06
1.1363e+06
1.1435e+06
1.1507e+06
1.1731e+06
1.179e+06
1.1784e+06
1.1902e+06
1.1948e+06
1.2061e+06
1.214e+06
1.2062e+06
1.2164e+06
1.24e+06
1.2429e+06
1.2414e+06
1.2521e+06
1.2661e+06
1.2611e+06
1.2604e+06
1.2805e+06
1.2911e+06
1.2846e+06
1.2858e+06
1.2974e+06
1.2971e+06
1.2977e+06
1.2905e+06
1.2951e+06
1.3143e+06
1.317e+06
1.3227e+06
1.3065e+06
1.3054e+06
1.308e+06
1.3053e+06
1.3015e+06
1.2931e+06
1.2985e+06
1.3069e+06
1.2922e+06
1.2946e+06
1.305e+06
1.294e+06
1.2851e+06
1.2778e+06
1.2814e+06
1.2718e+06
1.2597e+06
1.2561e+06
1.2369e+06
1.2308e+06
1.2168e+06
1.2203e+06
1.2188e+06
1.2095e+06
1.184e+06
1.1696e+06
1.1689e+06
1.1709e+06
1.1687e+06
1.1576e+06
1.1333e+06
1.1069e+06
1.0865e+06
1.0967e+06
1.0783e+06
1.068e+06
1.0594e+06
1.0398e+06
1.0266e+06
1.0123e+06
1.003e+06
9.9e+05
9.7451e+05
9.6892e+05
9.4663e+05
9.3368e+05
9.213e+05
9.0133e+05
8.9981e+05
8.9005e+05
8.7837e+05
8.5142e+05
8.3634e+05
8.2053e+05
8.0734e+05
7.8225e+05
7.7751e+05
7.7193e+05
7.5901e+05
7.4256e+05
7.2297e+05
7.0417e+05
6.9131e+05
6.7776e+05
6.7824e+05
6.6317e+05
6.4833e+05
6.2951e+05
6.2841e+05
6.0611e+05
5.9014e+05
5.8566e+05
5.7526e+05
5.7087e+05
5.5472e+05
5.4369e+05
5.3064e+05
5.2022e+05
5.1777e+05
4.9872e+05
4.9127e+05
4.931e+05
4.8418e+05
4.6395e+05
4.526e+05
4.5421e+05
4.3684e+05
4.3227e+05
4.2126e+05
4.1732e+05
4.1689e+05
4.0489e+05
3.888e+05
3.8454e+05
3.6935e+05
3.6023e+05
3.5577e+05
3.5317e+05
3.4057e+05
3.2966e+05
3.2379e+05
3.3388e+05
3.3756e+05
3.3185e+05
3.2791e+05
3.3073e+05
3.2541e+05
3.1709e+05
3.0278e+05
2.8585e+05
2.7855e+05
2.7403e+05
2.6954e+05
2.6742e+05
2.6146e+05
2.4968e+05
2.4086e+05
2.3805e+05
2.3687e+05
2.353e+05
2.2331e+05
2.0971e+05
2.0847e+05
2.0269e+05
2.0607e+05
2.0433e+05
1.9272e+05
1.8866e+05
1.8666e+05
1.9105e+05
1.8296e+05
1.8273e+05
1.8744e+05
1.7617e+05
1.7187e+05
1.581e+05
1.6116e+05
1.53e+05
1.4391e+05
1.5076e+05
1.5714e+05
1.524e+05
1.4759e+05
1.4553e+05
1.4502e+05
1.3941e+05
1.3776e+05
1.3016e+05
1.3187e+05
1.2623e+05
1.2439e+05
1.2695e+05
1.2301e+05
1.2141e+05
1.2251e+05
1.1128e+05
1.0849e+05
1.0512e+05
1.0464e+05
1.0749e+05
96092
85180
84793
90289
90407
84883
86579
82735
90555
90059
90393
90979
83367
78743
85797
85874
70554
81895
80010
69879
68127
62700
59811
63473
71368
62935
59381
58597
54340
61048
66156
57938
54437
55149
59716
48310
45563
44945
50254
46691
47916
43276
38962
40035
35231
36229
42894
41342
35635
31960
25569
27976
28043
31534
29481
27761
25926
24871
31621
29635
32769
27076
17928
22522
21797
19269
24324
20667
23135
24101
13203
16801
22441
23295
17881
1686.4
8427.9
8327.9
6826.3
7634.5
2375.1
1549
0
1033.3
6936.5
11782
2694
7314.4
2711
1536.2
