25583
29122
32897
36904
41135
45586
50248
55116
60182
65436
70872
76480
82251
88175
94243
1.0044e+05
1.0677e+05
1.1321e+05
1.1975e+05
1.2638e+05
1.3309e+05
1.3987e+05
1.4671e+05
1.5359e+05
1.6051e+05
1.6746e+05
1.7441e+05
1.8137e+05
1.8831e+05
1.9524e+05
2.0213e+05
2.0898e+05
2.1577e+05
2.225e+05
2.2916e+05
2.3573e+05
2.422e+05
2.4857e+05
2.5483e+05
2.6096e+05
2.6697e+05
2.7283e+05
2.7854e+05
2.841e+05
2.8949e+05
2.9472e+05
2.9976e+05
3.0463e+05
3.093e+05
3.1379e+05
3.1807e+05
3.2215e+05
3.2603e+05
3.2969e+05
3.3314e+05
3.3638e+05
3.3939e+05
3.4219e+05
3.4476e+05
3.4711e+05
3.4924e+05
3.5115e+05
3.5283e+05
3.5429e+05
3.5553e+05
3.5655e+05
3.5736e+05
3.5795e+05
3.5833e+05
3.585e+05
3.5846e+05
3.5822e+05
3.5779e+05
3.5716e+05
3.5635e+05
3.5535e+05
3.5418e+05
3.5283e+05
3.5132e+05
3.4965e+05
3.4782e+05
3.4585e+05
3.4374e+05
3.4149e+05
3.3912e+05
3.3663e+05
3.3402e+05
3.3132e+05
3.2851e+05
3.2562e+05
3.2264e+05
3.196e+05
3.1648e+05
3.1331e+05
3.1009e+05
3.0682e+05
3.0352e+05
3.002e+05
2.9685e+05
2.9349e+05
2.9013e+05
2.8676e+05
2.8341e+05
2.8008e+05
2.7677e+05
2.7349e+05
2.7024e+05
2.6704e+05
2.6389e+05
2.608e+05
2.5777e+05
2.548e+05
2.5191e+05
2.491e+05
2.4636e+05
2.4372e+05
2.4117e+05
2.3871e+05
2.3635e+05
2.3409e+05
2.3195e+05
2.2991e+05
2.2798e+05
2.2616e+05
2.2446e+05
2.2288e+05
2.2142e+05
2.2008e+05
2.1886e+05
2.1776e+05
2.1678e+05
2.1592e+05
2.1519e+05
2.1457e+05
2.1408e+05
2.137e+05
2.1344e+05
2.1329e+05
2.1326e+05
2.1333e+05
2.1352e+05
2.138e+05
2.1419e+05
2.1468e+05
2.1526e+05
2.1593e+05
2.1669e+05
2.1753e+05
2.1845e+05
2.1945e+05
2.2051e+05
2.2163e+05
2.2282e+05
2.2406e+05
2.2534e+05
2.2667e+05
2.2804e+05
2.2944e+05
2.3087e+05
2.3232e+05
2.3379e+05
2.3527e+05
2.3675e+05
2.3823e+05
2.397e+05
2.4117e+05
2.4262e+05
2.4404e+05
2.4544e+05
2.4681e+05
2.4814e+05
2.4943e+05
2.5067e+05
2.5185e+05
2.5299e+05
2.5406e+05
2.5507e+05
2.5601e+05
2.5688e+05
2.5767e+05
2.5839e+05
2.5902e+05
2.5957e+05
2.6003e+05
2.604e+05
2.6068e+05
2.6087e+05
2.6096e+05
2.6095e+05
2.6085e+05
2.6065e+05
2.6034e+05
2.5994e+05
2.5943e+05
2.5883e+05
2.5812e+05
2.5732e+05
2.5641e+05
2.5541e+05
2.5431e+05
2.5311e+05
2.5182e+05
2.5043e+05
2.4895e+05
2.4739e+05
2.4573e+05
2.4399e+05
2.4217e+05
2.4027e+05
2.3829e+05
2.3624e+05
2.3412e+05
2.3193e+05
2.2967e+05
2.2735e+05
2.2497e+05
2.2253e+05
2.2005e+05
2.1751e+05
2.1493e+05
2.123e+05
2.0964e+05
2.0694e+05
2.042e+05
2.0144e+05
1.9865e+05
1.9583e+05
1.93e+05
1.9015e+05
1.8728e+05
1.844e+05
1.8151e+05
1.7861e+05
1.7571e+05
1.7281e+05
1.699e+05
1.67e+05
1.641e+05
1.6121e+05
1.5832e+05
1.5544e+05
1.5258e+05
1.4972e+05
1.4688e+05
1.4405e+05
1.4123e+05
1.3843e+05
1.3564e+05
1.3288e+05
1.3012e+05
1.2739e+05
1.2467e+05
1.2198e+05
1.1929e+05
1.1663e+05
1.1399e+05
1.1136e+05
1.0875e+05
1.0616e+05
1.0358e+05
1.0102e+05
98480
95955
93446
90953
88475
86014
83568
81137
78721
76320
73935
71566
69212
66874
64552
62248
59960
57691
55441
53211
51002
48814
46650
44510
42396
40309
38252
36225
34231
32272
30349
28464
26620
24819
23062
21354
19694
18086
16533
15036
13598
12221
10907
9658.6
8477.9
7366.9
6327.5
5361.8
4471.3
3657.8
2922.9
2267.8
1693.9
1202.1
793.39
468.42
227.7
71.535
0
12.966
110.07
290.73
554.1
899.12
1324.5
1828.6
2409.7
3065.7
3794.4
4593
5459
6389.2
7380.4
8429.1
9531.6
10684
11882
13122
14398
15707
17044
18402
19779
21168
22563
23961
25355
26740
28110
29460
30785
32079
33337
34554
35725
36845
37908
38911
39850
40719
41515
42235
42874
43431
43902
44285
44578
44779
44887
44902
44823
44650
44384
44025
43576
43038
42414
41707
40919
40056
39122
38121
37059
35943
34778
33572
32331
31065
29781
28487
27194
25911
24647
23413
22220
21078
20000
18995
18077
17257
16547
15960
15508
15202
15057
15084
15296
15706
16325
17166
18241
19562
21140
22987
25114
27532
30250
33279
36628
40307
44323
48685
53400
58474
63914
69726
75913
82481
89432
96769
1.0449e+05
1.1261e+05
1.2111e+05
1.3e+05
1.3928e+05
1.4895e+05
1.5899e+05
1.6942e+05
1.8022e+05
1.9138e+05
2.0291e+05
2.1479e+05
2.2702e+05
2.3959e+05
2.5248e+05
2.6569e+05
2.7921e+05
2.9302e+05
3.0711e+05
3.2147e+05
3.3609e+05
3.5094e+05
3.6601e+05
3.8129e+05
3.9676e+05
4.124e+05
4.282e+05
4.4413e+05
4.6018e+05
4.7633e+05
4.9256e+05
5.0884e+05
5.2516e+05
5.415e+05
5.5783e+05
5.7414e+05
5.904e+05
6.0659e+05
6.2269e+05
6.3869e+05
6.5454e+05
6.7025e+05
6.8578e+05
7.0111e+05
7.1622e+05
7.311e+05
7.4572e+05
7.6006e+05
7.7409e+05
7.8782e+05
8.012e+05
8.1423e+05
8.2688e+05
8.3915e+05
8.51e+05
8.6244e+05
8.7343e+05
8.8397e+05
8.9404e+05
9.0362e+05
9.1272e+05
9.213e+05
9.2937e+05
9.3691e+05
9.4391e+05
9.5037e+05
9.5627e+05
9.6161e+05
9.6639e+05
9.7059e+05
9.7422e+05
9.7727e+05
9.7974e+05
9.8162e+05
9.8292e+05
9.8364e+05
9.8378e+05
9.8333e+05
9.8231e+05
9.8072e+05
9.7856e+05
9.7584e+05
9.7256e+05
9.6873e+05
9.6436e+05
9.5946e+05
9.5404e+05
9.4811e+05
9.4167e+05
9.3474e+05
9.2734e+05
9.1947e+05
9.1115e+05
9.0239e+05
8.9321e+05
8.8362e+05
8.7364e+05
8.6327e+05
8.5255e+05
8.4148e+05
8.3009e+05
8.1838e+05
8.0638e+05
7.941e+05
7.8157e+05
7.6879e+05
7.5579e+05
7.4258e+05
7.2918e+05
7.1562e+05
7.019e+05
6.8805e+05
6.7408e+05
6.6002e+05
6.4587e+05
6.3166e+05
6.174e+05
6.0311e+05
5.888e+05
5.745e+05
5.6021e+05
5.4596e+05
5.3175e+05
5.1761e+05
5.0355e+05
4.8957e+05
4.7571e+05
4.6195e+05
4.4833e+05
4.3485e+05
4.2152e+05
4.0836e+05
3.9537e+05
3.8257e+05
3.6995e+05
3.5755e+05
3.4535e+05
3.3337e+05
3.2162e+05
3.101e+05
2.9881e+05
2.8777e+05
2.7698e+05
2.6645e+05
2.5617e+05
2.4615e+05
2.3639e+05
2.269e+05
2.1768e+05
2.0873e+05
2.0005e+05
1.9164e+05
1.8349e+05
1.7562e+05
1.6802e+05
1.6068e+05
1.5361e+05
1.4681e+05
1.4026e+05
1.3398e+05
1.2795e+05
1.2217e+05
1.1664e+05
1.1136e+05
1.0631e+05
1.015e+05
96920
92566
88431
84512
80802
77296
73987
70871
67940
65189
62611
60201
57953
55859
53913
52110
50443
48906
47492
46196
45012
43933
42953
42068
41271
40556
39919
39354
38855
38418
38038
37710
37430
37192
36994
36830
36697
36591
36508
36446
36400
36368
36347
36334
36326
36321
36317
36312
36304
36291
36271
36243
36205
36157
36097
36025
35939
35839
35724
35594
35449
35288
35112
34919
34711
34487
34247
33992
33723
33439
33140
32829
32504
32167
31818
31459
31089
30709
30321
29925
29521
29111
28695
28275
27850
27423
26992
26561
26128
25696
25264
24833
24405
23980
23558
23140
22727
22320
21918
21523
21134
20754
20381
20016
19660
19312
18974
18646
18327
18018
17720
17431
17153
16885
16628
16380
16144
15917
15701
15495
15299
15112
14935
14767
14609
14459
14318
14184
14059
13941
13831
13727
13629
13537
13451
13370
13293
13221
13152
13087
13024
12964
12905
12848
12792
