2.8713e+05
2.9126e+05
2.9539e+05
2.9951e+05
3.0364e+05
3.0776e+05
3.1187e+05
3.1597e+05
3.2006e+05
3.2414e+05
3.282e+05
3.3224e+05
3.3627e+05
3.4027e+05
3.4424e+05
3.482e+05
3.5212e+05
3.5601e+05
3.5988e+05
3.637e+05
3.675e+05
3.7126e+05
3.7498e+05
3.7866e+05
3.8229e+05
3.8589e+05
3.8944e+05
3.9294e+05
3.964e+05
3.998e+05
4.0316e+05
4.0646e+05
4.0971e+05
4.1291e+05
4.1605e+05
4.1913e+05
4.2216e+05
4.2512e+05
4.2803e+05
4.3087e+05
4.3365e+05
4.3637e+05
4.3903e+05
4.4162e+05
4.4414e+05
4.4659e+05
4.4898e+05
4.513e+05
4.5355e+05
4.5573e+05
4.5784e+05
4.5988e+05
4.6185e+05
4.6374e+05
4.6557e+05
4.6732e+05
4.6899e+05
4.7059e+05
4.7212e+05
4.7358e+05
4.7495e+05
4.7626e+05
4.7749e+05
4.7864e+05
4.7972e+05
4.8072e+05
4.8165e+05
4.825e+05
4.8327e+05
4.8397e+05
4.846e+05
4.8515e+05
4.8562e+05
4.8602e+05
4.8635e+05
4.866e+05
4.8677e+05
4.8688e+05
4.869e+05
4.8686e+05
4.8674e+05
4.8655e+05
4.8629e+05
4.8596e+05
4.8556e+05
4.8508e+05
4.8454e+05
4.8393e+05
4.8325e+05
4.825e+05
4.8168e+05
4.808e+05
4.7985e+05
4.7884e+05
4.7777e+05
4.7663e+05
4.7543e+05
4.7417e+05
4.7284e+05
4.7146e+05
4.7002e+05
4.6852e+05
4.6697e+05
4.6536e+05
4.6369e+05
4.6198e+05
4.602e+05
4.5838e+05
4.5651e+05
4.5459e+05
4.5262e+05
4.5061e+05
4.4855e+05
4.4644e+05
4.4429e+05
4.421e+05
4.3987e+05
4.376e+05
4.3529e+05
4.3295e+05
4.3057e+05
4.2815e+05
4.257e+05
4.2322e+05
4.2071e+05
4.1817e+05
4.156e+05
4.1301e+05
4.1039e+05
4.0775e+05
4.0508e+05
4.024e+05
3.9969e+05
3.9696e+05
3.9422e+05
3.9146e+05
3.8869e+05
3.8591e+05
3.8311e+05
3.803e+05
3.7748e+05
3.7465e+05
3.7182e+05
3.6898e+05
3.6614e+05
3.6329e+05
3.6044e+05
3.576e+05
3.5475e+05
3.519e+05
3.4906e+05
3.4622e+05
3.4338e+05
3.4055e+05
3.3773e+05
3.3492e+05
3.3211e+05
3.2932e+05
3.2653e+05
3.2376e+05
3.2101e+05
3.1826e+05
3.1553e+05
3.1282e+05
3.1013e+05
3.0745e+05
3.0479e+05
3.0214e+05
2.9952e+05
2.9692e+05
2.9434e+05
2.9178e+05
2.8924e+05
2.8672e+05
2.8423e+05
2.8176e+05
2.7932e+05
2.769e+05
2.745e+05
2.7213e+05
2.6978e+05
2.6746e+05
2.6517e+05
2.629e+05
2.6065e+05
2.5844e+05
2.5625e+05
2.5408e+05
2.5194e+05
2.4983e+05
2.4774e+05
2.4568e+05
2.4365e+05
2.4164e+05
2.3966e+05
2.377e+05
2.3577e+05
2.3386e+05
2.3197e+05
2.3011e+05
2.2827e+05
2.2646e+05
2.2466e+05
2.2289e+05
2.2114e+05
2.1942e+05
2.1771e+05
2.1602e+05
2.1435e+05
2.127e+05
2.1106e+05
2.0944e+05
2.0784e+05
2.0626e+05
2.0468e+05
2.0313e+05
2.0158e+05
2.0005e+05
1.9852e+05
1.9701e+05
1.9551e+05
1.9402e+05
1.9253e+05
1.9105e+05
1.8957e+05
1.881e+05
1.8664e+05
1.8518e+05
1.8372e+05
1.8226e+05
1.808e+05
1.7934e+05
1.7788e+05
1.7641e+05
1.7494e+05
1.7347e+05
1.7199e+05
1.7051e+05
1.6902e+05
1.6752e+05
1.6602e+05
1.645e+05
1.6297e+05
1.6143e+05
1.5988e+05
1.5832e+05
1.5675e+05
1.5516e+05
1.5356e+05
1.5194e+05
1.503e+05
1.4865e+05
1.4698e+05
1.453e+05
1.436e+05
1.4188e+05
1.4014e+05
1.3838e+05
1.3661e+05
1.3481e+05
1.33e+05
1.3116e+05
1.2931e+05
1.2743e+05
1.2554e+05
1.2363e+05
1.217e+05
1.1974e+05
1.1777e+05
1.1578e+05
1.1378e+05
1.1175e+05
1.097e+05
1.0764e+05
1.0556e+05
1.0347e+05
1.0136e+05
99232
97092
94939
92773
90595
88407
86208
84002
81787
79567
77341
75112
72880
70647
68414
66184
63956
61734
59519
57312
55115
52931
50760
48604
46467
44349
42252
40180
38133
36113
34124
32167
30245
28359
26512
24707
22945
21229
19561
17944
16380
14871
13421
12031
10704
9441.8
8247.6
7123.6
6072.3
5096.1
4197.5
3378.9
2642.8
1991.6
1427.6
953.35
571.1
283.25
92.119
0
9.1674
121.86
340.29
666.61
1103
1651.5
2314.1
3093
3990
5007
6146
7408.7
8796.9
10312
11956
13731
15637
17677
19851
22161
24609
27195
29920
32786
35794
38943
42236
45672
49253
52978
56849
60865
65028
69336
73790
78391
83137
88030
93068
98250
1.0358e+05
1.0905e+05
1.1466e+05
1.2042e+05
1.2632e+05
1.3236e+05
1.3854e+05
1.4486e+05
1.5131e+05
1.5791e+05
1.6463e+05
1.7149e+05
1.7848e+05
1.856e+05
1.9284e+05
2.0022e+05
2.0771e+05
2.1533e+05
2.2307e+05
2.3092e+05
2.3889e+05
2.4697e+05
2.5516e+05
2.6346e+05
2.7186e+05
2.8036e+05
2.8896e+05
2.9766e+05
3.0645e+05
3.1533e+05
3.2429e+05
3.3334e+05
3.4246e+05
3.5166e+05
3.6094e+05
3.7028e+05
3.7969e+05
3.8915e+05
3.9868e+05
4.0826e+05
4.1789e+05
4.2756e+05
4.3728e+05
4.4703e+05
4.5682e+05
4.6664e+05
4.7648e+05
4.8635e+05
4.9623e+05
5.0612e+05
5.1602e+05
5.2593e+05
5.3583e+05
5.4573e+05
5.5562e+05
5.655e+05
5.7536e+05
5.8519e+05
5.95e+05
6.0478e+05
6.1452e+05
6.2421e+05
6.3387e+05
6.4347e+05
6.5302e+05
6.6252e+05
6.7194e+05
6.8131e+05
6.906e+05
6.9981e+05
7.0894e+05
7.1799e+05
7.2695e+05
7.3581e+05
7.4458e+05
7.5324e+05
7.618e+05
7.7025e+05
7.7859e+05
7.868e+05
7.949e+05
8.0287e+05
8.1071e+05
8.1841e+05
8.2598e+05
8.3341e+05
8.4069e+05
8.4782e+05
8.5481e+05
8.6164e+05
8.6831e+05
8.7482e+05
8.8116e+05
8.8734e+05
8.9335e+05
8.9918e+05
9.0484e+05
9.1032e+05
9.1562e+05
9.2074e+05
9.2566e+05
9.3041e+05
9.3496e+05
9.3931e+05
9.4348e+05
9.4745e+05
9.5121e+05
9.5478e+05
9.5815e+05
9.6132e+05
9.6428e+05
9.6703e+05
9.6958e+05
9.7192e+05
9.7405e+05
9.7598e+05
9.7769e+05
9.7919e+05
9.8048e+05
9.8156e+05
9.8243e+05
9.8308e+05
9.8353e+05
9.8376e+05
9.8378e+05
9.8358e+05
9.8318e+05
9.8257e+05
9.8174e+05
9.8071e+05
9.7947e+05
9.7802e+05
9.7637e+05
9.7451e+05
9.7244e+05
9.7018e+05
9.6771e+05
9.6504e+05
9.6218e+05
9.5911e+05
9.5586e+05
9.5241e+05
9.4877e+05
9.4494e+05
9.4093e+05
9.3674e+05
9.3236e+05
9.278e+05
9.2307e+05
9.1816e+05
9.1308e+05
9.0784e+05
9.0242e+05
8.9685e+05
8.9112e+05
8.8523e+05
8.7919e+05
8.7299e+05
8.6665e+05
8.6017e+05
8.5355e+05
8.4679e+05
8.399e+05
8.3288e+05
8.2573e+05
8.1846e+05
8.1107e+05
8.0356e+05
7.9595e+05
7.8823e+05
7.804e+05
7.7247e+05
7.6445e+05
7.5634e+05
7.4814e+05
7.3985e+05
7.3148e+05
7.2304e+05
7.1452e+05
7.0594e+05
6.9729e+05
6.8858e+05
6.7981e+05
6.7099e+05
6.6213e+05
6.5321e+05
6.4426e+05
6.3527e+05
6.2625e+05
6.172e+05
6.0812e+05
5.9903e+05
5.8991e+05
5.8078e+05
5.7165e+05
5.625e+05
5.5336e+05
5.4421e+05
5.3507e+05
5.2594e+05
5.1683e+05
5.0772e+05
4.9864e+05
4.8958e+05
4.8055e+05
4.7155e+05
4.6258e+05
4.5364e+05
4.4475e+05
4.359e+05
4.2709e+05
4.1833e+05
4.0963e+05
4.0098e+05
3.9238e+05
3.8385e+05
3.7538e+05
3.6697e+05
3.5863e+05
3.5037e+05
3.4217e+05
3.3406e+05
3.2601e+05
3.1805e+05
3.1018e+05
3.0238e+05
2.9467e+05
2.8705e+05
2.7952e+05
2.7209e+05
2.6474e+05
2.5749e+05
2.5034e+05
2.4328e+05
2.3633e+05
2.2947e+05
2.2272e+05
2.1607e+05
2.0953e+05
2.0309e+05
1.9676e+05
1.9053e+05
1.8441e+05
1.784e+05
1.7251e+05
1.6672e+05
1.6104e+05
1.5547e+05
1.5001e+05
1.4467e+05
1.3943e+05
1.3431e+05
1.293e+05
1.2441e+05
1.1962e+05
1.1495e+05
1.1038e+05
1.0593e+05
1.0159e+05
97365
93246
89237
85337
81545
77862
74285
70815
67450
64190
61033
57980
55027
52176
49424
46770
44213
41752
39385
37112
34930
32839
30837
28922
27094
25350
23689
22109
20609
19188
17843
16573
15377
14252
13197
12210
11290
10435
9642.5
8911.4
8240
7626.3
7068.7
6565.4
6114.7
5714.7
5363.8
5060.2
4802.2
4588
4416
4284.3
4191.3
4135.2
4114.5
4127.5
4172.4
4247.7
4351.7
4482.8
4639.5
4820.1
5023.2
5247.2
5490.6
5751.9
6029.7
6322.5
6629
6947.7
7277.4
7616.5
7964
8318.5
8678.7
9043.5
9411.6
9782
10153
10525
10895
11263
11629
11990
12346
12696
13039
13375
13702
14020
14328
14625
14911
15185
15446
15694
15929
16149
16354
16544
16718
16876
17018
17143
17251
17341
