2.668e+05
2.7017e+05
2.7356e+05
2.7695e+05
2.8034e+05
2.8374e+05
2.8713e+05
2.9053e+05
2.9392e+05
2.9731e+05
3.007e+05
3.0408e+05
3.0745e+05
3.1081e+05
3.1415e+05
3.1749e+05
3.2081e+05
3.2412e+05
3.2741e+05
3.3068e+05
3.3393e+05
3.3716e+05
3.4037e+05
3.4355e+05
3.4671e+05
3.4984e+05
3.5294e+05
3.5602e+05
3.5906e+05
3.6207e+05
3.6505e+05
3.68e+05
3.7091e+05
3.7378e+05
3.7662e+05
3.7941e+05
3.8217e+05
3.8488e+05
3.8756e+05
3.9019e+05
3.9277e+05
3.9531e+05
3.9781e+05
4.0025e+05
4.0265e+05
4.05e+05
4.073e+05
4.0955e+05
4.1174e+05
4.1389e+05
4.1598e+05
4.1802e+05
4.2e+05
4.2192e+05
4.2379e+05
4.256e+05
4.2736e+05
4.2905e+05
4.3069e+05
4.3227e+05
4.3379e+05
4.3524e+05
4.3664e+05
4.3797e+05
4.3925e+05
4.4046e+05
4.416e+05
4.4269e+05
4.4371e+05
4.4467e+05
4.4556e+05
4.4639e+05
4.4716e+05
4.4786e+05
4.485e+05
4.4907e+05
4.4958e+05
4.5003e+05
4.5041e+05
4.5073e+05
4.5098e+05
4.5116e+05
4.5129e+05
4.5135e+05
4.5134e+05
4.5128e+05
4.5115e+05
4.5095e+05
4.507e+05
4.5038e+05
4.5e+05
4.4956e+05
4.4906e+05
4.485e+05
4.4788e+05
4.472e+05
4.4646e+05
4.4566e+05
4.4481e+05
4.439e+05
4.4293e+05
4.4191e+05
4.4083e+05
4.397e+05
4.3852e+05
4.3728e+05
4.36e+05
4.3466e+05
4.3328e+05
4.3184e+05
4.3036e+05
4.2883e+05
4.2726e+05
4.2564e+05
4.2398e+05
4.2227e+05
4.2053e+05
4.1874e+05
4.1692e+05
4.1505e+05
4.1315e+05
4.1122e+05
4.0925e+05
4.0724e+05
4.0521e+05
4.0314e+05
4.0104e+05
3.9892e+05
3.9676e+05
3.9458e+05
3.9238e+05
3.9015e+05
3.879e+05
3.8562e+05
3.8333e+05
3.8102e+05
3.7868e+05
3.7634e+05
3.7397e+05
3.716e+05
3.6921e+05
3.668e+05
3.6439e+05
3.6197e+05
3.5953e+05
3.5709e+05
3.5465e+05
3.522e+05
3.4974e+05
3.4728e+05
3.4482e+05
3.4236e+05
3.399e+05
3.3744e+05
3.3498e+05
3.3253e+05
3.3008e+05
3.2763e+05
3.2519e+05
3.2275e+05
3.2033e+05
3.1791e+05
3.155e+05
3.1309e+05
3.107e+05
3.0832e+05
3.0595e+05
3.036e+05
3.0125e+05
2.9892e+05
2.966e+05
2.943e+05
2.9201e+05
2.8974e+05
2.8748e+05
2.8524e+05
2.8301e+05
2.808e+05
2.786e+05
2.7643e+05
2.7426e+05
2.7212e+05
2.6999e+05
2.6788e+05
2.6579e+05
2.6371e+05
2.6166e+05
2.5961e+05
2.5759e+05
2.5558e+05
2.5359e+05
2.5161e+05
2.4965e+05
2.477e+05
2.4577e+05
2.4386e+05
2.4196e+05
2.4007e+05
2.382e+05
2.3634e+05
2.3449e+05
2.3266e+05
2.3084e+05
2.2902e+05
2.2722e+05
2.2543e+05
2.2365e+05
2.2188e+05
2.2011e+05
2.1835e+05
2.166e+05
2.1485e+05
2.1311e+05
2.1138e+05
2.0964e+05
2.0791e+05
2.0619e+05
2.0446e+05
2.0274e+05
2.0101e+05
1.9928e+05
1.9755e+05
1.9582e+05
1.9409e+05
1.9235e+05
1.9061e+05
1.8886e+05
1.871e+05
1.8534e+05
1.8357e+05
1.8179e+05
1.8e+05
1.782e+05
1.764e+05
1.7458e+05
1.7275e+05
1.709e+05
1.6905e+05
1.6718e+05
1.6529e+05
1.6339e+05
1.6148e+05
1.5955e+05
1.5761e+05
1.5564e+05
1.5367e+05
1.5167e+05
1.4966e+05
1.4763e+05
1.4559e+05
1.4353e+05
1.4145e+05
1.3935e+05
1.3723e+05
1.351e+05
1.3295e+05
1.3078e+05
1.286e+05
1.2639e+05
1.2418e+05
1.2194e+05
1.1969e+05
1.1743e+05
1.1515e+05
1.1285e+05
1.1054e+05
1.0822e+05
1.0589e+05
1.0354e+05
1.0119e+05
98824
96450
94068
91680
89286
86887
84485
82081
79676
77272
74871
72472
70079
67692
65314
62945
60589
58245
55917
53606
51314
49043
46795
44572
42375
40208
38072
35970
33903
31873
29884
27937
26035
24180
22374
20620
18920
17276
15691
14167
12708
11314
9989.1
8735.2
7554.8
6450.4
5424.3
4479.2
3617.2
2841
2152.9
1555.2
1050.4
640.72
328.57
116.23
5.9559
0
100.57
309.83
629.93
1063
1611
2276
3060
3964.8
4992.4
6144.6
7423.1
8829.6
10366
12033
13833
15768
17838
20045
22390
24875
27499
30266
33175
36227
39423
42764
46251
49883
53662
57587
61660
65879
70246
74761
79422
84231
89186
94288
99536
1.0493e+05
1.1047e+05
1.1615e+05
1.2197e+05
1.2794e+05
1.3405e+05
1.403e+05
1.4668e+05
1.5321e+05
1.5987e+05
1.6666e+05
1.7359e+05
1.8065e+05
1.8783e+05
1.9515e+05
2.0259e+05
2.1015e+05
2.1783e+05
2.2564e+05
2.3356e+05
2.4159e+05
2.4973e+05
2.5798e+05
2.6634e+05
2.7481e+05
2.8337e+05
2.9203e+05
3.0078e+05
3.0962e+05
3.1856e+05
3.2757e+05
3.3667e+05
3.4584e+05
3.5509e+05
3.6441e+05
3.738e+05
3.8325e+05
3.9276e+05
4.0232e+05
4.1194e+05
4.2161e+05
4.3131e+05
4.4106e+05
4.5085e+05
4.6066e+05
4.705e+05
4.8037e+05
4.9025e+05
5.0015e+05
5.1006e+05
5.1998e+05
5.299e+05
5.3981e+05
5.4972e+05
5.5961e+05
5.6949e+05
5.7935e+05
5.8918e+05
5.9899e+05
6.0876e+05
6.1849e+05
6.2818e+05
6.3782e+05
6.4741e+05
6.5694e+05
6.6641e+05
6.7582e+05
6.8515e+05
6.9441e+05
7.036e+05
7.127e+05
7.2171e+05
7.3064e+05
7.3946e+05
7.4819e+05
7.5681e+05
7.6533e+05
7.7373e+05
7.8202e+05
7.9018e+05
7.9823e+05
8.0614e+05
8.1392e+05
8.2157e+05
8.2908e+05
8.3645e+05
8.4367e+05
8.5074e+05
8.5766e+05
8.6442e+05
8.7102e+05
8.7746e+05
8.8373e+05
8.8984e+05
8.9577e+05
9.0153e+05
9.0712e+05
9.1252e+05
9.1774e+05
9.2278e+05
9.2763e+05
9.3229e+05
9.3676e+05
9.4103e+05
9.4511e+05
9.49e+05
9.5268e+05
9.5617e+05
9.5945e+05
9.6253e+05
9.6541e+05
9.6808e+05
9.7054e+05
9.7279e+05
9.7484e+05
9.7668e+05
9.783e+05
9.7972e+05
9.8093e+05
9.8192e+05
9.827e+05
9.8327e+05
9.8363e+05
9.8378e+05
9.8371e+05
9.8344e+05
9.8295e+05
9.8226e+05
9.8135e+05
9.8024e+05
9.7892e+05
9.7739e+05
9.7565e+05
9.7372e+05
9.7158e+05
9.6923e+05
9.6669e+05
9.6395e+05
9.6101e+05
9.5788e+05
9.5455e+05
9.5103e+05
9.4732e+05
9.4343e+05
9.3935e+05
9.3509e+05
9.3064e+05
9.2602e+05
9.2123e+05
9.1626e+05
9.1112e+05
9.0582e+05
9.0035e+05
8.9472e+05
8.8894e+05
8.83e+05
8.769e+05
8.7066e+05
8.6427e+05
8.5774e+05
8.5108e+05
8.4427e+05
8.3734e+05
8.3028e+05
8.2309e+05
8.1578e+05
8.0836e+05
8.0082e+05
7.9317e+05
7.8542e+05
7.7756e+05
7.6961e+05
7.6156e+05
7.5342e+05
7.452e+05
7.3689e+05
7.285e+05
7.2004e+05
7.1151e+05
7.0291e+05
6.9425e+05
6.8553e+05
6.7675e+05
6.6793e+05
6.5905e+05
6.5014e+05
6.4118e+05
6.3219e+05
6.2317e+05
6.1412e+05
6.0505e+05
5.9596e+05
5.8686e+05
5.7774e+05
5.6861e+05
5.5948e+05
5.5035e+05
5.4123e+05
5.3211e+05
5.23e+05
5.139e+05
5.0483e+05
4.9577e+05
4.8674e+05
4.7774e+05
4.6877e+05
4.5984e+05
4.5094e+05
4.4209e+05
4.3328e+05
4.2452e+05
4.1581e+05
4.0715e+05
3.9855e+05
3.9001e+05
3.8153e+05
3.7311e+05
3.6477e+05
3.5649e+05
3.4829e+05
3.4017e+05
3.3212e+05
3.2415e+05
3.1626e+05
3.0846e+05
3.0075e+05
2.9312e+05
2.8558e+05
2.7814e+05
2.7079e+05
2.6354e+05
2.5639e+05
2.4933e+05
2.4238e+05
2.3553e+05
2.2878e+05
2.2213e+05
2.156e+05
2.0917e+05
2.0284e+05
1.9663e+05
1.9053e+05
1.8454e+05
1.7866e+05
1.7289e+05
1.6724e+05
1.6169e+05
1.5627e+05
1.5095e+05
1.4576e+05
1.4067e+05
1.357e+05
1.3085e+05
1.2611e+05
1.2149e+05
1.1698e+05
1.1258e+05
1.083e+05
1.0413e+05
1.0008e+05
96142
92315
88600
84996
81503
78120
74846
71680
68622
65670
62824
60081
57442
54905
52468
50132
47893
45751
43705
41752
39893
38124
36445
34855
33350
31931
30594
29340
28165
27068
26048
25102
24229
23428
22696
22031
21432
20896
20423
20010
19655
19357
19113
18922
18782
18691
18647
18648
18693
18779
18905
19069
19269
19504
19770
20068
20395
20749
21128
21531
21956
22402
22867
23349
23846
24357
24881
25416
25960
26512
27071
27634
28202
28772
29342
29913
30482
31048
31610
32167
32718
33262
33797
34322
34837
35341
35832
36310
36774
37223
37656
38073
38472
38854
39217
39561
39885
40189
40472
40733
40973
41191
41386
41559
41708
41834
41936
42014
42068
42098
42103
42084
42041
41973
41880
