1.5898e+05
1.6252e+05
1.661e+05
1.697e+05
1.7333e+05
1.7698e+05
1.8064e+05
1.8432e+05
1.8801e+05
1.9172e+05
1.9542e+05
1.9914e+05
2.0285e+05
2.0657e+05
2.1028e+05
2.1398e+05
2.1767e+05
2.2135e+05
2.2501e+05
2.2866e+05
2.3229e+05
2.3589e+05
2.3947e+05
2.4302e+05
2.4654e+05
2.5002e+05
2.5347e+05
2.5689e+05
2.6026e+05
2.6359e+05
2.6687e+05
2.7011e+05
2.733e+05
2.7644e+05
2.7953e+05
2.8256e+05
2.8554e+05
2.8845e+05
2.9131e+05
2.9411e+05
2.9685e+05
2.9952e+05
3.0212e+05
3.0467e+05
3.0714e+05
3.0954e+05
3.1188e+05
3.1415e+05
3.1634e+05
3.1846e+05
3.2052e+05
3.225e+05
3.244e+05
3.2624e+05
3.28e+05
3.2968e+05
3.313e+05
3.3284e+05
3.343e+05
3.357e+05
3.3702e+05
3.3827e+05
3.3945e+05
3.4056e+05
3.4159e+05
3.4256e+05
3.4346e+05
3.4429e+05
3.4506e+05
3.4575e+05
3.4639e+05
3.4696e+05
3.4747e+05
3.4791e+05
3.483e+05
3.4863e+05
3.489e+05
3.4912e+05
3.4928e+05
3.4939e+05
3.4945e+05
3.4946e+05
3.4942e+05
3.4934e+05
3.4922e+05
3.4905e+05
3.4884e+05
3.4859e+05
3.4831e+05
3.4799e+05
3.4764e+05
3.4726e+05
3.4685e+05
3.4641e+05
3.4594e+05
3.4545e+05
3.4494e+05
3.4441e+05
3.4386e+05
3.4329e+05
3.427e+05
3.4211e+05
3.415e+05
3.4088e+05
3.4025e+05
3.3961e+05
3.3897e+05
3.3832e+05
3.3767e+05
3.3701e+05
3.3636e+05
3.357e+05
3.3505e+05
3.344e+05
3.3375e+05
3.331e+05
3.3246e+05
3.3183e+05
3.312e+05
3.3058e+05
3.2997e+05
3.2937e+05
3.2877e+05
3.2819e+05
3.2761e+05
3.2704e+05
3.2649e+05
3.2594e+05
3.254e+05
3.2487e+05
3.2436e+05
3.2385e+05
3.2335e+05
3.2286e+05
3.2237e+05
3.219e+05
3.2143e+05
3.2097e+05
3.2052e+05
3.2007e+05
3.1962e+05
3.1918e+05
3.1875e+05
3.1831e+05
3.1788e+05
3.1744e+05
3.1701e+05
3.1657e+05
3.1613e+05
3.1569e+05
3.1524e+05
3.1478e+05
3.1432e+05
3.1385e+05
3.1336e+05
3.1287e+05
3.1236e+05
3.1184e+05
3.113e+05
3.1074e+05
3.1017e+05
3.0958e+05
3.0897e+05
3.0833e+05
3.0767e+05
3.0699e+05
3.0628e+05
3.0554e+05
3.0478e+05
3.0399e+05
3.0316e+05
3.0231e+05
3.0142e+05
3.005e+05
2.9954e+05
2.9855e+05
2.9752e+05
2.9646e+05
2.9535e+05
2.9421e+05
2.9303e+05
2.9181e+05
2.9055e+05
2.8925e+05
2.8791e+05
2.8653e+05
2.851e+05
2.8363e+05
2.8212e+05
2.8057e+05
2.7898e+05
2.7734e+05
2.7566e+05
2.7394e+05
2.7218e+05
2.7037e+05
2.6853e+05
2.6664e+05
2.6472e+05
2.6276e+05
2.6075e+05
2.5871e+05
2.5663e+05
2.5452e+05
2.5237e+05
2.5019e+05
2.4797e+05
2.4572e+05
2.4344e+05
2.4113e+05
2.3879e+05
2.3642e+05
2.3403e+05
2.3161e+05
2.2917e+05
2.2671e+05
2.2423e+05
2.2172e+05
2.192e+05
2.1667e+05
2.1411e+05
2.1155e+05
2.0898e+05
2.0639e+05
2.038e+05
2.012e+05
1.9859e+05
1.9599e+05
1.9338e+05
1.9077e+05
1.8816e+05
1.8556e+05
1.8296e+05
1.8036e+05
1.7777e+05
1.752e+05
1.7263e+05
1.7008e+05
1.6753e+05
1.6501e+05
1.625e+05
1.6e+05
1.5753e+05
1.5507e+05
1.5264e+05
1.5022e+05
1.4783e+05
1.4546e+05
1.4312e+05
1.408e+05
1.3851e+05
1.3625e+05
1.3401e+05
1.318e+05
1.2962e+05
1.2747e+05
1.2535e+05
1.2326e+05
1.212e+05
1.1917e+05
1.1716e+05
1.1519e+05
1.1325e+05
1.1134e+05
1.0946e+05
1.0761e+05
1.0579e+05
1.04e+05
1.0223e+05
1.005e+05
98790
97110
95457
93829
92228
90650
89097
87567
86059
84572
83105
81657
80228
78817
77422
76042
74676
73324
71984
70655
69336
68026
66725
65431
64143
62860
61582
60307
59034
57764
56495
55226
53957
52687
51416
50143
48868
47591
46310
45027
43741
42452
41160
39865
38567
37268
35967
34664
33362
32059
30758
29458
28162
26870
25584
24304
23033
21772
20522
19286
18065
16862
15678
14516
13377
12266
11183
10131
9114
8133.8
7193.4
6295.9
5444.2
4641.4
3890.9
3195.7
2559.3
1985
1476.3
1036.6
669.61
378.78
167.79
40.295
0
50.619
195.89
439.55
785.37
1237.1
1798.5
2473.3
3265.2
4178
5215.2
6380.6
7677.8
9110.2
10681
12395
14254
16262
18422
20737
23211
25846
28645
31611
34746
38054
41536
45194
49031
53049
57249
61634
66205
70962
75908
81043
86369
91885
97593
1.0349e+05
1.0958e+05
1.1587e+05
1.2234e+05
1.2901e+05
1.3586e+05
1.4291e+05
1.5014e+05
1.5756e+05
1.6517e+05
1.7296e+05
1.8094e+05
1.8909e+05
1.9742e+05
2.0593e+05
2.1461e+05
2.2346e+05
2.3248e+05
2.4166e+05
2.51e+05
2.605e+05
2.7015e+05
2.7995e+05
2.8989e+05
2.9997e+05
3.1019e+05
3.2053e+05
3.31e+05
3.416e+05
3.523e+05
3.6312e+05
3.7404e+05
3.8505e+05
3.9616e+05
4.0735e+05
4.1862e+05
4.2997e+05
4.4137e+05
4.5284e+05
4.6436e+05
4.7593e+05
4.8753e+05
4.9917e+05
5.1083e+05
5.2251e+05
5.3419e+05
5.4588e+05
5.5756e+05
5.6923e+05
5.8088e+05
5.925e+05
6.0408e+05
6.1562e+05
6.2711e+05
6.3853e+05
6.4989e+05
6.6118e+05
6.7238e+05
6.8349e+05
6.945e+05
7.0541e+05
7.1621e+05
7.2688e+05
7.3742e+05
7.4783e+05
7.5809e+05
7.6821e+05
7.7816e+05
7.8796e+05
7.9758e+05
8.0702e+05
8.1627e+05
8.2534e+05
8.342e+05
8.4286e+05
8.5131e+05
8.5954e+05
8.6756e+05
8.7534e+05
8.8288e+05
8.9019e+05
8.9726e+05
9.0407e+05
9.1063e+05
9.1694e+05
9.2298e+05
9.2875e+05
9.3425e+05
9.3947e+05
9.4442e+05
9.4909e+05
9.5347e+05
9.5757e+05
9.6137e+05
9.6488e+05
9.681e+05
9.7102e+05
9.7364e+05
9.7597e+05
9.7799e+05
9.7971e+05
9.8113e+05
9.8225e+05
9.8306e+05
9.8357e+05
9.8378e+05
9.8368e+05
9.8329e+05
9.8259e+05
9.816e+05
9.803e+05
9.7871e+05
9.7683e+05
9.7466e+05
9.7219e+05
9.6944e+05
9.6641e+05
9.6309e+05
9.595e+05
9.5563e+05
9.5149e+05
9.4708e+05
9.4241e+05
9.3748e+05
9.323e+05
9.2686e+05
9.2118e+05
9.1526e+05
9.0911e+05
9.0272e+05
8.9611e+05
8.8928e+05
8.8224e+05
8.7499e+05
8.6754e+05
8.5989e+05
8.5205e+05
8.4402e+05
8.3582e+05
8.2744e+05
8.1891e+05
8.1021e+05
8.0136e+05
7.9236e+05
7.8323e+05
7.7396e+05
7.6457e+05
7.5507e+05
7.4545e+05
7.3572e+05
7.259e+05
7.1598e+05
7.0599e+05
6.9591e+05
6.8577e+05
6.7556e+05
6.6529e+05
6.5498e+05
6.4462e+05
6.3422e+05
6.238e+05
6.1335e+05
6.0289e+05
5.9241e+05
5.8193e+05
5.7145e+05
5.6098e+05
5.5053e+05
5.4009e+05
5.2968e+05
5.1931e+05
5.0897e+05
4.9868e+05
4.8843e+05
4.7824e+05
4.681e+05
4.5804e+05
4.4804e+05
4.3811e+05
4.2827e+05
4.1851e+05
4.0883e+05
3.9925e+05
3.8977e+05
3.8038e+05
3.711e+05
3.6193e+05
3.5286e+05
3.4391e+05
3.3508e+05
3.2637e+05
3.1779e+05
3.0933e+05
3.01e+05
2.928e+05
2.8473e+05
2.768e+05
2.6901e+05
2.6135e+05
2.5384e+05
2.4647e+05
2.3924e+05
2.3216e+05
2.2522e+05
2.1843e+05
2.1178e+05
2.0529e+05
1.9894e+05
1.9274e+05
1.8669e+05
1.8079e+05
1.7504e+05
1.6943e+05
1.6398e+05
1.5867e+05
1.5351e+05
1.4849e+05
1.4362e+05
1.3889e+05
1.3431e+05
1.2987e+05
1.2556e+05
1.214e+05
1.1738e+05
1.1349e+05
1.0973e+05
1.0611e+05
1.0262e+05
99256
96021
92910
89922
87055
84305
81672
79152
76744
74444
72251
70161
68173
66283
64490
62790
61181
59660
58225
56872
55600
54406
53286
52239
51261
50350
49504
48720
47995
47326
46712
46149
45635
45168
44745
44365
44023
43719
43450
43214
43009
42832
42681
42555
42452
42369
42304
42256
42224
42205
42197
42199
42210
42228
42252
42280
42311
42343
42375
42407
42437
42464
42487
42506
42518
42524
42522
42513
42494
42466
42428
42380
42320
42249
42166
42071
41963
41843
41709
41562
41402
41228
41041
40840
40625
40397
40155
39900
39631
39349
39055
38747
38426
38093
37748
37391
37022
36642
36250
35849
35436
35014
34582
34141
33690
33232
32765
32290
31808
31319
30824
30322
29815
29303
28785
28264
27738
27208
26675
26139
25601
