23315
26360
29627
33111
36808
40713
44822
49127
53624
58305
63163
68192
73382
78727
84217
89843
95597
1.0147e+05
1.0745e+05
1.1353e+05
1.197e+05
1.2594e+05
1.3226e+05
1.3863e+05
1.4505e+05
1.515e+05
1.5798e+05
1.6448e+05
1.7098e+05
1.7747e+05
1.8395e+05
1.904e+05
1.9681e+05
2.0318e+05
2.0948e+05
2.1572e+05
2.2188e+05
2.2795e+05
2.3393e+05
2.398e+05
2.4556e+05
2.5119e+05
2.5669e+05
2.6205e+05
2.6727e+05
2.7233e+05
2.7723e+05
2.8197e+05
2.8653e+05
2.9092e+05
2.9512e+05
2.9913e+05
3.0295e+05
3.0657e+05
3.0999e+05
3.1321e+05
3.1622e+05
3.1902e+05
3.2161e+05
3.2399e+05
3.2616e+05
3.2812e+05
3.2986e+05
3.3139e+05
3.3271e+05
3.3381e+05
3.3471e+05
3.354e+05
3.3589e+05
3.3617e+05
3.3626e+05
3.3615e+05
3.3585e+05
3.3536e+05
3.3469e+05
3.3384e+05
3.3281e+05
3.3162e+05
3.3027e+05
3.2876e+05
3.271e+05
3.253e+05
3.2336e+05
3.2129e+05
3.191e+05
3.1679e+05
3.1437e+05
3.1184e+05
3.0923e+05
3.0652e+05
3.0374e+05
3.0088e+05
2.9796e+05
2.9498e+05
2.9195e+05
2.8888e+05
2.8577e+05
2.8264e+05
2.7949e+05
2.7632e+05
2.7315e+05
2.6998e+05
2.6682e+05
2.6368e+05
2.6056e+05
2.5747e+05
2.5441e+05
2.5139e+05
2.4842e+05
2.4551e+05
2.4265e+05
2.3986e+05
2.3713e+05
2.3448e+05
2.3191e+05
2.2942e+05
2.2702e+05
2.247e+05
2.2248e+05
2.2036e+05
2.1834e+05
2.1641e+05
2.146e+05
2.1289e+05
2.1129e+05
2.0979e+05
2.0841e+05
2.0714e+05
2.0598e+05
2.0493e+05
2.04e+05
2.0317e+05
2.0246e+05
2.0186e+05
2.0137e+05
2.0098e+05
2.007e+05
2.0052e+05
2.0045e+05
2.0047e+05
2.0059e+05
2.008e+05
2.011e+05
2.0149e+05
2.0196e+05
2.0252e+05
2.0314e+05
2.0384e+05
2.0461e+05
2.0544e+05
2.0632e+05
2.0727e+05
2.0826e+05
2.0929e+05
2.1037e+05
2.1148e+05
2.1262e+05
2.1378e+05
2.1496e+05
2.1616e+05
2.1737e+05
2.1858e+05
2.1979e+05
2.21e+05
2.222e+05
2.2338e+05
2.2454e+05
2.2567e+05
2.2678e+05
2.2785e+05
2.2889e+05
2.2988e+05
2.3082e+05
2.3172e+05
2.3256e+05
2.3334e+05
2.3406e+05
2.3471e+05
2.353e+05
2.3581e+05
2.3625e+05
2.3661e+05
2.369e+05
2.371e+05
2.3722e+05
2.3726e+05
2.372e+05
2.3706e+05
2.3683e+05
2.3651e+05
2.361e+05
2.356e+05
2.3501e+05
2.3432e+05
2.3355e+05
2.3268e+05
2.3172e+05
2.3067e+05
2.2953e+05
2.2831e+05
2.27e+05
2.256e+05
2.2412e+05
2.2255e+05
2.2091e+05
2.1919e+05
2.1739e+05
2.1552e+05
2.1358e+05
2.1157e+05
2.0949e+05
2.0735e+05
2.0515e+05
2.0289e+05
2.0058e+05
1.9822e+05
1.958e+05
1.9334e+05
1.9084e+05
1.883e+05
1.8572e+05
1.8311e+05
1.8046e+05
1.7779e+05
1.7509e+05
1.7238e+05
1.6964e+05
1.6689e+05
1.6412e+05
1.6134e+05
1.5856e+05
1.5576e+05
1.5297e+05
1.5017e+05
1.4738e+05
1.4459e+05
1.418e+05
1.3902e+05
1.3625e+05
1.3349e+05
1.3075e+05
1.2801e+05
1.253e+05
1.2259e+05
1.1991e+05
1.1725e+05
1.146e+05
1.1198e+05
1.0937e+05
1.0679e+05
1.0423e+05
1.017e+05
99184
96695
94230
91789
89372
86979
84611
82267
79948
77652
75381
73134
70911
68712
66536
64384
62256
60152
58071
56013
53980
51970
49984
48023
46086
44174
42288
40428
38594
36787
35009
33259
31539
29849
28191
26566
24975
23419
21899
20417
18974
17572
16212
14896
13625
12401
11225
10099
9025.1
8004
7037.7
6127.6
5275.2
4482
3749.4
3078.7
2471.1
1927.8
1449.9
1038.3
693.92
417.41
209.38
70.295
0.45067
0
68.93
207.06
414.03
689.3
1032.2
1441.7
1916.8
2456.1
3058.2
3721.4
4443.7
5223.1
6057.2
6943.6
7879.6
8862.2
9888.5
10955
12059
13196
14363
15555
16769
18001
19246
20500
21758
23016
24269
25514
26744
27955
29143
30302
31429
32519
33567
34568
35519
36415
37252
38027
38735
39374
39939
40429
40839
41169
41415
41576
41651
41637
41535
41344
41064
40695
40238
39695
39066
38354
37561
36690
35745
34730
33648
32505
31305
30054
28759
27425
26061
24672
23267
21855
20442
19040
17656
16300
14983
13714
12505
11365
10306
9338.7
8474.8
7725.9
7103.4
6619.3
6285.2
6113
6114.6
6301.9
6686.6
7280.4
8094.9
9141.5
10431
11976
13785
15870
18241
20908
23879
27164
30773
34712
38989
43612
48586
53919
59615
65679
72116
78927
86117
93688
1.0164e+05
1.0997e+05
1.1869e+05
1.2778e+05
1.3726e+05
1.4711e+05
1.5734e+05
1.6793e+05
1.7889e+05
1.9021e+05
2.0187e+05
2.1389e+05
2.2624e+05
2.3891e+05
2.5191e+05
2.6521e+05
2.7881e+05
2.9269e+05
3.0685e+05
3.2126e+05
3.3592e+05
3.5081e+05
3.6591e+05
3.8121e+05
3.967e+05
4.1235e+05
4.2815e+05
4.4407e+05
4.6011e+05
4.7624e+05
4.9245e+05
5.0871e+05
5.25e+05
5.4131e+05
5.5761e+05
5.7388e+05
5.901e+05
6.0626e+05
6.2232e+05
6.3827e+05
6.5409e+05
6.6976e+05
6.8525e+05
7.0055e+05
7.1563e+05
7.3048e+05
7.4507e+05
7.5938e+05
7.734e+05
7.871e+05
8.0047e+05
8.1349e+05
8.2614e+05
8.384e+05
8.5026e+05
8.6169e+05
8.7269e+05
8.8325e+05
8.9333e+05
9.0294e+05
9.1206e+05
9.2067e+05
9.2877e+05
9.3635e+05
9.4339e+05
9.4988e+05
9.5583e+05
9.6121e+05
9.6603e+05
9.7028e+05
9.7396e+05
9.7705e+05
9.7957e+05
9.8149e+05
9.8284e+05
9.836e+05
9.8378e+05
9.8337e+05
9.8239e+05
9.8082e+05
9.7869e+05
9.7599e+05
9.7273e+05
9.6891e+05
9.6455e+05
9.5965e+05
9.5422e+05
9.4827e+05
9.4181e+05
9.3485e+05
9.2741e+05
9.1949e+05
9.1112e+05
9.023e+05
8.9304e+05
8.8337e+05
8.7329e+05
8.6283e+05
8.52e+05
8.4081e+05
8.2929e+05
8.1744e+05
8.053e+05
7.9286e+05
7.8016e+05
7.6721e+05
7.5403e+05
7.4064e+05
7.2705e+05
7.1328e+05
6.9935e+05
6.8529e+05
6.711e+05
6.5681e+05
6.4243e+05
6.2798e+05
6.1349e+05
5.9896e+05
5.8441e+05
5.6986e+05
5.5533e+05
5.4084e+05
5.2639e+05
5.1201e+05
4.977e+05
4.8349e+05
4.6939e+05
4.5541e+05
4.4157e+05
4.2787e+05
4.1433e+05
4.0096e+05
3.8778e+05
3.7479e+05
3.62e+05
3.4942e+05
3.3707e+05
3.2494e+05
3.1305e+05
3.0141e+05
2.9001e+05
2.7888e+05
2.68e+05
2.5739e+05
2.4706e+05
2.37e+05
2.2721e+05
2.1771e+05
2.0849e+05
1.9956e+05
1.9091e+05
1.8254e+05
1.7446e+05
1.6667e+05
1.5916e+05
1.5193e+05
1.4498e+05
1.3831e+05
1.3191e+05
1.2579e+05
1.1994e+05
1.1435e+05
1.0902e+05
1.0395e+05
99128
94553
90219
86120
82249
78602
75172
71952
68936
66117
63489
61044
58775
56676
54739
52957
51323
49831
48472
47241
46129
45131
44239
43446
42747
42134
41601
41142
40751
40422
40149
39927
39750
39613
39511
39440
39394
39369
39361
39367
39381
39402
39424
39446
39464
39476
39478
39469
39447
39409
39354
39280
39186
39071
38934
38774
38590
38382
38150
37892
37610
37303
36972
36616
36237
35834
35409
34962
34493
34005
33497
32971
32428
31869
31295
30707
30106
29495
28874
28244
27607
26963
26315
25664
25010
24356
23702
23049
22399
21753
21112
20477
19849
19229
18618
18017
17426
16847
16280
15726
15186
14660
14148
13651
13169
12703
12253
11820
11403
11002
10618
10250
9898.7
9564
9245.6
8943.2
8656.7
8385.9
8130.3
7889.6
7663.5
7451.5
7253.3
7068.2
6895.8
6735.5
6586.9
6449.3
6322.1
6204.7
6096.5
5996.8
5905.1
5820.6
5742.7
5670.7
5604
5541.9
5483.7
5428.8
5376.5
5326.3
5277.3
5229.2
