54456
57456
60710
64217
67976
71983
76235
80728
85456
90413
95591
1.0098e+05
1.0658e+05
1.1236e+05
1.1833e+05
1.2448e+05
1.3078e+05
1.3722e+05
1.438e+05
1.5049e+05
1.5729e+05
1.6417e+05
1.7113e+05
1.7813e+05
1.8518e+05
1.9224e+05
1.9931e+05
2.0636e+05
2.1339e+05
2.2036e+05
2.2726e+05
2.3408e+05
2.408e+05
2.474e+05
2.5387e+05
2.6018e+05
2.6632e+05
2.7228e+05
2.7804e+05
2.8358e+05
2.889e+05
2.9397e+05
2.9879e+05
3.0334e+05
3.0762e+05
3.116e+05
3.1529e+05
3.1867e+05
3.2173e+05
3.2447e+05
3.2688e+05
3.2895e+05
3.3069e+05
3.3208e+05
3.3313e+05
3.3383e+05
3.3418e+05
3.3419e+05
3.3384e+05
3.3316e+05
3.3214e+05
3.3077e+05
3.2908e+05
3.2706e+05
3.2471e+05
3.2206e+05
3.191e+05
3.1584e+05
3.1229e+05
3.0847e+05
3.0438e+05
3.0003e+05
2.9544e+05
2.9061e+05
2.8557e+05
2.8031e+05
2.7487e+05
2.6924e+05
2.6344e+05
2.5749e+05
2.514e+05
2.4519e+05
2.3887e+05
2.3245e+05
2.2595e+05
2.1938e+05
2.1276e+05
2.061e+05
1.9941e+05
1.9272e+05
1.8602e+05
1.7935e+05
1.727e+05
1.661e+05
1.5955e+05
1.5307e+05
1.4667e+05
1.4037e+05
1.3416e+05
1.2807e+05
1.221e+05
1.1627e+05
1.1058e+05
1.0505e+05
99674
94470
89445
84604
79956
75506
71261
67225
63404
59802
56424
53272
50350
47660
45206
42987
41006
39263
37760
36494
35467
34677
34123
33804
33716
33857
34225
34816
35626
36652
37888
39331
40974
42812
44841
47052
49441
51999
54721
57599
60625
63792
67091
70515
74055
77701
81447
85282
89198
93185
97234
1.0134e+05
1.0548e+05
1.0966e+05
1.1387e+05
1.1809e+05
1.2232e+05
1.2654e+05
1.3076e+05
1.3495e+05
1.3911e+05
1.4324e+05
1.4731e+05
1.5134e+05
1.553e+05
1.5919e+05
1.63e+05
1.6672e+05
1.7036e+05
1.7389e+05
1.7732e+05
1.8064e+05
1.8384e+05
1.8692e+05
1.8987e+05
1.9269e+05
1.9538e+05
1.9793e+05
2.0034e+05
2.026e+05
2.0472e+05
2.0669e+05
2.085e+05
2.1017e+05
2.1169e+05
2.1305e+05
2.1427e+05
2.1533e+05
2.1624e+05
2.17e+05
2.1761e+05
2.1808e+05
2.184e+05
2.1858e+05
2.1862e+05
2.1853e+05
2.183e+05
2.1794e+05
2.1745e+05
2.1684e+05
2.1611e+05
2.1526e+05
2.143e+05
2.1323e+05
2.1205e+05
2.1077e+05
2.0939e+05
2.0792e+05
2.0636e+05
2.0471e+05
2.0297e+05
2.0116e+05
1.9927e+05
1.973e+05
1.9527e+05
1.9316e+05
1.9099e+05
1.8876e+05
1.8647e+05
1.8412e+05
1.8172e+05
1.7927e+05
1.7676e+05
1.7421e+05
1.7161e+05
1.6896e+05
1.6628e+05
1.6355e+05
1.6078e+05
1.5797e+05
1.5513e+05
1.5226e+05
1.4934e+05
1.464e+05
1.4343e+05
1.4043e+05
1.374e+05
1.3435e+05
1.3128e+05
1.2818e+05
1.2507e+05
1.2193e+05
1.1879e+05
1.1563e+05
1.1246e+05
1.0929e+05
1.0611e+05
1.0293e+05
99751
96580
93418
90268
87135
84022
80934
77873
74845
71853
68902
65996
63139
60335
57588
54903
52282
49731
47253
44852
42529
40290
38137
36071
34097
32215
30427
28736
27141
25644
24245
22943
21739
20631
19619
18700
17873
17135
16483
15915
15427
15015
14674
14402
14192
14041
13943
13893
13885
13914
13975
14062
14169
14292
14423
14559
14694
14822
14940
15042
15125
15184
15216
15217
15186
15119
15014
14870
14687
14463
14198
13893
13549
13167
12750
12298
11816
11306
10771
10217
9647
9065.7
8478.3
7889.7
7305.5
6731.1
6172.2
5634.5
5123.7
4645.6
4205.8
3809.8
3463
3170.6
2937.3
2767.8
2666.3
2636.5
2681.9
2805.3
3009.1
3295.2
3664.7
4118.4
4656.3
5277.8
5981.7
6766
7628.2
8565.1
9572.8
10647
11782
12973
14213
15495
16813
18157
19521
20896
22272
23641
24993
26319
27609
28855
30046
31174
32229
33203
34088
34876
35559
36132
36588
36921
37128
37206
37151
36962
36638
36182
35593
34875
34033
33072
31998
30820
29547
28189
26758
25268
23732
22166
20587
19012
17460
15951
14506
13146
11893
10771
9803.4
9014.1
8427.8
8069.4
7963.9
8136.4
8612.2
9416.1
10573
12107
14042
16401
19207
22482
26245
30517
35315
40658
46560
53035
60097
67756
76021
84899
94395
1.0451e+05
1.1526e+05
1.2662e+05
1.386e+05
1.512e+05
1.6441e+05
1.7821e+05
1.926e+05
2.0757e+05
2.2309e+05
2.3915e+05
2.5573e+05
2.7281e+05
2.9036e+05
3.0835e+05
3.2677e+05
3.4558e+05
3.6474e+05
3.8423e+05
4.0401e+05
4.2405e+05
4.443e+05
4.6473e+05
4.8531e+05
5.0598e+05
5.2671e+05
5.4745e+05
5.6817e+05
5.8882e+05
6.0936e+05
6.2974e+05
6.4992e+05
6.6986e+05
6.8951e+05
7.0884e+05
7.2779e+05
7.4633e+05
7.6442e+05
7.8202e+05
7.9909e+05
8.1559e+05
8.3149e+05
8.4675e+05
8.6133e+05
8.7522e+05
8.8837e+05
9.0077e+05
9.1238e+05
9.2318e+05
9.3314e+05
9.4226e+05
9.505e+05
9.5787e+05
9.6433e+05
9.6988e+05
9.7452e+05
9.7823e+05
9.8101e+05
9.8286e+05
9.8378e+05
9.8377e+05
9.8283e+05
9.8098e+05
9.7822e+05
9.7457e+05
9.7003e+05
9.6461e+05
9.5835e+05
9.5126e+05
9.4335e+05
9.3464e+05
9.2518e+05
9.1497e+05
9.0404e+05
8.9243e+05
8.8015e+05
8.6725e+05
8.5375e+05
8.3969e+05
8.2509e+05
8.1e+05
7.9444e+05
7.7845e+05
7.6207e+05
7.4533e+05
7.2826e+05
7.109e+05
6.9329e+05
6.7547e+05
6.5746e+05
6.393e+05
6.2103e+05
6.0268e+05
5.8428e+05
5.6587e+05
5.4748e+05
5.2914e+05
5.1088e+05
4.9272e+05
4.7471e+05
4.5686e+05
4.392e+05
4.2175e+05
4.0455e+05
3.8761e+05
3.7095e+05
3.546e+05
3.3857e+05
3.2288e+05
3.0755e+05
2.9259e+05
2.7802e+05
2.6385e+05
2.5008e+05
2.3674e+05
2.2383e+05
2.1135e+05
1.9931e+05
1.8772e+05
1.7657e+05
1.6588e+05
1.5565e+05
1.4586e+05
1.3653e+05
1.2765e+05
1.1922e+05
1.1123e+05
1.0367e+05
96553
89858
83582
77715
72248
67174
62480
58156
54192
50575
47293
44333
41684
39331
37262
35462
33919
32619
31547
30690
30035
29567
29273
29140
29155
29303
29573
29952
30428
30988
31622
32317
33064
33851
34669
35508
36359
37213
38062
38899
39716
40506
41263
41982
42658
43284
43858
44376
44833
45228
45558
45822
46016
46142
46198
46184
46100
45946
45725
45436
45082
44664
44185
43647
43053
42406
41708
40963
40175
39346
38482
37585
36659
35708
34737
33748
32746
31736
30719
29702
28686
27676
26675
25686
24714
23760
22827
21919
21037
20185
19364
18576
17823
17107
16428
15787
15186
14626
14105
13626
13186
12788
12429
12109
11828
11584
11377
11204
11065
10958
10880
10831
10808
10809
10832
10875
10936
11011
11100
11199
11306
11420
11537
11655
11773
11888
11997
12100
12194
12277
12348
12405
12446
12471
12478
12465
12433
12381
12307
12211
12093
11953
11790
11605
11399
11170
10921
10650
10360
10052
9724.7
9380.8
9021.2
8647
8259.6
7860.2
7450.4
7031.6
6605.4
6173.1
5736.5
5297
4856.3
4415.9
3977.2
3541.9
3111.5
2687.2
2270.6
1862.9
1465.4
1079.3
705.74
345.64
0
