36658
38749
41052
43564
46286
49213
52342
55671
59194
62906
66802
70876
75122
79531
84097
88812
93666
98651
1.0376e+05
1.0897e+05
1.1429e+05
1.197e+05
1.252e+05
1.3076e+05
1.3638e+05
1.4204e+05
1.4774e+05
1.5347e+05
1.5921e+05
1.6494e+05
1.7067e+05
1.7637e+05
1.8204e+05
1.8766e+05
1.9323e+05
1.9872e+05
2.0413e+05
2.0945e+05
2.1467e+05
2.1977e+05
2.2475e+05
2.2959e+05
2.3429e+05
2.3883e+05
2.4321e+05
2.4742e+05
2.5145e+05
2.5529e+05
2.5893e+05
2.6237e+05
2.6561e+05
2.6862e+05
2.7142e+05
2.7399e+05
2.7633e+05
2.7844e+05
2.8031e+05
2.8194e+05
2.8333e+05
2.8448e+05
2.8538e+05
2.8603e+05
2.8644e+05
2.8661e+05
2.8653e+05
2.8621e+05
2.8566e+05
2.8486e+05
2.8383e+05
2.8258e+05
2.811e+05
2.7939e+05
2.7748e+05
2.7535e+05
2.7303e+05
2.7051e+05
2.6779e+05
2.649e+05
2.6184e+05
2.5861e+05
2.5522e+05
2.5169e+05
2.4802e+05
2.4422e+05
2.4029e+05
2.3626e+05
2.3213e+05
2.2791e+05
2.2361e+05
2.1924e+05
2.1481e+05
2.1034e+05
2.0582e+05
2.0128e+05
1.9672e+05
1.9215e+05
1.8759e+05
1.8303e+05
1.7851e+05
1.7401e+05
1.6956e+05
1.6515e+05
1.6081e+05
1.5654e+05
1.5235e+05
1.4824e+05
1.4423e+05
1.4032e+05
1.3652e+05
1.3284e+05
1.2928e+05
1.2585e+05
1.2256e+05
1.1941e+05
1.164e+05
1.1355e+05
1.1085e+05
1.0831e+05
1.0593e+05
1.0372e+05
1.0168e+05
99808
98109
96584
95234
94060
93062
92239
91592
91118
90817
90688
90727
90934
91304
91836
92526
93371
94366
95508
96793
98216
99772
1.0146e+05
1.0327e+05
1.0519e+05
1.0723e+05
1.0938e+05
1.1163e+05
1.1398e+05
1.1642e+05
1.1894e+05
1.2154e+05
1.2422e+05
1.2696e+05
1.2976e+05
1.3262e+05
1.3553e+05
1.3848e+05
1.4147e+05
1.4449e+05
1.4753e+05
1.5059e+05
1.5367e+05
1.5676e+05
1.5985e+05
1.6293e+05
1.6601e+05
1.6907e+05
1.7211e+05
1.7513e+05
1.7811e+05
1.8106e+05
1.8397e+05
1.8683e+05
1.8965e+05
1.9241e+05
1.9511e+05
1.9774e+05
2.0031e+05
2.028e+05
2.0522e+05
2.0756e+05
2.0981e+05
2.1198e+05
2.1405e+05
2.1603e+05
2.1791e+05
2.1969e+05
2.2136e+05
2.2293e+05
2.2439e+05
2.2573e+05
2.2696e+05
2.2808e+05
2.2907e+05
2.2994e+05
2.307e+05
2.3132e+05
2.3182e+05
2.322e+05
2.3245e+05
2.3257e+05
2.3256e+05
2.3242e+05
2.3215e+05
2.3176e+05
2.3123e+05
2.3058e+05
2.2979e+05
2.2888e+05
2.2785e+05
2.2669e+05
2.254e+05
2.24e+05
2.2247e+05
2.2083e+05
2.1907e+05
2.172e+05
2.1522e+05
2.1314e+05
2.1094e+05
2.0865e+05
2.0626e+05
2.0378e+05
2.0121e+05
1.9855e+05
1.9581e+05
1.9299e+05
1.901e+05
1.8715e+05
1.8412e+05
1.8104e+05
1.7791e+05
1.7472e+05
1.7149e+05
1.6823e+05
1.6492e+05
1.6159e+05
1.5824e+05
1.5486e+05
1.5147e+05
1.4807e+05
1.4467e+05
1.4127e+05
1.3787e+05
1.3449e+05
1.3112e+05
1.2776e+05
1.2444e+05
1.2113e+05
1.1787e+05
1.1463e+05
1.1144e+05
1.0829e+05
1.0518e+05
1.0212e+05
99118
96167
93273
90437
87662
84948
82299
79714
77194
74740
72353
70032
67778
65590
63468
61410
59416
57485
55615
53805
52053
50357
48716
47127
45588
44097
42652
41250
39889
38566
37280
36027
34806
33614
32449
31309
30191
29094
28016
26955
25910
24879
23862
22856
21862
20878
19904
18940
17986
17041
16107
15184
14271
13371
12484
11612
10756
9917.5
9098.1
8299.8
7524.5
6774.4
6051.5
5358.1
4696.4
4068.8
3477.6
2925.1
2413.6
1945.4
1522.6
1147.5
821.93
547.92
327.2
161.39
51.904
0
6.7093
72.843
198.98
385.43
632.27
939.27
1306
1731.5
2214.9
2754.7
3349.2
3996.5
4694.3
5440
6230.6
7063.1
7934.1
8839.7
9776
10739
11724
12727
13742
14765
15791
16814
17830
18832
19816
20776
21706
22603
23460
24272
25035
25744
26394
26982
27504
27955
28334
28637
28863
29009
29074
29057
28958
28778
28517
28178
27762
27272
26711
26085
25397
24654
23861
23026
22156
21259
20345
19423
18503
17596
16715
15869
15073
14340
13682
13115
12651
12307
12097
12037
12142
12427
12910
13605
14528
15696
17124
18827
20822
23123
25745
28702
32008
35676
39720
44151
48980
54219
59877
65963
72485
79451
86867
94737
1.0307e+05
1.1186e+05
1.2111e+05
1.3083e+05
1.4101e+05
1.5165e+05
1.6276e+05
1.7431e+05
1.8632e+05
1.9877e+05
2.1165e+05
2.2496e+05
2.3868e+05
2.528e+05
2.6732e+05
2.822e+05
2.9745e+05
3.1304e+05
3.2896e+05
3.4518e+05
3.6168e+05
3.7845e+05
3.9547e+05
4.127e+05
4.3013e+05
4.4774e+05
4.6548e+05
4.8335e+05
5.0131e+05
5.1934e+05
5.374e+05
5.5547e+05
5.7352e+05
5.9153e+05
6.0945e+05
6.2727e+05
6.4495e+05
6.6246e+05
6.7978e+05
6.9687e+05
7.1371e+05
7.3026e+05
7.465e+05
7.624e+05
7.7793e+05
7.9306e+05
8.0778e+05
8.2205e+05
8.3584e+05
8.4914e+05
8.6193e+05
8.7417e+05
8.8585e+05
8.9694e+05
9.0744e+05
9.1731e+05
9.2656e+05
9.3515e+05
9.4307e+05
9.5032e+05
9.5688e+05
9.6275e+05
9.679e+05
9.7234e+05
9.7607e+05
9.7906e+05
9.8133e+05
9.8288e+05
9.8369e+05
9.8378e+05
9.8314e+05
9.8178e+05
9.7971e+05
9.7693e+05
9.7345e+05
9.6927e+05
9.6442e+05
9.5891e+05
9.5273e+05
9.4592e+05
9.3848e+05
9.3044e+05
9.218e+05
9.1259e+05
9.0283e+05
8.9253e+05
8.8172e+05
8.7042e+05
8.5866e+05
8.4644e+05
8.338e+05
8.2077e+05
8.0736e+05
7.936e+05
7.7952e+05
7.6513e+05
7.5048e+05
7.3557e+05
7.2044e+05
7.0511e+05
6.8961e+05
6.7396e+05
6.5819e+05
6.4232e+05
6.2637e+05
6.1038e+05
5.9436e+05
5.7834e+05
5.6234e+05
5.4638e+05
5.3049e+05
5.1468e+05
4.9898e+05
4.834e+05
4.6797e+05
4.527e+05
4.3761e+05
4.2271e+05
4.0803e+05
3.9357e+05
3.7935e+05
3.6539e+05
3.517e+05
3.3828e+05
3.2515e+05
3.1233e+05
2.998e+05
2.876e+05
2.7571e+05
2.6415e+05
2.5293e+05
2.4204e+05
2.315e+05
2.213e+05
2.1144e+05
2.0193e+05
1.9277e+05
1.8396e+05
1.7549e+05
1.6737e+05
1.5959e+05
1.5215e+05
1.4504e+05
1.3826e+05
1.3181e+05
1.2568e+05
1.1987e+05
1.1436e+05
1.0915e+05
1.0424e+05
99616
95270
91194
87380
83820
80505
77425
74571
71935
69506
67275
65233
63370
61677
60144
58763
57523
56415
55432
54563
53800
53135
52559
52065
51644
51290
50994
50750
50551
50391
50263
50162
50082
50017
49964
49917
49872
49825
49772
49710
49636
49547
49440
49314
49166
48994
48798
48576
48328
48051
47747
47415
47055
46666
46250
45807
45338
44843
44323
43780
43215
42629
42024
41401
40761
40107
39440
38762
38075
37380
36679
35975
35268
34562
33857
33155
32458
31768
31086
30414
29754
29106
28472
27854
27253
26670
26105
25560
25036
24533
24052
23593
23158
22746
22358
21994
21653
21337
21044
20775
20530
20307
20107
19929
19772
19636
19520
19423
19344
19283
19238
19208
19192
19190
19200
19220
19250
19288
19334
19386
19442
19502
19563
19626
19689
19751
19810
19865
19916
19960
19998
20029
20050
20062
20063
20053
20032
19997
19950
19888
19813
19723
19618
19498
19362
19211
19044
18862
18664
18450
18222
17978
17720
17447
17161
16861
16548
16222
15886
