9.8378e+05
9.8057e+05
9.7729e+05
9.7393e+05
9.705e+05
9.67e+05
9.6342e+05
9.5977e+05
9.5605e+05
9.5227e+05
9.4841e+05
9.4449e+05
9.4051e+05
9.3646e+05
9.3235e+05
9.2817e+05
9.2394e+05
9.1965e+05
9.1529e+05
9.1088e+05
9.0642e+05
9.019e+05
8.9732e+05
8.927e+05
8.8802e+05
8.8329e+05
8.7851e+05
8.7369e+05
8.6882e+05
8.639e+05
8.5894e+05
8.5393e+05
8.4888e+05
8.438e+05
8.3867e+05
8.335e+05
8.2829e+05
8.2305e+05
8.1777e+05
8.1246e+05
8.0712e+05
8.0174e+05
7.9633e+05
7.909e+05
7.8543e+05
7.7993e+05
7.7441e+05
7.6887e+05
7.633e+05
7.577e+05
7.5209e+05
7.4645e+05
7.4079e+05
7.3511e+05
7.2942e+05
7.237e+05
7.1798e+05
7.1223e+05
7.0647e+05
7.007e+05
6.9492e+05
6.8913e+05
6.8332e+05
6.7751e+05
6.7169e+05
6.6586e+05
6.6003e+05
6.5419e+05
6.4834e+05
6.4249e+05
6.3665e+05
6.3079e+05
6.2494e+05
6.1909e+05
6.1324e+05
6.0739e+05
6.0154e+05
5.957e+05
5.8987e+05
5.8403e+05
5.7821e+05
5.7239e+05
5.6658e+05
5.6078e+05
5.5498e+05
5.492e+05
5.4343e+05
5.3767e+05
5.3193e+05
5.2619e+05
5.2047e+05
5.1477e+05
5.0908e+05
5.0341e+05
4.9776e+05
4.9212e+05
4.865e+05
4.809e+05
4.7532e+05
4.6976e+05
4.6422e+05
4.587e+05
4.5321e+05
4.4774e+05
4.4229e+05
4.3687e+05
4.3147e+05
4.2609e+05
4.2075e+05
4.1542e+05
4.1013e+05
4.0486e+05
3.9962e+05
3.9441e+05
3.8923e+05
3.8408e+05
3.7896e+05
3.7387e+05
3.6881e+05
3.6378e+05
3.5878e+05
3.5382e+05
3.4889e+05
3.4399e+05
3.3912e+05
3.3429e+05
3.295e+05
3.2474e+05
3.2001e+05
3.1532e+05
3.1067e+05
3.0605e+05
3.0147e+05
2.9692e+05
2.9241e+05
2.8794e+05
2.8351e+05
2.7912e+05
2.7476e+05
2.7045e+05
2.6617e+05
2.6193e+05
2.5773e+05
2.5358e+05
2.4946e+05
2.4538e+05
2.4134e+05
2.3734e+05
2.3339e+05
2.2947e+05
2.256e+05
2.2176e+05
2.1797e+05
2.1422e+05
2.1051e+05
2.0685e+05
2.0322e+05
1.9964e+05
1.961e+05
1.926e+05
1.8915e+05
1.8574e+05
1.8237e+05
1.7904e+05
1.7576e+05
1.7252e+05
1.6932e+05
1.6616e+05
1.6305e+05
1.5998e+05
1.5696e+05
1.5398e+05
1.5104e+05
1.4814e+05
1.4529e+05
1.4248e+05
1.3971e+05
1.3699e+05
1.3431e+05
1.3167e+05
1.2907e+05
1.2652e+05
1.2401e+05
1.2155e+05
1.1912e+05
1.1674e+05
1.144e+05
1.1211e+05
1.0986e+05
1.0764e+05
1.0548e+05
1.0335e+05
1.0126e+05
99221
97220
95261
93343
91466
89630
87836
86082
84369
82697
81065
79473
77921
76409
74937
73504
72111
70756
69441
68164
66925
65725
64563
63438
62352
61302
60290
59314
58375
57473
56606
55776
54981
54221
53497
52807
52152
51531
50945
50392
49872
49386
48933
48513
48124
47768
47444
47151
46890
46659
46460
46290
46150
46041
45960
45909
45887
45893
45927
45989
46079
46196
46340
46511
46708
46931
47180
47454
47754
48078
48426
48799
49195
49615
50058
50524
51012
51523
52055
52609
53185
53781
54398
55035
55692
56368
57064
57779
58512
59264
60034
60822
61626
62448
63287
64142
65013
65900
66803
67721
68653
69600
70561
71536
72525
73527
74542
75570
76610
77662
78725
79801
80887
81984
83092
84210
85338
86475
87622
88778
89943
91116
92298
93487
94684
95888
97099
98317
99542
1.0077e+05
1.0201e+05
1.0325e+05
1.045e+05
1.0575e+05
1.0701e+05
1.0827e+05
1.0954e+05
1.1081e+05
1.1208e+05
1.1336e+05
1.1464e+05
1.1593e+05
1.1721e+05
1.185e+05
1.198e+05
1.2109e+05
1.2238e+05
1.2368e+05
1.2498e+05
1.2628e+05
1.2758e+05
1.2888e+05
1.3018e+05
1.3148e+05
1.3278e+05
1.3408e+05
1.3538e+05
1.3668e+05
1.3798e+05
1.3928e+05
1.4057e+05
1.4187e+05
1.4316e+05
1.4445e+05
1.4573e+05
1.4702e+05
1.483e+05
1.4958e+05
1.5086e+05
1.5213e+05
1.534e+05
1.5466e+05
1.5592e+05
1.5718e+05
1.5843e+05
1.5968e+05
1.6092e+05
1.6216e+05
1.634e+05
1.6462e+05
1.6585e+05
1.6706e+05
1.6827e+05
1.6948e+05
1.7068e+05
1.7187e+05
1.7306e+05
1.7424e+05
1.7541e+05
1.7658e+05
1.7774e+05
1.7889e+05
1.8004e+05
1.8117e+05
1.823e+05
1.8342e+05
1.8454e+05
1.8564e+05
1.8674e+05
1.8783e+05
1.8891e+05
1.8998e+05
1.9105e+05
1.921e+05
1.9315e+05
1.9418e+05
1.9521e+05
1.9623e+05
1.9724e+05
1.9824e+05
1.9923e+05
2.002e+05
2.0117e+05
2.0213e+05
2.0308e+05
2.0402e+05
2.0495e+05
2.0587e+05
2.0678e+05
2.0767e+05
2.0856e+05
2.0944e+05
2.103e+05
2.1116e+05
2.12e+05
2.1283e+05
2.1365e+05
2.1446e+05
2.1526e+05
2.1604e+05
2.1682e+05
2.1758e+05
2.1833e+05
2.1907e+05
2.198e+05
2.2052e+05
2.2122e+05
2.2192e+05
2.226e+05
2.2327e+05
2.2392e+05
2.2457e+05
2.252e+05
2.2582e+05
2.2642e+05
2.2702e+05
2.276e+05
2.2817e+05
2.2873e+05
2.2928e+05
2.2981e+05
2.3033e+05
2.3084e+05
2.3133e+05
2.3181e+05
2.3228e+05
2.3274e+05
2.3318e+05
2.3361e+05
2.3403e+05
2.3444e+05
2.3483e+05
2.3521e+05
2.3557e+05
2.3593e+05
2.3627e+05
2.366e+05
2.3691e+05
2.3721e+05
2.375e+05
2.3778e+05
2.3804e+05
2.3829e+05
2.3853e+05
2.3875e+05
2.3896e+05
2.3916e+05
2.3935e+05
2.3952e+05
2.3968e+05
2.3983e+05
2.3996e+05
2.4008e+05
2.4019e+05
2.4028e+05
2.4036e+05
2.4043e+05
2.4049e+05
2.4053e+05
2.4056e+05
2.4058e+05
2.4059e+05
2.4058e+05
2.4056e+05
2.4052e+05
2.4048e+05
2.4042e+05
2.4035e+05
2.4026e+05
2.4017e+05
2.4006e+05
2.3994e+05
2.398e+05
2.3966e+05
2.395e+05
2.3933e+05
2.3914e+05
2.3895e+05
2.3874e+05
2.3852e+05
2.3829e+05
2.3805e+05
2.3779e+05
2.3752e+05
2.3724e+05
2.3695e+05
2.3664e+05
2.3633e+05
2.36e+05
2.3566e+05
2.3531e+05
2.3495e+05
2.3457e+05
2.3419e+05
2.3379e+05
2.3338e+05
2.3296e+05
2.3253e+05
2.3209e+05
2.3163e+05
2.3117e+05
2.3069e+05
2.302e+05
2.297e+05
2.292e+05
2.2868e+05
2.2814e+05
2.276e+05
2.2705e+05
2.2649e+05
2.2592e+05
2.2533e+05
2.2474e+05
2.2413e+05
2.2352e+05
2.2289e+05
2.2226e+05
2.2162e+05
2.2096e+05
2.203e+05
2.1962e+05
2.1894e+05
2.1824e+05
2.1754e+05
2.1683e+05
2.161e+05
2.1537e+05
2.1463e+05
2.1388e+05
2.1312e+05
2.1235e+05
2.1157e+05
2.1079e+05
2.0999e+05
2.0918e+05
2.0837e+05
2.0755e+05
2.0672e+05
2.0588e+05
2.0503e+05
2.0418e+05
2.0331e+05
2.0244e+05
2.0156e+05
2.0067e+05
1.9978e+05
1.9887e+05
1.9796e+05
1.9704e+05
1.9612e+05
1.9518e+05
1.9424e+05
1.9329e+05
1.9233e+05
1.9137e+05
1.904e+05
1.8942e+05
1.8844e+05
1.8745e+05
1.8645e+05
1.8544e+05
1.8443e+05
1.8341e+05
1.8239e+05
1.8136e+05
1.8032e+05
1.7928e+05
1.7823e+05
1.7717e+05
1.7611e+05
1.7505e+05
1.7397e+05
1.729e+05
1.7181e+05
1.7072e+05
1.6963e+05
1.6853e+05
1.6742e+05
1.6631e+05
1.652e+05
1.6408e+05
1.6295e+05
1.6182e+05
1.6069e+05
1.5955e+05
1.5841e+05
1.5726e+05
1.5611e+05
1.5495e+05
1.5379e+05
1.5263e+05
1.5146e+05
1.5029e+05
1.4911e+05
1.4793e+05
1.4675e+05
1.4556e+05
1.4437e+05
1.4318e+05
1.4198e+05
1.4078e+05
1.3958e+05
1.3837e+05
1.3716e+05
1.3595e+05
1.3474e+05
1.3352e+05
1.323e+05
1.3108e+05
1.2985e+05
1.2863e+05
1.274e+05
1.2616e+05
1.2493e+05
1.237e+05
1.2246e+05
1.2122e+05
1.1998e+05
1.1874e+05
1.1749e+05
1.1625e+05
1.15e+05
1.1375e+05
1.1251e+05
1.1126e+05
1.1e+05
1.0875e+05
1.075e+05
1.0625e+05
1.0499e+05
1.0374e+05
1.0248e+05
1.0123e+05
99970
98714
97458
96201
94945
93688
92432
91176
89920
88664
87410
86155
84901
83648
82396
81145
79894
78645
77397
76150
74904
73659
72416
71175
69935
68696
67460
66225
64992
63761
62532
61305
60080
58857
57637
56419
55204
53991
52781
51573
50368
49166
47966
46770
45577
44386
43199
42015
40834
39657
38483
37313
36146
34982
33822
32666
31514
30366
29221
28080
26944
25811
24683
23559
22439
21323
20212
19105
18003
16905
15812
14723
13639
12560
11486
10417
9352
8292.4
7237.8
6188.3
5143.9
4104.6
3070.5
2041.7
1018.2
0
