89134
92632
96214
99876
1.0361e+05
1.0742e+05
1.113e+05
1.1523e+05
1.1922e+05
1.2326e+05
1.2735e+05
1.3148e+05
1.3565e+05
1.3984e+05
1.4406e+05
1.483e+05
1.5256e+05
1.5682e+05
1.6109e+05
1.6536e+05
1.6962e+05
1.7387e+05
1.781e+05
1.8231e+05
1.8649e+05
1.9065e+05
1.9476e+05
1.9883e+05
2.0286e+05
2.0684e+05
2.1076e+05
2.1462e+05
2.1842e+05
2.2215e+05
2.2581e+05
2.2939e+05
2.329e+05
2.3632e+05
2.3966e+05
2.4291e+05
2.4607e+05
2.4914e+05
2.5211e+05
2.5499e+05
2.5776e+05
2.6044e+05
2.6301e+05
2.6547e+05
2.6783e+05
2.7009e+05
2.7223e+05
2.7427e+05
2.762e+05
2.7802e+05
2.7973e+05
2.8134e+05
2.8283e+05
2.8422e+05
2.855e+05
2.8668e+05
2.8775e+05
2.8872e+05
2.8958e+05
2.9035e+05
2.9101e+05
2.9158e+05
2.9205e+05
2.9244e+05
2.9273e+05
2.9293e+05
2.9305e+05
2.9308e+05
2.9304e+05
2.9292e+05
2.9272e+05
2.9245e+05
2.9211e+05
2.9171e+05
2.9124e+05
2.9072e+05
2.9014e+05
2.8951e+05
2.8882e+05
2.881e+05
2.8732e+05
2.8651e+05
2.8566e+05
2.8478e+05
2.8387e+05
2.8293e+05
2.8197e+05
2.8099e+05
2.7998e+05
2.7897e+05
2.7794e+05
2.769e+05
2.7586e+05
2.7481e+05
2.7377e+05
2.7272e+05
2.7168e+05
2.7064e+05
2.6961e+05
2.686e+05
2.6759e+05
2.666e+05
2.6563e+05
2.6468e+05
2.6374e+05
2.6283e+05
2.6194e+05
2.6107e+05
2.6023e+05
2.5942e+05
2.5863e+05
2.5787e+05
2.5714e+05
2.5644e+05
2.5578e+05
2.5514e+05
2.5453e+05
2.5395e+05
2.534e+05
2.5289e+05
2.524e+05
2.5195e+05
2.5153e+05
2.5114e+05
2.5078e+05
2.5044e+05
2.5014e+05
2.4986e+05
2.4962e+05
2.4939e+05
2.492e+05
2.4903e+05
2.4888e+05
2.4876e+05
2.4866e+05
2.4858e+05
2.4852e+05
2.4847e+05
2.4845e+05
2.4844e+05
2.4844e+05
2.4846e+05
2.485e+05
2.4854e+05
2.4859e+05
2.4865e+05
2.4872e+05
2.4879e+05
2.4886e+05
2.4894e+05
2.4902e+05
2.491e+05
2.4918e+05
2.4926e+05
2.4933e+05
2.494e+05
2.4946e+05
2.4952e+05
2.4956e+05
2.4959e+05
2.4962e+05
2.4963e+05
2.4962e+05
2.496e+05
2.4957e+05
2.4951e+05
2.4944e+05
2.4935e+05
2.4924e+05
2.4911e+05
2.4895e+05
2.4877e+05
2.4857e+05
2.4834e+05
2.4808e+05
2.478e+05
2.4749e+05
2.4715e+05
2.4678e+05
2.4638e+05
2.4595e+05
2.4549e+05
2.45e+05
2.4447e+05
2.4391e+05
2.4332e+05
2.4269e+05
2.4202e+05
2.4132e+05
2.4058e+05
2.398e+05
2.3899e+05
2.3814e+05
2.3725e+05
2.3632e+05
2.3535e+05
2.3434e+05
2.333e+05
2.3221e+05
2.3108e+05
2.2991e+05
2.287e+05
2.2745e+05
2.2615e+05
2.2482e+05
2.2344e+05
2.2202e+05
2.2056e+05
2.1906e+05
2.1752e+05
2.1593e+05
2.143e+05
2.1263e+05
2.1093e+05
2.0917e+05
2.0738e+05
2.0555e+05
2.0368e+05
2.0177e+05
1.9982e+05
1.9783e+05
1.9581e+05
1.9374e+05
1.9164e+05
1.8951e+05
1.8734e+05
1.8513e+05
1.829e+05
1.8063e+05
1.7833e+05
1.76e+05
1.7364e+05
1.7125e+05
1.6884e+05
1.664e+05
1.6394e+05
1.6145e+05
1.5895e+05
1.5642e+05
1.5388e+05
1.5132e+05
1.4875e+05
1.4617e+05
1.4357e+05
1.4097e+05
1.3836e+05
1.3574e+05
1.3312e+05
1.305e+05
1.2788e+05
1.2527e+05
1.2266e+05
1.2006e+05
1.1746e+05
1.1488e+05
1.1231e+05
1.0976e+05
1.0722e+05
1.0471e+05
1.0221e+05
99744
97302
94888
92504
90153
87837
85557
83315
81113
78953
76837
74766
72742
70767
68841
66967
65145
63376
61663
60005
58403
56859
55373
53945
52577
51267
50017
48826
47695
46623
45610
44655
43759
42919
42137
41409
40736
40116
39549
39031
38563
38142
37767
37435
37145
36895
36682
36505
36360
36246
36160
36100
36063
36045
36046
36061
36088
36125
36168
36215
36263
36309
36351
36385
36409
36421
36418
36396
36355
36292
36204
36089
35945
35770
35563
35322
35045
34731
34379
33988
33556
33084
32571
32017
31421
30784
30106
29387
28629
27832
26998
26129
25225
24289
23323
22329
21311
20270
19211
18136
17050
15955
14856
13758
12664
11579
10509
9458.5
8432.4
7436.4
6476.3
5557.7
4686.7
3869.4
3112
2421
1802.8
1264.1
811.62
452.06
192.32
39.311
0
81.374
290.44
634.2
1119.7
1753.8
2543.5
3495.6
4617
5914.4
7394.4
9063.4
10928
12994
15268
17755
20462
23394
26555
29952
33589
37469
41599
45981
50620
55518
60679
66106
71800
77764
84000
90509
97291
1.0435e+05
1.1168e+05
1.1928e+05
1.2716e+05
1.3531e+05
1.4374e+05
1.5243e+05
1.6138e+05
1.7061e+05
1.8009e+05
1.8983e+05
1.9982e+05
2.1006e+05
2.2055e+05
2.3127e+05
2.4223e+05
2.5342e+05
2.6482e+05
2.7644e+05
2.8827e+05
3.0029e+05
3.1251e+05
3.2491e+05
3.3748e+05
3.5022e+05
3.6311e+05
3.7614e+05
3.8932e+05
4.0261e+05
4.1603e+05
4.2954e+05
4.4315e+05
4.5684e+05
4.706e+05
4.8441e+05
4.9827e+05
5.1217e+05
5.2608e+05
5.4e+05
5.5392e+05
5.6782e+05
5.8169e+05
5.9552e+05
6.0929e+05
6.2299e+05
6.3661e+05
6.5014e+05
6.6356e+05
6.7685e+05
6.9001e+05
7.0302e+05
7.1588e+05
7.2856e+05
7.4106e+05
7.5335e+05
7.6544e+05
7.7731e+05
7.8894e+05
8.0033e+05
8.1147e+05
8.2233e+05
8.3292e+05
8.4322e+05
8.5322e+05
8.6291e+05
8.7228e+05
8.8132e+05
8.9003e+05
8.9839e+05
9.064e+05
9.1405e+05
9.2133e+05
9.2823e+05
9.3476e+05
9.4089e+05
9.4663e+05
9.5198e+05
9.5692e+05
9.6145e+05
9.6557e+05
9.6928e+05
9.7257e+05
9.7544e+05
9.7789e+05
9.7992e+05
9.8152e+05
9.827e+05
9.8345e+05
9.8378e+05
9.8368e+05
9.8317e+05
9.8223e+05
9.8088e+05
9.7911e+05
9.7693e+05
9.7434e+05
9.7135e+05
9.6796e+05
9.6417e+05
9.6e+05
9.5544e+05
9.5051e+05
9.4521e+05
9.3954e+05
9.3351e+05
9.2714e+05
9.2042e+05
9.1338e+05
9.06e+05
8.9832e+05
8.9032e+05
8.8203e+05
8.7345e+05
8.6459e+05
8.5547e+05
8.4608e+05
8.3645e+05
8.2658e+05
8.1649e+05
8.0618e+05
7.9566e+05
7.8495e+05
7.7406e+05
7.63e+05
7.5177e+05
7.404e+05
7.2889e+05
7.1725e+05
7.055e+05
6.9364e+05
6.8169e+05
6.6966e+05
6.5756e+05
6.4539e+05
6.3318e+05
6.2093e+05
6.0865e+05
5.9636e+05
5.8406e+05
5.7176e+05
5.5947e+05
5.4721e+05
5.3498e+05
5.228e+05
5.1066e+05
4.9859e+05
4.8658e+05
4.7465e+05
4.6281e+05
4.5107e+05
4.3942e+05
4.2789e+05
4.1647e+05
4.0518e+05
3.9401e+05
3.8298e+05
3.721e+05
3.6136e+05
3.5078e+05
3.4036e+05
3.301e+05
3.2002e+05
3.101e+05
3.0036e+05
2.9081e+05
2.8143e+05
2.7225e+05
2.6325e+05
2.5445e+05
2.4585e+05
2.3744e+05
2.2923e+05
2.2122e+05
2.1341e+05
2.0581e+05
1.984e+05
1.9121e+05
1.8421e+05
1.7742e+05
1.7083e+05
1.6444e+05
1.5826e+05
1.5227e+05
1.4649e+05
1.409e+05
1.3551e+05
1.3031e+05
1.2531e+05
1.2049e+05
1.1586e+05
1.1142e+05
1.0716e+05
1.0308e+05
99173
95441
91880
88484
85253
82180
79264
76501
73886
71416
69086
66894
64835
62905
61100
59416
57849
56394
55049
53808
52668
51625
50674
49813
49036
48340
47721
47176
46701
46291
45944
45655
45422
45241
45109
45022
44977
44972
45002
45066
45160
45282
45429
45598
45788
45995
46217
46452
46698
46954
47216
47484
47754
48027
48300
48572
48841
49106
49365
49619
49864
50101
50329
50547
50753
50947
51129
51298
51453
51594
51721
51833
51929
52010
52075
52125
52158
52176
52177
52163
52132
52085
52023
51945
51851
51742
51617
51478
51324
51155
50972
50775
50565
50341
50104
49855
49594
49320
49035
48739
48432
48114
47787
47449
47103
46747
46383
46010
45629
45241
44846
44444
44036
43621
43200
42774
42343
41907
41467
41022
40574
40121
39666
39207
38746
38282
37817
37349
36879
36408
