9.8378e+05
9.8193e+05
9.8002e+05
9.7803e+05
9.7597e+05
9.7384e+05
9.7165e+05
9.6938e+05
9.6705e+05
9.6465e+05
9.6219e+05
9.5966e+05
9.5707e+05
9.5442e+05
9.517e+05
9.4892e+05
9.4609e+05
9.432e+05
9.4025e+05
9.3724e+05
9.3418e+05
9.3106e+05
9.2789e+05
9.2466e+05
9.2139e+05
9.1806e+05
9.1468e+05
9.1126e+05
9.0779e+05
9.0427e+05
9.007e+05
8.9709e+05
8.9344e+05
8.8974e+05
8.8601e+05
8.8223e+05
8.7841e+05
8.7456e+05
8.7066e+05
8.6673e+05
8.6277e+05
8.5877e+05
8.5474e+05
8.5067e+05
8.4658e+05
8.4245e+05
8.3829e+05
8.3411e+05
8.299e+05
8.2566e+05
8.214e+05
8.1711e+05
8.128e+05
8.0847e+05
8.0412e+05
7.9974e+05
7.9535e+05
7.9094e+05
7.8651e+05
7.8207e+05
7.7761e+05
7.7314e+05
7.6865e+05
7.6415e+05
7.5964e+05
7.5512e+05
7.5059e+05
7.4605e+05
7.4151e+05
7.3695e+05
7.324e+05
7.2783e+05
7.2327e+05
7.187e+05
7.1413e+05
7.0956e+05
7.0499e+05
7.0042e+05
6.9585e+05
6.9128e+05
6.8672e+05
6.8216e+05
6.7761e+05
6.7307e+05
6.6853e+05
6.64e+05
6.5947e+05
6.5496e+05
6.5046e+05
6.4597e+05
6.4149e+05
6.3702e+05
6.3257e+05
6.2814e+05
6.2371e+05
6.1931e+05
6.1492e+05
6.1055e+05
6.0619e+05
6.0186e+05
5.9754e+05
5.9325e+05
5.8898e+05
5.8473e+05
5.805e+05
5.7629e+05
5.7211e+05
5.6796e+05
5.6383e+05
5.5972e+05
5.5565e+05
5.516e+05
5.4757e+05
5.4358e+05
5.3962e+05
5.3568e+05
5.3178e+05
5.279e+05
5.2406e+05
5.2025e+05
5.1648e+05
5.1273e+05
5.0902e+05
5.0535e+05
5.0171e+05
4.981e+05
4.9453e+05
4.91e+05
4.8751e+05
4.8405e+05
4.8063e+05
4.7724e+05
4.739e+05
4.7059e+05
4.6733e+05
4.641e+05
4.6092e+05
4.5777e+05
4.5467e+05
4.5161e+05
4.4858e+05
4.4561e+05
4.4267e+05
4.3978e+05
4.3693e+05
4.3412e+05
4.3136e+05
4.2864e+05
4.2596e+05
4.2333e+05
4.2075e+05
4.1821e+05
4.1571e+05
4.1326e+05
4.1086e+05
4.085e+05
4.0619e+05
4.0393e+05
4.0171e+05
3.9954e+05
3.9741e+05
3.9533e+05
3.933e+05
3.9132e+05
3.8939e+05
3.875e+05
3.8566e+05
3.8386e+05
3.8212e+05
3.8042e+05
3.7877e+05
3.7717e+05
3.7562e+05
3.7412e+05
3.7266e+05
3.7125e+05
3.6989e+05
3.6858e+05
3.6732e+05
3.661e+05
3.6493e+05
3.6381e+05
3.6274e+05
3.6172e+05
3.6075e+05
3.5982e+05
3.5894e+05
3.5811e+05
3.5732e+05
3.5659e+05
3.559e+05
3.5526e+05
3.5466e+05
3.5412e+05
3.5362e+05
3.5317e+05
3.5276e+05
3.524e+05
3.5208e+05
3.5182e+05
3.516e+05
3.5142e+05
3.5129e+05
3.512e+05
3.5117e+05
3.5117e+05
3.5122e+05
3.5131e+05
3.5145e+05
3.5164e+05
3.5186e+05
3.5213e+05
3.5244e+05
3.528e+05
3.532e+05
3.5364e+05
3.5412e+05
3.5464e+05
3.5521e+05
3.5582e+05
3.5646e+05
3.5715e+05
3.5788e+05
3.5865e+05
3.5945e+05
3.603e+05
3.6118e+05
3.6211e+05
3.6307e+05
3.6407e+05
3.651e+05
3.6618e+05
3.6728e+05
3.6843e+05
3.6961e+05
3.7083e+05
3.7208e+05
3.7336e+05
3.7468e+05
3.7604e+05
3.7742e+05
3.7884e+05
3.8029e+05
3.8178e+05
3.8329e+05
3.8484e+05
3.8642e+05
3.8802e+05
3.8966e+05
3.9133e+05
3.9302e+05
3.9474e+05
3.965e+05
3.9827e+05
4.0008e+05
4.0191e+05
4.0377e+05
4.0565e+05
4.0756e+05
4.0949e+05
4.1145e+05
4.1343e+05
4.1544e+05
4.1746e+05
4.1951e+05
4.2158e+05
4.2367e+05
4.2579e+05
4.2792e+05
4.3007e+05
4.3224e+05
4.3443e+05
4.3664e+05
4.3887e+05
4.4111e+05
4.4337e+05
4.4565e+05
4.4794e+05
4.5024e+05
4.5257e+05
4.549e+05
4.5725e+05
4.5961e+05
4.6199e+05
4.6437e+05
4.6677e+05
4.6918e+05
4.716e+05
4.7403e+05
4.7647e+05
4.7892e+05
4.8138e+05
4.8384e+05
4.8632e+05
4.888e+05
4.9128e+05
4.9378e+05
4.9627e+05
4.9878e+05
5.0129e+05
5.038e+05
5.0631e+05
5.0883e+05
5.1135e+05
5.1387e+05
5.164e+05
5.1892e+05
5.2145e+05
5.2398e+05
5.265e+05
5.2903e+05
5.3155e+05
5.3407e+05
5.3659e+05
5.3911e+05
5.4162e+05
5.4413e+05
5.4664e+05
5.4914e+05
5.5164e+05
5.5413e+05
5.5661e+05
5.5909e+05
5.6156e+05
5.6403e+05
5.6648e+05
5.6893e+05
5.7137e+05
5.738e+05
5.7622e+05
5.7863e+05
5.8103e+05
5.8342e+05
5.858e+05
5.8816e+05
5.9052e+05
5.9286e+05
5.9519e+05
5.9751e+05
5.9981e+05
6.021e+05
6.0437e+05
6.0663e+05
6.0887e+05
6.111e+05
6.1331e+05
6.1551e+05
6.1769e+05
6.1985e+05
6.2199e+05
6.2412e+05
6.2623e+05
6.2832e+05
6.3039e+05
6.3244e+05
6.3447e+05
6.3649e+05
6.3848e+05
6.4045e+05
6.424e+05
6.4433e+05
6.4624e+05
6.4813e+05
6.4999e+05
6.5184e+05
6.5366e+05
6.5545e+05
6.5723e+05
6.5898e+05
6.6071e+05
6.6241e+05
6.6409e+05
6.6574e+05
6.6737e+05
6.6897e+05
6.7055e+05
6.7211e+05
6.7363e+05
6.7513e+05
6.7661e+05
6.7806e+05
6.7948e+05
6.8088e+05
6.8225e+05
6.8359e+05
6.849e+05
6.8619e+05
6.8744e+05
6.8867e+05
6.8988e+05
6.9105e+05
6.9219e+05
6.9331e+05
6.944e+05
6.9545e+05
6.9648e+05
6.9748e+05
6.9845e+05
6.9939e+05
7.003e+05
7.0118e+05
7.0204e+05
7.0286e+05
7.0365e+05
7.0441e+05
7.0514e+05
7.0583e+05
7.065e+05
7.0714e+05
7.0775e+05
7.0832e+05
7.0887e+05
7.0938e+05
7.0986e+05
7.1031e+05
7.1073e+05
7.1112e+05
7.1148e+05
7.118e+05
7.121e+05
7.1236e+05
7.1259e+05
7.1279e+05
7.1296e+05
7.131e+05
7.132e+05
7.1327e+05
7.1332e+05
7.1332e+05
7.133e+05
7.1325e+05
7.1316e+05
7.1305e+05
7.129e+05
7.1272e+05
7.1251e+05
7.1226e+05
7.1199e+05
7.1168e+05
7.1134e+05
7.1097e+05
7.1057e+05
7.1014e+05
7.0968e+05
7.0918e+05
7.0866e+05
7.081e+05
7.0752e+05
7.069e+05
7.0625e+05
7.0557e+05
7.0486e+05
7.0412e+05
7.0334e+05
7.0254e+05
7.0171e+05
7.0085e+05
6.9996e+05
6.9903e+05
6.9808e+05
6.971e+05
6.9609e+05
6.9505e+05
6.9397e+05
6.9287e+05
6.9175e+05
6.9059e+05
6.894e+05
6.8818e+05
6.8694e+05
6.8567e+05
6.8437e+05
6.8304e+05
6.8168e+05
6.803e+05
6.7888e+05
6.7744e+05
6.7598e+05
6.7448e+05
6.7296e+05
6.7141e+05
6.6984e+05
6.6823e+05
6.6661e+05
6.6495e+05
6.6327e+05
6.6157e+05
6.5983e+05
6.5808e+05
6.563e+05
6.5449e+05
6.5266e+05
6.508e+05
6.4892e+05
6.4702e+05
6.4509e+05
6.4313e+05
6.4116e+05
6.3916e+05
6.3714e+05
6.3509e+05
6.3302e+05
6.3093e+05
6.2882e+05
6.2668e+05
6.2452e+05
6.2235e+05
6.2015e+05
6.1792e+05
6.1568e+05
6.1342e+05
6.1113e+05
6.0883e+05
6.0651e+05
6.0416e+05
6.018e+05
5.9942e+05
5.9701e+05
5.9459e+05
5.9215e+05
5.897e+05
5.8722e+05
5.8473e+05
5.8222e+05
5.7969e+05
5.7714e+05
5.7458e+05
5.72e+05
5.694e+05
5.6679e+05
5.6416e+05
5.6152e+05
5.5886e+05
5.5618e+05
5.5349e+05
5.5079e+05
5.4807e+05
5.4533e+05
5.4259e+05
5.3982e+05
5.3705e+05
5.3426e+05
5.3146e+05
5.2865e+05
5.2582e+05
5.2298e+05
5.2013e+05
5.1727e+05
5.144e+05
5.1151e+05
5.0862e+05
5.0571e+05
5.0279e+05
4.9987e+05
4.9693e+05
4.9398e+05
4.9103e+05
4.8806e+05
4.8508e+05
4.821e+05
4.7911e+05
4.7611e+05
4.731e+05
4.7009e+05
4.6706e+05
4.6403e+05
4.6099e+05
4.5795e+05
4.549e+05
4.5184e+05
4.4878e+05
4.4571e+05
4.4264e+05
4.3956e+05
4.3647e+05
4.3338e+05
4.3029e+05
4.2719e+05
4.2409e+05
4.2098e+05
4.1787e+05
4.1476e+05
4.1164e+05
4.0852e+05
4.054e+05
4.0228e+05
3.9915e+05
3.9602e+05
3.9289e+05
3.8976e+05
3.8663e+05
3.8349e+05
3.8036e+05
3.7722e+05
3.7409e+05
3.7095e+05
3.6782e+05
3.6468e+05
3.6154e+05
3.5841e+05
3.5528e+05
3.5214e+05
3.4901e+05
3.4588e+05
3.4276e+05
3.3963e+05
3.3651e+05
3.3339e+05
3.3027e+05
3.2715e+05
3.2404e+05
3.2093e+05
3.1782e+05
3.1472e+05
3.1162e+05
3.0853e+05
3.0544e+05
3.0235e+05
2.9927e+05
2.9619e+05
2.9312e+05
2.9006e+05
2.8699e+05
2.8394e+05
2.8089e+05
2.7785e+05
2.7481e+05
2.7178e+05
2.6875e+05
2.6573e+05
2.6272e+05
2.5972e+05
2.5672e+05
2.5373e+05
2.5075e+05
2.4777e+05
2.448e+05
2.4185e+05
2.3889e+05
2.3595e+05
2.3302e+05
2.3009e+05
2.2717e+05
2.2427e+05
2.2137e+05
2.1848e+05
2.156e+05
2.1272e+05
2.0986e+05
2.0701e+05
2.0417e+05
2.0134e+05
1.9852e+05
1.9571e+05
1.9291e+05
1.9012e+05
1.8734e+05
1.8457e+05
1.8181e+05
1.7906e+05
1.7633e+05
1.736e+05
1.7089e+05
1.6819e+05
1.655e+05
1.6283e+05
1.6016e+05
1.5751e+05
1.5487e+05
1.5224e+05
1.4962e+05
1.4702e+05
1.4443e+05
1.4185e+05
1.3928e+05
1.3673e+05
1.3419e+05
1.3166e+05
1.2915e+05
1.2665e+05
1.2416e+05
1.2168e+05
1.1922e+05
1.1678e+05
1.1434e+05
1.1192e+05
1.0952e+05
1.0713e+05
1.0475e+05
1.0239e+05
1.0004e+05
97700
95379
93072
90780
88501
86238
83989
81754
79534
77329
75138
72963
70802
68656
66525
64409
62308
60222
58152
56096
54056
52030
50020
48026
46046
44082
42133
40200
38282
36379
34492
32620
30764
28923
27098
25288
23493
21714
19951
18203
16471
14754
13053
11367
9696.6
8041.8
6402.5
4778.7
3170.3
1577.4
0
