1.984e+05
2.0304e+05
2.0768e+05
2.1232e+05
2.1694e+05
2.2155e+05
2.2613e+05
2.3069e+05
2.3521e+05
2.3969e+05
2.4413e+05
2.4852e+05
2.5286e+05
2.5714e+05
2.6136e+05
2.6551e+05
2.6959e+05
2.736e+05
2.7753e+05
2.8138e+05
2.8514e+05
2.8882e+05
2.924e+05
2.9589e+05
2.9929e+05
3.0259e+05
3.0579e+05
3.0889e+05
3.1188e+05
3.1478e+05
3.1756e+05
3.2024e+05
3.2282e+05
3.2529e+05
3.2765e+05
3.299e+05
3.3205e+05
3.3409e+05
3.3603e+05
3.3786e+05
3.3959e+05
3.4121e+05
3.4274e+05
3.4417e+05
3.455e+05
3.4673e+05
3.4788e+05
3.4893e+05
3.4989e+05
3.5077e+05
3.5157e+05
3.5229e+05
3.5293e+05
3.5349e+05
3.5399e+05
3.5442e+05
3.5479e+05
3.551e+05
3.5535e+05
3.5555e+05
3.5571e+05
3.5581e+05
3.5588e+05
3.5591e+05
3.5591e+05
3.5587e+05
3.5582e+05
3.5574e+05
3.5564e+05
3.5553e+05
3.5541e+05
3.5528e+05
3.5516e+05
3.5503e+05
3.5491e+05
3.548e+05
3.5469e+05
3.5461e+05
3.5454e+05
3.545e+05
3.5448e+05
3.5449e+05
3.5453e+05
3.546e+05
3.5471e+05
3.5486e+05
3.5505e+05
3.5528e+05
3.5556e+05
3.5588e+05
3.5625e+05
3.5668e+05
3.5715e+05
3.5768e+05
3.5826e+05
3.589e+05
3.596e+05
3.6035e+05
3.6115e+05
3.6202e+05
3.6294e+05
3.6392e+05
3.6495e+05
3.6604e+05
3.6719e+05
3.6839e+05
3.6964e+05
3.7095e+05
3.7231e+05
3.7372e+05
3.7518e+05
3.7668e+05
3.7824e+05
3.7983e+05
3.8146e+05
3.8314e+05
3.8485e+05
3.8659e+05
3.8836e+05
3.9017e+05
3.92e+05
3.9385e+05
3.9572e+05
3.9761e+05
3.9952e+05
4.0143e+05
4.0335e+05
4.0527e+05
4.072e+05
4.0912e+05
4.1104e+05
4.1295e+05
4.1484e+05
4.1672e+05
4.1857e+05
4.2041e+05
4.2221e+05
4.2399e+05
4.2573e+05
4.2743e+05
4.2909e+05
4.3071e+05
4.3228e+05
4.338e+05
4.3526e+05
4.3667e+05
4.3802e+05
4.393e+05
4.4052e+05
4.4167e+05
4.4275e+05
4.4375e+05
4.4467e+05
4.4552e+05
4.4629e+05
4.4697e+05
4.4756e+05
4.4807e+05
4.4849e+05
4.4882e+05
4.4905e+05
4.4919e+05
4.4924e+05
4.4919e+05
4.4904e+05
4.4879e+05
4.4845e+05
4.48e+05
4.4746e+05
4.4681e+05
4.4607e+05
4.4522e+05
4.4427e+05
4.4323e+05
4.4208e+05
4.4084e+05
4.3949e+05
4.3805e+05
4.3652e+05
4.3488e+05
4.3316e+05
4.3134e+05
4.2943e+05
4.2743e+05
4.2534e+05
4.2317e+05
4.2091e+05
4.1857e+05
4.1614e+05
4.1364e+05
4.1107e+05
4.0842e+05
4.057e+05
4.0291e+05
4.0006e+05
3.9714e+05
3.9417e+05
3.9113e+05
3.8804e+05
3.849e+05
3.8171e+05
3.7848e+05
3.752e+05
3.7188e+05
3.6852e+05
3.6513e+05
3.6171e+05
3.5826e+05
3.5478e+05
3.5128e+05
3.4777e+05
3.4423e+05
3.4069e+05
3.3713e+05
3.3357e+05
3.3e+05
3.2643e+05
3.2286e+05
3.1929e+05
3.1573e+05
3.1218e+05
3.0864e+05
3.0511e+05
3.016e+05
2.981e+05
2.9463e+05
2.9117e+05
2.8775e+05
2.8434e+05
2.8097e+05
2.7763e+05
2.7431e+05
2.7103e+05
2.6778e+05
2.6457e+05
2.614e+05
2.5826e+05
2.5516e+05
2.521e+05
2.4908e+05
2.4611e+05
2.4317e+05
2.4027e+05
2.3742e+05
2.3461e+05
2.3184e+05
2.2912e+05
2.2644e+05
2.238e+05
2.212e+05
2.1865e+05
2.1613e+05
2.1366e+05
2.1122e+05
2.0883e+05
2.0647e+05
2.0415e+05
2.0187e+05
1.9963e+05
1.9741e+05
1.9524e+05
1.9309e+05
1.9097e+05
1.8888e+05
1.8683e+05
1.8479e+05
1.8278e+05
1.808e+05
1.7883e+05
1.7689e+05
1.7496e+05
1.7305e+05
1.7115e+05
1.6927e+05
1.674e+05
1.6554e+05
1.6368e+05
1.6183e+05
1.5999e+05
1.5815e+05
1.5631e+05
1.5446e+05
1.5262e+05
1.5077e+05
1.4891e+05
1.4705e+05
1.4518e+05
1.433e+05
1.4141e+05
1.395e+05
1.3758e+05
1.3565e+05
1.3369e+05
1.3172e+05
1.2974e+05
1.2773e+05
1.257e+05
1.2366e+05
1.2159e+05
1.195e+05
1.1738e+05
1.1525e+05
1.1309e+05
1.1091e+05
1.087e+05
1.0648e+05
1.0423e+05
1.0196e+05
99664
97351
95017
92664
90293
87904
85499
83079
80645
78200
75744
73280
70810
68335
65857
63380
60904
58433
55970
53516
51074
48649
46241
43855
41494
39160
36858
34590
32360
30172
28028
25933
23891
21905
19978
18116
16321
14598
12950
11382
9897
8499.7
7193.8
5983.4
4872.5
3865
2964.9
2176.2
1502.8
948.56
517.37
213.05
39.351
0
98.651
338.9
724.27
1258.2
1944.1
2785.2
3784.7
4945.8
6271.4
7764.5
9427.8
11264
13276
15465
17835
20387
23124
26047
29158
32459
35951
39636
43514
47587
51856
56321
60983
65842
70898
76152
81603
87251
93095
99135
1.0537e+05
1.118e+05
1.1842e+05
1.2523e+05
1.3223e+05
1.3942e+05
1.468e+05
1.5436e+05
1.621e+05
1.7002e+05
1.7812e+05
1.8639e+05
1.9483e+05
2.0344e+05
2.1221e+05
2.2114e+05
2.3023e+05
2.3948e+05
2.4887e+05
2.5841e+05
2.6808e+05
2.779e+05
2.8785e+05
2.9792e+05
3.0811e+05
3.1843e+05
3.2885e+05
3.3938e+05
3.5001e+05
3.6074e+05
3.7156e+05
3.8246e+05
3.9344e+05
4.045e+05
4.1562e+05
4.268e+05
4.3803e+05
4.4931e+05
4.6063e+05
4.7199e+05
4.8338e+05
4.9479e+05
5.0621e+05
5.1764e+05
5.2907e+05
5.405e+05
5.5191e+05
5.6331e+05
5.7468e+05
5.8602e+05
5.9732e+05
6.0857e+05
6.1977e+05
6.3091e+05
6.4199e+05
6.5299e+05
6.639e+05
6.7474e+05
6.8547e+05
6.9611e+05
7.0664e+05
7.1706e+05
7.2736e+05
7.3753e+05
7.4756e+05
7.5746e+05
7.6722e+05
7.7682e+05
7.8626e+05
7.9555e+05
8.0466e+05
8.136e+05
8.2236e+05
8.3093e+05
8.3931e+05
8.475e+05
8.5549e+05
8.6327e+05
8.7084e+05
8.782e+05
8.8533e+05
8.9225e+05
8.9893e+05
9.0539e+05
9.1161e+05
9.1759e+05
9.2332e+05
9.2882e+05
9.3406e+05
9.3906e+05
9.4379e+05
9.4828e+05
9.525e+05
9.5646e+05
9.6016e+05
9.636e+05
9.6676e+05
9.6966e+05
9.723e+05
9.7466e+05
9.7675e+05
9.7857e+05
9.8012e+05
9.8139e+05
9.824e+05
9.8313e+05
9.8359e+05
9.8378e+05
9.837e+05
9.8334e+05
9.8273e+05
9.8184e+05
9.8069e+05
9.7927e+05
9.7759e+05
9.7566e+05
9.7346e+05
9.7101e+05
9.683e+05
9.6534e+05
9.6214e+05
9.5869e+05
9.55e+05
9.5107e+05
9.469e+05
9.4251e+05
9.3788e+05
9.3303e+05
9.2796e+05
9.2267e+05
9.1718e+05
9.1147e+05
9.0556e+05
8.9945e+05
8.9315e+05
8.8666e+05
8.7998e+05
8.7313e+05
8.661e+05
8.589e+05
8.5153e+05
8.4401e+05
8.3633e+05
8.285e+05
8.2053e+05
8.1242e+05
8.0418e+05
7.9581e+05
7.8733e+05
7.7872e+05
7.7001e+05
7.6119e+05
7.5227e+05
7.4326e+05
7.3416e+05
7.2498e+05
7.1573e+05
7.064e+05
6.9701e+05
6.8756e+05
6.7806e+05
6.6851e+05
6.5892e+05
6.4929e+05
6.3963e+05
6.2994e+05
6.2023e+05
6.1051e+05
6.0078e+05
5.9105e+05
5.8131e+05
5.7158e+05
5.6187e+05
5.5216e+05
5.4248e+05
5.3283e+05
5.232e+05
5.1361e+05
5.0406e+05
4.9456e+05
4.851e+05
4.7569e+05
4.6635e+05
4.5706e+05
4.4784e+05
4.3869e+05
4.2961e+05
4.206e+05
4.1168e+05
4.0284e+05
3.9409e+05
3.8542e+05
3.7685e+05
3.6838e+05
3.6e+05
3.5173e+05
3.4356e+05
3.355e+05
3.2755e+05
3.1971e+05
3.1198e+05
3.0437e+05
2.9687e+05
2.895e+05
2.8224e+05
2.7511e+05
2.6811e+05
2.6123e+05
2.5447e+05
2.4784e+05
2.4135e+05
2.3498e+05
2.2874e+05
2.2263e+05
2.1666e+05
2.1081e+05
2.051e+05
1.9952e+05
1.9407e+05
1.8876e+05
1.8357e+05
1.7852e+05
1.736e+05
1.6882e+05
1.6416e+05
1.5963e+05
1.5524e+05
1.5097e+05
1.4683e+05
1.4281e+05
1.3892e+05
1.3516e+05
1.3152e+05
1.28e+05
1.246e+05
1.2132e+05
1.1816e+05
1.1512e+05
1.1219e+05
1.0937e+05
1.0666e+05
1.0407e+05
1.0158e+05
99194
96915
94737
92659
90679
88795
87004
85304
83694
82170
80731
79375
78099
76900
75778
74728
73750
72840
71997
71217
70500
69841
69240
68694
68200
67756
67360
67010
66703
66438
66211
66022
65867
65745
65653
65590
65554
65542
65553
65584
65634
65701
65783
65879
65986
66103
66228
66361
66498
66639
66782
66927
67070
67212
67350
67485
67613
67735
67850
67955
68051
68136
68209
68270
68318
68352
68371
68375
68363
68334
68289
68226
68145
68045
67928
67791
67635
67460
67265
67050
66816
66562
66288
65994
65681
65348
64995
64622
64231
63820
63391
62943
62477
61994
61492
60973
60438
59886
59319
58736
58137
57525
56898
