23367
23151
22883
22564
22197
21783
21324
20822
20281
19702
19089
18446
17775
17080
16365
15635
14892
14142
13388
12636
11890
11155
10435
9735.8
9061.6
8417.4
7808.3
7239.1
6714.9
6240.4
5820.4
5459.7
5162.9
4934.7
4779.4
4701.4
4704.9
4793.8
4972.2
5243.5
5611.4
6079.1
6649.7
7326.1
8110.8
9006.3
10015
11138
12378
13735
15212
16808
18525
20362
22320
24399
26597
28914
31350
33902
36570
39350
42242
45243
48350
51561
54872
58280
61782
65375
69053
72815
76654
80567
84549
88597
92704
96867
1.0108e+05
1.0534e+05
1.0964e+05
1.1397e+05
1.1833e+05
1.2272e+05
1.2713e+05
1.3155e+05
1.3598e+05
1.4041e+05
1.4484e+05
1.4926e+05
1.5367e+05
1.5806e+05
1.6243e+05
1.6677e+05
1.7108e+05
1.7534e+05
1.7957e+05
1.8374e+05
1.8787e+05
1.9193e+05
1.9593e+05
1.9987e+05
2.0373e+05
2.0751e+05
2.1122e+05
2.1484e+05
2.1838e+05
2.2182e+05
2.2517e+05
2.2842e+05
2.3157e+05
2.3461e+05
2.3754e+05
2.4036e+05
2.4307e+05
2.4566e+05
2.4814e+05
2.5049e+05
2.5272e+05
2.5482e+05
2.5679e+05
2.5864e+05
2.6036e+05
2.6194e+05
2.6339e+05
2.6471e+05
2.659e+05
2.6694e+05
2.6786e+05
2.6863e+05
2.6927e+05
2.6978e+05
2.7015e+05
2.7038e+05
2.7047e+05
2.7044e+05
2.7026e+05
2.6996e+05
2.6952e+05
2.6895e+05
2.6825e+05
2.6742e+05
2.6647e+05
2.6539e+05
2.6419e+05
2.6286e+05
2.6142e+05
2.5987e+05
2.5819e+05
2.5641e+05
2.5452e+05
2.5252e+05
2.5042e+05
2.4822e+05
2.4592e+05
2.4352e+05
2.4104e+05
2.3847e+05
2.3581e+05
2.3308e+05
2.3026e+05
2.2737e+05
2.2442e+05
2.214e+05
2.1831e+05
2.1517e+05
2.1197e+05
2.0872e+05
2.0542e+05
2.0208e+05
1.987e+05
1.9528e+05
1.9183e+05
1.8835e+05
1.8485e+05
1.8133e+05
1.7779e+05
1.7424e+05
1.7067e+05
1.671e+05
1.6353e+05
1.5996e+05
1.5639e+05
1.5282e+05
1.4927e+05
1.4573e+05
1.4221e+05
1.387e+05
1.3522e+05
1.3176e+05
1.2833e+05
1.2492e+05
1.2155e+05
1.1821e+05
1.1491e+05
1.1165e+05
1.0842e+05
1.0524e+05
1.021e+05
99005
95956
92955
90002
87100
84248
81448
78702
76008
73369
70785
68256
65782
63365
61004
58700
56452
54261
52126
50049
48028
46064
44156
42305
40509
38769
37085
35456
33882
32362
30896
29484
28125
26818
25564
24362
23212
22112
21062
20063
19112
18210
17356
16550
15790
15076
14408
13784
13205
12668
12173
11720
11307
10934
10600
10303
10042
9816.9
9625.9
9467.9
9341.7
9245.9
9179.3
9140.5
9128.1
9140.6
9176.6
9234.5
9312.8
9409.9
9524.2
9654.1
9797.9
9954
10121
10296
10480
10668
10861
11056
11252
11448
11641
11831
12016
12194
12365
12527
12679
12821
12950
13067
13171
13261
13337
13398
13444
13475
13491
13493
13480
13452
13412
13358
13292
13216
13129
13033
12930
12821
12707
12590
12472
12354
12239
12128
12023
11926
11840
11766
11706
11663
11638
11633
11651
11693
11762
11858
11983
12140
12329
12552
12810
13104
13434
13802
14208
14652
15134
15655
16214
16811
17445
18115
18820
19558
20330
21132
21964
22823
23707
24613
25541
26486
27447
28421
29405
30397
31393
32390
33387
34380
35367
36345
37311
38263
39200
40118
41017
41895
42750
43581
44389
45172
45931
46666
47378
48068
48738
49390
50027
50651
51267
51879
52490
53107
53735
54380
55049
55749
56488
57274
58115
59021
60001
61066
62226
63491
64872
66382
68032
69833
71799
73940
76271
78803
81549
84521
87732
91194
94920
98922
1.0321e+05
1.078e+05
1.127e+05
1.1791e+05
1.2346e+05
1.2935e+05
1.3559e+05
1.4218e+05
1.4914e+05
1.5648e+05
1.6419e+05
1.7228e+05
1.8076e+05
1.8963e+05
1.989e+05
2.0856e+05
2.1862e+05
2.2907e+05
2.3992e+05
2.5116e+05
2.6279e+05
2.7479e+05
2.8718e+05
2.9993e+05
3.1304e+05
3.265e+05
3.403e+05
3.5443e+05
3.6887e+05
3.8361e+05
3.9863e+05
4.1392e+05
4.2946e+05
4.4523e+05
4.612e+05
4.7737e+05
4.937e+05
5.1018e+05
5.2678e+05
5.4347e+05
5.6023e+05
5.7704e+05
5.9386e+05
6.1068e+05
6.2746e+05
6.4417e+05
6.6079e+05
6.7729e+05
6.9363e+05
7.098e+05
7.2576e+05
7.4148e+05
7.5693e+05
7.7209e+05
7.8692e+05
8.014e+05
8.155e+05
8.2919e+05
8.4245e+05
8.5525e+05
8.6756e+05
8.7937e+05
8.9064e+05
9.0136e+05
9.115e+05
9.2104e+05
9.2997e+05
9.3826e+05
9.459e+05
9.5288e+05
9.5917e+05
9.6477e+05
9.6966e+05
9.7384e+05
9.773e+05
9.8003e+05
9.8202e+05
9.8327e+05
9.8378e+05
9.8354e+05
9.8257e+05
9.8086e+05
9.7841e+05
9.7523e+05
9.7133e+05
9.6671e+05
9.614e+05
9.5538e+05
9.4869e+05
9.4134e+05
9.3333e+05
9.2469e+05
9.1544e+05
9.0558e+05
8.9516e+05
8.8417e+05
8.7266e+05
8.6064e+05
8.4813e+05
8.3516e+05
8.2175e+05
8.0794e+05
7.9375e+05
7.792e+05
7.6432e+05
7.4915e+05
7.337e+05
7.1801e+05
7.021e+05
6.8601e+05
6.6976e+05
6.5339e+05
6.3691e+05
6.2036e+05
6.0376e+05
5.8714e+05
5.7053e+05
5.5395e+05
5.3743e+05
5.2099e+05
5.0466e+05
4.8846e+05
4.7241e+05
4.5654e+05
4.4086e+05
4.2539e+05
4.1016e+05
3.9517e+05
3.8046e+05
3.6602e+05
3.5189e+05
3.3806e+05
3.2455e+05
3.1138e+05
2.9855e+05
2.8608e+05
2.7396e+05
2.6221e+05
2.5083e+05
2.3983e+05
2.2921e+05
2.1897e+05
2.0911e+05
1.9964e+05
1.9055e+05
1.8184e+05
1.7351e+05
1.6555e+05
1.5797e+05
1.5075e+05
1.4389e+05
1.3738e+05
1.3122e+05
1.254e+05
1.199e+05
1.1473e+05
1.0987e+05
1.0531e+05
1.0104e+05
97057
93339
89880
86667
83690
80937
78397
76057
73906
71933
70125
68472
66962
65585
64329
63184
62140
61188
60317
59518
58784
58104
57472
56880
56320
55787
55274
54774
54284
53797
53311
52819
52321
51811
51287
50748
50191
49615
49018
48400
47761
47101
46418
45715
44992
44249
43489
42711
41919
41112
40295
39467
38632
37791
36947
36101
35257
34416
33580
32751
31932
31125
30332
29554
28793
28051
27329
26630
25953
25301
24674
24073
23499
22952
22433
21942
21479
21044
20637
20257
19904
19578
19277
19001
18749
18519
18311
18124
17955
17804
17669
17549
17443
17347
17262
17186
17116
17052
16991
16933
16875
16817
16756
16693
16624
16550
16468
16379
16280
16172
16053
15922
15779
15624
15456
15274
15080
14871
14649
14414
14165
13903
13628
13341
13043
12733
12412
12082
11742
11394
11038
10676
10309
9936.1
9559.9
9181
8800.3
8418.8
8037.6
7657.6
7279.8
6905.1
6534.5
6169
5809.2
5456.2
5110.5
4773.1
4444.5
4125.4
3816.4
3517.9
3230.4
2954.4
2690.1
2437.8
2197.6
1969.8
1754.3
1551.3
1360.5
1182
1015.4
860.65
717.34
585.16
463.69
352.49
251.07
158.9
75.412
0
