1.2457e+05
1.2731e+05
1.3009e+05
1.3291e+05
1.3575e+05
1.3862e+05
1.4151e+05
1.4443e+05
1.4738e+05
1.5034e+05
1.5332e+05
1.5631e+05
1.5932e+05
1.6234e+05
1.6537e+05
1.6841e+05
1.7145e+05
1.745e+05
1.7754e+05
1.8059e+05
1.8363e+05
1.8666e+05
1.8969e+05
1.9271e+05
1.9571e+05
1.987e+05
2.0168e+05
2.0464e+05
2.0757e+05
2.1049e+05
2.1338e+05
2.1625e+05
2.1909e+05
2.219e+05
2.2468e+05
2.2742e+05
2.3014e+05
2.3281e+05
2.3546e+05
2.3806e+05
2.4062e+05
2.4314e+05
2.4562e+05
2.4806e+05
2.5045e+05
2.5279e+05
2.5509e+05
2.5734e+05
2.5954e+05
2.617e+05
2.638e+05
2.6585e+05
2.6785e+05
2.698e+05
2.717e+05
2.7355e+05
2.7534e+05
2.7708e+05
2.7876e+05
2.804e+05
2.8198e+05
2.835e+05
2.8498e+05
2.864e+05
2.8777e+05
2.8908e+05
2.9034e+05
2.9156e+05
2.9272e+05
2.9383e+05
2.9489e+05
2.959e+05
2.9687e+05
2.9778e+05
2.9865e+05
2.9948e+05
3.0025e+05
3.0099e+05
3.0168e+05
3.0233e+05
3.0294e+05
3.0351e+05
3.0404e+05
3.0453e+05
3.0499e+05
3.0541e+05
3.058e+05
3.0615e+05
3.0647e+05
3.0677e+05
3.0703e+05
3.0727e+05
3.0748e+05
3.0766e+05
3.0782e+05
3.0796e+05
3.0808e+05
3.0817e+05
3.0825e+05
3.0831e+05
3.0835e+05
3.0838e+05
3.0839e+05
3.0839e+05
3.0838e+05
3.0835e+05
3.0832e+05
3.0828e+05
3.0822e+05
3.0816e+05
3.081e+05
3.0803e+05
3.0795e+05
3.0786e+05
3.0778e+05
3.0769e+05
3.076e+05
3.075e+05
3.074e+05
3.073e+05
3.072e+05
3.071e+05
3.07e+05
3.0689e+05
3.0679e+05
3.0668e+05
3.0657e+05
3.0647e+05
3.0636e+05
3.0625e+05
3.0613e+05
3.0602e+05
3.059e+05
3.0578e+05
3.0566e+05
3.0553e+05
3.054e+05
3.0526e+05
3.0512e+05
3.0497e+05
3.0481e+05
3.0464e+05
3.0446e+05
3.0428e+05
3.0408e+05
3.0387e+05
3.0364e+05
3.0341e+05
3.0315e+05
3.0288e+05
3.026e+05
3.0229e+05
3.0197e+05
3.0162e+05
3.0125e+05
3.0086e+05
3.0044e+05
3e+05
2.9953e+05
2.9904e+05
2.9851e+05
2.9795e+05
2.9737e+05
2.9675e+05
2.9609e+05
2.9541e+05
2.9468e+05
2.9392e+05
2.9313e+05
2.9229e+05
2.9142e+05
2.905e+05
2.8954e+05
2.8855e+05
2.8751e+05
2.8642e+05
2.853e+05
2.8412e+05
2.8291e+05
2.8165e+05
2.8034e+05
2.7899e+05
2.7759e+05
2.7615e+05
2.7466e+05
2.7312e+05
2.7154e+05
2.6991e+05
2.6824e+05
2.6652e+05
2.6475e+05
2.6294e+05
2.6109e+05
2.5919e+05
2.5725e+05
2.5526e+05
2.5324e+05
2.5117e+05
2.4906e+05
2.4692e+05
2.4473e+05
2.4251e+05
2.4025e+05
2.3796e+05
2.3563e+05
2.3328e+05
2.3089e+05
2.2847e+05
2.2602e+05
2.2355e+05
2.2105e+05
2.1853e+05
2.1599e+05
2.1343e+05
2.1085e+05
2.0826e+05
2.0565e+05
2.0303e+05
2.004e+05
1.9776e+05
1.9511e+05
1.9246e+05
1.898e+05
1.8715e+05
1.8449e+05
1.8184e+05
1.792e+05
1.7656e+05
1.7392e+05
1.713e+05
1.687e+05
1.661e+05
1.6352e+05
1.6096e+05
1.5842e+05
1.559e+05
1.5341e+05
1.5094e+05
1.4849e+05
1.4607e+05
1.4369e+05
1.4133e+05
1.39e+05
1.3671e+05
1.3446e+05
1.3224e+05
1.3005e+05
1.2791e+05
1.258e+05
1.2373e+05
1.2171e+05
1.1972e+05
1.1778e+05
1.1588e+05
1.1402e+05
1.1221e+05
1.1044e+05
1.0871e+05
1.0703e+05
1.054e+05
1.038e+05
1.0226e+05
1.0075e+05
99290
97873
96498
95166
93876
92626
91417
90247
89115
88021
86963
85941
84952
83996
83072
82177
81311
80471
79658
78868
78100
77353
76625
75914
75218
74536
73866
73206
72554
71908
71267
70629
69992
69354
68714
68070
67420
66762
66096
65418
64729
64026
63308
62574
61823
61052
60262
59451
58618
57763
56884
55981
55054
54102
53124
52121
51092
50037
48957
47851
46720
45565
44386
43183
41959
40713
39446
38161
36859
35540
34207
32861
31505
30140
28768
27392
26015
24639
23266
21899
20541
19196
17866
16555
15266
14002
12767
11564
10399
9272.7
8191
7157.3
6175.7
5250.2
4385.1
3584.6
2852.9
2194.3
1613.2
1114
701
378.69
151.46
23.756
0
84.61
281.99
596.51
1032.5
1594.4
2286.3
3112.4
4077.1
5184.3
6438.1
7842.4
9401
11118
12997
15041
17253
19638
22199
24938
27858
30963
34254
37735
41407
45274
49336
53596
58055
62715
67578
72643
77912
83386
89066
94951
1.0104e+05
1.0734e+05
1.1384e+05
1.2054e+05
1.2745e+05
1.3456e+05
1.4188e+05
1.4939e+05
1.571e+05
1.6501e+05
1.7311e+05
1.814e+05
1.8988e+05
1.9855e+05
2.074e+05
2.1644e+05
2.2565e+05
2.3503e+05
2.4458e+05
2.5429e+05
2.6417e+05
2.742e+05
2.8438e+05
2.9471e+05
3.0519e+05
3.1579e+05
3.2653e+05
3.3739e+05
3.4837e+05
3.5947e+05
3.7067e+05
3.8197e+05
3.9336e+05
4.0484e+05
4.1641e+05
4.2804e+05
4.3974e+05
4.515e+05
4.6331e+05
4.7517e+05
4.8706e+05
4.9898e+05
5.1092e+05
5.2288e+05
5.3484e+05
5.468e+05
5.5875e+05
5.7068e+05
5.8258e+05
5.9445e+05
6.0628e+05
6.1805e+05
6.2977e+05
6.4142e+05
6.5299e+05
6.6448e+05
6.7588e+05
6.8718e+05
6.9837e+05
7.0945e+05
7.204e+05
7.3123e+05
7.4191e+05
7.5244e+05
7.6283e+05
7.7305e+05
7.831e+05
7.9297e+05
8.0266e+05
8.1217e+05
8.2147e+05
8.3057e+05
8.3946e+05
8.4813e+05
8.5658e+05
8.648e+05
8.7279e+05
8.8053e+05
8.8803e+05
8.9527e+05
9.0226e+05
9.0899e+05
9.1546e+05
9.2165e+05
9.2756e+05
9.332e+05
9.3856e+05
9.4362e+05
9.484e+05
9.5289e+05
9.5708e+05
9.6097e+05
9.6456e+05
9.6785e+05
9.7083e+05
9.7351e+05
9.7588e+05
9.7794e+05
9.7969e+05
9.8113e+05
9.8226e+05
9.8307e+05
9.8358e+05
9.8378e+05
9.8366e+05
9.8324e+05
9.8251e+05
9.8147e+05
9.8012e+05
9.7848e+05
9.7653e+05
9.7428e+05
9.7173e+05
9.6889e+05
9.6576e+05
9.6235e+05
9.5864e+05
9.5466e+05
9.504e+05
9.4586e+05
9.4105e+05
9.3599e+05
9.3065e+05
9.2507e+05
9.1923e+05
9.1315e+05
9.0683e+05
9.0027e+05
8.9348e+05
8.8646e+05
8.7923e+05
8.7179e+05
8.6414e+05
8.5628e+05
8.4824e+05
8.4e+05
8.3159e+05
8.23e+05
8.1424e+05
8.0532e+05
7.9624e+05
7.8702e+05
7.7765e+05
7.6815e+05
7.5852e+05
7.4877e+05
7.3891e+05
7.2894e+05
7.1887e+05
7.0871e+05
6.9846e+05
6.8813e+05
6.7774e+05
6.6727e+05
6.5675e+05
6.4618e+05
6.3556e+05
6.2491e+05
6.1422e+05
6.0351e+05
5.9279e+05
5.8205e+05
5.7131e+05
5.6057e+05
5.4983e+05
5.3912e+05
5.2842e+05
5.1775e+05
5.0711e+05
4.9651e+05
4.8595e+05
4.7544e+05
4.6499e+05
4.546e+05
4.4427e+05
4.3401e+05
4.2383e+05
4.1373e+05
4.0371e+05
3.9378e+05
3.8395e+05
3.7421e+05
3.6457e+05
3.5504e+05
3.4562e+05
3.3631e+05
3.2711e+05
3.1804e+05
3.0908e+05
3.0026e+05
2.9156e+05
2.8299e+05
2.7455e+05
2.6625e+05
2.5809e+05
2.5007e+05
2.4218e+05
2.3445e+05
2.2685e+05
2.194e+05
2.121e+05
2.0495e+05
1.9794e+05
1.9109e+05
1.8439e+05
1.7783e+05
1.7143e+05
1.6518e+05
1.5908e+05
1.5314e+05
1.4734e+05
1.417e+05
1.362e+05
1.3086e+05
1.2567e+05
1.2062e+05
1.1572e+05
1.1097e+05
1.0636e+05
1.019e+05
97577
93398
89359
85458
81694
78064
74567
71201
67963
64853
61867
59004
56261
53636
51126
48730
46444
44267
42195
40227
38360
36590
34917
33336
31845
30442
29124
27889
26733
25654
24650
23718
22854
22058
21325
20654
20042
19486
18984
18534
18133
17778
17467
17199
16970
16778
16622
16498
16406
16342
16305
16293
16303
16335
16386
16454
16537
16635
16744
16865
16995
17132
17275
17424
17576
17730
17886
18041
18195
18348
18496
18641
18781
18915
19042
19162
19273
19376
19469
19553
19626
19688
19739
19777
19804
19819
19820
19809
19785
19747
19696
19632
19553
19462
19356
19238
19105
18960
18800
18628
18443
18245
18034
17810
17575
17327
17068
16797
16515
16222
15918
15604
15281
14948
14605
14254
13894
13526
13150
