2.4515e+05
2.4802e+05
2.509e+05
2.5378e+05
2.5668e+05
2.5958e+05
2.6248e+05
2.654e+05
2.6831e+05
2.7122e+05
2.7414e+05
2.7705e+05
2.7996e+05
2.8287e+05
2.8577e+05
2.8866e+05
2.9154e+05
2.9442e+05
2.9728e+05
3.0013e+05
3.0297e+05
3.058e+05
3.086e+05
3.114e+05
3.1417e+05
3.1692e+05
3.1965e+05
3.2236e+05
3.2504e+05
3.277e+05
3.3034e+05
3.3295e+05
3.3553e+05
3.3808e+05
3.4059e+05
3.4308e+05
3.4554e+05
3.4796e+05
3.5034e+05
3.5269e+05
3.5501e+05
3.5728e+05
3.5951e+05
3.6171e+05
3.6386e+05
3.6597e+05
3.6804e+05
3.7007e+05
3.7205e+05
3.7398e+05
3.7586e+05
3.777e+05
3.7949e+05
3.8123e+05
3.8292e+05
3.8456e+05
3.8615e+05
3.8768e+05
3.8917e+05
3.9059e+05
3.9197e+05
3.9329e+05
3.9455e+05
3.9575e+05
3.969e+05
3.9799e+05
3.9903e+05
4e+05
4.0092e+05
4.0178e+05
4.0257e+05
4.0331e+05
4.0399e+05
4.046e+05
4.0516e+05
4.0565e+05
4.0609e+05
4.0646e+05
4.0677e+05
4.0702e+05
4.072e+05
4.0733e+05
4.0739e+05
4.0739e+05
4.0733e+05
4.0721e+05
4.0702e+05
4.0678e+05
4.0647e+05
4.061e+05
4.0568e+05
4.0519e+05
4.0464e+05
4.0403e+05
4.0337e+05
4.0264e+05
4.0186e+05
4.0102e+05
4.0013e+05
3.9917e+05
3.9817e+05
3.971e+05
3.9599e+05
3.9482e+05
3.9359e+05
3.9232e+05
3.9099e+05
3.8962e+05
3.8819e+05
3.8672e+05
3.852e+05
3.8364e+05
3.8203e+05
3.8037e+05
3.7867e+05
3.7694e+05
3.7516e+05
3.7334e+05
3.7148e+05
3.6959e+05
3.6766e+05
3.6569e+05
3.637e+05
3.6167e+05
3.5961e+05
3.5752e+05
3.5541e+05
3.5326e+05
3.511e+05
3.4891e+05
3.467e+05
3.4446e+05
3.4221e+05
3.3994e+05
3.3766e+05
3.3536e+05
3.3304e+05
3.3072e+05
3.2838e+05
3.2604e+05
3.2368e+05
3.2132e+05
3.1896e+05
3.166e+05
3.1423e+05
3.1186e+05
3.0949e+05
3.0713e+05
3.0477e+05
3.0242e+05
3.0007e+05
2.9773e+05
2.954e+05
2.9308e+05
2.9077e+05
2.8848e+05
2.862e+05
2.8393e+05
2.8169e+05
2.7946e+05
2.7725e+05
2.7506e+05
2.7289e+05
2.7074e+05
2.6862e+05
2.6652e+05
2.6445e+05
2.624e+05
2.6038e+05
2.5838e+05
2.5642e+05
2.5448e+05
2.5257e+05
2.5069e+05
2.4885e+05
2.4703e+05
2.4525e+05
2.435e+05
2.4178e+05
2.4009e+05
2.3844e+05
2.3682e+05
2.3523e+05
2.3368e+05
2.3216e+05
2.3067e+05
2.2922e+05
2.278e+05
2.2642e+05
2.2506e+05
2.2375e+05
2.2246e+05
2.2121e+05
2.1999e+05
2.188e+05
2.1764e+05
2.1651e+05
2.1541e+05
2.1435e+05
2.1331e+05
2.123e+05
2.1131e+05
2.1035e+05
2.0942e+05
2.0852e+05
2.0764e+05
2.0678e+05
2.0594e+05
2.0512e+05
2.0433e+05
2.0355e+05
2.0279e+05
2.0205e+05
2.0132e+05
2.0061e+05
1.9991e+05
1.9922e+05
1.9854e+05
1.9787e+05
1.9721e+05
1.9656e+05
1.9591e+05
1.9526e+05
1.9462e+05
1.9397e+05
1.9333e+05
1.9269e+05
1.9204e+05
1.9138e+05
1.9073e+05
1.9006e+05
1.8938e+05
1.887e+05
1.88e+05
1.8729e+05
1.8656e+05
1.8582e+05
1.8506e+05
1.8428e+05
1.8348e+05
1.8267e+05
1.8182e+05
1.8096e+05
1.8007e+05
1.7915e+05
1.7821e+05
1.7724e+05
1.7624e+05
1.7521e+05
1.7414e+05
1.7305e+05
1.7192e+05
1.7076e+05
1.6956e+05
1.6833e+05
1.6706e+05
1.6575e+05
1.644e+05
1.6302e+05
1.616e+05
1.6014e+05
1.5864e+05
1.571e+05
1.5552e+05
1.539e+05
1.5224e+05
1.5054e+05
1.488e+05
1.4702e+05
1.452e+05
1.4334e+05
1.4143e+05
1.3949e+05
1.3752e+05
1.355e+05
1.3344e+05
1.3135e+05
1.2922e+05
1.2706e+05
1.2486e+05
1.2263e+05
1.2036e+05
1.1807e+05
1.1574e+05
1.1338e+05
1.11e+05
1.0859e+05
1.0616e+05
1.037e+05
1.0122e+05
98716
96196
93660
91110
88546
85971
83388
80798
78203
75607
73010
70415
67825
65243
62670
60109
57564
55035
52527
50042
47583
45152
42753
40387
38059
35770
33525
31325
29175
27076
25032
23046
21120
19259
17464
15740
14089
12513
11017
9602.1
8272.6
7031.1
5880.5
4823.7
3863.6
3003
2244.9
1591.9
1046.9
612.56
291.56
86.508
0
34.557
192.65
476.69
889.04
1432
2107.8
2918.5
3866.3
4953.3
6181.2
7552.1
9067.7
10730
12540
14499
16610
18873
21289
23861
26588
29473
32515
35715
39075
42595
46275
50116
54118
58281
62606
67091
71738
76545
81513
86641
91928
97373
1.0298e+05
1.0874e+05
1.1465e+05
1.2072e+05
1.2695e+05
1.3332e+05
1.3985e+05
1.4653e+05
1.5335e+05
1.6032e+05
1.6743e+05
1.7468e+05
1.8208e+05
1.8961e+05
1.9727e+05
2.0507e+05
2.1299e+05
2.2105e+05
2.2923e+05
2.3752e+05
2.4594e+05
2.5448e+05
2.6312e+05
2.7188e+05
2.8074e+05
2.897e+05
2.9876e+05
3.0792e+05
3.1717e+05
3.265e+05
3.3592e+05
3.4542e+05
3.55e+05
3.6465e+05
3.7437e+05
3.8415e+05
3.9399e+05
4.0389e+05
4.1384e+05
4.2383e+05
4.3387e+05
4.4394e+05
4.5405e+05
4.6419e+05
4.7435e+05
4.8453e+05
4.9473e+05
5.0493e+05
5.1514e+05
5.2536e+05
5.3556e+05
5.4576e+05
5.5595e+05
5.6611e+05
5.7626e+05
5.8637e+05
5.9646e+05
6.065e+05
6.165e+05
6.2646e+05
6.3636e+05
6.4621e+05
6.5599e+05
6.6571e+05
6.7536e+05
6.8493e+05
6.9442e+05
7.0382e+05
7.1314e+05
7.2236e+05
7.3148e+05
7.405e+05
7.4942e+05
7.5822e+05
7.669e+05
7.7547e+05
7.8391e+05
7.9222e+05
8.004e+05
8.0844e+05
8.1634e+05
8.241e+05
8.3171e+05
8.3917e+05
8.4648e+05
8.5362e+05
8.606e+05
8.6742e+05
8.7407e+05
8.8055e+05
8.8685e+05
8.9297e+05
8.9892e+05
9.0468e+05
9.1025e+05
9.1564e+05
9.2083e+05
9.2583e+05
9.3064e+05
9.3525e+05
9.3965e+05
9.4386e+05
9.4786e+05
9.5166e+05
9.5525e+05
9.5864e+05
9.6181e+05
9.6477e+05
9.6753e+05
9.7006e+05
9.7239e+05
9.745e+05
9.764e+05
9.7808e+05
9.7954e+05
9.8079e+05
9.8182e+05
9.8263e+05
9.8323e+05
9.8361e+05
9.8378e+05
9.8373e+05
9.8346e+05
9.8298e+05
9.8229e+05
9.8138e+05
9.8026e+05
9.7893e+05
9.7739e+05
9.7565e+05
9.7369e+05
9.7153e+05
9.6917e+05
9.666e+05
9.6383e+05
9.6087e+05
9.577e+05
9.5435e+05
9.508e+05
9.4706e+05
9.4313e+05
9.3902e+05
9.3472e+05
9.3024e+05
9.2559e+05
9.2076e+05
9.1576e+05
9.106e+05
9.0526e+05
8.9976e+05
8.9411e+05
8.8829e+05
8.8233e+05
8.7621e+05
8.6994e+05
8.6354e+05
8.5699e+05
8.5031e+05
8.435e+05
8.3655e+05
8.2948e+05
8.2229e+05
8.1499e+05
8.0756e+05
8.0003e+05
7.924e+05
7.8466e+05
7.7682e+05
7.6888e+05
7.6086e+05
7.5275e+05
7.4456e+05
7.3629e+05
7.2794e+05
7.1953e+05
7.1105e+05
7.025e+05
6.939e+05
6.8524e+05
6.7653e+05
6.6778e+05
6.5898e+05
6.5015e+05
6.4128e+05
6.3237e+05
6.2345e+05
6.145e+05
6.0553e+05
5.9654e+05
5.8755e+05
5.7855e+05
5.6954e+05
5.6053e+05
5.5153e+05
5.4253e+05
5.3355e+05
5.2458e+05
5.1563e+05
5.067e+05
4.9779e+05
4.8891e+05
4.8006e+05
4.7125e+05
4.6248e+05
4.5374e+05
4.4505e+05
4.3641e+05
4.2782e+05
4.1928e+05
4.108e+05
4.0237e+05
3.9401e+05
3.8571e+05
3.7747e+05
3.6931e+05
3.6121e+05
3.5319e+05
3.4525e+05
3.3738e+05
3.2959e+05
3.2189e+05
3.1427e+05
3.0673e+05
2.9929e+05
2.9193e+05
2.8467e+05
2.775e+05
2.7042e+05
2.6344e+05
2.5655e+05
2.4977e+05
2.4308e+05
2.365e+05
2.3001e+05
2.2364e+05
2.1736e+05
2.1119e+05
2.0513e+05
1.9917e+05
1.9332e+05
1.8757e+05
1.8194e+05
1.7641e+05
1.7099e+05
1.6568e+05
1.6048e+05
1.5539e+05
1.5041e+05
1.4554e+05
1.4077e+05
1.3612e+05
1.3158e+05
1.2714e+05
1.2281e+05
1.186e+05
1.1448e+05
1.1048e+05
1.0658e+05
1.0279e+05
99105
95524
92046
88671
85399
82227
79156
76184
73309
70532
67851
65265
62772
60371
58061
55841
53709
51663
49703
47827
46034
44321
42688
41133
39654
38250
36919
35659
34470
33348
32293
31303
30377
29512
28707
27959
27269
26633
26050
25519
25037
24604
24216
23873
23574
23315
23096
22915
22770
22661
22584
22538
22523
22536
22576
22641
22730
22841
22973
23125
23294
23480
23681
23896
24124
24363
24611
24869
25134
25405
25682
25962
26245
26530
26816
27102
27386
27669
27948
28223
28493
28758
29016
29266
29509
29743
29968
30182
30386
30579
30759
30928
31083
31226
31354
31469
31568
31653
31723
31778
31816
31839
31845
