1.6136e+05
1.6407e+05
1.6682e+05
1.6958e+05
1.7237e+05
1.7518e+05
1.78e+05
1.8083e+05
1.8368e+05
1.8654e+05
1.8941e+05
1.9228e+05
1.9515e+05
1.9803e+05
2.009e+05
2.0377e+05
2.0664e+05
2.0949e+05
2.1234e+05
2.1517e+05
2.1799e+05
2.2079e+05
2.2358e+05
2.2634e+05
2.2908e+05
2.318e+05
2.3449e+05
2.3715e+05
2.3978e+05
2.4238e+05
2.4494e+05
2.4747e+05
2.4996e+05
2.5242e+05
2.5483e+05
2.572e+05
2.5953e+05
2.6181e+05
2.6405e+05
2.6624e+05
2.6838e+05
2.7047e+05
2.7252e+05
2.7451e+05
2.7645e+05
2.7833e+05
2.8016e+05
2.8194e+05
2.8366e+05
2.8533e+05
2.8694e+05
2.8849e+05
2.8999e+05
2.9143e+05
2.9281e+05
2.9413e+05
2.954e+05
2.9661e+05
2.9776e+05
2.9886e+05
2.9989e+05
3.0087e+05
3.018e+05
3.0266e+05
3.0347e+05
3.0423e+05
3.0493e+05
3.0558e+05
3.0617e+05
3.0672e+05
3.0721e+05
3.0765e+05
3.0804e+05
3.0838e+05
3.0867e+05
3.0892e+05
3.0912e+05
3.0927e+05
3.0939e+05
3.0946e+05
3.0948e+05
3.0947e+05
3.0942e+05
3.0934e+05
3.0921e+05
3.0905e+05
3.0886e+05
3.0864e+05
3.0839e+05
3.081e+05
3.0779e+05
3.0745e+05
3.0709e+05
3.0671e+05
3.063e+05
3.0587e+05
3.0542e+05
3.0495e+05
3.0446e+05
3.0396e+05
3.0345e+05
3.0292e+05
3.0238e+05
3.0183e+05
3.0126e+05
3.0069e+05
3.0012e+05
2.9953e+05
2.9894e+05
2.9835e+05
2.9775e+05
2.9715e+05
2.9655e+05
2.9594e+05
2.9534e+05
2.9473e+05
2.9413e+05
2.9353e+05
2.9293e+05
2.9233e+05
2.9173e+05
2.9114e+05
2.9055e+05
2.8997e+05
2.8939e+05
2.8881e+05
2.8824e+05
2.8767e+05
2.8711e+05
2.8655e+05
2.8599e+05
2.8544e+05
2.8489e+05
2.8434e+05
2.838e+05
2.8325e+05
2.8271e+05
2.8217e+05
2.8164e+05
2.811e+05
2.8056e+05
2.8002e+05
2.7948e+05
2.7893e+05
2.7838e+05
2.7783e+05
2.7727e+05
2.7671e+05
2.7614e+05
2.7556e+05
2.7497e+05
2.7437e+05
2.7376e+05
2.7314e+05
2.725e+05
2.7185e+05
2.7119e+05
2.7051e+05
2.6981e+05
2.691e+05
2.6836e+05
2.6761e+05
2.6683e+05
2.6603e+05
2.6521e+05
2.6436e+05
2.6349e+05
2.6259e+05
2.6166e+05
2.6071e+05
2.5972e+05
2.5871e+05
2.5767e+05
2.566e+05
2.5549e+05
2.5435e+05
2.5318e+05
2.5198e+05
2.5074e+05
2.4947e+05
2.4816e+05
2.4682e+05
2.4544e+05
2.4403e+05
2.4258e+05
2.4109e+05
2.3957e+05
2.3801e+05
2.3642e+05
2.3479e+05
2.3313e+05
2.3143e+05
2.297e+05
2.2794e+05
2.2614e+05
2.243e+05
2.2244e+05
2.2054e+05
2.1862e+05
2.1666e+05
2.1467e+05
2.1266e+05
2.1061e+05
2.0855e+05
2.0645e+05
2.0434e+05
2.022e+05
2.0004e+05
1.9786e+05
1.9566e+05
1.9344e+05
1.9121e+05
1.8897e+05
1.8671e+05
1.8444e+05
1.8216e+05
1.7988e+05
1.7759e+05
1.7529e+05
1.7299e+05
1.7069e+05
1.684e+05
1.661e+05
1.6381e+05
1.6153e+05
1.5925e+05
1.5699e+05
1.5473e+05
1.5249e+05
1.5027e+05
1.4806e+05
1.4587e+05
1.437e+05
1.4156e+05
1.3943e+05
1.3734e+05
1.3527e+05
1.3322e+05
1.3121e+05
1.2923e+05
1.2728e+05
1.2537e+05
1.2349e+05
1.2165e+05
1.1984e+05
1.1808e+05
1.1635e+05
1.1467e+05
1.1303e+05
1.1143e+05
1.0987e+05
1.0835e+05
1.0688e+05
1.0546e+05
1.0408e+05
1.0275e+05
1.0146e+05
1.0022e+05
99023
97874
96771
95713
94701
93734
92811
91933
91098
90306
89555
88846
88176
87546
86954
86398
85877
85390
84936
84513
84120
83754
83415
83100
82807
82535
82283
82047
81826
81618
81422
81234
81053
80877
80703
80530
80356
80178
79994
79802
79601
79387
79160
78917
78655
78375
78072
77746
77395
77016
76610
76173
75705
75203
74668
74097
73489
72844
72160
71436
70673
69869
69023
68136
67207
66236
65223
64168
63071
61933
60754
59536
58278
56981
55648
54278
52874
51437
49968
48469
46943
45391
43815
42219
40603
38972
37328
35673
34011
32345
30678
29013
27354
25705
24070
22451
20854
19282
17740
16231
14760
13331
11949
10618
9342.7
8128
6978.5
5898.8
4893.7
3968
3126.6
2374.2
1715.6
1155.8
699.48
351.55
116.8
0
5.8863
139.16
404.49
806.45
1349.6
2038.4
2877.2
3870.4
5022.1
6336.5
7817.6
9469.3
11295
13299
15485
17855
20414
23164
26108
29249
32590
36132
39879
43832
47993
52364
56946
61741
66749
71972
77410
83064
88933
95018
1.0132e+05
1.0783e+05
1.1456e+05
1.2151e+05
1.2866e+05
1.3603e+05
1.436e+05
1.5139e+05
1.5937e+05
1.6756e+05
1.7595e+05
1.8454e+05
1.9332e+05
2.023e+05
2.1146e+05
2.208e+05
2.3033e+05
2.4003e+05
2.499e+05
2.5994e+05
2.7014e+05
2.8049e+05
2.91e+05
3.0166e+05
3.1245e+05
3.2338e+05
3.3444e+05
3.4562e+05
3.5691e+05
3.6832e+05
3.7983e+05
3.9143e+05
4.0312e+05
4.149e+05
4.2674e+05
4.3866e+05
4.5063e+05
4.6266e+05
4.7473e+05
4.8683e+05
4.9896e+05
5.1112e+05
5.2328e+05
5.3545e+05
5.4761e+05
5.5976e+05
5.7189e+05
5.8398e+05
5.9604e+05
6.0805e+05
6.2001e+05
6.319e+05
6.4372e+05
6.5546e+05
6.6711e+05
6.7866e+05
6.9011e+05
7.0144e+05
7.1265e+05
7.2373e+05
7.3467e+05
7.4546e+05
7.561e+05
7.6658e+05
7.7688e+05
7.8701e+05
7.9696e+05
8.0671e+05
8.1626e+05
8.256e+05
8.3473e+05
8.4365e+05
8.5233e+05
8.6078e+05
8.69e+05
8.7696e+05
8.8468e+05
8.9214e+05
8.9934e+05
9.0627e+05
9.1293e+05
9.1931e+05
9.2542e+05
9.3123e+05
9.3676e+05
9.42e+05
9.4693e+05
9.5157e+05
9.5591e+05
9.5994e+05
9.6366e+05
9.6707e+05
9.7017e+05
9.7295e+05
9.7542e+05
9.7757e+05
9.794e+05
9.8092e+05
9.8211e+05
9.8298e+05
9.8354e+05
9.8378e+05
9.8369e+05
9.8329e+05
9.8258e+05
9.8155e+05
9.802e+05
9.7854e+05
9.7658e+05
9.743e+05
9.7172e+05
9.6884e+05
9.6566e+05
9.6218e+05
9.5841e+05
9.5436e+05
9.5001e+05
9.4539e+05
9.4049e+05
9.3532e+05
9.2988e+05
9.2418e+05
9.1822e+05
9.1201e+05
9.0555e+05
8.9886e+05
8.9192e+05
8.8476e+05
8.7737e+05
8.6977e+05
8.6196e+05
8.5394e+05
8.4573e+05
8.3732e+05
8.2873e+05
8.1996e+05
8.1102e+05
8.0191e+05
7.9265e+05
7.8324e+05
7.7369e+05
7.64e+05
7.5419e+05
7.4425e+05
7.342e+05
7.2405e+05
7.1379e+05
7.0345e+05
6.9302e+05
6.8251e+05
6.7194e+05
6.613e+05
6.5061e+05
6.3987e+05
6.2909e+05
6.1828e+05
6.0744e+05
5.9659e+05
5.8572e+05
5.7485e+05
5.6397e+05
5.5311e+05
5.4226e+05
5.3144e+05
5.2064e+05
5.0987e+05
4.9915e+05
4.8847e+05
4.7785e+05
4.6728e+05
4.5678e+05
4.4635e+05
4.3599e+05
4.2572e+05
4.1552e+05
4.0542e+05
3.9542e+05
3.8551e+05
3.7571e+05
3.6602e+05
3.5644e+05
3.4697e+05
3.3763e+05
3.2841e+05
3.1932e+05
3.1037e+05
3.0154e+05
2.9286e+05
2.8431e+05
2.7591e+05
2.6766e+05
2.5955e+05
2.5159e+05
2.4378e+05
2.3613e+05
2.2864e+05
2.213e+05
2.1412e+05
2.0709e+05
2.0023e+05
1.9354e+05
1.87e+05
1.8062e+05
1.7441e+05
1.6836e+05
1.6248e+05
1.5676e+05
1.512e+05
1.458e+05
1.4057e+05
1.3549e+05
1.3058e+05
1.2582e+05
1.2123e+05
1.1679e+05
1.1251e+05
1.0838e+05
1.044e+05
1.0058e+05
96904
93377
89995
86758
83662
80705
77885
75199
72646
70223
67926
65754
63703
61772
59956
58254
56662
55178
53798
52520
51340
50256
49264
48361
47545
46812
46159
45583
45081
44650
44287
43989
43753
43575
43454
43385
43367
43396
43469
43584
43737
43926
44149
44403
44685
44992
45323
45674
46044
46430
46829
47240
47661
48089
48523
48960
49398
49836
50273
50705
51132
51553
51965
52367
52758
53137
53502
53852
54187
54504
54804
55085
55346
55587
55807
56006
56182
56335
56465
56571
56653
56711
56744
56753
56737
56695
56629
56538
56421
56280
56114
55924
55709
55471
55208
54922
54613
54282
53928
53552
53155
52738
52300
51843
51366
50871
50359
49829
49283
48720
48143
47551
46946
