73080
75501
78007
80598
83270
86021
88846
91744
94712
97745
1.0084e+05
1.0399e+05
1.072e+05
1.1047e+05
1.1377e+05
1.1713e+05
1.2052e+05
1.2395e+05
1.2741e+05
1.309e+05
1.3441e+05
1.3794e+05
1.4149e+05
1.4505e+05
1.4862e+05
1.5219e+05
1.5576e+05
1.5932e+05
1.6288e+05
1.6642e+05
1.6995e+05
1.7345e+05
1.7694e+05
1.8039e+05
1.8382e+05
1.872e+05
1.9056e+05
1.9387e+05
1.9713e+05
2.0035e+05
2.0352e+05
2.0663e+05
2.0969e+05
2.1269e+05
2.1563e+05
2.1851e+05
2.2132e+05
2.2406e+05
2.2674e+05
2.2934e+05
2.3188e+05
2.3434e+05
2.3673e+05
2.3904e+05
2.4127e+05
2.4343e+05
2.4551e+05
2.4752e+05
2.4944e+05
2.5129e+05
2.5306e+05
2.5476e+05
2.5637e+05
2.5791e+05
2.5937e+05
2.6076e+05
2.6207e+05
2.6331e+05
2.6447e+05
2.6557e+05
2.6659e+05
2.6755e+05
2.6844e+05
2.6926e+05
2.7002e+05
2.7072e+05
2.7135e+05
2.7193e+05
2.7245e+05
2.7292e+05
2.7334e+05
2.737e+05
2.7402e+05
2.7429e+05
2.7451e+05
2.747e+05
2.7484e+05
2.7495e+05
2.7502e+05
2.7506e+05
2.7506e+05
2.7504e+05
2.7499e+05
2.7491e+05
2.7482e+05
2.747e+05
2.7456e+05
2.744e+05
2.7423e+05
2.7404e+05
2.7384e+05
2.7363e+05
2.7341e+05
2.7319e+05
2.7295e+05
2.7271e+05
2.7247e+05
2.7222e+05
2.7197e+05
2.7172e+05
2.7147e+05
2.7122e+05
2.7096e+05
2.7072e+05
2.7047e+05
2.7022e+05
2.6998e+05
2.6974e+05
2.6951e+05
2.6927e+05
2.6904e+05
2.6882e+05
2.6859e+05
2.6837e+05
2.6815e+05
2.6793e+05
2.6771e+05
2.675e+05
2.6728e+05
2.6707e+05
2.6685e+05
2.6663e+05
2.6641e+05
2.6619e+05
2.6596e+05
2.6573e+05
2.655e+05
2.6525e+05
2.65e+05
2.6474e+05
2.6447e+05
2.6419e+05
2.639e+05
2.636e+05
2.6328e+05
2.6295e+05
2.6261e+05
2.6225e+05
2.6187e+05
2.6148e+05
2.6106e+05
2.6063e+05
2.6018e+05
2.5971e+05
2.5921e+05
2.587e+05
2.5816e+05
2.5759e+05
2.57e+05
2.5639e+05
2.5575e+05
2.5509e+05
2.544e+05
2.5369e+05
2.5295e+05
2.5218e+05
2.5138e+05
2.5056e+05
2.497e+05
2.4883e+05
2.4792e+05
2.4698e+05
2.4602e+05
2.4503e+05
2.4401e+05
2.4297e+05
2.4189e+05
2.4079e+05
2.3967e+05
2.3851e+05
2.3733e+05
2.3613e+05
2.3489e+05
2.3364e+05
2.3235e+05
2.3105e+05
2.2971e+05
2.2836e+05
2.2698e+05
2.2558e+05
2.2415e+05
2.227e+05
2.2123e+05
2.1974e+05
2.1823e+05
2.167e+05
2.1515e+05
2.1358e+05
2.1198e+05
2.1038e+05
2.0875e+05
2.071e+05
2.0544e+05
2.0376e+05
2.0206e+05
2.0034e+05
1.9861e+05
1.9687e+05
1.951e+05
1.9332e+05
1.9153e+05
1.8972e+05
1.879e+05
1.8606e+05
1.8421e+05
1.8234e+05
1.8046e+05
1.7856e+05
1.7666e+05
1.7473e+05
1.728e+05
1.7085e+05
1.6888e+05
1.6691e+05
1.6492e+05
1.6292e+05
1.609e+05
1.5887e+05
1.5683e+05
1.5478e+05
1.5272e+05
1.5064e+05
1.4855e+05
1.4645e+05
1.4434e+05
1.4222e+05
1.4008e+05
1.3794e+05
1.3579e+05
1.3362e+05
1.3145e+05
1.2927e+05
1.2708e+05
1.2488e+05
1.2268e+05
1.2047e+05
1.1825e+05
1.1603e+05
1.138e+05
1.1157e+05
1.0934e+05
1.0711e+05
1.0487e+05
1.0264e+05
1.0041e+05
98176
95949
93727
91510
89301
87100
84910
82730
80563
78410
76272
74152
72050
69969
67909
65872
63860
61874
59916
57988
56091
54227
52396
50602
48845
47126
45447
43810
42216
40666
39161
37702
36291
34929
33616
32354
31143
29985
28879
27826
26827
25882
24991
24155
23373
22646
21973
21354
20788
20276
19816
19407
19050
18742
18483
18272
18106
17986
17909
17873
17877
17920
17998
18110
18254
18428
18630
18856
19105
19374
19661
19963
20277
20601
20932
21268
21605
21941
22274
22600
22917
23222
23513
23788
24043
24277
24486
24670
24825
24949
25042
25100
25123
25109
25056
24963
24829
24654
24436
24176
23873
23526
23136
22703
22228
21712
21155
20558
19924
19254
18549
17813
17046
16253
15436
14597
13741
12871
11991
11105
10216
9331.1
8453.1
7587.7
6739.8
5914.9
5118.5
4356.5
3634.6
2959.1
2336.1
1772
1273.5
847.07
499.6
237.94
69.057
0
37.879
189.85
463.12
864.89
1402.4
2082.8
2913.4
3901.3
5053.6
6377.3
7879.3
9566.6
11446
13523
15806
18300
21011
23945
27109
30506
34143
38025
42156
46540
51182
56086
61255
66691
72399
78380
84636
91169
97980
1.0507e+05
1.1244e+05
1.2009e+05
1.2802e+05
1.3623e+05
1.4471e+05
1.5347e+05
1.6251e+05
1.7181e+05
1.8139e+05
1.9122e+05
2.0132e+05
2.1168e+05
2.2228e+05
2.3313e+05
2.4423e+05
2.5555e+05
2.6711e+05
2.7889e+05
2.9087e+05
3.0307e+05
3.1546e+05
3.2804e+05
3.4081e+05
3.5374e+05
3.6683e+05
3.8007e+05
3.9346e+05
4.0697e+05
4.206e+05
4.3434e+05
4.4817e+05
4.6208e+05
4.7607e+05
4.9012e+05
5.0421e+05
5.1833e+05
5.3247e+05
5.4662e+05
5.6076e+05
5.7489e+05
5.8897e+05
6.0301e+05
6.1699e+05
6.3089e+05
6.4471e+05
6.5842e+05
6.7201e+05
6.8547e+05
6.9879e+05
7.1195e+05
7.2494e+05
7.3774e+05
7.5034e+05
7.6273e+05
7.749e+05
7.8683e+05
7.985e+05
8.0992e+05
8.2106e+05
8.3191e+05
8.4247e+05
8.5272e+05
8.6264e+05
8.7224e+05
8.8149e+05
8.904e+05
8.9894e+05
9.0712e+05
9.1492e+05
9.2233e+05
9.2935e+05
9.3597e+05
9.4218e+05
9.4798e+05
9.5336e+05
9.5831e+05
9.6284e+05
9.6693e+05
9.7058e+05
9.7379e+05
9.7656e+05
9.7889e+05
9.8076e+05
9.8219e+05
9.8317e+05
9.837e+05
9.8378e+05
9.8341e+05
9.8259e+05
9.8133e+05
9.7963e+05
9.7749e+05
9.7492e+05
9.7191e+05
9.6847e+05
9.6462e+05
9.6034e+05
9.5566e+05
9.5057e+05
9.4508e+05
9.392e+05
9.3294e+05
9.2631e+05
9.193e+05
9.1194e+05
9.0423e+05
8.9619e+05
8.8781e+05
8.7911e+05
8.701e+05
8.6079e+05
8.512e+05
8.4133e+05
8.3119e+05
8.208e+05
8.1016e+05
7.993e+05
7.8822e+05
7.7693e+05
7.6545e+05
7.5378e+05
7.4195e+05
7.2996e+05
7.1783e+05
7.0556e+05
6.9318e+05
6.8069e+05
6.681e+05
6.5543e+05
6.427e+05
6.2991e+05
6.1707e+05
6.042e+05
5.913e+05
5.784e+05
5.655e+05
5.5262e+05
5.3976e+05
5.2693e+05
5.1416e+05
5.0144e+05
4.8878e+05
4.7621e+05
4.6372e+05
4.5133e+05
4.3905e+05
4.2688e+05
4.1483e+05
4.0292e+05
3.9115e+05
3.7952e+05
3.6805e+05
3.5675e+05
3.4561e+05
3.3464e+05
3.2386e+05
3.1326e+05
3.0286e+05
2.9265e+05
2.8264e+05
2.7284e+05
2.6325e+05
2.5387e+05
2.4471e+05
2.3577e+05
2.2705e+05
2.1855e+05
2.1028e+05
2.0223e+05
1.9441e+05
1.8682e+05
1.7946e+05
1.7233e+05
1.6543e+05
1.5875e+05
1.523e+05
1.4609e+05
1.4009e+05
1.3432e+05
1.2877e+05
1.2345e+05
1.1834e+05
1.1344e+05
1.0876e+05
1.0429e+05
1.0002e+05
95956
92092
88423
84946
81657
78551
75624
72873
70291
67876
65621
63522
61574
59773
58113
56590
55198
53932
52788
51759
50842
50031
49320
48706
48183
47747
47391
47113
46906
46766
46689
46670
46705
46790
46920
47091
47300
47542
47813
48111
48431
48770
49125
49493
49870
50255
50643
51032
51421
51806
52185
52557
52919
53269
53605
53927
54232
54520
54788
55036
55263
55467
55649
55807
55941
56050
56135
56193
56226
56234
56215
56171
56102
56006
55886
55741
55571
55377
55159
54919
54655
54370
54064
53737
53390
53024
52640
52239
51820
51386
50936
50472
49995
49506
49004
48492
47970
47439
46899
46352
45798
45238
44674
44104
43532
42956
42378
41799
41219
40639
40059
39480
38902
38327
37754
37185
36619
36057
35499
34946
34398
33855
33318
32787
32262
31743
31231
30726
30228
