13282
13643
13965
14246
14485
14681
14834
14942
15006
15025
15001
14933
14823
14672
14481
14252
13987
13688
13358
13000
12616
12210
11786
11346
10896
10438
9977.3
9517.8
9064.1
8620.7
8192.2
7783.5
7399.1
7044
6723
6440.9
6202.6
6012.8
5876.3
5797.9
5782.1
5833.4
5956.3
6155
6433.6
6796.2
7246.5
7788.3
8424.8
9159.4
9995.1
10935
11981
13135
14401
15779
17271
18879
20604
22445
24405
26482
28677
30989
33419
35964
38624
41397
44281
47275
50376
53582
56889
60295
63797
67391
71073
74839
78686
82608
86602
90662
94784
98962
1.0319e+05
1.0747e+05
1.1178e+05
1.1614e+05
1.2052e+05
1.2492e+05
1.2934e+05
1.3377e+05
1.3821e+05
1.4265e+05
1.4708e+05
1.515e+05
1.559e+05
1.6028e+05
1.6462e+05
1.6893e+05
1.7319e+05
1.7741e+05
1.8157e+05
1.8566e+05
1.897e+05
1.9366e+05
1.9754e+05
2.0134e+05
2.0505e+05
2.0867e+05
2.1219e+05
2.156e+05
2.1891e+05
2.2211e+05
2.2519e+05
2.2814e+05
2.3098e+05
2.3369e+05
2.3626e+05
2.387e+05
2.41e+05
2.4317e+05
2.4519e+05
2.4706e+05
2.4879e+05
2.5037e+05
2.518e+05
2.5308e+05
2.542e+05
2.5518e+05
2.56e+05
2.5666e+05
2.5718e+05
2.5754e+05
2.5774e+05
2.578e+05
2.577e+05
2.5745e+05
2.5706e+05
2.5651e+05
2.5582e+05
2.5499e+05
2.5402e+05
2.5291e+05
2.5166e+05
2.5028e+05
2.4877e+05
2.4713e+05
2.4536e+05
2.4347e+05
2.4147e+05
2.3935e+05
2.3712e+05
2.3478e+05
2.3234e+05
2.298e+05
2.2716e+05
2.2443e+05
2.2162e+05
2.1871e+05
2.1573e+05
2.1267e+05
2.0955e+05
2.0635e+05
2.0309e+05
1.9977e+05
1.9639e+05
1.9296e+05
1.8949e+05
1.8597e+05
1.8242e+05
1.7882e+05
1.752e+05
1.7155e+05
1.6788e+05
1.6419e+05
1.6048e+05
1.5676e+05
1.5303e+05
1.493e+05
1.4556e+05
1.4183e+05
1.3811e+05
1.3439e+05
1.3069e+05
1.27e+05
1.2334e+05
1.197e+05
1.1608e+05
1.1249e+05
1.0893e+05
1.0541e+05
1.0193e+05
98481
95080
91723
88415
85157
81951
78800
75705
72670
69695
66782
63933
61150
58433
55785
53206
50698
48261
45896
43604
41385
39240
37169
35173
33250
31401
29627
27925
26297
24740
23255
21841
20496
19220
18011
16867
15789
14773
13819
12924
12087
11307
10580
9906.6
9283.3
8708.4
8180
7696.1
7254.6
6853.6
6490.9
6164.8
5873
5613.9
5385.3
5185.5
5012.8
4865.2
4741.3
4639.3
4557.7
4495.1
4450.1
4421.3
4407.6
4407.7
4420.7
4445.6
4481.4
4527.3
4582.7
4646.7
4718.9
4798.7
4885.6
4979.2
5079.2
5185.1
5296.8
5414
5536.5
5664
5796.4
5933.4
6075
6220.9
6371
6524.9
6682.5
6843.5
7007.6
7174.5
7343.7
7515
7687.8
7861.6
8035.9
8210.1
8383.6
8555.7
8725.7
8892.9
9056.4
9215.5
9369.4
9517.3
9658.3
9791.6
9916.5
10032
10137
10232
10315
10386
10445
10490
10522
10540
10545
10535
10511
10473
10422
10358
10282
10193
10094
9985.5
9868.2
9743.7
9613.6
9479.4
9342.9
9206.1
9071
8939.8
8814.6
8698
8592.3
8499.9
8423.6
8365.7
8329
8316
8329.3
8371.4
8444.8
8551.9
8694.9
8876.1
9097.4
9360.7
9667.7
10020
10419
10865
11359
11902
12495
13136
13826
14564
15350
16181
17057
17976
18935
19933
20966
22031
23126
24248
25391
26554
27732
28920
30115
31313
32509
33700
34881
36049
37199
38328
39432
40509
41556
42570
43550
44493
45399
46268
47100
47895
48655
49382
50079
50750
51399
52031
52652
53270
53891
54525
55181
55869
56600
57386
58239
59174
60203
61343
62607
64013
65576
67314
69243
71383
73750
76362
79239
82398
85857
89634
93748
98215
1.0305e+05
1.0828e+05
1.139e+05
1.1995e+05
1.2643e+05
1.3335e+05
1.4073e+05
1.4858e+05
1.569e+05
1.6571e+05
1.7502e+05
1.8483e+05
1.9514e+05
2.0596e+05
2.1728e+05
2.2911e+05
2.4145e+05
2.5429e+05
2.6762e+05
2.8143e+05
2.9572e+05
3.1048e+05
3.2568e+05
3.4132e+05
3.5738e+05
3.7383e+05
3.9065e+05
4.0783e+05
4.2533e+05
4.4313e+05
4.612e+05
4.7951e+05
4.9803e+05
5.1672e+05
5.3556e+05
5.545e+05
5.735e+05
5.9253e+05
6.1156e+05
6.3053e+05
6.4941e+05
6.6816e+05
6.8674e+05
7.051e+05
7.2321e+05
7.4101e+05
7.5848e+05
7.7556e+05
7.9222e+05
8.0841e+05
8.241e+05
8.3925e+05
8.5382e+05
8.6777e+05
8.8107e+05
8.9368e+05
9.0558e+05
9.1673e+05
9.271e+05
9.3667e+05
9.4541e+05
9.5329e+05
9.6031e+05
9.6644e+05
9.7165e+05
9.7595e+05
9.7932e+05
9.8175e+05
9.8324e+05
9.8378e+05
9.8336e+05
9.82e+05
9.797e+05
9.7646e+05
9.7229e+05
9.672e+05
9.6121e+05
9.5433e+05
9.4659e+05
9.38e+05
9.2859e+05
9.1838e+05
9.074e+05
8.9567e+05
8.8324e+05
8.7012e+05
8.5636e+05
8.4199e+05
8.2704e+05
8.1156e+05
7.9557e+05
7.7913e+05
7.6227e+05
7.4503e+05
7.2745e+05
7.0958e+05
6.9145e+05
6.731e+05
6.5459e+05
6.3593e+05
6.1719e+05
5.984e+05
5.7959e+05
5.608e+05
5.4208e+05
5.2345e+05
5.0496e+05
4.8664e+05
4.6851e+05
4.5062e+05
4.3298e+05
4.1564e+05
3.9861e+05
3.8191e+05
3.6558e+05
3.4964e+05
3.3409e+05
3.1897e+05
3.0428e+05
2.9004e+05
2.7626e+05
2.6295e+05
2.5012e+05
2.3778e+05
2.2593e+05
2.1458e+05
2.0371e+05
1.9335e+05
1.8347e+05
1.7409e+05
1.6519e+05
1.5676e+05
1.4881e+05
1.4132e+05
1.3428e+05
1.2767e+05
1.215e+05
1.1574e+05
1.1038e+05
1.0541e+05
1.0081e+05
96566
92659
89074
85795
82803
80083
77617
75387
73376
71569
69947
68495
67197
66037
65001
64074
63242
62492
61812
61189
60613
60073
59560
59064
58578
58094
57606
57107
56593
56059
55501
54917
54305
53661
52986
52279
51539
50768
49966
49135
48277
47393
46486
45559
44614
43656
42686
41709
40729
39747
38769
37796
36834
35885
34952
34039
33148
32282
31443
30634
29857
29113
28405
27733
27098
26501
25943
25424
24944
24502
24098
23731
23400
23103
22840
22609
22408
22235
22087
21964
21861
21778
21711
21658
21617
21584
21558
21536
21516
21494
21469
21439
21402
21355
21296
21225
21139
21037
20917
20779
20621
20444
20246
20026
19785
19523
19239
18934
18609
18263
17898
17514
17112
16694
16260
15813
15352
14880
14398
13907
13410
12907
12401
11892
11383
10876
10371
9869.9
9374.7
8886.6
8406.9
7936.9
7477.8
7030.7
6596.5
6176.3
5770.9
5381
5007.2
4650
4309.9
3987.2
3682
3394.4
3124.5
2872.2
2637.3
2419.4
2218.2
2033.3
1864.1
1710.1
1570.5
1444.6
1331.7
1230.9
1141.4
1062.3
992.65
931.52
877.97
831.04
789.78
753.24
720.5
690.64
662.77
636.03
609.59
582.67
554.52
524.44
491.77
455.92
416.33
372.5
324.01
270.46
211.53
146.94
76.483
0
