2.5534e+05
2.5871e+05
2.6209e+05
2.6547e+05
2.6885e+05
2.7223e+05
2.7562e+05
2.7899e+05
2.8237e+05
2.8574e+05
2.891e+05
2.9245e+05
2.9579e+05
2.9912e+05
3.0244e+05
3.0574e+05
3.0903e+05
3.123e+05
3.1555e+05
3.1878e+05
3.2199e+05
3.2518e+05
3.2835e+05
3.3149e+05
3.346e+05
3.3769e+05
3.4074e+05
3.4377e+05
3.4677e+05
3.4973e+05
3.5266e+05
3.5556e+05
3.5842e+05
3.6125e+05
3.6404e+05
3.6679e+05
3.695e+05
3.7217e+05
3.7479e+05
3.7738e+05
3.7992e+05
3.8242e+05
3.8488e+05
3.8728e+05
3.8965e+05
3.9196e+05
3.9423e+05
3.9644e+05
3.9861e+05
4.0073e+05
4.0279e+05
4.0481e+05
4.0677e+05
4.0868e+05
4.1054e+05
4.1234e+05
4.1409e+05
4.1578e+05
4.1741e+05
4.1899e+05
4.2052e+05
4.2198e+05
4.2339e+05
4.2474e+05
4.2604e+05
4.2727e+05
4.2845e+05
4.2957e+05
4.3062e+05
4.3162e+05
4.3256e+05
4.3344e+05
4.3426e+05
4.3502e+05
4.3572e+05
4.3636e+05
4.3693e+05
4.3745e+05
4.3791e+05
4.3831e+05
4.3865e+05
4.3892e+05
4.3914e+05
4.393e+05
4.394e+05
4.3944e+05
4.3942e+05
4.3934e+05
4.392e+05
4.39e+05
4.3875e+05
4.3844e+05
4.3807e+05
4.3764e+05
4.3716e+05
4.3662e+05
4.3603e+05
4.3538e+05
4.3468e+05
4.3392e+05
4.3311e+05
4.3225e+05
4.3133e+05
4.3036e+05
4.2935e+05
4.2828e+05
4.2716e+05
4.26e+05
4.2479e+05
4.2353e+05
4.2222e+05
4.2087e+05
4.1947e+05
4.1803e+05
4.1655e+05
4.1503e+05
4.1346e+05
4.1186e+05
4.1021e+05
4.0853e+05
4.0681e+05
4.0505e+05
4.0326e+05
4.0144e+05
3.9958e+05
3.9769e+05
3.9577e+05
3.9382e+05
3.9184e+05
3.8984e+05
3.878e+05
3.8575e+05
3.8366e+05
3.8156e+05
3.7943e+05
3.7728e+05
3.7511e+05
3.7292e+05
3.7072e+05
3.685e+05
3.6626e+05
3.6401e+05
3.6174e+05
3.5947e+05
3.5718e+05
3.5488e+05
3.5258e+05
3.5026e+05
3.4794e+05
3.4562e+05
3.4328e+05
3.4095e+05
3.3861e+05
3.3628e+05
3.3394e+05
3.316e+05
3.2926e+05
3.2693e+05
3.246e+05
3.2227e+05
3.1995e+05
3.1764e+05
3.1533e+05
3.1303e+05
3.1074e+05
3.0846e+05
3.0619e+05
3.0392e+05
3.0168e+05
2.9944e+05
2.9721e+05
2.95e+05
2.928e+05
2.9062e+05
2.8845e+05
2.863e+05
2.8416e+05
2.8204e+05
2.7994e+05
2.7786e+05
2.7579e+05
2.7374e+05
2.7171e+05
2.6969e+05
2.677e+05
2.6572e+05
2.6376e+05
2.6182e+05
2.5991e+05
2.58e+05
2.5612e+05
2.5426e+05
2.5242e+05
2.506e+05
2.4879e+05
2.47e+05
2.4524e+05
2.4349e+05
2.4176e+05
2.4004e+05
2.3835e+05
2.3667e+05
2.3501e+05
2.3336e+05
2.3173e+05
2.3012e+05
2.2852e+05
2.2693e+05
2.2536e+05
2.238e+05
2.2226e+05
2.2073e+05
2.1921e+05
2.177e+05
2.162e+05
2.1471e+05
2.1323e+05
2.1176e+05
2.1029e+05
2.0884e+05
2.0739e+05
2.0594e+05
2.045e+05
2.0307e+05
2.0163e+05
2.002e+05
1.9877e+05
1.9734e+05
1.9592e+05
1.9449e+05
1.9306e+05
1.9163e+05
1.9019e+05
1.8875e+05
1.8731e+05
1.8586e+05
1.8441e+05
1.8295e+05
1.8148e+05
1.8e+05
1.7852e+05
1.7702e+05
1.7552e+05
1.74e+05
1.7248e+05
1.7094e+05
1.6939e+05
1.6783e+05
1.6625e+05
1.6466e+05
1.6306e+05
1.6144e+05
1.5981e+05
1.5816e+05
1.565e+05
1.5482e+05
1.5313e+05
1.5142e+05
1.4969e+05
1.4795e+05
1.4619e+05
1.4441e+05
1.4262e+05
1.4081e+05
1.3898e+05
1.3714e+05
1.3529e+05
1.3342e+05
1.3153e+05
1.2963e+05
1.2771e+05
1.2578e+05
1.2384e+05
1.2189e+05
1.1992e+05
1.1794e+05
1.1595e+05
1.1395e+05
1.1194e+05
1.0993e+05
1.079e+05
1.0587e+05
1.0384e+05
1.018e+05
99756
97712
95667
93623
91581
89543
87509
85482
83463
81453
79455
77469
75498
73543
71606
69689
67793
65922
64076
62257
60469
58711
56988
55300
53651
52041
50474
48951
47475
46047
44671
43349
42082
40872
39724
38638
37616
36662
35778
34965
34226
33564
32980
32477
32058
31724
31477
31320
31256
31286
31412
31636
31961
32388
32920
33559
34306
35163
36133
37216
38415
39732
41167
42723
44401
46203
48130
50184
52365
54674
57114
59685
62389
65225
68195
71300
74541
77917
81431
85081
88869
92795
96859
1.0106e+05
1.054e+05
1.0988e+05
1.145e+05
1.1925e+05
1.2414e+05
1.2917e+05
1.3434e+05
1.3964e+05
1.4508e+05
1.5066e+05
1.5636e+05
1.622e+05
1.6818e+05
1.7428e+05
1.8051e+05
1.8687e+05
1.9336e+05
1.9998e+05
2.0672e+05
2.1358e+05
2.2056e+05
2.2766e+05
2.3488e+05
2.4221e+05
2.4965e+05
2.5721e+05
2.6487e+05
2.7264e+05
2.8052e+05
2.8849e+05
2.9656e+05
3.0473e+05
3.1299e+05
3.2135e+05
3.2978e+05
3.3831e+05
3.4691e+05
3.556e+05
3.6435e+05
3.7318e+05
3.8208e+05
3.9104e+05
4.0007e+05
4.0915e+05
4.1828e+05
4.2747e+05
4.367e+05
4.4598e+05
4.553e+05
4.6465e+05
4.7404e+05
4.8345e+05
4.9288e+05
5.0234e+05
5.1181e+05
5.213e+05
5.3079e+05
5.4029e+05
5.4978e+05
5.5928e+05
5.6876e+05
5.7823e+05
5.8768e+05
5.9711e+05
6.0652e+05
6.159e+05
6.2524e+05
6.3455e+05
6.4381e+05
6.5302e+05
6.6219e+05
6.713e+05
6.8035e+05
6.8934e+05
6.9826e+05
7.0711e+05
7.1588e+05
7.2457e+05
7.3318e+05
7.417e+05
7.5013e+05
7.5847e+05
7.667e+05
7.7483e+05
7.8285e+05
7.9077e+05
7.9856e+05
8.0624e+05
8.138e+05
8.2123e+05
8.2853e+05
8.357e+05
8.4273e+05
8.4963e+05
8.5638e+05
8.6298e+05
8.6944e+05
8.7574e+05
8.8189e+05
8.8789e+05
8.9372e+05
8.9939e+05
9.0489e+05
9.1022e+05
9.1539e+05
9.2038e+05
9.2519e+05
9.2983e+05
9.3428e+05
9.3856e+05
9.4265e+05
9.4656e+05
9.5027e+05
9.538e+05
9.5714e+05
9.6029e+05
9.6324e+05
9.66e+05
9.6856e+05
9.7093e+05
9.731e+05
9.7507e+05
9.7684e+05
9.7841e+05
9.7978e+05
9.8095e+05
9.8192e+05
9.8269e+05
9.8325e+05
9.8361e+05
9.8378e+05
9.8374e+05
9.835e+05
9.8306e+05
9.8242e+05
9.8158e+05
9.8054e+05
9.793e+05
9.7786e+05
9.7623e+05
9.7441e+05
9.7238e+05
9.7017e+05
9.6777e+05
9.6517e+05
9.6239e+05
9.5942e+05
9.5626e+05
9.5292e+05
9.494e+05
9.457e+05
9.4183e+05
9.3777e+05
9.3355e+05
9.2915e+05
9.2459e+05
9.1986e+05
9.1496e+05
9.0991e+05
9.0469e+05
8.9932e+05
8.938e+05
8.8813e+05
8.8231e+05
8.7634e+05
8.7024e+05
8.6399e+05
8.5761e+05
8.511e+05
8.4446e+05
8.377e+05
8.3081e+05
8.2381e+05
8.1669e+05
8.0946e+05
8.0211e+05
7.9467e+05
7.8712e+05
7.7948e+05
7.7174e+05
7.6391e+05
7.5599e+05
7.4799e+05
7.3991e+05
7.3175e+05
7.2352e+05
7.1522e+05
7.0685e+05
6.9843e+05
6.8995e+05
6.8141e+05
6.7282e+05
6.6418e+05
6.5551e+05
6.4679e+05
6.3804e+05
6.2925e+05
6.2044e+05
6.116e+05
6.0274e+05
5.9386e+05
5.8497e+05
5.7607e+05
5.6716e+05
5.5824e+05
5.4933e+05
5.4042e+05
5.3152e+05
5.2262e+05
5.1374e+05
5.0488e+05
4.9603e+05
4.8721e+05
4.7842e+05
4.6965e+05
4.6092e+05
4.5222e+05
4.4356e+05
4.3494e+05
4.2636e+05
4.1783e+05
4.0935e+05
4.0092e+05
3.9254e+05
3.8423e+05
3.7597e+05
3.6777e+05
3.5964e+05
3.5158e+05
3.4358e+05
3.3565e+05
3.278e+05
3.2003e+05
3.1233e+05
3.0471e+05
2.9717e+05
2.8971e+05
2.8234e+05
2.7505e+05
2.6785e+05
2.6074e+05
2.5373e+05
2.468e+05
2.3997e+05
2.3323e+05
2.2658e+05
2.2004e+05
2.1359e+05
2.0724e+05
2.0099e+05
1.9484e+05
1.888e+05
1.8285e+05
1.7701e+05
1.7127e+05
1.6563e+05
1.601e+05
1.5467e+05
1.4935e+05
1.4413e+05
1.3902e+05
1.3401e+05
1.2911e+05
1.2431e+05
1.1962e+05
1.1504e+05
1.1056e+05
1.0618e+05
1.0191e+05
97738
93673
89711
85852
82095
78439
74884
71429
68073
64815
61655
58591
55624
52750
49971
47284
44688
42183
39767
37439
35198
33042
30971
28982
27075
25248
23499
21828
20233
18712
17264
15888
14581
13343
12171
11065
10023
9043
8123.5
7263
6459.9
5712.7
5019.7
4379.3
3790
3250.1
2758
2312.2
1911.1
1553
1236.5
959.91
721.7
520.31
354.21
221.87
121.78
52.426
12.324
0
13.996
52.871
115.2
199.58
304.63
428.97
571.26
730.18
904.42
1092.7
1293.8
1506.4
1729.3
1961.4
2201.5
2448.5
2701.2
2958.5
3219.5
3483
3748.1
4013.7
4279
4543.1
4804.9
5063.8
5318.7
5569
5813.8
6052.3
6284
6508
6723.7
6930.5
7127.7
7314.9
7491.3
7656.6
7810.1
7951.5
8080.3
8196.1
8298.5
8387.1
8461.6
