15539
19099
22884
26890
31111
35541
40175
45005
50024
55224
60596
66134
71827
77667
83643
89746
95966
1.0229e+05
1.0872e+05
1.1522e+05
1.2181e+05
1.2845e+05
1.3515e+05
1.4189e+05
1.4865e+05
1.5544e+05
1.6223e+05
1.6902e+05
1.7579e+05
1.8253e+05
1.8924e+05
1.959e+05
2.025e+05
2.0902e+05
2.1547e+05
2.2183e+05
2.2808e+05
2.3422e+05
2.4024e+05
2.4614e+05
2.5189e+05
2.575e+05
2.6295e+05
2.6824e+05
2.7336e+05
2.7831e+05
2.8306e+05
2.8763e+05
2.9201e+05
2.9618e+05
3.0014e+05
3.039e+05
3.0744e+05
3.1076e+05
3.1386e+05
3.1674e+05
3.1939e+05
3.2182e+05
3.2401e+05
3.2597e+05
3.2771e+05
3.2921e+05
3.3049e+05
3.3153e+05
3.3235e+05
3.3294e+05
3.3331e+05
3.3346e+05
3.3339e+05
3.331e+05
3.3261e+05
3.319e+05
3.31e+05
3.299e+05
3.2861e+05
3.2713e+05
3.2547e+05
3.2363e+05
3.2163e+05
3.1947e+05
3.1715e+05
3.1468e+05
3.1207e+05
3.0933e+05
3.0646e+05
3.0347e+05
3.0037e+05
2.9717e+05
2.9388e+05
2.905e+05
2.8704e+05
2.8351e+05
2.7992e+05
2.7627e+05
2.7258e+05
2.6885e+05
2.651e+05
2.6132e+05
2.5753e+05
2.5374e+05
2.4995e+05
2.4617e+05
2.4241e+05
2.3867e+05
2.3497e+05
2.3131e+05
2.277e+05
2.2414e+05
2.2065e+05
2.1722e+05
2.1386e+05
2.1058e+05
2.0739e+05
2.0429e+05
2.0129e+05
1.9838e+05
1.9558e+05
1.9289e+05
1.9032e+05
1.8786e+05
1.8552e+05
1.833e+05
1.8121e+05
1.7925e+05
1.7742e+05
1.7572e+05
1.7415e+05
1.7272e+05
1.7143e+05
1.7027e+05
1.6924e+05
1.6836e+05
1.676e+05
1.6699e+05
1.665e+05
1.6615e+05
1.6593e+05
1.6583e+05
1.6586e+05
1.6602e+05
1.6629e+05
1.6669e+05
1.6719e+05
1.6781e+05
1.6853e+05
1.6936e+05
1.7028e+05
1.713e+05
1.724e+05
1.7359e+05
1.7486e+05
1.762e+05
1.7761e+05
1.7909e+05
1.8062e+05
1.822e+05
1.8383e+05
1.855e+05
1.8721e+05
1.8894e+05
1.907e+05
1.9248e+05
1.9426e+05
1.9605e+05
1.9785e+05
1.9963e+05
2.0141e+05
2.0317e+05
2.049e+05
2.0661e+05
2.0828e+05
2.0992e+05
2.1151e+05
2.1306e+05
2.1455e+05
2.1598e+05
2.1736e+05
2.1866e+05
2.199e+05
2.2107e+05
2.2216e+05
2.2317e+05
2.2409e+05
2.2493e+05
2.2568e+05
2.2634e+05
2.2691e+05
2.2739e+05
2.2777e+05
2.2805e+05
2.2823e+05
2.2832e+05
2.283e+05
2.2818e+05
2.2797e+05
2.2765e+05
2.2724e+05
2.2673e+05
2.2612e+05
2.2541e+05
2.246e+05
2.2371e+05
2.2272e+05
2.2163e+05
2.2047e+05
2.1921e+05
2.1787e+05
2.1645e+05
2.1495e+05
2.1337e+05
2.1172e+05
2.1e+05
2.0821e+05
2.0636e+05
2.0445e+05
2.0248e+05
2.0045e+05
1.9837e+05
1.9625e+05
1.9407e+05
1.9186e+05
1.8961e+05
1.8732e+05
1.8501e+05
1.8266e+05
1.8029e+05
1.7789e+05
1.7548e+05
1.7305e+05
1.706e+05
1.6814e+05
1.6568e+05
1.632e+05
1.6073e+05
1.5825e+05
1.5577e+05
1.5329e+05
1.5082e+05
1.4835e+05
1.4589e+05
1.4344e+05
1.4099e+05
1.3856e+05
1.3614e+05
1.3373e+05
1.3134e+05
1.2896e+05
1.2659e+05
1.2424e+05
1.219e+05
1.1958e+05
1.1728e+05
1.1499e+05
1.1271e+05
1.1046e+05
1.0821e+05
1.0598e+05
1.0377e+05
1.0157e+05
99378
97203
95041
92891
90753
88627
86511
84406
82311
80226
78151
76085
74028
71981
69944
67916
65897
63890
61892
59906
57932
55970
54022
52089
50171
48269
46386
44523
42681
40862
39067
37298
35558
33849
32171
30528
28922
27355
25828
24346
22909
21520
20181
18895
17664
16491
15376
14323
13333
12408
11551
10762
10043
9396.4
8822.6
8322.9
7898.3
7549.6
7277.2
7081.5
6962.8
6920.9
6955.5
7066.2
7252.2
7512.6
7846
8251.1
8726.1
9269.1
9877.9
10550
11283
12074
12919
13816
14760
15749
16777
17842
18938
20061
21206
22369
23546
24730
25917
27101
28278
29443
30589
31713
32808
33871
34895
35876
36808
37689
38512
39274
39971
40599
41153
41632
42032
42350
42584
42732
42792
42763
42645
42437
42138
41750
41274
40710
40061
39329
38517
37629
36667
35638
34545
33394
32190
30941
29652
28332
26988
25628
24261
22896
21543
20211
18911
17653
16448
15307
14242
13265
12387
11620
10978
10472
10114
9918.3
9896.1
10060
10424
10998
11797
12831
14113
15655
17468
19563
21951
24643
27648
30977
34638
38640
42992
47700
52772
58213
64030
70228
76811
83782
91143
98899
1.0705e+05
1.1559e+05
1.2453e+05
1.3386e+05
1.4358e+05
1.5369e+05
1.6419e+05
1.7506e+05
1.8631e+05
1.9793e+05
2.0991e+05
2.2224e+05
2.3491e+05
2.4792e+05
2.6125e+05
2.7489e+05
2.8884e+05
3.0307e+05
3.1757e+05
3.3233e+05
3.4734e+05
3.6257e+05
3.7802e+05
3.9366e+05
4.0947e+05
4.2545e+05
4.4156e+05
4.578e+05
4.7413e+05
4.9055e+05
5.0703e+05
5.2354e+05
5.4007e+05
5.566e+05
5.7311e+05
5.8956e+05
6.0595e+05
6.2225e+05
6.3843e+05
6.5448e+05
6.7037e+05
6.8608e+05
7.0159e+05
7.1687e+05
7.3192e+05
7.4669e+05
7.6118e+05
7.7537e+05
7.8923e+05
8.0274e+05
8.1589e+05
8.2865e+05
8.4101e+05
8.5295e+05
8.6446e+05
8.7551e+05
8.8609e+05
8.962e+05
9.058e+05
9.149e+05
9.2347e+05
9.3151e+05
9.3901e+05
9.4595e+05
9.5232e+05
9.5813e+05
9.6336e+05
9.68e+05
9.7205e+05
9.7551e+05
9.7836e+05
9.8062e+05
9.8228e+05
9.8333e+05
9.8378e+05
9.8362e+05
9.8287e+05
9.8153e+05
9.7959e+05
9.7706e+05
9.7395e+05
9.7027e+05
9.6602e+05
9.6121e+05
9.5585e+05
9.4995e+05
9.4352e+05
9.3657e+05
9.2912e+05
9.2117e+05
9.1275e+05
9.0385e+05
8.9451e+05
8.8473e+05
8.7453e+05
8.6393e+05
8.5293e+05
8.4157e+05
8.2985e+05
8.178e+05
8.0543e+05
7.9275e+05
7.798e+05
7.6658e+05
7.5312e+05
7.3943e+05
7.2554e+05
7.1146e+05
6.9721e+05
6.828e+05
6.6827e+05
6.5363e+05
6.3889e+05
6.2408e+05
6.0921e+05
5.943e+05
5.7936e+05
5.6443e+05
5.4951e+05
5.3461e+05
5.1977e+05
5.0498e+05
4.9028e+05
4.7566e+05
4.6116e+05
4.4677e+05
4.3252e+05
4.1842e+05
4.0448e+05
3.9072e+05
3.7714e+05
3.6375e+05
3.5057e+05
3.3761e+05
3.2488e+05
3.1238e+05
3.0012e+05
2.8811e+05
2.7635e+05
2.6487e+05
2.5364e+05
2.427e+05
2.3203e+05
2.2165e+05
2.1155e+05
2.0174e+05
1.9222e+05
1.8299e+05
1.7406e+05
1.6542e+05
1.5708e+05
1.4903e+05
1.4127e+05
1.3381e+05
1.2664e+05
1.1975e+05
1.1315e+05
1.0684e+05
1.008e+05
95042
89552
84330
79370
74667
70216
66011
62047
58317
54815
51534
48469
45613
42958
40497
38225
36133
34214
32462
30869
29428
28131
26972
25944
25039
24251
23572
22997
22517
22127
21821
21591
21432
21338
21303
21321
21387
21495
21641
21819
22026
22255
22504
22767
23041
23322
23607
23892
24174
24451
24719
24976
25220
25449
25661
25853
26025
26175
26301
26404
26481
26533
26558
26556
26527
26471
26387
26277
26139
25975
25784
25568
25326
25060
24770
24458
24123
23768
23393
22998
22586
22157
21713
21254
20783
20299
19805
19301
18789
18270
17745
17216
16683
16148
15612
15075
14540
14007
13478
12952
12431
11916
11408
10908
10416
9932.5
9459
8995.8
8543.5
8102.5
7673.3
7256.3
6851.9
6460.4
6082
5717
5365.4
5027.5
4703.2
4392.7
4095.8
3812.5
3542.8
3286.4
3043.1
2812.8
2595.1
2389.9
2196.6
2015.1
1844.9
1685.6
1536.7
1397.9
1268.5
1148.2
1036.3
932.49
836.06
746.5
663.26
585.76
513.42
445.68
381.94
321.64
264.19
209.02
155.57
103.29
51.607
0
