1.7645e+05
1.7932e+05
1.8224e+05
1.852e+05
1.882e+05
1.9124e+05
1.9431e+05
1.9742e+05
2.0057e+05
2.0374e+05
2.0694e+05
2.1016e+05
2.1341e+05
2.1668e+05
2.1996e+05
2.2326e+05
2.2657e+05
2.299e+05
2.3322e+05
2.3656e+05
2.3989e+05
2.4323e+05
2.4656e+05
2.4989e+05
2.5321e+05
2.5652e+05
2.5981e+05
2.6309e+05
2.6635e+05
2.6959e+05
2.7281e+05
2.76e+05
2.7917e+05
2.823e+05
2.8541e+05
2.8847e+05
2.9151e+05
2.945e+05
2.9745e+05
3.0036e+05
3.0323e+05
3.0605e+05
3.0882e+05
3.1154e+05
3.1421e+05
3.1683e+05
3.1939e+05
3.219e+05
3.2435e+05
3.2674e+05
3.2907e+05
3.3134e+05
3.3354e+05
3.3569e+05
3.3777e+05
3.3978e+05
3.4173e+05
3.4361e+05
3.4543e+05
3.4718e+05
3.4886e+05
3.5047e+05
3.5202e+05
3.5349e+05
3.549e+05
3.5624e+05
3.5751e+05
3.5871e+05
3.5985e+05
3.6091e+05
3.6191e+05
3.6285e+05
3.6371e+05
3.6452e+05
3.6525e+05
3.6592e+05
3.6653e+05
3.6708e+05
3.6756e+05
3.6799e+05
3.6835e+05
3.6866e+05
3.6891e+05
3.691e+05
3.6924e+05
3.6933e+05
3.6936e+05
3.6935e+05
3.6928e+05
3.6916e+05
3.69e+05
3.688e+05
3.6855e+05
3.6826e+05
3.6793e+05
3.6755e+05
3.6715e+05
3.667e+05
3.6622e+05
3.6571e+05
3.6517e+05
3.646e+05
3.64e+05
3.6337e+05
3.6272e+05
3.6205e+05
3.6135e+05
3.6063e+05
3.5989e+05
3.5914e+05
3.5836e+05
3.5757e+05
3.5677e+05
3.5596e+05
3.5513e+05
3.5429e+05
3.5344e+05
3.5259e+05
3.5172e+05
3.5085e+05
3.4997e+05
3.4909e+05
3.482e+05
3.4731e+05
3.4642e+05
3.4552e+05
3.4462e+05
3.4372e+05
3.4282e+05
3.4192e+05
3.4101e+05
3.4011e+05
3.392e+05
3.383e+05
3.3739e+05
3.3649e+05
3.3558e+05
3.3468e+05
3.3377e+05
3.3286e+05
3.3195e+05
3.3104e+05
3.3013e+05
3.2921e+05
3.2829e+05
3.2736e+05
3.2643e+05
3.255e+05
3.2456e+05
3.2361e+05
3.2266e+05
3.217e+05
3.2073e+05
3.1974e+05
3.1875e+05
3.1775e+05
3.1673e+05
3.157e+05
3.1465e+05
3.1359e+05
3.1252e+05
3.1142e+05
3.1031e+05
3.0917e+05
3.0802e+05
3.0684e+05
3.0565e+05
3.0442e+05
3.0318e+05
3.0191e+05
3.0061e+05
2.9929e+05
2.9793e+05
2.9655e+05
2.9514e+05
2.937e+05
2.9223e+05
2.9073e+05
2.892e+05
2.8763e+05
2.8603e+05
2.844e+05
2.8274e+05
2.8104e+05
2.793e+05
2.7753e+05
2.7573e+05
2.7389e+05
2.7202e+05
2.7011e+05
2.6817e+05
2.662e+05
2.6419e+05
2.6214e+05
2.6006e+05
2.5795e+05
2.5581e+05
2.5364e+05
2.5143e+05
2.492e+05
2.4693e+05
2.4464e+05
2.4231e+05
2.3997e+05
2.3759e+05
2.3519e+05
2.3277e+05
2.3032e+05
2.2786e+05
2.2537e+05
2.2287e+05
2.2035e+05
2.1781e+05
2.1526e+05
2.127e+05
2.1013e+05
2.0755e+05
2.0496e+05
2.0237e+05
1.9977e+05
1.9717e+05
1.9457e+05
1.9197e+05
1.8938e+05
1.8679e+05
1.8421e+05
1.8163e+05
1.7907e+05
1.7652e+05
1.7399e+05
1.7147e+05
1.6897e+05
1.6648e+05
1.6402e+05
1.6159e+05
1.5918e+05
1.5679e+05
1.5444e+05
1.5211e+05
1.4981e+05
1.4755e+05
1.4532e+05
1.4313e+05
1.4098e+05
1.3886e+05
1.3679e+05
1.3475e+05
1.3275e+05
1.308e+05
1.289e+05
1.2703e+05
1.2521e+05
1.2344e+05
1.2172e+05
1.2004e+05
1.1841e+05
1.1683e+05
1.1529e+05
1.1381e+05
1.1237e+05
1.1098e+05
1.0964e+05
1.0834e+05
1.071e+05
1.059e+05
1.0475e+05
1.0365e+05
1.0259e+05
1.0157e+05
1.006e+05
99678
98794
97951
97148
96384
95657
94966
94310
93686
93095
92532
91998
91490
91006
90545
90104
89682
89276
88884
88505
88137
87776
87421
87070
86721
86372
86020
85663
85299
84926
84543
84146
83734
83305
82857
82389
81897
81382
80840
80270
79672
79042
78381
77686
76957
76192
75390
74551
73674
72758
71803
70807
69772
68696
67580
66424
65227
63991
62716
61403
60052
58664
57241
55784
54293
52771
51219
49639
48034
46404
44753
43082
41395
39694
37982
36262
34536
32809
31082
29361
27649
25948
24264
22599
20959
19347
17767
16223
14721
13264
11857
10505
9212.2
7983.5
6823.6
5737.3
4729.5
3805.1
2969
2226.1
1581.2
1039.4
605.43
284.33
80.9
0
46.426
224.94
540.23
996.96
1599.7
2352.9
3261.1
4328.6
5559.5
6958
8528.1
10274
12199
14307
16601
19085
21762
24635
27707
30981
34458
38142
42035
46138
50454
54983
59728
64689
69867
75264
80879
86712
92765
99036
1.0552e+05
1.1223e+05
1.1915e+05
1.2629e+05
1.3365e+05
1.4121e+05
1.4899e+05
1.5697e+05
1.6516e+05
1.7355e+05
1.8215e+05
1.9094e+05
1.9993e+05
2.091e+05
2.1847e+05
2.2801e+05
2.3774e+05
2.4764e+05
2.5771e+05
2.6794e+05
2.7833e+05
2.8888e+05
2.9958e+05
3.1042e+05
3.2139e+05
3.325e+05
3.4373e+05
3.5508e+05
3.6654e+05
3.781e+05
3.8977e+05
4.0152e+05
4.1336e+05
4.2527e+05
4.3725e+05
4.4929e+05
4.6138e+05
4.7351e+05
4.8569e+05
4.9789e+05
5.1011e+05
5.2234e+05
5.3458e+05
5.4681e+05
5.5903e+05
5.7123e+05
5.8339e+05
5.9552e+05
6.076e+05
6.1962e+05
6.3158e+05
6.4346e+05
6.5527e+05
6.6698e+05
6.7859e+05
6.9009e+05
7.0148e+05
7.1275e+05
7.2388e+05
7.3487e+05
7.4571e+05
7.564e+05
7.6692e+05
7.7726e+05
7.8743e+05
7.9741e+05
8.072e+05
8.1678e+05
8.2615e+05
8.3531e+05
8.4424e+05
8.5295e+05
8.6142e+05
8.6964e+05
8.7762e+05
8.8535e+05
8.9281e+05
9.0001e+05
9.0695e+05
9.136e+05
9.1998e+05
9.2607e+05
9.3187e+05
9.3739e+05
9.426e+05
9.4752e+05
9.5213e+05
9.5644e+05
9.6044e+05
9.6413e+05
9.6751e+05
9.7057e+05
9.7332e+05
9.7575e+05
9.7785e+05
9.7964e+05
9.8111e+05
9.8226e+05
9.8309e+05
9.8359e+05
9.8378e+05
9.8364e+05
9.8319e+05
9.8242e+05
9.8133e+05
9.7993e+05
9.7822e+05
9.762e+05
9.7387e+05
9.7124e+05
9.683e+05
9.6507e+05
9.6154e+05
9.5772e+05
9.5361e+05
9.4922e+05
9.4455e+05
9.396e+05
9.3439e+05
9.2891e+05
9.2317e+05
9.1717e+05
9.1093e+05
9.0444e+05
8.9771e+05
8.9075e+05
8.8357e+05
8.7616e+05
8.6855e+05
8.6072e+05
8.5269e+05
8.4447e+05
8.3607e+05
8.2748e+05
8.1872e+05
8.0979e+05
8.007e+05
7.9146e+05
7.8208e+05
7.7255e+05
7.629e+05
7.5313e+05
7.4324e+05
7.3324e+05
7.2314e+05
7.1294e+05
7.0266e+05
6.923e+05
6.8187e+05
6.7138e+05
6.6083e+05
6.5023e+05
6.3959e+05
6.2891e+05
6.182e+05
6.0748e+05
5.9674e+05
5.8599e+05
5.7525e+05
5.6451e+05
5.5378e+05
5.4307e+05
5.3239e+05
5.2174e+05
5.1113e+05
5.0057e+05
4.9005e+05
4.796e+05
4.692e+05
4.5887e+05
4.4862e+05
4.3844e+05
4.2835e+05
4.1834e+05
4.0843e+05
3.9862e+05
3.8891e+05
3.7931e+05
3.6981e+05
3.6044e+05
3.5118e+05
3.4204e+05
3.3303e+05
3.2415e+05
3.154e+05
3.0679e+05
2.9831e+05
2.8998e+05
2.8178e+05
2.7374e+05
2.6584e+05
2.5809e+05
2.5049e+05
2.4305e+05
2.3576e+05
2.2862e+05
2.2164e+05
2.1482e+05
2.0816e+05
2.0165e+05
1.9531e+05
1.8913e+05
1.831e+05
1.7724e+05
1.7153e+05
1.6598e+05
1.606e+05
1.5537e+05
1.503e+05
1.4538e+05
1.4062e+05
1.3602e+05
1.3157e+05
1.2727e+05
1.2312e+05
1.1912e+05
1.1527e+05
1.1156e+05
1.08e+05
1.0458e+05
1.013e+05
98154
95145
92269
89524
86906
84415
82046
79798
77668
75652
73749
71955
70268
68684
67201
65816
64525
63327
62217
61194
60253
59392
58608
57898
57260
56689
56183
55740
55355
55027
54753
54529
54354
54223
54135
54087
54076
54099
54155
54240
54352
54489
54649
54828
55026
55239
55466
55705
55954
56210
56472
56738
57007
57276
57544
57810
58073
58330
58580
58822
59056
59279
59491
59691
59877
60049
60206
60348
60473
60581
60671
60743
60796
60830
60845
60840
60815
60770
60704
60617
60511
60383
60235
60066
59876
59667
59437
59187
58918
58629
58321
57994
57649
57286
56905
56507
56093
55662
55216
54754
54278
53787
53283
52766
52237
51696
51144
50581
50008
49426
48835
