6.3781e+05
6.395e+05
6.4108e+05
6.4253e+05
6.4387e+05
6.451e+05
6.4621e+05
6.472e+05
6.4809e+05
6.4885e+05
6.4951e+05
6.5006e+05
6.5049e+05
6.5082e+05
6.5103e+05
6.5114e+05
6.5115e+05
6.5105e+05
6.5084e+05
6.5053e+05
6.5012e+05
6.4961e+05
6.49e+05
6.4829e+05
6.4749e+05
6.4659e+05
6.456e+05
6.4452e+05
6.4335e+05
6.4209e+05
6.4074e+05
6.3931e+05
6.3779e+05
6.362e+05
6.3452e+05
6.3276e+05
6.3093e+05
6.2903e+05
6.2705e+05
6.2499e+05
6.2287e+05
6.2069e+05
6.1843e+05
6.1612e+05
6.1374e+05
6.113e+05
6.088e+05
6.0625e+05
6.0364e+05
6.0098e+05
5.9827e+05
5.9551e+05
5.927e+05
5.8985e+05
5.8695e+05
5.8402e+05
5.8104e+05
5.7803e+05
5.7498e+05
5.7189e+05
5.6877e+05
5.6563e+05
5.6245e+05
5.5925e+05
5.5602e+05
5.5277e+05
5.4949e+05
5.462e+05
5.4288e+05
5.3955e+05
5.3621e+05
5.3285e+05
5.2947e+05
5.2609e+05
5.227e+05
5.193e+05
5.1589e+05
5.1248e+05
5.0906e+05
5.0564e+05
5.0222e+05
4.988e+05
4.9539e+05
4.9197e+05
4.8856e+05
4.8516e+05
4.8176e+05
4.7836e+05
4.7498e+05
4.7161e+05
4.6824e+05
4.6489e+05
4.6155e+05
4.5822e+05
4.5491e+05
4.5161e+05
4.4833e+05
4.4507e+05
4.4182e+05
4.3859e+05
4.3537e+05
4.3218e+05
4.2901e+05
4.2585e+05
4.2272e+05
4.1961e+05
4.1652e+05
4.1345e+05
4.1041e+05
4.0739e+05
4.0439e+05
4.0141e+05
3.9846e+05
3.9553e+05
3.9263e+05
3.8975e+05
3.8689e+05
3.8406e+05
3.8125e+05
3.7847e+05
3.7571e+05
3.7298e+05
3.7027e+05
3.6758e+05
3.6492e+05
3.6229e+05
3.5967e+05
3.5709e+05
3.5452e+05
3.5198e+05
3.4946e+05
3.4696e+05
3.4449e+05
3.4204e+05
3.3961e+05
3.372e+05
3.3481e+05
3.3244e+05
3.301e+05
3.2777e+05
3.2546e+05
3.2317e+05
3.209e+05
3.1865e+05
3.1642e+05
3.142e+05
3.12e+05
3.0981e+05
3.0764e+05
3.0549e+05
3.0335e+05
3.0122e+05
2.9911e+05
2.97e+05
2.9492e+05
2.9284e+05
2.9077e+05
2.8872e+05
2.8667e+05
2.8463e+05
2.826e+05
2.8058e+05
2.7857e+05
2.7657e+05
2.7457e+05
2.7257e+05
2.7058e+05
2.686e+05
2.6662e+05
2.6464e+05
2.6267e+05
2.607e+05
2.5873e+05
2.5677e+05
2.548e+05
2.5284e+05
2.5087e+05
2.4891e+05
2.4694e+05
2.4498e+05
2.4301e+05
2.4104e+05
2.3907e+05
2.3709e+05
2.3511e+05
2.3313e+05
2.3115e+05
2.2916e+05
2.2717e+05
2.2517e+05
2.2317e+05
2.2117e+05
2.1916e+05
2.1714e+05
2.1512e+05
2.1309e+05
2.1106e+05
2.0903e+05
2.0698e+05
2.0494e+05
2.0288e+05
2.0082e+05
1.9876e+05
1.9669e+05
1.9461e+05
1.9253e+05
1.9045e+05
1.8836e+05
1.8627e+05
1.8417e+05
1.8206e+05
1.7996e+05
1.7785e+05
1.7573e+05
1.7362e+05
1.715e+05
1.6938e+05
1.6725e+05
1.6513e+05
1.6301e+05
1.6088e+05
1.5876e+05
1.5663e+05
1.5451e+05
1.5239e+05
1.5027e+05
1.4815e+05
1.4604e+05
1.4394e+05
1.4183e+05
1.3974e+05
1.3765e+05
1.3557e+05
1.3349e+05
1.3143e+05
1.2937e+05
1.2733e+05
1.253e+05
1.2328e+05
1.2127e+05
1.1928e+05
1.173e+05
1.1534e+05
1.134e+05
1.1147e+05
1.0956e+05
1.0768e+05
1.0581e+05
1.0397e+05
1.0215e+05
1.0035e+05
98584
96841
95124
93437
91779
90152
88558
86996
85469
83977
82522
81104
79726
78387
77090
75835
74624
73457
72336
71263
70237
69261
68336
67462
66641
65874
65162
64506
63907
63367
62886
62466
62107
61811
61579
61411
61310
61275
61307
61409
61580
61822
62135
62520
62979
63512
64120
64804
65564
66402
67318
68313
69387
70541
71776
73093
74491
75972
77537
79185
80917
82734
84636
86623
88696
90855
93101
95433
97852
1.0036e+05
1.0295e+05
1.0563e+05
1.084e+05
1.1126e+05
1.142e+05
1.1724e+05
1.2036e+05
1.2356e+05
1.2686e+05
1.3024e+05
1.3371e+05
1.3727e+05
1.4091e+05
1.4464e+05
1.4846e+05
1.5236e+05
1.5635e+05
1.6042e+05
1.6458e+05
1.6883e+05
1.7315e+05
1.7756e+05
1.8206e+05
1.8663e+05
1.9129e+05
1.9603e+05
2.0085e+05
2.0574e+05
2.1072e+05
2.1577e+05
2.209e+05
2.2611e+05
2.3139e+05
2.3675e+05
2.4218e+05
2.4768e+05
2.5326e+05
2.589e+05
2.6461e+05
2.7039e+05
2.7624e+05
2.8216e+05
2.8813e+05
2.9418e+05
3.0028e+05
3.0644e+05
3.1266e+05
3.1895e+05
3.2528e+05
3.3168e+05
3.3812e+05
3.4462e+05
3.5117e+05
3.5777e+05
3.6441e+05
3.7111e+05
3.7784e+05
3.8462e+05
3.9144e+05
3.983e+05
4.052e+05
4.1214e+05
4.191e+05
4.2611e+05
4.3314e+05
4.402e+05
4.4729e+05
4.5441e+05
4.6155e+05
4.6871e+05
4.7589e+05
4.8309e+05
4.9031e+05
4.9754e+05
5.0478e+05
5.1204e+05
5.193e+05
5.2657e+05
5.3385e+05
5.4113e+05
5.4841e+05
5.5569e+05
5.6297e+05
5.7024e+05
5.775e+05
5.8476e+05
5.9201e+05
5.9924e+05
6.0646e+05
6.1366e+05
6.2085e+05
6.2801e+05
6.3515e+05
6.4227e+05
6.4936e+05
6.5642e+05
6.6346e+05
6.7046e+05
6.7742e+05
6.8435e+05
6.9124e+05
6.981e+05
7.0491e+05
7.1167e+05
7.1839e+05
7.2506e+05
7.3169e+05
7.3826e+05
7.4478e+05
7.5124e+05
7.5765e+05
7.64e+05
7.7029e+05
7.7652e+05
7.8268e+05
7.8878e+05
7.948e+05
8.0077e+05
8.0666e+05
8.1247e+05
8.1822e+05
8.2389e+05
8.2948e+05
8.3499e+05
8.4042e+05
8.4577e+05
8.5104e+05
8.5622e+05
8.6132e+05
8.6633e+05
8.7125e+05
8.7608e+05
8.8081e+05
8.8546e+05
8.9001e+05
8.9446e+05
8.9882e+05
9.0308e+05
9.0724e+05
9.113e+05
9.1526e+05
9.1912e+05
9.2287e+05
9.2652e+05
9.3006e+05
9.335e+05
9.3683e+05
9.4005e+05
9.4316e+05
9.4616e+05
9.4905e+05
9.5183e+05
9.545e+05
9.5705e+05
9.5949e+05
9.6182e+05
9.6403e+05
9.6613e+05
9.6811e+05
9.6997e+05
9.7172e+05
9.7335e+05
9.7487e+05
9.7626e+05
9.7754e+05
9.787e+05
9.7974e+05
9.8066e+05
9.8146e+05
9.8215e+05
9.8271e+05
9.8316e+05
9.8348e+05
9.8369e+05
9.8378e+05
9.8375e+05
9.8359e+05
9.8332e+05
9.8294e+05
9.8243e+05
9.8181e+05
9.8106e+05
9.802e+05
9.7922e+05
9.7813e+05
9.7692e+05
9.7559e+05
9.7415e+05
9.7259e+05
9.7092e+05
9.6914e+05
9.6724e+05
9.6523e+05
9.6311e+05
9.6087e+05
9.5853e+05
9.5608e+05
9.5351e+05
9.5084e+05
9.4807e+05
9.4518e+05
9.4219e+05
9.391e+05
9.359e+05
9.326e+05
9.292e+05
9.257e+05
9.221e+05
9.184e+05
9.1461e+05
9.1072e+05
9.0673e+05
9.0265e+05
8.9848e+05
8.9422e+05
8.8986e+05
8.8542e+05
8.809e+05
8.7628e+05
8.7158e+05
8.668e+05
8.6194e+05
8.5699e+05
8.5197e+05
8.4687e+05
8.4169e+05
8.3644e+05
8.3111e+05
8.2572e+05
8.2025e+05
8.1472e+05
8.0911e+05
8.0345e+05
7.9771e+05
7.9192e+05
7.8606e+05
7.8015e+05
7.7418e+05
7.6815e+05
7.6206e+05
7.5593e+05
7.4974e+05
7.4351e+05
7.3722e+05
7.3089e+05
7.2451e+05
7.181e+05
7.1164e+05
7.0514e+05
6.986e+05
6.9203e+05
6.8542e+05
6.7878e+05
6.721e+05
6.654e+05
6.5867e+05
6.5192e+05
6.4513e+05
6.3833e+05
6.3151e+05
6.2466e+05
6.178e+05
6.1092e+05
6.0403e+05
5.9712e+05
5.902e+05
5.8327e+05
5.7634e+05
5.6939e+05
5.6245e+05
5.555e+05
5.4854e+05
5.4159e+05
5.3464e+05
5.2769e+05
5.2074e+05
5.1381e+05
5.0688e+05
4.9995e+05
4.9304e+05
4.8614e+05
4.7926e+05
4.7239e+05
4.6553e+05
4.587e+05
4.5188e+05
4.4508e+05
4.3831e+05
4.3156e+05
4.2483e+05
4.1813e+05
4.1145e+05
4.0481e+05
3.9819e+05
3.9161e+05
3.8506e+05
3.7854e+05
3.7205e+05
3.6561e+05
3.5919e+05
3.5282e+05
3.4649e+05
3.402e+05
3.3394e+05
3.2774e+05
3.2157e+05
3.1545e+05
3.0937e+05
3.0335e+05
2.9736e+05
2.9143e+05
2.8555e+05
2.7971e+05
2.7393e+05
2.682e+05
2.6252e+05
2.569e+05
2.5133e+05
2.4581e+05
2.4035e+05
2.3495e+05
2.296e+05
2.2431e+05
2.1908e+05
2.1391e+05
2.088e+05
2.0375e+05
1.9875e+05
1.9382e+05
1.8895e+05
1.8415e+05
1.794e+05
1.7472e+05
1.701e+05
1.6554e+05
1.6105e+05
1.5662e+05
1.5226e+05
1.4796e+05
1.4373e+05
1.3956e+05
1.3546e+05
1.3142e+05
1.2745e+05
1.2354e+05
1.197e+05
1.1593e+05
1.1222e+05
1.0858e+05
1.05e+05
1.0149e+05
98047
94669
91357
88111
84931
81816
78767
75783
72864
70011
67222
64497
61836
59240
56707
54237
51830
49485
47203
44983
42824
40726
38688
36711
34793
32934
31134
29392
27707
26080
24509
22994
21534
20129
18778
17480
16236
15043
13903
12813
11773
10783
9842.2
8949.3
8103.9
7305.3
6552.7
5845.5
5182.8
4564
3988.3
3454.9
2963.2
2512.2
2101.3
1729.6
1396.5
1101
842.53
620.14
433.09
280.58
161.82
76.003
22.331
0
8.2086
46.153
113.03
208.03
