1.8011e+05
1.8523e+05
1.9035e+05
1.9545e+05
2.0055e+05
2.0562e+05
2.1066e+05
2.1567e+05
2.2064e+05
2.2556e+05
2.3043e+05
2.3525e+05
2.4e+05
2.4468e+05
2.4929e+05
2.5382e+05
2.5827e+05
2.6263e+05
2.6689e+05
2.7106e+05
2.7514e+05
2.791e+05
2.8296e+05
2.8671e+05
2.9035e+05
2.9387e+05
2.9727e+05
3.0055e+05
3.0371e+05
3.0675e+05
3.0965e+05
3.1243e+05
3.1509e+05
3.1761e+05
3.2001e+05
3.2227e+05
3.2441e+05
3.2642e+05
3.283e+05
3.3005e+05
3.3167e+05
3.3317e+05
3.3455e+05
3.358e+05
3.3694e+05
3.3795e+05
3.3885e+05
3.3964e+05
3.4031e+05
3.4088e+05
3.4134e+05
3.4171e+05
3.4197e+05
3.4214e+05
3.4222e+05
3.4221e+05
3.4211e+05
3.4194e+05
3.417e+05
3.4138e+05
3.4099e+05
3.4055e+05
3.4004e+05
3.3948e+05
3.3888e+05
3.3823e+05
3.3754e+05
3.3681e+05
3.3605e+05
3.3527e+05
3.3447e+05
3.3365e+05
3.3281e+05
3.3197e+05
3.3113e+05
3.3028e+05
3.2944e+05
3.2861e+05
3.278e+05
3.27e+05
3.2622e+05
3.2547e+05
3.2474e+05
3.2405e+05
3.2339e+05
3.2277e+05
3.2219e+05
3.2166e+05
3.2118e+05
3.2074e+05
3.2036e+05
3.2003e+05
3.1976e+05
3.1955e+05
3.194e+05
3.1932e+05
3.1929e+05
3.1933e+05
3.1944e+05
3.1962e+05
3.1986e+05
3.2017e+05
3.2055e+05
3.2099e+05
3.2151e+05
3.2209e+05
3.2274e+05
3.2346e+05
3.2425e+05
3.2509e+05
3.2601e+05
3.2699e+05
3.2802e+05
3.2912e+05
3.3028e+05
3.3149e+05
3.3275e+05
3.3407e+05
3.3543e+05
3.3685e+05
3.383e+05
3.398e+05
3.4133e+05
3.4291e+05
3.4451e+05
3.4614e+05
3.478e+05
3.4949e+05
3.5119e+05
3.529e+05
3.5463e+05
3.5637e+05
3.5812e+05
3.5987e+05
3.6161e+05
3.6335e+05
3.6508e+05
3.668e+05
3.685e+05
3.7019e+05
3.7184e+05
3.7348e+05
3.7508e+05
3.7665e+05
3.7818e+05
3.7967e+05
3.8112e+05
3.8251e+05
3.8386e+05
3.8516e+05
3.864e+05
3.8758e+05
3.887e+05
3.8975e+05
3.9074e+05
3.9166e+05
3.925e+05
3.9327e+05
3.9397e+05
3.9458e+05
3.9512e+05
3.9557e+05
3.9594e+05
3.9623e+05
3.9643e+05
3.9654e+05
3.9656e+05
3.965e+05
3.9634e+05
3.961e+05
3.9576e+05
3.9533e+05
3.9481e+05
3.942e+05
3.935e+05
3.9271e+05
3.9182e+05
3.9085e+05
3.8978e+05
3.8863e+05
3.8739e+05
3.8607e+05
3.8466e+05
3.8316e+05
3.8159e+05
3.7993e+05
3.7819e+05
3.7637e+05
3.7448e+05
3.7252e+05
3.7048e+05
3.6838e+05
3.662e+05
3.6396e+05
3.6166e+05
3.593e+05
3.5688e+05
3.5441e+05
3.5188e+05
3.493e+05
3.4668e+05
3.4401e+05
3.413e+05
3.3855e+05
3.3576e+05
3.3294e+05
3.3009e+05
3.2721e+05
3.2431e+05
3.2138e+05
3.1844e+05
3.1548e+05
3.125e+05
3.0951e+05
3.0651e+05
3.0351e+05
3.005e+05
2.9749e+05
2.9448e+05
2.9148e+05
2.8848e+05
2.8549e+05
2.8251e+05
2.7954e+05
2.7659e+05
2.7365e+05
2.7073e+05
2.6783e+05
2.6496e+05
2.621e+05
2.5927e+05
2.5647e+05
2.5369e+05
2.5094e+05
2.4822e+05
2.4554e+05
2.4288e+05
2.4026e+05
2.3766e+05
2.3511e+05
2.3258e+05
2.3009e+05
2.2764e+05
2.2522e+05
2.2283e+05
2.2048e+05
2.1816e+05
2.1588e+05
2.1363e+05
2.1142e+05
2.0924e+05
2.0709e+05
2.0497e+05
2.0288e+05
2.0082e+05
1.9879e+05
1.9679e+05
1.9482e+05
1.9287e+05
1.9095e+05
1.8904e+05
1.8716e+05
1.8531e+05
1.8346e+05
1.8164e+05
1.7983e+05
1.7804e+05
1.7626e+05
1.7449e+05
1.7273e+05
1.7098e+05
1.6923e+05
1.6749e+05
1.6575e+05
1.6401e+05
1.6227e+05
1.6053e+05
1.5878e+05
1.5703e+05
1.5527e+05
1.535e+05
1.5172e+05
1.4993e+05
1.4812e+05
1.463e+05
1.4447e+05
1.4261e+05
1.4074e+05
1.3885e+05
1.3693e+05
1.35e+05
1.3304e+05
1.3106e+05
1.2906e+05
1.2702e+05
1.2497e+05
1.2289e+05
1.2078e+05
1.1864e+05
1.1648e+05
1.1429e+05
1.1208e+05
1.0983e+05
1.0757e+05
1.0527e+05
1.0295e+05
1.0061e+05
98243
95852
93440
91008
88556
86086
83600
81099
78585
76060
73526
70985
68439
65891
63343
60798
58259
55728
53208
50703
48215
45748
43304
40888
38503
36152
33839
31568
29343
27167
25044
22978
20974
19034
17164
15368
13649
12012
10461
8999.4
7632.4
6363.9
5198
4138.8
3190.6
2357.4
1643.4
1052.5
588.78
256.2
58.662
0
83.994
314.35
694.69
1228.6
1919.4
2770.7
3785.5
4967.1
6318.6
7842.8
9542.6
11421
13480
15722
18149
20765
23570
26567
29757
33142
36723
40502
44479
48656
53032
57610
62389
67369
72550
77932
83515
89299
95282
1.0146e+05
1.0784e+05
1.1442e+05
1.2119e+05
1.2815e+05
1.3531e+05
1.4265e+05
1.5019e+05
1.579e+05
1.658e+05
1.7388e+05
1.8214e+05
1.9057e+05
1.9917e+05
2.0793e+05
2.1686e+05
2.2595e+05
2.352e+05
2.446e+05
2.5414e+05
2.6383e+05
2.7366e+05
2.8362e+05
2.937e+05
3.0392e+05
3.1425e+05
3.2469e+05
3.3525e+05
3.459e+05
3.5665e+05
3.675e+05
3.7843e+05
3.8944e+05
4.0052e+05
4.1167e+05
4.2288e+05
4.3415e+05
4.4546e+05
4.5681e+05
4.6821e+05
4.7963e+05
4.9107e+05
5.0253e+05
5.1399e+05
5.2546e+05
5.3692e+05
5.4838e+05
5.5981e+05
5.7122e+05
5.8259e+05
5.9393e+05
6.0522e+05
6.1646e+05
6.2764e+05
6.3875e+05
6.4979e+05
6.6075e+05
6.7162e+05
6.824e+05
6.9308e+05
7.0365e+05
7.1411e+05
7.2444e+05
7.3466e+05
7.4474e+05
7.5468e+05
7.6448e+05
7.7413e+05
7.8362e+05
7.9295e+05
8.0211e+05
8.111e+05
8.199e+05
8.2853e+05
8.3696e+05
8.452e+05
8.5324e+05
8.6108e+05
8.6871e+05
8.7612e+05
8.8331e+05
8.9029e+05
8.9703e+05
9.0355e+05
9.0983e+05
9.1588e+05
9.2168e+05
9.2724e+05
9.3255e+05
9.3762e+05
9.4243e+05
9.4698e+05
9.5128e+05
9.5532e+05
9.5909e+05
9.626e+05
9.6585e+05
9.6883e+05
9.7154e+05
9.7398e+05
9.7616e+05
9.7806e+05
9.7969e+05
9.8105e+05
9.8214e+05
9.8295e+05
9.835e+05
9.8377e+05
9.8378e+05
9.8351e+05
9.8298e+05
9.8218e+05
9.8111e+05
9.7978e+05
9.7818e+05
9.7633e+05
9.7421e+05
9.7184e+05
9.6921e+05
9.6634e+05
9.6321e+05
9.5983e+05
9.5621e+05
9.5236e+05
9.4826e+05
9.4393e+05
9.3937e+05
9.3458e+05
9.2957e+05
9.2434e+05
9.1889e+05
9.1324e+05
9.0737e+05
9.0131e+05
8.9504e+05
8.8858e+05
8.8194e+05
8.7511e+05
8.681e+05
8.6091e+05
8.5356e+05
8.4604e+05
8.3837e+05
8.3054e+05
8.2256e+05
8.1443e+05
8.0617e+05
7.9778e+05
7.8926e+05
7.8062e+05
7.7186e+05
7.6299e+05
7.5402e+05
7.4494e+05
7.3578e+05
7.2652e+05
7.1718e+05
7.0777e+05
6.9828e+05
6.8873e+05
6.7911e+05
6.6945e+05
6.5973e+05
6.4997e+05
6.4017e+05
6.3033e+05
6.2047e+05
6.1059e+05
6.0069e+05
5.9078e+05
5.8086e+05
5.7095e+05
5.6103e+05
5.5112e+05
5.4123e+05
5.3136e+05
5.2151e+05
5.1169e+05
5.019e+05
4.9214e+05
4.8243e+05
4.7277e+05
4.6315e+05
4.5359e+05
4.4409e+05
4.3466e+05
4.2528e+05
4.1598e+05
4.0676e+05
3.9761e+05
3.8854e+05
3.7956e+05
3.7066e+05
3.6186e+05
3.5314e+05
3.4453e+05
3.3602e+05
3.2761e+05
3.193e+05
3.111e+05
3.0302e+05
2.9504e+05
2.8718e+05
2.7943e+05
2.7181e+05
2.643e+05
2.5692e+05
2.4965e+05
2.4252e+05
2.3551e+05
2.2862e+05
2.2187e+05
2.1525e+05
2.0875e+05
2.0239e+05
1.9616e+05
1.9006e+05
1.8409e+05
1.7826e+05
1.7256e+05
1.6699e+05
1.6156e+05
1.5626e+05
1.5109e+05
1.4606e+05
1.4116e+05
1.3639e+05
1.3175e+05
1.2725e+05
1.2287e+05
1.1863e+05
1.1451e+05
1.1052e+05
1.0666e+05
1.0292e+05
99307
95817
92449
89201
86072
83061
80165
77384
74715
72156
69706
67364
65126
62992
60959
59025
57188
55446
53797
52238
50769
49386
48087
46869
45732
44672
43687
42776
41934
41161
40455
39811
39230
38707
38242
37831
37472
37163
36903
36688
36516
36386
36295
36241
36221
36235
36279
36352
36451
36575
36722
36890
37077
37281
37501
37734
37979
38235
38499
38770
39046
39327
39610
39894
40178
40461
40740
41016
41286
41550
41806
42054
42292
42520
42736
42940
43131
43308
43471
43618
43750
43865
43963
44044
44106
44150
44176
44183
44170
44138
44086
44014
43922
43810
43678
43525
43353
43160
42947
42715
42463
42191
41900
41590
41261
40913
40548
40164
39763
39345
38911
38460
37993
37511
37014
