16064
19191
22525
26062
29796
33723
37838
42133
46603
51241
56039
60990
66087
71321
76684
82167
87761
93457
99246
1.0512e+05
1.1106e+05
1.1707e+05
1.2314e+05
1.2925e+05
1.3539e+05
1.4156e+05
1.4774e+05
1.5392e+05
1.601e+05
1.6626e+05
1.724e+05
1.785e+05
1.8456e+05
1.9057e+05
1.9651e+05
2.0238e+05
2.0816e+05
2.1386e+05
2.1946e+05
2.2495e+05
2.3033e+05
2.3558e+05
2.4071e+05
2.457e+05
2.5055e+05
2.5525e+05
2.5979e+05
2.6417e+05
2.6839e+05
2.7243e+05
2.763e+05
2.7999e+05
2.835e+05
2.8682e+05
2.8995e+05
2.9289e+05
2.9564e+05
2.9818e+05
3.0054e+05
3.0269e+05
3.0465e+05
3.064e+05
3.0796e+05
3.0932e+05
3.1048e+05
3.1145e+05
3.1223e+05
3.1281e+05
3.132e+05
3.1341e+05
3.1343e+05
3.1328e+05
3.1295e+05
3.1244e+05
3.1177e+05
3.1094e+05
3.0995e+05
3.088e+05
3.0751e+05
3.0608e+05
3.0451e+05
3.0281e+05
3.0099e+05
2.9905e+05
2.97e+05
2.9484e+05
2.9259e+05
2.9025e+05
2.8783e+05
2.8533e+05
2.8276e+05
2.8013e+05
2.7745e+05
2.7472e+05
2.7195e+05
2.6914e+05
2.6632e+05
2.6347e+05
2.6061e+05
2.5775e+05
2.549e+05
2.5205e+05
2.4922e+05
2.4641e+05
2.4364e+05
2.409e+05
2.382e+05
2.3555e+05
2.3296e+05
2.3042e+05
2.2796e+05
2.2556e+05
2.2324e+05
2.21e+05
2.1885e+05
2.1678e+05
2.1481e+05
2.1294e+05
2.1117e+05
2.095e+05
2.0794e+05
2.0649e+05
2.0515e+05
2.0393e+05
2.0282e+05
2.0183e+05
2.0096e+05
2.0021e+05
1.9958e+05
1.9907e+05
1.9868e+05
1.9841e+05
1.9826e+05
1.9823e+05
1.9831e+05
1.9852e+05
1.9883e+05
1.9926e+05
1.998e+05
2.0045e+05
2.012e+05
2.0205e+05
2.03e+05
2.0405e+05
2.0519e+05
2.0641e+05
2.0772e+05
2.0911e+05
2.1057e+05
2.121e+05
2.137e+05
2.1535e+05
2.1706e+05
2.1883e+05
2.2063e+05
2.2248e+05
2.2436e+05
2.2626e+05
2.2819e+05
2.3014e+05
2.321e+05
2.3407e+05
2.3603e+05
2.3799e+05
2.3995e+05
2.4188e+05
2.4379e+05
2.4568e+05
2.4754e+05
2.4935e+05
2.5113e+05
2.5286e+05
2.5453e+05
2.5615e+05
2.5771e+05
2.5921e+05
2.6063e+05
2.6198e+05
2.6326e+05
2.6445e+05
2.6556e+05
2.6658e+05
2.6751e+05
2.6835e+05
2.6909e+05
2.6974e+05
2.7029e+05
2.7073e+05
2.7107e+05
2.7131e+05
2.7144e+05
2.7146e+05
2.7138e+05
2.7119e+05
2.7089e+05
2.7048e+05
2.6997e+05
2.6935e+05
2.6862e+05
2.6779e+05
2.6686e+05
2.6582e+05
2.6468e+05
2.6344e+05
2.621e+05
2.6067e+05
2.5914e+05
2.5752e+05
2.5581e+05
2.5401e+05
2.5214e+05
2.5018e+05
2.4814e+05
2.4602e+05
2.4384e+05
2.4158e+05
2.3926e+05
2.3687e+05
2.3443e+05
2.3193e+05
2.2937e+05
2.2677e+05
2.2411e+05
2.2142e+05
2.1868e+05
2.1591e+05
2.131e+05
2.1025e+05
2.0738e+05
2.0449e+05
2.0157e+05
1.9863e+05
1.9567e+05
1.927e+05
1.8971e+05
1.8672e+05
1.8371e+05
1.807e+05
1.7769e+05
1.7467e+05
1.7166e+05
1.6864e+05
1.6563e+05
1.6262e+05
1.5962e+05
1.5662e+05
1.5364e+05
1.5066e+05
1.4769e+05
1.4474e+05
1.418e+05
1.3887e+05
1.3595e+05
1.3305e+05
1.3016e+05
1.2728e+05
1.2443e+05
1.2159e+05
1.1876e+05
1.1595e+05
1.1316e+05
1.1039e+05
1.0763e+05
1.0489e+05
1.0217e+05
99463
96778
94111
91464
88837
86230
83643
81078
78534
76012
73514
71039
68590
66166
63769
61399
59059
56749
54471
52225
50014
47840
45702
43604
41547
39533
37563
35639
33764
31939
30167
28448
26785
25180
23635
22151
20731
19377
18089
16870
15722
14645
13642
12713
11860
11084
10385
9765.4
9224.5
8763.2
8381.9
8080.5
7859
7717.3
7654.7
7670.7
7764.4
7934.8
8180.4
8499.9
8891.5
9353.3
9883.2
10479
11137
11856
12633
13463
14345
15274
16246
17258
18306
19385
20491
21620
22767
23928
25098
26271
27444
28611
29768
30909
32031
33127
34194
35226
36220
37170
38073
38925
39721
40458
41132
41740
42279
42747
43141
43458
43698
43859
43939
43937
43855
43691
43447
43123
42720
42241
41687
41061
40367
39608
38789
37912
36985
36011
34998
33950
32876
31782
30675
29564
28458
27364
26292
25251
24251
23303
22416
21600
20868
20230
19696
19279
18989
18839
18840
19003
19340
19862
20582
21510
22659
24038
25659
27532
29669
32079
34771
37756
41043
44639
48554
52795
57369
62282
67542
73153
79120
85447
92139
99198
1.0663e+05
1.1442e+05
1.2259e+05
1.3114e+05
1.4005e+05
1.4933e+05
1.5898e+05
1.6899e+05
1.7937e+05
1.9009e+05
2.0117e+05
2.126e+05
2.2436e+05
2.3645e+05
2.4886e+05
2.6158e+05
2.7461e+05
2.8792e+05
3.0152e+05
3.1538e+05
3.295e+05
3.4385e+05
3.5844e+05
3.7323e+05
3.8823e+05
4.034e+05
4.1874e+05
4.3422e+05
4.4984e+05
4.6557e+05
4.8138e+05
4.9728e+05
5.1323e+05
5.2921e+05
5.4522e+05
5.6121e+05
5.7719e+05
5.9312e+05
6.0899e+05
6.2477e+05
6.4044e+05
6.5599e+05
6.714e+05
6.8663e+05
7.0168e+05
7.1652e+05
7.3114e+05
7.4551e+05
7.5961e+05
7.7343e+05
7.8694e+05
8.0013e+05
8.1298e+05
8.2548e+05
8.376e+05
8.4932e+05
8.6064e+05
8.7154e+05
8.8201e+05
8.9202e+05
9.0157e+05
9.1064e+05
9.1923e+05
9.2731e+05
9.3489e+05
9.4194e+05
9.4847e+05
9.5447e+05
9.5992e+05
9.6482e+05
9.6916e+05
9.7295e+05
9.7617e+05
9.7883e+05
9.8092e+05
9.8244e+05
9.8339e+05
9.8378e+05
9.8359e+05
9.8284e+05
9.8153e+05
9.7966e+05
9.7724e+05
9.7427e+05
9.7075e+05
9.6671e+05
9.6213e+05
9.5704e+05
9.5144e+05
9.4534e+05
9.3875e+05
9.3169e+05
9.2415e+05
9.1617e+05
9.0774e+05
8.9889e+05
8.8963e+05
8.7996e+05
8.6992e+05
8.595e+05
8.4873e+05
8.3763e+05
8.262e+05
8.1447e+05
8.0245e+05
7.9016e+05
7.7762e+05
7.6484e+05
7.5184e+05
7.3863e+05
7.2525e+05
7.1169e+05
6.9799e+05
6.8415e+05
6.702e+05
6.5615e+05
6.4202e+05
6.2783e+05
6.1358e+05
5.9931e+05
5.8502e+05
5.7073e+05
5.5646e+05
5.4221e+05
5.2802e+05
5.1388e+05
4.9982e+05
4.8585e+05
4.7197e+05
4.5822e+05
4.4458e+05
4.3109e+05
4.1775e+05
4.0457e+05
3.9155e+05
3.7872e+05
3.6609e+05
3.5365e+05
3.4141e+05
3.294e+05
3.176e+05
3.0604e+05
2.9471e+05
2.8363e+05
2.7279e+05
2.622e+05
2.5187e+05
2.418e+05
2.3199e+05
2.2244e+05
2.1316e+05
2.0415e+05
1.9541e+05
1.8695e+05
1.7875e+05
1.7082e+05
1.6316e+05
1.5577e+05
1.4865e+05
1.418e+05
1.352e+05
1.2887e+05
1.228e+05
1.1698e+05
1.1141e+05
1.0608e+05
1.01e+05
96164
91557
87179
83024
79088
75366
71850
68537
65419
62491
59746
57179
54783
52552
50479
48559
46784
45149
43647
42272
41017
39876
38843
37913
37078
36334
35674
35093
34585
34144
33766
33446
33177
32957
32779
32639
32533
32457
32407
32379
32369
32373
32389
32414
32443
32475
32507
32537
32562
32580
32589
32587
32573
32546
32503
32444
32369
32275
32162
32030
31878
31706
31513
31300
31066
30811
30537
30242
29927
29593
29239
28868
28479
28073
27650
27212
26760
26293
25814
25322
24819
24306
23784
23254
22716
22172
21623
21070
20513
19953
19393
18831
18270
17711
17153
16598
16047
15500
14958
14422
13893
13371
12856
12349
11851
11363
10883
10414
9955
9506.5
9068.7
8641.9
8226.2
7821.8
7428.8
7047.2
6677.1
6318.3
5971
5635
5310.1
4996.2
4693.2
4400.9
4119
3847.2
3585.3
3332.9
3089.9
2855.7
2630.1
2412.7
2203.1
2000.9
1805.7
1617.1
1434.7
1258
1086.6
920.17
758.15
600.16
445.76
294.55
146.1
0
