21156
25508
30087
34887
39901
45120
50537
56141
61925
67878
73990
80251
86650
93176
99819
1.0656e+05
1.134e+05
1.2032e+05
1.2731e+05
1.3435e+05
1.4144e+05
1.4856e+05
1.557e+05
1.6284e+05
1.6998e+05
1.771e+05
1.8419e+05
1.9124e+05
1.9824e+05
2.0516e+05
2.1201e+05
2.1877e+05
2.2543e+05
2.3198e+05
2.3841e+05
2.447e+05
2.5085e+05
2.5685e+05
2.6269e+05
2.6836e+05
2.7384e+05
2.7915e+05
2.8425e+05
2.8916e+05
2.9385e+05
2.9834e+05
3.026e+05
3.0663e+05
3.1044e+05
3.1401e+05
3.1734e+05
3.2043e+05
3.2327e+05
3.2587e+05
3.2822e+05
3.3032e+05
3.3217e+05
3.3376e+05
3.3511e+05
3.362e+05
3.3705e+05
3.3765e+05
3.38e+05
3.3811e+05
3.3799e+05
3.3762e+05
3.3703e+05
3.362e+05
3.3516e+05
3.3389e+05
3.3242e+05
3.3074e+05
3.2885e+05
3.2678e+05
3.2452e+05
3.2207e+05
3.1946e+05
3.1668e+05
3.1375e+05
3.1066e+05
3.0744e+05
3.0408e+05
3.006e+05
2.9701e+05
2.9331e+05
2.8951e+05
2.8563e+05
2.8166e+05
2.7763e+05
2.7354e+05
2.694e+05
2.6521e+05
2.6099e+05
2.5675e+05
2.5249e+05
2.4823e+05
2.4397e+05
2.3973e+05
2.355e+05
2.313e+05
2.2714e+05
2.2303e+05
2.1897e+05
2.1497e+05
2.1103e+05
2.0718e+05
2.034e+05
1.9971e+05
1.9612e+05
1.9264e+05
1.8925e+05
1.8599e+05
1.8284e+05
1.7981e+05
1.7691e+05
1.7414e+05
1.7151e+05
1.6902e+05
1.6667e+05
1.6447e+05
1.6242e+05
1.6051e+05
1.5876e+05
1.5717e+05
1.5573e+05
1.5444e+05
1.5331e+05
1.5234e+05
1.5152e+05
1.5087e+05
1.5036e+05
1.5001e+05
1.4981e+05
1.4976e+05
1.4986e+05
1.5011e+05
1.5049e+05
1.5102e+05
1.5169e+05
1.5248e+05
1.5341e+05
1.5446e+05
1.5563e+05
1.5691e+05
1.5831e+05
1.5981e+05
1.6141e+05
1.6311e+05
1.649e+05
1.6677e+05
1.6872e+05
1.7075e+05
1.7284e+05
1.7498e+05
1.7719e+05
1.7944e+05
1.8173e+05
1.8406e+05
1.8641e+05
1.8879e+05
1.9119e+05
1.9359e+05
1.96e+05
1.984e+05
2.008e+05
2.0318e+05
2.0554e+05
2.0788e+05
2.1018e+05
2.1244e+05
2.1466e+05
2.1683e+05
2.1895e+05
2.2101e+05
2.23e+05
2.2493e+05
2.2678e+05
2.2856e+05
2.3026e+05
2.3187e+05
2.3339e+05
2.3483e+05
2.3617e+05
2.3741e+05
2.3856e+05
2.396e+05
2.4054e+05
2.4137e+05
2.421e+05
2.4271e+05
2.4322e+05
2.4362e+05
2.4391e+05
2.4409e+05
2.4416e+05
2.4411e+05
2.4396e+05
2.4369e+05
2.4332e+05
2.4284e+05
2.4225e+05
2.4156e+05
2.4076e+05
2.3986e+05
2.3886e+05
2.3777e+05
2.3657e+05
2.3529e+05
2.3391e+05
2.3245e+05
2.3089e+05
2.2926e+05
2.2755e+05
2.2576e+05
2.2389e+05
2.2196e+05
2.1995e+05
2.1788e+05
2.1575e+05
2.1357e+05
2.1132e+05
2.0903e+05
2.0668e+05
2.0429e+05
2.0185e+05
1.9938e+05
1.9687e+05
1.9432e+05
1.9175e+05
1.8914e+05
1.8651e+05
1.8386e+05
1.8118e+05
1.7849e+05
1.7578e+05
1.7305e+05
1.7032e+05
1.6757e+05
1.6482e+05
1.6206e+05
1.5929e+05
1.5653e+05
1.5376e+05
1.5099e+05
1.4823e+05
1.4546e+05
1.427e+05
1.3995e+05
1.372e+05
1.3446e+05
1.3172e+05
1.29e+05
1.2628e+05
1.2358e+05
1.2088e+05
1.1819e+05
1.1552e+05
1.1286e+05
1.102e+05
1.0757e+05
1.0494e+05
1.0233e+05
99732
97149
94581
92028
89491
86970
84465
81979
79510
77060
74630
72221
69832
67466
65123
62804
60511
58245
56006
53797
51618
49471
47358
45281
43240
41237
39275
37354
35478
33647
31863
30128
28444
26813
25236
23715
22253
20850
19508
18229
17014
15865
14783
13770
12825
11951
11148
10417
9757.8
9171.7
8658.6
8218.7
7851.8
7557.5
7335.6
7185.3
7105.7
7095.8
7154.4
7280
7470.9
7725.3
8041.1
8416.2
8847.9
9333.6
9870.6
10456
11086
11758
12468
13212
13987
14788
15612
16454
17310
18176
19047
19919
20787
21647
22494
23324
24132
24913
25664
26380
27058
27692
28280
28817
29300
29725
30091
30393
30630
30798
30897
30925
30880
30761
30567
30299
29957
29541
29053
28493
27863
27167
26406
25584
24704
23771
22788
21762
20697
19600
18476
17332
16176
15015
13857
12711
11585
10488
9429.9
8420.4
7469.4
6587.2
5784.6
5072.2
4461.2
3962.7
3588
3348.7
3256.3
3322.4
3558.7
3976.9
4588.5
5405.2
6438.4
7699.5
9199.6
10950
12961
15243
17806
20661
23817
27282
31066
35177
39622
44409
49544
55033
60882
67096
73679
80635
87965
95673
1.0376e+05
1.1223e+05
1.2107e+05
1.303e+05
1.399e+05
1.4987e+05
1.6022e+05
1.7093e+05
1.8201e+05
1.9344e+05
2.0522e+05
2.1735e+05
2.298e+05
2.4259e+05
2.5569e+05
2.691e+05
2.828e+05
2.9678e+05
3.1104e+05
3.2555e+05
3.403e+05
3.5528e+05
3.7047e+05
3.8586e+05
4.0142e+05
4.1715e+05
4.3303e+05
4.4903e+05
4.6514e+05
4.8133e+05
4.976e+05
5.1392e+05
5.3026e+05
5.4661e+05
5.6295e+05
5.7926e+05
5.9552e+05
6.117e+05
6.2778e+05
6.4374e+05
6.5957e+05
6.7523e+05
6.9072e+05
7.06e+05
7.2106e+05
7.3587e+05
7.5042e+05
7.6468e+05
7.7864e+05
7.9228e+05
8.0558e+05
8.1851e+05
8.3106e+05
8.4322e+05
8.5497e+05
8.6628e+05
8.7715e+05
8.8756e+05
8.975e+05
9.0695e+05
9.1589e+05
9.2433e+05
9.3224e+05
9.3961e+05
9.4644e+05
9.5272e+05
9.5844e+05
9.6359e+05
9.6816e+05
9.7216e+05
9.7557e+05
9.7839e+05
9.8063e+05
9.8227e+05
9.8332e+05
9.8378e+05
9.8364e+05
9.8292e+05
9.8162e+05
9.7973e+05
9.7726e+05
9.7422e+05
9.7062e+05
9.6645e+05
9.6174e+05
9.5649e+05
9.507e+05
9.4439e+05
9.3757e+05
9.3025e+05
9.2244e+05
9.1416e+05
9.0542e+05
8.9623e+05
8.8661e+05
8.7657e+05
8.6614e+05
8.5531e+05
8.4412e+05
8.3258e+05
8.207e+05
8.0851e+05
7.9601e+05
7.8324e+05
7.702e+05
7.5691e+05
7.434e+05
7.2969e+05
7.1578e+05
7.017e+05
6.8747e+05
6.7311e+05
6.5863e+05
6.4406e+05
6.294e+05
6.1469e+05
5.9993e+05
5.8515e+05
5.7036e+05
5.5558e+05
5.4082e+05
5.2611e+05
5.1145e+05
4.9686e+05
4.8237e+05
4.6797e+05
4.537e+05
4.3955e+05
4.2555e+05
4.117e+05
3.9802e+05
3.8453e+05
3.7122e+05
3.5812e+05
3.4522e+05
3.3255e+05
3.2011e+05
3.0791e+05
2.9595e+05
2.8425e+05
2.728e+05
2.6162e+05
2.5071e+05
2.4007e+05
2.2972e+05
2.1965e+05
2.0986e+05
2.0036e+05
1.9115e+05
1.8224e+05
1.7361e+05
1.6528e+05
1.5724e+05
1.4949e+05
1.4203e+05
1.3486e+05
1.2798e+05
1.2138e+05
1.1507e+05
1.0903e+05
1.0327e+05
97777
92551
87586
82878
78422
74211
70240
66503
62995
59707
56635
53771
51108
48640
46359
44259
42332
40571
38969
37519
36213
35044
34006
33090
32291
31601
31013
30520
30116
29795
29550
29375
29264
29210
29209
29254
29341
29464
29619
29799
30002
30222
30456
30699
30948
31199
31448
31694
31932
32160
32376
32578
32763
32929
33074
33198
33298
33374
33425
33449
33447
33417
33359
33274
33160
33018
32849
32652
32427
32176
31899
31596
31269
30918
30544
30148
29732
29295
28840
28367
27877
27373
26855
26324
25781
25228
24667
24098
23522
22941
22356
21768
21178
20588
19998
19410
18824
18242
17664
17091
16525
15965
15413
14870
14335
13810
13295
12790
12297
11814
11344
10885
10438
10004
9581.4
9171.7
8774.5
8389.7
8017.3
7657.2
7309.1
6973
6648.6
6335.6
6033.8
5742.8
5462.3
5191.9
4931.2
4679.8
4437.3
4203.2
3977
3758.2
3546.4
3341.1
3141.7
2947.7
2758.6
2573.9
2393.1
2215.7
2041.1
1868.9
1698.6
1529.7
1361.7
1194.2
1026.7
858.78
690.11
520.25
348.85
175.54
0
