23677
25676
27943
30476
33274
36335
39655
43230
47055
51126
55434
59975
64738
69717
74901
80281
85847
91587
97491
1.0355e+05
1.0974e+05
1.1606e+05
1.2249e+05
1.2902e+05
1.3563e+05
1.4232e+05
1.4906e+05
1.5584e+05
1.6264e+05
1.6946e+05
1.7628e+05
1.8308e+05
1.8984e+05
1.9655e+05
2.032e+05
2.0978e+05
2.1625e+05
2.2263e+05
2.2888e+05
2.35e+05
2.4097e+05
2.4677e+05
2.5241e+05
2.5786e+05
2.6311e+05
2.6815e+05
2.7298e+05
2.7757e+05
2.8193e+05
2.8604e+05
2.8989e+05
2.9348e+05
2.9681e+05
2.9985e+05
3.0261e+05
3.0509e+05
3.0727e+05
3.0917e+05
3.1076e+05
3.1206e+05
3.1305e+05
3.1375e+05
3.1415e+05
3.1424e+05
3.1405e+05
3.1355e+05
3.1277e+05
3.1169e+05
3.1034e+05
3.087e+05
3.068e+05
3.0463e+05
3.022e+05
2.9952e+05
2.966e+05
2.9344e+05
2.9006e+05
2.8646e+05
2.8266e+05
2.7866e+05
2.7448e+05
2.7012e+05
2.6561e+05
2.6094e+05
2.5614e+05
2.5122e+05
2.4618e+05
2.4104e+05
2.3581e+05
2.3051e+05
2.2515e+05
2.1973e+05
2.1428e+05
2.0881e+05
2.0332e+05
1.9784e+05
1.9237e+05
1.8692e+05
1.8152e+05
1.7616e+05
1.7086e+05
1.6563e+05
1.6048e+05
1.5543e+05
1.5047e+05
1.4563e+05
1.4091e+05
1.3631e+05
1.3186e+05
1.2755e+05
1.2339e+05
1.1938e+05
1.1555e+05
1.1188e+05
1.0839e+05
1.0508e+05
1.0196e+05
99023
96278
93726
91372
89214
87256
85496
83936
82576
81413
80447
79676
79098
78710
78510
78495
78659
79000
79514
80195
81038
82040
83193
84494
85936
87512
89218
91047
92992
95048
97207
99464
1.0181e+05
1.0424e+05
1.0675e+05
1.0933e+05
1.1198e+05
1.1468e+05
1.1743e+05
1.2023e+05
1.2307e+05
1.2594e+05
1.2884e+05
1.3175e+05
1.3469e+05
1.3763e+05
1.4057e+05
1.4351e+05
1.4644e+05
1.4936e+05
1.5226e+05
1.5514e+05
1.5799e+05
1.608e+05
1.6358e+05
1.6631e+05
1.69e+05
1.7164e+05
1.7422e+05
1.7674e+05
1.792e+05
1.816e+05
1.8392e+05
1.8617e+05
1.8835e+05
1.9044e+05
1.9246e+05
1.9438e+05
1.9622e+05
1.9797e+05
1.9963e+05
2.0119e+05
2.0265e+05
2.0402e+05
2.0528e+05
2.0644e+05
2.0749e+05
2.0844e+05
2.0927e+05
2.1e+05
2.1062e+05
2.1113e+05
2.1152e+05
2.118e+05
2.1196e+05
2.1201e+05
2.1195e+05
2.1176e+05
2.1147e+05
2.1106e+05
2.1053e+05
2.0989e+05
2.0913e+05
2.0826e+05
2.0728e+05
2.0619e+05
2.0498e+05
2.0367e+05
2.0225e+05
2.0073e+05
1.991e+05
1.9737e+05
1.9555e+05
1.9362e+05
1.9161e+05
1.895e+05
1.8731e+05
1.8504e+05
1.8268e+05
1.8025e+05
1.7774e+05
1.7517e+05
1.7253e+05
1.6982e+05
1.6707e+05
1.6426e+05
1.614e+05
1.585e+05
1.5556e+05
1.5259e+05
1.4959e+05
1.4656e+05
1.4352e+05
1.4046e+05
1.3739e+05
1.3431e+05
1.3124e+05
1.2816e+05
1.251e+05
1.2205e+05
1.1902e+05
1.1602e+05
1.1303e+05
1.1008e+05
1.0716e+05
1.0428e+05
1.0145e+05
98652
95906
93210
90568
87981
85451
82982
80573
78227
75945
73727
71574
69486
67463
65506
63613
61784
60018
58314
56669
55084
53555
52080
50659
49287
47963
46684
45447
44250
43090
41963
40867
39799
38756
37735
36734
35748
34776
33816
32864
31919
30978
30040
29102
28163
27222
26278
25329
24376
23417
22454
21485
20511
19534
18554
17572
16590
15610
14632
13661
12698
11745
10807
9884.3
8981.7
8102.2
7248.9
6425.6
5635.7
4882.8
4170.5
3502.6
2882.4
2313.7
1799.9
1344.2
949.94
620.16
357.74
165.33
45.355
0
31.155
140.42
329.06
598.01
947.87
1378.8
1890.8
2483
3154.7
3904.5
4730.4
5630.4
6601.8
7641.6
8746.2
9911.9
11134
12409
13731
15095
16495
17925
19379
20850
22333
23819
25301
26774
28228
29657
31054
32411
33721
34976
36171
37297
38349
39319
40204
40995
41690
42282
42768
43144
43407
43555
43586
43499
43292
42968
42526
41969
41300
40521
39638
38656
37580
36417
35176
33864
32492
31070
29608
28118
26614
25108
23614
22148
20724
19359
18068
16870
15780
14818
14001
13348
12876
12606
12555
12743
13188
13909
14924
16252
17909
19915
22285
25035
28182
31741
35725
40148
45023
50361
56173
62468
69254
76539
84328
92627
1.0144e+05
1.1076e+05
1.206e+05
1.3096e+05
1.4182e+05
1.532e+05
1.6508e+05
1.7745e+05
1.9031e+05
2.0366e+05
2.1747e+05
2.3173e+05
2.4644e+05
2.6157e+05
2.7711e+05
2.9305e+05
3.0935e+05
3.2601e+05
3.43e+05
3.6029e+05
3.7787e+05
3.957e+05
4.1376e+05
4.3202e+05
4.5046e+05
4.6904e+05
4.8774e+05
5.0653e+05
5.2537e+05
5.4423e+05
5.6307e+05
5.8188e+05
6.0061e+05
6.1924e+05
6.3772e+05
6.5603e+05
6.7413e+05
6.9199e+05
7.0958e+05
7.2687e+05
7.4382e+05
7.604e+05
7.7658e+05
7.9234e+05
8.0764e+05
8.2245e+05
8.3675e+05
8.5052e+05
8.6372e+05
8.7633e+05
8.8833e+05
8.9969e+05
9.1041e+05
9.2045e+05
9.298e+05
9.3844e+05
9.4636e+05
9.5355e+05
9.5999e+05
9.6568e+05
9.706e+05
9.7475e+05
9.7812e+05
9.8071e+05
9.8251e+05
9.8354e+05
9.8378e+05
9.8324e+05
9.8192e+05
9.7984e+05
9.7699e+05
9.7339e+05
9.6904e+05
9.6397e+05
9.5817e+05
9.5167e+05
9.4449e+05
9.3663e+05
9.2811e+05
9.1897e+05
9.0921e+05
8.9886e+05
8.8794e+05
8.7647e+05
8.6448e+05
8.5199e+05
8.3903e+05
8.2562e+05
8.1179e+05
7.9757e+05
7.8298e+05
7.6806e+05
7.5282e+05
7.373e+05
7.2153e+05
7.0553e+05
6.8934e+05
6.7297e+05
6.5646e+05
6.3984e+05
6.2313e+05
6.0636e+05
5.8956e+05
5.7274e+05
5.5595e+05
5.3919e+05
5.225e+05
5.0591e+05
4.8942e+05
4.7307e+05
4.5687e+05
4.4085e+05
4.2503e+05
4.0942e+05
3.9404e+05
3.7891e+05
3.6404e+05
3.4945e+05
3.3515e+05
3.2116e+05
3.0748e+05
2.9414e+05
2.8112e+05
2.6846e+05
2.5615e+05
2.4419e+05
2.326e+05
2.2139e+05
2.1055e+05
2.0008e+05
1.8999e+05
1.8028e+05
1.7096e+05
1.6201e+05
1.5344e+05
1.4524e+05
1.3742e+05
1.2997e+05
1.2287e+05
1.1614e+05
1.0977e+05
1.0373e+05
98043
92684
87650
82932
78523
74412
70590
67048
63776
60764
58001
55477
53182
51104
49234
47561
46074
44762
43615
42623
41775
41062
40473
39999
39630
39357
39171
39064
39027
39051
39130
39255
39420
39617
39841
40084
40342
40609
40880
41150
41415
41671
41914
42141
42348
42534
42696
42832
42940
43018
43066
43083
43068
43021
42941
42830
42686
42511
42305
42069
41805
41512
41194
40850
40484
40095
39687
39260
38818
38360
37891
37410
36921
36426
35925
35422
34919
34416
33916
33421
32932
32451
31980
31520
31072
30638
30220
29817
29432
29066
28718
28390
28083
27797
27532
27289
27068
26869
26693
26538
26405
26294
26204
26135
26086
26057
26046
26054
26078
26119
26176
26247
26330
26427
26534
26650
26776
26908
27047
27190
27337
27486
27636
27785
27933
28077
28218
28353
28482
28603
28716
28819
28911
28991
29059
29113
29153
29178
29187
29181
29157
29117
29059
28983
28889
28777
28647
28498
28331
28146
27943
27722
27483
27228
26955
26667
26363
26044
25711
25364
25004
24632
24249
23855
