2.0471e+05
2.082e+05
2.117e+05
2.1522e+05
2.1877e+05
2.2233e+05
2.259e+05
2.2949e+05
2.3309e+05
2.367e+05
2.4032e+05
2.4394e+05
2.4757e+05
2.512e+05
2.5484e+05
2.5847e+05
2.621e+05
2.6573e+05
2.6935e+05
2.7297e+05
2.7657e+05
2.8017e+05
2.8375e+05
2.8732e+05
2.9088e+05
2.9441e+05
2.9793e+05
3.0143e+05
3.0491e+05
3.0836e+05
3.1179e+05
3.1519e+05
3.1856e+05
3.2191e+05
3.2522e+05
3.285e+05
3.3175e+05
3.3496e+05
3.3813e+05
3.4127e+05
3.4436e+05
3.4742e+05
3.5043e+05
3.534e+05
3.5632e+05
3.592e+05
3.6203e+05
3.6481e+05
3.6754e+05
3.7022e+05
3.7285e+05
3.7543e+05
3.7795e+05
3.8041e+05
3.8282e+05
3.8517e+05
3.8747e+05
3.897e+05
3.9187e+05
3.9399e+05
3.9604e+05
3.9803e+05
3.9995e+05
4.0181e+05
4.0361e+05
4.0534e+05
4.07e+05
4.086e+05
4.1013e+05
4.1159e+05
4.1298e+05
4.1431e+05
4.1556e+05
4.1675e+05
4.1786e+05
4.1891e+05
4.1988e+05
4.2079e+05
4.2162e+05
4.2238e+05
4.2308e+05
4.237e+05
4.2425e+05
4.2472e+05
4.2513e+05
4.2547e+05
4.2573e+05
4.2593e+05
4.2605e+05
4.2611e+05
4.2609e+05
4.2601e+05
4.2585e+05
4.2563e+05
4.2534e+05
4.2498e+05
4.2455e+05
4.2406e+05
4.235e+05
4.2288e+05
4.2219e+05
4.2143e+05
4.2062e+05
4.1974e+05
4.188e+05
4.178e+05
4.1673e+05
4.1561e+05
4.1443e+05
4.132e+05
4.1191e+05
4.1056e+05
4.0916e+05
4.077e+05
4.062e+05
4.0464e+05
4.0303e+05
4.0138e+05
3.9968e+05
3.9793e+05
3.9614e+05
3.943e+05
3.9242e+05
3.905e+05
3.8854e+05
3.8655e+05
3.8451e+05
3.8245e+05
3.8034e+05
3.7821e+05
3.7604e+05
3.7385e+05
3.7162e+05
3.6937e+05
3.6709e+05
3.6479e+05
3.6246e+05
3.6012e+05
3.5775e+05
3.5537e+05
3.5297e+05
3.5055e+05
3.4812e+05
3.4567e+05
3.4322e+05
3.4075e+05
3.3827e+05
3.3579e+05
3.333e+05
3.3081e+05
3.2831e+05
3.2581e+05
3.2331e+05
3.2081e+05
3.1831e+05
3.1581e+05
3.1332e+05
3.1083e+05
3.0835e+05
3.0588e+05
3.0341e+05
3.0095e+05
2.985e+05
2.9607e+05
2.9364e+05
2.9123e+05
2.8884e+05
2.8645e+05
2.8408e+05
2.8173e+05
2.794e+05
2.7708e+05
2.7478e+05
2.725e+05
2.7024e+05
2.68e+05
2.6578e+05
2.6358e+05
2.6141e+05
2.5925e+05
2.5712e+05
2.55e+05
2.5292e+05
2.5085e+05
2.488e+05
2.4678e+05
2.4479e+05
2.4281e+05
2.4086e+05
2.3893e+05
2.3702e+05
2.3514e+05
2.3328e+05
2.3144e+05
2.2962e+05
2.2783e+05
2.2606e+05
2.243e+05
2.2257e+05
2.2086e+05
2.1917e+05
2.175e+05
2.1585e+05
2.1421e+05
2.126e+05
2.11e+05
2.0941e+05
2.0784e+05
2.0629e+05
2.0475e+05
2.0323e+05
2.0171e+05
2.0021e+05
1.9872e+05
1.9724e+05
1.9577e+05
1.9431e+05
1.9286e+05
1.9141e+05
1.8997e+05
1.8853e+05
1.871e+05
1.8567e+05
1.8424e+05
1.8281e+05
1.8139e+05
1.7996e+05
1.7853e+05
1.771e+05
1.7566e+05
1.7422e+05
1.7277e+05
1.7132e+05
1.6986e+05
1.6839e+05
1.6692e+05
1.6543e+05
1.6393e+05
1.6242e+05
1.609e+05
1.5937e+05
1.5782e+05
1.5625e+05
1.5468e+05
1.5308e+05
1.5147e+05
1.4984e+05
1.482e+05
1.4653e+05
1.4485e+05
1.4315e+05
1.4143e+05
1.3969e+05
1.3792e+05
1.3614e+05
1.3434e+05
1.3252e+05
1.3067e+05
1.2881e+05
1.2692e+05
1.2501e+05
1.2309e+05
1.2114e+05
1.1917e+05
1.1718e+05
1.1517e+05
1.1314e+05
1.1109e+05
1.0902e+05
1.0694e+05
1.0483e+05
1.0271e+05
1.0057e+05
98421
96253
94071
91876
89669
87451
85224
82987
80743
78493
76238
73979
71719
69457
67197
64940
62687
60440
58201
55971
53753
51548
49359
47187
45035
42903
40796
38715
36661
34638
32647
30691
28772
26893
25056
23263
21516
19819
18174
16583
15049
13573
12160
10811
9528.3
8315.3
7174.1
6107.3
5117.5
4207.2
3378.8
2634.9
1978
1410.6
935.01
553.79
269.3
83.917
0
19.865
145.8
380.04
724.81
1182.3
1754.5
2443.7
3251.8
4180.8
5232.6
6409.1
7712.2
9143.5
10705
12398
14224
16184
18281
20515
22888
25401
28055
30851
33790
36873
40101
43474
46994
50660
54473
58434
62542
66799
71203
75756
80456
85305
90300
95443
1.0073e+05
1.0617e+05
1.1175e+05
1.1747e+05
1.2334e+05
1.2935e+05
1.3551e+05
1.418e+05
1.4823e+05
1.548e+05
1.6151e+05
1.6835e+05
1.7532e+05
1.8243e+05
1.8966e+05
1.9702e+05
2.0451e+05
2.1212e+05
2.1985e+05
2.277e+05
2.3567e+05
2.4375e+05
2.5194e+05
2.6024e+05
2.6864e+05
2.7715e+05
2.8576e+05
2.9446e+05
3.0326e+05
3.1214e+05
3.2112e+05
3.3017e+05
3.3931e+05
3.4853e+05
3.5781e+05
3.6717e+05
3.7659e+05
3.8608e+05
3.9562e+05
4.0522e+05
4.1487e+05
4.2456e+05
4.343e+05
4.4407e+05
4.5388e+05
4.6372e+05
4.7359e+05
4.8347e+05
4.9338e+05
5.0329e+05
5.1322e+05
5.2315e+05
5.3308e+05
5.43e+05
5.5291e+05
5.6282e+05
5.727e+05
5.8256e+05
5.9239e+05
6.0219e+05
6.1196e+05
6.2168e+05
6.3136e+05
6.4099e+05
6.5057e+05
6.6009e+05
6.6954e+05
6.7893e+05
6.8824e+05
6.9748e+05
7.0664e+05
7.1571e+05
7.247e+05
7.3359e+05
7.4238e+05
7.5107e+05
7.5966e+05
7.6813e+05
7.765e+05
7.8474e+05
7.9286e+05
8.0086e+05
8.0872e+05
8.1646e+05
8.2405e+05
8.3151e+05
8.3882e+05
8.4599e+05
8.53e+05
8.5986e+05
8.6656e+05
8.731e+05
8.7948e+05
8.8569e+05
8.9173e+05
8.976e+05
9.033e+05
9.0881e+05
9.1415e+05
9.193e+05
9.2427e+05
9.2905e+05
9.3365e+05
9.3805e+05
9.4225e+05
9.4627e+05
9.5008e+05
9.537e+05
9.5712e+05
9.6033e+05
9.6335e+05
9.6616e+05
9.6876e+05
9.7116e+05
9.7335e+05
9.7533e+05
9.7711e+05
9.7868e+05
9.8004e+05
9.8118e+05
9.8212e+05
9.8285e+05
9.8337e+05
9.8368e+05
9.8378e+05
9.8367e+05
9.8335e+05
9.8282e+05
9.8209e+05
9.8115e+05
9.8e+05
9.7865e+05
9.7709e+05
9.7533e+05
9.7337e+05
9.7121e+05
9.6885e+05
9.663e+05
9.6354e+05
9.606e+05
9.5746e+05
9.5414e+05
9.5062e+05
9.4692e+05
9.4304e+05
9.3897e+05
9.3473e+05
9.3031e+05
9.2572e+05
9.2095e+05
9.1602e+05
9.1092e+05
9.0566e+05
9.0024e+05
8.9466e+05
8.8893e+05
8.8305e+05
8.7702e+05
8.7084e+05
8.6452e+05
8.5807e+05
8.5148e+05
8.4476e+05
8.3792e+05
8.3094e+05
8.2385e+05
8.1664e+05
8.0932e+05
8.0189e+05
7.9436e+05
7.8672e+05
7.7898e+05
7.7115e+05
7.6323e+05
7.5522e+05
7.4712e+05
7.3895e+05
7.307e+05
7.2239e+05
7.14e+05
7.0555e+05
6.9704e+05
6.8847e+05
6.7986e+05
6.7119e+05
6.6248e+05
6.5373e+05
6.4494e+05
6.3612e+05
6.2727e+05
6.184e+05
6.095e+05
6.0059e+05
5.9166e+05
5.8272e+05
5.7378e+05
5.6483e+05
5.5588e+05
5.4694e+05
5.3801e+05
5.2908e+05
5.2017e+05
5.1128e+05
5.0241e+05
4.9357e+05
4.8475e+05
4.7596e+05
4.6721e+05
4.585e+05
4.4982e+05
4.4119e+05
4.3261e+05
4.2407e+05
4.1559e+05
4.0716e+05
3.9879e+05
3.9048e+05
3.8223e+05
3.7405e+05
3.6593e+05
3.5788e+05
3.4991e+05
3.4201e+05
3.3418e+05
3.2644e+05
3.1878e+05
3.1119e+05
3.037e+05
2.9628e+05
2.8896e+05
2.8173e+05
2.7458e+05
2.6753e+05
2.6058e+05
2.5372e+05
2.4695e+05
2.4028e+05
2.3372e+05
2.2725e+05
2.2088e+05
2.1462e+05
2.0845e+05
2.0239e+05
1.9644e+05
1.9059e+05
1.8484e+05
1.792e+05
1.7367e+05
1.6824e+05
1.6292e+05
1.5771e+05
1.526e+05
1.4761e+05
1.4271e+05
1.3793e+05
1.3325e+05
1.2868e+05
1.2422e+05
1.1986e+05
1.1561e+05
1.1146e+05
1.0742e+05
1.0348e+05
99649
95919
92291
88765
85339
82014
78788
75660
72629
69695
66855
64109
61457
58895
56425
54043
51749
49542
47419
45381
43424
41549
39753
38035
36393
34826
33333
31911
30560
29277
28061
26910
25823
24798
23834
22928
22080
21287
20547
19860
19224
18636
18095
17600
17149
16740
16372
16043
15751
15495
15274
15085
14927
14798
14698
14625
14576
14551
14548
14566
14603
14658
14730
14817
14918
15032
15157
15292
15436
15588
15747
15911
16080
16252
16426
16602
16778
16954
17128
17299
17467
17632
17791
17945
18092
18233
18365
18489
18605
18710
18806
18891
18964
19027
19077
19115
19140
19152
19150
19135
19105
19062
19004
18931
18844
18742
18625
18493
