6.4231e+05
6.4817e+05
6.5402e+05
6.5987e+05
6.6573e+05
6.7159e+05
6.7746e+05
6.8334e+05
6.8923e+05
6.9513e+05
7.0106e+05
7.0699e+05
7.1294e+05
7.1891e+05
7.2489e+05
7.3089e+05
7.369e+05
7.4293e+05
7.4896e+05
7.55e+05
7.6105e+05
7.6709e+05
7.7314e+05
7.7918e+05
7.8521e+05
7.9123e+05
7.9723e+05
8.0321e+05
8.0917e+05
8.1509e+05
8.2098e+05
8.2683e+05
8.3264e+05
8.3839e+05
8.4409e+05
8.4972e+05
8.553e+05
8.608e+05
8.6622e+05
8.7156e+05
8.7682e+05
8.8199e+05
8.8706e+05
8.9203e+05
8.969e+05
9.0166e+05
9.063e+05
9.1083e+05
9.1524e+05
9.1953e+05
9.2369e+05
9.2773e+05
9.3163e+05
9.3539e+05
9.3902e+05
9.4251e+05
9.4586e+05
9.4907e+05
9.5213e+05
9.5505e+05
9.5783e+05
9.6046e+05
9.6295e+05
9.6529e+05
9.6748e+05
9.6953e+05
9.7144e+05
9.732e+05
9.7482e+05
9.763e+05
9.7764e+05
9.7884e+05
9.799e+05
9.8083e+05
9.8163e+05
9.823e+05
9.8284e+05
9.8326e+05
9.8355e+05
9.8372e+05
9.8378e+05
9.8372e+05
9.8355e+05
9.8327e+05
9.8288e+05
9.8239e+05
9.8181e+05
9.8112e+05
9.8034e+05
9.7947e+05
9.7852e+05
9.7748e+05
9.7635e+05
9.7515e+05
9.7387e+05
9.7252e+05
9.711e+05
9.696e+05
9.6805e+05
9.6643e+05
9.6475e+05
9.6302e+05
9.6123e+05
9.5938e+05
9.5749e+05
9.5554e+05
9.5355e+05
9.5152e+05
9.4944e+05
9.4732e+05
9.4516e+05
9.4297e+05
9.4074e+05
9.3847e+05
9.3617e+05
9.3384e+05
9.3147e+05
9.2908e+05
9.2665e+05
9.242e+05
9.2172e+05
9.1921e+05
9.1668e+05
9.1412e+05
9.1154e+05
9.0893e+05
9.063e+05
9.0364e+05
9.0096e+05
8.9826e+05
8.9554e+05
8.9279e+05
8.9002e+05
8.8722e+05
8.8441e+05
8.8157e+05
8.787e+05
8.7582e+05
8.7291e+05
8.6998e+05
8.6703e+05
8.6405e+05
8.6105e+05
8.5802e+05
8.5497e+05
8.519e+05
8.4881e+05
8.4569e+05
8.4254e+05
8.3938e+05
8.3618e+05
8.3297e+05
8.2973e+05
8.2646e+05
8.2317e+05
8.1985e+05
8.1652e+05
8.1315e+05
8.0977e+05
8.0635e+05
8.0292e+05
7.9946e+05
7.9598e+05
7.9248e+05
7.8895e+05
7.854e+05
7.8183e+05
7.7824e+05
7.7462e+05
7.7099e+05
7.6734e+05
7.6367e+05
7.5998e+05
7.5628e+05
7.5255e+05
7.4882e+05
7.4507e+05
7.413e+05
7.3752e+05
7.3373e+05
7.2993e+05
7.2612e+05
7.223e+05
7.1848e+05
7.1465e+05
7.1081e+05
7.0698e+05
7.0314e+05
6.9929e+05
6.9545e+05
6.9162e+05
6.8778e+05
6.8395e+05
6.8013e+05
6.7631e+05
6.7251e+05
6.6871e+05
6.6493e+05
6.6116e+05
6.5741e+05
6.5367e+05
6.4996e+05
6.4626e+05
6.4258e+05
6.3893e+05
6.353e+05
6.3169e+05
6.2812e+05
6.2457e+05
6.2105e+05
6.1756e+05
6.1411e+05
6.1069e+05
6.073e+05
6.0395e+05
6.0064e+05
5.9737e+05
5.9414e+05
5.9095e+05
5.878e+05
5.8469e+05
5.8163e+05
5.7862e+05
5.7565e+05
5.7273e+05
5.6986e+05
5.6703e+05
5.6426e+05
5.6153e+05
5.5886e+05
5.5624e+05
5.5367e+05
5.5116e+05
5.487e+05
5.4629e+05
5.4394e+05
5.4164e+05
5.394e+05
5.3722e+05
5.3509e+05
5.3302e+05
5.3101e+05
5.2905e+05
5.2715e+05
5.2531e+05
5.2353e+05
5.218e+05
5.2014e+05
5.1853e+05
5.1698e+05
5.1549e+05
5.1405e+05
5.1268e+05
5.1136e+05
5.101e+05
5.089e+05
5.0776e+05
5.0668e+05
5.0565e+05
5.0468e+05
5.0377e+05
5.0292e+05
5.0212e+05
5.0138e+05
5.007e+05
5.0008e+05
4.9951e+05
4.9899e+05
4.9853e+05
4.9813e+05
4.9778e+05
4.9749e+05
4.9725e+05
4.9706e+05
4.9693e+05
4.9685e+05
4.9682e+05
4.9685e+05
4.9693e+05
4.9705e+05
4.9723e+05
4.9746e+05
4.9774e+05
4.9806e+05
4.9844e+05
4.9886e+05
4.9933e+05
4.9985e+05
5.0041e+05
5.0102e+05
5.0167e+05
5.0236e+05
5.031e+05
5.0388e+05
5.0471e+05
5.0557e+05
5.0648e+05
5.0742e+05
5.0841e+05
5.0943e+05
5.1049e+05
5.1158e+05
5.1271e+05
5.1388e+05
5.1508e+05
5.1631e+05
5.1758e+05
5.1888e+05
5.2021e+05
5.2156e+05
5.2295e+05
5.2437e+05
5.2582e+05
5.2729e+05
5.2879e+05
5.3031e+05
5.3186e+05
5.3344e+05
5.3504e+05
5.3666e+05
5.383e+05
5.3997e+05
5.4165e+05
5.4336e+05
5.4509e+05
5.4683e+05
5.486e+05
5.5038e+05
5.5219e+05
5.5401e+05
5.5584e+05
5.577e+05
5.5957e+05
5.6146e+05
5.6336e+05
5.6528e+05
5.6722e+05
5.6917e+05
5.7114e+05
5.7312e+05
5.7512e+05
5.7713e+05
5.7916e+05
5.812e+05
5.8326e+05
5.8533e+05
5.8742e+05
5.8952e+05
5.9164e+05
5.9377e+05
5.9592e+05
5.9809e+05
6.0026e+05
6.0246e+05
6.0467e+05
6.069e+05
6.0914e+05
6.114e+05
6.1367e+05
6.1596e+05
6.1827e+05
6.2059e+05
6.2293e+05
6.2529e+05
6.2766e+05
6.3005e+05
6.3245e+05
6.3487e+05
6.373e+05
6.3975e+05
6.4221e+05
6.4469e+05
6.4719e+05
6.4969e+05
6.5221e+05
6.5475e+05
6.5729e+05
6.5985e+05
6.6242e+05
6.65e+05
6.6759e+05
6.7019e+05
6.7279e+05
6.7541e+05
6.7803e+05
6.8065e+05
6.8328e+05
6.8591e+05
6.8854e+05
6.9117e+05
6.938e+05
6.9643e+05
6.9906e+05
7.0167e+05
7.0429e+05
7.0689e+05
7.0948e+05
7.1206e+05
7.1463e+05
7.1718e+05
7.1972e+05
7.2223e+05
7.2473e+05
7.272e+05
7.2965e+05
7.3207e+05
7.3447e+05
7.3683e+05
7.3916e+05
7.4146e+05
7.4373e+05
7.4595e+05
7.4814e+05
7.5029e+05
7.5239e+05
7.5445e+05
7.5646e+05
7.5842e+05
7.6034e+05
7.622e+05
7.6401e+05
7.6576e+05
7.6746e+05
7.691e+05
7.7068e+05
7.7221e+05
7.7367e+05
7.7506e+05
7.764e+05
7.7767e+05
7.7887e+05
7.8e+05
7.8107e+05
7.8207e+05
7.83e+05
7.8386e+05
7.8465e+05
7.8537e+05
7.8602e+05
7.866e+05
7.8711e+05
7.8754e+05
7.879e+05
7.8819e+05
7.8841e+05
7.8856e+05
7.8864e+05
7.8865e+05
7.8859e+05
7.8845e+05
7.8825e+05
7.8798e+05
7.8765e+05
7.8724e+05
7.8677e+05
7.8624e+05
7.8564e+05
7.8498e+05
7.8426e+05
7.8348e+05
7.8264e+05
7.8174e+05
7.8078e+05
7.7977e+05
7.7871e+05
7.7759e+05
7.7642e+05
7.752e+05
7.7393e+05
7.7261e+05
7.7125e+05
7.6985e+05
7.684e+05
7.6691e+05
7.6538e+05
7.6381e+05
7.6221e+05
7.6057e+05
7.5889e+05
7.5719e+05
7.5545e+05
7.5368e+05
7.5188e+05
7.5006e+05
7.4821e+05
7.4633e+05
7.4443e+05
7.4251e+05
7.4057e+05
7.386e+05
7.3662e+05
7.3461e+05
7.3259e+05
7.3055e+05
7.285e+05
7.2643e+05
7.2435e+05
7.2225e+05
7.2014e+05
7.1801e+05
7.1587e+05
7.1373e+05
7.1157e+05
7.0939e+05
7.0721e+05
7.0502e+05
7.0281e+05
7.006e+05
6.9838e+05
6.9614e+05
6.939e+05
6.9164e+05
6.8938e+05
6.8711e+05
6.8482e+05
6.8253e+05
6.8022e+05
6.7791e+05
6.7558e+05
6.7324e+05
6.7089e+05
6.6853e+05
6.6616e+05
6.6377e+05
6.6137e+05
6.5896e+05
6.5654e+05
6.541e+05
6.5165e+05
6.4918e+05
6.467e+05
6.442e+05
6.4169e+05
6.3916e+05
6.3662e+05
6.3406e+05
6.3148e+05
6.2889e+05
6.2627e+05
6.2364e+05
6.2099e+05
6.1833e+05
6.1564e+05
6.1293e+05
6.1021e+05
6.0746e+05
6.047e+05
6.0191e+05
5.9911e+05
5.9628e+05
5.9344e+05
5.9057e+05
5.8769e+05
5.8478e+05
5.8185e+05
5.789e+05
5.7593e+05
5.7294e+05
5.6993e+05
5.669e+05
5.6385e+05
5.6078e+05
5.5769e+05
5.5458e+05
5.5145e+05
5.483e+05
5.4512e+05
5.4193e+05
5.3873e+05
5.355e+05
5.3225e+05
5.2899e+05
5.257e+05
5.224e+05
5.1909e+05
5.1575e+05
5.124e+05
5.0903e+05
5.0565e+05
5.0225e+05
4.9884e+05
4.9541e+05
4.9197e+05
4.8851e+05
4.8504e+05
4.8155e+05
4.7805e+05
4.7454e+05
4.7102e+05
4.6749e+05
4.6394e+05
4.6039e+05
4.5682e+05
4.5324e+05
4.4966e+05
4.4606e+05
4.4245e+05
4.3884e+05
4.3522e+05
4.3159e+05
4.2795e+05
4.2431e+05
4.2066e+05
4.17e+05
4.1334e+05
4.0967e+05
4.06e+05
4.0232e+05
3.9864e+05
3.9495e+05
3.9126e+05
3.8757e+05
3.8388e+05
3.8018e+05
3.7648e+05
3.7278e+05
3.6908e+05
3.6537e+05
3.6167e+05
3.5796e+05
3.5426e+05
3.5056e+05
3.4685e+05
3.4315e+05
3.3945e+05
3.3576e+05
3.3206e+05
3.2837e+05
3.2468e+05
3.2099e+05
3.1731e+05
3.1364e+05
3.0996e+05
3.063e+05
3.0263e+05
2.9898e+05
2.9533e+05
2.9169e+05
2.8805e+05
2.8442e+05
2.808e+05
2.7719e+05
2.7359e+05
2.6999e+05
2.6641e+05
2.6283e+05
2.5927e+05
2.5572e+05
2.5217e+05
2.4864e+05
2.4512e+05
2.4162e+05
2.3812e+05
2.3464e+05
2.3117e+05
2.2772e+05
2.2428e+05
2.2085e+05
2.1744e+05
2.1404e+05
2.1066e+05
2.073e+05
2.0395e+05
2.0062e+05
1.9731e+05
1.9401e+05
1.9073e+05
1.8746e+05
1.8422e+05
1.8099e+05
1.7778e+05
1.746e+05
1.7143e+05
1.6827e+05
1.6514e+05
1.6203e+05
1.5894e+05
1.5586e+05
1.5281e+05
1.4978e+05
1.4677e+05
1.4378e+05
1.4081e+05
1.3786e+05
1.3493e+05
1.3202e+05
1.2913e+05
1.2626e+05
1.2342e+05
1.2059e+05
1.1779e+05
1.1501e+05
1.1225e+05
1.095e+05
1.0678e+05
1.0409e+05
1.0141e+05
98749
96112
93495
90899
88323
85767
83231
80715
78219
75742
73285
70847
68428
66028
63646
61284
58939
56613
54305
52014
49741
47486
45247
43026
40821
38634
36462
34307
32168
30045
27937
25845
23769
21707
19661
17630
15613
13611
11624
9651.3
7692.8
5748.5
3818.3
1902.2
0
