7.1038e+05
7.1087e+05
7.1122e+05
7.1144e+05
7.1153e+05
7.1149e+05
7.1132e+05
7.1102e+05
7.106e+05
7.1006e+05
7.0939e+05
7.086e+05
7.0769e+05
7.0666e+05
7.0551e+05
7.0425e+05
7.0288e+05
7.014e+05
6.9981e+05
6.9811e+05
6.963e+05
6.9439e+05
6.9239e+05
6.9028e+05
6.8807e+05
6.8577e+05
6.8338e+05
6.809e+05
6.7832e+05
6.7567e+05
6.7292e+05
6.701e+05
6.672e+05
6.6422e+05
6.6116e+05
6.5803e+05
6.5484e+05
6.5157e+05
6.4824e+05
6.4484e+05
6.4139e+05
6.3787e+05
6.343e+05
6.3068e+05
6.27e+05
6.2328e+05
6.195e+05
6.1569e+05
6.1182e+05
6.0792e+05
6.0398e+05
6.0001e+05
5.96e+05
5.9196e+05
5.8789e+05
5.8379e+05
5.7967e+05
5.7553e+05
5.7136e+05
5.6718e+05
5.6297e+05
5.5876e+05
5.5453e+05
5.5029e+05
5.4604e+05
5.4178e+05
5.3752e+05
5.3325e+05
5.2898e+05
5.2472e+05
5.2045e+05
5.1619e+05
5.1193e+05
5.0768e+05
5.0343e+05
4.992e+05
4.9497e+05
4.9076e+05
4.8656e+05
4.8238e+05
4.7822e+05
4.7407e+05
4.6994e+05
4.6583e+05
4.6174e+05
4.5768e+05
4.5363e+05
4.4962e+05
4.4562e+05
4.4166e+05
4.3772e+05
4.3381e+05
4.2993e+05
4.2607e+05
4.2225e+05
4.1846e+05
4.147e+05
4.1097e+05
4.0728e+05
4.0362e+05
3.9999e+05
3.964e+05
3.9284e+05
3.8931e+05
3.8583e+05
3.8237e+05
3.7896e+05
3.7557e+05
3.7223e+05
3.6892e+05
3.6565e+05
3.6241e+05
3.5922e+05
3.5605e+05
3.5293e+05
3.4984e+05
3.4678e+05
3.4377e+05
3.4079e+05
3.3784e+05
3.3493e+05
3.3206e+05
3.2922e+05
3.2641e+05
3.2364e+05
3.2091e+05
3.182e+05
3.1554e+05
3.129e+05
3.103e+05
3.0773e+05
3.0519e+05
3.0268e+05
3.002e+05
2.9775e+05
2.9534e+05
2.9295e+05
2.9059e+05
2.8825e+05
2.8595e+05
2.8367e+05
2.8142e+05
2.7919e+05
2.7699e+05
2.7481e+05
2.7266e+05
2.7052e+05
2.6842e+05
2.6633e+05
2.6426e+05
2.6222e+05
2.6019e+05
2.5818e+05
2.5619e+05
2.5422e+05
2.5227e+05
2.5033e+05
2.4841e+05
2.465e+05
2.4461e+05
2.4273e+05
2.4086e+05
2.3901e+05
2.3717e+05
2.3534e+05
2.3353e+05
2.3172e+05
2.2992e+05
2.2813e+05
2.2636e+05
2.2459e+05
2.2282e+05
2.2107e+05
2.1932e+05
2.1758e+05
2.1584e+05
2.1411e+05
2.1239e+05
2.1067e+05
2.0895e+05
2.0724e+05
2.0553e+05
2.0383e+05
2.0213e+05
2.0043e+05
1.9874e+05
1.9705e+05
1.9536e+05
1.9368e+05
1.9199e+05
1.9031e+05
1.8863e+05
1.8696e+05
1.8528e+05
1.8361e+05
1.8194e+05
1.8027e+05
1.786e+05
1.7694e+05
1.7528e+05
1.7362e+05
1.7196e+05
1.7031e+05
1.6866e+05
1.6701e+05
1.6537e+05
1.6373e+05
1.6209e+05
1.6046e+05
1.5884e+05
1.5722e+05
1.556e+05
1.54e+05
1.524e+05
1.508e+05
1.4922e+05
1.4764e+05
1.4607e+05
1.4451e+05
1.4296e+05
1.4142e+05
1.3989e+05
1.3838e+05
1.3687e+05
1.3538e+05
1.3391e+05
1.3245e+05
1.31e+05
1.2957e+05
1.2816e+05
1.2677e+05
1.2539e+05
1.2404e+05
1.227e+05
1.2139e+05
1.201e+05
1.1883e+05
1.1759e+05
1.1637e+05
1.1518e+05
1.1401e+05
1.1287e+05
1.1176e+05
1.1068e+05
1.0964e+05
1.0862e+05
1.0764e+05
1.0669e+05
1.0577e+05
1.0489e+05
1.0405e+05
1.0325e+05
1.0248e+05
1.0176e+05
1.0107e+05
1.0043e+05
99834
99280
98772
98309
97894
97527
97210
96943
96727
96564
96454
96399
96399
96456
96570
96742
96973
97264
97617
98031
98509
99050
99656
1.0033e+05
1.0106e+05
1.0187e+05
1.0274e+05
1.0368e+05
1.0469e+05
1.0577e+05
1.0692e+05
1.0814e+05
1.0944e+05
1.1081e+05
1.1225e+05
1.1376e+05
1.1535e+05
1.1701e+05
1.1875e+05
1.2057e+05
1.2246e+05
1.2443e+05
1.2648e+05
1.286e+05
1.308e+05
1.3308e+05
1.3544e+05
1.3788e+05
1.404e+05
1.43e+05
1.4567e+05
1.4843e+05
1.5127e+05
1.5418e+05
1.5718e+05
1.6026e+05
1.6342e+05
1.6665e+05
1.6997e+05
1.7337e+05
1.7684e+05
1.804e+05
1.8404e+05
1.8775e+05
1.9155e+05
1.9542e+05
1.9937e+05
2.034e+05
2.075e+05
2.1169e+05
2.1595e+05
2.2028e+05
2.247e+05
2.2918e+05
2.3374e+05
2.3838e+05
2.4309e+05
2.4787e+05
2.5272e+05
2.5765e+05
2.6264e+05
2.6771e+05
2.7284e+05
2.7804e+05
2.8331e+05
2.8864e+05
2.9404e+05
2.995e+05
3.0502e+05
3.1061e+05
3.1626e+05
3.2196e+05
3.2773e+05
3.3355e+05
3.3943e+05
3.4537e+05
3.5135e+05
3.5739e+05
3.6348e+05
3.6963e+05
3.7581e+05
3.8205e+05
3.8833e+05
3.9466e+05
4.0103e+05
4.0744e+05
4.1389e+05
4.2038e+05
4.269e+05
4.3346e+05
4.4005e+05
4.4668e+05
4.5334e+05
4.6002e+05
4.6673e+05
4.7347e+05
4.8023e+05
4.8702e+05
4.9382e+05
5.0064e+05
5.0748e+05
5.1434e+05
5.2121e+05
5.2809e+05
5.3498e+05
5.4187e+05
5.4878e+05
5.5569e+05
5.626e+05
5.6951e+05
5.7642e+05
5.8333e+05
5.9023e+05
5.9713e+05
6.0402e+05
6.109e+05
6.1776e+05
6.2462e+05
6.3145e+05
6.3827e+05
6.4507e+05
6.5185e+05
6.5861e+05
6.6534e+05
6.7204e+05
6.7872e+05
6.8536e+05
6.9197e+05
6.9855e+05
7.0509e+05
7.116e+05
7.1806e+05
7.2448e+05
7.3086e+05
7.372e+05
7.4349e+05
7.4973e+05
7.5592e+05
7.6205e+05
7.6814e+05
7.7417e+05
7.8014e+05
7.8605e+05
7.919e+05
7.9769e+05
8.0342e+05
8.0908e+05
8.1468e+05
8.2021e+05
8.2566e+05
8.3105e+05
8.3636e+05
8.416e+05
8.4676e+05
8.5185e+05
8.5686e+05
8.6178e+05
8.6663e+05
8.7139e+05
8.7607e+05
8.8066e+05
8.8517e+05
8.8959e+05
8.9392e+05
8.9816e+05
9.0231e+05
9.0636e+05
9.1032e+05
9.1419e+05
9.1796e+05
9.2164e+05
9.2522e+05
9.2869e+05
9.3207e+05
9.3535e+05
9.3853e+05
9.416e+05
9.4457e+05
9.4744e+05
9.5021e+05
9.5286e+05
9.5542e+05
9.5786e+05
9.602e+05
9.6243e+05
9.6455e+05
9.6656e+05
9.6847e+05
9.7026e+05
9.7194e+05
9.7352e+05
9.7498e+05
9.7633e+05
9.7757e+05
9.7869e+05
9.7971e+05
9.8061e+05
9.814e+05
9.8208e+05
9.8264e+05
9.831e+05
9.8344e+05
9.8366e+05
9.8378e+05
9.8378e+05
9.8367e+05
9.8344e+05
9.8311e+05
9.8266e+05
9.821e+05
9.8143e+05
9.8064e+05
9.7975e+05
9.7875e+05
9.7763e+05
9.7641e+05
9.7507e+05
9.7363e+05
9.7208e+05
9.7042e+05
9.6866e+05
9.6678e+05
9.6481e+05
9.6272e+05
9.6053e+05
9.5824e+05
9.5585e+05
9.5335e+05
9.5075e+05
9.4805e+05
9.4525e+05
9.4235e+05
9.3935e+05
9.3626e+05
9.3306e+05
9.2978e+05
9.264e+05
9.2292e+05
9.1935e+05
9.157e+05
9.1195e+05
9.0811e+05
9.0418e+05
9.0017e+05
8.9607e+05
8.9189e+05
8.8762e+05
8.8328e+05
8.7885e+05
8.7434e+05
8.6975e+05
8.6509e+05
8.6035e+05
8.5553e+05
8.5065e+05
8.4569e+05
8.4066e+05
8.3556e+05
8.3039e+05
8.2516e+05
8.1986e+05
8.145e+05
8.0908e+05
8.036e+05
7.9806e+05
7.9246e+05
7.868e+05
7.811e+05
7.7533e+05
7.6952e+05
7.6365e+05
7.5774e+05
7.5178e+05
7.4578e+05
7.3973e+05
7.3363e+05
7.275e+05
7.2133e+05
7.1512e+05
7.0887e+05
7.0259e+05
6.9628e+05
6.8993e+05
6.8355e+05
6.7715e+05
6.7072e+05
6.6426e+05
6.5778e+05
6.5127e+05
6.4475e+05
6.3821e+05
6.3164e+05
6.2506e+05
6.1847e+05
6.1186e+05
6.0525e+05
5.9862e+05
5.9198e+05
5.8533e+05
5.7868e+05
5.7203e+05
5.6537e+05
5.5871e+05
5.5205e+05
5.4539e+05
5.3873e+05
5.3208e+05
5.2543e+05
5.1879e+05
5.1216e+05
5.0553e+05
4.9892e+05
4.9232e+05
4.8574e+05
4.7916e+05
4.7261e+05
4.6607e+05
4.5955e+05
4.5305e+05
4.4658e+05
4.4012e+05
4.3369e+05
4.2728e+05
4.209e+05
4.1454e+05
4.0822e+05
4.0192e+05
3.9565e+05
3.8941e+05
3.8321e+05
3.7704e+05
3.709e+05
3.648e+05
3.5874e+05
3.5271e+05
3.4672e+05
3.4077e+05
3.3487e+05
3.29e+05
3.2317e+05
3.1739e+05
3.1165e+05
3.0595e+05
3.003e+05
2.947e+05
2.8914e+05
2.8363e+05
2.7816e+05
2.7275e+05
2.6738e+05
2.6207e+05
2.568e+05
2.5159e+05
2.4642e+05
2.4131e+05
2.3626e+05
2.3125e+05
2.263e+05
2.214e+05
2.1656e+05
2.1177e+05
2.0704e+05
2.0237e+05
1.9775e+05
1.9318e+05
1.8868e+05
1.8423e+05
1.7983e+05
1.755e+05
1.7122e+05
1.67e+05
1.6284e+05
1.5874e+05
1.5469e+05
1.507e+05
1.4678e+05
1.4291e+05
1.391e+05
1.3535e+05
1.3165e+05
1.2802e+05
1.2444e+05
1.2093e+05
1.1747e+05
1.1407e+05
1.1073e+05
1.0745e+05
1.0423e+05
1.0106e+05
97955
94905
91914
88980
86103
83283
80520
77813
75162
72568
70028
67545
65116
62741
60421
58154
55941
53780
51672
49616
47612
45659
43756
41904
40101
38348
36643
34986
33377
31815
30300
28830
27406
26026
24691
23399
22150
20944
19779
18655
17572
16529
15525
14560
13632
12742
11889
11071
10289
9541.8
8828.3
8148.1
7500.6
6885
6300.8
5747.2
5223.5
4729
4263.2
3825.3
3414.6
3030.5
2672.3
2339.2
2030.7
1746.1
1484.6
1245.7
1028.6
832.75
657.4
501.94
365.69
248.02
148.27
65.813
0
