5891.6
5014.6
4198.3
3445.9
2760.2
2144.2
1600.6
1132
740.99
430.04
201.45
57.41
0
31.167
152.73
366.38
673.67
1076
1574.7
2170.9
2865.6
3659.7
4553.9
5548.8
6644.8
7842.3
9141.4
10542
12044
13648
15352
17157
19062
21066
23167
25366
27660
30049
32531
35105
37769
40521
43359
46281
49286
52371
55534
58772
62083
65465
68915
72430
76007
79643
83337
87084
90881
94726
98616
1.0255e+05
1.0651e+05
1.1052e+05
1.1455e+05
1.1862e+05
1.227e+05
1.2681e+05
1.3094e+05
1.3508e+05
1.3923e+05
1.4339e+05
1.4756e+05
1.5172e+05
1.5588e+05
1.6004e+05
1.6419e+05
1.6832e+05
1.7244e+05
1.7653e+05
1.8061e+05
1.8465e+05
1.8867e+05
1.9266e+05
1.9661e+05
2.0052e+05
2.0438e+05
2.082e+05
2.1198e+05
2.157e+05
2.1936e+05
2.2297e+05
2.2652e+05
2.3001e+05
2.3343e+05
2.3678e+05
2.4006e+05
2.4327e+05
2.464e+05
2.4945e+05
2.5242e+05
2.5531e+05
2.5812e+05
2.6084e+05
2.6347e+05
2.6601e+05
2.6846e+05
2.7082e+05
2.7308e+05
2.7524e+05
2.7731e+05
2.7927e+05
2.8114e+05
2.829e+05
2.8457e+05
2.8613e+05
2.8758e+05
2.8893e+05
2.9018e+05
2.9132e+05
2.9235e+05
2.9328e+05
2.941e+05
2.9481e+05
2.9542e+05
2.9592e+05
2.9632e+05
2.9661e+05
2.9679e+05
2.9687e+05
2.9685e+05
2.9672e+05
2.9649e+05
2.9616e+05
2.9573e+05
2.9519e+05
2.9456e+05
2.9384e+05
2.9301e+05
2.921e+05
2.9109e+05
2.8998e+05
2.8879e+05
2.8751e+05
2.8615e+05
2.847e+05
2.8317e+05
2.8156e+05
2.7987e+05
2.781e+05
2.7626e+05
2.7435e+05
2.7237e+05
2.7032e+05
2.6821e+05
2.6604e+05
2.638e+05
2.6151e+05
2.5916e+05
2.5675e+05
2.543e+05
2.518e+05
2.4926e+05
2.4667e+05
2.4404e+05
2.4137e+05
2.3867e+05
2.3593e+05
2.3317e+05
2.3037e+05
2.2755e+05
2.2471e+05
2.2184e+05
2.1896e+05
2.1606e+05
2.1315e+05
2.1022e+05
2.0729e+05
2.0435e+05
2.014e+05
1.9845e+05
1.955e+05
1.9255e+05
1.896e+05
1.8666e+05
1.8373e+05
1.808e+05
1.7788e+05
1.7498e+05
1.7209e+05
1.6921e+05
1.6635e+05
1.6351e+05
1.6069e+05
1.5789e+05
1.5511e+05
1.5235e+05
1.4962e+05
1.4691e+05
1.4422e+05
1.4157e+05
1.3894e+05
1.3634e+05
1.3377e+05
1.3123e+05
1.2872e+05
1.2624e+05
1.238e+05
1.2138e+05
1.19e+05
1.1665e+05
1.1433e+05
1.1205e+05
1.098e+05
1.0759e+05
1.054e+05
1.0326e+05
1.0114e+05
99064
97019
95008
93032
91089
89181
87306
85465
83658
81885
80145
78438
76764
75124
73516
71941
70398
68888
67410
65964
64550
63168
61818
60499
59212
57957
56733
55540
54379
53250
52152
51085
50050
49046
48074
47133
46225
45348
44503
43690
42909
42160
41444
40760
40109
39491
38905
38353
37833
37346
36893
36473
36086
35733
35412
35125
34872
34651
34463
34309
34187
34097
34040
34014
34021
34059
34127
34226
34355
34513
34701
34916
35159
35428
35724
36045
36390
36758
37149
37561
37994
38446
38916
39404
39907
40424
40955
41498
42052
42616
43187
43765
44349
44936
45527
46118
46710
47300
47887
48470
49048
49620
50183
50738
51283
51817
52339
52848
53342
53823
54288
54737
55170
55586
55985
56367
56731
57078
57407
57720
58016
58296
58561
58812
59049
59274
59488
59692
59888
60078
60264
60447
60630
60816
61007
61205
61414
61636
61875
62135
62417
62727
63068
63444
63859
64317
64822
65380
65994
66669
67409
68221
69108
70076
71129
72274
73514
74855
76303
77863
79540
81339
83266
85325
87522
89863
92352
94994
97794
1.0076e+05
1.0389e+05
1.0719e+05
1.1067e+05
1.1434e+05
1.1818e+05
1.2222e+05
1.2645e+05
1.3088e+05
1.3551e+05
1.4034e+05
1.4538e+05
1.5063e+05
1.5609e+05
1.6177e+05
1.6766e+05
1.7377e+05
1.801e+05
1.8665e+05
1.9342e+05
2.0042e+05
2.0764e+05
2.1508e+05
2.2274e+05
2.3063e+05
2.3874e+05
2.4706e+05
2.556e+05
2.6436e+05
2.7333e+05
2.8251e+05
2.919e+05
3.0149e+05
3.1128e+05
3.2127e+05
3.3144e+05
3.418e+05
3.5234e+05
3.6306e+05
3.7394e+05
3.8499e+05
3.9619e+05
4.0754e+05
4.1903e+05
4.3065e+05
4.424e+05
4.5427e+05
4.6624e+05
4.7831e+05
4.9047e+05
5.0271e+05
5.1503e+05
5.274e+05
5.3982e+05
5.5229e+05
5.6478e+05
5.7729e+05
5.8981e+05
6.0233e+05
6.1483e+05
6.2731e+05
6.3975e+05
6.5213e+05
6.6446e+05
6.7672e+05
6.8888e+05
7.0096e+05
7.1292e+05
7.2477e+05
7.3648e+05
7.4805e+05
7.5946e+05
7.7071e+05
7.8177e+05
7.9265e+05
8.0332e+05
8.1379e+05
8.2403e+05
8.3403e+05
8.4379e+05
8.5329e+05
8.6253e+05
8.7149e+05
8.8016e+05
8.8855e+05
8.9662e+05
9.0439e+05
9.1183e+05
9.1895e+05
9.2572e+05
9.3216e+05
9.3824e+05
9.4396e+05
9.4932e+05
9.5431e+05
9.5893e+05
9.6316e+05
9.6701e+05
9.7047e+05
9.7353e+05
9.762e+05
9.7847e+05
9.8034e+05
9.8181e+05
9.8287e+05
9.8353e+05
9.8378e+05
9.8362e+05
9.8306e+05
9.8209e+05
9.8072e+05
9.7895e+05
9.7678e+05
9.7422e+05
9.7126e+05
9.6791e+05
9.6418e+05
9.6007e+05
9.5558e+05
9.5072e+05
9.4549e+05
9.3991e+05
9.3397e+05
9.277e+05
9.2108e+05
9.1413e+05
9.0686e+05
8.9928e+05
8.9139e+05
8.8321e+05
8.7474e+05
8.6599e+05
8.5697e+05
8.477e+05
8.3818e+05
8.2842e+05
8.1843e+05
8.0823e+05
7.9782e+05
7.8722e+05
7.7643e+05
7.6548e+05
7.5436e+05
7.4309e+05
7.3169e+05
7.2016e+05
7.0851e+05
6.9677e+05
6.8492e+05
6.73e+05
6.6101e+05
6.4897e+05
6.3687e+05
6.2474e+05
6.1259e+05
6.0042e+05
5.8825e+05
5.7609e+05
5.6395e+05
5.5183e+05
5.3976e+05
5.2773e+05
5.1576e+05
5.0386e+05
4.9203e+05
4.8029e+05
4.6865e+05
4.571e+05
4.4567e+05
4.3436e+05
4.2317e+05
4.1212e+05
4.012e+05
3.9043e+05
3.7982e+05
3.6936e+05
3.5907e+05
3.4894e+05
3.39e+05
3.2923e+05
3.1964e+05
3.1024e+05
3.0103e+05
2.9202e+05
2.832e+05
2.7459e+05
2.6617e+05
2.5796e+05
2.4995e+05
2.4215e+05
2.3456e+05
2.2718e+05
2.2e+05
2.1304e+05
2.0628e+05
1.9973e+05
1.9339e+05
1.8725e+05
1.8132e+05
1.7559e+05
1.7006e+05
1.6473e+05
1.596e+05
1.5466e+05
1.4991e+05
1.4535e+05
1.4098e+05
1.3679e+05
1.3277e+05
1.2894e+05
1.2527e+05
1.2177e+05
1.1843e+05
1.1525e+05
1.1223e+05
1.0935e+05
1.0662e+05
1.0403e+05
1.0158e+05
99258
97064
94992
93037
91194
89459
87827
86293
84852
83500
82231
81041
79926
78881
77902
76984
76122
75313
74553
73837
73161
72523
71917
71341
70790
70263
69755
69263
68785
68317
67857
67403
66953
66502
66051
65597
65137
64671
64197
63712
63217
62710
62190
61656
61106
60542
59961
59365
58751
58121
57474
56810
56129
55431
54717
53987
53242
52482
51707
50919
50118
49304
48480
47644
46799
45946
45084
44216
43343
42465
41583
40699
39813
38928
38043
37160
36279
35403
34532
33667
32808
31958
31117
30285
29464
28654
27857
27072
26302
25545
24804
24078
23369
22676
22000
21341
20700
20077
19472
18885
18318
17768
17238
16726
16232
15758
15301
14863
14442
14040
13654
13286
12934
12599
12279
11974
11685
11410
11148
10900
10664
10440
10227
10026
9833.9
9651.6
9478.1
9312.7
9154.7
9003.5
8858.5
8718.8
8584
8453.4
8326.3
8202.1
8080.2
7960
