71427
74718
78230
81961
85909
90072
94445
99022
1.038e+05
1.0877e+05
1.1392e+05
1.1925e+05
1.2475e+05
1.3041e+05
1.3621e+05
1.4215e+05
1.4822e+05
1.5439e+05
1.6067e+05
1.6703e+05
1.7346e+05
1.7994e+05
1.8647e+05
1.9303e+05
1.9959e+05
2.0616e+05
2.127e+05
2.192e+05
2.2566e+05
2.3204e+05
2.3835e+05
2.4455e+05
2.5064e+05
2.566e+05
2.6241e+05
2.6806e+05
2.7354e+05
2.7883e+05
2.8392e+05
2.888e+05
2.9345e+05
2.9786e+05
3.0202e+05
3.0592e+05
3.0956e+05
3.1291e+05
3.1598e+05
3.1875e+05
3.2122e+05
3.2338e+05
3.2524e+05
3.2677e+05
3.2799e+05
3.2888e+05
3.2945e+05
3.297e+05
3.2962e+05
3.2922e+05
3.285e+05
3.2745e+05
3.261e+05
3.2443e+05
3.2245e+05
3.2017e+05
3.1759e+05
3.1473e+05
3.1159e+05
3.0817e+05
3.0449e+05
3.0056e+05
2.9638e+05
2.9197e+05
2.8734e+05
2.825e+05
2.7746e+05
2.7223e+05
2.6682e+05
2.6125e+05
2.5554e+05
2.4968e+05
2.437e+05
2.3762e+05
2.3143e+05
2.2517e+05
2.1883e+05
2.1244e+05
2.06e+05
1.9954e+05
1.9306e+05
1.8657e+05
1.8009e+05
1.7364e+05
1.6722e+05
1.6084e+05
1.5452e+05
1.4827e+05
1.421e+05
1.3602e+05
1.3004e+05
1.2418e+05
1.1843e+05
1.1281e+05
1.0733e+05
1.02e+05
96825
91811
86966
82298
77812
73514
69409
65502
61798
58301
55014
51940
49082
46442
44022
41824
39847
38094
36564
35257
34173
33310
32667
32242
32034
32040
32257
32683
33313
34145
35174
36396
37805
39399
41170
43114
45226
47498
49926
52501
55219
58072
61053
64155
67370
70691
74110
77620
81212
84878
88611
92402
96243
1.0012e+05
1.0404e+05
1.0798e+05
1.1194e+05
1.159e+05
1.1987e+05
1.2383e+05
1.2777e+05
1.3169e+05
1.3557e+05
1.3942e+05
1.4322e+05
1.4696e+05
1.5065e+05
1.5426e+05
1.578e+05
1.6126e+05
1.6464e+05
1.6791e+05
1.7109e+05
1.7417e+05
1.7713e+05
1.7998e+05
1.8271e+05
1.8532e+05
1.878e+05
1.9015e+05
1.9237e+05
1.9445e+05
1.964e+05
1.982e+05
1.9986e+05
2.0138e+05
2.0275e+05
2.0398e+05
2.0507e+05
2.0601e+05
2.068e+05
2.0745e+05
2.0796e+05
2.0832e+05
2.0855e+05
2.0863e+05
2.0858e+05
2.0839e+05
2.0807e+05
2.0761e+05
2.0703e+05
2.0633e+05
2.055e+05
2.0455e+05
2.0349e+05
2.0231e+05
2.0102e+05
1.9963e+05
1.9814e+05
1.9654e+05
1.9485e+05
1.9307e+05
1.912e+05
1.8924e+05
1.872e+05
1.8508e+05
1.8288e+05
1.8062e+05
1.7828e+05
1.7588e+05
1.7342e+05
1.7089e+05
1.6831e+05
1.6568e+05
1.63e+05
1.6027e+05
1.5749e+05
1.5467e+05
1.5181e+05
1.4891e+05
1.4598e+05
1.4302e+05
1.4003e+05
1.3701e+05
1.3397e+05
1.3091e+05
1.2783e+05
1.2473e+05
1.2162e+05
1.185e+05
1.1537e+05
1.1224e+05
1.0911e+05
1.0597e+05
1.0284e+05
99714
96598
93495
90407
87338
84291
81269
78276
75314
72387
69498
66650
63848
61093
58389
55740
53147
50615
48146
45742
43407
41142
38950
36834
34794
32832
30951
29151
27433
25798
24246
22778
21393
20091
18871
17732
16674
15694
14791
13963
13207
12521
11901
11346
10851
10414
10030
9696.2
9408.4
9162.6
8954.9
8781.1
8637.1
8518.7
8422
8342.8
8277.2
8221.4
8171.7
8124.6
8076.8
8025
7966.5
7898.7
7819.1
7725.9
7617.2
7491.8
7348.5
7186.7
7006.1
6806.8
6589.1
6353.9
6102.2
5835.7
5556.1
5265.7
4966.9
4662.6
4355.8
4049.8
3748.4
3455.1
3174
2909.1
2664.7
2444.9
2254.1
2096.5
1976.4
1898
1865.2
1881.9
1951.7
2078.2
2264.3
2513
2826.6
3207.3
3656.7
4176
4766
5426.9
6158.5
6959.9
7829.9
8766.4
9767.1
10829
11948
13121
14343
15608
16912
18247
19607
20986
22375
23768
25156
26530
27884
29207
30491
31729
32910
34027
35072
36036
36912
37692
38370
38940
39395
39731
39943
40029
39984
39808
39499
39059
38487
37787
36962
36017
34957
33789
32522
31165
29728
28225
26666
25067
23444
21811
20188
18592
17044
15562
14169
12886
11737
10743
9929.8
9320.4
8939.6
8811.8
8961.8
9414.4
10194
11325
12832
14737
17064
19836
23073
26796
31024
35776
41069
46919
53339
60342
67939
76141
84953
94382
1.0443e+05
1.151e+05
1.264e+05
1.3831e+05
1.5084e+05
1.6397e+05
1.7771e+05
1.9203e+05
2.0693e+05
2.2239e+05
2.3839e+05
2.5492e+05
2.7194e+05
2.8945e+05
3.0741e+05
3.2579e+05
3.4456e+05
3.6371e+05
3.8318e+05
4.0295e+05
4.2299e+05
4.4325e+05
4.6369e+05
4.8429e+05
5.0498e+05
5.2575e+05
5.4654e+05
5.673e+05
5.8801e+05
6.0861e+05
6.2905e+05
6.4931e+05
6.6932e+05
6.8905e+05
7.0846e+05
7.275e+05
7.4613e+05
7.643e+05
7.8199e+05
7.9914e+05
8.1573e+05
8.3171e+05
8.4704e+05
8.617e+05
8.7565e+05
8.8887e+05
9.0131e+05
9.1296e+05
9.2379e+05
9.3377e+05
9.429e+05
9.5113e+05
9.5847e+05
9.649e+05
9.704e+05
9.7497e+05
9.7859e+05
9.8127e+05
9.83e+05
9.8378e+05
9.8361e+05
9.8249e+05
9.8044e+05
9.7747e+05
9.7357e+05
9.6877e+05
9.6309e+05
9.5653e+05
9.4912e+05
9.4088e+05
9.3183e+05
9.2199e+05
9.114e+05
9.0008e+05
8.8805e+05
8.7536e+05
8.6202e+05
8.4808e+05
8.3356e+05
8.185e+05
8.0294e+05
7.8691e+05
7.7044e+05
7.5358e+05
7.3636e+05
7.1882e+05
7.0099e+05
6.8291e+05
6.6463e+05
6.4616e+05
6.2757e+05
6.0886e+05
5.901e+05
5.713e+05
5.525e+05
5.3374e+05
5.1505e+05
4.9646e+05
4.78e+05
4.597e+05
4.4159e+05
4.2369e+05
4.0604e+05
3.8865e+05
3.7156e+05
3.5478e+05
3.3833e+05
3.2224e+05
3.0651e+05
2.9118e+05
2.7624e+05
2.6173e+05
2.4764e+05
2.3399e+05
2.2079e+05
2.0805e+05
1.9578e+05
1.8397e+05
1.7264e+05
1.6178e+05
1.514e+05
1.415e+05
1.3207e+05
1.2312e+05
1.1464e+05
1.0662e+05
99071
91973
85322
79110
73329
67967
63015
58461
54294
50500
47067
43982
41231
38800
36673
34837
33278
31978
30925
30102
29495
29089
28869
28819
28926
29174
29551
30042
30634
31313
32067
32883
33750
34656
35590
36542
37501
38459
39406
40334
41236
42103
42929
43708
44435
45104
45711
46252
46723
47122
47447
47695
47865
47957
47970
47903
47759
47536
47237
46864
46417
45901
45316
44667
43956
43186
42362
41487
40565
39600
38596
37558
36490
35396
34281
33149
32004
30851
29694
28538
27386
26242
25110
23994
22898
21824
20776
19757
18769
17816
16898
16020
15181
14385
13631
12922
12258
11641
11069
10544
10065
9631.6
9244.2
8901.6
8602.9
8346.9
8132.4
7957.9
7821.8
7722.3
7657.6
7625.5
7623.9
7650.7
7703.5
7779.9
7877.5
7993.9
8126.5
8272.8
8430.3
8596.6
8769.2
8945.7
9123.7
9300.9
9475.2
9644.3
9806.3
9959.1
10101
10230
10346
10445
10528
10593
10638
10664
10669
10653
10615
10555
10474
10370
10245
10098
9930
9741.6
9533.4
9306.1
9060.7
8798.1
8519.5
8226
7918.8
7599.3
7268.7
6928.5
6580.1
6224.9
5864.5
5500.2
5133.6
4766
4399
4034
3672.2
3315
2963.8
2619.5
2283.5
1956.7
1640.2
1334.8
1041.4
760.6
493.11
239.43
0
