2.8285e+05
2.8665e+05
2.9044e+05
2.9424e+05
2.9804e+05
3.0183e+05
3.0561e+05
3.0938e+05
3.1314e+05
3.1689e+05
3.2063e+05
3.2434e+05
3.2804e+05
3.3172e+05
3.3538e+05
3.3901e+05
3.4262e+05
3.462e+05
3.4974e+05
3.5326e+05
3.5675e+05
3.602e+05
3.6362e+05
3.67e+05
3.7034e+05
3.7363e+05
3.7689e+05
3.8011e+05
3.8328e+05
3.864e+05
3.8948e+05
3.9251e+05
3.9549e+05
3.9842e+05
4.0129e+05
4.0411e+05
4.0688e+05
4.096e+05
4.1225e+05
4.1485e+05
4.1739e+05
4.1987e+05
4.2229e+05
4.2465e+05
4.2695e+05
4.2918e+05
4.3135e+05
4.3346e+05
4.355e+05
4.3747e+05
4.3938e+05
4.4122e+05
4.4299e+05
4.4469e+05
4.4633e+05
4.4789e+05
4.4939e+05
4.5081e+05
4.5216e+05
4.5345e+05
4.5466e+05
4.5579e+05
4.5686e+05
4.5785e+05
4.5877e+05
4.5962e+05
4.604e+05
4.611e+05
4.6172e+05
4.6228e+05
4.6276e+05
4.6317e+05
4.635e+05
4.6376e+05
4.6395e+05
4.6406e+05
4.641e+05
4.6407e+05
4.6396e+05
4.6378e+05
4.6353e+05
4.6321e+05
4.6281e+05
4.6235e+05
4.6181e+05
4.6121e+05
4.6053e+05
4.5978e+05
4.5896e+05
4.5808e+05
4.5713e+05
4.5611e+05
4.5502e+05
4.5387e+05
4.5265e+05
4.5136e+05
4.5002e+05
4.4861e+05
4.4713e+05
4.456e+05
4.44e+05
4.4234e+05
4.4063e+05
4.3885e+05
4.3702e+05
4.3514e+05
4.3319e+05
4.312e+05
4.2915e+05
4.2704e+05
4.2489e+05
4.2269e+05
4.2043e+05
4.1814e+05
4.1579e+05
4.134e+05
4.1096e+05
4.0848e+05
4.0597e+05
4.0341e+05
4.0081e+05
3.9817e+05
3.955e+05
3.9279e+05
3.9005e+05
3.8728e+05
3.8447e+05
3.8164e+05
3.7878e+05
3.7589e+05
3.7298e+05
3.7004e+05
3.6709e+05
3.6411e+05
3.6111e+05
3.5809e+05
3.5506e+05
3.5202e+05
3.4896e+05
3.4588e+05
3.428e+05
3.3971e+05
3.3661e+05
3.3351e+05
3.304e+05
3.2729e+05
3.2418e+05
3.2106e+05
3.1795e+05
3.1484e+05
3.1174e+05
3.0864e+05
3.0555e+05
3.0247e+05
2.9939e+05
2.9633e+05
2.9328e+05
2.9024e+05
2.8722e+05
2.8422e+05
2.8123e+05
2.7826e+05
2.7531e+05
2.7239e+05
2.6948e+05
2.666e+05
2.6374e+05
2.6091e+05
2.581e+05
2.5533e+05
2.5258e+05
2.4986e+05
2.4717e+05
2.4451e+05
2.4188e+05
2.3929e+05
2.3672e+05
2.342e+05
2.3171e+05
2.2925e+05
2.2683e+05
2.2444e+05
2.2209e+05
2.1978e+05
2.1751e+05
2.1527e+05
2.1308e+05
2.1092e+05
2.088e+05
2.0672e+05
2.0468e+05
2.0268e+05
2.0072e+05
1.9879e+05
1.9691e+05
1.9507e+05
1.9326e+05
1.9149e+05
1.8977e+05
1.8808e+05
1.8642e+05
1.8481e+05
1.8323e+05
1.8169e+05
1.8019e+05
1.7872e+05
1.7729e+05
1.7589e+05
1.7453e+05
1.732e+05
1.719e+05
1.7063e+05
1.694e+05
1.6819e+05
1.6702e+05
1.6587e+05
1.6475e+05
1.6366e+05
1.6259e+05
1.6155e+05
1.6053e+05
1.5953e+05
1.5856e+05
1.576e+05
1.5666e+05
1.5574e+05
1.5484e+05
1.5396e+05
1.5308e+05
1.5222e+05
1.5138e+05
1.5054e+05
1.4971e+05
1.4889e+05
1.4808e+05
1.4727e+05
1.4647e+05
1.4566e+05
1.4487e+05
1.4407e+05
1.4327e+05
1.4247e+05
1.4166e+05
1.4085e+05
1.4003e+05
1.3921e+05
1.3838e+05
1.3754e+05
1.3669e+05
1.3583e+05
1.3495e+05
1.3406e+05
1.3316e+05
1.3223e+05
1.313e+05
1.3034e+05
1.2937e+05
1.2837e+05
1.2736e+05
1.2632e+05
1.2526e+05
1.2418e+05
1.2307e+05
1.2194e+05
1.2079e+05
1.1961e+05
1.184e+05
1.1717e+05
1.1591e+05
1.1462e+05
1.1331e+05
1.1197e+05
1.106e+05
1.092e+05
1.0777e+05
1.0632e+05
1.0484e+05
1.0333e+05
1.0179e+05
1.0023e+05
98635
97016
95371
93700
92003
90282
88537
86769
84978
83166
81333
79480
77609
75721
73816
71897
69964
68019
66063
64098
62125
60146
58163
56178
54192
52206
50224
48247
46277
44316
42366
40429
38508
36605
34722
32861
31024
29215
27436
25689
23976
22300
20664
19069
17520
16018
14566
13166
11822
10536
9310.4
8147.9
7051.4
6023.5
5066.9
4184.2
3378.1
2651.2
2006.2
1445.6
972.15
588.3
296.66
99.729
0.022538
0
102.09
308.7
622.17
1044.8
1578.9
2226.7
2990.4
3872
4873.7
5997.5
7245.3
8619.1
10121
11752
13514
15409
17439
19604
21907
24349
26930
29653
32518
35526
38678
41975
45418
49008
52744
56628
60660
64840
69168
73644
78270
83043
87965
93034
98251
1.0361e+05
1.0912e+05
1.1478e+05
1.2058e+05
1.2653e+05
1.3261e+05
1.3884e+05
1.4521e+05
1.5172e+05
1.5837e+05
1.6515e+05
1.7207e+05
1.7912e+05
1.863e+05
1.9362e+05
2.0106e+05
2.0862e+05
2.1631e+05
2.2411e+05
2.3204e+05
2.4008e+05
2.4824e+05
2.565e+05
2.6488e+05
2.7335e+05
2.8193e+05
2.9061e+05
2.9939e+05
3.0825e+05
3.1721e+05
3.2625e+05
3.3538e+05
3.4458e+05
3.5386e+05
3.6321e+05
3.7263e+05
3.8211e+05
3.9166e+05
4.0126e+05
4.1091e+05
4.2062e+05
4.3036e+05
4.4015e+05
4.4997e+05
4.5983e+05
4.6971e+05
4.7962e+05
4.8954e+05
4.9949e+05
5.0944e+05
5.1939e+05
5.2935e+05
5.3931e+05
5.4926e+05
5.592e+05
5.6912e+05
5.7902e+05
5.8889e+05
5.9873e+05
6.0854e+05
6.1832e+05
6.2804e+05
6.3772e+05
6.4735e+05
6.5692e+05
6.6642e+05
6.7586e+05
6.8523e+05
6.9453e+05
7.0374e+05
7.1287e+05
7.2192e+05
7.3087e+05
7.3972e+05
7.4847e+05
7.5712e+05
7.6566e+05
7.7408e+05
7.8239e+05
7.9058e+05
7.9864e+05
8.0657e+05
8.1437e+05
8.2203e+05
8.2955e+05
8.3692e+05
8.4415e+05
8.5123e+05
8.5815e+05
8.6492e+05
8.7152e+05
8.7797e+05
8.8424e+05
8.9034e+05
8.9628e+05
9.0203e+05
9.0761e+05
9.13e+05
9.1822e+05
9.2324e+05
9.2808e+05
9.3273e+05
9.3719e+05
9.4145e+05
9.4552e+05
9.4939e+05
9.5305e+05
9.5652e+05
9.5979e+05
9.6285e+05
9.657e+05
9.6835e+05
9.7079e+05
9.7303e+05
9.7505e+05
9.7686e+05
9.7847e+05
9.7986e+05
9.8104e+05
9.8201e+05
9.8277e+05
9.8332e+05
9.8365e+05
9.8378e+05
9.8369e+05
9.8339e+05
9.8288e+05
9.8217e+05
9.8124e+05
9.8011e+05
9.7877e+05
9.7722e+05
9.7547e+05
9.7351e+05
9.7136e+05
9.69e+05
9.6644e+05
9.6369e+05
9.6074e+05
9.576e+05
9.5426e+05
9.5074e+05
9.4703e+05
9.4313e+05
9.3905e+05
9.3479e+05
9.3035e+05
9.2573e+05
9.2095e+05
9.1599e+05
9.1086e+05
9.0557e+05
9.0012e+05
8.9451e+05
8.8875e+05
8.8283e+05
8.7676e+05
8.7055e+05
8.642e+05
8.577e+05
8.5107e+05
8.4431e+05
8.3742e+05
8.304e+05
8.2326e+05
8.1601e+05
8.0864e+05
8.0115e+05
7.9357e+05
7.8588e+05
7.7809e+05
7.702e+05
7.6223e+05
7.5416e+05
7.4602e+05
7.3779e+05
7.2949e+05
7.2111e+05
7.1267e+05
7.0417e+05
6.956e+05
6.8698e+05
6.7831e+05
6.6959e+05
6.6082e+05
6.5202e+05
6.4318e+05
6.343e+05
6.254e+05
6.1648e+05
6.0753e+05
5.9857e+05
5.8959e+05
5.8061e+05
5.7162e+05
5.6262e+05
5.5364e+05
5.4465e+05
5.3568e+05
5.2672e+05
5.1777e+05
5.0885e+05
4.9994e+05
4.9107e+05
4.8222e+05
4.7341e+05
4.6464e+05
4.559e+05
4.4721e+05
4.3857e+05
4.2997e+05
4.2143e+05
4.1294e+05
4.0451e+05
3.9614e+05
3.8783e+05
3.7959e+05
3.7141e+05
3.6331e+05
3.5528e+05
3.4733e+05
3.3946e+05
3.3166e+05
3.2395e+05
3.1632e+05
3.0878e+05
3.0133e+05
2.9397e+05
2.867e+05
2.7953e+05
2.7245e+05
2.6546e+05
2.5858e+05
2.518e+05
2.4511e+05
2.3853e+05
2.3206e+05
2.2568e+05
2.1942e+05
2.1326e+05
2.0721e+05
2.0127e+05
1.9543e+05
1.8971e+05
1.841e+05
1.7859e+05
1.732e+05
1.6792e+05
1.6276e+05
1.577e+05
1.5276e+05
1.4793e+05
1.4321e+05
1.3861e+05
1.3411e+05
1.2973e+05
1.2547e+05
1.2131e+05
1.1726e+05
1.1333e+05
1.095e+05
1.0579e+05
1.0218e+05
98684
95294
92011
88834
85762
82794
79930
77167
74506
71944
69482
67117
64848
62674
60594
58606
56709
54901
53181
51548
50000
48535
47152
45849
44625
43477
42405
41406
40480
39623
38835
38113
37456
36863
36331
35858
35443
35085
34780
34528
34327
34174
34069
34009
33992
34017
34083
34186
34326
34501
34709
34949
35218
35515
35839
36188
36559
36953
37366
37798
38247
38711
39189
39680
40182
40694
41214
41741
42273
42810
43351
43893
44436
44978
45519
46057
46591
47121
47645
48161
48671
49171
49662
50143
50612
51069
51514
51945
52362
52764
53151
53522
53877
54214
