5.9808e+05
6.0027e+05
6.0237e+05
6.0438e+05
6.0632e+05
6.0816e+05
6.0993e+05
6.1161e+05
6.1321e+05
6.1472e+05
6.1615e+05
6.175e+05
6.1877e+05
6.1996e+05
6.2107e+05
6.221e+05
6.2305e+05
6.2392e+05
6.2471e+05
6.2543e+05
6.2607e+05
6.2664e+05
6.2713e+05
6.2755e+05
6.2789e+05
6.2816e+05
6.2837e+05
6.285e+05
6.2857e+05
6.2856e+05
6.2849e+05
6.2835e+05
6.2815e+05
6.2789e+05
6.2756e+05
6.2717e+05
6.2672e+05
6.2621e+05
6.2564e+05
6.2502e+05
6.2433e+05
6.236e+05
6.2281e+05
6.2196e+05
6.2107e+05
6.2012e+05
6.1912e+05
6.1808e+05
6.1698e+05
6.1585e+05
6.1466e+05
6.1343e+05
6.1216e+05
6.1085e+05
6.0949e+05
6.081e+05
6.0667e+05
6.052e+05
6.0369e+05
6.0215e+05
6.0057e+05
5.9896e+05
5.9732e+05
5.9564e+05
5.9394e+05
5.922e+05
5.9044e+05
5.8865e+05
5.8683e+05
5.8498e+05
5.8311e+05
5.8122e+05
5.793e+05
5.7736e+05
5.754e+05
5.7342e+05
5.7142e+05
5.694e+05
5.6736e+05
5.653e+05
5.6322e+05
5.6113e+05
5.5902e+05
5.569e+05
5.5476e+05
5.5261e+05
5.5044e+05
5.4827e+05
5.4608e+05
5.4387e+05
5.4166e+05
5.3943e+05
5.372e+05
5.3495e+05
5.327e+05
5.3043e+05
5.2816e+05
5.2588e+05
5.2359e+05
5.2129e+05
5.1899e+05
5.1667e+05
5.1436e+05
5.1203e+05
5.097e+05
5.0736e+05
5.0501e+05
5.0266e+05
5.003e+05
4.9794e+05
4.9557e+05
4.9319e+05
4.9081e+05
4.8843e+05
4.8604e+05
4.8364e+05
4.8124e+05
4.7883e+05
4.7642e+05
4.74e+05
4.7158e+05
4.6915e+05
4.6672e+05
4.6428e+05
4.6183e+05
4.5938e+05
4.5692e+05
4.5446e+05
4.5199e+05
4.4951e+05
4.4703e+05
4.4454e+05
4.4205e+05
4.3955e+05
4.3704e+05
4.3452e+05
4.32e+05
4.2947e+05
4.2693e+05
4.2439e+05
4.2184e+05
4.1927e+05
4.167e+05
4.1413e+05
4.1154e+05
4.0894e+05
4.0634e+05
4.0373e+05
4.0111e+05
3.9847e+05
3.9583e+05
3.9318e+05
3.9052e+05
3.8785e+05
3.8517e+05
3.8248e+05
3.7978e+05
3.7707e+05
3.7435e+05
3.7161e+05
3.6887e+05
3.6612e+05
3.6335e+05
3.6058e+05
3.5779e+05
3.55e+05
3.5219e+05
3.4937e+05
3.4654e+05
3.437e+05
3.4085e+05
3.3799e+05
3.3512e+05
3.3224e+05
3.2934e+05
3.2644e+05
3.2353e+05
3.2061e+05
3.1767e+05
3.1473e+05
3.1178e+05
3.0882e+05
3.0585e+05
3.0287e+05
2.9989e+05
2.9689e+05
2.9389e+05
2.9088e+05
2.8787e+05
2.8485e+05
2.8182e+05
2.7878e+05
2.7574e+05
2.727e+05
2.6965e+05
2.666e+05
2.6354e+05
2.6048e+05
2.5742e+05
2.5436e+05
2.5129e+05
2.4823e+05
2.4516e+05
2.421e+05
2.3904e+05
2.3598e+05
2.3292e+05
2.2986e+05
2.2681e+05
2.2377e+05
2.2073e+05
2.177e+05
2.1467e+05
2.1166e+05
2.0865e+05
2.0565e+05
2.0266e+05
1.9969e+05
1.9673e+05
1.9378e+05
1.9085e+05
1.8793e+05
1.8502e+05
1.8214e+05
1.7927e+05
1.7643e+05
1.736e+05
1.708e+05
1.6802e+05
1.6526e+05
1.6252e+05
1.5982e+05
1.5714e+05
1.5448e+05
1.5186e+05
1.4927e+05
1.467e+05
1.4417e+05
1.4168e+05
1.3922e+05
1.3679e+05
1.344e+05
1.3205e+05
1.2974e+05
1.2747e+05
1.2524e+05
1.2306e+05
1.2092e+05
1.1882e+05
1.1677e+05
1.1477e+05
1.1281e+05
1.1091e+05
1.0906e+05
1.0726e+05
1.0551e+05
1.0382e+05
1.0218e+05
1.006e+05
99077
97614
96211
94869
93589
92373
91221
90134
89115
88163
87279
86466
85723
85052
84453
83928
83477
83102
82803
82582
82438
82373
82388
82484
82661
82920
83261
83687
84196
84790
85470
86235
87088
88027
89054
90170
91374
92667
94050
95523
97086
98740
1.0049e+05
1.0232e+05
1.0425e+05
1.0627e+05
1.0838e+05
1.1058e+05
1.1288e+05
1.1527e+05
1.1774e+05
1.2032e+05
1.2298e+05
1.2574e+05
1.2859e+05
1.3153e+05
1.3456e+05
1.3768e+05
1.409e+05
1.4421e+05
1.4761e+05
1.5109e+05
1.5467e+05
1.5834e+05
1.621e+05
1.6595e+05
1.6988e+05
1.7391e+05
1.7802e+05
1.8222e+05
1.865e+05
1.9087e+05
1.9533e+05
1.9987e+05
2.0449e+05
2.092e+05
2.1399e+05
2.1886e+05
2.2381e+05
2.2883e+05
2.3394e+05
2.3913e+05
2.4439e+05
2.4972e+05
2.5513e+05
2.6062e+05
2.6617e+05
2.718e+05
2.7749e+05
2.8326e+05
2.8909e+05
2.9499e+05
3.0095e+05
3.0697e+05
3.1306e+05
3.1921e+05
3.2541e+05
3.3168e+05
3.38e+05
3.4437e+05
3.508e+05
3.5728e+05
3.6381e+05
3.7039e+05
3.7702e+05
3.8369e+05
3.904e+05
3.9716e+05
4.0395e+05
4.1079e+05
4.1766e+05
4.2457e+05
4.3151e+05
4.3848e+05
4.4548e+05
4.5251e+05
4.5956e+05
4.6664e+05
4.7375e+05
4.8087e+05
4.8801e+05
4.9517e+05
5.0234e+05
5.0953e+05
5.1672e+05
5.2393e+05
5.3114e+05
5.3836e+05
5.4558e+05
5.528e+05
5.6003e+05
5.6725e+05
5.7446e+05
5.8167e+05
5.8887e+05
5.9606e+05
6.0323e+05
6.104e+05
6.1754e+05
6.2467e+05
6.3178e+05
6.3886e+05
6.4592e+05
6.5295e+05
6.5996e+05
6.6693e+05
6.7388e+05
6.8078e+05
6.8766e+05
6.9449e+05
7.0128e+05
7.0804e+05
7.1475e+05
7.2141e+05
7.2802e+05
7.3459e+05
7.4111e+05
7.4757e+05
7.5397e+05
7.6033e+05
7.6662e+05
7.7285e+05
7.7902e+05
7.8512e+05
7.9117e+05
7.9714e+05
8.0304e+05
8.0888e+05
8.1464e+05
8.2033e+05
8.2594e+05
8.3148e+05
8.3694e+05
8.4231e+05
8.4761e+05
8.5282e+05
8.5795e+05
8.63e+05
8.6795e+05
8.7282e+05
8.776e+05
8.8228e+05
8.8688e+05
8.9138e+05
8.9578e+05
9.0009e+05
9.043e+05
9.0841e+05
9.1243e+05
9.1634e+05
9.2015e+05
9.2386e+05
9.2746e+05
9.3096e+05
9.3435e+05
9.3764e+05
9.4082e+05
9.4389e+05
9.4685e+05
9.497e+05
9.5244e+05
9.5507e+05
9.5759e+05
9.5999e+05
9.6228e+05
9.6446e+05
9.6652e+05
9.6847e+05
9.7031e+05
9.7202e+05
9.7363e+05
9.7511e+05
9.7648e+05
9.7773e+05
9.7887e+05
9.7988e+05
9.8078e+05
9.8156e+05
9.8223e+05
9.8277e+05
9.832e+05
9.8351e+05
9.837e+05
9.8378e+05
9.8373e+05
9.8357e+05
9.8329e+05
9.829e+05
9.8238e+05
9.8175e+05
9.81e+05
9.8014e+05
9.7916e+05
9.7807e+05
9.7686e+05
9.7554e+05
9.741e+05
9.7255e+05
9.7088e+05
9.6911e+05
9.6722e+05
9.6522e+05
9.6311e+05
9.6089e+05
9.5857e+05
9.5613e+05
9.5359e+05
9.5094e+05
9.4818e+05
9.4532e+05
9.4236e+05
9.3929e+05
9.3612e+05
9.3285e+05
9.2948e+05
9.2602e+05
9.2245e+05
9.1879e+05
9.1503e+05
9.1118e+05
9.0723e+05
9.0319e+05
8.9907e+05
8.9485e+05
8.9054e+05
8.8615e+05
8.8167e+05
8.771e+05
8.7246e+05
8.6773e+05
8.6292e+05
8.5803e+05
8.5306e+05
8.4802e+05
8.429e+05
8.3771e+05
8.3245e+05
8.2711e+05
8.2171e+05
8.1624e+05
8.1071e+05
8.0511e+05
7.9944e+05
7.9372e+05
7.8793e+05
7.8209e+05
7.7619e+05
7.7024e+05
7.6423e+05
7.5817e+05
7.5206e+05
7.459e+05
7.3969e+05
7.3344e+05
7.2715e+05
7.2081e+05
7.1443e+05
7.0801e+05
7.0156e+05
6.9507e+05
6.8855e+05
6.8199e+05
6.754e+05
6.6879e+05
6.6214e+05
6.5547e+05
6.4878e+05
6.4206e+05
6.3532e+05
6.2857e+05
6.2179e+05
6.15e+05
6.0819e+05
6.0138e+05
5.9455e+05
5.8771e+05
5.8086e+05
5.74e+05
5.6714e+05
5.6028e+05
5.5341e+05
5.4655e+05
5.3968e+05
5.3282e+05
5.2596e+05
5.1911e+05
5.1227e+05
5.0543e+05
4.986e+05
4.9179e+05
4.8499e+05
4.782e+05
4.7143e+05
4.6467e+05
4.5793e+05
4.5121e+05
4.4452e+05
4.3784e+05
4.3119e+05
4.2457e+05
4.1797e+05
4.114e+05
4.0485e+05
3.9834e+05
3.9186e+05
3.8541e+05
3.7899e+05
3.7261e+05
3.6626e+05
3.5996e+05
3.5368e+05
3.4745e+05
3.4126e+05
3.3511e+05
3.29e+05
3.2293e+05
3.1691e+05
3.1093e+05
3.05e+05
2.9911e+05
2.9327e+05
2.8748e+05
2.8174e+05
2.7605e+05
2.7041e+05
2.6482e+05
2.5929e+05
2.538e+05
2.4837e+05
2.43e+05
2.3768e+05
2.3241e+05
2.272e+05
2.2205e+05
2.1695e+05
2.1191e+05
2.0694e+05
2.0201e+05
1.9715e+05
1.9235e+05
1.8761e+05
1.8293e+05
1.7831e+05
1.7375e+05
1.6925e+05
1.6481e+05
1.6044e+05
1.5613e+05
1.5188e+05
1.4769e+05
1.4357e+05
1.3951e+05
1.3551e+05
1.3158e+05
1.277e+05
1.239e+05
1.2015e+05
1.1647e+05
1.1286e+05
1.093e+05
1.0582e+05
1.0239e+05
99028
95730
92495
89322
86213
83167
80184
77263
74404
71608
68873
66200
63588
61037
58546
56116
53746
51435
49184
46991
44857
42780
40761
38800
36894
35045
33251
31513
29829
28199
26622
25098
23627
22207
20839
19521
18253
17035
15865
14743
13668
12641
11659
10723
9831.6
8984.2
8180.3
7419
6699.6
6021.6
5384.1
4786.4
4227.8
3707.6
3225.1
2779.5
2370
1996
1656.7
1351.3
1079.2
839.47
631.47
454.41
307.56
190.16
101.45
40.689
7.1226
0
18.572
62.092
129.81
220.99
334.88
470.75
627.86
805.47
1002.9
1219.3
1454.1
