2.1921e+05
2.223e+05
2.2541e+05
2.2852e+05
2.3164e+05
2.3477e+05
2.3791e+05
2.4105e+05
2.442e+05
2.4734e+05
2.5049e+05
2.5363e+05
2.5677e+05
2.599e+05
2.6303e+05
2.6615e+05
2.6926e+05
2.7236e+05
2.7544e+05
2.7852e+05
2.8157e+05
2.8461e+05
2.8763e+05
2.9063e+05
2.9361e+05
2.9656e+05
2.9949e+05
3.024e+05
3.0527e+05
3.0812e+05
3.1094e+05
3.1373e+05
3.1648e+05
3.1921e+05
3.2189e+05
3.2455e+05
3.2716e+05
3.2973e+05
3.3227e+05
3.3477e+05
3.3722e+05
3.3963e+05
3.42e+05
3.4432e+05
3.4659e+05
3.4882e+05
3.51e+05
3.5313e+05
3.5521e+05
3.5724e+05
3.5922e+05
3.6115e+05
3.6302e+05
3.6484e+05
3.6661e+05
3.6831e+05
3.6997e+05
3.7156e+05
3.731e+05
3.7458e+05
3.76e+05
3.7736e+05
3.7866e+05
3.7991e+05
3.8109e+05
3.8221e+05
3.8326e+05
3.8426e+05
3.8519e+05
3.8606e+05
3.8687e+05
3.8762e+05
3.883e+05
3.8892e+05
3.8947e+05
3.8996e+05
3.9039e+05
3.9075e+05
3.9105e+05
3.9129e+05
3.9146e+05
3.9156e+05
3.9161e+05
3.9159e+05
3.9151e+05
3.9136e+05
3.9115e+05
3.9088e+05
3.9055e+05
3.9016e+05
3.897e+05
3.8919e+05
3.8861e+05
3.8797e+05
3.8728e+05
3.8652e+05
3.8571e+05
3.8484e+05
3.8391e+05
3.8293e+05
3.8189e+05
3.808e+05
3.7965e+05
3.7845e+05
3.772e+05
3.759e+05
3.7454e+05
3.7314e+05
3.7169e+05
3.7019e+05
3.6864e+05
3.6705e+05
3.6542e+05
3.6374e+05
3.6202e+05
3.6026e+05
3.5846e+05
3.5662e+05
3.5474e+05
3.5283e+05
3.5088e+05
3.4889e+05
3.4688e+05
3.4483e+05
3.4276e+05
3.4065e+05
3.3852e+05
3.3637e+05
3.3419e+05
3.3198e+05
3.2975e+05
3.2751e+05
3.2524e+05
3.2296e+05
3.2066e+05
3.1835e+05
3.1602e+05
3.1368e+05
3.1133e+05
3.0897e+05
3.0661e+05
3.0423e+05
3.0186e+05
2.9948e+05
2.9709e+05
2.9471e+05
2.9233e+05
2.8994e+05
2.8757e+05
2.8519e+05
2.8282e+05
2.8046e+05
2.7811e+05
2.7577e+05
2.7344e+05
2.7112e+05
2.6881e+05
2.6652e+05
2.6424e+05
2.6198e+05
2.5974e+05
2.5751e+05
2.5531e+05
2.5313e+05
2.5096e+05
2.4882e+05
2.4671e+05
2.4462e+05
2.4255e+05
2.4051e+05
2.385e+05
2.3651e+05
2.3455e+05
2.3262e+05
2.3072e+05
2.2885e+05
2.2701e+05
2.252e+05
2.2342e+05
2.2168e+05
2.1996e+05
2.1828e+05
2.1663e+05
2.1501e+05
2.1343e+05
2.1187e+05
2.1035e+05
2.0887e+05
2.0742e+05
2.06e+05
2.0461e+05
2.0325e+05
2.0193e+05
2.0064e+05
1.9938e+05
1.9816e+05
1.9696e+05
1.958e+05
1.9466e+05
1.9356e+05
1.9248e+05
1.9144e+05
1.9042e+05
1.8943e+05
1.8846e+05
1.8753e+05
1.8661e+05
1.8572e+05
1.8486e+05
1.8402e+05
1.832e+05
1.824e+05
1.8161e+05
1.8085e+05
1.8011e+05
1.7938e+05
1.7867e+05
1.7797e+05
1.7729e+05
1.7662e+05
1.7595e+05
1.753e+05
1.7466e+05
1.7402e+05
1.7339e+05
1.7277e+05
1.7215e+05
1.7153e+05
1.7091e+05
1.7029e+05
1.6967e+05
1.6905e+05
1.6842e+05
1.6779e+05
1.6715e+05
1.665e+05
1.6584e+05
1.6517e+05
1.6449e+05
1.638e+05
1.6309e+05
1.6237e+05
1.6163e+05
1.6087e+05
1.601e+05
1.593e+05
1.5848e+05
1.5764e+05
1.5678e+05
1.5589e+05
1.5497e+05
1.5403e+05
1.5307e+05
1.5207e+05
1.5105e+05
1.4999e+05
1.4891e+05
1.4779e+05
1.4665e+05
1.4547e+05
1.4425e+05
1.4301e+05
1.4173e+05
1.4041e+05
1.3906e+05
1.3768e+05
1.3626e+05
1.348e+05
1.3331e+05
1.3179e+05
1.3023e+05
1.2863e+05
1.27e+05
1.2533e+05
1.2363e+05
1.2189e+05
1.2012e+05
1.1832e+05
1.1648e+05
1.1461e+05
1.1271e+05
1.1077e+05
1.0881e+05
1.0682e+05
1.0479e+05
1.0274e+05
1.0067e+05
98566
96439
94290
92118
89927
87716
85488
83244
80986
78715
76433
74143
71846
69543
67237
64930
62624
60322
58024
55735
53455
51188
48935
46699
44483
42289
40120
37977
35865
33785
31741
29734
27768
25845
23968
22140
20364
18643
16979
15375
13834
12358
10952
9617.2
8356.7
7173.4
6070.2
5049.7
4114.8
3268.2
2512.8
1851.1
1286
820.04
455.88
196.12
43.32
0
68.639
251.67
551.48
970.4
1510.7
2174.7
2964.4
3882.1
4929.7
6109.2
7422.7
8871.8
10458
12184
14051
16060
18213
20511
22956
25548
28289
31181
34223
37417
40763
44263
47917
51724
55687
59804
64077
68505
73088
77826
82719
87767
92968
98324
1.0383e+05
1.0949e+05
1.153e+05
1.2127e+05
1.2738e+05
1.3364e+05
1.4004e+05
1.4659e+05
1.5329e+05
1.6013e+05
1.671e+05
1.7422e+05
1.8147e+05
1.8886e+05
1.9638e+05
2.0403e+05
2.1181e+05
2.1972e+05
2.2775e+05
2.359e+05
2.4416e+05
2.5254e+05
2.6104e+05
2.6964e+05
2.7835e+05
2.8716e+05
2.9607e+05
3.0508e+05
3.1418e+05
3.2336e+05
3.3264e+05
3.4199e+05
3.5143e+05
3.6094e+05
3.7052e+05
3.8016e+05
3.8987e+05
3.9964e+05
4.0946e+05
4.1933e+05
4.2924e+05
4.392e+05
4.492e+05
4.5922e+05
4.6928e+05
4.7936e+05
4.8946e+05
4.9957e+05
5.0969e+05
5.1982e+05
5.2995e+05
5.4008e+05
5.502e+05
5.603e+05
5.7038e+05
5.8045e+05
5.9048e+05
6.0049e+05
6.1045e+05
6.2038e+05
6.3025e+05
6.4008e+05
6.4985e+05
6.5956e+05
6.692e+05
6.7878e+05
6.8828e+05
6.977e+05
7.0703e+05
7.1628e+05
7.2544e+05
7.3449e+05
7.4345e+05
7.523e+05
7.6104e+05
7.6966e+05
7.7816e+05
7.8655e+05
7.948e+05
8.0292e+05
8.1091e+05
8.1875e+05
8.2646e+05
8.3401e+05
8.4142e+05
8.4867e+05
8.5576e+05
8.6269e+05
8.6946e+05
8.7606e+05
8.8248e+05
8.8873e+05
8.9481e+05
9.007e+05
9.0641e+05
9.1194e+05
9.1727e+05
9.2241e+05
9.2736e+05
9.3212e+05
9.3667e+05
9.4103e+05
9.4518e+05
9.4913e+05
9.5287e+05
9.5641e+05
9.5973e+05
9.6285e+05
9.6575e+05
9.6844e+05
9.7091e+05
9.7317e+05
9.7522e+05
9.7704e+05
9.7865e+05
9.8004e+05
9.8121e+05
9.8216e+05
9.8289e+05
9.8341e+05
9.837e+05
9.8378e+05
9.8363e+05
9.8327e+05
9.8269e+05
9.819e+05
9.8089e+05
9.7966e+05
9.7822e+05
9.7656e+05
9.7469e+05
9.7261e+05
9.7033e+05
9.6783e+05
9.6513e+05
9.6222e+05
9.5911e+05
9.558e+05
9.523e+05
9.4859e+05
9.4469e+05
9.406e+05
9.3632e+05
9.3185e+05
9.272e+05
9.2237e+05
9.1735e+05
9.1217e+05
9.068e+05
9.0127e+05
8.9557e+05
8.8971e+05
8.8368e+05
8.775e+05
8.7117e+05
8.6468e+05
8.5805e+05
8.5127e+05
8.4435e+05
8.373e+05
8.3011e+05
8.228e+05
8.1536e+05
8.078e+05
8.0012e+05
7.9233e+05
7.8443e+05
7.7642e+05
7.6831e+05
7.601e+05
7.518e+05
7.4342e+05
7.3494e+05
7.2639e+05
7.1776e+05
7.0905e+05
7.0028e+05
6.9144e+05
6.8254e+05
6.7359e+05
6.6458e+05
6.5553e+05
6.4643e+05
6.3729e+05
6.2812e+05
6.1891e+05
6.0968e+05
6.0043e+05
5.9115e+05
5.8186e+05
5.7256e+05
5.6326e+05
5.5395e+05
5.4464e+05
5.3533e+05
5.2603e+05
5.1675e+05
5.0748e+05
4.9823e+05
4.89e+05
4.798e+05
4.7063e+05
4.6149e+05
4.5239e+05
4.4333e+05
4.3431e+05
4.2534e+05
4.1643e+05
4.0756e+05
3.9875e+05
3.9e+05
3.8131e+05
3.7269e+05
3.6413e+05
3.5565e+05
3.4724e+05
3.389e+05
3.3065e+05
3.2247e+05
3.1438e+05
3.0637e+05
2.9845e+05
2.9061e+05
2.8287e+05
2.7523e+05
2.6768e+05
2.6022e+05
2.5287e+05
2.4561e+05
2.3846e+05
2.3141e+05
2.2447e+05
2.1763e+05
2.109e+05
2.0428e+05
1.9777e+05
1.9137e+05
1.8508e+05
1.789e+05
1.7284e+05
1.6689e+05
1.6106e+05
1.5534e+05
1.4973e+05
1.4424e+05
1.3887e+05
1.3361e+05
1.2847e+05
1.2345e+05
1.1854e+05
1.1375e+05
1.0908e+05
1.0452e+05
1.0007e+05
95746
91533
87435
83450
79579
75820
72173
68637
65211
61894
58686
55585
52590
49700
46915
44232
41650
39169
36786
34501
32312
30217
28216
26306
24486
22754
21109
19549
18073
16679
15364
14128
12968
11883
10871
9930.2
9058.6
8254.6
7516.2
6841.7
6229.2
5676.7
5182.5
4744.7
4361.4
4030.8
3751.1
3520.3
3336.6
3198.1
3103.1
3049.8
3036.2
3060.7
3121.4
3216.5
3344.4
3503.2
3691.2
3906.8
4148.2
4413.8
4702
5011.1
5339.6
5685.9
6048.4
6425.6
6816.1
7218.4
7631
8052.5
8481.7
8917.1
9357.4
9801.4
10248
10695
11143
11589
12033
12474
12911
13342
13767
14184
14593
14993
15384
15763
16131
16487
16830
17159
17474
17774
18059
18328
18580
18816
19034
19235
19418
19582
19728
