1.5178e+05
1.5451e+05
1.5725e+05
1.6002e+05
1.628e+05
1.6559e+05
1.6839e+05
1.712e+05
1.7401e+05
1.7683e+05
1.7965e+05
1.8247e+05
1.8529e+05
1.8811e+05
1.9092e+05
1.9372e+05
1.9651e+05
1.9929e+05
2.0205e+05
2.048e+05
2.0753e+05
2.1024e+05
2.1293e+05
2.1559e+05
2.1823e+05
2.2085e+05
2.2343e+05
2.2598e+05
2.2851e+05
2.3099e+05
2.3345e+05
2.3586e+05
2.3824e+05
2.4058e+05
2.4288e+05
2.4514e+05
2.4735e+05
2.4953e+05
2.5165e+05
2.5373e+05
2.5576e+05
2.5775e+05
2.5969e+05
2.6157e+05
2.6341e+05
2.652e+05
2.6694e+05
2.6862e+05
2.7026e+05
2.7184e+05
2.7337e+05
2.7484e+05
2.7627e+05
2.7764e+05
2.7896e+05
2.8023e+05
2.8145e+05
2.8261e+05
2.8372e+05
2.8478e+05
2.858e+05
2.8676e+05
2.8767e+05
2.8853e+05
2.8935e+05
2.9011e+05
2.9083e+05
2.9151e+05
2.9214e+05
2.9272e+05
2.9327e+05
2.9377e+05
2.9423e+05
2.9465e+05
2.9503e+05
2.9537e+05
2.9568e+05
2.9595e+05
2.9619e+05
2.964e+05
2.9657e+05
2.9672e+05
2.9683e+05
2.9692e+05
2.9698e+05
2.9702e+05
2.9704e+05
2.9703e+05
2.9701e+05
2.9696e+05
2.969e+05
2.9682e+05
2.9672e+05
2.9661e+05
2.9649e+05
2.9636e+05
2.9622e+05
2.9606e+05
2.959e+05
2.9574e+05
2.9557e+05
2.9539e+05
2.9521e+05
2.9503e+05
2.9485e+05
2.9467e+05
2.9448e+05
2.943e+05
2.9412e+05
2.9394e+05
2.9377e+05
2.936e+05
2.9343e+05
2.9327e+05
2.9311e+05
2.9296e+05
2.9282e+05
2.9268e+05
2.9255e+05
2.9242e+05
2.923e+05
2.9219e+05
2.9208e+05
2.9198e+05
2.9189e+05
2.918e+05
2.9171e+05
2.9163e+05
2.9156e+05
2.9149e+05
2.9142e+05
2.9136e+05
2.9129e+05
2.9123e+05
2.9117e+05
2.9111e+05
2.9105e+05
2.9099e+05
2.9093e+05
2.9086e+05
2.9078e+05
2.907e+05
2.9062e+05
2.9052e+05
2.9042e+05
2.903e+05
2.9018e+05
2.9004e+05
2.8988e+05
2.8972e+05
2.8953e+05
2.8933e+05
2.891e+05
2.8886e+05
2.886e+05
2.8831e+05
2.88e+05
2.8766e+05
2.873e+05
2.869e+05
2.8648e+05
2.8603e+05
2.8555e+05
2.8503e+05
2.8448e+05
2.839e+05
2.8328e+05
2.8262e+05
2.8192e+05
2.8119e+05
2.8041e+05
2.796e+05
2.7875e+05
2.7785e+05
2.7691e+05
2.7593e+05
2.749e+05
2.7383e+05
2.7272e+05
2.7156e+05
2.7035e+05
2.6911e+05
2.6781e+05
2.6647e+05
2.6509e+05
2.6366e+05
2.6218e+05
2.6066e+05
2.591e+05
2.5749e+05
2.5584e+05
2.5415e+05
2.5241e+05
2.5063e+05
2.4881e+05
2.4695e+05
2.4505e+05
2.4311e+05
2.4114e+05
2.3913e+05
2.3708e+05
2.35e+05
2.3289e+05
2.3075e+05
2.2857e+05
2.2637e+05
2.2414e+05
2.2189e+05
2.1961e+05
2.1731e+05
2.1499e+05
2.1266e+05
2.103e+05
2.0793e+05
2.0554e+05
2.0315e+05
2.0074e+05
1.9833e+05
1.9591e+05
1.9349e+05
1.9106e+05
1.8863e+05
1.8621e+05
1.8379e+05
1.8137e+05
1.7896e+05
1.7657e+05
1.7418e+05
1.718e+05
1.6944e+05
1.6709e+05
1.6477e+05
1.6246e+05
1.6017e+05
1.5791e+05
1.5567e+05
1.5346e+05
1.5128e+05
1.4912e+05
1.4699e+05
1.449e+05
1.4284e+05
1.4081e+05
1.3881e+05
1.3686e+05
1.3494e+05
1.3305e+05
1.3121e+05
1.294e+05
1.2764e+05
1.2591e+05
1.2423e+05
1.2258e+05
1.2098e+05
1.1942e+05
1.179e+05
1.1642e+05
1.1498e+05
1.1359e+05
1.1223e+05
1.1092e+05
1.0965e+05
1.0841e+05
1.0722e+05
1.0606e+05
1.0494e+05
1.0386e+05
1.0282e+05
1.0181e+05
1.0083e+05
99886
98974
98092
97239
96413
95614
94839
94087
93356
92646
91953
91276
90614
89964
89325
88696
88073
87456
86842
86230
85617
85002
84383
83759
83126
82484
81831
81165
80485
79788
79074
78340
77586
76810
76010
75186
74336
73459
72554
71621
70658
69665
68641
67586
66499
65381
64230
63048
61833
60587
59310
58001
56662
55294
53897
52473
51022
49546
48045
46523
44980
43419
41840
40247
38641
37026
35402
33774
32143
30513
28887
27267
25658
24061
22481
20922
19387
17879
16403
14962
13561
12204
10895
9637.1
8436.1
7295.9
6220.9
5215.6
4284.5
3432.2
2663.1
1982
1393.4
901.98
512.32
229.03
56.73
0
63.395
251.44
568.61
1019.3
1608
2339
3216.4
4244.6
5427.5
6769.1
8273.5
9944.3
11785
13800
15992
18364
20920
23663
26595
29720
33039
36556
40273
44191
48312
52639
57172
61913
66864
72024
77395
82977
88771
94776
1.0099e+05
1.0742e+05
1.1406e+05
1.209e+05
1.2796e+05
1.3522e+05
1.4269e+05
1.5036e+05
1.5824e+05
1.6631e+05
1.7458e+05
1.8305e+05
1.9171e+05
2.0055e+05
2.0958e+05
2.188e+05
2.2819e+05
2.3775e+05
2.4749e+05
2.5739e+05
2.6745e+05
2.7767e+05
2.8803e+05
2.9855e+05
3.092e+05
3.1998e+05
3.309e+05
3.4194e+05
3.5309e+05
3.6436e+05
3.7573e+05
3.8719e+05
3.9875e+05
4.1038e+05
4.221e+05
4.3388e+05
4.4572e+05
4.5762e+05
4.6957e+05
4.8155e+05
4.9356e+05
5.056e+05
5.1765e+05
5.2971e+05
5.4177e+05
5.5382e+05
5.6585e+05
5.7786e+05
5.8983e+05
6.0176e+05
6.1364e+05
6.2546e+05
6.3721e+05
6.4889e+05
6.6049e+05
6.7199e+05
6.834e+05
6.947e+05
7.0588e+05
7.1693e+05
7.2786e+05
7.3865e+05
7.4928e+05
7.5977e+05
7.7009e+05
7.8024e+05
7.9021e+05
8e+05
8.096e+05
8.19e+05
8.2819e+05
8.3717e+05
8.4594e+05
8.5448e+05
8.6279e+05
8.7086e+05
8.7869e+05
8.8627e+05
8.936e+05
9.0067e+05
9.0748e+05
9.1402e+05
9.2029e+05
9.2629e+05
9.32e+05
9.3743e+05
9.4257e+05
9.4742e+05
9.5198e+05
9.5624e+05
9.602e+05
9.6385e+05
9.6721e+05
9.7026e+05
9.73e+05
9.7543e+05
9.7756e+05
9.7937e+05
9.8088e+05
9.8207e+05
9.8295e+05
9.8352e+05
9.8378e+05
9.8373e+05
9.8337e+05
9.827e+05
9.8173e+05
9.8045e+05
9.7887e+05
9.7698e+05
9.748e+05
9.7233e+05
9.6956e+05
9.665e+05
9.6316e+05
9.5953e+05
9.5563e+05
9.5145e+05
9.47e+05
9.4228e+05
9.373e+05
9.3206e+05
9.2656e+05
9.2082e+05
9.1484e+05
9.0862e+05
9.0217e+05
8.9549e+05
8.8859e+05
8.8148e+05
8.7416e+05
8.6663e+05
8.5891e+05
8.51e+05
8.4291e+05
8.3464e+05
8.262e+05
8.1759e+05
8.0883e+05
7.9992e+05
7.9086e+05
7.8167e+05
7.7235e+05
7.6291e+05
7.5335e+05
7.4369e+05
7.3392e+05
7.2406e+05
7.1411e+05
7.0409e+05
6.9399e+05
6.8382e+05
6.7359e+05
6.6332e+05
6.5299e+05
6.4263e+05
6.3224e+05
6.2183e+05
6.1139e+05
6.0095e+05
5.9049e+05
5.8005e+05
5.696e+05
5.5918e+05
5.4877e+05
5.3839e+05
5.2804e+05
5.1773e+05
5.0746e+05
4.9724e+05
4.8708e+05
4.7698e+05
4.6694e+05
4.5697e+05
4.4708e+05
4.3727e+05
4.2754e+05
4.179e+05
4.0836e+05
3.9891e+05
3.8956e+05
3.8032e+05
3.7119e+05
3.6217e+05
3.5327e+05
3.4449e+05
3.3583e+05
3.2729e+05
3.1888e+05
3.106e+05
3.0246e+05
2.9445e+05
2.8658e+05
2.7885e+05
2.7125e+05
2.638e+05
2.565e+05
2.4934e+05
2.4233e+05
2.3546e+05
2.2874e+05
2.2217e+05
2.1575e+05
2.0948e+05
2.0336e+05
1.9739e+05
1.9157e+05
1.859e+05
1.8038e+05
1.7501e+05
1.6978e+05
1.6471e+05
1.5978e+05
1.55e+05
1.5036e+05
1.4587e+05
1.4152e+05
1.3731e+05
1.3323e+05
1.293e+05
1.2551e+05
1.2184e+05
1.1832e+05
1.1492e+05
1.1165e+05
1.0851e+05
1.0549e+05
1.0259e+05
99819
97161
94619
92191
89872
87662
85557
83555
81654
79849
78140
76523
74995
73555
72198
70922
69725
68604
67556
66579
65669
64824
64041
63318
62651
62039
61479
60968
60504
60084
59705
59366
59064
58796
58561
58355
58177
58025
57897
57790
57702
57632
57578
57537
57508
57490
57480
57477
57480
57486
57495
57505
57515
57523
57528
57530
57527
57517
57501
57477
57444
57401
57349
57285
57209
57121
57020
56906
56778
56636
56479
56307
56120
55918
55700
55467
55218
54953
54672
54375
54063
53734
53390
53031
52656
52267
51862
51443
51009
50561
50100
49625
49137
48636
48124
47599
47062
46515
45957
45389
44811
44224
43628
43024
42412
41792
41166
40533
39895
39251
38602
37948
