5.2617e+05
5.3235e+05
5.3839e+05
5.4427e+05
5.4999e+05
5.5555e+05
5.6095e+05
5.6618e+05
5.7123e+05
5.7612e+05
5.8083e+05
5.8536e+05
5.8971e+05
5.9388e+05
5.9787e+05
6.0167e+05
6.0529e+05
6.0872e+05
6.1196e+05
6.1502e+05
6.1789e+05
6.2057e+05
6.2306e+05
6.2537e+05
6.2749e+05
6.2942e+05
6.3117e+05
6.3273e+05
6.3411e+05
6.3531e+05
6.3633e+05
6.3717e+05
6.3784e+05
6.3833e+05
6.3865e+05
6.3881e+05
6.3879e+05
6.3862e+05
6.3828e+05
6.3779e+05
6.3714e+05
6.3634e+05
6.354e+05
6.3432e+05
6.3309e+05
6.3174e+05
6.3025e+05
6.2863e+05
6.2689e+05
6.2504e+05
6.2307e+05
6.21e+05
6.1882e+05
6.1654e+05
6.1416e+05
6.117e+05
6.0916e+05
6.0653e+05
6.0383e+05
6.0106e+05
5.9823e+05
5.9534e+05
5.924e+05
5.8941e+05
5.8637e+05
5.833e+05
5.8019e+05
5.7706e+05
5.739e+05
5.7073e+05
5.6755e+05
5.6436e+05
5.6116e+05
5.5798e+05
5.5479e+05
5.5163e+05
5.4847e+05
5.4535e+05
5.4224e+05
5.3917e+05
5.3614e+05
5.3315e+05
5.302e+05
5.2729e+05
5.2445e+05
5.2165e+05
5.1892e+05
5.1626e+05
5.1366e+05
5.1113e+05
5.0867e+05
5.0629e+05
5.0399e+05
5.0178e+05
4.9965e+05
4.976e+05
4.9565e+05
4.9379e+05
4.9202e+05
4.9035e+05
4.8878e+05
4.8731e+05
4.8593e+05
4.8466e+05
4.8349e+05
4.8243e+05
4.8147e+05
4.8061e+05
4.7986e+05
4.7921e+05
4.7867e+05
4.7823e+05
4.779e+05
4.7767e+05
4.7754e+05
4.7752e+05
4.776e+05
4.7777e+05
4.7805e+05
4.7842e+05
4.7889e+05
4.7945e+05
4.8011e+05
4.8085e+05
4.8169e+05
4.826e+05
4.836e+05
4.8468e+05
4.8584e+05
4.8708e+05
4.8838e+05
4.8976e+05
4.912e+05
4.9271e+05
4.9427e+05
4.9589e+05
4.9757e+05
4.9929e+05
5.0106e+05
5.0288e+05
5.0473e+05
5.0661e+05
5.0853e+05
5.1048e+05
5.1245e+05
5.1444e+05
5.1644e+05
5.1846e+05
5.2048e+05
5.2251e+05
5.2454e+05
5.2657e+05
5.2859e+05
5.3059e+05
5.3258e+05
5.3455e+05
5.365e+05
5.3842e+05
5.4031e+05
5.4217e+05
5.4399e+05
5.4576e+05
5.4749e+05
5.4917e+05
5.5079e+05
5.5236e+05
5.5387e+05
5.5532e+05
5.567e+05
5.5801e+05
5.5925e+05
5.6041e+05
5.6149e+05
5.6249e+05
5.6341e+05
5.6424e+05
5.6498e+05
5.6562e+05
5.6618e+05
5.6663e+05
5.6699e+05
5.6724e+05
5.6739e+05
5.6743e+05
5.6737e+05
5.672e+05
5.6692e+05
5.6652e+05
5.6601e+05
5.6539e+05
5.6465e+05
5.6379e+05
5.6282e+05
5.6172e+05
5.6051e+05
5.5918e+05
5.5772e+05
5.5615e+05
5.5445e+05
5.5263e+05
5.5069e+05
5.4863e+05
5.4644e+05
5.4414e+05
5.4171e+05
5.3917e+05
5.365e+05
5.3372e+05
5.3081e+05
5.2779e+05
5.2465e+05
5.214e+05
5.1804e+05
5.1456e+05
5.1097e+05
5.0726e+05
5.0346e+05
4.9954e+05
4.9552e+05
4.914e+05
4.8717e+05
4.8285e+05
4.7843e+05
4.7391e+05
4.693e+05
4.646e+05
4.5982e+05
4.5495e+05
4.4999e+05
4.4496e+05
4.3985e+05
4.3467e+05
4.2941e+05
4.2408e+05
4.1869e+05
4.1324e+05
4.0773e+05
4.0216e+05
3.9653e+05
3.9086e+05
3.8514e+05
3.7938e+05
3.7358e+05
3.6774e+05
3.6186e+05
3.5596e+05
3.5003e+05
3.4408e+05
3.3811e+05
3.3213e+05
3.2613e+05
3.2013e+05
3.1412e+05
3.0811e+05
3.021e+05
2.961e+05
2.9011e+05
2.8414e+05
2.7818e+05
2.7225e+05
2.6633e+05
2.6045e+05
2.546e+05
2.4879e+05
2.4302e+05
2.3729e+05
2.3161e+05
2.2598e+05
2.2041e+05
2.1489e+05
2.0944e+05
2.0405e+05
1.9873e+05
1.9348e+05
1.8831e+05
1.8322e+05
1.7821e+05
1.7329e+05
1.6846e+05
1.6372e+05
1.5907e+05
1.5453e+05
1.5009e+05
1.4575e+05
1.4152e+05
1.3741e+05
1.334e+05
1.2952e+05
1.2575e+05
1.2211e+05
1.1859e+05
1.152e+05
1.1194e+05
1.0882e+05
1.0583e+05
1.0297e+05
1.0026e+05
97689
95262
92980
90847
88863
87031
85353
83829
82462
81253
80203
79313
78586
78021
77620
77383
77313
77408
77671
78101
78700
79467
80402
81507
82781
84224
85836
87617
89567
91685
93971
96424
99045
1.0183e+05
1.0478e+05
1.079e+05
1.1118e+05
1.1462e+05
1.1823e+05
1.2199e+05
1.2592e+05
1.3e+05
1.3424e+05
1.3863e+05
1.4318e+05
1.4787e+05
1.5272e+05
1.5772e+05
1.6286e+05
1.6814e+05
1.7357e+05
1.7914e+05
1.8485e+05
1.9069e+05
1.9666e+05
2.0277e+05
2.09e+05
2.1536e+05
2.2184e+05
2.2844e+05
2.3517e+05
2.42e+05
2.4895e+05
2.5601e+05
2.6317e+05
2.7044e+05
2.7781e+05
2.8528e+05
2.9284e+05
3.005e+05
3.0824e+05
3.1606e+05
3.2397e+05
3.3196e+05
3.4002e+05
3.4816e+05
3.5636e+05
3.6463e+05
3.7296e+05
3.8135e+05
3.8979e+05
3.9828e+05
4.0683e+05
4.1541e+05
4.2404e+05
4.3271e+05
4.4141e+05
4.5013e+05
4.5889e+05
4.6767e+05
4.7647e+05
4.8528e+05
4.9411e+05
5.0294e+05
5.1178e+05
5.2063e+05
5.2947e+05
5.383e+05
5.4713e+05
5.5595e+05
5.6475e+05
5.7353e+05
5.8228e+05
5.9101e+05
5.9972e+05
6.0839e+05
6.1702e+05
6.2561e+05
6.3417e+05
6.4267e+05
6.5113e+05
6.5953e+05
6.6788e+05
6.7617e+05
6.844e+05
6.9257e+05
7.0067e+05
7.087e+05
7.1665e+05
7.2453e+05
7.3233e+05
7.4005e+05
7.4769e+05
7.5523e+05
7.6269e+05
7.7006e+05
7.7733e+05
7.8451e+05
7.9159e+05
7.9856e+05
8.0543e+05
8.122e+05
8.1886e+05
8.2541e+05
8.3184e+05
8.3816e+05
8.4437e+05
8.5046e+05
8.5642e+05
8.6227e+05
8.6799e+05
8.7359e+05
8.7906e+05
8.8441e+05
8.8962e+05
8.9471e+05
8.9966e+05
9.0448e+05
9.0916e+05
9.1371e+05
9.1812e+05
9.224e+05
9.2653e+05
9.3053e+05
9.3439e+05
9.381e+05
9.4167e+05
9.451e+05
9.4839e+05
9.5153e+05
9.5453e+05
9.5738e+05
9.6008e+05
9.6265e+05
9.6506e+05
9.6733e+05
9.6945e+05
9.7143e+05
9.7325e+05
9.7494e+05
9.7647e+05
9.7786e+05
9.791e+05
9.8019e+05
9.8114e+05
9.8195e+05
9.826e+05
9.8311e+05
9.8348e+05
9.837e+05
9.8378e+05
9.8371e+05
9.835e+05
9.8315e+05
9.8265e+05
9.8202e+05
9.8124e+05
9.8033e+05
9.7927e+05
9.7808e+05
9.7675e+05
9.7529e+05
9.7369e+05
9.7195e+05
9.7008e+05
9.6808e+05
9.6595e+05
9.6369e+05
9.613e+05
9.5878e+05
9.5614e+05
9.5337e+05
9.5048e+05
9.4746e+05
9.4433e+05
9.4107e+05
9.377e+05
9.3421e+05
9.306e+05
9.2689e+05
9.2305e+05
9.1911e+05
9.1506e+05
9.109e+05
9.0664e+05
9.0227e+05
8.978e+05
8.9323e+05
8.8856e+05
8.8379e+05
8.7893e+05
8.7397e+05
8.6893e+05
8.6379e+05
8.5856e+05
8.5325e+05
8.4785e+05
8.4237e+05
8.3681e+05
8.3117e+05
8.2546e+05
8.1967e+05
8.1381e+05
8.0787e+05
8.0187e+05
7.9581e+05
7.8967e+05
7.8348e+05
7.7722e+05
7.7091e+05
7.6454e+05
7.5811e+05
7.5163e+05
7.451e+05
7.3853e+05
7.3191e+05
7.2524e+05
7.1853e+05
7.1178e+05
7.05e+05
6.9818e+05
6.9132e+05
6.8444e+05
6.7752e+05
6.7058e+05
6.6361e+05
6.5661e+05
6.496e+05
6.4257e+05
6.3552e+05
6.2845e+05
6.2138e+05
6.1429e+05
6.0719e+05
6.0008e+05
5.9297e+05
5.8585e+05
5.7874e+05
5.7162e+05
5.6451e+05
5.574e+05
5.5029e+05
5.432e+05
5.3611e+05
5.2904e+05
5.2197e+05
5.1493e+05
5.079e+05
5.0088e+05
4.9389e+05
4.8692e+05
4.7997e+05
4.7305e+05
4.6615e+05
4.5928e+05
4.5244e+05
4.4563e+05
4.3885e+05
4.3211e+05
4.254e+05
4.1873e+05
4.1209e+05
4.0549e+05
3.9894e+05
3.9242e+05
3.8595e+05
3.7952e+05
3.7313e+05
3.6679e+05
3.605e+05
3.5426e+05
3.4806e+05
3.4191e+05
3.3582e+05
3.2978e+05
3.2378e+05
3.1785e+05
3.1196e+05
3.0613e+05
3.0036e+05
2.9464e+05
2.8898e+05
2.8338e+05
2.7783e+05
2.7235e+05
2.6692e+05
2.6155e+05
2.5624e+05
2.51e+05
2.4581e+05
2.4069e+05
2.3562e+05
2.3062e+05
2.2568e+05
2.208e+05
2.1599e+05
2.1124e+05
2.0655e+05
2.0193e+05
1.9736e+05
1.9287e+05
1.8843e+05
1.8406e+05
1.7975e+05
1.7551e+05
1.7132e+05
1.6721e+05
1.6315e+05
1.5916e+05
1.5523e+05
1.5137e+05
1.4756e+05
1.4382e+05
1.4015e+05
1.3653e+05
1.3297e+05
1.2948e+05
1.2605e+05
1.2268e+05
1.1937e+05
1.1612e+05
1.1293e+05
1.098e+05
1.0673e+05
1.0371e+05
1.0076e+05
97862
95022
92239
89513
86842
84227
81667
79161
76709
74311
71965
69671
67429
65238
63097
61006
58965
56972
55027
53130
51279
49474
47715
46001
44331
42705
41121
39580
38081
36622
35204
33825
32485
31184
29920
28693
27503
26348
25228
24143
23091
22072
21085
20130
19206
18312
17448
16613
15806
15027
14276
13550
12851
12177
11527
10901
10299
9719.2
9161.7
8625.7
8110.7
7616.1
7141.2
6685.6
6248.6
5829.6
5428.2
5043.8
4675.8
4323.8
3987.1
3665.2
3357.7
3064.1
2783.7
2516.3
2261.2
2018
1786.2
1565.4
1355.1
1154.9
964.37
783.02
610.46
446.27
290.07
141.44
0
