1.5184e+05
1.5469e+05
1.5756e+05
1.6046e+05
1.6339e+05
1.6633e+05
1.6929e+05
1.7228e+05
1.7527e+05
1.7828e+05
1.813e+05
1.8433e+05
1.8736e+05
1.904e+05
1.9344e+05
1.9647e+05
1.9951e+05
2.0253e+05
2.0555e+05
2.0857e+05
2.1156e+05
2.1455e+05
2.1752e+05
2.2047e+05
2.2339e+05
2.263e+05
2.2918e+05
2.3203e+05
2.3486e+05
2.3765e+05
2.4041e+05
2.4314e+05
2.4583e+05
2.4848e+05
2.511e+05
2.5367e+05
2.562e+05
2.5868e+05
2.6112e+05
2.6351e+05
2.6585e+05
2.6815e+05
2.7039e+05
2.7258e+05
2.7471e+05
2.768e+05
2.7882e+05
2.8079e+05
2.8271e+05
2.8456e+05
2.8636e+05
2.881e+05
2.8978e+05
2.914e+05
2.9296e+05
2.9446e+05
2.959e+05
2.9728e+05
2.986e+05
2.9985e+05
3.0105e+05
3.0219e+05
3.0327e+05
3.0428e+05
3.0524e+05
3.0614e+05
3.0699e+05
3.0777e+05
3.085e+05
3.0917e+05
3.0979e+05
3.1035e+05
3.1086e+05
3.1132e+05
3.1172e+05
3.1207e+05
3.1238e+05
3.1264e+05
3.1285e+05
3.1301e+05
3.1313e+05
3.1321e+05
3.1324e+05
3.1324e+05
3.1319e+05
3.1311e+05
3.1299e+05
3.1284e+05
3.1266e+05
3.1244e+05
3.1219e+05
3.1192e+05
3.1162e+05
3.1129e+05
3.1094e+05
3.1057e+05
3.1018e+05
3.0976e+05
3.0934e+05
3.0889e+05
3.0843e+05
3.0795e+05
3.0747e+05
3.0697e+05
3.0647e+05
3.0596e+05
3.0544e+05
3.0491e+05
3.0438e+05
3.0385e+05
3.0332e+05
3.0279e+05
3.0226e+05
3.0172e+05
3.012e+05
3.0067e+05
3.0015e+05
2.9963e+05
2.9912e+05
2.9862e+05
2.9812e+05
2.9763e+05
2.9715e+05
2.9668e+05
2.9621e+05
2.9575e+05
2.9531e+05
2.9487e+05
2.9444e+05
2.9402e+05
2.9361e+05
2.9321e+05
2.9282e+05
2.9243e+05
2.9206e+05
2.9169e+05
2.9133e+05
2.9098e+05
2.9063e+05
2.9029e+05
2.8996e+05
2.8963e+05
2.893e+05
2.8898e+05
2.8866e+05
2.8834e+05
2.8802e+05
2.877e+05
2.8738e+05
2.8706e+05
2.8673e+05
2.864e+05
2.8606e+05
2.8572e+05
2.8537e+05
2.85e+05
2.8463e+05
2.8424e+05
2.8385e+05
2.8343e+05
2.83e+05
2.8256e+05
2.8209e+05
2.8161e+05
2.811e+05
2.8058e+05
2.8003e+05
2.7945e+05
2.7885e+05
2.7822e+05
2.7757e+05
2.7689e+05
2.7617e+05
2.7543e+05
2.7465e+05
2.7384e+05
2.7299e+05
2.7211e+05
2.712e+05
2.7025e+05
2.6926e+05
2.6823e+05
2.6717e+05
2.6606e+05
2.6492e+05
2.6374e+05
2.6251e+05
2.6125e+05
2.5994e+05
2.586e+05
2.5721e+05
2.5578e+05
2.5431e+05
2.528e+05
2.5125e+05
2.4966e+05
2.4803e+05
2.4635e+05
2.4464e+05
2.4289e+05
2.411e+05
2.3928e+05
2.3741e+05
2.3552e+05
2.3358e+05
2.3161e+05
2.2961e+05
2.2758e+05
2.2551e+05
2.2342e+05
2.2129e+05
2.1914e+05
2.1696e+05
2.1476e+05
2.1254e+05
2.1029e+05
2.0802e+05
2.0574e+05
2.0343e+05
2.0111e+05
1.9878e+05
1.9644e+05
1.9408e+05
1.9172e+05
1.8934e+05
1.8697e+05
1.8459e+05
1.822e+05
1.7982e+05
1.7744e+05
1.7506e+05
1.7269e+05
1.7033e+05
1.6797e+05
1.6562e+05
1.6329e+05
1.6097e+05
1.5867e+05
1.5638e+05
1.5411e+05
1.5186e+05
1.4963e+05
1.4743e+05
1.4525e+05
1.4309e+05
1.4097e+05
1.3887e+05
1.368e+05
1.3476e+05
1.3276e+05
1.3078e+05
1.2884e+05
1.2694e+05
1.2506e+05
1.2323e+05
1.2143e+05
1.1967e+05
1.1795e+05
1.1626e+05
1.1462e+05
1.1301e+05
1.1144e+05
1.0991e+05
1.0842e+05
1.0696e+05
1.0555e+05
1.0417e+05
1.0284e+05
1.0154e+05
1.0027e+05
99046
97855
96700
95579
94492
93437
92414
91422
90459
89524
88616
87734
86877
86042
85229
84436
83661
82903
82161
81433
80716
80010
79312
78622
77937
77256
76576
75897
75217
74533
73845
73151
72448
71737
71014
70279
69530
68766
67986
67188
66371
65534
64676
63797
62894
61969
61018
60044
59043
58017
56966
55888
54783
53653
52497
51315
50107
48875
47619
46339
45037
43713
42369
41006
39626
38229
36818
35394
33960
32517
31067
29614
28159
26704
25254
23809
22374
20951
19544
18155
16789
15448
14135
12856
11613
10411
9252
8141.6
7083.4
6081.5
5140
4263.2
3455.4
2720.9
2064
1489.1
1000.6
603.05
300.79
98.29
0
10.363
133.81
374.74
737.54
1226.6
1846.1
2600.4
3493.6
4530
5713.5
7048.3
8538
10187
11998
13975
16123
18443
20940
23616
26475
29519
32752
36175
39791
43602
47611
51819
56229
60840
65656
70676
75903
81336
86976
92824
98880
1.0514e+05
1.1161e+05
1.1829e+05
1.2517e+05
1.3226e+05
1.3956e+05
1.4705e+05
1.5475e+05
1.6264e+05
1.7073e+05
1.7902e+05
1.875e+05
1.9616e+05
2.0502e+05
2.1405e+05
2.2327e+05
2.3266e+05
2.4222e+05
2.5195e+05
2.6185e+05
2.719e+05
2.8211e+05
2.9246e+05
3.0296e+05
3.136e+05
3.2438e+05
3.3528e+05
3.463e+05
3.5744e+05
3.6868e+05
3.8003e+05
3.9148e+05
4.0301e+05
4.1463e+05
4.2632e+05
4.3808e+05
4.499e+05
4.6178e+05
4.737e+05
4.8566e+05
4.9765e+05
5.0966e+05
5.2169e+05
5.3373e+05
5.4576e+05
5.5779e+05
5.6979e+05
5.8177e+05
5.9372e+05
6.0563e+05
6.1748e+05
6.2928e+05
6.4101e+05
6.5266e+05
6.6423e+05
6.7571e+05
6.8708e+05
6.9835e+05
7.0951e+05
7.2053e+05
7.3143e+05
7.4218e+05
7.5279e+05
7.6324e+05
7.7352e+05
7.8364e+05
7.9358e+05
8.0333e+05
8.1288e+05
8.2224e+05
8.3139e+05
8.4032e+05
8.4904e+05
8.5753e+05
8.6579e+05
8.738e+05
8.8157e+05
8.891e+05
8.9636e+05
9.0337e+05
9.101e+05
9.1657e+05
9.2276e+05
9.2868e+05
9.343e+05
9.3964e+05
9.4469e+05
9.4945e+05
9.539e+05
9.5806e+05
9.6191e+05
9.6545e+05
9.6869e+05
9.7161e+05
9.7422e+05
9.7652e+05
9.7851e+05
9.8018e+05
9.8153e+05
9.8257e+05
9.8329e+05
9.8369e+05
9.8378e+05
9.8355e+05
9.8301e+05
9.8215e+05
9.8098e+05
9.795e+05
9.7771e+05
9.7562e+05
9.7322e+05
9.7052e+05
9.6753e+05
9.6423e+05
9.6065e+05
9.5677e+05
9.5262e+05
9.4818e+05
9.4346e+05
9.3847e+05
9.3322e+05
9.277e+05
9.2192e+05
9.1589e+05
9.0961e+05
9.0309e+05
8.9633e+05
8.8935e+05
8.8213e+05
8.747e+05
8.6706e+05
8.592e+05
8.5115e+05
8.4291e+05
8.3448e+05
8.2586e+05
8.1708e+05
8.0813e+05
7.9901e+05
7.8975e+05
7.8034e+05
7.7079e+05
7.6111e+05
7.5131e+05
7.4139e+05
7.3137e+05
7.2124e+05
7.1101e+05
7.007e+05
6.9031e+05
6.7984e+05
6.6931e+05
6.5872e+05
6.4809e+05
6.374e+05
6.2668e+05
6.1593e+05
6.0516e+05
5.9438e+05
5.8358e+05
5.7278e+05
5.6199e+05
5.5121e+05
5.4044e+05
5.297e+05
5.1899e+05
5.0832e+05
4.9769e+05
4.8711e+05
4.7658e+05
4.6611e+05
4.5571e+05
4.4538e+05
4.3513e+05
4.2496e+05
4.1487e+05
4.0488e+05
3.9498e+05
3.8518e+05
3.7549e+05
3.6591e+05
3.5644e+05
3.4708e+05
3.3785e+05
3.2875e+05
3.1977e+05
3.1092e+05
3.022e+05
2.9362e+05
2.8519e+05
2.7689e+05
2.6874e+05
2.6073e+05
2.5288e+05
2.4517e+05
2.3761e+05
2.3021e+05
2.2297e+05
2.1588e+05
2.0894e+05
2.0217e+05
1.9555e+05
1.891e+05
1.828e+05
1.7666e+05
1.7068e+05
1.6486e+05
1.592e+05
1.537e+05
1.4836e+05
1.4318e+05
1.3815e+05
1.3328e+05
1.2857e+05
1.2401e+05
1.196e+05
1.1534e+05
1.1123e+05
1.0727e+05
1.0346e+05
99793
96268
92883
89638
86529
83554
80710
77997
75410
72948
70608
68387
66283
64293
62413
60642
58976
57413
55949
54582
53309
52126
51031
50021
49093
48244
47470
46770
46139
45575
45075
44637
44256
43931
43659
43436
43261
43130
43040
42989
42975
42994
43045
43124
43230
43360
43512
43683
43872
44075
44292
44520
44757
45002
45252
45505
45761
46017
46271
46523
46771
47013
47249
47476
47694
47902
48098
48282
48452
48608
48749
48874
48983
49075
49149
49205
49242
49260
49259
49238
49197
49136
49055
48953
48831
48689
48526
48342
48139
47915
47671
47408
47125
46823
46502
46163
45806
45431
45038
44629
44203
43762
43305
42833
42347
41847
41334
40808
40270
39721
39160
38590
38010
37421
36823
