1.8346e+05
1.8855e+05
1.9364e+05
1.9872e+05
2.0377e+05
2.0879e+05
2.1378e+05
2.1872e+05
2.2362e+05
2.2847e+05
2.3325e+05
2.3797e+05
2.4262e+05
2.4719e+05
2.5169e+05
2.5609e+05
2.604e+05
2.6462e+05
2.6874e+05
2.7275e+05
2.7665e+05
2.8045e+05
2.8412e+05
2.8768e+05
2.9112e+05
2.9444e+05
2.9762e+05
3.0068e+05
3.0361e+05
3.0641e+05
3.0907e+05
3.116e+05
3.14e+05
3.1626e+05
3.1839e+05
3.2038e+05
3.2223e+05
3.2395e+05
3.2554e+05
3.2699e+05
3.2831e+05
3.2951e+05
3.3057e+05
3.3151e+05
3.3232e+05
3.3302e+05
3.3359e+05
3.3405e+05
3.344e+05
3.3463e+05
3.3477e+05
3.3479e+05
3.3472e+05
3.3456e+05
3.343e+05
3.3396e+05
3.3354e+05
3.3303e+05
3.3246e+05
3.3181e+05
3.311e+05
3.3034e+05
3.2952e+05
3.2864e+05
3.2773e+05
3.2677e+05
3.2578e+05
3.2476e+05
3.2372e+05
3.2266e+05
3.2158e+05
3.2049e+05
3.194e+05
3.183e+05
3.1722e+05
3.1614e+05
3.1507e+05
3.1403e+05
3.13e+05
3.1201e+05
3.1104e+05
3.1011e+05
3.0922e+05
3.0838e+05
3.0758e+05
3.0683e+05
3.0613e+05
3.0549e+05
3.0492e+05
3.044e+05
3.0395e+05
3.0357e+05
3.0326e+05
3.0302e+05
3.0285e+05
3.0276e+05
3.0275e+05
3.0281e+05
3.0296e+05
3.0319e+05
3.0349e+05
3.0388e+05
3.0435e+05
3.0491e+05
3.0554e+05
3.0626e+05
3.0706e+05
3.0794e+05
3.0889e+05
3.0993e+05
3.1104e+05
3.1223e+05
3.1349e+05
3.1482e+05
3.1623e+05
3.177e+05
3.1923e+05
3.2083e+05
3.2249e+05
3.2421e+05
3.2598e+05
3.278e+05
3.2967e+05
3.3158e+05
3.3354e+05
3.3553e+05
3.3756e+05
3.3962e+05
3.417e+05
3.4381e+05
3.4594e+05
3.4808e+05
3.5023e+05
3.5239e+05
3.5456e+05
3.5672e+05
3.5888e+05
3.6102e+05
3.6316e+05
3.6527e+05
3.6737e+05
3.6944e+05
3.7148e+05
3.7349e+05
3.7546e+05
3.7739e+05
3.7927e+05
3.8111e+05
3.8289e+05
3.8462e+05
3.8629e+05
3.879e+05
3.8944e+05
3.9091e+05
3.9231e+05
3.9364e+05
3.9489e+05
3.9606e+05
3.9715e+05
3.9815e+05
3.9907e+05
3.999e+05
4.0063e+05
4.0128e+05
4.0183e+05
4.0228e+05
4.0264e+05
4.029e+05
4.0307e+05
4.0313e+05
4.0309e+05
4.0296e+05
4.0272e+05
4.0238e+05
4.0194e+05
4.014e+05
4.0076e+05
4.0002e+05
3.9918e+05
3.9824e+05
3.9721e+05
3.9607e+05
3.9485e+05
3.9353e+05
3.9212e+05
3.9061e+05
3.8902e+05
3.8734e+05
3.8558e+05
3.8373e+05
3.8181e+05
3.798e+05
3.7772e+05
3.7556e+05
3.7334e+05
3.7105e+05
3.6869e+05
3.6627e+05
3.6379e+05
3.6125e+05
3.5866e+05
3.5601e+05
3.5332e+05
3.5059e+05
3.4781e+05
3.45e+05
3.4215e+05
3.3926e+05
3.3635e+05
3.3341e+05
3.3045e+05
3.2747e+05
3.2447e+05
3.2146e+05
3.1843e+05
3.154e+05
3.1236e+05
3.0932e+05
3.0628e+05
3.0325e+05
3.0022e+05
2.9719e+05
2.9418e+05
2.9118e+05
2.882e+05
2.8523e+05
2.8228e+05
2.7936e+05
2.7645e+05
2.7358e+05
2.7073e+05
2.679e+05
2.6511e+05
2.6235e+05
2.5962e+05
2.5692e+05
2.5426e+05
2.5163e+05
2.4904e+05
2.4649e+05
2.4397e+05
2.415e+05
2.3905e+05
2.3665e+05
2.3429e+05
2.3196e+05
2.2967e+05
2.2742e+05
2.2521e+05
2.2303e+05
2.2089e+05
2.1878e+05
2.1671e+05
2.1467e+05
2.1266e+05
2.1069e+05
2.0874e+05
2.0683e+05
2.0494e+05
2.0307e+05
2.0124e+05
1.9942e+05
1.9763e+05
1.9585e+05
1.941e+05
1.9236e+05
1.9063e+05
1.8892e+05
1.8721e+05
1.8552e+05
1.8383e+05
1.8215e+05
1.8047e+05
1.7879e+05
1.7711e+05
1.7542e+05
1.7373e+05
1.7204e+05
1.7033e+05
1.6862e+05
1.6689e+05
1.6514e+05
1.6338e+05
1.6161e+05
1.5981e+05
1.5799e+05
1.5615e+05
1.5429e+05
1.524e+05
1.5048e+05
1.4854e+05
1.4657e+05
1.4456e+05
1.4253e+05
1.4046e+05
1.3837e+05
1.3624e+05
1.3407e+05
1.3188e+05
1.2964e+05
1.2738e+05
1.2508e+05
1.2275e+05
1.2038e+05
1.1798e+05
1.1555e+05
1.1308e+05
1.1058e+05
1.0806e+05
1.055e+05
1.0292e+05
1.0031e+05
97674
95016
92336
89635
86918
84184
81437
78680
75914
73143
70369
67595
64824
62060
59305
56564
53839
51134
48454
45800
43179
40593
38047
35544
33089
30686
28340
26054
23833
21682
19606
17607
15692
13864
12129
10490
8952.2
7520.4
6199
4992.3
3904.9
2941.3
2105.7
1402.7
836.38
411.06
130.91
0
22.352
201.89
542.45
1047.8
1721.5
2567.1
3588.1
4787.6
6169
7735.1
9489
11433
13571
15904
18434
21165
24098
27234
30576
34125
37882
41848
46024
50411
55010
59821
64844
70078
75525
81183
87051
93130
99417
1.0591e+05
1.1261e+05
1.1952e+05
1.2663e+05
1.3394e+05
1.4145e+05
1.4915e+05
1.5705e+05
1.6514e+05
1.7341e+05
1.8187e+05
1.9051e+05
1.9933e+05
2.0833e+05
2.1749e+05
2.2682e+05
2.3631e+05
2.4595e+05
2.5575e+05
2.657e+05
2.7579e+05
2.8602e+05
2.9638e+05
3.0686e+05
3.1747e+05
3.2819e+05
3.3903e+05
3.4996e+05
3.61e+05
3.7212e+05
3.8333e+05
3.9462e+05
4.0598e+05
4.1741e+05
4.289e+05
4.4043e+05
4.5202e+05
4.6364e+05
4.7529e+05
4.8697e+05
4.9867e+05
5.1037e+05
5.2208e+05
5.3378e+05
5.4547e+05
5.5715e+05
5.6879e+05
5.804e+05
5.9198e+05
6.035e+05
6.1497e+05
6.2638e+05
6.3772e+05
6.4898e+05
6.6015e+05
6.7124e+05
6.8222e+05
6.9311e+05
7.0388e+05
7.1453e+05
7.2505e+05
7.3545e+05
7.457e+05
7.5581e+05
7.6577e+05
7.7557e+05
7.852e+05
7.9467e+05
8.0396e+05
8.1306e+05
8.2198e+05
8.3071e+05
8.3923e+05
8.4756e+05
8.5567e+05
8.6357e+05
8.7125e+05
8.7871e+05
8.8594e+05
8.9294e+05
8.9971e+05
9.0623e+05
9.1251e+05
9.1854e+05
9.2432e+05
9.2984e+05
9.3511e+05
9.4012e+05
9.4487e+05
9.4935e+05
9.5356e+05
9.5751e+05
9.6118e+05
9.6458e+05
9.6771e+05
9.7056e+05
9.7313e+05
9.7543e+05
9.7745e+05
9.7919e+05
9.8065e+05
9.8183e+05
9.8274e+05
9.8336e+05
9.8371e+05
9.8378e+05
9.8357e+05
9.8309e+05
9.8233e+05
9.813e+05
9.8e+05
9.7844e+05
9.766e+05
9.745e+05
9.7214e+05
9.6952e+05
9.6664e+05
9.635e+05
9.6012e+05
9.5648e+05
9.5261e+05
9.4849e+05
9.4413e+05
9.3954e+05
9.3471e+05
9.2967e+05
9.244e+05
9.1891e+05
9.1321e+05
9.073e+05
9.0119e+05
8.9487e+05
8.8837e+05
8.8167e+05
8.7479e+05
8.6773e+05
8.6049e+05
8.5309e+05
8.4552e+05
8.3779e+05
8.2991e+05
8.2189e+05
8.1372e+05
8.0541e+05
7.9698e+05
7.8842e+05
7.7974e+05
7.7095e+05
7.6204e+05
7.5304e+05
7.4394e+05
7.3475e+05
7.2548e+05
7.1613e+05
7.067e+05
6.9721e+05
6.8765e+05
6.7804e+05
6.6838e+05
6.5868e+05
6.4894e+05
6.3916e+05
6.2935e+05
6.1953e+05
6.0968e+05
5.9983e+05
5.8997e+05
5.801e+05
5.7025e+05
5.604e+05
5.5056e+05
5.4075e+05
5.3096e+05
5.212e+05
5.1147e+05
5.0178e+05
4.9214e+05
4.8254e+05
4.73e+05
4.6351e+05
4.5408e+05
4.4471e+05
4.3542e+05
4.2619e+05
4.1704e+05
4.0797e+05
3.9899e+05
3.9009e+05
3.8128e+05
3.7256e+05
3.6394e+05
3.5541e+05
3.4699e+05
3.3867e+05
3.3046e+05
3.2236e+05
3.1437e+05
3.0649e+05
2.9873e+05
2.9109e+05
2.8356e+05
2.7616e+05
2.6888e+05
2.6173e+05
2.547e+05
2.478e+05
2.4102e+05
2.3438e+05
2.2786e+05
2.2148e+05
2.1522e+05
2.091e+05
2.0311e+05
1.9726e+05
1.9154e+05
1.8595e+05
1.8049e+05
1.7517e+05
1.6998e+05
1.6492e+05
1.5999e+05
1.552e+05
1.5054e+05
1.4601e+05
1.416e+05
1.3733e+05
1.3319e+05
1.2917e+05
1.2528e+05
1.2151e+05
1.1787e+05
1.1435e+05
1.1095e+05
1.0766e+05
1.045e+05
1.0146e+05
98524
95706
92999
90401
87912
85528
83248
81070
78991
77011
75126
73335
71636
70026
68503
67064
65709
64434
63236
62115
61067
60091
59183
58342
57566
56851
56196
55598
55056
54566
54127
53736
53391
53090
52831
52611
52429
52281
52167
52084
52030
52002
52000
52020
52062
52122
52201
52294
52402
52521
52651
52789
52935
53086
53241
53398
53557
53715
53872
54026
54175
54320
54457
54587
54709
54821
54922
55012
55089
55153
55203
55238
55257
55261
55248
55218
55170
55104
55020
54916
54793
54651
54489
54307
54105
53883
53640
53378
53094
52791
52467
52123
51759
51375
50971
50548
50106
49645
49166
48668
48152
47619
47069
46502
45919
45320
44706
44077
43434
42778
42108
41426
40732
