25153
28555
32165
35977
39987
44186
48570
53129
57858
62748
67791
72978
78301
83749
89314
94986
1.0075e+05
1.0661e+05
1.1254e+05
1.1854e+05
1.2459e+05
1.3069e+05
1.3683e+05
1.4298e+05
1.4915e+05
1.5532e+05
1.6149e+05
1.6763e+05
1.7375e+05
1.7982e+05
1.8585e+05
1.9181e+05
1.9771e+05
2.0352e+05
2.0925e+05
2.1488e+05
2.204e+05
2.2581e+05
2.311e+05
2.3625e+05
2.4126e+05
2.4613e+05
2.5084e+05
2.554e+05
2.5979e+05
2.64e+05
2.6805e+05
2.719e+05
2.7558e+05
2.7906e+05
2.8235e+05
2.8544e+05
2.8833e+05
2.9102e+05
2.9351e+05
2.9579e+05
2.9787e+05
2.9973e+05
3.014e+05
3.0285e+05
3.041e+05
3.0514e+05
3.0598e+05
3.0662e+05
3.0706e+05
3.073e+05
3.0735e+05
3.0721e+05
3.0688e+05
3.0637e+05
3.0569e+05
3.0482e+05
3.0379e+05
3.026e+05
3.0125e+05
2.9975e+05
2.981e+05
2.9631e+05
2.9439e+05
2.9234e+05
2.9017e+05
2.8789e+05
2.855e+05
2.8301e+05
2.8043e+05
2.7777e+05
2.7503e+05
2.7222e+05
2.6935e+05
2.6642e+05
2.6344e+05
2.6043e+05
2.5738e+05
2.5431e+05
2.5123e+05
2.4813e+05
2.4503e+05
2.4193e+05
2.3885e+05
2.3578e+05
2.3274e+05
2.2973e+05
2.2676e+05
2.2384e+05
2.2096e+05
2.1814e+05
2.1539e+05
2.127e+05
2.1009e+05
2.0755e+05
2.051e+05
2.0274e+05
2.0047e+05
1.9829e+05
1.9622e+05
1.9425e+05
1.9238e+05
1.9063e+05
1.8899e+05
1.8747e+05
1.8606e+05
1.8477e+05
1.8361e+05
1.8256e+05
1.8164e+05
1.8085e+05
1.8018e+05
1.7963e+05
1.7921e+05
1.7892e+05
1.7874e+05
1.7869e+05
1.7877e+05
1.7896e+05
1.7927e+05
1.797e+05
1.8024e+05
1.8089e+05
1.8165e+05
1.8252e+05
1.8349e+05
1.8456e+05
1.8573e+05
1.8699e+05
1.8833e+05
1.8976e+05
1.9127e+05
1.9286e+05
1.9451e+05
1.9623e+05
1.9801e+05
1.9985e+05
2.0174e+05
2.0367e+05
2.0564e+05
2.0765e+05
2.0969e+05
2.1175e+05
2.1383e+05
2.1593e+05
2.1803e+05
2.2013e+05
2.2223e+05
2.2432e+05
2.264e+05
2.2846e+05
2.3049e+05
2.325e+05
2.3447e+05
2.364e+05
2.3828e+05
2.4012e+05
2.419e+05
2.4362e+05
2.4529e+05
2.4688e+05
2.484e+05
2.4985e+05
2.5122e+05
2.5251e+05
2.5372e+05
2.5484e+05
2.5586e+05
2.5679e+05
2.5763e+05
2.5837e+05
2.5901e+05
2.5955e+05
2.5998e+05
2.6031e+05
2.6053e+05
2.6065e+05
2.6066e+05
2.6056e+05
2.6035e+05
2.6004e+05
2.5962e+05
2.5909e+05
2.5845e+05
2.5771e+05
2.5687e+05
2.5592e+05
2.5486e+05
2.5371e+05
2.5246e+05
2.5111e+05
2.4966e+05
2.4813e+05
2.465e+05
2.4478e+05
2.4298e+05
2.4109e+05
2.3913e+05
2.3708e+05
2.3497e+05
2.3278e+05
2.3052e+05
2.2819e+05
2.258e+05
2.2336e+05
2.2085e+05
2.183e+05
2.1569e+05
2.1303e+05
2.1034e+05
2.076e+05
2.0482e+05
2.0201e+05
1.9916e+05
1.9629e+05
1.9339e+05
1.9047e+05
1.8752e+05
1.8456e+05
1.8158e+05
1.7859e+05
1.7559e+05
1.7258e+05
1.6956e+05
1.6654e+05
1.6351e+05
1.6049e+05
1.5746e+05
1.5444e+05
1.5142e+05
1.4841e+05
1.4541e+05
1.4241e+05
1.3943e+05
1.3645e+05
1.3348e+05
1.3053e+05
1.2759e+05
1.2467e+05
1.2176e+05
1.1886e+05
1.1598e+05
1.1312e+05
1.1028e+05
1.0745e+05
1.0464e+05
1.0185e+05
99077
96324
93590
90876
88183
85510
82859
80229
77621
75036
72474
69936
67423
64935
62472
60037
57629
55250
52901
50582
48296
46042
43823
41640
39494
37387
35320
33295
31313
29376
27486
25645
23854
22114
20429
18798
17226
15712
14259
12868
11542
10281
9087.1
7962.2
6907.4
5923.9
5013.1
4175.9
3413.3
2726.2
2115.4
1581.3
1124.3
744.79
442.78
218.19
70.75
0
5.2944
85.789
240.44
468
767.03
1135.9
1572.6
2075.3
2641.5
3268.8
3954.6
4695.9
5489.7
6332.8
7221.6
8152.6
9122
10126
11160
12221
13303
14403
15515
16636
17761
18884
20001
21108
22199
23270
24316
25332
26314
27257
28157
29009
29810
30555
31240
31863
32419
32907
33322
33662
33925
34110
34214
34237
34177
34034
33808
33500
33109
32637
32086
31458
30755
29980
29136
28228
27259
26234
25159
24039
22880
21689
20472
19237
17992
16745
15504
14279
13078
11912
10790
9722.8
8720.3
7793.5
6953.4
6211.1
5578
5065.5
4685.2
4448.9
4368.2
4454.9
4720.7
5177.4
5836.7
6709.9
7808.7
9144.1
10727
12569
14680
17070
19749
22727
26012
29615
33542
37801
42401
47347
52645
58302
64322
70709
77467
84600
92108
99994
1.0826e+05
1.169e+05
1.2592e+05
1.3532e+05
1.4509e+05
1.5523e+05
1.6574e+05
1.7661e+05
1.8784e+05
1.9941e+05
2.1134e+05
2.2359e+05
2.3618e+05
2.4908e+05
2.6229e+05
2.7579e+05
2.8959e+05
3.0365e+05
3.1797e+05
3.3254e+05
3.4735e+05
3.6236e+05
3.7758e+05
3.9299e+05
4.0856e+05
4.2428e+05
4.4014e+05
4.5611e+05
4.7218e+05
4.8832e+05
5.0453e+05
5.2077e+05
5.3703e+05
5.5328e+05
5.6952e+05
5.8571e+05
6.0184e+05
6.1788e+05
6.3382e+05
6.4963e+05
6.6529e+05
6.8079e+05
6.961e+05
7.112e+05
7.2607e+05
7.4069e+05
7.5504e+05
7.691e+05
7.8285e+05
7.9628e+05
8.0937e+05
8.2209e+05
8.3444e+05
8.4638e+05
8.5792e+05
8.6903e+05
8.7969e+05
8.899e+05
8.9964e+05
9.0889e+05
9.1765e+05
9.259e+05
9.3364e+05
9.4084e+05
9.4751e+05
9.5364e+05
9.5922e+05
9.6423e+05
9.6868e+05
9.7257e+05
9.7588e+05
9.7862e+05
9.8078e+05
9.8235e+05
9.8336e+05
9.8378e+05
9.8362e+05
9.8289e+05
9.8159e+05
9.7972e+05
9.7728e+05
9.7429e+05
9.7075e+05
9.6666e+05
9.6203e+05
9.5688e+05
9.5121e+05
9.4503e+05
9.3836e+05
9.3119e+05
9.2356e+05
9.1546e+05
9.0691e+05
8.9793e+05
8.8853e+05
8.7872e+05
8.6852e+05
8.5795e+05
8.4701e+05
8.3574e+05
8.2413e+05
8.1222e+05
8.0002e+05
7.8753e+05
7.748e+05
7.6182e+05
7.4861e+05
7.3521e+05
7.2161e+05
7.0785e+05
6.9394e+05
6.7989e+05
6.6572e+05
6.5146e+05
6.3712e+05
6.2271e+05
6.0826e+05
5.9377e+05
5.7927e+05
5.6478e+05
5.503e+05
5.3586e+05
5.2146e+05
5.0713e+05
4.9288e+05
4.7872e+05
4.6467e+05
4.5073e+05
4.3693e+05
4.2327e+05
4.0977e+05
3.9643e+05
3.8328e+05
3.7031e+05
3.5754e+05
3.4497e+05
3.3262e+05
3.2049e+05
3.0859e+05
2.9693e+05
2.8552e+05
2.7435e+05
2.6344e+05
2.5278e+05
2.4239e+05
2.3227e+05
2.2242e+05
2.1284e+05
2.0354e+05
1.9451e+05
1.8576e+05
1.7729e+05
1.6909e+05
1.6118e+05
1.5354e+05
1.4617e+05
1.3908e+05
1.3227e+05
1.2572e+05
1.1944e+05
1.1342e+05
1.0766e+05
1.0216e+05
96916
91916
87159
82640
78355
74297
70462
66842
63434
60229
57223
54409
51781
49331
47054
44943
42991
41192
39539
38025
36644
35389
34254
33232
32318
31503
30784
30153
29604
29132
28731
28395
28119
27899
27727
27601
27514
27463
27443
27450
27480
27528
27592
27668
27752
27842
27934
28026
28115
28200
28277
28345
28401
28446
28476
28490
28488
28468
28430
28373
28295
28198
28080
27942
27783
27603
27403
27182
26942
26682
26403
26106
25791
25460
25112
24750
24373
23982
23579
23165
22740
22307
21864
21415
20960
20500
20035
19569
19100
18630
18161
17694
17228
16766
16308
15856
15409
14969
14536
14112
13697
13291
12896
12512
12138
11777
11428
11091
10767
10456
10158
9874.2
9603.6
9346.7
9103.3
8873.6
8657.4
8454.6
8265
8088.5
7924.8
7773.6
7634.6
7507.4
7391.7
7287
7192.9
7108.9
7034.4
6969.1
6912.2
6863.3
6821.8
6787
6758.3
6735.2
6716.9
6702.8
6692.4
6684.8
6679.5
6675.9
6673.2
6670.8
6668.1
6664.5
6659.3
