2.8255e+05
2.8635e+05
2.9016e+05
2.9398e+05
2.978e+05
3.0162e+05
3.0545e+05
3.0927e+05
3.1309e+05
3.169e+05
3.2071e+05
3.2451e+05
3.283e+05
3.3207e+05
3.3584e+05
3.3958e+05
3.4331e+05
3.4703e+05
3.5072e+05
3.5439e+05
3.5803e+05
3.6166e+05
3.6525e+05
3.6882e+05
3.7235e+05
3.7586e+05
3.7933e+05
3.8277e+05
3.8617e+05
3.8954e+05
3.9287e+05
3.9616e+05
3.9941e+05
4.0261e+05
4.0577e+05
4.0889e+05
4.1196e+05
4.1498e+05
4.1795e+05
4.2088e+05
4.2375e+05
4.2657e+05
4.2934e+05
4.3205e+05
4.3471e+05
4.3732e+05
4.3986e+05
4.4235e+05
4.4477e+05
4.4714e+05
4.4945e+05
4.5169e+05
4.5388e+05
4.56e+05
4.5805e+05
4.6004e+05
4.6197e+05
4.6382e+05
4.6562e+05
4.6734e+05
4.69e+05
4.7059e+05
4.7211e+05
4.7356e+05
4.7494e+05
4.7625e+05
4.7749e+05
4.7866e+05
4.7976e+05
4.8079e+05
4.8174e+05
4.8263e+05
4.8344e+05
4.8418e+05
4.8485e+05
4.8545e+05
4.8598e+05
4.8643e+05
4.8681e+05
4.8712e+05
4.8736e+05
4.8753e+05
4.8763e+05
4.8766e+05
4.8761e+05
4.875e+05
4.8732e+05
4.8706e+05
4.8674e+05
4.8635e+05
4.859e+05
4.8537e+05
4.8478e+05
4.8412e+05
4.834e+05
4.8261e+05
4.8176e+05
4.8085e+05
4.7987e+05
4.7884e+05
4.7774e+05
4.7658e+05
4.7536e+05
4.7409e+05
4.7276e+05
4.7137e+05
4.6993e+05
4.6843e+05
4.6689e+05
4.6529e+05
4.6364e+05
4.6194e+05
4.6019e+05
4.5839e+05
4.5655e+05
4.5467e+05
4.5274e+05
4.5077e+05
4.4876e+05
4.4672e+05
4.4463e+05
4.4251e+05
4.4035e+05
4.3816e+05
4.3593e+05
4.3368e+05
4.3139e+05
4.2908e+05
4.2674e+05
4.2437e+05
4.2198e+05
4.1957e+05
4.1714e+05
4.1469e+05
4.1222e+05
4.0973e+05
4.0722e+05
4.0471e+05
4.0218e+05
3.9964e+05
3.9709e+05
3.9453e+05
3.9196e+05
3.8939e+05
3.8681e+05
3.8423e+05
3.8165e+05
3.7906e+05
3.7648e+05
3.739e+05
3.7132e+05
3.6875e+05
3.6618e+05
3.6362e+05
3.6106e+05
3.5851e+05
3.5598e+05
3.5345e+05
3.5094e+05
3.4843e+05
3.4594e+05
3.4347e+05
3.4101e+05
3.3856e+05
3.3614e+05
3.3373e+05
3.3133e+05
3.2896e+05
3.2661e+05
3.2427e+05
3.2196e+05
3.1966e+05
3.1739e+05
3.1514e+05
3.1291e+05
3.107e+05
3.0852e+05
3.0636e+05
3.0422e+05
3.021e+05
3.0001e+05
2.9794e+05
2.9589e+05
2.9387e+05
2.9187e+05
2.8989e+05
2.8794e+05
2.86e+05
2.8409e+05
2.822e+05
2.8034e+05
2.7849e+05
2.7666e+05
2.7486e+05
2.7307e+05
2.7131e+05
2.6956e+05
2.6783e+05
2.6611e+05
2.6442e+05
2.6274e+05
2.6107e+05
2.5942e+05
2.5778e+05
2.5616e+05
2.5455e+05
2.5294e+05
2.5135e+05
2.4977e+05
2.4819e+05
2.4662e+05
2.4506e+05
2.4351e+05
2.4195e+05
2.404e+05
2.3886e+05
2.3731e+05
2.3576e+05
2.3421e+05
2.3266e+05
2.3111e+05
2.2955e+05
2.2799e+05
2.2642e+05
2.2484e+05
2.2325e+05
2.2165e+05
2.2004e+05
2.1842e+05
2.1679e+05
2.1514e+05
2.1348e+05
2.1181e+05
2.1011e+05
2.084e+05
2.0667e+05
2.0492e+05
2.0314e+05
2.0135e+05
1.9954e+05
1.977e+05
1.9584e+05
1.9395e+05
1.9204e+05
1.9011e+05
1.8815e+05
1.8616e+05
1.8415e+05
1.821e+05
1.8003e+05
1.7794e+05
1.7581e+05
1.7366e+05
1.7148e+05
1.6926e+05
1.6702e+05
1.6476e+05
1.6246e+05
1.6013e+05
1.5778e+05
1.554e+05
1.5299e+05
1.5055e+05
1.4809e+05
1.456e+05
1.4308e+05
1.4054e+05
1.3798e+05
1.3539e+05
1.3278e+05
1.3015e+05
1.2749e+05
1.2482e+05
1.2212e+05
1.1941e+05
1.1669e+05
1.1395e+05
1.1119e+05
1.0842e+05
1.0564e+05
1.0285e+05
1.0006e+05
97257
94451
91643
88834
86026
83221
80422
77630
74848
72077
69320
66580
63858
61156
58478
55826
53202
50609
48049
45524
43039
40594
38194
35839
33535
31282
29084
26943
24863
22846
20895
19013
17202
15466
13807
12227
10731
9320.4
7998
6766.8
5629.4
4588.6
3647
2807.4
2072.3
1444.3
926.03
520.01
228.71
54.578
0
67.328
258.86
576.84
1023.4
1600.8
2311
3156
4137.8
5258.3
6519.2
7922.2
9469.1
11161
13001
14988
17125
19413
21853
24446
27194
30096
33154
36369
39741
43270
46958
50803
54808
58971
63293
67773
72412
77209
82164
87276
92545
97969
1.0355e+05
1.0928e+05
1.1517e+05
1.2121e+05
1.274e+05
1.3373e+05
1.4022e+05
1.4685e+05
1.5363e+05
1.6055e+05
1.6761e+05
1.7481e+05
1.8215e+05
1.8962e+05
1.9722e+05
2.0495e+05
2.1281e+05
2.208e+05
2.289e+05
2.3713e+05
2.4547e+05
2.5393e+05
2.625e+05
2.7117e+05
2.7995e+05
2.8883e+05
2.978e+05
3.0687e+05
3.1603e+05
3.2528e+05
3.3461e+05
3.4402e+05
3.535e+05
3.6306e+05
3.7268e+05
3.8236e+05
3.9211e+05
4.0191e+05
4.1176e+05
4.2166e+05
4.316e+05
4.4157e+05
4.5159e+05
4.6163e+05
4.7169e+05
4.8178e+05
4.9188e+05
5.0199e+05
5.1211e+05
5.2223e+05
5.3234e+05
5.4245e+05
5.5255e+05
5.6263e+05
5.7269e+05
5.8272e+05
5.9272e+05
6.0269e+05
6.1261e+05
6.2249e+05
6.3232e+05
6.421e+05
6.5182e+05
6.6147e+05
6.7106e+05
6.8057e+05
6.9001e+05
6.9936e+05
7.0863e+05
7.1781e+05
7.2689e+05
7.3588e+05
7.4476e+05
7.5353e+05
7.6219e+05
7.7074e+05
7.7916e+05
7.8746e+05
7.9563e+05
8.0367e+05
8.1158e+05
8.1935e+05
8.2697e+05
8.3444e+05
8.4177e+05
8.4894e+05
8.5596e+05
8.6281e+05
8.695e+05
8.7603e+05
8.8239e+05
8.8857e+05
8.9458e+05
9.0041e+05
9.0606e+05
9.1153e+05
9.1681e+05
9.219e+05
9.2681e+05
9.3152e+05
9.3604e+05
9.4036e+05
9.4449e+05
9.4842e+05
9.5214e+05
9.5567e+05
9.5899e+05
9.621e+05
9.6501e+05
9.6771e+05
9.7021e+05
9.7249e+05
9.7457e+05
9.7643e+05
9.7809e+05
9.7954e+05
9.8077e+05
9.8179e+05
9.826e+05
9.8321e+05
9.836e+05
9.8378e+05
9.8375e+05
9.8351e+05
9.8306e+05
9.824e+05
9.8154e+05
9.8047e+05
9.792e+05
9.7772e+05
9.7604e+05
9.7416e+05
9.7208e+05
9.698e+05
9.6732e+05
9.6465e+05
9.6179e+05
9.5873e+05
9.5549e+05
9.5206e+05
9.4844e+05
9.4465e+05
9.4067e+05
9.3652e+05
9.3219e+05
9.2769e+05
9.2302e+05
9.1818e+05
9.1318e+05
9.0802e+05
9.027e+05
8.9723e+05
8.916e+05
8.8582e+05
8.799e+05
8.7384e+05
8.6764e+05
8.613e+05
8.5484e+05
8.4824e+05
8.4152e+05
8.3467e+05
8.2771e+05
8.2063e+05
8.1345e+05
8.0615e+05
7.9875e+05
7.9126e+05
7.8366e+05
7.7598e+05
7.6821e+05
7.6035e+05
7.5241e+05
7.4439e+05
7.3631e+05
7.2815e+05
7.1993e+05
7.1164e+05
7.033e+05
6.949e+05
6.8646e+05
6.7796e+05
6.6943e+05
6.6085e+05
6.5224e+05
6.436e+05
6.3494e+05
6.2624e+05
6.1753e+05
6.088e+05
6.0006e+05
5.9131e+05
5.8256e+05
5.738e+05
5.6504e+05
5.5629e+05
5.4754e+05
5.3881e+05
5.3009e+05
5.2139e+05
5.1271e+05
5.0405e+05
4.9543e+05
4.8683e+05
4.7826e+05
4.6974e+05
4.6125e+05
4.528e+05
4.444e+05
4.3605e+05
4.2774e+05
4.1949e+05
4.113e+05
4.0316e+05
3.9508e+05
3.8707e+05
3.7912e+05
3.7124e+05
3.6342e+05
3.5568e+05
3.4801e+05
3.4042e+05
3.329e+05
3.2547e+05
3.1811e+05
3.1083e+05
3.0364e+05
2.9653e+05
2.8951e+05
2.8258e+05
2.7574e+05
2.6899e+05
2.6233e+05
2.5576e+05
2.4928e+05
2.429e+05
2.3662e+05
2.3043e+05
2.2434e+05
2.1835e+05
2.1245e+05
2.0665e+05
2.0096e+05
1.9536e+05
1.8986e+05
1.8446e+05
1.7916e+05
1.7396e+05
1.6887e+05
1.6387e+05
1.5897e+05
1.5418e+05
1.4948e+05
1.4489e+05
1.4039e+05
1.3599e+05
1.3169e+05
1.2749e+05
1.2339e+05
1.1938e+05
1.1548e+05
1.1166e+05
1.0795e+05
1.0432e+05
1.0079e+05
97357
94013
90759
87596
84521
81535
78636
75822
73094
70449
67886
65404
63002
60678
58432
56262
54166
52144
50193
48313
46501
44757
43079
41466
39916
38428
37000
35630
34318
33061
31859
30709
29610
28561
27560
26606
25697
24831
24008
23226
22482
21777
21107
20473
19872
19304
18766
18257
17776
17322
16893
16489
16106
15746
15405
15084
14780
14493
14221
13964
13720
13488
13267
13056
12854
12660
12473
12292
12117
11946
11778
11613
11450
11289
11127
10966
10803
10639
10472
10302
10130
9952.7
9771.2
9584.8
9392.9
9195
8990.9
8780
8562.1
8336.7
8103.7
7862.6
7613.2
7355.4
7088.9
6813.4
6528.9
6235.1
5932
5619.5
5297.5
4965.9
4624.7
4273.8
3913.3
3543.2
3163.6
