59392
62504
65907
69599
73577
77839
82380
87193
92271
97607
1.0319e+05
1.0901e+05
1.1506e+05
1.2132e+05
1.2779e+05
1.3443e+05
1.4126e+05
1.4823e+05
1.5535e+05
1.6259e+05
1.6994e+05
1.7737e+05
1.8487e+05
1.9242e+05
2e+05
2.0759e+05
2.1517e+05
2.2272e+05
2.3023e+05
2.3766e+05
2.4501e+05
2.5225e+05
2.5937e+05
2.6634e+05
2.7315e+05
2.7977e+05
2.862e+05
2.9241e+05
2.9839e+05
3.0412e+05
3.0959e+05
3.1478e+05
3.1969e+05
3.2429e+05
3.2858e+05
3.3255e+05
3.3618e+05
3.3948e+05
3.4242e+05
3.4501e+05
3.4724e+05
3.4911e+05
3.5061e+05
3.5173e+05
3.5249e+05
3.5287e+05
3.5288e+05
3.5252e+05
3.518e+05
3.5071e+05
3.4927e+05
3.4747e+05
3.4532e+05
3.4284e+05
3.4002e+05
3.3688e+05
3.3343e+05
3.2968e+05
3.2563e+05
3.2131e+05
3.1672e+05
3.1187e+05
3.0678e+05
3.0147e+05
2.9593e+05
2.902e+05
2.8428e+05
2.7819e+05
2.7194e+05
2.6555e+05
2.5904e+05
2.5241e+05
2.4568e+05
2.3888e+05
2.32e+05
2.2508e+05
2.1812e+05
2.1113e+05
2.0414e+05
1.9715e+05
1.9019e+05
1.8325e+05
1.7636e+05
1.6953e+05
1.6277e+05
1.5609e+05
1.4951e+05
1.4303e+05
1.3667e+05
1.3043e+05
1.2432e+05
1.1836e+05
1.1256e+05
1.0691e+05
1.0144e+05
96135
91017
86087
81351
76815
72483
68360
64449
60753
57276
54020
50986
48177
45594
43237
41106
39202
37525
36073
34845
33840
33056
32490
32142
32006
32082
32364
32850
33535
34416
35487
36745
38183
39798
41583
43532
45641
47902
50309
52857
55537
58344
61270
64308
67451
70691
74022
77434
80920
84473
88085
91747
95452
99192
1.0296e+05
1.0674e+05
1.1054e+05
1.1434e+05
1.1813e+05
1.2191e+05
1.2567e+05
1.294e+05
1.331e+05
1.3675e+05
1.4036e+05
1.439e+05
1.4739e+05
1.508e+05
1.5414e+05
1.574e+05
1.6057e+05
1.6364e+05
1.6662e+05
1.6949e+05
1.7226e+05
1.7492e+05
1.7746e+05
1.7988e+05
1.8218e+05
1.8436e+05
1.864e+05
1.8832e+05
1.9011e+05
1.9176e+05
1.9328e+05
1.9467e+05
1.9592e+05
1.9704e+05
1.9802e+05
1.9887e+05
1.9958e+05
2.0017e+05
2.0062e+05
2.0094e+05
2.0113e+05
2.012e+05
2.0115e+05
2.0098e+05
2.0068e+05
2.0028e+05
1.9976e+05
1.9913e+05
1.9839e+05
1.9755e+05
1.9661e+05
1.9557e+05
1.9444e+05
1.9322e+05
1.9191e+05
1.9051e+05
1.8904e+05
1.8749e+05
1.8586e+05
1.8416e+05
1.8239e+05
1.8056e+05
1.7866e+05
1.767e+05
1.7468e+05
1.726e+05
1.7047e+05
1.6829e+05
1.6606e+05
1.6378e+05
1.6146e+05
1.5909e+05
1.5668e+05
1.5423e+05
1.5174e+05
1.4921e+05
1.4665e+05
1.4405e+05
1.4142e+05
1.3876e+05
1.3606e+05
1.3334e+05
1.306e+05
1.2783e+05
1.2503e+05
1.2222e+05
1.1938e+05
1.1653e+05
1.1367e+05
1.1079e+05
1.079e+05
1.05e+05
1.0209e+05
99183
96274
93368
90467
87575
84695
81830
78984
76161
73363
70594
67859
65161
62503
59889
57324
54810
52351
49950
47612
45338
43133
40998
38937
36953
35046
33220
31475
29814
28237
26745
25339
24018
22782
21632
20566
19582
18679
17855
17109
16436
15835
15302
14834
14427
14077
13780
13532
13327
13162
13032
12931
12856
12801
12761
12732
12708
12686
12661
12629
12586
12528
12452
12354
12233
12085
11909
11702
11465
11195
10893
10559
10193
9796.5
9370.8
8917.9
8439.9
7939.8
7420.5
6885.7
6339.1
5784.9
5227.7
4672.1
4123.2
3586.1
3066.1
2568.7
2099.3
1663.5
1266.8
914.52
612.07
364.58
176.99
54.001
0
19.043
114.8
290.52
548.99
892.51
1322.8
1841.2
2448.2
3143.8
3927.6
4798.2
5753.9
6792
7909.4
9102.4
10367
11697
13087
14532
16025
17557
19122
20712
22317
23929
25540
27138
28716
30264
31771
33229
34628
35959
37213
38382
39457
40430
41295
42046
42675
43180
43554
43796
43903
43874
43709
43408
42974
42410
41721
40912
39990
38965
37844
36639
35362
34027
32646
31238
29817
28402
27011
25665
24383
23189
22103
21148
20349
19728
19311
19121
19184
19524
20166
21135
22454
24147
26238
28749
31703
35119
39019
43421
48342
53799
59807
66380
73529
81264
89594
98526
1.0806e+05
1.1821e+05
1.2897e+05
1.4033e+05
1.523e+05
1.6487e+05
1.7803e+05
1.9178e+05
2.0609e+05
2.2096e+05
2.3638e+05
2.5231e+05
2.6875e+05
2.8567e+05
3.0304e+05
3.2085e+05
3.3906e+05
3.5765e+05
3.7657e+05
3.9581e+05
4.1532e+05
4.3508e+05
4.5504e+05
4.7516e+05
4.9542e+05
5.1576e+05
5.3615e+05
5.5655e+05
5.7691e+05
5.9719e+05
6.1736e+05
6.3737e+05
6.5717e+05
6.7673e+05
6.96e+05
7.1494e+05
7.3351e+05
7.5167e+05
7.6939e+05
7.8661e+05
8.0332e+05
8.1946e+05
8.3501e+05
8.4993e+05
8.642e+05
8.7777e+05
8.9062e+05
9.0273e+05
9.1407e+05
9.2462e+05
9.3435e+05
9.4325e+05
9.513e+05
9.5848e+05
9.6479e+05
9.7021e+05
9.7473e+05
9.7836e+05
9.8107e+05
9.8288e+05
9.8378e+05
9.8377e+05
9.8286e+05
9.8107e+05
9.7838e+05
9.7482e+05
9.704e+05
9.6513e+05
9.5904e+05
9.5213e+05
9.4442e+05
9.3595e+05
9.2673e+05
9.1678e+05
9.0614e+05
8.9482e+05
8.8286e+05
8.7029e+05
8.5713e+05
8.4342e+05
8.2919e+05
8.1447e+05
7.9929e+05
7.8369e+05
7.6771e+05
7.5136e+05
7.347e+05
7.1775e+05
7.0055e+05
6.8313e+05
6.6553e+05
6.4777e+05
6.299e+05
6.1194e+05
5.9394e+05
5.7591e+05
5.5789e+05
5.3991e+05
5.22e+05
5.0419e+05
4.8651e+05
4.6898e+05
4.5163e+05
4.3448e+05
4.1756e+05
4.0088e+05
3.8448e+05
3.6837e+05
3.5257e+05
3.3709e+05
3.2196e+05
3.0718e+05
2.9278e+05
2.7876e+05
2.6513e+05
2.5192e+05
2.3911e+05
2.2673e+05
2.1478e+05
2.0327e+05
1.9219e+05
1.8155e+05
1.7136e+05
1.616e+05
1.523e+05
1.4343e+05
1.35e+05
1.2701e+05
1.1945e+05
1.1231e+05
1.056e+05
99298
93402
87903
82792
78059
73694
69687
66025
62697
59691
56995
54595
52478
50632
49041
47694
46575
45671
44969
44454
44113
43932
43897
43996
44214
44540
44960
45462
46034
46664
47341
48055
48795
49550
50311
51069
51816
52542
53242
53907
54531
55108
55632
56099
56504
56842
57112
57309
57432
57479
57448
57338
57150
56883
56537
56114
55616
55043
54397
53683
52901
52056
51150
50188
49172
48108
46999
45850
44665
43450
42208
40944
39663
38371
37071
35769
34470
33177
31895
30629
29383
28161
26967
25804
24676
23586
22538
21533
20575
19666
18807
18000
17248
16550
15908
15322
14793
14320
13904
13543
13238
12987
12789
12642
12545
12496
12492
12532
12613
12732
12887
13076
13294
13539
13808
14099
14407
14729
15064
15406
15754
16104
16454
16800
17139
17470
17788
18093
18381
18650
18899
19125
19327
19504
19653
19774
19866
19929
19960
19961
19931
19870
19777
19654
19501
19318
19107
18867
18601
18309
17993
17654
17294
16914
16516
16102
15673
15232
14780
14319
13851
13379
12903
12425
11948
11474
11004
10539
10082
9632.9
9194.6
