61196
64732
68507
72520
76767
81243
85944
90862
95991
1.0132e+05
1.0685e+05
1.1256e+05
1.1844e+05
1.2448e+05
1.3068e+05
1.3701e+05
1.4346e+05
1.5003e+05
1.5669e+05
1.6343e+05
1.7024e+05
1.7709e+05
1.8398e+05
1.9089e+05
1.9779e+05
2.0469e+05
2.1154e+05
2.1835e+05
2.251e+05
2.3176e+05
2.3832e+05
2.4477e+05
2.5108e+05
2.5725e+05
2.6326e+05
2.6909e+05
2.7473e+05
2.8016e+05
2.8537e+05
2.9035e+05
2.9509e+05
2.9957e+05
3.0379e+05
3.0773e+05
3.1139e+05
3.1475e+05
3.1781e+05
3.2057e+05
3.2301e+05
3.2513e+05
3.2692e+05
3.2839e+05
3.2953e+05
3.3034e+05
3.3082e+05
3.3097e+05
3.3078e+05
3.3027e+05
3.2943e+05
3.2826e+05
3.2678e+05
3.2498e+05
3.2288e+05
3.2047e+05
3.1777e+05
3.1477e+05
3.115e+05
3.0796e+05
3.0416e+05
3.0011e+05
2.9582e+05
2.913e+05
2.8655e+05
2.8161e+05
2.7646e+05
2.7114e+05
2.6564e+05
2.5999e+05
2.5419e+05
2.4826e+05
2.4221e+05
2.3605e+05
2.298e+05
2.2348e+05
2.1708e+05
2.1064e+05
2.0415e+05
1.9764e+05
1.9111e+05
1.8458e+05
1.7806e+05
1.7157e+05
1.6511e+05
1.5869e+05
1.5234e+05
1.4605e+05
1.3984e+05
1.3372e+05
1.277e+05
1.2179e+05
1.16e+05
1.1033e+05
1.0481e+05
99422
94191
89120
84215
79483
74930
70562
66385
62402
58620
55040
51668
48507
45559
42827
40313
38018
35944
34092
32461
31053
29866
28901
28155
27628
27318
27222
27338
27664
28195
28929
29862
30989
32306
33808
35489
37346
39372
41560
43905
46401
49040
51817
54722
57751
60894
64144
67494
70935
74460
78060
81727
85454
89230
93049
96902
1.0078e+05
1.0468e+05
1.0858e+05
1.1248e+05
1.1638e+05
1.2027e+05
1.2413e+05
1.2795e+05
1.3175e+05
1.3549e+05
1.3918e+05
1.4282e+05
1.4639e+05
1.4988e+05
1.533e+05
1.5663e+05
1.5988e+05
1.6302e+05
1.6607e+05
1.6902e+05
1.7185e+05
1.7458e+05
1.7719e+05
1.7968e+05
1.8204e+05
1.8429e+05
1.864e+05
1.8839e+05
1.9025e+05
1.9197e+05
1.9357e+05
1.9503e+05
1.9636e+05
1.9756e+05
1.9862e+05
1.9956e+05
2.0036e+05
2.0103e+05
2.0158e+05
2.0199e+05
2.0229e+05
2.0246e+05
2.025e+05
2.0243e+05
2.0224e+05
2.0194e+05
2.0153e+05
2.01e+05
2.0037e+05
1.9964e+05
1.988e+05
1.9786e+05
1.9683e+05
1.9571e+05
1.9449e+05
1.9319e+05
1.918e+05
1.9032e+05
1.8877e+05
1.8713e+05
1.8542e+05
1.8364e+05
1.8178e+05
1.7986e+05
1.7786e+05
1.758e+05
1.7368e+05
1.715e+05
1.6925e+05
1.6695e+05
1.6459e+05
1.6217e+05
1.597e+05
1.5718e+05
1.5461e+05
1.52e+05
1.4933e+05
1.4662e+05
1.4387e+05
1.4108e+05
1.3825e+05
1.3538e+05
1.3248e+05
1.2954e+05
1.2658e+05
1.2359e+05
1.2057e+05
1.1753e+05
1.1447e+05
1.114e+05
1.0831e+05
1.0521e+05
1.021e+05
98995
95887
92783
89687
86603
83535
80486
77462
74466
71503
68575
65689
62848
60055
57316
54633
52012
49454
46965
44547
42204
39937
37751
35648
33629
31697
29853
28099
26435
24861
23380
21989
20689
19480
18359
17325
16377
15513
14729
14024
13394
12835
12344
11918
11552
11242
10983
10772
10602
10470
10371
10300
10251
10221
10205
10198
10195
10193
10187
10174
10150
10111
10056
9980.4
9883
9761.6
9614.7
9441.3
9240.5
9012.2
8756.4
8473.6
8164.8
7831.3
7475
7097.8
6702.5
6291.7
5868.7
5437
5000.3
4562.8
4128.6
3702.3
3288.3
2891.4
2516.3
2168
1851.1
1570.4
1330.6
1136.3
991.65
900.92
867.95
896.32
989.25
1149.6
1379.9
1682
2057.6
2507.7
3032.8
3633
4307.6
5055.5
5875.1
6764.1
7719.5
8737.9
9815.5
10947
12129
13354
14617
15911
17229
18563
19907
21252
22589
23911
25209
26473
27696
28869
29983
31030
32002
32891
33690
34391
34989
35477
35850
36105
36236
36242
36120
35869
35489
34981
34347
33591
32716
31727
30632
29438
28153
26788
25355
23865
22332
20770
19195
17624
16075
14566
13116
11746
10476
9329.4
8327.1
7492
6847.4
6416.7
6223.4
6291.3
6644.1
7305.6
8299.1
9647.8
11374
13501
16049
19040
22493
26427
30860
35810
41291
47317
53902
61057
68791
77112
86027
95539
1.0565e+05
1.1637e+05
1.2768e+05
1.3959e+05
1.5209e+05
1.6518e+05
1.7884e+05
1.9307e+05
2.0785e+05
2.2316e+05
2.3899e+05
2.5532e+05
2.7213e+05
2.8939e+05
3.0709e+05
3.2519e+05
3.4367e+05
3.6249e+05
3.8163e+05
4.0105e+05
4.2073e+05
4.4061e+05
4.6068e+05
4.8089e+05
5.012e+05
5.2157e+05
5.4197e+05
5.6235e+05
5.8267e+05
6.029e+05
6.2299e+05
6.429e+05
6.6259e+05
6.8202e+05
7.0115e+05
7.1994e+05
7.3834e+05
7.5632e+05
7.7385e+05
7.9088e+05
8.0738e+05
8.2332e+05
8.3866e+05
8.5336e+05
8.674e+05
8.8076e+05
8.9339e+05
9.0528e+05
9.164e+05
9.2673e+05
9.3625e+05
9.4494e+05
9.5278e+05
9.5976e+05
9.6587e+05
9.711e+05
9.7544e+05
9.7887e+05
9.8141e+05
9.8305e+05
9.8378e+05
9.8361e+05
9.8254e+05
9.8058e+05
9.7775e+05
9.7404e+05
9.6947e+05
9.6405e+05
9.5781e+05
9.5075e+05
9.429e+05
9.3428e+05
9.2491e+05
9.1481e+05
9.0401e+05
8.9253e+05
8.8041e+05
8.6766e+05
8.5433e+05
8.4043e+05
8.2601e+05
8.1109e+05
7.9571e+05
7.7989e+05
7.6368e+05
7.471e+05
7.3019e+05
7.1298e+05
6.9552e+05
6.7782e+05
6.5993e+05
6.4188e+05
6.237e+05
6.0543e+05
5.871e+05
5.6874e+05
5.5038e+05
5.3205e+05
5.1378e+05
4.9561e+05
4.7756e+05
4.5965e+05
4.4192e+05
4.2439e+05
4.0709e+05
3.9003e+05
3.7324e+05
3.5674e+05
3.4055e+05
3.2469e+05
3.0918e+05
2.9403e+05
2.7926e+05
2.6488e+05
2.509e+05
2.3734e+05
2.242e+05
2.1149e+05
1.9923e+05
1.8741e+05
1.7604e+05
1.6513e+05
1.5467e+05
1.4468e+05
1.3514e+05
1.2606e+05
1.1744e+05
1.0927e+05
1.0155e+05
94269
87430
81023
75040
69472
64311
59547
55168
51166
47527
44239
41291
38668
36358
34347
32621
31166
29967
29010
28281
27765
27448
27314
27349
27540
27872
28331
28903
29575
30334
31167
32062
33007
33990
34999
36025
37058
38086
39102
40096
41061
41989
42873
43706
44483
45198
45847
46425
46929
47355
47702
47967
48149
48246
48259
48186
48030
47790
47469
47067
46586
46031
45402
44703
43939
43111
42225
41284
40292
39255
38176
37061
35913
34739
33541
32327
31099
29864
28625
27387
26156
24934
23727
22538
21371
20230
19118
18039
16996
15991
15026
14105
13229
12399
11618
10886
10205
9574.5
8995.3
8467.6
7991.2
7565.7
7190.6
6864.9
6587.6
6357.3
6172.7
6031.9
5933.2
5874.5
5853.7
5868.5
5916.4
5994.9
6101.5
6233.5
6388
6562.5
6754
6959.8
7177
7403
7634.9
7870
8105.8
8339.7
8569.1
8791.8
9005.5
9207.9
9397.2
9571.3
9728.6
9867.4
9986.4
10084
10160
10212
10240
10243
10221
10174
10101
10002
9877.2
9727.5
9552.9
9354.2
9131.8
8886.8
8620
8332.5
8025.4
7699.9
7357.5
6999.4
6627.1
6242.1
5846
5440.2
5026.5
4606.3
4181.3
3753.1
3323.2
2893.1
2464.5
2038.7
1617.2
1201.4
792.39
391.56
0
