31718
33997
36514
39267
42254
45472
48919
52589
56479
60582
64892
69404
74109
78999
84067
89303
94697
1.0024e+05
1.0592e+05
1.1173e+05
1.1766e+05
1.2369e+05
1.2981e+05
1.3601e+05
1.4229e+05
1.4861e+05
1.5498e+05
1.6138e+05
1.678e+05
1.7422e+05
1.8063e+05
1.8702e+05
1.9337e+05
1.9968e+05
2.0592e+05
2.1208e+05
2.1816e+05
2.2414e+05
2.3e+05
2.3574e+05
2.4135e+05
2.468e+05
2.521e+05
2.5723e+05
2.6217e+05
2.6693e+05
2.7149e+05
2.7584e+05
2.7997e+05
2.8388e+05
2.8755e+05
2.9099e+05
2.9418e+05
2.9711e+05
2.9979e+05
3.0221e+05
3.0437e+05
3.0625e+05
3.0787e+05
3.0921e+05
3.1027e+05
3.1106e+05
3.1157e+05
3.118e+05
3.1176e+05
3.1145e+05
3.1086e+05
3.1001e+05
3.0889e+05
3.0751e+05
3.0587e+05
3.0398e+05
3.0184e+05
2.9947e+05
2.9686e+05
2.9402e+05
2.9096e+05
2.8769e+05
2.8422e+05
2.8056e+05
2.7671e+05
2.7269e+05
2.685e+05
2.6415e+05
2.5966e+05
2.5504e+05
2.5029e+05
2.4544e+05
2.4048e+05
2.3543e+05
2.303e+05
2.251e+05
2.1986e+05
2.1456e+05
2.0924e+05
2.0389e+05
1.9853e+05
1.9318e+05
1.8784e+05
1.8253e+05
1.7724e+05
1.7201e+05
1.6683e+05
1.6172e+05
1.5668e+05
1.5173e+05
1.4688e+05
1.4212e+05
1.3749e+05
1.3297e+05
1.2858e+05
1.2433e+05
1.2022e+05
1.1626e+05
1.1246e+05
1.0882e+05
1.0535e+05
1.0205e+05
98930
95989
93233
90664
88286
86100
84109
82313
80714
79311
78106
77097
76283
75664
75238
75003
74956
75095
75417
75918
76595
77444
78461
79641
80980
82472
84113
85898
87820
89874
92055
94357
96773
99298
1.0192e+05
1.0465e+05
1.0746e+05
1.1036e+05
1.1333e+05
1.1638e+05
1.1949e+05
1.2265e+05
1.2587e+05
1.2914e+05
1.3244e+05
1.3578e+05
1.3914e+05
1.4253e+05
1.4593e+05
1.4934e+05
1.5275e+05
1.5616e+05
1.5956e+05
1.6295e+05
1.6631e+05
1.6966e+05
1.7297e+05
1.7625e+05
1.7949e+05
1.8268e+05
1.8583e+05
1.8892e+05
1.9195e+05
1.9492e+05
1.9782e+05
2.0065e+05
2.034e+05
2.0608e+05
2.0867e+05
2.1117e+05
2.1358e+05
2.159e+05
2.1813e+05
2.2025e+05
2.2227e+05
2.2419e+05
2.2599e+05
2.2769e+05
2.2927e+05
2.3073e+05
2.3208e+05
2.3331e+05
2.3442e+05
2.354e+05
2.3626e+05
2.3699e+05
2.376e+05
2.3808e+05
2.3843e+05
2.3865e+05
2.3874e+05
2.387e+05
2.3853e+05
2.3824e+05
2.3781e+05
2.3725e+05
2.3656e+05
2.3575e+05
2.3481e+05
2.3375e+05
2.3256e+05
2.3125e+05
2.2982e+05
2.2827e+05
2.266e+05
2.2482e+05
2.2293e+05
2.2094e+05
2.1883e+05
2.1663e+05
2.1432e+05
2.1192e+05
2.0943e+05
2.0686e+05
2.0419e+05
2.0145e+05
1.9863e+05
1.9574e+05
1.9279e+05
1.8977e+05
1.8669e+05
1.8356e+05
1.8038e+05
1.7716e+05
1.739e+05
1.706e+05
1.6727e+05
1.6392e+05
1.6055e+05
1.5716e+05
1.5377e+05
1.5036e+05
1.4696e+05
1.4356e+05
1.4017e+05
1.3678e+05
1.3342e+05
1.3007e+05
1.2675e+05
1.2346e+05
1.2019e+05
1.1697e+05
1.1377e+05
1.1062e+05
1.0752e+05
1.0446e+05
1.0145e+05
98485
95577
92723
89925
87184
84501
81877
79314
76810
74367
71984
69662
67399
65195
63050
60963
58933
56957
55036
53168
51351
49583
47863
46189
44560
42973
41426
39918
38448
37012
35610
34239
32898
31586
30301
29041
27805
26593
25402
24233
23084
21955
20845
19755
18684
17631
16598
15585
14591
13619
12668
11740
10835
9954.9
9101.1
8274.9
7477.8
6711.4
5977.4
5277.4
4613.2
3986.6
3399.4
2853.3
2350
1891.3
1478.8
1114
798.39
533.29
319.92
159.34
52.461
0
2.4959
60.282
173.48
341.97
565.41
843.22
1174.5
1558.3
1993.1
2477.3
3009
3586.1
4206.1
4866.4
5563.9
6295.6
7057.9
7847.3
8659.8
9491.4
10338
11195
12057
12921
13781
14633
15472
16292
17088
17857
18593
19291
19946
20555
21112
21614
22058
22439
22754
23000
23176
23278
23305
23257
23131
22929
22651
22297
21869
21369
20800
20165
19468
18714
17909
17057
16166
15243
14296
13334
12365
11400
10449
9523.1
8633.6
7792.9
7013.6
6308.7
5691.8
5176.9
4778.3
4510.6
4388.7
4427.9
4643.5
5050.9
5665.8
6503.8
7580.5
8911.3
10512
12397
14582
17081
19909
23080
26607
30502
34778
39447
44520
50006
55916
62257
69037
76262
83940
92073
1.0067e+05
1.0972e+05
1.1924e+05
1.2922e+05
1.3966e+05
1.5057e+05
1.6193e+05
1.7374e+05
1.86e+05
1.9869e+05
2.1182e+05
2.2537e+05
2.3932e+05
2.5368e+05
2.6841e+05
2.8352e+05
2.9898e+05
3.1478e+05
3.3089e+05
3.473e+05
3.6399e+05
3.8094e+05
3.9812e+05
4.1552e+05
4.331e+05
4.5085e+05
4.6873e+05
4.8672e+05
5.048e+05
5.2293e+05
5.4109e+05
5.5925e+05
5.7738e+05
5.9545e+05
6.1343e+05
6.313e+05
6.4902e+05
6.6656e+05
6.8389e+05
7.0099e+05
7.1783e+05
7.3437e+05
7.5058e+05
7.6645e+05
7.8194e+05
7.9702e+05
8.1167e+05
8.2586e+05
8.3958e+05
8.5278e+05
8.6546e+05
8.7759e+05
8.8914e+05
9.001e+05
9.1046e+05
9.2018e+05
9.2926e+05
9.3768e+05
9.4543e+05
9.5249e+05
9.5885e+05
9.6451e+05
9.6945e+05
9.7366e+05
9.7715e+05
9.7991e+05
9.8194e+05
9.8322e+05
9.8378e+05
9.8359e+05
9.8268e+05
9.8104e+05
9.7868e+05
9.7561e+05
9.7183e+05
9.6736e+05
9.622e+05
9.5637e+05
9.4988e+05
9.4275e+05
9.3499e+05
9.2663e+05
9.1766e+05
9.0813e+05
8.9803e+05
8.8741e+05
8.7627e+05
8.6464e+05
8.5255e+05
8.4e+05
8.2704e+05
8.1368e+05
7.9995e+05
7.8588e+05
7.7148e+05
7.5679e+05
7.4183e+05
7.2662e+05
7.112e+05
6.9558e+05
6.798e+05
6.6388e+05
6.4784e+05
6.3172e+05
6.1552e+05
5.9929e+05
5.8304e+05
5.668e+05
5.506e+05
5.3444e+05
5.1836e+05
5.0237e+05
4.8651e+05
4.7077e+05
4.552e+05
4.398e+05
4.2459e+05
4.0959e+05
3.9482e+05
3.8029e+05
3.66e+05
3.5199e+05
3.3826e+05
3.2482e+05
3.1167e+05
2.9884e+05
2.8633e+05
2.7415e+05
2.623e+05
2.508e+05
2.3963e+05
2.2882e+05
2.1836e+05
2.0825e+05
1.985e+05
1.8911e+05
1.8008e+05
1.714e+05
1.6308e+05
1.5511e+05
1.4748e+05
1.4021e+05
1.3328e+05
1.2668e+05
1.2042e+05
1.1448e+05
1.0886e+05
1.0355e+05
98548
93843
89426
85289
81424
77821
74472
71367
68496
65849
63416
61189
59156
57307
55634
54125
52771
51562
50489
49543
48712
47990
47367
46833
46381
46003
45690
45435
45231
45071
44947
44853
44784
44734
44696
44667
44641
44614
44582
44541
44488
44420
44333
44226
44096
43942
43762
43554
43319
43054
42760
42437
42084
41701
41290
40851
40384
39891
39373
38831
38266
37680
37076
36453
35815
35164
34500
33827
33146
32459
31768
31076
30385
29696
29012
28334
27664
27005
26358
25724
25106
24505
23923
23360
22819
22300
21805
21334
20888
20468
20075
19710
19372
19062
18781
18527
18303
18106
17937
17796
17681
17594
17532
17496
17484
17496
17530
17586
17662
17757
17871
18001
18147
18307
18479
18663
18856
19058
19267
19481
19700
19920
20142
20363
20582
20797
21008
21213
21411
21600
21779
21947
22103
22245
22374
22487
22585
22665
22729
22774
22800
22807
22794
22762
22708
22635
22541
22426
22290
22134
21957
21761
21544
21307
21052
20778
20486
