85128
89030
93147
97476
1.0201e+05
1.0675e+05
1.1168e+05
1.168e+05
1.221e+05
1.2756e+05
1.3319e+05
1.3897e+05
1.4489e+05
1.5094e+05
1.5711e+05
1.6338e+05
1.6973e+05
1.7617e+05
1.8267e+05
1.8921e+05
1.9579e+05
2.0239e+05
2.0899e+05
2.1558e+05
2.2214e+05
2.2866e+05
2.3512e+05
2.415e+05
2.478e+05
2.5399e+05
2.6006e+05
2.6599e+05
2.7178e+05
2.774e+05
2.8284e+05
2.8809e+05
2.9314e+05
2.9797e+05
3.0258e+05
3.0695e+05
3.1106e+05
3.1492e+05
3.1851e+05
3.2183e+05
3.2486e+05
3.2759e+05
3.3003e+05
3.3217e+05
3.34e+05
3.3552e+05
3.3673e+05
3.3761e+05
3.3819e+05
3.3844e+05
3.3837e+05
3.3799e+05
3.3729e+05
3.3628e+05
3.3496e+05
3.3334e+05
3.3141e+05
3.2919e+05
3.2668e+05
3.2389e+05
3.2082e+05
3.1749e+05
3.139e+05
3.1005e+05
3.0597e+05
3.0166e+05
2.9712e+05
2.9238e+05
2.8744e+05
2.8231e+05
2.77e+05
2.7154e+05
2.6591e+05
2.6015e+05
2.5426e+05
2.4826e+05
2.4215e+05
2.3595e+05
2.2968e+05
2.2333e+05
2.1694e+05
2.105e+05
2.0403e+05
1.9755e+05
1.9106e+05
1.8457e+05
1.7811e+05
1.7167e+05
1.6527e+05
1.5893e+05
1.5264e+05
1.4643e+05
1.403e+05
1.3426e+05
1.2832e+05
1.2248e+05
1.1677e+05
1.1118e+05
1.0573e+05
1.0041e+05
95251
90244
85399
80723
76221
71899
67763
63817
60065
56512
53161
50017
47081
44356
41846
39551
37474
35617
33978
32561
31364
30388
29633
29097
28779
28679
28794
29122
29661
30408
31360
32514
33865
35409
37143
39061
41158
43429
45869
48470
51228
54135
57184
60370
63683
67117
70664
74316
78065
81903
85820
89809
93861
97967
1.0212e+05
1.063e+05
1.1052e+05
1.1475e+05
1.1899e+05
1.2324e+05
1.2747e+05
1.3169e+05
1.3588e+05
1.4004e+05
1.4415e+05
1.4822e+05
1.5222e+05
1.5616e+05
1.6003e+05
1.6382e+05
1.6751e+05
1.7112e+05
1.7462e+05
1.7802e+05
1.813e+05
1.8447e+05
1.8751e+05
1.9043e+05
1.9321e+05
1.9586e+05
1.9838e+05
2.0075e+05
2.0298e+05
2.0506e+05
2.0699e+05
2.0878e+05
2.1041e+05
2.1189e+05
2.1323e+05
2.1441e+05
2.1544e+05
2.1632e+05
2.1705e+05
2.1763e+05
2.1807e+05
2.1836e+05
2.1851e+05
2.1852e+05
2.184e+05
2.1813e+05
2.1774e+05
2.1722e+05
2.1657e+05
2.158e+05
2.1491e+05
2.139e+05
2.1278e+05
2.1155e+05
2.1022e+05
2.0878e+05
2.0725e+05
2.0562e+05
2.0389e+05
2.0208e+05
2.0018e+05
1.982e+05
1.9615e+05
1.9401e+05
1.918e+05
1.8953e+05
1.8718e+05
1.8477e+05
1.823e+05
1.7977e+05
1.7718e+05
1.7454e+05
1.7184e+05
1.691e+05
1.6631e+05
1.6347e+05
1.6059e+05
1.5767e+05
1.5471e+05
1.5171e+05
1.4869e+05
1.4562e+05
1.4253e+05
1.3942e+05
1.3627e+05
1.3311e+05
1.2993e+05
1.2673e+05
1.2351e+05
1.2028e+05
1.1705e+05
1.1381e+05
1.1057e+05
1.0733e+05
1.0409e+05
1.0086e+05
97644
94441
91256
88094
84957
81850
78776
75740
72745
69794
66892
64043
61249
58515
55844
53239
50703
48238
45849
43537
41305
39154
37087
35104
33208
31398
29676
28041
26494
25035
23661
22374
21170
20048
19007
18043
17155
16338
15591
14910
14290
13729
13221
12763
12351
11981
11646
11344
11070
10819
10587
10370
10163
9962.7
9765
9566.5
9363.9
9154.1
8934.4
8702.6
8456.6
8194.7
7915.7
7618.8
7303.6
6970.1
6618.7
6250.4
5866.5
5468.7
5059.1
4640.4
4215.6
3787.9
3361
2939.1
2526.4
2127.5
1747.2
1390.6
1062.8
769.1
514.88
305.52
146.41
42.835
0
22.932
116.45
285.12
533.18
864.56
1282.7
1790.8
2391.3
3086.4
3877.5
4765.5
5750.8
6833
8011.1
9283.5
10648
12101
13638
15257
16950
18713
20539
22420
24350
26318
28317
30337
32367
34398
36419
38419
40386
42310
44178
45979
47702
49335
50868
52289
53587
54754
55779
56654
57370
57920
58298
58498
58515
58346
57989
57442
56705
55779
54668
53374
51904
50263
48461
46506
44410
42185
39844
37403
34878
32287
29650
26985
24315
21662
19050
16502
14045
11703
9504.4
7475
5642.7
4035.4
2681
1607.6
843.31
415.92
353
681.65
1428.4
2619.3
4279.1
6432.2
9101.6
12309
16075
20420
25359
30911
37088
43904
51369
59492
68279
77735
87862
98661
1.1013e+05
1.2226e+05
1.3505e+05
1.4849e+05
1.6257e+05
1.7728e+05
1.9259e+05
2.0849e+05
2.2496e+05
2.4198e+05
2.5953e+05
2.7757e+05
2.9608e+05
3.1503e+05
3.3438e+05
3.541e+05
3.7416e+05
3.9452e+05
4.1514e+05
4.3598e+05
4.57e+05
4.7815e+05
4.994e+05
5.207e+05
5.4201e+05
5.6328e+05
5.8447e+05
6.0553e+05
6.2641e+05
6.4708e+05
6.6748e+05
6.8757e+05
7.0731e+05
7.2666e+05
7.4557e+05
7.64e+05
7.8191e+05
7.9927e+05
8.1602e+05
8.3215e+05
8.4761e+05
8.6236e+05
8.7639e+05
8.8965e+05
9.0212e+05
9.1378e+05
9.246e+05
9.3456e+05
9.4364e+05
9.5183e+05
9.591e+05
9.6546e+05
9.7088e+05
9.7535e+05
9.7888e+05
9.8146e+05
9.831e+05
9.8378e+05
9.8351e+05
9.8231e+05
9.8017e+05
9.7712e+05
9.7315e+05
9.683e+05
9.6256e+05
9.5596e+05
9.4853e+05
9.4027e+05
9.3122e+05
9.2141e+05
9.1084e+05
8.9957e+05
8.8761e+05
8.7499e+05
8.6175e+05
8.4791e+05
8.3352e+05
8.186e+05
8.0319e+05
7.8732e+05
7.7104e+05
7.5437e+05
7.3735e+05
7.2002e+05
7.0241e+05
6.8456e+05
6.6651e+05
6.4829e+05
6.2993e+05
6.1148e+05
5.9296e+05
5.7441e+05
5.5586e+05
5.3734e+05
5.1889e+05
5.0054e+05
4.8231e+05
4.6423e+05
4.4633e+05
4.2864e+05
4.1118e+05
3.9398e+05
3.7705e+05
3.6043e+05
3.4412e+05
3.2815e+05
3.1254e+05
2.9729e+05
2.8244e+05
2.6798e+05
2.5394e+05
2.4032e+05
2.2714e+05
2.1439e+05
2.0209e+05
1.9024e+05
1.7886e+05
1.6793e+05
1.5747e+05
1.4747e+05
1.3793e+05
1.2885e+05
1.2024e+05
1.1208e+05
1.0437e+05
97103
90279
83887
77920
72368
67222
62471
58106
54115
50485
47205
44262
41642
39332
37319
35589
34127
32919
31950
31207
30675
30339
30185
30199
30367
30674
31108
31654
32300
33032
33839
34708
35627
36585
37571
38575
39586
40596
41595
42574
43527
44444
45320
46148
46923
47638
48290
48873
49386
49823
50184
50465
50665
50783
50819
50772
50643
50432
50141
49770
49323
48802
48208
47545
46816
46025
45174
44270
43314
42312
41268
40186
39072
37929
36763
35578
34380
33171
31959
30746
29537
28338
27151
25982
24833
23709
22614
21550
20521
19530
18578
17670
16806
15988
15219
14500
13830
13213
12647
12133
11672
11262
10903
10595
10337
10127
9963.8
9846
9771.6
9738.7
9745.1
9788.5
9866.4
9976.3
10115
10281
10471
10681
10909
11152
11408
11672
11942
12216
12490
12762
13029
13289
13538
13775
13998
14203
14390
14556
14701
14821
14917
14986
15029
15043
15030
14987
14915
14814
14684
14525
14337
14122
13879
13610
13316
12998
12657
12295
11912
11511
11093
10661
10214
9756.6
9289.1
8813.8
8332.5
7847.2
7359.6
6871.7
6385.3
5902.1
5423.9
4952.3
4489.1
4035.6
3593.5
3164
2748.4
