2.8779e+05
2.9141e+05
2.9502e+05
2.9864e+05
3.0225e+05
3.0586e+05
3.0947e+05
3.1306e+05
3.1665e+05
3.2022e+05
3.2378e+05
3.2733e+05
3.3086e+05
3.3437e+05
3.3787e+05
3.4134e+05
3.4479e+05
3.4821e+05
3.5161e+05
3.5498e+05
3.5833e+05
3.6164e+05
3.6492e+05
3.6817e+05
3.7139e+05
3.7457e+05
3.7771e+05
3.8082e+05
3.8388e+05
3.8691e+05
3.8989e+05
3.9283e+05
3.9573e+05
3.9858e+05
4.0139e+05
4.0415e+05
4.0686e+05
4.0952e+05
4.1212e+05
4.1468e+05
4.1719e+05
4.1964e+05
4.2204e+05
4.2439e+05
4.2668e+05
4.2891e+05
4.3108e+05
4.332e+05
4.3526e+05
4.3726e+05
4.392e+05
4.4108e+05
4.429e+05
4.4466e+05
4.4635e+05
4.4799e+05
4.4956e+05
4.5107e+05
4.5251e+05
4.5389e+05
4.552e+05
4.5646e+05
4.5764e+05
4.5876e+05
4.5982e+05
4.6081e+05
4.6173e+05
4.6259e+05
4.6339e+05
4.6411e+05
4.6478e+05
4.6537e+05
4.659e+05
4.6637e+05
4.6677e+05
4.671e+05
4.6737e+05
4.6758e+05
4.6771e+05
4.6779e+05
4.678e+05
4.6775e+05
4.6763e+05
4.6745e+05
4.6721e+05
4.669e+05
4.6653e+05
4.661e+05
4.6561e+05
4.6506e+05
4.6445e+05
4.6379e+05
4.6306e+05
4.6227e+05
4.6143e+05
4.6053e+05
4.5957e+05
4.5856e+05
4.575e+05
4.5638e+05
4.552e+05
4.5398e+05
4.527e+05
4.5138e+05
4.5e+05
4.4858e+05
4.4711e+05
4.4559e+05
4.4403e+05
4.4242e+05
4.4077e+05
4.3907e+05
4.3734e+05
4.3556e+05
4.3374e+05
4.3189e+05
4.3e+05
4.2807e+05
4.2611e+05
4.2411e+05
4.2208e+05
4.2002e+05
4.1792e+05
4.158e+05
4.1365e+05
4.1147e+05
4.0927e+05
4.0704e+05
4.0479e+05
4.0251e+05
4.0022e+05
3.979e+05
3.9557e+05
3.9321e+05
3.9084e+05
3.8846e+05
3.8606e+05
3.8365e+05
3.8123e+05
3.7879e+05
3.7635e+05
3.739e+05
3.7144e+05
3.6897e+05
3.665e+05
3.6402e+05
3.6154e+05
3.5906e+05
3.5658e+05
3.541e+05
3.5162e+05
3.4914e+05
3.4667e+05
3.442e+05
3.4173e+05
3.3927e+05
3.3681e+05
3.3437e+05
3.3193e+05
3.295e+05
3.2708e+05
3.2467e+05
3.2227e+05
3.1989e+05
3.1752e+05
3.1516e+05
3.1281e+05
3.1048e+05
3.0816e+05
3.0586e+05
3.0358e+05
3.0131e+05
2.9906e+05
2.9683e+05
2.9461e+05
2.9241e+05
2.9023e+05
2.8807e+05
2.8593e+05
2.8381e+05
2.817e+05
2.7962e+05
2.7755e+05
2.755e+05
2.7347e+05
2.7147e+05
2.6948e+05
2.6751e+05
2.6556e+05
2.6362e+05
2.6171e+05
2.5981e+05
2.5794e+05
2.5608e+05
2.5424e+05
2.5241e+05
2.506e+05
2.4881e+05
2.4703e+05
2.4527e+05
2.4353e+05
2.418e+05
2.4008e+05
2.3838e+05
2.3669e+05
2.3501e+05
2.3334e+05
2.3168e+05
2.3004e+05
2.284e+05
2.2677e+05
2.2515e+05
2.2354e+05
2.2193e+05
2.2033e+05
2.1873e+05
2.1714e+05
2.1555e+05
2.1396e+05
2.1237e+05
2.1079e+05
2.092e+05
2.0762e+05
2.0603e+05
2.0444e+05
2.0284e+05
2.0124e+05
1.9964e+05
1.9803e+05
1.9641e+05
1.9479e+05
1.9315e+05
1.9151e+05
1.8986e+05
1.8819e+05
1.8652e+05
1.8483e+05
1.8313e+05
1.8141e+05
1.7968e+05
1.7794e+05
1.7618e+05
1.744e+05
1.7261e+05
1.708e+05
1.6897e+05
1.6712e+05
1.6526e+05
1.6337e+05
1.6147e+05
1.5954e+05
1.576e+05
1.5563e+05
1.5365e+05
1.5164e+05
1.4961e+05
1.4757e+05
1.455e+05
1.4341e+05
1.413e+05
1.3916e+05
1.3701e+05
1.3484e+05
1.3265e+05
1.3043e+05
1.282e+05
1.2595e+05
1.2368e+05
1.2139e+05
1.1908e+05
1.1676e+05
1.1442e+05
1.1207e+05
1.097e+05
1.0732e+05
1.0492e+05
1.0251e+05
1.0009e+05
97666
95229
92784
90333
87877
85417
82955
80492
78030
75570
73114
70663
68220
65785
63362
60950
58553
56173
53811
51469
49150
46855
44587
42347
40139
37964
35824
33722
31660
29640
27666
25738
23860
22034
20262
18547
16892
15298
13769
12307
10913
9591.9
8344.6
7174
6082.7
5073
4147.4
3308.4
2558.4
1899.7
1334.9
866.32
496.2
226.92
60.771
0
46.835
203.46
472.03
854.65
1353.4
1970.2
2707.2
3566.2
4549.1
5657.7
6893.8
8259
9755.1
11384
13146
15044
17078
19251
21562
24015
26608
29345
32224
35248
38418
41733
45194
48802
52558
56461
60512
64712
69059
73555
78198
82990
87929
93015
98248
1.0363e+05
1.0915e+05
1.1482e+05
1.2063e+05
1.2659e+05
1.3268e+05
1.3892e+05
1.453e+05
1.5181e+05
1.5846e+05
1.6525e+05
1.7217e+05
1.7922e+05
1.864e+05
1.937e+05
2.0114e+05
2.0869e+05
2.1637e+05
2.2417e+05
2.3208e+05
2.4011e+05
2.4825e+05
2.5649e+05
2.6485e+05
2.733e+05
2.8186e+05
2.9051e+05
2.9926e+05
3.081e+05
3.1703e+05
3.2604e+05
3.3513e+05
3.443e+05
3.5355e+05
3.6286e+05
3.7225e+05
3.8169e+05
3.912e+05
4.0076e+05
4.1037e+05
4.2003e+05
4.2973e+05
4.3947e+05
4.4925e+05
4.5906e+05
4.689e+05
4.7876e+05
4.8864e+05
4.9853e+05
5.0844e+05
5.1835e+05
5.2826e+05
5.3817e+05
5.4807e+05
5.5796e+05
5.6783e+05
5.7768e+05
5.8751e+05
5.9731e+05
6.0707e+05
6.168e+05
6.2648e+05
6.3612e+05
6.457e+05
6.5523e+05
6.647e+05
6.741e+05
6.8343e+05
6.9269e+05
7.0188e+05
7.1097e+05
7.1999e+05
7.2891e+05
7.3773e+05
7.4646e+05
7.5508e+05
7.636e+05
7.72e+05
7.8029e+05
7.8846e+05
7.9651e+05
8.0443e+05
8.1222e+05
8.1988e+05
8.2739e+05
8.3477e+05
8.42e+05
8.4908e+05
8.5601e+05
8.6279e+05
8.694e+05
8.7586e+05
8.8215e+05
8.8828e+05
8.9423e+05
9.0002e+05
9.0562e+05
9.1105e+05
9.163e+05
9.2137e+05
9.2625e+05
9.3094e+05
9.3545e+05
9.3976e+05
9.4388e+05
9.4781e+05
9.5154e+05
9.5507e+05
9.584e+05
9.6153e+05
9.6446e+05
9.6718e+05
9.697e+05
9.7202e+05
9.7413e+05
9.7603e+05
9.7773e+05
9.7921e+05
9.8049e+05
9.8156e+05
9.8242e+05
9.8307e+05
9.8352e+05
9.8375e+05
9.8378e+05
9.8359e+05
9.8321e+05
9.8261e+05
9.8181e+05
9.808e+05
9.7958e+05
9.7817e+05
9.7655e+05
9.7473e+05
9.7271e+05
9.7049e+05
9.6807e+05
9.6546e+05
9.6265e+05
9.5965e+05
9.5646e+05
9.5309e+05
9.4953e+05
9.4578e+05
9.4185e+05
9.3774e+05
9.3346e+05
9.29e+05
9.2436e+05
9.1956e+05
9.1459e+05
9.0946e+05
9.0417e+05
8.9871e+05
8.9311e+05
8.8735e+05
8.8144e+05
8.7538e+05
8.6919e+05
8.6285e+05
8.5637e+05
8.4977e+05
8.4303e+05
8.3617e+05
8.2919e+05
8.2208e+05
8.1486e+05
8.0753e+05
8.001e+05
7.9255e+05
7.8491e+05
7.7717e+05
7.6934e+05
7.6142e+05
7.5341e+05
7.4532e+05
7.3715e+05
7.2891e+05
7.206e+05
7.1222e+05
7.0378e+05
6.9529e+05
6.8673e+05
6.7813e+05
6.6948e+05
6.6078e+05
6.5205e+05
6.4328e+05
6.3448e+05
6.2565e+05
6.168e+05
6.0793e+05
5.9904e+05
5.9014e+05
5.8123e+05
5.7231e+05
5.6339e+05
5.5447e+05
5.4556e+05
5.3666e+05
5.2777e+05
5.1889e+05
5.1003e+05
5.012e+05
4.9239e+05
4.8361e+05
4.7486e+05
4.6615e+05
4.5747e+05
4.4884e+05
4.4025e+05
4.317e+05
4.2321e+05
4.1477e+05
4.0638e+05
3.9806e+05
3.8979e+05
3.8159e+05
3.7345e+05
3.6538e+05
3.5738e+05
3.4945e+05
3.416e+05
3.3383e+05
3.2613e+05
3.1852e+05
3.1099e+05
3.0354e+05
2.9618e+05
2.8891e+05
2.8173e+05
2.7464e+05
2.6764e+05
2.6074e+05
2.5393e+05
2.4722e+05
2.4061e+05
2.341e+05
2.2769e+05
2.2138e+05
2.1517e+05
2.0907e+05
2.0307e+05
1.9717e+05
1.9138e+05
1.857e+05
1.8012e+05
1.7465e+05
1.6928e+05
1.6403e+05
1.5888e+05
1.5384e+05
1.489e+05
1.4408e+05
1.3936e+05
1.3475e+05
1.3024e+05
1.2585e+05
1.2156e+05
1.1738e+05
1.133e+05
1.0933e+05
1.0546e+05
1.017e+05
98046
94492
91040
87690
84441
81292
78242
75290
72435
69675
67011
64440
61962
59575
57279
55071
52950
50915
48965
47099
45314
43610
41984
40436
38964
37567
36242
34988
33804
32688
31638
30653
29731
28871
28070
27328
26642
26011
25434
24907
24431
24003
23621
23285
22991
22739
22527
22354
22217
22116
22048
22012
22006
22030
22081
22157
22258
22382
22528
22693
22878
23079
23296
23528
23773
24030
24298
24575
24860
25152
25451
25754
26060
26369
26680
26991
27302
27611
27917
28221
28520
28814
29103
29385
29659
29926
30183
30431
30670
30897
31113
31318
31510
31690
31856
32008
32147
32271
32380
32475
32554
32617
32665
32696
32711
