2.5062e+05
2.5393e+05
2.5725e+05
2.6058e+05
2.6391e+05
2.6726e+05
2.7061e+05
2.7396e+05
2.7732e+05
2.8067e+05
2.8403e+05
2.8738e+05
2.9072e+05
2.9406e+05
2.974e+05
3.0072e+05
3.0403e+05
3.0733e+05
3.1061e+05
3.1388e+05
3.1713e+05
3.2037e+05
3.2358e+05
3.2677e+05
3.2994e+05
3.3308e+05
3.362e+05
3.3929e+05
3.4235e+05
3.4539e+05
3.4839e+05
3.5135e+05
3.5429e+05
3.5719e+05
3.6005e+05
3.6287e+05
3.6566e+05
3.6841e+05
3.7111e+05
3.7377e+05
3.7639e+05
3.7896e+05
3.8149e+05
3.8397e+05
3.864e+05
3.8879e+05
3.9112e+05
3.9341e+05
3.9564e+05
3.9782e+05
3.9994e+05
4.0201e+05
4.0403e+05
4.0599e+05
4.0789e+05
4.0974e+05
4.1153e+05
4.1326e+05
4.1493e+05
4.1654e+05
4.1809e+05
4.1958e+05
4.21e+05
4.2237e+05
4.2367e+05
4.2491e+05
4.2609e+05
4.272e+05
4.2825e+05
4.2924e+05
4.3016e+05
4.3102e+05
4.3181e+05
4.3254e+05
4.332e+05
4.338e+05
4.3433e+05
4.348e+05
4.352e+05
4.3554e+05
4.3582e+05
4.3602e+05
4.3617e+05
4.3625e+05
4.3627e+05
4.3622e+05
4.3611e+05
4.3594e+05
4.3571e+05
4.3541e+05
4.3506e+05
4.3464e+05
4.3416e+05
4.3362e+05
4.3302e+05
4.3237e+05
4.3166e+05
4.3089e+05
4.3006e+05
4.2918e+05
4.2824e+05
4.2725e+05
4.2621e+05
4.2511e+05
4.2396e+05
4.2277e+05
4.2152e+05
4.2022e+05
4.1888e+05
4.1749e+05
4.1606e+05
4.1458e+05
4.1306e+05
4.115e+05
4.099e+05
4.0826e+05
4.0658e+05
4.0486e+05
4.0311e+05
4.0132e+05
3.995e+05
3.9765e+05
3.9577e+05
3.9386e+05
3.9192e+05
3.8995e+05
3.8796e+05
3.8594e+05
3.8391e+05
3.8185e+05
3.7977e+05
3.7767e+05
3.7555e+05
3.7342e+05
3.7128e+05
3.6912e+05
3.6695e+05
3.6477e+05
3.6257e+05
3.6038e+05
3.5817e+05
3.5596e+05
3.5375e+05
3.5153e+05
3.4931e+05
3.4709e+05
3.4487e+05
3.4266e+05
3.4044e+05
3.3824e+05
3.3603e+05
3.3384e+05
3.3165e+05
3.2947e+05
3.273e+05
3.2514e+05
3.23e+05
3.2086e+05
3.1874e+05
3.1664e+05
3.1455e+05
3.1247e+05
3.1042e+05
3.0838e+05
3.0636e+05
3.0436e+05
3.0238e+05
3.0042e+05
2.9848e+05
2.9656e+05
2.9467e+05
2.9279e+05
2.9094e+05
2.8912e+05
2.8731e+05
2.8553e+05
2.8378e+05
2.8205e+05
2.8034e+05
2.7866e+05
2.77e+05
2.7536e+05
2.7376e+05
2.7217e+05
2.7061e+05
2.6907e+05
2.6756e+05
2.6607e+05
2.6461e+05
2.6316e+05
2.6174e+05
2.6035e+05
2.5897e+05
2.5761e+05
2.5628e+05
2.5497e+05
2.5367e+05
2.524e+05
2.5114e+05
2.499e+05
2.4867e+05
2.4747e+05
2.4627e+05
2.451e+05
2.4393e+05
2.4278e+05
2.4164e+05
2.4051e+05
2.3939e+05
2.3827e+05
2.3717e+05
2.3607e+05
2.3498e+05
2.3389e+05
2.328e+05
2.3172e+05
2.3063e+05
2.2955e+05
2.2847e+05
2.2738e+05
2.2629e+05
2.2519e+05
2.2409e+05
2.2298e+05
2.2186e+05
2.2073e+05
2.1959e+05
2.1844e+05
2.1727e+05
2.161e+05
2.149e+05
2.1369e+05
2.1246e+05
2.1121e+05
2.0995e+05
2.0866e+05
2.0735e+05
2.0601e+05
2.0466e+05
2.0327e+05
2.0187e+05
2.0043e+05
1.9897e+05
1.9748e+05
1.9596e+05
1.9441e+05
1.9283e+05
1.9122e+05
1.8957e+05
1.879e+05
1.8619e+05
1.8444e+05
1.8267e+05
1.8086e+05
1.7901e+05
1.7713e+05
1.7522e+05
1.7327e+05
1.7128e+05
1.6926e+05
1.672e+05
1.6511e+05
1.6299e+05
1.6082e+05
1.5863e+05
1.564e+05
1.5413e+05
1.5184e+05
1.4951e+05
1.4714e+05
1.4475e+05
1.4232e+05
1.3986e+05
1.3738e+05
1.3486e+05
1.3232e+05
1.2976e+05
1.2716e+05
1.2454e+05
1.219e+05
1.1924e+05
1.1656e+05
1.1386e+05
1.1114e+05
1.0841e+05
1.0566e+05
1.029e+05
1.0013e+05
97347
94560
91768
88973
86177
83382
80591
77805
75027
72258
69502
66761
64037
61333
58651
55994
53364
50764
48197
45665
43171
40718
38308
35945
33631
31369
29162
27012
24923
22898
20938
19048
17230
15486
13820
12235
10733
9317.6
7990.9
6756.1
5615.8
4572.8
3629.8
2789.5
2054.6
1427.5
911
507.52
219.57
49.599
0
73.115
271.23
596.59
1051.4
1637.7
2357.6
3213
4206
5338.2
6611.6
8027.8
9588.5
11295
13149
15152
17305
19610
22067
24677
27443
30363
33439
36673
40063
43612
47319
51184
55208
59391
63732
68232
72890
77707
82681
87812
93099
98542
1.0414e+05
1.0989e+05
1.158e+05
1.2185e+05
1.2806e+05
1.3441e+05
1.4091e+05
1.4756e+05
1.5435e+05
1.6129e+05
1.6836e+05
1.7558e+05
1.8293e+05
1.9041e+05
1.9802e+05
2.0577e+05
2.1364e+05
2.2163e+05
2.2975e+05
2.3798e+05
2.4633e+05
2.5479e+05
2.6337e+05
2.7205e+05
2.8083e+05
2.8971e+05
2.9869e+05
3.0776e+05
3.1692e+05
3.2617e+05
3.355e+05
3.4491e+05
3.5439e+05
3.6394e+05
3.7356e+05
3.8324e+05
3.9298e+05
4.0278e+05
4.1262e+05
4.2251e+05
4.3245e+05
4.4242e+05
4.5242e+05
4.6245e+05
4.7251e+05
4.8258e+05
4.9267e+05
5.0277e+05
5.1288e+05
5.2298e+05
5.3309e+05
5.4318e+05
5.5327e+05
5.6333e+05
5.7338e+05
5.834e+05
5.9338e+05
6.0333e+05
6.1324e+05
6.2311e+05
6.3292e+05
6.4268e+05
6.5239e+05
6.6202e+05
6.7159e+05
6.8109e+05
6.9051e+05
6.9985e+05
7.091e+05
7.1826e+05
7.2733e+05
7.363e+05
7.4516e+05
7.5392e+05
7.6256e+05
7.7109e+05
7.795e+05
7.8779e+05
7.9595e+05
8.0397e+05
8.1186e+05
8.1961e+05
8.2722e+05
8.3469e+05
8.42e+05
8.4916e+05
8.5616e+05
8.63e+05
8.6968e+05
8.762e+05
8.8254e+05
8.8872e+05
8.9472e+05
9.0054e+05
9.0618e+05
9.1164e+05
9.1691e+05
9.22e+05
9.269e+05
9.316e+05
9.3611e+05
9.4043e+05
9.4455e+05
9.4847e+05
9.5219e+05
9.5571e+05
9.5903e+05
9.6214e+05
9.6504e+05
9.6774e+05
9.7023e+05
9.7251e+05
9.7459e+05
9.7645e+05
9.781e+05
9.7955e+05
9.8078e+05
9.818e+05
9.8261e+05
9.8321e+05
9.836e+05
9.8378e+05
9.8375e+05
9.835e+05
9.8305e+05
9.824e+05
9.8153e+05
9.8046e+05
9.7918e+05
9.777e+05
9.7602e+05
9.7414e+05
9.7205e+05
9.6977e+05
9.6729e+05
9.6461e+05
9.6174e+05
9.5868e+05
9.5543e+05
9.52e+05
9.4838e+05
9.4457e+05
9.4059e+05
9.3643e+05
9.3209e+05
9.2758e+05
9.229e+05
9.1805e+05
9.1303e+05
9.0786e+05
9.0253e+05
8.9704e+05
8.9139e+05
8.856e+05
8.7966e+05
8.7358e+05
8.6736e+05
8.61e+05
8.5451e+05
8.4789e+05
8.4115e+05
8.3428e+05
8.2729e+05
8.2019e+05
8.1297e+05
8.0565e+05
7.9822e+05
7.9069e+05
7.8306e+05
7.7535e+05
7.6754e+05
7.5964e+05
7.5167e+05
7.4361e+05
7.3548e+05
7.2729e+05
7.1902e+05
7.1069e+05
7.0231e+05
6.9387e+05
6.8537e+05
6.7683e+05
6.6825e+05
6.5963e+05
6.5097e+05
6.4228e+05
6.3356e+05
6.2481e+05
6.1605e+05
6.0727e+05
5.9847e+05
5.8967e+05
5.8085e+05
5.7204e+05
5.6322e+05
5.5441e+05
5.4561e+05
5.3682e+05
5.2804e+05
5.1928e+05
5.1055e+05
5.0183e+05
4.9315e+05
4.8449e+05
4.7587e+05
4.6728e+05
4.5873e+05
4.5023e+05
4.4177e+05
4.3336e+05
4.25e+05
4.167e+05
4.0845e+05
4.0025e+05
3.9212e+05
3.8406e+05
3.7606e+05
3.6812e+05
3.6026e+05
3.5247e+05
3.4476e+05
3.3712e+05
3.2956e+05
3.2208e+05
3.1468e+05
3.0737e+05
3.0014e+05
2.93e+05
2.8595e+05
2.7899e+05
2.7212e+05
2.6534e+05
2.5866e+05
2.5207e+05
2.4558e+05
2.3919e+05
2.3289e+05
2.2669e+05
2.206e+05
2.146e+05
2.0871e+05
2.0292e+05
1.9723e+05
1.9164e+05
1.8616e+05
1.8078e+05
1.755e+05
1.7033e+05
1.6527e+05
1.603e+05
1.5545e+05
1.5069e+05
1.4604e+05
1.415e+05
1.3706e+05
1.3272e+05
1.2849e+05
1.2436e+05
1.2033e+05
1.164e+05
1.1258e+05
1.0885e+05
1.0523e+05
1.017e+05
98276
94948
91716
88581
85541
82595
79742
76982
74312
71732
69242
66838
64521
62289
60141
58075
56091
54186
52360
50611
48937
47337
45810
44354
42968
41650
40399
39213
38090
37029
36029
35088
34204
33375
32601
31880
31209
30588
30015
29488
29006
28566
28169
27812
27493
27211
26964
26752
26572
26423
26304
26212
26148
26108
26093
26100
26128
26176
26243
26326
26426
26540
26668
26808
26959
27120
27290
27467
27651
27840
28034
28232
28432
28633
28835
29037
29238
29437
29633
29825
30014
30197
30374
30546
30710
30866
31014
31154
31284
31404
31514
31613
31701
31777
31842
31894
31933
31960
31973
31973
31960
31932
