7353.8
10156
13179
16419
19872
23533
27396
31458
35711
40149
44766
49554
54506
59615
64871
70267
75795
81444
87207
93073
99033
1.0508e+05
1.112e+05
1.1738e+05
1.2362e+05
1.299e+05
1.3622e+05
1.4256e+05
1.4892e+05
1.5527e+05
1.6163e+05
1.6797e+05
1.7428e+05
1.8055e+05
1.8678e+05
1.9296e+05
1.9907e+05
2.0511e+05
2.1106e+05
2.1693e+05
2.2269e+05
2.2835e+05
2.3389e+05
2.3931e+05
2.446e+05
2.4975e+05
2.5476e+05
2.5962e+05
2.6432e+05
2.6886e+05
2.7323e+05
2.7743e+05
2.8146e+05
2.853e+05
2.8896e+05
2.9244e+05
2.9572e+05
2.9881e+05
3.017e+05
3.044e+05
3.069e+05
3.0921e+05
3.1131e+05
3.1322e+05
3.1492e+05
3.1643e+05
3.1774e+05
3.1885e+05
3.1977e+05
3.205e+05
3.2104e+05
3.2139e+05
3.2156e+05
3.2155e+05
3.2137e+05
3.2101e+05
3.2049e+05
3.198e+05
3.1895e+05
3.1796e+05
3.1681e+05
3.1552e+05
3.141e+05
3.1255e+05
3.1087e+05
3.0908e+05
3.0718e+05
3.0517e+05
3.0307e+05
3.0088e+05
2.986e+05
2.9625e+05
2.9382e+05
2.9134e+05
2.888e+05
2.8622e+05
2.8359e+05
2.8093e+05
2.7824e+05
2.7554e+05
2.7282e+05
2.701e+05
2.6738e+05
2.6467e+05
2.6197e+05
2.593e+05
2.5665e+05
2.5404e+05
2.5146e+05
2.4894e+05
2.4646e+05
2.4404e+05
2.4169e+05
2.394e+05
2.3718e+05
2.3504e+05
2.3298e+05
2.31e+05
2.2911e+05
2.2731e+05
2.2561e+05
2.2401e+05
2.2251e+05
2.2111e+05
2.1981e+05
2.1862e+05
2.1754e+05
2.1657e+05
2.1571e+05
2.1495e+05
2.1431e+05
2.1379e+05
2.1337e+05
2.1306e+05
2.1286e+05
2.1277e+05
2.1278e+05
2.129e+05
2.1312e+05
2.1345e+05
2.1387e+05
2.1438e+05
2.1499e+05
2.1569e+05
2.1647e+05
2.1734e+05
2.1829e+05
2.193e+05
2.2039e+05
2.2155e+05
2.2277e+05
2.2404e+05
2.2536e+05
2.2674e+05
2.2815e+05
2.296e+05
2.3109e+05
2.326e+05
2.3413e+05
2.3568e+05
2.3724e+05
2.3881e+05
2.4037e+05
2.4193e+05
2.4348e+05
2.4502e+05
2.4654e+05
2.4803e+05
2.4948e+05
2.5091e+05
2.5229e+05
2.5363e+05
2.5492e+05
2.5616e+05
2.5733e+05
2.5845e+05
2.595e+05
2.6048e+05
2.6138e+05
2.6221e+05
2.6296e+05
2.6363e+05
2.6421e+05
2.647e+05
2.651e+05
2.6541e+05
2.6562e+05
2.6574e+05
2.6576e+05
2.6568e+05
2.655e+05
2.6522e+05
2.6484e+05
2.6435e+05
2.6377e+05
2.6308e+05
2.6229e+05
2.614e+05
2.6041e+05
2.5932e+05
2.5814e+05
2.5686e+05
2.5548e+05
2.5401e+05
2.5245e+05
2.5079e+05
2.4906e+05
2.4723e+05
2.4533e+05
2.4334e+05
2.4128e+05
2.3914e+05
2.3693e+05
2.3466e+05
2.3231e+05
2.2991e+05
2.2744e+05
2.2492e+05
2.2235e+05
2.1972e+05
2.1705e+05
2.1434e+05
2.1158e+05
2.0879e+05
2.0597e+05
2.0311e+05
2.0022e+05
1.9731e+05
1.9438e+05
1.9143e+05
1.8846e+05
1.8548e+05
1.8249e+05
1.7949e+05
1.7648e+05
1.7347e+05
1.7046e+05
1.6745e+05
1.6444e+05
1.6143e+05
1.5844e+05
1.5545e+05
1.5246e+05
1.4949e+05
1.4654e+05
1.4359e+05
1.4066e+05
1.3775e+05
1.3485e+05
1.3197e+05
1.2911e+05
1.2626e+05
1.2344e+05
1.2063e+05
1.1785e+05
1.1508e+05
1.1234e+05
1.0962e+05
1.0692e+05
1.0424e+05
1.0158e+05
98947
96334
93742
91173
88627
86103
83601
81122
78666
76233
73824
71438
69077
66740
64429
62143
59884
57651
55447
53271
51124
49009
46925
44874
42857
40875
38930
37023
35156
33330
31547
29808
28115
26470
24874
23330
21839
20402
19022
17699
16437
15236
14099
13026
12019
11080
10209
9408.9
8679.8
8023
7439.2
6929.2
6493.6
6132.9
5847.4
5637.1
5501.9
5441.7
5456
5544.1
5705.3
5938.4
6242.3
6615.5
7056.3
7562.9
8133.1
8764.7
9455.1
10202
11001
11851
12748
13688
14668
15683
16730
17805
18903
20020
21151
22292
23438
24584
25725
26857
27974
29072
30145
31189
32199
33171
34099
34978
35806
36576
37286
37931
38508
39012
39442
39794
40065
40253
40355
40371
40299
40138
39887
39547
39117
38598
37991
37298
36521
35662
34724
33711
32626
31474
30259
28987
27663
26294
24886
23447
21983
20504
19016
17530
16053
14596
13169
11781
10443
9166.7
7961.9
6840.4
5813.6
4893.1
4090.9
3418.9
2889.1
2513.6
2304.6
2274.3
2434.7
2798
3376
4180.7
5223.6
6516.3
8070
9895.7
12004
14405
17109
20126
23464
27133
31140
35493
40200
45266
50698
56501
62679
69237
76178
83505
91218
99320
1.0781e+05
1.1669e+05
1.2595e+05
1.356e+05
1.4564e+05
1.5605e+05
1.6683e+05
1.7798e+05
1.895e+05
2.0136e+05
2.1358e+05
2.2614e+05
2.3902e+05
2.5223e+05
2.6574e+05
2.7955e+05
2.9364e+05
3.0801e+05
3.2263e+05
3.3749e+05
3.5259e+05
3.6789e+05
3.8339e+05
3.9907e+05
4.1491e+05
4.3089e+05
4.47e+05
4.6321e+05
4.7951e+05
4.9587e+05
5.1228e+05
5.2872e+05
5.4516e+05
5.6159e+05
5.7798e+05
5.9431e+05
6.1056e+05
6.2671e+05
6.4274e+05
6.5863e+05
6.7435e+05
6.8989e+05
7.0522e+05
7.2032e+05
7.3518e+05
7.4976e+05
7.6406e+05
7.7805e+05
7.9172e+05
8.0504e+05
8.18e+05
8.3057e+05
8.4275e+05
8.5451e+05
8.6584e+05
8.7672e+05
8.8715e+05
8.9709e+05
9.0655e+05
9.1551e+05
9.2396e+05
9.3188e+05
9.3927e+05
9.4611e+05
9.5241e+05
9.5814e+05
9.6331e+05
9.6791e+05
9.7193e+05
9.7537e+05
9.7822e+05
9.8049e+05
9.8217e+05
9.8327e+05
9.8378e+05
9.837e+05
9.8304e+05
9.8179e+05
9.7997e+05
9.7758e+05
9.7462e+05
9.711e+05
9.6703e+05
9.6241e+05
9.5726e+05
9.5158e+05
9.4539e+05
9.3869e+05
9.315e+05
9.2383e+05
9.1568e+05
9.0709e+05
8.9805e+05
8.8859e+05
8.7871e+05
8.6844e+05
8.5779e+05
8.4677e+05
8.3541e+05
8.2372e+05
8.1171e+05
7.9941e+05
7.8683e+05
7.7399e+05
7.6091e+05
7.4761e+05
7.341e+05
7.204e+05
7.0653e+05
6.9251e+05
6.7836e+05
6.6409e+05
6.4973e+05
6.3528e+05
6.2077e+05
6.0622e+05
5.9164e+05
5.7705e+05
5.6247e+05
5.4791e+05
5.3338e+05
5.1891e+05
5.0451e+05
4.9019e+05
4.7597e+05
4.6185e+05
4.4786e+05
4.3401e+05
4.2031e+05
4.0677e+05
3.934e+05
3.8022e+05
3.6723e+05
3.5444e+05
3.4186e+05
3.2951e+05
3.1738e+05
3.0549e+05
2.9384e+05
2.8244e+05
2.713e+05
2.6042e+05
2.498e+05
2.3945e+05
2.2937e+05
2.1957e+05
2.1005e+05
2.008e+05
1.9184e+05
1.8315e+05
1.7475e+05
1.6664e+05
1.588e+05
1.5124e+05
1.4397e+05
1.3697e+05
1.3024e+05
1.2379e+05
1.1761e+05
1.1169e+05
1.0604e+05
1.0064e+05
95497
90603
85953
81541
77364
73414
69686
66175
62873
59775
56874
54164
51638
49290
47112
45099
43242
41536
39974
38549
37253
36081
35026
34082
33241
32498
31846
31279
30791
30377
30030
29745
29517
29340
29209
29119
29066
29045
29052
29082
29132
29197
29275
29361
29452
29546
29640
29731
29816
29893
29960
30016
30058
30084
30095
30087
30061
30015
29948
29860
29751
29619
29466
29289
29091
28870
28627
28362
28076
27769
27442
27095
26729
26345
25944
25526
25092
24644
24182
23707
23221
22724
22217
21702
21180
20651
20117
19579
19037
18493
17949
17404
16860
16317
15778
15241
14710
14183
13662
13148
12640
12141
11651
11169
10697
10235
9783.1
9342.1
8912.2
8493.6
8086.5
7691.2
7307.8
6936.4
6577
6229.6
5894.2
5570.7
5259
4959
4670.5
4393.2
4127
3871.5
3626.5
3391.5
3166.3
2950.5
2743.6
2545.2
2354.9
2172.1
1996.6
1827.6
1664.8
1507.7
1355.6
1208.1
1064.7
924.81
787.91
653.48
520.98
389.89
259.71
129.91
0
