26641
30324
34228
38345
42670
47196
51914
56819
61901
67152
72563
78126
83829
89664
95619
1.0169e+05
1.0785e+05
1.1411e+05
1.2044e+05
1.2685e+05
1.3331e+05
1.3981e+05
1.4635e+05
1.529e+05
1.5947e+05
1.6604e+05
1.726e+05
1.7914e+05
1.8564e+05
1.9209e+05
1.9849e+05
2.0483e+05
2.1109e+05
2.1726e+05
2.2333e+05
2.293e+05
2.3516e+05
2.4089e+05
2.4648e+05
2.5194e+05
2.5724e+05
2.6239e+05
2.6737e+05
2.7219e+05
2.7682e+05
2.8127e+05
2.8554e+05
2.8961e+05
2.9348e+05
2.9715e+05
3.0061e+05
3.0386e+05
3.069e+05
3.0972e+05
3.1233e+05
3.1471e+05
3.1688e+05
3.1883e+05
3.2056e+05
3.2207e+05
3.2336e+05
3.2443e+05
3.2528e+05
3.2592e+05
3.2635e+05
3.2657e+05
3.2658e+05
3.2639e+05
3.26e+05
3.2542e+05
3.2465e+05
3.2369e+05
3.2255e+05
3.2124e+05
3.1976e+05
3.1811e+05
3.1631e+05
3.1436e+05
3.1227e+05
3.1004e+05
3.0768e+05
3.052e+05
3.026e+05
2.999e+05
2.971e+05
2.942e+05
2.9122e+05
2.8816e+05
2.8503e+05
2.8184e+05
2.786e+05
2.7531e+05
2.7198e+05
2.6862e+05
2.6524e+05
2.6185e+05
2.5845e+05
2.5505e+05
2.5165e+05
2.4827e+05
2.4492e+05
2.4159e+05
2.3829e+05
2.3504e+05
2.3184e+05
2.2869e+05
2.2561e+05
2.2259e+05
2.1964e+05
2.1677e+05
2.1399e+05
2.1129e+05
2.0868e+05
2.0618e+05
2.0377e+05
2.0147e+05
1.9927e+05
1.9719e+05
1.9522e+05
1.9337e+05
1.9165e+05
1.9004e+05
1.8856e+05
1.872e+05
1.8597e+05
1.8487e+05
1.839e+05
1.8305e+05
1.8234e+05
1.8175e+05
1.813e+05
1.8097e+05
1.8077e+05
1.8069e+05
1.8074e+05
1.809e+05
1.8119e+05
1.816e+05
1.8212e+05
1.8275e+05
1.8349e+05
1.8434e+05
1.8529e+05
1.8633e+05
1.8747e+05
1.887e+05
1.9002e+05
1.9141e+05
1.9289e+05
1.9443e+05
1.9604e+05
1.9771e+05
1.9944e+05
2.0121e+05
2.0304e+05
2.049e+05
2.0679e+05
2.0872e+05
2.1066e+05
2.1263e+05
2.146e+05
2.1658e+05
2.1856e+05
2.2053e+05
2.2249e+05
2.2444e+05
2.2636e+05
2.2825e+05
2.3011e+05
2.3193e+05
2.3371e+05
2.3543e+05
2.371e+05
2.3871e+05
2.4026e+05
2.4174e+05
2.4315e+05
2.4448e+05
2.4573e+05
2.4689e+05
2.4797e+05
2.4895e+05
2.4985e+05
2.5064e+05
2.5133e+05
2.5192e+05
2.5241e+05
2.5279e+05
2.5306e+05
2.5322e+05
2.5327e+05
2.5321e+05
2.5303e+05
2.5275e+05
2.5235e+05
2.5183e+05
2.5121e+05
2.5047e+05
2.4962e+05
2.4866e+05
2.4759e+05
2.4641e+05
2.4513e+05
2.4374e+05
2.4225e+05
2.4066e+05
2.3897e+05
2.3719e+05
2.3532e+05
2.3335e+05
2.313e+05
2.2917e+05
2.2696e+05
2.2467e+05
2.223e+05
2.1987e+05
2.1738e+05
2.1482e+05
2.122e+05
2.0953e+05
2.0681e+05
2.0404e+05
2.0123e+05
1.9838e+05
1.955e+05
1.9258e+05
1.8964e+05
1.8667e+05
1.8369e+05
1.8068e+05
1.7767e+05
1.7464e+05
1.7161e+05
1.6857e+05
1.6553e+05
1.625e+05
1.5947e+05
1.5645e+05
1.5344e+05
1.5044e+05
1.4746e+05
1.445e+05
1.4156e+05
1.3863e+05
1.3573e+05
1.3286e+05
1.3001e+05
1.2719e+05
1.244e+05
1.2163e+05
1.189e+05
1.162e+05
1.1352e+05
1.1088e+05
1.0827e+05
1.057e+05
1.0315e+05
1.0064e+05
98160
95711
93293
90907
88550
86224
83927
81659
79419
77207
75021
72862
70729
68620
66536
64475
62438
60423
58431
56461
54512
52585
50678
48793
46929
45087
43265
41466
39688
37934
36202
34494
32811
31154
29523
27920
26345
24801
23288
21807
20361
18951
17578
16244
14950
13699
12492
11331
10217
9152.4
8138.8
7177.8
6271.1
5420.1
4626.5
3891.7
3217
2603.8
2053.2
1566.2
1143.8
786.74
495.77
271.34
113.81
23.361
0
43.557
153.68
329.81
571.22
876.96
1245.9
1676.7
2167.8
2717.4
3323.7
3984.4
4697.2
5459.5
6268.7
7121.8
8015.7
8947.1
9912.7
10909
11932
12978
14043
15122
16213
17310
18410
19507
20598
21678
22743
23788
24810
25803
26764
27689
28573
29414
30206
30947
31634
32264
32833
33339
33779
34153
34458
34692
34855
34946
34965
34911
34786
34590
34324
33990
33590
33126
32603
32022
31389
30706
29980
29215
28417
27592
26746
25886
25020
24156
23301
22464
21653
20879
20150
19476
18867
18334
17886
17536
17293
17169
17175
17322
17621
18084
18723
19549
20572
21805
23258
24942
26868
29047
31488
34203
37199
40487
44076
47974
52189
56729
61601
66811
72365
78269
84527
91144
98122
1.0547e+05
1.1318e+05
1.2126e+05
1.297e+05
1.3852e+05
1.477e+05
1.5725e+05
1.6717e+05
1.7744e+05
1.8808e+05
1.9906e+05
2.1039e+05
2.2206e+05
2.3406e+05
2.4639e+05
2.5903e+05
2.7198e+05
2.8523e+05
2.9876e+05
3.1257e+05
3.2664e+05
3.4095e+05
3.555e+05
3.7027e+05
3.8524e+05
4.004e+05
4.1574e+05
4.3123e+05
4.4685e+05
4.626e+05
4.7845e+05
4.9438e+05
5.1038e+05
5.2642e+05
5.4248e+05
5.5855e+05
5.746e+05
5.9061e+05
6.0657e+05
6.2245e+05
6.3823e+05
6.5389e+05
6.694e+05
6.8476e+05
6.9993e+05
7.149e+05
7.2964e+05
7.4414e+05
7.5838e+05
7.7233e+05
7.8598e+05
7.993e+05
8.1228e+05
8.249e+05
8.3715e+05
8.49e+05
8.6044e+05
8.7145e+05
8.8202e+05
8.9213e+05
9.0177e+05
9.1093e+05
9.1959e+05
9.2774e+05
9.3537e+05
9.4248e+05
9.4904e+05
9.5505e+05
9.6051e+05
9.654e+05
9.6973e+05
9.7348e+05
9.7666e+05
9.7925e+05
9.8126e+05
9.8268e+05
9.8352e+05
9.8378e+05
9.8345e+05
9.8254e+05
9.8105e+05
9.7898e+05
9.7635e+05
9.7315e+05
9.6939e+05
9.6508e+05
9.6023e+05
9.5484e+05
9.4893e+05
9.4251e+05
9.3559e+05
9.2817e+05
9.2027e+05
9.1191e+05
9.031e+05
8.9385e+05
8.8417e+05
8.7409e+05
8.6361e+05
8.5276e+05
8.4155e+05
8.2999e+05
8.1811e+05
8.0592e+05
7.9344e+05
7.8069e+05
7.6768e+05
7.5444e+05
7.4098e+05
7.2732e+05
7.1348e+05
6.9948e+05
6.8533e+05
6.7106e+05
6.5668e+05
6.4221e+05
6.2767e+05
6.1308e+05
5.9846e+05
5.8381e+05
5.6917e+05
5.5454e+05
5.3995e+05
5.254e+05
5.1092e+05
4.9652e+05
4.8221e+05
4.6801e+05
4.5394e+05
4.4e+05
4.2621e+05
4.1259e+05
3.9914e+05
3.8587e+05
3.728e+05
3.5994e+05
3.4729e+05
3.3487e+05
3.2268e+05
3.1074e+05
2.9904e+05
2.876e+05
2.7642e+05
2.6551e+05
2.5487e+05
2.4451e+05
2.3442e+05
2.2463e+05
2.1511e+05
2.0589e+05
1.9696e+05
1.8831e+05
1.7996e+05
1.719e+05
1.6413e+05
1.5665e+05
1.4946e+05
1.4256e+05
1.3594e+05
1.2959e+05
1.2353e+05
1.1774e+05
1.1222e+05
1.0697e+05
1.0197e+05
97235
92746
88503
84498
80726
77180
73854
70741
67835
65127
62612
60282
58130
56148
54329
52666
51151
49777
48536
47422
46427
45543
44764
44083
43493
42987
42558
42200
41908
41673
41492
41357
41264
41206
41179
41179
41199
41236
41285
41342
41403
41465
41525
41578
41623
41656
41675
41677
41661
41625
41567
41485
41379
41247
41089
40903
40690
40448
40179
39882
39556
39203
38823
38415
37982
37524
37042
36536
36008
35459
34891
34303
33699
33080
32446
31799
31141
30474
29799
29117
28431
27741
27049
26358
25667
24980
24297
23620
22950
22288
21636
20996
20367
19752
19151
18566
17997
17445
16912
16397
15901
15426
14971
14536
14124
13732
13363
13015
12690
12386
12105
11845
11607
11390
11194
11019
10864
10729
10613
10515
10435
10373
10327
10297
10281
10280
10292
10317
10352
10399
10455
10519
10591
10670
10755
10844
10937
11033
11131
11230
11328
11426
11521
11614
