11079
12442
14073
15972
18141
20578
23284
26255
29488
32981
36729
40727
44969
49447
54156
59087
64232
69580
75123
80850
86750
92811
99022
1.0537e+05
1.1184e+05
1.1843e+05
1.2511e+05
1.3187e+05
1.3871e+05
1.456e+05
1.5253e+05
1.5949e+05
1.6646e+05
1.7343e+05
1.8038e+05
1.873e+05
1.9417e+05
2.0098e+05
2.0771e+05
2.1435e+05
2.2089e+05
2.2732e+05
2.3361e+05
2.3975e+05
2.4574e+05
2.5156e+05
2.572e+05
2.6264e+05
2.6788e+05
2.7291e+05
2.7771e+05
2.8228e+05
2.866e+05
2.9067e+05
2.9449e+05
2.9804e+05
3.0131e+05
3.0431e+05
3.0703e+05
3.0946e+05
3.116e+05
3.1345e+05
3.15e+05
3.1625e+05
3.1721e+05
3.1787e+05
3.1823e+05
3.1829e+05
3.1807e+05
3.1755e+05
3.1675e+05
3.1566e+05
3.1429e+05
3.1266e+05
3.1075e+05
3.0859e+05
3.0618e+05
3.0352e+05
3.0062e+05
2.9749e+05
2.9415e+05
2.906e+05
2.8685e+05
2.8292e+05
2.788e+05
2.7452e+05
2.7009e+05
2.6552e+05
2.6081e+05
2.5599e+05
2.5106e+05
2.4604e+05
2.4094e+05
2.3578e+05
2.3055e+05
2.2529e+05
2.2e+05
2.1469e+05
2.0938e+05
2.0407e+05
1.9879e+05
1.9353e+05
1.8832e+05
1.8317e+05
1.7809e+05
1.7308e+05
1.6816e+05
1.6334e+05
1.5862e+05
1.5403e+05
1.4956e+05
1.4522e+05
1.4103e+05
1.3699e+05
1.3311e+05
1.2939e+05
1.2584e+05
1.2246e+05
1.1927e+05
1.1626e+05
1.1344e+05
1.1082e+05
1.0839e+05
1.0615e+05
1.0412e+05
1.0229e+05
1.0065e+05
99225
97996
96969
96141
95511
95078
94837
94787
94924
95245
95744
96419
97264
98273
99443
1.0077e+05
1.0224e+05
1.0385e+05
1.056e+05
1.0748e+05
1.0948e+05
1.116e+05
1.1383e+05
1.1616e+05
1.1859e+05
1.211e+05
1.237e+05
1.2637e+05
1.291e+05
1.319e+05
1.3475e+05
1.3764e+05
1.4057e+05
1.4354e+05
1.4653e+05
1.4954e+05
1.5255e+05
1.5558e+05
1.586e+05
1.6162e+05
1.6462e+05
1.676e+05
1.7055e+05
1.7348e+05
1.7636e+05
1.7921e+05
1.82e+05
1.8475e+05
1.8744e+05
1.9006e+05
1.9262e+05
1.9511e+05
1.9752e+05
1.9986e+05
2.0211e+05
2.0427e+05
2.0635e+05
2.0833e+05
2.1022e+05
2.1201e+05
2.137e+05
2.1528e+05
2.1676e+05
2.1813e+05
2.1939e+05
2.2054e+05
2.2157e+05
2.2249e+05
2.2329e+05
2.2397e+05
2.2453e+05
2.2497e+05
2.253e+05
2.255e+05
2.2558e+05
2.2554e+05
2.2537e+05
2.2509e+05
2.2468e+05
2.2415e+05
2.235e+05
2.2273e+05
2.2185e+05
2.2084e+05
2.1972e+05
2.1848e+05
2.1713e+05
2.1567e+05
2.1409e+05
2.1241e+05
2.1063e+05
2.0874e+05
2.0674e+05
2.0465e+05
2.0247e+05
2.0019e+05
1.9783e+05
1.9537e+05
1.9284e+05
1.9023e+05
1.8754e+05
1.8478e+05
1.8195e+05
1.7906e+05
1.761e+05
1.731e+05
1.7004e+05
1.6694e+05
1.6379e+05
1.6061e+05
1.5739e+05
1.5415e+05
1.5088e+05
1.4759e+05
1.4429e+05
1.4098e+05
1.3766e+05
1.3434e+05
1.3102e+05
1.2772e+05
1.2442e+05
1.2114e+05
1.1788e+05
1.1465e+05
1.1145e+05
1.0827e+05
1.0514e+05
1.0204e+05
98985
95976
93016
90108
87254
84456
81716
79037
76420
73866
71377
68953
66596
64305
62082
59925
57836
55813
53857
51966
50139
48375
46674
45032
43450
41924
40454
39036
37670
36352
35081
33854
32669
31523
30415
29341
28299
27288
26305
25347
24412
23500
22606
21731
20872
20028
19197
18378
17570
16773
15985
15207
14437
13676
12924
12180
11447
10723
10009
9308
8619.3
7944.6
7285.2
6642.7
6018.6
5414.6
4832.6
4274.2
3741.6
3236.5
2760.9
2316.8
1906.1
1530.8
1192.5
893.24
634.52
417.98
245.04
117
35
0
12.768
73.864
183.63
342.19
549.39
804.87
1108
1457.8
1853.2
2292.8
2774.7
3297
3857.4
4453.4
5082.3
5740.9
6426
7134
7861.3
8603.9
9357.7
10118
10881
11643
12397
13140
13867
14573
15253
15903
16518
17093
17625
18108
18539
18915
19231
19484
19673
19793
19844
19823
19730
19564
19324
19012
18627
18173
17650
17062
16412
15704
14944
14136
13287
12403
11492
10562
9621.9
8681.3
7750.2
6839.3
5959.8
5123.8
4343.6
3632.2
3003.1
2470.1
2047.6
1750.2
1593
1591.3
1760.6
2116.5
2675.1
3452.1
4463.5
5725.3
7253.3
9063
11170
13590
16336
19425
22869
26682
30878
35467
40463
45875
51714
57989
64708
71877
79505
87595
96152
1.0518e+05
1.1468e+05
1.2465e+05
1.3509e+05
1.46e+05
1.5738e+05
1.6922e+05
1.8152e+05
1.9426e+05
2.0745e+05
2.2107e+05
2.3511e+05
2.4956e+05
2.644e+05
2.7962e+05
2.9521e+05
3.1114e+05
3.2741e+05
3.4398e+05
3.6083e+05
3.7796e+05
3.9533e+05
4.1291e+05
4.3069e+05
4.4864e+05
4.6674e+05
4.8495e+05
5.0325e+05
5.216e+05
5.3999e+05
5.5838e+05
5.7674e+05
5.9503e+05
6.1324e+05
6.3133e+05
6.4927e+05
6.6703e+05
6.8458e+05
7.0188e+05
7.1891e+05
7.3563e+05
7.5203e+05
7.6806e+05
7.837e+05
7.9892e+05
8.137e+05
8.2801e+05
8.4182e+05
8.551e+05
8.6784e+05
8.8002e+05
8.916e+05
9.0257e+05
9.1291e+05
9.226e+05
9.3162e+05
9.3997e+05
9.4761e+05
9.5456e+05
9.6078e+05
9.6627e+05
9.7102e+05
9.7503e+05
9.7829e+05
9.808e+05
9.8255e+05
9.8354e+05
9.8378e+05
9.8326e+05
9.8199e+05
9.7997e+05
9.7721e+05
9.7372e+05
9.6951e+05
9.6459e+05
9.5897e+05
9.5266e+05
9.4568e+05
9.3804e+05
9.2976e+05
9.2086e+05
9.1135e+05
9.0127e+05
8.9062e+05
8.7943e+05
8.6772e+05
8.5552e+05
8.4284e+05
8.2972e+05
8.1618e+05
8.0224e+05
7.8794e+05
7.7329e+05
7.5832e+05
7.4306e+05
7.2755e+05
7.1179e+05
6.9583e+05
6.7968e+05
6.6338e+05
6.4695e+05
6.3042e+05
6.1381e+05
5.9715e+05
5.8047e+05
5.6379e+05
5.4713e+05
5.3052e+05
5.1399e+05
4.9754e+05
4.8122e+05
4.6503e+05
4.49e+05
4.3314e+05
4.1748e+05
4.0204e+05
3.8683e+05
3.7186e+05
3.5715e+05
3.4272e+05
3.2858e+05
3.1475e+05
3.0122e+05
2.8802e+05
2.7515e+05
2.6262e+05
2.5045e+05
2.3862e+05
2.2716e+05
2.1607e+05
2.0534e+05
1.9499e+05
1.8501e+05
1.754e+05
1.6618e+05
1.5732e+05
1.4884e+05
1.4073e+05
1.3299e+05
1.2562e+05
1.1861e+05
1.1195e+05
1.0564e+05
99681
94057
88763
83793
79138
74790
70739
66978
63496
60284
57332
54630
52167
49934
47920
46114
44507
43086
41843
40766
39845
39070
38432
37919
37522
37233
37040
36936
36912
36958
37067
37231
37442
37693
37976
38286
38614
38957
39307
39661
40011
40355
40687
41004
41302
41578
41829
42052
42245
42406
42534
42626
42681
42700
42681
42624
42528
42395
42224
42015
41770
41490
41175
40827
40446
40036
39596
39130
38638
38122
37585
37029
36455
35866
35263
34649
34025
33395
32760
32122
31482
30844
30208
29578
28953
28337
27731
27136
26554
25986
25434
24898
24381
23882
23402
22943
22505
22089
21695
21323
20974
20647
20344
20063
19805
19570
19356
19164
18994
18843
18713
18602
18509
18433
18374
18331
18302
18286
18282
18290
18307
18333
18367
18407
18452
18500
18551
18603
18655
18706
18754
18799
18839
18874
18901
18920
18931
18931
18921
18899
18865
18818
18757
18682
18592
18487
18366
18229
18076
17907
17721
17518
17300
17064
16813
16545
16262
15963
15649
15321
14979
14623
14254
13874
13481
