6.292e+05
6.2984e+05
6.3038e+05
6.308e+05
6.3112e+05
6.3133e+05
6.3144e+05
6.3144e+05
6.3133e+05
6.3112e+05
6.3081e+05
6.304e+05
6.299e+05
6.2929e+05
6.2859e+05
6.2779e+05
6.269e+05
6.2592e+05
6.2485e+05
6.2369e+05
6.2245e+05
6.2112e+05
6.1971e+05
6.1821e+05
6.1664e+05
6.1499e+05
6.1326e+05
6.1146e+05
6.0959e+05
6.0764e+05
6.0563e+05
6.0355e+05
6.0141e+05
5.992e+05
5.9694e+05
5.9461e+05
5.9223e+05
5.8979e+05
5.873e+05
5.8476e+05
5.8217e+05
5.7954e+05
5.7685e+05
5.7413e+05
5.7136e+05
5.6856e+05
5.6571e+05
5.6284e+05
5.5993e+05
5.5698e+05
5.5401e+05
5.5101e+05
5.4798e+05
5.4493e+05
5.4186e+05
5.3876e+05
5.3565e+05
5.3252e+05
5.2938e+05
5.2622e+05
5.2305e+05
5.1987e+05
5.1669e+05
5.1349e+05
5.1029e+05
5.0709e+05
5.0388e+05
5.0067e+05
4.9747e+05
4.9427e+05
4.9107e+05
4.8787e+05
4.8468e+05
4.815e+05
4.7833e+05
4.7517e+05
4.7202e+05
4.6888e+05
4.6576e+05
4.6265e+05
4.5956e+05
4.5648e+05
4.5342e+05
4.5039e+05
4.4737e+05
4.4437e+05
4.4139e+05
4.3844e+05
4.355e+05
4.326e+05
4.2971e+05
4.2685e+05
4.2402e+05
4.2121e+05
4.1843e+05
4.1568e+05
4.1296e+05
4.1026e+05
4.0759e+05
4.0495e+05
4.0234e+05
3.9976e+05
3.9721e+05
3.9469e+05
3.922e+05
3.8974e+05
3.8731e+05
3.8491e+05
3.8255e+05
3.8021e+05
3.779e+05
3.7562e+05
3.7337e+05
3.7116e+05
3.6897e+05
3.6681e+05
3.6468e+05
3.6259e+05
3.6052e+05
3.5847e+05
3.5646e+05
3.5448e+05
3.5252e+05
3.5059e+05
3.4869e+05
3.4681e+05
3.4496e+05
3.4314e+05
3.4134e+05
3.3956e+05
3.3781e+05
3.3608e+05
3.3437e+05
3.3269e+05
3.3103e+05
3.2938e+05
3.2776e+05
3.2616e+05
3.2458e+05
3.2301e+05
3.2147e+05
3.1994e+05
3.1842e+05
3.1692e+05
3.1544e+05
3.1397e+05
3.1251e+05
3.1106e+05
3.0963e+05
3.0821e+05
3.068e+05
3.0539e+05
3.04e+05
3.0262e+05
3.0124e+05
2.9987e+05
2.985e+05
2.9714e+05
2.9578e+05
2.9443e+05
2.9308e+05
2.9173e+05
2.9039e+05
2.8904e+05
2.877e+05
2.8635e+05
2.8501e+05
2.8366e+05
2.8231e+05
2.8096e+05
2.796e+05
2.7824e+05
2.7688e+05
2.7551e+05
2.7413e+05
2.7275e+05
2.7136e+05
2.6996e+05
2.6856e+05
2.6715e+05
2.6573e+05
2.643e+05
2.6286e+05
2.6141e+05
2.5996e+05
2.5849e+05
2.5701e+05
2.5552e+05
2.5402e+05
2.5251e+05
2.5099e+05
2.4945e+05
2.4791e+05
2.4635e+05
2.4478e+05
2.432e+05
2.4161e+05
2.4001e+05
2.3839e+05
2.3676e+05
2.3512e+05
2.3347e+05
2.3181e+05
2.3014e+05
2.2845e+05
2.2676e+05
2.2505e+05
2.2334e+05
2.2161e+05
2.1987e+05
2.1813e+05
2.1637e+05
2.1461e+05
2.1284e+05
2.1106e+05
2.0928e+05
2.0748e+05
2.0568e+05
2.0388e+05
2.0207e+05
2.0026e+05
1.9844e+05
1.9662e+05
1.948e+05
1.9298e+05
1.9115e+05
1.8933e+05
1.875e+05
1.8568e+05
1.8386e+05
1.8204e+05
1.8023e+05
1.7842e+05
1.7662e+05
1.7482e+05
1.7303e+05
1.7125e+05
1.6948e+05
1.6772e+05
1.6598e+05
1.6424e+05
1.6252e+05
1.6081e+05
1.5912e+05
1.5745e+05
1.5579e+05
1.5416e+05
1.5254e+05
1.5094e+05
1.4937e+05
1.4782e+05
1.463e+05
1.448e+05
1.4333e+05
1.4189e+05
1.4048e+05
1.3909e+05
1.3774e+05
1.3643e+05
1.3515e+05
1.339e+05
1.3269e+05
1.3152e+05
1.3039e+05
1.2929e+05
1.2824e+05
1.2723e+05
1.2627e+05
1.2535e+05
1.2448e+05
1.2366e+05
1.2288e+05
1.2215e+05
1.2148e+05
1.2086e+05
1.2029e+05
1.1977e+05
1.1932e+05
1.1891e+05
1.1857e+05
1.1828e+05
1.1806e+05
1.1789e+05
1.1779e+05
1.1775e+05
1.1778e+05
1.1787e+05
1.1803e+05
1.1825e+05
1.1854e+05
1.189e+05
1.1933e+05
1.1983e+05
1.2041e+05
1.2105e+05
1.2177e+05
1.2256e+05
1.2343e+05
1.2437e+05
1.2539e+05
1.2649e+05
1.2766e+05
1.2891e+05
1.3024e+05
1.3165e+05
1.3314e+05
1.3471e+05
1.3636e+05
1.3809e+05
1.399e+05
1.418e+05
1.4377e+05
1.4584e+05
1.4798e+05
1.5021e+05
1.5252e+05
1.5491e+05
1.5739e+05
1.5995e+05
1.626e+05
1.6533e+05
1.6815e+05
1.7105e+05
1.7404e+05
1.7711e+05
1.8026e+05
1.835e+05
1.8682e+05
1.9023e+05
1.9372e+05
1.9729e+05
2.0094e+05
2.0468e+05
2.085e+05
2.1241e+05
2.1639e+05
2.2046e+05
2.246e+05
2.2883e+05
2.3313e+05
2.3752e+05
2.4198e+05
2.4652e+05
2.5113e+05
2.5582e+05
2.6059e+05
2.6543e+05
2.7035e+05
2.7534e+05
2.804e+05
2.8553e+05
2.9073e+05
2.96e+05
3.0133e+05
3.0674e+05
3.1221e+05
3.1774e+05
3.2334e+05
3.29e+05
3.3472e+05
3.405e+05
3.4634e+05
3.5224e+05
3.5819e+05
3.642e+05
3.7026e+05
3.7637e+05
3.8253e+05
3.8874e+05
3.95e+05
4.013e+05
4.0765e+05
4.1404e+05
4.2048e+05
4.2695e+05
4.3346e+05
4.4001e+05
4.4659e+05
4.5321e+05
4.5985e+05
4.6653e+05
4.7323e+05
4.7996e+05
4.8672e+05
4.935e+05
5.003e+05
5.0712e+05
5.1395e+05
5.208e+05
5.2767e+05
5.3455e+05
5.4143e+05
5.4833e+05
5.5523e+05
5.6214e+05
5.6905e+05
5.7596e+05
5.8287e+05
5.8977e+05
5.9667e+05
6.0357e+05
6.1045e+05
6.1733e+05
6.2419e+05
6.3104e+05
6.3787e+05
6.4468e+05
6.5147e+05
6.5824e+05
6.6499e+05
6.7171e+05
6.784e+05
6.8507e+05
6.917e+05
6.983e+05
7.0486e+05
7.1139e+05
7.1787e+05
7.2432e+05
7.3072e+05
7.3708e+05
7.4339e+05
7.4966e+05
7.5587e+05
7.6203e+05
7.6814e+05
7.742e+05
7.8019e+05
7.8613e+05
7.9201e+05
7.9782e+05
8.0358e+05
8.0926e+05
8.1488e+05
8.2043e+05
8.2591e+05
8.3132e+05
8.3666e+05
8.4192e+05
8.471e+05
8.5221e+05
8.5724e+05
8.6219e+05
8.6705e+05
8.7183e+05
8.7653e+05
8.8114e+05
8.8566e+05
8.901e+05
8.9444e+05
8.987e+05
9.0286e+05
9.0692e+05
9.109e+05
9.1477e+05
9.1855e+05
9.2224e+05
9.2582e+05
9.293e+05
9.3268e+05
9.3596e+05
9.3914e+05
9.4222e+05
9.4519e+05
9.4805e+05
9.5081e+05
9.5346e+05
9.56e+05
9.5844e+05
9.6077e+05
9.6299e+05
9.6509e+05
9.6709e+05
9.6898e+05
9.7075e+05
9.7242e+05
9.7397e+05
9.754e+05
9.7673e+05
9.7794e+05
9.7904e+05
9.8002e+05
9.8089e+05
9.8165e+05
9.8229e+05
9.8282e+05
9.8323e+05
9.8353e+05
9.8371e+05
9.8378e+05
9.8373e+05
9.8357e+05
9.833e+05
9.8291e+05
9.824e+05
9.8179e+05
9.8106e+05
9.8021e+05
9.7926e+05
9.7819e+05
9.7701e+05
9.7572e+05
9.7431e+05
9.728e+05
9.7117e+05
9.6944e+05
9.676e+05
9.6564e+05
9.6359e+05
9.6142e+05
9.5915e+05
9.5677e+05
9.5428e+05
9.5169e+05
9.49e+05
9.4621e+05
9.4331e+05
9.4031e+05
9.3722e+05
9.3402e+05
9.3073e+05
9.2734e+05
9.2385e+05
9.2027e+05
9.1659e+05
9.1282e+05
9.0896e+05
9.0501e+05
9.0097e+05
8.9684e+05
8.9262e+05
8.8832e+05
8.8393e+05
8.7946e+05
8.749e+05
8.7027e+05
8.6556e+05
8.6076e+05
8.5589e+05
8.5095e+05
8.4593e+05
8.4084e+05
8.3567e+05
8.3044e+05
8.2514e+05
8.1977e+05
8.1433e+05
8.0883e+05
8.0327e+05
7.9765e+05
7.9197e+05
7.8622e+05
7.8043e+05
7.7457e+05
7.6866e+05
7.627e+05
7.5669e+05
7.5064e+05
7.4453e+05
7.3838e+05
7.3218e+05
7.2594e+05
7.1966e+05
7.1334e+05
7.0698e+05
7.0058e+05
6.9415e+05
6.8769e+05
6.8119e+05
6.7467e+05
6.6811e+05
6.6153e+05
6.5493e+05
6.483e+05
6.4164e+05
6.3497e+05
6.2828e+05
6.2157e+05
6.1484e+05
6.081e+05
6.0135e+05
5.9459e+05
5.8781e+05
5.8103e+05
5.7425e+05
5.6745e+05
5.6066e+05
5.5386e+05
5.4706e+05
5.4026e+05
5.3346e+05
5.2667e+05
5.1988e+05
5.131e+05
5.0633e+05
4.9957e+05
4.9282e+05
4.8608e+05
4.7935e+05
4.7264e+05
4.6595e+05
4.5927e+05
4.5261e+05
4.4598e+05
4.3936e+05
4.3277e+05
4.262e+05
4.1966e+05
4.1315e+05
4.0666e+05
4.002e+05
3.9377e+05
3.8738e+05
3.8101e+05
3.7468e+05
3.6838e+05
3.6212e+05
3.559e+05
3.4972e+05
3.4357e+05
3.3746e+05
3.314e+05
3.2538e+05
3.1939e+05
3.1346e+05
3.0757e+05
3.0172e+05
2.9592e+05
2.9016e+05
2.8446e+05
2.788e+05
2.732e+05
2.6764e+05
2.6213e+05
2.5668e+05
2.5128e+05
2.4593e+05
2.4064e+05
2.3539e+05
2.3021e+05
2.2508e+05
2.2001e+05
2.1499e+05
2.1003e+05
2.0512e+05
2.0028e+05
1.9549e+05
1.9076e+05
1.861e+05
1.8149e+05
1.7694e+05
1.7245e+05
1.6802e+05
1.6365e+05
1.5935e+05
1.551e+05
1.5092e+05
1.4679e+05
1.4273e+05
1.3874e+05
1.348e+05
1.3093e+05
1.2712e+05
1.2337e+05
1.1968e+05
1.1606e+05
1.1249e+05
1.09e+05
1.0556e+05
1.0218e+05
98872
95622
92435
89309
86245
83242
80301
77421
74603
71844
69147
66510
63932
61414
58956
56556
54215
51932
49707
47540
45429
43375
41377
39435
37547
35715
33937
32212
30541
28922
27355
25840
24375
22961
21597
20282
19015
17796
16625
15500
14422
13388
12400
11455
10554
9694.9
8878.2
8102.8
7368
6673.1
6017.3
5400
4820.4
4277.9
3771.6
3300.8
2864.9
2463
2094.5
1758.6
1454.6
1181.7
939.13
726.21
542.17
386.26
257.75
155.89
79.92
29.112
2.7185
0
