7.6847e+05
7.6892e+05
7.693e+05
7.696e+05
7.6981e+05
7.6995e+05
7.7002e+05
7.7001e+05
7.6992e+05
7.6975e+05
7.6951e+05
7.692e+05
7.6881e+05
7.6835e+05
7.6781e+05
7.6721e+05
7.6653e+05
7.6578e+05
7.6496e+05
7.6407e+05
7.6312e+05
7.6209e+05
7.61e+05
7.5984e+05
7.5862e+05
7.5733e+05
7.5597e+05
7.5455e+05
7.5307e+05
7.5153e+05
7.4992e+05
7.4825e+05
7.4653e+05
7.4474e+05
7.429e+05
7.4099e+05
7.3903e+05
7.3702e+05
7.3495e+05
7.3282e+05
7.3064e+05
7.2841e+05
7.2613e+05
7.2379e+05
7.2141e+05
7.1897e+05
7.1649e+05
7.1395e+05
7.1138e+05
7.0875e+05
7.0608e+05
7.0337e+05
7.0061e+05
6.9781e+05
6.9497e+05
6.9208e+05
6.8916e+05
6.862e+05
6.832e+05
6.8016e+05
6.7708e+05
6.7398e+05
6.7083e+05
6.6765e+05
6.6444e+05
6.612e+05
6.5793e+05
6.5462e+05
6.5129e+05
6.4793e+05
6.4454e+05
6.4113e+05
6.3769e+05
6.3422e+05
6.3073e+05
6.2722e+05
6.2369e+05
6.2013e+05
6.1656e+05
6.1297e+05
6.0935e+05
6.0572e+05
6.0208e+05
5.9842e+05
5.9474e+05
5.9105e+05
5.8735e+05
5.8364e+05
5.7991e+05
5.7618e+05
5.7243e+05
5.6868e+05
5.6492e+05
5.6115e+05
5.5738e+05
5.536e+05
5.4982e+05
5.4604e+05
5.4225e+05
5.3846e+05
5.3467e+05
5.3089e+05
5.271e+05
5.2331e+05
5.1953e+05
5.1575e+05
5.1198e+05
5.0821e+05
5.0445e+05
5.007e+05
4.9695e+05
4.9321e+05
4.8948e+05
4.8576e+05
4.8206e+05
4.7836e+05
4.7468e+05
4.7101e+05
4.6735e+05
4.6371e+05
4.6009e+05
4.5648e+05
4.5289e+05
4.4932e+05
4.4576e+05
4.4223e+05
4.3872e+05
4.3522e+05
4.3175e+05
4.283e+05
4.2488e+05
4.2147e+05
4.181e+05
4.1474e+05
4.1142e+05
4.0811e+05
4.0484e+05
4.0159e+05
3.9838e+05
3.9519e+05
3.9203e+05
3.889e+05
3.858e+05
3.8274e+05
3.797e+05
3.767e+05
3.7373e+05
3.708e+05
3.6789e+05
3.6503e+05
3.622e+05
3.594e+05
3.5665e+05
3.5393e+05
3.5124e+05
3.486e+05
3.4599e+05
3.4342e+05
3.4089e+05
3.3841e+05
3.3596e+05
3.3355e+05
3.3119e+05
3.2886e+05
3.2658e+05
3.2434e+05
3.2214e+05
3.1999e+05
3.1788e+05
3.1582e+05
3.138e+05
3.1182e+05
3.0989e+05
3.0801e+05
3.0617e+05
3.0438e+05
3.0263e+05
3.0093e+05
2.9928e+05
2.9767e+05
2.9612e+05
2.9461e+05
2.9315e+05
2.9174e+05
2.9037e+05
2.8906e+05
2.8779e+05
2.8658e+05
2.8541e+05
2.843e+05
2.8323e+05
2.8221e+05
2.8125e+05
2.8033e+05
2.7947e+05
2.7866e+05
2.7789e+05
2.7718e+05
2.7652e+05
2.7591e+05
2.7535e+05
2.7485e+05
2.7439e+05
2.7399e+05
2.7364e+05
2.7334e+05
2.7309e+05
2.7289e+05
2.7275e+05
2.7266e+05
2.7262e+05
2.7263e+05
2.7269e+05
2.7281e+05
2.7297e+05
2.7319e+05
2.7346e+05
2.7378e+05
2.7415e+05
2.7458e+05
2.7505e+05
2.7558e+05
2.7616e+05
2.7679e+05
2.7747e+05
2.782e+05
2.7898e+05
2.7982e+05
2.807e+05
2.8163e+05
2.8262e+05
2.8365e+05
2.8473e+05
2.8587e+05
2.8705e+05
2.8828e+05
2.8956e+05
2.9089e+05
2.9227e+05
2.9369e+05
2.9517e+05
2.9669e+05
2.9826e+05
2.9988e+05
3.0154e+05
3.0325e+05
3.0501e+05
3.0681e+05
3.0866e+05
3.1056e+05
3.125e+05
3.1448e+05
3.1651e+05
3.1859e+05
3.207e+05
3.2287e+05
3.2507e+05
3.2732e+05
3.2961e+05
3.3194e+05
3.3432e+05
3.3673e+05
3.3919e+05
3.4169e+05
3.4423e+05
3.4681e+05
3.4942e+05
3.5208e+05
3.5478e+05
3.5751e+05
3.6028e+05
3.6309e+05
3.6594e+05
3.6882e+05
3.7174e+05
3.7469e+05
3.7768e+05
3.8071e+05
3.8376e+05
3.8686e+05
3.8998e+05
3.9314e+05
3.9633e+05
3.9955e+05
4.0281e+05
4.0609e+05
4.0941e+05
4.1275e+05
4.1613e+05
4.1953e+05
4.2296e+05
4.2642e+05
4.2991e+05
4.3342e+05
4.3696e+05
4.4053e+05
4.4412e+05
4.4773e+05
4.5137e+05
4.5504e+05
4.5872e+05
4.6243e+05
4.6616e+05
4.6992e+05
4.7369e+05
4.7748e+05
4.813e+05
4.8513e+05
4.8898e+05
4.9285e+05
4.9674e+05
5.0064e+05
5.0456e+05
5.085e+05
5.1245e+05
5.1642e+05
5.204e+05
5.244e+05
5.284e+05
5.3242e+05
5.3646e+05
5.405e+05
5.4456e+05
5.4862e+05
5.527e+05
5.5678e+05
5.6087e+05
5.6497e+05
5.6908e+05
5.7319e+05
5.7731e+05
5.8144e+05
5.8557e+05
5.8971e+05
5.9385e+05
5.9799e+05
6.0214e+05
6.0628e+05
6.1043e+05
6.1458e+05
6.1874e+05
6.2289e+05
6.2704e+05
6.3119e+05
6.3534e+05
6.3948e+05
6.4362e+05
6.4776e+05
6.519e+05
6.5603e+05
6.6015e+05
6.6428e+05
6.6839e+05
6.725e+05
6.766e+05
6.8069e+05
6.8477e+05
6.8885e+05
6.9291e+05
6.9697e+05
7.0101e+05
7.0505e+05
7.0907e+05
7.1308e+05
7.1708e+05
7.2106e+05
7.2503e+05
7.2899e+05
7.3293e+05
7.3686e+05
7.4077e+05
7.4466e+05
7.4854e+05
7.524e+05
7.5625e+05
7.6007e+05
7.6388e+05
7.6766e+05
7.7143e+05
7.7518e+05
7.789e+05
7.8261e+05
7.8629e+05
7.8995e+05
7.9359e+05
7.9721e+05
8.008e+05
8.0437e+05
8.0792e+05
8.1144e+05
8.1493e+05
8.184e+05
8.2184e+05
8.2526e+05
8.2865e+05
8.3201e+05
8.3535e+05
8.3865e+05
8.4193e+05
8.4518e+05
8.484e+05
8.5159e+05
8.5475e+05
8.5788e+05
8.6097e+05
8.6404e+05
8.6708e+05
8.7008e+05
8.7305e+05
8.7599e+05
8.7889e+05
8.8176e+05
8.846e+05
8.874e+05
8.9017e+05
8.929e+05
8.956e+05
8.9826e+05
9.0089e+05
9.0348e+05
9.0604e+05
9.0855e+05
9.1103e+05
9.1348e+05
9.1588e+05
9.1825e+05
9.2058e+05
9.2287e+05
9.2512e+05
9.2733e+05
9.2951e+05
9.3164e+05
9.3374e+05
9.3579e+05
9.3781e+05
9.3978e+05
9.4171e+05
9.436e+05
9.4545e+05
9.4726e+05
9.4903e+05
9.5076e+05
9.5244e+05
9.5408e+05
9.5568e+05
9.5724e+05
9.5875e+05
9.6022e+05
9.6165e+05
9.6303e+05
9.6437e+05
9.6567e+05
9.6692e+05
9.6813e+05
9.693e+05
9.7042e+05
9.7149e+05
9.7252e+05
9.7351e+05
9.7445e+05
9.7535e+05
9.7621e+05
9.7701e+05
9.7778e+05
9.7849e+05
9.7917e+05
9.7979e+05
9.8037e+05
9.8091e+05
9.814e+05
9.8184e+05
9.8224e+05
9.8259e+05
9.829e+05
9.8316e+05
9.8338e+05
9.8355e+05
9.8367e+05
9.8375e+05
9.8378e+05
9.8376e+05
9.837e+05
9.8359e+05
9.8344e+05
9.8324e+05
9.8299e+05
9.827e+05
9.8237e+05
9.8198e+05
9.8155e+05
9.8108e+05
9.8055e+05
9.7999e+05
9.7937e+05
9.7871e+05
9.7801e+05
9.7726e+05
9.7646e+05
9.7562e+05
9.7473e+05
9.738e+05
9.7282e+05
9.718e+05
9.7073e+05
9.6962e+05
9.6846e+05
9.6726e+05
9.6601e+05
9.6471e+05
9.6338e+05
9.6199e+05
9.6057e+05
9.591e+05
9.5758e+05
9.5603e+05
9.5442e+05
9.5278e+05
9.5109e+05
9.4935e+05
9.4758e+05
9.4576e+05
9.439e+05
9.4199e+05
9.4005e+05
9.3806e+05
9.3602e+05
9.3395e+05
9.3183e+05
9.2968e+05
9.2748e+05
9.2524e+05
9.2295e+05
9.2063e+05
9.1827e+05
9.1587e+05
9.1342e+05
9.1094e+05
9.0841e+05
9.0585e+05
9.0325e+05
9.006e+05
8.9792e+05
8.952e+05
8.9244e+05
8.8965e+05
8.8681e+05
8.8394e+05
8.8103e+05
8.7808e+05
8.751e+05
8.7208e+05
8.6902e+05
8.6592e+05
8.6279e+05
8.5963e+05
8.5643e+05
8.5319e+05
8.4992e+05
8.4661e+05
8.4327e+05
8.3989e+05
8.3649e+05
8.3304e+05
8.2957e+05
8.2606e+05
8.2252e+05
8.1894e+05
8.1534e+05
8.117e+05
8.0803e+05
8.0433e+05
8.006e+05
7.9684e+05
7.9305e+05
7.8923e+05
7.8537e+05
7.8149e+05
7.7758e+05
7.7364e+05
7.6968e+05
7.6568e+05
7.6166e+05
7.5761e+05
7.5353e+05
7.4943e+05
7.453e+05
7.4114e+05
7.3696e+05
7.3275e+05
7.2852e+05
7.2426e+05
7.1998e+05
7.1567e+05
7.1134e+05
7.0699e+05
7.0261e+05
6.9821e+05
6.9379e+05
6.8935e+05
6.8488e+05
6.804e+05
6.7589e+05
6.7136e+05
6.6682e+05
6.6225e+05
6.5766e+05
6.5305e+05
6.4843e+05
6.4378e+05
6.3912e+05
6.3444e+05
6.2974e+05
6.2503e+05
6.203e+05
6.1555e+05
6.1078e+05
6.0601e+05
6.0121e+05
5.964e+05
5.9158e+05
5.8674e+05
5.8189e+05
5.7702e+05
5.7214e+05
5.6725e+05
5.6235e+05
5.5743e+05
5.525e+05
5.4756e+05
5.4261e+05
5.3765e+05
5.3268e+05
5.277e+05
5.2271e+05
5.1771e+05
5.127e+05
5.0769e+05
5.0266e+05
4.9763e+05
4.9259e+05
4.8754e+05
4.8249e+05
4.7743e+05
4.7236e+05
4.6729e+05
4.6222e+05
4.5713e+05
4.5205e+05
4.4696e+05
4.4187e+05
4.3677e+05
4.3167e+05
4.2656e+05
4.2146e+05
4.1635e+05
4.1124e+05
4.0613e+05
4.0102e+05
3.9591e+05
3.9079e+05
3.8568e+05
3.8057e+05
3.7546e+05
3.7035e+05
3.6524e+05
3.6013e+05
3.5503e+05
3.4992e+05
3.4482e+05
3.3972e+05
3.3463e+05
3.2954e+05
3.2445e+05
3.1937e+05
3.1429e+05
3.0922e+05
3.0415e+05
2.9909e+05
2.9404e+05
2.8899e+05
2.8395e+05
2.7891e+05
2.7388e+05
2.6886e+05
2.6385e+05
2.5884e+05
2.5385e+05
2.4886e+05
2.4388e+05
2.3891e+05
2.3395e+05
2.29e+05
2.2406e+05
2.1913e+05
2.1421e+05
2.093e+05
2.0441e+05
1.9952e+05
1.9465e+05
1.8979e+05
1.8494e+05
1.8011e+05
1.7529e+05
1.7048e+05
1.6568e+05
1.609e+05
1.5613e+05
1.5138e+05
1.4664e+05
1.4192e+05
1.3721e+05
1.3252e+05
1.2784e+05
1.2318e+05
1.1853e+05
1.139e+05
1.0929e+05
1.0469e+05
1.0011e+05
95552
91008
86481
81973
77483
73011
68557
64123
59707
55311
50934
46577
42240
37923
33625
29349
25093
20858
16643
12450
8278.7
4128.5
0
