0
248.25
539.62
874.9
1254.8
1680.1
2151.2
2668.7
3233.1
3844.7
4503.7
5210.5
5965.1
6767.6
7618.1
8516.3
9462.1
10455
11496
12583
13716
14895
16120
17389
18701
20057
21455
22895
24375
25894
27452
29047
30679
32345
34046
35779
37543
39338
41162
43013
44890
46792
48717
50665
52633
54620
56625
58647
60683
62733
64796
66869
68952
71043
73141
75244
77352
79463
81576
83689
85802
87914
90022
92127
94227
96321
98409
1.0049e+05
1.0256e+05
1.0462e+05
1.0667e+05
1.0871e+05
1.1074e+05
1.1276e+05
1.1476e+05
1.1675e+05
1.1873e+05
1.2069e+05
1.2263e+05
1.2456e+05
1.2648e+05
1.2837e+05
1.3025e+05
1.3212e+05
1.3396e+05
1.3579e+05
1.376e+05
1.3939e+05
1.4116e+05
1.4291e+05
1.4465e+05
1.4636e+05
1.4806e+05
1.4974e+05
1.5139e+05
1.5303e+05
1.5465e+05
1.5624e+05
1.5782e+05
1.5938e+05
1.6092e+05
1.6244e+05
1.6393e+05
1.6541e+05
1.6687e+05
1.6831e+05
1.6973e+05
1.7112e+05
1.725e+05
1.7385e+05
1.7519e+05
1.765e+05
1.778e+05
1.7907e+05
1.8032e+05
1.8155e+05
1.8276e+05
1.8395e+05
1.8511e+05
1.8626e+05
1.8738e+05
1.8848e+05
1.8955e+05
1.906e+05
1.9163e+05
1.9264e+05
1.9362e+05
1.9458e+05
1.9551e+05
1.9642e+05
1.973e+05
1.9816e+05
1.9899e+05
1.9979e+05
2.0057e+05
2.0132e+05
2.0204e+05
2.0273e+05
2.034e+05
2.0403e+05
2.0464e+05
2.0522e+05
2.0576e+05
2.0628e+05
2.0676e+05
2.0722e+05
2.0764e+05
2.0802e+05
2.0838e+05
2.087e+05
2.0899e+05
2.0925e+05
2.0947e+05
2.0965e+05
2.098e+05
2.0992e+05
2.1e+05
2.1004e+05
2.1005e+05
2.1002e+05
2.0996e+05
2.0986e+05
2.0972e+05
2.0955e+05
2.0934e+05
2.0909e+05
2.088e+05
2.0848e+05
2.0812e+05
2.0773e+05
2.073e+05
2.0683e+05
2.0632e+05
2.0578e+05
2.052e+05
2.0458e+05
2.0393e+05
2.0325e+05
2.0252e+05
2.0177e+05
2.0098e+05
2.0015e+05
1.9929e+05
1.984e+05
1.9747e+05
1.9651e+05
1.9552e+05
1.945e+05
1.9345e+05
1.9236e+05
1.9125e+05
1.9011e+05
1.8894e+05
1.8773e+05
1.8651e+05
1.8525e+05
1.8397e+05
1.8266e+05
1.8133e+05
1.7998e+05
1.7859e+05
1.7719e+05
1.7577e+05
1.7432e+05
1.7285e+05
1.7136e+05
1.6985e+05
1.6832e+05
1.6678e+05
1.6521e+05
1.6363e+05
1.6204e+05
1.6042e+05
1.588e+05
1.5716e+05
1.555e+05
1.5383e+05
1.5215e+05
1.5046e+05
1.4875e+05
1.4704e+05
1.4531e+05
1.4358e+05
1.4184e+05
1.4009e+05
1.3833e+05
1.3656e+05
1.3479e+05
1.3301e+05
1.3123e+05
1.2944e+05
1.2765e+05
1.2586e+05
1.2406e+05
1.2226e+05
1.2045e+05
1.1865e+05
1.1684e+05
1.1504e+05
1.1323e+05
1.1143e+05
1.0962e+05
1.0782e+05
1.0602e+05
1.0422e+05
1.0243e+05
1.0064e+05
98856
97076
95302
93533
91772
90018
88272
86535
84807
83089
81382
79686
78002
76330
74672
73028
71398
69784
68186
66605
65042
63497
61971
60466
58981
57517
56076
54657
53263
51893
50548
49229
47938
46673
45437
44231
43053
41907
40791
39707
38656
37637
36652
35702
34786
33905
33059
32250
31477
30741
30042
29380
28756
28170
27622
27111
26638
26204
25807
25448
25126
24842
24595
24384
24210
24071
23968
23899
23864
23862
23893
23956
24049
24172
24325
24505
24712
24945
25202
25483
25785
26109
26452
26814
27192
27586
27994
28414
28846
29287
29737
30194
30656
31122
31590
32060
32530
32997
33463
33924
34379
34828
35269
35702
36125
36537
36938
37326
37702
38063
38411
38744
39062
39366
39654
39927
40185
40429
40658
40873
41076
41266
41445
41614
41774
41926
42072
42213
42352
42490
42630
42773
42923
43081
43251
43434
43635
43856
44101
44373
44675
45012
45386
45802
46264
46776
47342
47967
48654
49409
50236
51139
52123
53194
54355
55612
56969
58431
60004
61692
63499
65432
67494
69690
72026
74505
77133
79914
82852
85952
89218
92654
96264
1.0005e+05
1.0402e+05
1.0818e+05
1.1252e+05
1.1705e+05
1.2178e+05
1.2671e+05
1.3183e+05
1.3716e+05
1.427e+05
1.4843e+05
1.5438e+05
1.6054e+05
1.669e+05
1.7348e+05
1.8027e+05
1.8727e+05
1.9449e+05
2.0191e+05
2.0955e+05
2.174e+05
2.2546e+05
2.3372e+05
2.4219e+05
2.5087e+05
2.5974e+05
2.6882e+05
2.7809e+05
2.8755e+05
2.9721e+05
3.0704e+05
3.1706e+05
3.2725e+05
3.3762e+05
3.4815e+05
3.5884e+05
3.6968e+05
3.8067e+05
3.9181e+05
4.0308e+05
4.1447e+05
4.2599e+05
4.3762e+05
4.4935e+05
4.6118e+05
4.731e+05
4.851e+05
4.9718e+05
5.0931e+05
5.215e+05
5.3373e+05
5.4599e+05
5.5828e+05
5.7058e+05
5.8289e+05
5.9519e+05
6.0748e+05
6.1974e+05
6.3196e+05
6.4414e+05
6.5626e+05
6.683e+05
6.8027e+05
6.9215e+05
7.0393e+05
7.1559e+05
7.2714e+05
7.3855e+05
7.4981e+05
7.6092e+05
7.7187e+05
7.8264e+05
7.9323e+05
8.0362e+05
8.138e+05
8.2377e+05
8.3352e+05
8.4303e+05
8.5229e+05
8.6131e+05
8.7006e+05
8.7854e+05
8.8674e+05
8.9466e+05
9.0228e+05
9.0959e+05
9.166e+05
9.2329e+05
9.2966e+05
9.357e+05
9.4141e+05
9.4677e+05
9.5179e+05
9.5645e+05
9.6076e+05
9.6471e+05
9.683e+05
9.7152e+05
9.7437e+05
9.7685e+05
9.7895e+05
9.8067e+05
9.8202e+05
9.8298e+05
9.8357e+05
9.8378e+05
9.836e+05
9.8305e+05
9.8212e+05
9.8081e+05
9.7912e+05
9.7706e+05
9.7463e+05
9.7184e+05
9.6867e+05
9.6515e+05
9.6127e+05
9.5704e+05
9.5246e+05
9.4753e+05
9.4227e+05
9.3668e+05
9.3076e+05
9.2452e+05
9.1797e+05
9.1111e+05
9.0395e+05
8.9651e+05
8.8878e+05
8.8077e+05
8.725e+05
8.6397e+05
8.5519e+05
8.4617e+05
8.3692e+05
8.2744e+05
8.1775e+05
8.0786e+05
7.9777e+05
7.875e+05
7.7706e+05
7.6644e+05
7.5568e+05
7.4477e+05
7.3372e+05
7.2255e+05
7.1127e+05
6.9988e+05
6.884e+05
6.7684e+05
6.652e+05
6.5349e+05
6.4174e+05
6.2994e+05
6.181e+05
6.0625e+05
5.9437e+05
5.825e+05
5.7062e+05
5.5876e+05
5.4693e+05
5.3512e+05
5.2336e+05
5.1164e+05
4.9998e+05
4.8838e+05
4.7686e+05
4.6542e+05
4.5407e+05
4.4282e+05
4.3166e+05
4.2062e+05
4.0969e+05
3.9889e+05
3.8821e+05
3.7767e+05
3.6727e+05
3.5701e+05
3.469e+05
3.3695e+05
3.2716e+05
3.1753e+05
3.0806e+05
2.9877e+05
2.8965e+05
2.8071e+05
2.7195e+05
2.6337e+05
2.5497e+05
2.4677e+05
2.3875e+05
2.3091e+05
2.2327e+05
2.1582e+05
2.0857e+05
2.015e+05
1.9463e+05
1.8795e+05
1.8146e+05
1.7516e+05
1.6906e+05
1.6314e+05
1.5741e+05
1.5187e+05
1.4652e+05
1.4134e+05
1.3635e+05
1.3154e+05
1.2691e+05
1.2245e+05
1.1816e+05
1.1404e+05
1.1008e+05
1.0629e+05
1.0266e+05
99186
95863
92689
89661
86775
84028
81414
78931
76574
74340
72224
70222
68331
66546
64862
63277
61786
60385
59069
57835
56679
55597
54585
53638
52754
51929
51158
50439
49767
49140
48553
48005
47490
47007
46553
46123
45716
45330
44960
44605
44263
43930
43605
43286
42971
42658
42344
42030
41712
41389
41061
40725
40381
40028
39664
39290
38903
38504
38091
37665
37225
36771
36302
35818
35319
34806
34278
33735
33177
32606
32020
31421
30809
30184
29546
28897
28237
27566
26886
26196
25497
24791
24078
23358
22633
21903
21169
20432
19692
18950
18208
17465
16724
15983
15245
14509
13777
13050
12327
11610
10900
10196
9500
8812
8132.6
7462.4
6801.9
