74255
78008
81833
85725
89679
93690
97753
1.0186e+05
1.0602e+05
1.102e+05
1.1443e+05
1.1867e+05
1.2294e+05
1.2722e+05
1.3152e+05
1.3581e+05
1.4011e+05
1.444e+05
1.4868e+05
1.5295e+05
1.5719e+05
1.614e+05
1.6558e+05
1.6973e+05
1.7383e+05
1.7789e+05
1.8189e+05
1.8584e+05
1.8972e+05
1.9354e+05
1.973e+05
2.0097e+05
2.0457e+05
2.0809e+05
2.1152e+05
2.1487e+05
2.1812e+05
2.2128e+05
2.2434e+05
2.273e+05
2.3016e+05
2.3291e+05
2.3556e+05
2.381e+05
2.4052e+05
2.4284e+05
2.4504e+05
2.4712e+05
2.491e+05
2.5095e+05
2.5269e+05
2.5432e+05
2.5583e+05
2.5722e+05
2.5849e+05
2.5966e+05
2.6071e+05
2.6164e+05
2.6247e+05
2.6318e+05
2.6378e+05
2.6428e+05
2.6468e+05
2.6497e+05
2.6516e+05
2.6525e+05
2.6525e+05
2.6516e+05
2.6497e+05
2.647e+05
2.6434e+05
2.6391e+05
2.6339e+05
2.628e+05
2.6215e+05
2.6142e+05
2.6063e+05
2.5978e+05
2.5887e+05
2.5791e+05
2.5691e+05
2.5585e+05
2.5476e+05
2.5362e+05
2.5245e+05
2.5126e+05
2.5003e+05
2.4878e+05
2.4752e+05
2.4623e+05
2.4494e+05
2.4363e+05
2.4232e+05
2.4101e+05
2.397e+05
2.3839e+05
2.3709e+05
2.358e+05
2.3453e+05
2.3327e+05
2.3203e+05
2.3081e+05
2.2961e+05
2.2844e+05
2.273e+05
2.2619e+05
2.2511e+05
2.2407e+05
2.2306e+05
2.2208e+05
2.2115e+05
2.2026e+05
2.1941e+05
2.186e+05
2.1783e+05
2.1711e+05
2.1643e+05
2.158e+05
2.1522e+05
2.1467e+05
2.1418e+05
2.1373e+05
2.1333e+05
2.1297e+05
2.1266e+05
2.1239e+05
2.1217e+05
2.1199e+05
2.1186e+05
2.1176e+05
2.1171e+05
2.117e+05
2.1173e+05
2.1179e+05
2.1189e+05
2.1203e+05
2.122e+05
2.1241e+05
2.1264e+05
2.1291e+05
2.132e+05
2.1352e+05
2.1387e+05
2.1424e+05
2.1463e+05
2.1504e+05
2.1547e+05
2.1591e+05
2.1637e+05
2.1684e+05
2.1733e+05
2.1782e+05
2.1833e+05
2.1883e+05
2.1935e+05
2.1986e+05
2.2038e+05
2.209e+05
2.2141e+05
2.2192e+05
2.2243e+05
2.2292e+05
2.2341e+05
2.2389e+05
2.2436e+05
2.2482e+05
2.2526e+05
2.2569e+05
2.261e+05
2.2649e+05
2.2686e+05
2.2722e+05
2.2755e+05
2.2786e+05
2.2814e+05
2.284e+05
2.2864e+05
2.2885e+05
2.2903e+05
2.2918e+05
2.2931e+05
2.294e+05
2.2946e+05
2.295e+05
2.295e+05
2.2947e+05
2.294e+05
2.293e+05
2.2917e+05
2.29e+05
2.2879e+05
2.2855e+05
2.2827e+05
2.2796e+05
2.2761e+05
2.2722e+05
2.2679e+05
2.2632e+05
2.2582e+05
2.2527e+05
2.2469e+05
2.2406e+05
2.234e+05
2.2269e+05
2.2195e+05
2.2116e+05
2.2033e+05
2.1946e+05
2.1855e+05
2.176e+05
2.166e+05
2.1556e+05
2.1448e+05
2.1336e+05
2.1219e+05
2.1098e+05
2.0973e+05
2.0844e+05
2.071e+05
2.0572e+05
2.043e+05
2.0283e+05
2.0133e+05
1.9978e+05
1.9818e+05
1.9655e+05
1.9487e+05
1.9316e+05
1.914e+05
1.896e+05
1.8776e+05
1.8588e+05
1.8395e+05
1.82e+05
1.8e+05
1.7796e+05
1.7589e+05
1.7378e+05
1.7164e+05
1.6946e+05
1.6724e+05
1.65e+05
1.6272e+05
1.6041e+05
1.5807e+05
1.557e+05
1.5331e+05
1.5089e+05
1.4844e+05
1.4598e+05
1.4349e+05
1.4098e+05
1.3845e+05
1.359e+05
1.3334e+05
1.3077e+05
1.2818e+05
1.2559e+05
1.2299e+05
1.2038e+05
1.1777e+05
1.1515e+05
1.1254e+05
1.0993e+05
1.0732e+05
1.0472e+05
1.0213e+05
99546
96977
94424
91888
89372
86878
84407
81962
79546
77160
74806
72487
70204
67960
65756
63594
61476
59403
57378
55402
53477
51603
49782
48016
46305
44651
43055
41517
40038
38619
37259
35961
34723
33547
32431
31376
30382
29448
28573
27758
27001
26301
25658
25071
24537
24056
23626
23246
22913
22627
22385
22184
22024
21902
21815
21761
21738
21743
21774
21828
21902
21994
22101
22220
22349
22484
22624
22765
22905
23040
23169
23289
23397
23491
23569
23627
23665
23679
23669
23632
23566
23470
23342
23181
22987
22758
22493
22191
21854
21479
21068
20620
20136
19617
19063
18476
17856
17206
16527
15822
15092
14339
13568
12780
11979
11169
10352
9533.2
8716.2
7905.4
7105.3
6320.6
5556.2
4817.3
4109.2
3437.2
2807.2
2224.8
1696.1
1227.1
824.03
493.3
241.33
74.684
0
23.991
153.43
395.13
755.95
1242.8
1862.4
2621.9
3527.8
4587.2
5806.8
7193.1
8752.9
10493
12419
14537
16855
19377
22109
25058
28228
31625
35254
39119
43225
47575
52175
57027
62136
67503
73131
79024
85182
91608
98302
1.0527e+05
1.125e+05
1.2e+05
1.2778e+05
1.3582e+05
1.4413e+05
1.5271e+05
1.6155e+05
1.7065e+05
1.8002e+05
1.8964e+05
1.9951e+05
2.0963e+05
2.2e+05
2.306e+05
2.4144e+05
2.525e+05
2.6379e+05
2.753e+05
2.8701e+05
2.9892e+05
3.1103e+05
3.2332e+05
3.3579e+05
3.4843e+05
3.6122e+05
3.7417e+05
3.8726e+05
4.0047e+05
4.1381e+05
4.2725e+05
4.4079e+05
4.5442e+05
4.6812e+05
4.8189e+05
4.957e+05
5.0956e+05
5.2344e+05
5.3733e+05
5.5123e+05
5.6512e+05
5.7898e+05
5.928e+05
6.0658e+05
6.2029e+05
6.3392e+05
6.4747e+05
6.6091e+05
6.7423e+05
6.8743e+05
7.0049e+05
7.1339e+05
7.2612e+05
7.3867e+05
7.5103e+05
7.6318e+05
7.7512e+05
7.8683e+05
7.9829e+05
8.095e+05
8.2045e+05
8.3112e+05
8.415e+05
8.5159e+05
8.6136e+05
8.7083e+05
8.7996e+05
8.8876e+05
8.9721e+05
9.0531e+05
9.1305e+05
9.2041e+05
9.274e+05
9.3401e+05
9.4023e+05
9.4605e+05
9.5147e+05
9.5648e+05
9.6108e+05
9.6527e+05
9.6903e+05
9.7237e+05
9.7529e+05
9.7778e+05
9.7984e+05
9.8147e+05
9.8267e+05
9.8344e+05
9.8378e+05
9.8368e+05
9.8316e+05
9.822e+05
9.8082e+05
9.7902e+05
9.768e+05
9.7416e+05
9.711e+05
9.6764e+05
9.6377e+05
9.5951e+05
9.5485e+05
9.498e+05
9.4437e+05
9.3857e+05
9.324e+05
9.2587e+05
9.1899e+05
9.1177e+05
9.0421e+05
8.9633e+05
8.8813e+05
8.7962e+05
8.7081e+05
8.6172e+05
8.5235e+05
8.4271e+05
8.3281e+05
8.2266e+05
8.1229e+05
8.0168e+05
7.9087e+05
7.7985e+05
7.6864e+05
7.5725e+05
7.4569e+05
7.3398e+05
7.2212e+05
7.1013e+05
6.9802e+05
6.858e+05
6.7348e+05
6.6108e+05
6.486e+05
6.3605e+05
6.2346e+05
6.1082e+05
5.9815e+05
5.8547e+05
5.7277e+05
5.6008e+05
5.474e+05
5.3475e+05
5.2212e+05
5.0955e+05
4.9702e+05
4.8456e+05
4.7217e+05
4.5986e+05
4.4764e+05
4.3551e+05
4.235e+05
4.116e+05
3.9982e+05
3.8817e+05
3.7666e+05
3.6529e+05
3.5407e+05
3.4301e+05
3.321e+05
3.2137e+05
3.1081e+05
3.0043e+05
2.9023e+05
2.8022e+05
2.704e+05
2.6077e+05
2.5134e+05
2.4212e+05
2.331e+05
2.2428e+05
2.1568e+05
2.0728e+05
1.991e+05
1.9113e+05
1.8337e+05
1.7584e+05
1.6851e+05
1.6141e+05
1.5452e+05
1.4784e+05
1.4138e+05
1.3514e+05
1.2911e+05
1.2329e+05
1.1768e+05
1.1228e+05
1.0709e+05
1.021e+05
97310
92722
88332
84136
80131
76313
72681
69229
65954
62853
59922
57157
54554
52108
49816
47673
45676
43819
42099
40510
39049
37711
36491
35386
34390
33499
32709
32015
31413
30898
30467
30114
29836
29629
29488
29409
29388
29422
29507
29639
29813
30028
30279
30562
30875
31214
31577
31960
32360
32774
33200
33636
34078
34525
34974
35422
35868
36311
36747
37175
37594
38001
38396
38778
39144
39493
39825
40139
40433
40707
40960
41191
41400
41586
41749
41888
42003
42094
42160
42202
42220
42212
42181
42125
42044
41940
41812
41660
41485
41287
41067
40824
40560
40275
39969
39643
39298
38933
38550
38149
37731
37297
36846
36380
35900
35405
34897
34376
33843
33299
32743
32178
31603
31020
30428
29828
29222
28609
27991
27367
26739
26106
25471
24832
24191
23548
22905
22260
