6.5517e+05
6.6174e+05
6.683e+05
6.7484e+05
6.8136e+05
6.8786e+05
6.9435e+05
7.0082e+05
7.0728e+05
7.1372e+05
7.2014e+05
7.2654e+05
7.3292e+05
7.3928e+05
7.4562e+05
7.5194e+05
7.5822e+05
7.6448e+05
7.707e+05
7.7689e+05
7.8305e+05
7.8916e+05
7.9523e+05
8.0126e+05
8.0723e+05
8.1316e+05
8.1902e+05
8.2483e+05
8.3058e+05
8.3626e+05
8.4187e+05
8.474e+05
8.5286e+05
8.5824e+05
8.6354e+05
8.6875e+05
8.7388e+05
8.789e+05
8.8384e+05
8.8867e+05
8.9341e+05
8.9804e+05
9.0256e+05
9.0697e+05
9.1128e+05
9.1546e+05
9.1954e+05
9.2349e+05
9.2733e+05
9.3105e+05
9.3464e+05
9.3811e+05
9.4145e+05
9.4467e+05
9.4777e+05
9.5073e+05
9.5357e+05
9.5628e+05
9.5886e+05
9.6131e+05
9.6363e+05
9.6582e+05
9.6789e+05
9.6982e+05
9.7163e+05
9.733e+05
9.7486e+05
9.7628e+05
9.7758e+05
9.7875e+05
9.7979e+05
9.8072e+05
9.8151e+05
9.8219e+05
9.8275e+05
9.8318e+05
9.835e+05
9.837e+05
9.8378e+05
9.8374e+05
9.8359e+05
9.8333e+05
9.8295e+05
9.8246e+05
9.8187e+05
9.8116e+05
9.8034e+05
9.7942e+05
9.7839e+05
9.7726e+05
9.7603e+05
9.7469e+05
9.7325e+05
9.7171e+05
9.7008e+05
9.6834e+05
9.6651e+05
9.6459e+05
9.6257e+05
9.6046e+05
9.5825e+05
9.5596e+05
9.5357e+05
9.511e+05
9.4854e+05
9.459e+05
9.4317e+05
9.4036e+05
9.3746e+05
9.3449e+05
9.3144e+05
9.283e+05
9.2509e+05
9.2181e+05
9.1845e+05
9.1502e+05
9.1152e+05
9.0794e+05
9.043e+05
9.0059e+05
8.9682e+05
8.9298e+05
8.8908e+05
8.8512e+05
8.811e+05
8.7702e+05
8.7288e+05
8.687e+05
8.6445e+05
8.6016e+05
8.5582e+05
8.5143e+05
8.47e+05
8.4252e+05
8.38e+05
8.3343e+05
8.2883e+05
8.242e+05
8.1952e+05
8.1482e+05
8.1008e+05
8.0531e+05
8.0052e+05
7.957e+05
7.9085e+05
7.8598e+05
7.811e+05
7.7619e+05
7.7127e+05
7.6633e+05
7.6137e+05
7.5641e+05
7.5144e+05
7.4645e+05
7.4147e+05
7.3647e+05
7.3148e+05
7.2648e+05
7.2149e+05
7.1649e+05
7.115e+05
7.0652e+05
7.0154e+05
6.9657e+05
6.9161e+05
6.8666e+05
6.8173e+05
6.7681e+05
6.719e+05
6.6702e+05
6.6215e+05
6.5731e+05
6.5249e+05
6.4769e+05
6.4291e+05
6.3817e+05
6.3345e+05
6.2876e+05
6.241e+05
6.1947e+05
6.1487e+05
6.1032e+05
6.0579e+05
6.013e+05
5.9686e+05
5.9245e+05
5.8808e+05
5.8376e+05
5.7947e+05
5.7524e+05
5.7105e+05
5.669e+05
5.6281e+05
5.5876e+05
5.5476e+05
5.5082e+05
5.4692e+05
5.4309e+05
5.393e+05
5.3557e+05
5.319e+05
5.2829e+05
5.2473e+05
5.2123e+05
5.178e+05
5.1442e+05
5.1111e+05
5.0786e+05
5.0468e+05
5.0156e+05
4.985e+05
4.9551e+05
4.9259e+05
4.8974e+05
4.8695e+05
4.8423e+05
4.8159e+05
4.7901e+05
4.765e+05
4.7407e+05
4.717e+05
4.6941e+05
4.6719e+05
4.6505e+05
4.6297e+05
4.6098e+05
4.5905e+05
4.572e+05
4.5542e+05
4.5372e+05
4.5209e+05
4.5054e+05
4.4907e+05
4.4766e+05
4.4634e+05
4.4508e+05
4.4391e+05
4.4281e+05
4.4178e+05
4.4083e+05
4.3995e+05
4.3915e+05
4.3842e+05
4.3777e+05
4.3719e+05
4.3668e+05
4.3625e+05
4.3589e+05
4.356e+05
4.3539e+05
4.3524e+05
4.3517e+05
4.3517e+05
4.3524e+05
4.3538e+05
4.3559e+05
4.3587e+05
4.3621e+05
4.3662e+05
4.371e+05
4.3765e+05
4.3826e+05
4.3894e+05
4.3968e+05
4.4048e+05
4.4135e+05
4.4227e+05
4.4326e+05
4.4431e+05
4.4542e+05
4.4659e+05
4.4781e+05
4.4909e+05
4.5043e+05
4.5182e+05
4.5326e+05
4.5476e+05
4.5631e+05
4.5791e+05
4.5956e+05
4.6126e+05
4.63e+05
4.6479e+05
4.6663e+05
4.6851e+05
4.7044e+05
4.724e+05
4.7441e+05
4.7646e+05
4.7854e+05
4.8067e+05
4.8283e+05
4.8502e+05
4.8725e+05
4.8951e+05
4.918e+05
4.9413e+05
4.9648e+05
4.9886e+05
5.0127e+05
5.037e+05
5.0616e+05
5.0864e+05
5.1114e+05
5.1367e+05
5.1621e+05
5.1877e+05
5.2136e+05
5.2396e+05
5.2657e+05
5.292e+05
5.3185e+05
5.3451e+05
5.3718e+05
5.3986e+05
5.4255e+05
5.4525e+05
5.4797e+05
5.5069e+05
5.5342e+05
5.5615e+05
5.5889e+05
5.6164e+05
5.6439e+05
5.6715e+05
5.6991e+05
5.7267e+05
5.7544e+05
5.7821e+05
5.8099e+05
5.8376e+05
5.8654e+05
5.8932e+05
5.921e+05
5.9489e+05
5.9767e+05
6.0046e+05
6.0324e+05
6.0603e+05
6.0882e+05
6.1161e+05
6.144e+05
6.1719e+05
6.1998e+05
6.2278e+05
6.2557e+05
6.2837e+05
6.3117e+05
6.3397e+05
6.3677e+05
6.3957e+05
6.4237e+05
6.4518e+05
6.4799e+05
6.508e+05
6.5361e+05
6.5643e+05
6.5925e+05
6.6207e+05
6.6489e+05
6.6772e+05
6.7054e+05
6.7337e+05
6.762e+05
6.7904e+05
6.8187e+05
6.8471e+05
6.8755e+05
6.9039e+05
6.9323e+05
6.9607e+05
6.9891e+05
7.0175e+05
7.0459e+05
7.0742e+05
7.1026e+05
7.1309e+05
7.1592e+05
7.1874e+05
7.2156e+05
7.2437e+05
7.2718e+05
7.2998e+05
7.3277e+05
7.3554e+05
7.3831e+05
7.4107e+05
7.4381e+05
7.4654e+05
7.4925e+05
7.5195e+05
7.5462e+05
7.5728e+05
7.5992e+05
7.6253e+05
7.6512e+05
7.6769e+05
7.7023e+05
7.7274e+05
7.7522e+05
7.7767e+05
7.8009e+05
7.8247e+05
7.8482e+05
7.8713e+05
7.894e+05
7.9163e+05
7.9382e+05
7.9597e+05
7.9807e+05
8.0013e+05
8.0213e+05
8.041e+05
8.0601e+05
8.0787e+05
8.0967e+05
8.1143e+05
8.1313e+05
8.1477e+05
8.1635e+05
8.1788e+05
8.1935e+05
8.2076e+05
8.221e+05
8.2339e+05
8.2461e+05
8.2577e+05
8.2686e+05
8.2789e+05
8.2885e+05
8.2975e+05
8.3058e+05
8.3135e+05
8.3205e+05
8.3268e+05
8.3324e+05
8.3374e+05
8.3416e+05
8.3452e+05
8.3482e+05
8.3504e+05
8.352e+05
8.3529e+05
8.3531e+05
8.3527e+05
8.3516e+05
8.3498e+05
8.3474e+05
8.3443e+05
8.3406e+05
8.3363e+05
8.3313e+05
8.3257e+05
8.3194e+05
8.3126e+05
8.3051e+05
8.2971e+05
8.2884e+05
8.2792e+05
8.2694e+05
8.2591e+05
8.2481e+05
8.2367e+05
8.2247e+05
8.2122e+05
8.1991e+05
8.1856e+05
8.1715e+05
8.157e+05
8.142e+05
8.1265e+05
8.1105e+05
8.0941e+05
8.0773e+05
8.06e+05
8.0423e+05
8.0241e+05
8.0056e+05
7.9867e+05
7.9673e+05
7.9476e+05
7.9276e+05
7.9071e+05
7.8863e+05
7.8652e+05
7.8437e+05
7.8218e+05
7.7997e+05
7.7772e+05
7.7544e+05
7.7313e+05
7.7079e+05
7.6842e+05
7.6602e+05
7.6359e+05
7.6114e+05
7.5865e+05
7.5614e+05
7.536e+05
7.5104e+05
7.4845e+05
7.4583e+05
7.4319e+05
7.4053e+05
7.3784e+05
7.3513e+05
7.3239e+05
7.2963e+05
7.2685e+05
7.2404e+05
7.2121e+05
7.1836e+05
7.1549e+05
7.1259e+05
7.0968e+05
7.0674e+05
7.0378e+05
7.008e+05
6.978e+05
6.9477e+05
6.9173e+05
6.8867e+05
6.8558e+05
6.8248e+05
6.7936e+05
6.7621e+05
6.7305e+05
6.6987e+05
6.6667e+05
6.6345e+05
6.6021e+05
6.5695e+05
6.5367e+05
6.5038e+05
6.4706e+05
6.4373e+05
6.4038e+05
6.3702e+05
6.3363e+05
6.3023e+05
6.2681e+05
6.2338e+05
6.1993e+05
6.1646e+05
6.1298e+05
6.0948e+05
6.0596e+05
6.0243e+05
5.9889e+05
5.9533e+05
5.9176e+05
5.8817e+05
5.8457e+05
5.8096e+05
5.7733e+05
5.7369e+05
5.7004e+05
5.6638e+05
5.627e+05
5.5902e+05
5.5532e+05
5.5161e+05
5.479e+05
5.4417e+05
5.4043e+05
5.3669e+05
5.3294e+05
5.2918e+05
5.2541e+05
5.2163e+05
5.1785e+05
5.1406e+05
5.1026e+05
5.0646e+05
5.0266e+05
4.9885e+05
4.9503e+05
4.9122e+05
4.8739e+05
4.8357e+05
4.7974e+05
4.7591e+05
4.7208e+05
4.6825e+05
4.6442e+05
4.6058e+05
4.5675e+05
4.5292e+05
4.4909e+05
4.4526e+05
4.4143e+05
4.376e+05
4.3378e+05
4.2996e+05
4.2614e+05
4.2232e+05
4.1851e+05
4.1471e+05
4.1091e+05
4.0711e+05
4.0332e+05
3.9954e+05
3.9576e+05
3.9199e+05
3.8822e+05
3.8447e+05
3.8072e+05
3.7698e+05
3.7324e+05
3.6952e+05
3.658e+05
3.6209e+05
3.584e+05
3.5471e+05
3.5103e+05
3.4736e+05
3.437e+05
3.4006e+05
3.3642e+05
3.3279e+05
3.2918e+05
3.2558e+05
3.2198e+05
3.1841e+05
3.1484e+05
3.1128e+05
3.0774e+05
3.0421e+05
3.0069e+05
2.9719e+05
2.9369e+05
2.9021e+05
2.8675e+05
2.833e+05
2.7986e+05
2.7643e+05
2.7302e+05
2.6962e+05
2.6623e+05
2.6286e+05
2.595e+05
2.5616e+05
2.5283e+05
2.4951e+05
2.4621e+05
2.4293e+05
2.3965e+05
2.3639e+05
2.3315e+05
2.2992e+05
2.267e+05
2.235e+05
2.2031e+05
2.1714e+05
2.1398e+05
2.1083e+05
2.077e+05
2.0458e+05
2.0148e+05
1.984e+05
1.9532e+05
1.9226e+05
1.8922e+05
1.8619e+05
1.8318e+05
1.8018e+05
1.7719e+05
1.7422e+05
1.7127e+05
1.6832e+05
1.654e+05
1.6249e+05
1.5959e+05
1.5671e+05
1.5384e+05
1.5099e+05
1.4815e+05
1.4533e+05
1.4252e+05
1.3973e+05
1.3695e+05
1.3419e+05
1.3144e+05
1.2871e+05
1.26e+05
1.233e+05
1.2062e+05
1.1795e+05
1.153e+05
1.1266e+05
1.1004e+05
1.0744e+05
1.0485e+05
1.0228e+05
99727
97189
94668
92164
89677
87207
84754
82318
79900
77499
75116
72750
70403
68073
65761
63467
61192
58934
56695
54475
52273
50090
47925
45779
43652
41544
39455
37385
35334
33302
31289
29295
27321
25366
23429
21513
19615
17736
15877
14037
12216
10414
8630.7
6866.8
5121.8
3395.8
1688.5
0
