7.0515e+05
7.1203e+05
7.1868e+05
7.2507e+05
7.3121e+05
7.3708e+05
7.427e+05
7.4805e+05
7.5314e+05
7.5796e+05
7.625e+05
7.6677e+05
7.7076e+05
7.7448e+05
7.7792e+05
7.8108e+05
7.8396e+05
7.8657e+05
7.8889e+05
7.9094e+05
7.9271e+05
7.942e+05
7.9542e+05
7.9636e+05
7.9704e+05
7.9744e+05
7.9757e+05
7.9745e+05
7.9706e+05
7.9641e+05
7.955e+05
7.9435e+05
7.9294e+05
7.9129e+05
7.894e+05
7.8728e+05
7.8492e+05
7.8234e+05
7.7953e+05
7.7651e+05
7.7328e+05
7.6984e+05
7.662e+05
7.6237e+05
7.5835e+05
7.5414e+05
7.4976e+05
7.4521e+05
7.4049e+05
7.3562e+05
7.306e+05
7.2543e+05
7.2013e+05
7.1469e+05
7.0913e+05
7.0345e+05
6.9767e+05
6.9178e+05
6.8579e+05
6.7972e+05
6.7357e+05
6.6734e+05
6.6105e+05
6.5469e+05
6.4828e+05
6.4183e+05
6.3534e+05
6.2882e+05
6.2228e+05
6.1571e+05
6.0914e+05
6.0257e+05
5.96e+05
5.8944e+05
5.829e+05
5.7638e+05
5.699e+05
5.6345e+05
5.5705e+05
5.507e+05
5.444e+05
5.3817e+05
5.3201e+05
5.2592e+05
5.1991e+05
5.1399e+05
5.0815e+05
5.0242e+05
4.9679e+05
4.9126e+05
4.8585e+05
4.8055e+05
4.7537e+05
4.7032e+05
4.654e+05
4.6061e+05
4.5595e+05
4.5144e+05
4.4707e+05
4.4285e+05
4.3878e+05
4.3486e+05
4.311e+05
4.2749e+05
4.2405e+05
4.2077e+05
4.1765e+05
4.1469e+05
4.119e+05
4.0928e+05
4.0683e+05
4.0455e+05
4.0244e+05
4.005e+05
3.9873e+05
3.9713e+05
3.957e+05
3.9444e+05
3.9335e+05
3.9242e+05
3.9167e+05
3.9108e+05
3.9065e+05
3.9039e+05
3.9029e+05
3.9034e+05
3.9056e+05
3.9092e+05
3.9144e+05
3.9211e+05
3.9293e+05
3.9388e+05
3.9498e+05
3.9622e+05
3.9758e+05
3.9908e+05
4.0071e+05
4.0245e+05
4.0432e+05
4.0629e+05
4.0838e+05
4.1057e+05
4.1287e+05
4.1526e+05
4.1774e+05
4.2031e+05
4.2296e+05
4.2569e+05
4.285e+05
4.3137e+05
4.343e+05
4.3729e+05
4.4033e+05
4.4343e+05
4.4656e+05
4.4973e+05
4.5293e+05
4.5616e+05
4.5941e+05
4.6268e+05
4.6595e+05
4.6924e+05
4.7252e+05
4.758e+05
4.7906e+05
4.8232e+05
4.8555e+05
4.8876e+05
4.9194e+05
4.9508e+05
4.9818e+05
5.0124e+05
5.0425e+05
5.072e+05
5.101e+05
5.1293e+05
5.1569e+05
5.1838e+05
5.21e+05
5.2353e+05
5.2598e+05
5.2834e+05
5.3061e+05
5.3278e+05
5.3486e+05
5.3682e+05
5.3869e+05
5.4044e+05
5.4208e+05
5.436e+05
5.45e+05
5.4628e+05
5.4743e+05
5.4846e+05
5.4936e+05
5.5013e+05
5.5076e+05
5.5126e+05
5.5162e+05
5.5184e+05
5.5191e+05
5.5185e+05
5.5164e+05
5.5129e+05
5.5079e+05
5.5015e+05
5.4935e+05
5.4841e+05
5.4733e+05
5.4609e+05
5.447e+05
5.4317e+05
5.4148e+05
5.3965e+05
5.3767e+05
5.3554e+05
5.3327e+05
5.3085e+05
5.2828e+05
5.2557e+05
5.2272e+05
5.1973e+05
5.1659e+05
5.1332e+05
5.0991e+05
5.0637e+05
5.0269e+05
4.9889e+05
4.9495e+05
4.9089e+05
4.867e+05
4.824e+05
4.7797e+05
4.7343e+05
4.6877e+05
4.64e+05
4.5913e+05
4.5415e+05
4.4907e+05
4.4389e+05
4.3862e+05
4.3325e+05
4.278e+05
4.2226e+05
4.1665e+05
4.1095e+05
4.0519e+05
3.9935e+05
3.9345e+05
3.8748e+05
3.8146e+05
3.7539e+05
3.6926e+05
3.631e+05
3.5689e+05
3.5064e+05
3.4436e+05
3.3805e+05
3.3172e+05
3.2537e+05
3.1901e+05
3.1263e+05
3.0625e+05
2.9986e+05
2.9348e+05
2.8711e+05
2.8074e+05
2.7439e+05
2.6807e+05
2.6176e+05
2.5549e+05
2.4925e+05
2.4305e+05
2.3689e+05
2.3078e+05
2.2472e+05
2.1871e+05
2.1276e+05
2.0688e+05
2.0107e+05
1.9533e+05
1.8966e+05
1.8408e+05
1.7858e+05
1.7317e+05
1.6785e+05
1.6263e+05
1.5751e+05
1.525e+05
1.4759e+05
1.4279e+05
1.3811e+05
1.3355e+05
1.2911e+05
1.248e+05
1.2061e+05
1.1656e+05
1.1265e+05
1.0887e+05
1.0523e+05
1.0174e+05
98399
95206
92165
89280
86554
83987
81584
79345
77273
75370
73638
72079
70695
69486
68455
67603
66931
66440
66132
66008
66068
66312
66743
67360
68163
69154
70331
71697
73249
74989
76915
79029
81328
83813
86484
89338
92376
95597
98999
1.0258e+05
1.0634e+05
1.1028e+05
1.144e+05
1.1869e+05
1.2315e+05
1.2778e+05
1.3259e+05
1.3756e+05
1.4269e+05
1.4799e+05
1.5345e+05
1.5907e+05
1.6485e+05
1.7078e+05
1.7686e+05
1.8309e+05
1.8947e+05
1.9598e+05
2.0264e+05
2.0944e+05
2.1637e+05
2.2344e+05
2.3063e+05
2.3794e+05
2.4538e+05
2.5294e+05
2.6061e+05
2.6839e+05
2.7629e+05
2.8428e+05
2.9238e+05
3.0058e+05
3.0887e+05
3.1724e+05
3.2571e+05
3.3426e+05
3.4288e+05
3.5159e+05
3.6036e+05
3.692e+05
3.781e+05
3.8706e+05
3.9608e+05
4.0515e+05
4.1426e+05
4.2342e+05
4.3261e+05
4.4185e+05
4.5111e+05
4.604e+05
4.6971e+05
4.7904e+05
4.8838e+05
4.9773e+05
5.071e+05
5.1646e+05
5.2582e+05
5.3517e+05
5.4452e+05
5.5385e+05
5.6316e+05
5.7246e+05
5.8172e+05
5.9096e+05
6.0016e+05
6.0932e+05
6.1845e+05
6.2753e+05
6.3656e+05
6.4553e+05
6.5445e+05
6.6332e+05
6.7211e+05
6.8084e+05
6.895e+05
6.9809e+05
7.066e+05
7.1503e+05
7.2337e+05
7.3163e+05
7.3979e+05
7.4787e+05
7.5584e+05
7.6372e+05
7.7149e+05
7.7916e+05
7.8672e+05
7.9417e+05
8.015e+05
8.0872e+05
8.1582e+05
8.2279e+05
8.2965e+05
8.3637e+05
8.4297e+05
8.4943e+05
8.5577e+05
8.6196e+05
8.6802e+05
8.7394e+05
8.7972e+05
8.8536e+05
8.9085e+05
8.962e+05
9.0139e+05
9.0644e+05
9.1134e+05
9.1608e+05
9.2067e+05
9.2511e+05
9.2939e+05
9.3351e+05
9.3747e+05
9.4128e+05
9.4492e+05
9.4841e+05
9.5173e+05
9.5489e+05
9.5789e+05
9.6072e+05
9.6339e+05
9.659e+05
9.6824e+05
9.7042e+05
9.7243e+05
9.7428e+05
9.7596e+05
9.7748e+05
9.7884e+05
9.8002e+05
9.8105e+05
9.8191e+05
9.8261e+05
9.8315e+05
9.8352e+05
9.8373e+05
9.8378e+05
9.8366e+05
9.8339e+05
9.8296e+05
9.8237e+05
9.8163e+05
9.8072e+05
9.7966e+05
9.7845e+05
9.7708e+05
9.7557e+05
9.739e+05
9.7208e+05
9.7011e+05
9.6799e+05
9.6573e+05
9.6333e+05
9.6078e+05
9.5809e+05
9.5527e+05
9.523e+05
9.492e+05
9.4596e+05
9.426e+05
9.391e+05
9.3547e+05
9.3171e+05
9.2783e+05
9.2382e+05
9.1969e+05
9.1545e+05
9.1108e+05
9.066e+05
9.0201e+05
8.973e+05
8.9249e+05
8.8757e+05
8.8254e+05
8.7741e+05
8.7218e+05
8.6685e+05
8.6142e+05
8.559e+05
8.5029e+05
8.4459e+05
8.388e+05
8.3292e+05
8.2697e+05
8.2093e+05
8.1481e+05
8.0862e+05
8.0236e+05
7.9602e+05
7.8962e+05
7.8315e+05
7.7662e+05
7.7002e+05
7.6337e+05
7.5666e+05
7.4989e+05
7.4308e+05
7.3621e+05
7.293e+05
7.2234e+05
7.1534e+05
7.0829e+05
7.0122e+05
6.941e+05
6.8695e+05
6.7978e+05
6.7257e+05
6.6534e+05
6.5808e+05
6.5081e+05
6.4351e+05
6.362e+05
6.2887e+05
6.2153e+05
6.1418e+05
6.0682e+05
5.9945e+05
5.9208e+05
5.8471e+05
5.7734e+05
5.6998e+05
5.6261e+05
5.5526e+05
5.4791e+05
5.4057e+05
5.3325e+05
5.2594e+05
5.1865e+05
5.1137e+05
5.0412e+05
4.9689e+05
4.8968e+05
4.825e+05
4.7534e+05
4.6822e+05
4.6112e+05
4.5406e+05
4.4703e+05
4.4003e+05
4.3308e+05
4.2616e+05
4.1928e+05
4.1245e+05
4.0565e+05
3.989e+05
3.922e+05
3.8554e+05
3.7893e+05
3.7237e+05
3.6587e+05
3.5941e+05
3.53e+05
3.4665e+05
3.4036e+05
3.3412e+05
3.2793e+05
3.2181e+05
3.1574e+05
3.0974e+05
3.0379e+05
2.979e+05
2.9208e+05
2.8632e+05
2.8062e+05
2.7498e+05
2.6941e+05
2.639e+05
2.5846e+05
2.5309e+05
2.4778e+05
2.4253e+05
2.3736e+05
2.3225e+05
2.2721e+05
2.2224e+05
2.1733e+05
2.1249e+05
2.0773e+05
2.0302e+05
1.9839e+05
1.9383e+05
1.8934e+05
1.8491e+05
1.8055e+05
1.7626e+05
1.7204e+05
1.6789e+05
1.638e+05
1.5979e+05
1.5584e+05
1.5196e+05
1.4814e+05
1.444e+05
1.4071e+05
1.371e+05
1.3355e+05
1.3007e+05
1.2665e+05
1.2329e+05
1.2e+05
1.1678e+05
1.1362e+05
1.1051e+05
1.0748e+05
1.045e+05
1.0158e+05
98729
95934
93197
90520
87900
85338
82832
80383
77988
75649
73363
71130
68950
66822
64744
62717
60740
58811
56930
55096
53309
51568
49872
48220
46611
45045
43521
42038
40595
39192
37828
36501
35212
33960
32743
31561
30413
29299
28218
27168
26150
25163
24205
23276
22376
21503
20657
19838
19044
18275
17530
16809
16111
15435
14780
14147
13534
12940
12366
11810
11273
10752
10249
9761.1
9289.3
8832.6
8390.4
7962.3
7547.6
7146
6756.8
6379.6
6013.9
5659.2
5315
4980.9
4656.5
4341.2
4034.7
3736.5
3446.2
3163.4
2887.7
2618.7
2356.1
2099.4
1848.3
1602.4
1361.4
1125
892.81
664.52
439.82
218.41
0
