3.0562e+05
3.0906e+05
3.1249e+05
3.1591e+05
3.1931e+05
3.227e+05
3.2608e+05
3.2943e+05
3.3277e+05
3.3608e+05
3.3937e+05
3.4264e+05
3.4588e+05
3.4909e+05
3.5227e+05
3.5542e+05
3.5854e+05
3.6163e+05
3.6468e+05
3.6769e+05
3.7067e+05
3.7361e+05
3.765e+05
3.7936e+05
3.8217e+05
3.8494e+05
3.8766e+05
3.9034e+05
3.9297e+05
3.9555e+05
3.9809e+05
4.0057e+05
4.03e+05
4.0538e+05
4.077e+05
4.0997e+05
4.1219e+05
4.1435e+05
4.1645e+05
4.185e+05
4.2049e+05
4.2242e+05
4.2429e+05
4.261e+05
4.2785e+05
4.2954e+05
4.3116e+05
4.3273e+05
4.3423e+05
4.3566e+05
4.3704e+05
4.3835e+05
4.3959e+05
4.4077e+05
4.4189e+05
4.4294e+05
4.4392e+05
4.4484e+05
4.4569e+05
4.4647e+05
4.4719e+05
4.4784e+05
4.4842e+05
4.4894e+05
4.4939e+05
4.4978e+05
4.5009e+05
4.5034e+05
4.5053e+05
4.5064e+05
4.5069e+05
4.5068e+05
4.506e+05
4.5045e+05
4.5024e+05
4.4996e+05
4.4961e+05
4.4921e+05
4.4874e+05
4.482e+05
4.476e+05
4.4694e+05
4.4622e+05
4.4544e+05
4.4459e+05
4.4368e+05
4.4272e+05
4.4169e+05
4.4061e+05
4.3947e+05
4.3827e+05
4.3702e+05
4.3571e+05
4.3435e+05
4.3293e+05
4.3146e+05
4.2994e+05
4.2836e+05
4.2674e+05
4.2507e+05
4.2335e+05
4.2158e+05
4.1977e+05
4.1791e+05
4.1601e+05
4.1407e+05
4.1209e+05
4.1006e+05
4.08e+05
4.059e+05
4.0377e+05
4.0159e+05
3.9939e+05
3.9715e+05
3.9488e+05
3.9258e+05
3.9026e+05
3.879e+05
3.8552e+05
3.8312e+05
3.8069e+05
3.7824e+05
3.7578e+05
3.7329e+05
3.7078e+05
3.6826e+05
3.6573e+05
3.6318e+05
3.6062e+05
3.5806e+05
3.5548e+05
3.529e+05
3.5031e+05
3.4771e+05
3.4512e+05
3.4252e+05
3.3993e+05
3.3733e+05
3.3474e+05
3.3215e+05
3.2957e+05
3.27e+05
3.2444e+05
3.2188e+05
3.1934e+05
3.1681e+05
3.1429e+05
3.1179e+05
3.0931e+05
3.0684e+05
3.044e+05
3.0197e+05
2.9957e+05
2.9719e+05
2.9483e+05
2.925e+05
2.9019e+05
2.8791e+05
2.8566e+05
2.8343e+05
2.8124e+05
2.7908e+05
2.7695e+05
2.7485e+05
2.7279e+05
2.7075e+05
2.6876e+05
2.668e+05
2.6487e+05
2.6298e+05
2.6113e+05
2.5932e+05
2.5754e+05
2.558e+05
2.541e+05
2.5244e+05
2.5082e+05
2.4924e+05
2.4769e+05
2.4619e+05
2.4472e+05
2.433e+05
2.4191e+05
2.4057e+05
2.3926e+05
2.3799e+05
2.3677e+05
2.3558e+05
2.3442e+05
2.3331e+05
2.3223e+05
2.3119e+05
2.3019e+05
2.2922e+05
2.2829e+05
2.2739e+05
2.2652e+05
2.2569e+05
2.2489e+05
2.2412e+05
2.2338e+05
2.2268e+05
2.2199e+05
2.2134e+05
2.2071e+05
2.2011e+05
2.1953e+05
2.1898e+05
2.1845e+05
2.1793e+05
2.1744e+05
2.1697e+05
2.1651e+05
2.1606e+05
2.1564e+05
2.1522e+05
2.1481e+05
2.1442e+05
2.1403e+05
2.1365e+05
2.1327e+05
2.129e+05
2.1253e+05
2.1216e+05
2.1179e+05
2.1142e+05
2.1105e+05
2.1067e+05
2.1028e+05
2.0988e+05
2.0948e+05
2.0906e+05
2.0863e+05
2.0818e+05
2.0772e+05
2.0724e+05
2.0675e+05
2.0623e+05
2.0569e+05
2.0513e+05
2.0454e+05
2.0393e+05
2.0329e+05
2.0263e+05
2.0193e+05
2.012e+05
2.0044e+05
1.9965e+05
1.9882e+05
1.9796e+05
1.9706e+05
1.9613e+05
1.9516e+05
1.9414e+05
1.9309e+05
1.92e+05
1.9087e+05
1.8969e+05
1.8847e+05
1.8721e+05
1.8591e+05
1.8456e+05
1.8317e+05
1.8173e+05
1.8025e+05
1.7873e+05
1.7716e+05
1.7554e+05
1.7389e+05
1.7218e+05
1.7043e+05
1.6864e+05
1.668e+05
1.6493e+05
1.63e+05
1.6104e+05
1.5903e+05
1.5699e+05
1.549e+05
1.5277e+05
1.5061e+05
1.4841e+05
1.4617e+05
1.439e+05
1.4159e+05
1.3925e+05
1.3688e+05
1.3448e+05
1.3205e+05
1.296e+05
1.2712e+05
1.2462e+05
1.221e+05
1.1955e+05
1.1699e+05
1.1442e+05
1.1183e+05
1.0923e+05
1.0662e+05
1.0401e+05
1.0139e+05
98766
96144
93526
90912
88307
85713
83131
80566
78020
75495
72994
70520
68077
65667
63293
60958
58665
56417
54217
52068
49973
47936
45959
44045
42198
40421
38716
37087
35537
34069
32685
31390
30185
29074
28060
27146
26334
25628
25029
24542
24169
23911
23773
23756
23863
24096
24458
24952
25578
26340
27240
28280
29461
30785
32255
33872
35637
37553
39621
41841
44216
46746
49432
52277
55279
58441
61763
65245
68888
72693
76659
80786
85076
89527
94139
98913
1.0385e+05
1.0894e+05
1.142e+05
1.1961e+05
1.2518e+05
1.3091e+05
1.368e+05
1.4283e+05
1.4903e+05
1.5537e+05
1.6187e+05
1.6851e+05
1.753e+05
1.8224e+05
1.8932e+05
1.9654e+05
2.039e+05
2.114e+05
2.1903e+05
2.2679e+05
2.3469e+05
2.4271e+05
2.5085e+05
2.5911e+05
2.6749e+05
2.7599e+05
2.8459e+05
2.9331e+05
3.0213e+05
3.1105e+05
3.2007e+05
3.2918e+05
3.3838e+05
3.4767e+05
3.5704e+05
3.6649e+05
3.7602e+05
3.8561e+05
3.9527e+05
4.0499e+05
4.1477e+05
4.2461e+05
4.3449e+05
4.4442e+05
4.5438e+05
4.6439e+05
4.7442e+05
4.8448e+05
4.9456e+05
5.0465e+05
5.1476e+05
5.2488e+05
5.35e+05
5.4511e+05
5.5522e+05
5.6531e+05
5.7539e+05
5.8545e+05
5.9547e+05
6.0547e+05
6.1543e+05
6.2535e+05
6.3522e+05
6.4504e+05
6.548e+05
6.645e+05
6.7413e+05
6.837e+05
6.9319e+05
7.0259e+05
7.1192e+05
7.2115e+05
7.3028e+05
7.3932e+05
7.4826e+05
7.5708e+05
7.6579e+05
7.7439e+05
7.8286e+05
7.9121e+05
7.9943e+05
8.0751e+05
8.1546e+05
8.2326e+05
8.3092e+05
8.3842e+05
8.4578e+05
8.5297e+05
8.6e+05
8.6687e+05
8.7357e+05
8.801e+05
8.8645e+05
8.9263e+05
8.9862e+05
9.0443e+05
9.1005e+05
9.1549e+05
9.2073e+05
9.2577e+05
9.3062e+05
9.3527e+05
9.3971e+05
9.4395e+05
9.4799e+05
9.5182e+05
9.5543e+05
9.5884e+05
9.6203e+05
9.6501e+05
9.6777e+05
9.7032e+05
9.7265e+05
9.7475e+05
9.7664e+05
9.7831e+05
9.7976e+05
9.8098e+05
9.8199e+05
9.8277e+05
9.8333e+05
9.8366e+05
9.8378e+05
9.8367e+05
9.8334e+05
9.8279e+05
9.8202e+05
9.8103e+05
9.7982e+05
9.784e+05
9.7675e+05
9.7489e+05
9.7282e+05
9.7053e+05
9.6804e+05
9.6533e+05
9.6242e+05
9.593e+05
9.5597e+05
9.5244e+05
9.4872e+05
9.4479e+05
9.4067e+05
9.3636e+05
9.3186e+05
9.2717e+05
9.2229e+05
9.1723e+05
9.1199e+05
9.0658e+05
9.0099e+05
8.9524e+05
8.8931e+05
8.8322e+05
8.7698e+05
8.7057e+05
8.6401e+05
8.5731e+05
8.5045e+05
8.4345e+05
8.3632e+05
8.2905e+05
8.2164e+05
8.1411e+05
8.0646e+05
7.9869e+05
7.908e+05
7.828e+05
7.7469e+05
7.6648e+05
7.5817e+05
7.4976e+05
7.4127e+05
7.3268e+05
7.2402e+05
7.1527e+05
7.0646e+05
6.9757e+05
6.8861e+05
6.796e+05
6.7053e+05
6.614e+05
6.5223e+05
6.4301e+05
6.3375e+05
6.2445e+05
6.1513e+05
6.0577e+05
5.964e+05
5.87e+05
5.7759e+05
5.6816e+05
5.5873e+05
5.493e+05
5.3986e+05
5.3044e+05
5.2102e+05
5.1161e+05
5.0222e+05
4.9285e+05
4.835e+05
4.7418e+05
4.6489e+05
4.5564e+05
4.4642e+05
4.3725e+05
4.2812e+05
4.1904e+05
4.1001e+05
4.0103e+05
3.9211e+05
3.8326e+05
3.7447e+05
3.6574e+05
3.5709e+05
3.485e+05
3.4e+05
3.3157e+05
3.2322e+05
3.1495e+05
3.0677e+05
2.9868e+05
2.9067e+05
2.8276e+05
2.7494e+05
2.6722e+05
2.596e+05
2.5208e+05
2.4466e+05
2.3734e+05
2.3012e+05
2.2302e+05
2.1602e+05
2.0913e+05
2.0235e+05
1.9569e+05
1.8913e+05
1.827e+05
1.7637e+05
1.7016e+05
1.6407e+05
1.581e+05
1.5224e+05
1.465e+05
1.4088e+05
1.3538e+05
1.3e+05
1.2474e+05
1.196e+05
1.1458e+05
1.0968e+05
1.049e+05
1.0024e+05
95700
91279
86977
82794
78729
74782
70952
67238
63640
60156
56787
53530
50386
47353
44429
41615
38908
36308
33812
31421
29132
26944
24856
22866
20972
19174
17469
15855
14332
12897
11550
10287
9107.1
8009
6990.5
6049.8
5185.2
4394.6
3676.4
3028.5
2449
1936.2
1488
1102.6
778.02
512.33
303.61
149.94
49.394
0.05347
0
47.323
140.12
276.49
454.56
672.44
928.28
1220.2
1546.5
1905.2
2294.5
2712.8
3158.1
3628.9
4123.3
4639.7
5176.4
5731.7
6304.1
6891.9
7493.5
8107.5
8732.3
9366.4
10008
10657
11310
11968
12627
13288
13948
14607
15264
15917
16565
17206
17841
18468
19086
19694
20291
20876
21448
22008
22553
23083
23597
24096
24577
25041
25487
25915
26323
26712
27081
27430
27758
28066
28352
28616
28860
29081
