1.5817e+05
1.6066e+05
1.6319e+05
1.6575e+05
1.6833e+05
1.7095e+05
1.736e+05
1.7627e+05
1.7896e+05
1.8168e+05
1.8442e+05
1.8717e+05
1.8994e+05
1.9272e+05
1.9552e+05
1.9832e+05
2.0113e+05
2.0395e+05
2.0677e+05
2.0959e+05
2.1241e+05
2.1523e+05
2.1805e+05
2.2085e+05
2.2365e+05
2.2644e+05
2.2922e+05
2.3198e+05
2.3472e+05
2.3745e+05
2.4015e+05
2.4284e+05
2.455e+05
2.4813e+05
2.5074e+05
2.5332e+05
2.5586e+05
2.5838e+05
2.6086e+05
2.6331e+05
2.6572e+05
2.6809e+05
2.7042e+05
2.7272e+05
2.7497e+05
2.7717e+05
2.7934e+05
2.8146e+05
2.8353e+05
2.8555e+05
2.8753e+05
2.8946e+05
2.9134e+05
2.9317e+05
2.9495e+05
2.9668e+05
2.9836e+05
2.9998e+05
3.0156e+05
3.0308e+05
3.0455e+05
3.0596e+05
3.0733e+05
3.0864e+05
3.0989e+05
3.111e+05
3.1225e+05
3.1335e+05
3.144e+05
3.1539e+05
3.1634e+05
3.1724e+05
3.1808e+05
3.1888e+05
3.1962e+05
3.2032e+05
3.2097e+05
3.2158e+05
3.2214e+05
3.2265e+05
3.2312e+05
3.2355e+05
3.2394e+05
3.2428e+05
3.2459e+05
3.2485e+05
3.2508e+05
3.2527e+05
3.2543e+05
3.2555e+05
3.2564e+05
3.257e+05
3.2573e+05
3.2572e+05
3.2569e+05
3.2563e+05
3.2555e+05
3.2544e+05
3.2531e+05
3.2516e+05
3.2498e+05
3.2479e+05
3.2457e+05
3.2434e+05
3.241e+05
3.2383e+05
3.2356e+05
3.2327e+05
3.2296e+05
3.2265e+05
3.2233e+05
3.2199e+05
3.2165e+05
3.213e+05
3.2095e+05
3.2058e+05
3.2022e+05
3.1985e+05
3.1947e+05
3.1909e+05
3.1871e+05
3.1832e+05
3.1793e+05
3.1754e+05
3.1715e+05
3.1676e+05
3.1636e+05
3.1597e+05
3.1557e+05
3.1518e+05
3.1478e+05
3.1438e+05
3.1398e+05
3.1358e+05
3.1317e+05
3.1277e+05
3.1236e+05
3.1195e+05
3.1154e+05
3.1112e+05
3.107e+05
3.1028e+05
3.0985e+05
3.0941e+05
3.0897e+05
3.0852e+05
3.0806e+05
3.0759e+05
3.0712e+05
3.0663e+05
3.0613e+05
3.0562e+05
3.0509e+05
3.0455e+05
3.04e+05
3.0343e+05
3.0284e+05
3.0224e+05
3.0161e+05
3.0096e+05
3.003e+05
2.9961e+05
2.9889e+05
2.9816e+05
2.9739e+05
2.9661e+05
2.9579e+05
2.9495e+05
2.9407e+05
2.9317e+05
2.9223e+05
2.9127e+05
2.9027e+05
2.8924e+05
2.8817e+05
2.8707e+05
2.8594e+05
2.8477e+05
2.8356e+05
2.8232e+05
2.8103e+05
2.7972e+05
2.7836e+05
2.7696e+05
2.7553e+05
2.7406e+05
2.7254e+05
2.7099e+05
2.694e+05
2.6777e+05
2.6611e+05
2.644e+05
2.6266e+05
2.6088e+05
2.5906e+05
2.572e+05
2.5531e+05
2.5338e+05
2.5142e+05
2.4942e+05
2.4739e+05
2.4532e+05
2.4323e+05
2.411e+05
2.3895e+05
2.3676e+05
2.3455e+05
2.3231e+05
2.3004e+05
2.2775e+05
2.2544e+05
2.2311e+05
2.2076e+05
2.1839e+05
2.16e+05
2.136e+05
2.1118e+05
2.0876e+05
2.0632e+05
2.0387e+05
2.0142e+05
1.9896e+05
1.965e+05
1.9403e+05
1.9157e+05
1.8911e+05
1.8665e+05
1.842e+05
1.8175e+05
1.7931e+05
1.7689e+05
1.7447e+05
1.7207e+05
1.6969e+05
1.6732e+05
1.6497e+05
1.6264e+05
1.6033e+05
1.5805e+05
1.5579e+05
1.5356e+05
1.5136e+05
1.4918e+05
1.4704e+05
1.4492e+05
1.4284e+05
1.4079e+05
1.3878e+05
1.368e+05
1.3486e+05
1.3296e+05
1.3109e+05
1.2927e+05
1.2748e+05
1.2573e+05
1.2403e+05
1.2236e+05
1.2074e+05
1.1915e+05
1.1761e+05
1.1611e+05
1.1465e+05
1.1323e+05
1.1185e+05
1.1051e+05
1.0921e+05
1.0795e+05
1.0674e+05
1.0555e+05
1.0441e+05
1.033e+05
1.0223e+05
1.012e+05
1.002e+05
99229
98292
97386
96510
95661
94838
94041
93268
92516
91785
91072
90377
89696
89030
88375
87730
87094
86464
85838
85215
84594
83971
83345
82715
82079
81434
80780
80115
79436
78742
78032
77305
76558
75790
75001
74188
73351
72489
71600
70683
69739
68765
67762
66729
65666
64571
63446
62289
61101
59883
58633
57354
56045
54707
53340
51947
50527
49082
47613
46122
44611
43080
41533
39970
38395
36809
35215
33615
32012
30408
28808
27213
25626
24052
22494
20954
19437
17946
16485
15058
13669
12321
11020
9768.6
8571.9
7434
6359.3
5352.2
4417.2
3558.8
2781.6
2090.1
1489
982.83
576.24
273.83
80.223
0
37.738
197.98
485.23
903.97
1458.6
2153.5
2992.9
3981.1
5122.2
6420.3
7879.4
9503.2
11296
13260
15401
17720
20222
22910
25786
28854
32115
35574
39231
43089
47150
51417
55890
60570
65460
70561
75872
81395
87130
93077
99237
1.0561e+05
1.1219e+05
1.1898e+05
1.2599e+05
1.332e+05
1.4062e+05
1.4824e+05
1.5607e+05
1.641e+05
1.7233e+05
1.8076e+05
1.8938e+05
1.9819e+05
2.0719e+05
2.1638e+05
2.2574e+05
2.3528e+05
2.45e+05
2.5488e+05
2.6492e+05
2.7513e+05
2.8549e+05
2.9599e+05
3.0664e+05
3.1743e+05
3.2835e+05
3.394e+05
3.5056e+05
3.6184e+05
3.7323e+05
3.8471e+05
3.9629e+05
4.0795e+05
4.197e+05
4.3152e+05
4.434e+05
4.5533e+05
4.6732e+05
4.7935e+05
4.9141e+05
5.035e+05
5.1561e+05
5.2772e+05
5.3984e+05
5.5195e+05
5.6405e+05
5.7612e+05
5.8816e+05
6.0016e+05
6.1212e+05
6.2401e+05
6.3584e+05
6.476e+05
6.5927e+05
6.7086e+05
6.8234e+05
6.9372e+05
7.0498e+05
7.1612e+05
7.2713e+05
7.3799e+05
7.4871e+05
7.5928e+05
7.6968e+05
7.7991e+05
7.8996e+05
7.9982e+05
8.095e+05
8.1897e+05
8.2823e+05
8.3728e+05
8.4611e+05
8.5472e+05
8.6309e+05
8.7122e+05
8.791e+05
8.8673e+05
8.9411e+05
9.0122e+05
9.0807e+05
9.1465e+05
9.2094e+05
9.2696e+05
9.3269e+05
9.3814e+05
9.4329e+05
9.4814e+05
9.5269e+05
9.5694e+05
9.6089e+05
9.6453e+05
9.6786e+05
9.7087e+05
9.7357e+05
9.7596e+05
9.7803e+05
9.7978e+05
9.8122e+05
9.8234e+05
9.8313e+05
9.8361e+05
9.8378e+05
9.8362e+05
9.8315e+05
9.8236e+05
9.8126e+05
9.7985e+05
9.7813e+05
9.761e+05
9.7377e+05
9.7113e+05
9.6819e+05
9.6496e+05
9.6143e+05
9.5761e+05
9.535e+05
9.4912e+05
9.4445e+05
9.3952e+05
9.3431e+05
9.2884e+05
9.2311e+05
9.1713e+05
9.109e+05
9.0442e+05
8.9771e+05
8.9077e+05
8.836e+05
8.7621e+05
8.6861e+05
8.6081e+05
8.528e+05
8.446e+05
8.3621e+05
8.2764e+05
8.189e+05
8.1e+05
8.0093e+05
7.9172e+05
7.8235e+05
7.7286e+05
7.6323e+05
7.5348e+05
7.4361e+05
7.3364e+05
7.2356e+05
7.134e+05
7.0314e+05
6.9281e+05
6.8241e+05
6.7194e+05
6.6142e+05
6.5085e+05
6.4024e+05
6.2959e+05
6.1892e+05
6.0823e+05
5.9752e+05
5.8681e+05
5.761e+05
5.6539e+05
5.547e+05
5.4403e+05
5.3339e+05
5.2278e+05
5.1221e+05
5.0169e+05
4.9122e+05
4.8081e+05
4.7046e+05
4.6018e+05
4.4998e+05
4.3985e+05
4.2981e+05
4.1987e+05
4.1001e+05
4.0026e+05
3.9061e+05
3.8107e+05
3.7164e+05
3.6233e+05
3.5314e+05
3.4407e+05
3.3514e+05
3.2633e+05
3.1766e+05
3.0912e+05
3.0073e+05
2.9248e+05
2.8438e+05
2.7642e+05
2.6861e+05
2.6096e+05
2.5346e+05
2.4611e+05
2.3893e+05
2.319e+05
2.2502e+05
2.1831e+05
2.1176e+05
2.0537e+05
1.9915e+05
1.9308e+05
1.8718e+05
1.8144e+05
1.7586e+05
1.7044e+05
1.6519e+05
1.6009e+05
1.5516e+05
1.5038e+05
1.4576e+05
1.413e+05
1.3699e+05
1.3284e+05
1.2884e+05
1.2499e+05
1.2129e+05
1.1774e+05
1.1433e+05
1.1106e+05
1.0794e+05
1.0495e+05
1.021e+05
99384
96799
94343
92013
89807
87721
85754
83901
82161
80529
79005
77583
76261
75037
73907
72867
71916
71049
70263
69557
68925
68366
67876
67451
67090
66789
66545
66354
66214
66123
66076
66072
66107
66179
66284
66421
66587
66778
66993
67229
67483
67754
68039
68335
68641
68955
69274
69596
69920
70244
70566
70884
71197
71503
71800
72088
72365
72629
72880
73116
73336
73540
73726
73893
74041
74169
74276
74362
74425
74467
74486
74481
74453
74402
74326
74227
74104
73956
73784
73588
73369
73125
72858
72568
72254
71918
71559
71179
70777
70353
69910
69445
68962
68459
67938
67399
66842
66269
65680
65076
64457
63824
63178
62519
61849
61167
60475
59774
59063
58345
57618
