5.7939e+05
5.8327e+05
5.8721e+05
5.9121e+05
5.9528e+05
5.9943e+05
6.0366e+05
6.0797e+05
6.1237e+05
6.1687e+05
6.2147e+05
6.2618e+05
6.3098e+05
6.359e+05
6.4092e+05
6.4606e+05
6.513e+05
6.5665e+05
6.6211e+05
6.6768e+05
6.7335e+05
6.7912e+05
6.8498e+05
6.9095e+05
6.97e+05
7.0313e+05
7.0934e+05
7.1563e+05
7.2199e+05
7.284e+05
7.3488e+05
7.4139e+05
7.4795e+05
7.5454e+05
7.6116e+05
7.678e+05
7.7444e+05
7.8109e+05
7.8772e+05
7.9435e+05
8.0095e+05
8.0752e+05
8.1405e+05
8.2054e+05
8.2697e+05
8.3334e+05
8.3964e+05
8.4586e+05
8.52e+05
8.5804e+05
8.6399e+05
8.6984e+05
8.7557e+05
8.8119e+05
8.8668e+05
8.9205e+05
8.9729e+05
9.0239e+05
9.0735e+05
9.1217e+05
9.1684e+05
9.2135e+05
9.2572e+05
9.2992e+05
9.3397e+05
9.3786e+05
9.4159e+05
9.4515e+05
9.4855e+05
9.5179e+05
9.5486e+05
9.5776e+05
9.6051e+05
9.6309e+05
9.655e+05
9.6776e+05
9.6986e+05
9.718e+05
9.7358e+05
9.7522e+05
9.7669e+05
9.7803e+05
9.7921e+05
9.8025e+05
9.8115e+05
9.8191e+05
9.8254e+05
9.8304e+05
9.8341e+05
9.8365e+05
9.8377e+05
9.8378e+05
9.8367e+05
9.8344e+05
9.8312e+05
9.8268e+05
9.8215e+05
9.8151e+05
9.8079e+05
9.7997e+05
9.7906e+05
9.7807e+05
9.7699e+05
9.7584e+05
9.7461e+05
9.733e+05
9.7193e+05
9.7048e+05
9.6897e+05
9.6739e+05
9.6575e+05
9.6406e+05
9.623e+05
9.6049e+05
9.5862e+05
9.567e+05
9.5473e+05
9.527e+05
9.5063e+05
9.4851e+05
9.4634e+05
9.4413e+05
9.4187e+05
9.3956e+05
9.3722e+05
9.3482e+05
9.3239e+05
9.2991e+05
9.2739e+05
9.2483e+05
9.2222e+05
9.1958e+05
9.1689e+05
9.1416e+05
9.1139e+05
9.0857e+05
9.0571e+05
9.0282e+05
8.9988e+05
8.9689e+05
8.9387e+05
8.908e+05
8.8769e+05
8.8454e+05
8.8134e+05
8.781e+05
8.7482e+05
8.715e+05
8.6813e+05
8.6472e+05
8.6126e+05
8.5777e+05
8.5423e+05
8.5065e+05
8.4703e+05
8.4336e+05
8.3966e+05
8.3591e+05
8.3213e+05
8.283e+05
8.2443e+05
8.2053e+05
8.1659e+05
8.1261e+05
8.086e+05
8.0455e+05
8.0047e+05
7.9636e+05
7.9221e+05
7.8803e+05
7.8383e+05
7.7959e+05
7.7534e+05
7.7105e+05
7.6674e+05
7.6241e+05
7.5806e+05
7.5369e+05
7.4931e+05
7.4491e+05
7.405e+05
7.3607e+05
7.3163e+05
7.2719e+05
7.2274e+05
7.1829e+05
7.1383e+05
7.0938e+05
7.0493e+05
7.0048e+05
6.9603e+05
6.916e+05
6.8717e+05
6.8276e+05
6.7836e+05
6.7398e+05
6.6961e+05
6.6527e+05
6.6095e+05
6.5665e+05
6.5238e+05
6.4813e+05
6.4392e+05
6.3973e+05
6.3558e+05
6.3147e+05
6.2739e+05
6.2336e+05
6.1936e+05
6.154e+05
6.1149e+05
6.0763e+05
6.0381e+05
6.0004e+05
5.9632e+05
5.9266e+05
5.8904e+05
5.8548e+05
5.8198e+05
5.7853e+05
5.7514e+05
5.7181e+05
5.6854e+05
5.6533e+05
5.6218e+05
5.591e+05
5.5608e+05
5.5312e+05
5.5023e+05
5.4741e+05
5.4465e+05
5.4197e+05
5.3935e+05
5.3679e+05
5.3431e+05
5.319e+05
5.2955e+05
5.2728e+05
5.2508e+05
5.2295e+05
5.2088e+05
5.1889e+05
5.1698e+05
5.1513e+05
5.1335e+05
5.1164e+05
5.1001e+05
5.0845e+05
5.0695e+05
5.0553e+05
5.0418e+05
5.029e+05
5.0169e+05
5.0055e+05
4.9947e+05
4.9847e+05
4.9753e+05
4.9666e+05
4.9586e+05
4.9513e+05
4.9446e+05
4.9386e+05
4.9332e+05
4.9285e+05
4.9244e+05
4.921e+05
4.9182e+05
4.9159e+05
4.9143e+05
4.9133e+05
4.9129e+05
4.9131e+05
4.9138e+05
4.9152e+05
4.9171e+05
4.9195e+05
4.9225e+05
4.926e+05
4.93e+05
4.9345e+05
4.9396e+05
4.9451e+05
4.9512e+05
4.9577e+05
4.9646e+05
4.9721e+05
4.98e+05
4.9883e+05
4.997e+05
5.0062e+05
5.0157e+05
5.0257e+05
5.0361e+05
5.0468e+05
5.0579e+05
5.0694e+05
5.0813e+05
5.0934e+05
5.106e+05
5.1188e+05
5.132e+05
5.1454e+05
5.1592e+05
5.1733e+05
5.1877e+05
5.2023e+05
5.2173e+05
5.2325e+05
5.248e+05
5.2637e+05
5.2797e+05
5.2959e+05
5.3124e+05
5.3292e+05
5.3461e+05
5.3633e+05
5.3808e+05
5.3985e+05
5.4164e+05
5.4345e+05
5.4528e+05
5.4714e+05
5.4902e+05
5.5092e+05
5.5285e+05
5.548e+05
5.5677e+05
5.5876e+05
5.6078e+05
5.6282e+05
5.6488e+05
5.6697e+05
5.6908e+05
5.7121e+05
5.7337e+05
5.7555e+05
5.7776e+05
5.7999e+05
5.8225e+05
5.8454e+05
5.8685e+05
5.8919e+05
5.9156e+05
5.9396e+05
5.9638e+05
5.9883e+05
6.0132e+05
6.0383e+05
6.0637e+05
6.0894e+05
6.1154e+05
6.1417e+05
6.1683e+05
6.1952e+05
6.2224e+05
6.25e+05
6.2778e+05
6.306e+05
6.3344e+05
6.3632e+05
6.3923e+05
6.4217e+05
6.4513e+05
6.4813e+05
6.5116e+05
6.5421e+05
6.573e+05
6.6041e+05
6.6354e+05
6.6671e+05
6.6989e+05
6.7311e+05
6.7634e+05
6.796e+05
6.8288e+05
6.8617e+05
6.8949e+05
6.9282e+05
6.9617e+05
6.9953e+05
7.029e+05
7.0628e+05
7.0967e+05
7.1307e+05
7.1647e+05
7.1988e+05
7.2329e+05
7.2669e+05
7.3009e+05
7.3349e+05
7.3688e+05
7.4026e+05
7.4363e+05
7.4698e+05
7.5032e+05
7.5364e+05
7.5694e+05
7.6021e+05
7.6346e+05
7.6668e+05
7.6986e+05
7.7302e+05
7.7614e+05
7.7922e+05
7.8226e+05
7.8527e+05
7.8822e+05
7.9113e+05
7.9399e+05
7.968e+05
7.9956e+05
8.0226e+05
8.049e+05
8.0749e+05
8.1001e+05
8.1248e+05
8.1487e+05
8.1721e+05
8.1947e+05
8.2167e+05
8.238e+05
8.2585e+05
8.2784e+05
8.2975e+05
8.3158e+05
8.3335e+05
8.3503e+05
8.3664e+05
8.3817e+05
8.3962e+05
8.41e+05
8.423e+05
8.4352e+05
8.4466e+05
8.4572e+05
8.467e+05
8.4761e+05
8.4843e+05
8.4918e+05
8.4986e+05
8.5045e+05
8.5098e+05
8.5142e+05
8.5179e+05
8.5209e+05
8.5232e+05
8.5248e+05
8.5256e+05
8.5258e+05
8.5253e+05
8.5241e+05
8.5223e+05
8.5199e+05
8.5168e+05
8.5132e+05
8.5089e+05
8.5041e+05
8.4987e+05
8.4928e+05
8.4863e+05
8.4793e+05
8.4719e+05
8.464e+05
8.4556e+05
8.4467e+05
8.4374e+05
8.4278e+05
8.4177e+05
8.4072e+05
8.3964e+05
8.3852e+05
8.3737e+05
8.3619e+05
8.3497e+05
8.3373e+05
8.3245e+05
8.3115e+05
8.2983e+05
8.2848e+05
8.271e+05
8.2571e+05
8.2429e+05
8.2285e+05
8.2139e+05
8.1992e+05
8.1842e+05
8.1691e+05
8.1538e+05
8.1383e+05
8.1227e+05
8.1069e+05
8.091e+05
8.0749e+05
8.0587e+05
8.0424e+05
8.0259e+05
8.0092e+05
7.9924e+05
7.9755e+05
7.9585e+05
7.9412e+05
7.9239e+05
7.9064e+05
7.8887e+05
7.8709e+05
7.853e+05
7.8349e+05
7.8166e+05
7.7981e+05
7.7795e+05
7.7607e+05
7.7417e+05
7.7226e+05
7.7032e+05
7.6836e+05
7.6639e+05
7.6439e+05
7.6237e+05
7.6032e+05
7.5826e+05
7.5617e+05
7.5406e+05
7.5192e+05
7.4976e+05
7.4757e+05
7.4535e+05
7.4311e+05
7.4084e+05
7.3855e+05
7.3622e+05
7.3387e+05
7.3148e+05
7.2907e+05
7.2662e+05
7.2415e+05
7.2164e+05
7.191e+05
7.1653e+05
7.1393e+05
7.113e+05
7.0863e+05
7.0594e+05
7.032e+05
7.0044e+05
6.9764e+05
6.9481e+05
6.9195e+05
6.8906e+05
6.8613e+05
6.8316e+05
6.8017e+05
6.7714e+05
6.7408e+05
6.7099e+05
6.6786e+05
6.6471e+05
6.6152e+05
6.583e+05
6.5504e+05
6.5176e+05
6.4845e+05
6.451e+05
6.4173e+05
6.3832e+05
6.3489e+05
6.3143e+05
6.2794e+05
6.2442e+05
6.2087e+05
6.173e+05
6.137e+05
6.1007e+05
6.0642e+05
6.0274e+05
5.9904e+05
5.9532e+05
5.9157e+05
5.8779e+05
5.84e+05
5.8018e+05
5.7634e+05
5.7248e+05
5.6859e+05
5.6469e+05
5.6077e+05
5.5683e+05
5.5287e+05
5.4889e+05
5.449e+05
5.4088e+05
5.3686e+05
5.3281e+05
5.2875e+05
5.2467e+05
5.2058e+05
5.1648e+05
5.1236e+05
5.0823e+05
5.0409e+05
4.9993e+05
4.9576e+05
4.9159e+05
4.874e+05
4.832e+05
4.7899e+05
4.7477e+05
4.7055e+05
4.6631e+05
4.6207e+05
4.5782e+05
4.5356e+05
4.493e+05
4.4503e+05
4.4076e+05
4.3648e+05
4.3219e+05
4.2791e+05
4.2362e+05
4.1932e+05
4.1503e+05
4.1073e+05
4.0643e+05
4.0213e+05
3.9783e+05
3.9353e+05
3.8923e+05
3.8493e+05
3.8063e+05
3.7633e+05
3.7203e+05
3.6774e+05
3.6345e+05
3.5917e+05
3.5489e+05
3.5061e+05
3.4634e+05
3.4208e+05
3.3782e+05
3.3356e+05
3.2932e+05
3.2508e+05
3.2085e+05
3.1663e+05
3.1241e+05
3.0821e+05
3.0402e+05
2.9983e+05
2.9566e+05
2.915e+05
2.8735e+05
2.8321e+05
2.7908e+05
2.7497e+05
2.7087e+05
2.6679e+05
2.6272e+05
2.5866e+05
2.5462e+05
2.5059e+05
2.4658e+05
2.4259e+05
2.3861e+05
2.3465e+05
2.3071e+05
2.2678e+05
2.2288e+05
2.1899e+05
2.1512e+05
2.1127e+05
2.0744e+05
2.0363e+05
1.9984e+05
1.9607e+05
1.9232e+05
1.886e+05
1.8489e+05
1.8121e+05
1.7755e+05
1.7392e+05
1.703e+05
1.6671e+05
1.6315e+05
1.596e+05
1.5609e+05
1.5259e+05
1.4913e+05
1.4568e+05
1.4227e+05
1.3887e+05
1.3551e+05
1.3217e+05
1.2886e+05
1.2557e+05
1.2232e+05
1.1908e+05
1.1588e+05
1.1271e+05
1.0956e+05
1.0644e+05
1.0335e+05
1.0029e+05
97256
94253
91278
88333
85417
82531
79674
76847
74050
71283
68546
65839
63162
60515
57898
55311
52754
50227
47730
45263
42825
40417
38038
35689
33369
31077
28814
26580
24374
22196
20046
17923
15828
13759
11717
9700.4
7710.1
5745.3
3805.6
1890.6
0
