9.8378e+05
9.7961e+05
9.7537e+05
9.7108e+05
9.6672e+05
9.6231e+05
9.5784e+05
9.5331e+05
9.4873e+05
9.4409e+05
9.3941e+05
9.3467e+05
9.2988e+05
9.2504e+05
9.2016e+05
9.1523e+05
9.1025e+05
9.0523e+05
9.0017e+05
8.9507e+05
8.8993e+05
8.8476e+05
8.7954e+05
8.7429e+05
8.6901e+05
8.6369e+05
8.5834e+05
8.5296e+05
8.4755e+05
8.4211e+05
8.3664e+05
8.3115e+05
8.2563e+05
8.2009e+05
8.1453e+05
8.0895e+05
8.0334e+05
7.9772e+05
7.9208e+05
7.8642e+05
7.8075e+05
7.7506e+05
7.6936e+05
7.6365e+05
7.5793e+05
7.5219e+05
7.4645e+05
7.407e+05
7.3494e+05
7.2918e+05
7.2341e+05
7.1764e+05
7.1186e+05
7.0608e+05
7.0031e+05
6.9453e+05
6.8875e+05
6.8297e+05
6.772e+05
6.7143e+05
6.6567e+05
6.5991e+05
6.5416e+05
6.4841e+05
6.4268e+05
6.3695e+05
6.3123e+05
6.2553e+05
6.1983e+05
6.1415e+05
6.0848e+05
6.0282e+05
5.9718e+05
5.9156e+05
5.8595e+05
5.8035e+05
5.7478e+05
5.6922e+05
5.6368e+05
5.5817e+05
5.5267e+05
5.4719e+05
5.4174e+05
5.3631e+05
5.309e+05
5.2551e+05
5.2015e+05
5.1482e+05
5.095e+05
5.0422e+05
4.9896e+05
4.9373e+05
4.8853e+05
4.8335e+05
4.782e+05
4.7309e+05
4.68e+05
4.6294e+05
4.5791e+05
4.5291e+05
4.4795e+05
4.4302e+05
4.3812e+05
4.3325e+05
4.2841e+05
4.2361e+05
4.1884e+05
4.1411e+05
4.0941e+05
4.0475e+05
4.0012e+05
3.9553e+05
3.9097e+05
3.8645e+05
3.8197e+05
3.7752e+05
3.7311e+05
3.6874e+05
3.644e+05
3.601e+05
3.5584e+05
3.5162e+05
3.4744e+05
3.433e+05
3.3919e+05
3.3513e+05
3.311e+05
3.2711e+05
3.2317e+05
3.1926e+05
3.1539e+05
3.1156e+05
3.0778e+05
3.0403e+05
3.0032e+05
2.9666e+05
2.9303e+05
2.8945e+05
2.859e+05
2.824e+05
2.7894e+05
2.7552e+05
2.7214e+05
2.688e+05
2.655e+05
2.6224e+05
2.5902e+05
2.5585e+05
2.5272e+05
2.4962e+05
2.4657e+05
2.4356e+05
2.4059e+05
2.3766e+05
2.3477e+05
2.3192e+05
2.2912e+05
2.2635e+05
2.2363e+05
2.2094e+05
2.183e+05
2.157e+05
2.1313e+05
2.1061e+05
2.0813e+05
2.0568e+05
2.0328e+05
2.0092e+05
1.986e+05
1.9631e+05
1.9407e+05
1.9186e+05
1.897e+05
1.8757e+05
1.8548e+05
1.8344e+05
1.8143e+05
1.7945e+05
1.7752e+05
1.7563e+05
1.7377e+05
1.7195e+05
1.7017e+05
1.6842e+05
1.6671e+05
1.6504e+05
1.6341e+05
1.6181e+05
1.6025e+05
1.5872e+05
1.5723e+05
1.5578e+05
1.5436e+05
1.5298e+05
1.5163e+05
1.5032e+05
1.4904e+05
1.478e+05
1.4659e+05
1.4541e+05
1.4427e+05
1.4316e+05
1.4209e+05
1.4105e+05
1.4004e+05
1.3906e+05
1.3811e+05
1.372e+05
1.3632e+05
1.3547e+05
1.3465e+05
1.3386e+05
1.3311e+05
1.3238e+05
1.3168e+05
1.3101e+05
1.3038e+05
1.2977e+05
1.2919e+05
1.2864e+05
1.2812e+05
1.2762e+05
1.2716e+05
1.2672e+05
1.2631e+05
1.2593e+05
1.2557e+05
1.2524e+05
1.2494e+05
1.2466e+05
1.2441e+05
1.2418e+05
1.2398e+05
1.2381e+05
1.2365e+05
1.2353e+05
1.2342e+05
1.2334e+05
1.2329e+05
1.2326e+05
1.2325e+05
1.2326e+05
1.2329e+05
1.2335e+05
1.2343e+05
1.2353e+05
1.2365e+05
1.238e+05
1.2396e+05
1.2414e+05
1.2435e+05
1.2457e+05
1.2481e+05
1.2508e+05
1.2536e+05
1.2566e+05
1.2598e+05
1.2632e+05
1.2667e+05
1.2704e+05
1.2743e+05
1.2784e+05
1.2827e+05
1.2871e+05
1.2916e+05
1.2964e+05
1.3012e+05
1.3063e+05
1.3115e+05
1.3168e+05
1.3223e+05
1.3279e+05
1.3337e+05
1.3396e+05
1.3456e+05
1.3518e+05
1.3581e+05
1.3646e+05
1.3711e+05
1.3778e+05
1.3846e+05
1.3915e+05
1.3986e+05
1.4057e+05
1.413e+05
1.4204e+05
1.4278e+05
1.4354e+05
1.4431e+05
1.4509e+05
1.4587e+05
1.4667e+05
1.4747e+05
1.4829e+05
1.4911e+05
1.4994e+05
1.5078e+05
1.5163e+05
1.5248e+05
1.5334e+05
1.5421e+05
1.5509e+05
1.5597e+05
1.5686e+05
1.5775e+05
1.5865e+05
1.5956e+05
1.6047e+05
1.6139e+05
1.6232e+05
1.6324e+05
1.6418e+05
1.6511e+05
1.6605e+05
1.67e+05
1.6795e+05
1.689e+05
1.6986e+05
1.7082e+05
1.7178e+05
1.7274e+05
1.7371e+05
1.7468e+05
1.7565e+05
1.7663e+05
1.7761e+05
1.7858e+05
1.7956e+05
1.8054e+05
1.8152e+05
1.8251e+05
1.8349e+05
1.8447e+05
1.8546e+05
1.8644e+05
1.8743e+05
1.8841e+05
1.8939e+05
1.9037e+05
1.9136e+05
1.9234e+05
1.9332e+05
1.943e+05
1.9527e+05
1.9625e+05
1.9722e+05
1.9819e+05
1.9916e+05
2.0013e+05
2.011e+05
2.0206e+05
2.0302e+05
2.0397e+05
2.0493e+05
2.0588e+05
2.0682e+05
2.0777e+05
2.0871e+05
2.0964e+05
2.1057e+05
2.115e+05
2.1243e+05
2.1334e+05
2.1426e+05
2.1517e+05
2.1607e+05
2.1697e+05
2.1787e+05
2.1876e+05
2.1964e+05
2.2052e+05
2.214e+05
2.2226e+05
2.2313e+05
2.2398e+05
2.2483e+05
2.2568e+05
2.2651e+05
2.2734e+05
2.2817e+05
2.2899e+05
2.298e+05
2.306e+05
2.314e+05
2.3219e+05
2.3297e+05
2.3375e+05
2.3451e+05
2.3527e+05
2.3603e+05
2.3677e+05
2.3751e+05
2.3824e+05
2.3896e+05
2.3967e+05
2.4037e+05
2.4107e+05
2.4176e+05
2.4244e+05
2.4311e+05
2.4377e+05
2.4442e+05
2.4507e+05
2.457e+05
2.4633e+05
2.4695e+05
2.4755e+05
2.4815e+05
2.4874e+05
2.4932e+05
2.4989e+05
2.5045e+05
2.51e+05
2.5154e+05
2.5208e+05
2.526e+05
2.5311e+05
2.5361e+05
2.541e+05
2.5458e+05
2.5506e+05
2.5552e+05
2.5597e+05
2.5641e+05
2.5684e+05
2.5726e+05
2.5767e+05
2.5806e+05
2.5845e+05
2.5883e+05
2.592e+05
2.5955e+05
2.599e+05
2.6023e+05
2.6055e+05
2.6087e+05
2.6117e+05
2.6146e+05
2.6173e+05
2.62e+05
2.6226e+05
2.625e+05
2.6274e+05
2.6296e+05
2.6317e+05
2.6337e+05
2.6356e+05
2.6374e+05
2.6391e+05
2.6406e+05
2.642e+05
2.6434e+05
2.6446e+05
2.6457e+05
2.6466e+05
2.6475e+05
2.6482e+05
2.6488e+05
2.6494e+05
2.6497e+05
2.65e+05
2.6502e+05
2.6502e+05
2.6502e+05
2.65e+05
2.6497e+05
2.6492e+05
2.6487e+05
2.648e+05
2.6473e+05
2.6464e+05
2.6454e+05
2.6442e+05
2.643e+05
2.6416e+05
2.6402e+05
2.6386e+05
2.6368e+05
2.635e+05
2.6331e+05
2.631e+05
2.6288e+05
2.6265e+05
2.6241e+05
2.6216e+05
2.619e+05
2.6162e+05
2.6134e+05
2.6104e+05
2.6073e+05
2.604e+05
2.6007e+05
2.5973e+05
2.5937e+05
2.59e+05
2.5863e+05
2.5824e+05
2.5783e+05
2.5742e+05
2.57e+05
2.5656e+05
2.5612e+05
2.5566e+05
2.5519e+05
2.5471e+05
2.5422e+05
2.5372e+05
2.5321e+05
2.5269e+05
2.5215e+05
2.5161e+05
2.5105e+05
2.5048e+05
2.4991e+05
2.4932e+05
2.4872e+05
2.4811e+05
2.4749e+05
2.4686e+05
2.4622e+05
2.4557e+05
2.4491e+05
2.4424e+05
2.4356e+05
2.4287e+05
2.4217e+05
2.4146e+05
2.4073e+05
2.4e+05
2.3926e+05
2.3851e+05
2.3775e+05
2.3698e+05
2.362e+05
2.3541e+05
2.3461e+05
2.338e+05
2.3299e+05
2.3216e+05
2.3133e+05
2.3048e+05
2.2963e+05
2.2876e+05
2.2789e+05
2.2701e+05
2.2612e+05
2.2522e+05
2.2432e+05
2.234e+05
2.2248e+05
2.2155e+05
2.2061e+05
2.1966e+05
2.187e+05
2.1774e+05
2.1676e+05
2.1578e+05
2.148e+05
2.138e+05
2.128e+05
2.1179e+05
2.1077e+05
2.0974e+05
2.0871e+05
2.0767e+05
2.0662e+05
2.0557e+05
2.0451e+05
2.0344e+05
2.0236e+05
2.0128e+05
2.0019e+05
1.991e+05
1.98e+05
1.9689e+05
1.9578e+05
1.9466e+05
1.9353e+05
1.924e+05
1.9126e+05
1.9012e+05
1.8897e+05
1.8782e+05
1.8666e+05
1.8549e+05
1.8432e+05
1.8314e+05
1.8196e+05
1.8078e+05
1.7959e+05
1.7839e+05
1.7719e+05
1.7599e+05
1.7478e+05
1.7357e+05
1.7235e+05
1.7113e+05
1.699e+05
1.6867e+05
1.6744e+05
1.662e+05
1.6496e+05
1.6372e+05
1.6247e+05
1.6122e+05
1.5997e+05
1.5871e+05
1.5745e+05
1.5618e+05
1.5492e+05
1.5365e+05
1.5238e+05
1.511e+05
1.4983e+05
1.4855e+05
1.4727e+05
1.4598e+05
1.447e+05
1.4341e+05
1.4212e+05
1.4083e+05
1.3954e+05
1.3825e+05
1.3695e+05
1.3565e+05
1.3436e+05
1.3306e+05
1.3176e+05
1.3046e+05
1.2916e+05
1.2786e+05
1.2655e+05
1.2525e+05
1.2395e+05
1.2264e+05
1.2134e+05
1.2004e+05
1.1873e+05
1.1743e+05
1.1612e+05
1.1482e+05
1.1352e+05
1.1222e+05
1.1092e+05
1.0962e+05
1.0832e+05
1.0702e+05
1.0572e+05
1.0442e+05
1.0313e+05
1.0183e+05
1.0054e+05
99247
97957
96669
95382
94098
92815
91535
90256
88980
87706
86435
85166
83899
82636
81375
80117
78862
77609
76360
75115
73872
72633
71397
70165
68936
67711
66490
65273
64059
62850
61644
60443
59246
58053
56865
55681
54502
53327
52157
50991
49830
48674
47524
46378
45237
44101
42970
41845
40725
39610
38501
37397
36299
35206
34119
33038
31962
30893
29829
28771
27719
26673
25633
24599
23571
22550
21535
20526
19523
18527
17538
16554
15578
14607
13644
12687
11736
10792
9855.5
8925.2
8001.7
7085.1
6175.2
5272.2
4376.2
3487
2604.8
1729.5
861.25
0
