82044
85510
89053
92669
96354
1.001e+05
1.0391e+05
1.0778e+05
1.1169e+05
1.1565e+05
1.1965e+05
1.2369e+05
1.2775e+05
1.3185e+05
1.3596e+05
1.4009e+05
1.4423e+05
1.4837e+05
1.5252e+05
1.5666e+05
1.6079e+05
1.6491e+05
1.6901e+05
1.7309e+05
1.7714e+05
1.8115e+05
1.8513e+05
1.8907e+05
1.9296e+05
1.968e+05
2.0058e+05
2.0431e+05
2.0798e+05
2.1158e+05
2.1512e+05
2.1858e+05
2.2196e+05
2.2527e+05
2.285e+05
2.3165e+05
2.3471e+05
2.3768e+05
2.4056e+05
2.4335e+05
2.4604e+05
2.4864e+05
2.5115e+05
2.5355e+05
2.5586e+05
2.5807e+05
2.6018e+05
2.6219e+05
2.641e+05
2.659e+05
2.6761e+05
2.6922e+05
2.7073e+05
2.7214e+05
2.7345e+05
2.7466e+05
2.7578e+05
2.768e+05
2.7773e+05
2.7857e+05
2.7932e+05
2.7998e+05
2.8055e+05
2.8104e+05
2.8145e+05
2.8178e+05
2.8203e+05
2.822e+05
2.8231e+05
2.8234e+05
2.8231e+05
2.8221e+05
2.8205e+05
2.8183e+05
2.8156e+05
2.8123e+05
2.8085e+05
2.8043e+05
2.7996e+05
2.7945e+05
2.789e+05
2.7832e+05
2.777e+05
2.7705e+05
2.7638e+05
2.7568e+05
2.7496e+05
2.7423e+05
2.7348e+05
2.7271e+05
2.7193e+05
2.7115e+05
2.7036e+05
2.6957e+05
2.6877e+05
2.6798e+05
2.6719e+05
2.664e+05
2.6563e+05
2.6486e+05
2.6411e+05
2.6336e+05
2.6263e+05
2.6192e+05
2.6122e+05
2.6055e+05
2.5989e+05
2.5925e+05
2.5864e+05
2.5805e+05
2.5748e+05
2.5694e+05
2.5642e+05
2.5592e+05
2.5546e+05
2.5501e+05
2.546e+05
2.5421e+05
2.5385e+05
2.5351e+05
2.5321e+05
2.5292e+05
2.5267e+05
2.5244e+05
2.5223e+05
2.5205e+05
2.5189e+05
2.5176e+05
2.5165e+05
2.5156e+05
2.515e+05
2.5145e+05
2.5143e+05
2.5142e+05
2.5143e+05
2.5146e+05
2.5151e+05
2.5156e+05
2.5164e+05
2.5172e+05
2.5182e+05
2.5192e+05
2.5204e+05
2.5216e+05
2.5229e+05
2.5242e+05
2.5256e+05
2.527e+05
2.5285e+05
2.5299e+05
2.5313e+05
2.5327e+05
2.534e+05
2.5353e+05
2.5366e+05
2.5377e+05
2.5388e+05
2.5398e+05
2.5406e+05
2.5414e+05
2.542e+05
2.5424e+05
2.5427e+05
2.5429e+05
2.5428e+05
2.5425e+05
2.5421e+05
2.5414e+05
2.5405e+05
2.5393e+05
2.5379e+05
2.5363e+05
2.5344e+05
2.5322e+05
2.5297e+05
2.5269e+05
2.5238e+05
2.5204e+05
2.5167e+05
2.5126e+05
2.5082e+05
2.5034e+05
2.4983e+05
2.4929e+05
2.487e+05
2.4808e+05
2.4742e+05
2.4672e+05
2.4598e+05
2.4519e+05
2.4437e+05
2.4351e+05
2.426e+05
2.4166e+05
2.4066e+05
2.3963e+05
2.3855e+05
2.3743e+05
2.3626e+05
2.3505e+05
2.3379e+05
2.3248e+05
2.3113e+05
2.2974e+05
2.283e+05
2.2681e+05
2.2528e+05
2.237e+05
2.2208e+05
2.2041e+05
2.1869e+05
2.1693e+05
2.1512e+05
2.1327e+05
2.1138e+05
2.0944e+05
2.0746e+05
2.0543e+05
2.0336e+05
2.0125e+05
1.991e+05
1.9691e+05
1.9469e+05
1.9242e+05
1.9011e+05
1.8777e+05
1.854e+05
1.8299e+05
1.8055e+05
1.7807e+05
1.7557e+05
1.7304e+05
1.7048e+05
1.6789e+05
1.6528e+05
1.6265e+05
1.6e+05
1.5733e+05
1.5464e+05
1.5194e+05
1.4922e+05
1.4649e+05
1.4375e+05
1.4101e+05
1.3826e+05
1.355e+05
1.3275e+05
1.3e+05
1.2725e+05
1.245e+05
1.2177e+05
1.1904e+05
1.1633e+05
1.1363e+05
1.1095e+05
1.0828e+05
1.0564e+05
1.0302e+05
1.0043e+05
97863
95328
92825
90356
87924
85530
83177
80865
78598
76376
74201
72076
70001
67978
66008
64093
62234
60431
58686
57000
55373
53806
52300
50854
49470
48147
46885
45684
44544
43465
42446
41486
40586
39743
38957
38227
37551
36929
36358
35838
35366
34941
34561
34223
33926
33668
33446
33258
33101
32974
32873
32795
32739
32702
32681
32672
32675
32684
32699
32716
32733
32746
32753
32752
32739
32714
32672
32612
32531
32428
32300
32145
31962
31748
31503
31225
30912
30564
30180
29759
29300
28803
28268
27695
27085
26437
25752
25031
24276
23488
22667
21817
20939
20035
19108
18160
17195
16215
15224
14226
13224
12222
11225
10237
9263.2
8307.8
7375.9
6473
5604.3
4775.4
3992
3260.1
2585.6
1974.6
1433.4
968.41
585.97
292.68
95.131
0
14.001
143.88
396.42
778.39
1296.6
1957.7
2768.5
3735.6
4865.7
6165.3
7640.8
9298.5
11145
13185
15427
17874
20533
23410
26509
29835
33393
37188
41224
45505
50034
54815
59851
65145
70699
76516
82596
88943
95556
1.0244e+05
1.0958e+05
1.17e+05
1.2468e+05
1.3263e+05
1.4084e+05
1.4932e+05
1.5806e+05
1.6706e+05
1.7631e+05
1.8582e+05
1.9558e+05
2.0558e+05
2.1582e+05
2.263e+05
2.3701e+05
2.4795e+05
2.591e+05
2.7047e+05
2.8204e+05
2.9381e+05
3.0577e+05
3.1792e+05
3.3024e+05
3.4273e+05
3.5537e+05
3.6816e+05
3.8109e+05
3.9416e+05
4.0733e+05
4.2062e+05
4.3401e+05
4.4748e+05
4.6103e+05
4.7464e+05
4.8831e+05
5.0202e+05
5.1575e+05
5.2951e+05
5.4327e+05
5.5702e+05
5.7075e+05
5.8445e+05
5.9811e+05
6.1171e+05
6.2524e+05
6.3868e+05
6.5204e+05
6.6528e+05
6.784e+05
6.914e+05
7.0424e+05
7.1693e+05
7.2945e+05
7.4179e+05
7.5393e+05
7.6587e+05
7.7759e+05
7.8909e+05
8.0034e+05
8.1134e+05
8.2209e+05
8.3256e+05
8.4275e+05
8.5264e+05
8.6224e+05
8.7152e+05
8.8049e+05
8.8913e+05
8.9743e+05
9.0539e+05
9.1299e+05
9.2024e+05
9.2712e+05
9.3363e+05
9.3976e+05
9.4551e+05
9.5088e+05
9.5585e+05
9.6042e+05
9.6459e+05
9.6836e+05
9.7172e+05
9.7467e+05
9.7721e+05
9.7934e+05
9.8106e+05
9.8236e+05
9.8324e+05
9.8372e+05
9.8378e+05
9.8342e+05
9.8266e+05
9.8149e+05
9.7992e+05
9.7794e+05
9.7556e+05
9.7279e+05
9.6962e+05
9.6607e+05
9.6214e+05
9.5783e+05
9.5315e+05
9.4811e+05
9.427e+05
9.3695e+05
9.3085e+05
9.2442e+05
9.1765e+05
9.1057e+05
9.0317e+05
8.9547e+05
8.8747e+05
8.7918e+05
8.7062e+05
8.6179e+05
8.527e+05
8.4337e+05
8.3379e+05
8.2399e+05
8.1397e+05
8.0374e+05
7.9331e+05
7.827e+05
7.7191e+05
7.6096e+05
7.4985e+05
7.386e+05
7.2721e+05
7.157e+05
7.0408e+05
6.9236e+05
6.8055e+05
6.6866e+05
6.567e+05
6.4469e+05
6.3262e+05
6.2052e+05
6.0839e+05
5.9624e+05
5.8408e+05
5.7193e+05
5.5979e+05
5.4767e+05
5.3558e+05
5.2353e+05
5.1153e+05
4.9958e+05
4.877e+05
4.759e+05
4.6417e+05
4.5254e+05
4.41e+05
4.2957e+05
4.1825e+05
4.0704e+05
3.9596e+05
3.8501e+05
3.742e+05
3.6352e+05
3.53e+05
3.4263e+05
3.3241e+05
3.2236e+05
3.1247e+05
3.0276e+05
2.9321e+05
2.8385e+05
2.7466e+05
2.6566e+05
2.5685e+05
2.4822e+05
2.3978e+05
2.3154e+05
2.2349e+05
2.1563e+05
2.0797e+05
2.0051e+05
1.9324e+05
1.8618e+05
1.7931e+05
1.7263e+05
1.6616e+05
1.5988e+05
1.538e+05
1.4791e+05
1.4222e+05
1.3672e+05
1.3141e+05
1.2629e+05
1.2135e+05
1.1661e+05
1.1204e+05
1.0766e+05
1.0345e+05
99418
95559
91870
88347
84989
81790
78749
75861
73124
70533
68086
65778
63606
61566
59655
57868
56202
54653
53217
51891
50670
49551
48529
47602
46765
46015
45347
44759
44246
43805
43432
43124
42878
42690
42556
42474
42440
42451
42504
42596
42724
42886
43078
43297
43542
43809
44097
44402
44722
45056
45401
45754
46115
46481
46850
47220
47590
47958
48323
48684
49038
49385
49722
50051
50368
50673
50965
51244
51508
51757
51989
52205
52403
52584
52746
52890
53014
53119
53204
53269
53314
53339
53343
53327
53291
53234
53156
53058
52940
52802
52643
52465
52268
52051
51815
51560
51287
50996
50687
50361
50018
49658
49282
48890
48483
48061
47625
47174
46711
46234
45745
45244
44731
44208
43674
43130
42576
42014
41444
40866
40280
39688
39090
38486
37876
37262
36644
36023
35398
34771
34142
