6.8474e+05
6.8889e+05
6.9295e+05
6.9694e+05
7.0087e+05
7.0475e+05
7.0858e+05
7.1237e+05
7.1614e+05
7.1988e+05
7.2361e+05
7.2734e+05
7.3106e+05
7.3479e+05
7.3853e+05
7.4229e+05
7.4607e+05
7.4987e+05
7.537e+05
7.5757e+05
7.6147e+05
7.654e+05
7.6938e+05
7.7339e+05
7.7745e+05
7.8154e+05
7.8568e+05
7.8986e+05
7.9408e+05
7.9834e+05
8.0264e+05
8.0697e+05
8.1133e+05
8.1573e+05
8.2015e+05
8.246e+05
8.2907e+05
8.3355e+05
8.3805e+05
8.4256e+05
8.4707e+05
8.5159e+05
8.561e+05
8.606e+05
8.6509e+05
8.6955e+05
8.74e+05
8.7842e+05
8.828e+05
8.8714e+05
8.9144e+05
8.957e+05
8.9989e+05
9.0403e+05
9.0811e+05
9.1212e+05
9.1606e+05
9.1992e+05
9.2369e+05
9.2739e+05
9.3099e+05
9.345e+05
9.3791e+05
9.4122e+05
9.4442e+05
9.4751e+05
9.505e+05
9.5337e+05
9.5612e+05
9.5875e+05
9.6126e+05
9.6365e+05
9.6591e+05
9.6803e+05
9.7003e+05
9.719e+05
9.7363e+05
9.7523e+05
9.767e+05
9.7802e+05
9.7921e+05
9.8027e+05
9.8118e+05
9.8196e+05
9.826e+05
9.831e+05
9.8346e+05
9.8369e+05
9.8378e+05
9.8373e+05
9.8355e+05
9.8323e+05
9.8278e+05
9.822e+05
9.8148e+05
9.8064e+05
9.7967e+05
9.7857e+05
9.7735e+05
9.76e+05
9.7453e+05
9.7294e+05
9.7123e+05
9.694e+05
9.6746e+05
9.6541e+05
9.6324e+05
9.6097e+05
9.5859e+05
9.561e+05
9.5352e+05
9.5083e+05
9.4804e+05
9.4516e+05
9.4219e+05
9.3912e+05
9.3596e+05
9.3272e+05
9.2939e+05
9.2598e+05
9.2248e+05
9.1891e+05
9.1526e+05
9.1154e+05
9.0775e+05
9.0388e+05
8.9995e+05
8.9595e+05
8.9189e+05
8.8777e+05
8.8359e+05
8.7935e+05
8.7505e+05
8.707e+05
8.663e+05
8.6185e+05
8.5736e+05
8.5282e+05
8.4823e+05
8.436e+05
8.3894e+05
8.3423e+05
8.2949e+05
8.2471e+05
8.1991e+05
8.1507e+05
8.102e+05
8.053e+05
8.0038e+05
7.9544e+05
7.9047e+05
7.8549e+05
7.8048e+05
7.7546e+05
7.7042e+05
7.6537e+05
7.603e+05
7.5523e+05
7.5014e+05
7.4505e+05
7.3995e+05
7.3485e+05
7.2975e+05
7.2464e+05
7.1953e+05
7.1443e+05
7.0933e+05
7.0423e+05
6.9914e+05
6.9405e+05
6.8898e+05
6.8391e+05
6.7886e+05
6.7382e+05
6.688e+05
6.6379e+05
6.588e+05
6.5383e+05
6.4887e+05
6.4394e+05
6.3904e+05
6.3415e+05
6.2929e+05
6.2446e+05
6.1966e+05
6.1489e+05
6.1015e+05
6.0543e+05
6.0076e+05
5.9612e+05
5.9151e+05
5.8694e+05
5.8241e+05
5.7791e+05
5.7346e+05
5.6905e+05
5.6468e+05
5.6036e+05
5.5608e+05
5.5184e+05
5.4766e+05
5.4352e+05
5.3943e+05
5.3539e+05
5.314e+05
5.2746e+05
5.2357e+05
5.1974e+05
5.1597e+05
5.1224e+05
5.0858e+05
5.0497e+05
5.0141e+05
4.9792e+05
4.9449e+05
4.9111e+05
4.878e+05
4.8454e+05
4.8135e+05
4.7822e+05
4.7515e+05
4.7215e+05
4.6921e+05
4.6633e+05
4.6352e+05
4.6078e+05
4.581e+05
4.5549e+05
4.5294e+05
4.5047e+05
4.4806e+05
4.4571e+05
4.4344e+05
4.4124e+05
4.391e+05
4.3704e+05
4.3504e+05
4.3311e+05
4.3126e+05
4.2947e+05
4.2776e+05
4.2612e+05
4.2455e+05
4.2305e+05
4.2162e+05
4.2026e+05
4.1898e+05
4.1777e+05
4.1662e+05
4.1556e+05
4.1456e+05
4.1364e+05
4.1279e+05
4.1201e+05
4.113e+05
4.1067e+05
4.1011e+05
4.0962e+05
4.0921e+05
4.0886e+05
4.0859e+05
4.0839e+05
4.0826e+05
4.082e+05
4.0822e+05
4.083e+05
4.0845e+05
4.0868e+05
4.0897e+05
4.0934e+05
4.0977e+05
4.1027e+05
4.1084e+05
4.1148e+05
4.1219e+05
4.1296e+05
4.1379e+05
4.1469e+05
4.1566e+05
4.1669e+05
4.1779e+05
4.1894e+05
4.2016e+05
4.2144e+05
4.2277e+05
4.2417e+05
4.2563e+05
4.2714e+05
4.2871e+05
4.3033e+05
4.3201e+05
4.3375e+05
4.3553e+05
4.3737e+05
4.3925e+05
4.4119e+05
4.4317e+05
4.452e+05
4.4728e+05
4.494e+05
4.5157e+05
4.5378e+05
4.5603e+05
4.5832e+05
4.6065e+05
4.6301e+05
4.6542e+05
4.6786e+05
4.7034e+05
4.7285e+05
4.754e+05
4.7797e+05
4.8058e+05
4.8322e+05
4.8588e+05
4.8858e+05
4.913e+05
4.9405e+05
4.9683e+05
4.9963e+05
5.0245e+05
5.053e+05
5.0817e+05
5.1106e+05
5.1397e+05
5.1691e+05
5.1986e+05
5.2283e+05
5.2583e+05
5.2884e+05
5.3187e+05
5.3491e+05
5.3798e+05
5.4106e+05
5.4416e+05
5.4728e+05
5.5041e+05
5.5355e+05
5.5672e+05
5.5989e+05
5.6309e+05
5.663e+05
5.6952e+05
5.7276e+05
5.7601e+05
5.7928e+05
5.8256e+05
5.8586e+05
5.8917e+05
5.925e+05
5.9584e+05
5.9919e+05
6.0256e+05
6.0594e+05
6.0934e+05
6.1274e+05
6.1617e+05
6.196e+05
6.2305e+05
6.2651e+05
6.2998e+05
6.3347e+05
6.3697e+05
6.4048e+05
6.4399e+05
6.4752e+05
6.5106e+05
6.5461e+05
6.5817e+05
6.6174e+05
6.6531e+05
6.6889e+05
6.7248e+05
6.7607e+05
6.7967e+05
6.8327e+05
6.8687e+05
6.9048e+05
6.9408e+05
6.9768e+05
7.0129e+05
7.0488e+05
7.0848e+05
7.1207e+05
7.1565e+05
7.1922e+05
7.2279e+05
7.2634e+05
7.2988e+05
7.334e+05
7.3691e+05
7.404e+05
7.4387e+05
7.4733e+05
7.5076e+05
7.5416e+05
7.5754e+05
7.6089e+05
7.6421e+05
7.675e+05
7.7076e+05
7.7398e+05
7.7717e+05
7.8032e+05
7.8343e+05
7.865e+05
7.8952e+05
7.925e+05
7.9543e+05
7.9831e+05
8.0115e+05
8.0393e+05
8.0666e+05
8.0934e+05
8.1195e+05
8.1452e+05
8.1702e+05
8.1946e+05
8.2184e+05
8.2416e+05
8.2641e+05
8.286e+05
8.3072e+05
8.3278e+05
8.3477e+05
8.3669e+05
8.3853e+05
8.4031e+05
8.4202e+05
8.4365e+05
8.4522e+05
8.467e+05
8.4812e+05
8.4946e+05
8.5073e+05
8.5192e+05
8.5304e+05
8.5408e+05
8.5505e+05
8.5594e+05
8.5676e+05
8.5751e+05
8.5818e+05
8.5877e+05
8.5929e+05
8.5974e+05
8.6011e+05
8.6042e+05
8.6065e+05
8.608e+05
8.6089e+05
8.6091e+05
8.6085e+05
8.6073e+05
8.6054e+05
8.6028e+05
8.5995e+05
8.5956e+05
8.5911e+05
8.5859e+05
8.58e+05
8.5735e+05
8.5665e+05
8.5588e+05
8.5505e+05
8.5416e+05
8.5322e+05
8.5222e+05
8.5116e+05
8.5005e+05
8.4888e+05
8.4766e+05
8.4639e+05
8.4507e+05
8.437e+05
8.4228e+05
8.4081e+05
8.393e+05
8.3774e+05
8.3613e+05
8.3448e+05
8.3278e+05
8.3104e+05
8.2926e+05
8.2744e+05
8.2557e+05
8.2367e+05
8.2173e+05
8.1975e+05
8.1773e+05
8.1567e+05
8.1358e+05
8.1145e+05
8.0928e+05
8.0708e+05
8.0484e+05
8.0257e+05
8.0027e+05
7.9793e+05
7.9556e+05
7.9315e+05
7.9072e+05
7.8825e+05
7.8575e+05
7.8321e+05
7.8065e+05
7.7806e+05
7.7543e+05
7.7277e+05
7.7009e+05
7.6737e+05
7.6462e+05
7.6184e+05
7.5903e+05
7.562e+05
7.5333e+05
7.5043e+05
7.475e+05
7.4455e+05
7.4156e+05
7.3854e+05
7.355e+05
7.3243e+05
7.2932e+05
7.2619e+05
7.2303e+05
7.1984e+05
7.1662e+05
7.1338e+05
7.101e+05
7.068e+05
7.0346e+05
7.001e+05
6.9671e+05
6.933e+05
6.8985e+05
6.8638e+05
6.8288e+05
6.7936e+05
6.758e+05
6.7222e+05
6.6862e+05
6.6498e+05
6.6133e+05
6.5764e+05
6.5393e+05
6.502e+05
6.4644e+05
6.4265e+05
6.3885e+05
6.3501e+05
6.3116e+05
6.2728e+05
6.2338e+05
6.1946e+05
6.1551e+05
6.1155e+05
6.0756e+05
6.0356e+05
5.9953e+05
5.9549e+05
5.9142e+05
5.8734e+05
5.8324e+05
5.7913e+05
5.7499e+05
5.7085e+05
5.6668e+05
5.6251e+05
5.5831e+05
5.5411e+05
5.4989e+05
5.4566e+05
5.4142e+05
5.3717e+05
5.3291e+05
5.2864e+05
5.2436e+05
5.2007e+05
5.1577e+05
5.1147e+05
5.0716e+05
5.0285e+05
4.9853e+05
4.942e+05
4.8988e+05
4.8555e+05
4.8122e+05
4.7688e+05
4.7255e+05
4.6822e+05
4.6388e+05
4.5955e+05
4.5522e+05
4.5089e+05
4.4656e+05
4.4224e+05
4.3793e+05
4.3361e+05
4.2931e+05
4.2501e+05
4.2071e+05
4.1642e+05
4.1215e+05
4.0788e+05
4.0361e+05
3.9936e+05
3.9512e+05
3.9089e+05
3.8667e+05
3.8246e+05
3.7826e+05
3.7408e+05
3.6991e+05
3.6576e+05
3.6161e+05
3.5749e+05
3.5337e+05
3.4928e+05
3.452e+05
3.4113e+05
3.3708e+05
3.3305e+05
3.2904e+05
3.2505e+05
3.2107e+05
3.1711e+05
3.1318e+05
3.0926e+05
3.0536e+05
3.0148e+05
2.9762e+05
2.9379e+05
2.8997e+05
2.8617e+05
2.824e+05
2.7865e+05
2.7492e+05
2.7122e+05
2.6753e+05
2.6387e+05
2.6023e+05
2.5662e+05
2.5303e+05
2.4946e+05
2.4592e+05
2.424e+05
2.389e+05
2.3543e+05
2.3198e+05
2.2856e+05
2.2516e+05
2.2179e+05
2.1844e+05
2.1512e+05
2.1182e+05
2.0854e+05
2.0529e+05
2.0207e+05
1.9886e+05
1.9569e+05
1.9254e+05
1.8941e+05
1.863e+05
1.8322e+05
1.8017e+05
1.7714e+05
1.7413e+05
1.7115e+05
1.6819e+05
1.6525e+05
1.6234e+05
1.5944e+05
1.5658e+05
1.5373e+05
1.5091e+05
1.4811e+05
1.4533e+05
1.4257e+05
1.3983e+05
1.3711e+05
1.3442e+05
1.3174e+05
1.2909e+05
1.2645e+05
1.2384e+05
1.2124e+05
1.1866e+05
1.161e+05
1.1356e+05
1.1104e+05
1.0853e+05
1.0604e+05
1.0357e+05
1.0112e+05
98676
96252
93843
91450
89071
86707
84357
82021
79699
77390
75094
72811
70540
68282
66036
63802
61580
59369
57169
54981
52804
50637
48482
46337
44203
42080
39967
37865
35773
33691
31621
29560
27511
25472
23444
21427
19421
17426
15442
13470
11509
9560.3
7623.4
5698.7
3786.4
1886.8
0
