75266
79137
83251
87603
92188
96998
1.0203e+05
1.0726e+05
1.127e+05
1.1833e+05
1.2414e+05
1.3011e+05
1.3623e+05
1.425e+05
1.4889e+05
1.5539e+05
1.6199e+05
1.6867e+05
1.7541e+05
1.8221e+05
1.8903e+05
1.9587e+05
2.027e+05
2.0951e+05
2.1629e+05
2.2301e+05
2.2966e+05
2.3622e+05
2.4268e+05
2.4901e+05
2.5521e+05
2.6125e+05
2.6712e+05
2.728e+05
2.7829e+05
2.8356e+05
2.8861e+05
2.9342e+05
2.9797e+05
3.0227e+05
3.0629e+05
3.1003e+05
3.1348e+05
3.1663e+05
3.1948e+05
3.2202e+05
3.2423e+05
3.2613e+05
3.277e+05
3.2894e+05
3.2986e+05
3.3044e+05
3.307e+05
3.3062e+05
3.3022e+05
3.2949e+05
3.2845e+05
3.2708e+05
3.254e+05
3.2342e+05
3.2113e+05
3.1856e+05
3.1569e+05
3.1255e+05
3.0915e+05
3.0548e+05
3.0156e+05
2.9741e+05
2.9302e+05
2.8842e+05
2.8362e+05
2.7862e+05
2.7343e+05
2.6808e+05
2.6257e+05
2.5692e+05
2.5114e+05
2.4523e+05
2.3922e+05
2.3311e+05
2.2692e+05
2.2067e+05
2.1435e+05
2.0799e+05
2.016e+05
1.9519e+05
1.8878e+05
1.8236e+05
1.7596e+05
1.6959e+05
1.6325e+05
1.5696e+05
1.5072e+05
1.4456e+05
1.3847e+05
1.3247e+05
1.2656e+05
1.2075e+05
1.1506e+05
1.0949e+05
1.0404e+05
98726
93555
88531
83661
78950
74404
70028
65827
61804
57964
54311
50847
47577
44503
41627
38951
36478
34208
32143
30284
28631
27185
25945
24911
24083
23460
23041
22823
22806
22987
23363
23933
24693
25639
26769
28079
29564
31219
33041
35025
37164
39454
41888
44462
47168
50000
52951
56015
59184
62451
65809
69250
72766
76349
79992
83686
87424
91197
94997
98815
1.0264e+05
1.0648e+05
1.103e+05
1.1412e+05
1.1791e+05
1.2167e+05
1.254e+05
1.2908e+05
1.3271e+05
1.3628e+05
1.3979e+05
1.4323e+05
1.4659e+05
1.4987e+05
1.5306e+05
1.5615e+05
1.5914e+05
1.6204e+05
1.6482e+05
1.6749e+05
1.7004e+05
1.7248e+05
1.7479e+05
1.7698e+05
1.7905e+05
1.8098e+05
1.8279e+05
1.8446e+05
1.8601e+05
1.8742e+05
1.887e+05
1.8985e+05
1.9086e+05
1.9175e+05
1.9251e+05
1.9314e+05
1.9364e+05
1.9402e+05
1.9428e+05
1.9442e+05
1.9444e+05
1.9434e+05
1.9413e+05
1.9381e+05
1.9339e+05
1.9285e+05
1.9222e+05
1.9149e+05
1.9066e+05
1.8974e+05
1.8873e+05
1.8763e+05
1.8644e+05
1.8518e+05
1.8383e+05
1.8241e+05
1.8091e+05
1.7934e+05
1.777e+05
1.76e+05
1.7422e+05
1.7239e+05
1.7049e+05
1.6853e+05
1.6651e+05
1.6444e+05
1.6231e+05
1.6012e+05
1.5789e+05
1.556e+05
1.5326e+05
1.5087e+05
1.4844e+05
1.4596e+05
1.4344e+05
1.4087e+05
1.3826e+05
1.3561e+05
1.3292e+05
1.3019e+05
1.2742e+05
1.2463e+05
1.218e+05
1.1894e+05
1.1605e+05
1.1314e+05
1.102e+05
1.0724e+05
1.0427e+05
1.0128e+05
98283
95276
92264
89252
86242
83238
80245
77267
74307
71371
68462
65584
62742
59941
57184
54475
51820
49221
46683
44210
41806
39473
37215
35035
32936
30920
28990
27147
25392
23728
22154
20672
19282
17982
16774
15655
14624
13681
12822
12045
11348
10728
10180
9703.1
9291.7
8942.1
8650.2
8411.4
8221.2
8075
7968
7895.3
7852.3
7834
7835.9
7853.2
7881.4
7916.3
7953.7
7989.6
8020.4
8042.8
8053.7
8050.3
8030.4
7991.9
7933.3
7853.4
7751.5
7627.2
7480.8
7312.9
7124.4
6916.8
6692
6452.3
6200.4
5939.4
5672.7
5404.2
5137.8
4878
4629.3
4396.5
4184.6
3998.6
3843.7
3725
3647.7
3616.8
3637.5
3714.4
3852.2
4055.3
4327.8
4673.3
5095.3
5596.5
6179.4
6846
7597.7
8435.1
9358.7
10368
11462
12638
13895
15230
16638
18115
19657
21257
22909
24606
26341
28105
29890
31688
33487
35280
37055
38802
40511
42171
43771
45301
46751
48110
49369
50516
51545
52445
53208
53828
54298
54611
54763
54751
54570
54220
53700
53010
52152
51129
49946
48608
47123
45499
43747
41877
39902
37836
35696
33497
31258
28997
26736
24497
22300
20171
18134
16213
14435
12826
11414
10225
9288.2
8630.1
8278.8
8262.1
8607.4
9341.8
10492
12083
14141
16690
19753
23352
27509
32241
37568
43505
50068
57268
65117
73624
82795
92634
1.0314e+05
1.1433e+05
1.2618e+05
1.3869e+05
1.5187e+05
1.6569e+05
1.8015e+05
1.9523e+05
2.1092e+05
2.2719e+05
2.4403e+05
2.6142e+05
2.7932e+05
2.9771e+05
3.1656e+05
3.3584e+05
3.5551e+05
3.7555e+05
3.959e+05
4.1653e+05
4.3741e+05
4.5849e+05
4.7972e+05
5.0107e+05
5.2249e+05
5.4393e+05
5.6534e+05
5.8668e+05
6.0791e+05
6.2897e+05
6.4982e+05
6.704e+05
6.9068e+05
7.1061e+05
7.3014e+05
7.4922e+05
7.6781e+05
7.8588e+05
8.0336e+05
8.2024e+05
8.3646e+05
8.5199e+05
8.6679e+05
8.8083e+05
8.9408e+05
9.065e+05
9.1808e+05
9.2878e+05
9.3858e+05
9.4746e+05
9.554e+05
9.6239e+05
9.6841e+05
9.7345e+05
9.7751e+05
9.8057e+05
9.8263e+05
9.837e+05
9.8378e+05
9.8286e+05
9.8096e+05
9.7809e+05
9.7425e+05
9.6947e+05
9.6375e+05
9.5712e+05
9.496e+05
9.412e+05
9.3196e+05
9.2191e+05
9.1106e+05
8.9945e+05
8.8711e+05
8.7407e+05
8.6037e+05
8.4605e+05
8.3113e+05
8.1565e+05
7.9966e+05
7.8319e+05
7.6628e+05
7.4897e+05
7.313e+05
7.1331e+05
6.9504e+05
6.7653e+05
6.5782e+05
6.3894e+05
6.1994e+05
6.0086e+05
5.8173e+05
5.6259e+05
5.4347e+05
5.2441e+05
5.0545e+05
4.8661e+05
4.6794e+05
4.4945e+05
4.3119e+05
4.1317e+05
3.9542e+05
3.7797e+05
3.6084e+05
3.4406e+05
3.2765e+05
3.1161e+05
2.9598e+05
2.8077e+05
2.6599e+05
2.5165e+05
2.3777e+05
2.2435e+05
2.1141e+05
1.9894e+05
1.8696e+05
1.7547e+05
1.6447e+05
1.5396e+05
1.4395e+05
1.3442e+05
1.2538e+05
1.1682e+05
1.0873e+05
1.0112e+05
93969
87273
81021
75203
69810
64828
60246
56050
52228
48764
45645
42857
40383
38210
36321
34700
33334
32205
31299
30600
30092
29761
29592
29570
29682
29912
30247
30675
31183
31757
32387
33062
33769
34500
35243
35991
36735
37465
38176
38859
39510
40121
40687
41205
41669
42076
42423
42708
42928
43082
43169
43187
43138
43020
42835
42584
42267
41886
41444
40943
40384
39771
39107
38394
37636
36837
36000
35129
34227
33298
32347
31376
30391
29394
28390
27382
26374
25370
24372
23386
22413
21457
20521
19608
18720
17860
17030
16232
15469
14741
14050
13397
12784
12212
11680
11190
10742
10335
9969.4
9645.1
9361.4
9117.5
8912.5
8745.3
8614.7
8519.4
8457.8
8428.3
8429.1
8458.4
8514.2
8594.5
8697.1
8820
8960.8
9117.4
9287.4
9468.5
9658.6
9855.2
10056
10259
10462
10663
10859
11049
11231
11403
11563
11709
11841
11956
12054
12133
12192
12230
12247
12242
12214
12163
12089
11992
11872
11729
11563
11374
11164
10933
10682
10411
10122
9815.9
9493.3
9155.9
8804.7
8441.3
8066.9
7683.1
7291.3
6893.1
6489.9
6083.2
5674.7
5265.8
4858
4452.7
4051.5
3655.8
3266.8
2885.8
2514.2
2153.1
1803.5
1466.6
1143.1
834.01
540.04
261.85
0
