80561
83845
87206
90639
94141
97707
1.0133e+05
1.0502e+05
1.0875e+05
1.1253e+05
1.1636e+05
1.2022e+05
1.2412e+05
1.2805e+05
1.32e+05
1.3597e+05
1.3996e+05
1.4395e+05
1.4796e+05
1.5196e+05
1.5596e+05
1.5996e+05
1.6394e+05
1.679e+05
1.7184e+05
1.7576e+05
1.7965e+05
1.835e+05
1.8731e+05
1.9108e+05
1.9481e+05
1.9848e+05
2.021e+05
2.0567e+05
2.0917e+05
2.1261e+05
2.1599e+05
2.1929e+05
2.2252e+05
2.2568e+05
2.2876e+05
2.3175e+05
2.3467e+05
2.375e+05
2.4025e+05
2.4291e+05
2.4549e+05
2.4797e+05
2.5036e+05
2.5266e+05
2.5487e+05
2.5699e+05
2.5901e+05
2.6094e+05
2.6278e+05
2.6453e+05
2.6618e+05
2.6775e+05
2.6922e+05
2.706e+05
2.719e+05
2.731e+05
2.7422e+05
2.7526e+05
2.7621e+05
2.7709e+05
2.7788e+05
2.7859e+05
2.7923e+05
2.798e+05
2.8029e+05
2.8072e+05
2.8108e+05
2.8138e+05
2.8161e+05
2.8179e+05
2.8191e+05
2.8198e+05
2.82e+05
2.8197e+05
2.819e+05
2.8178e+05
2.8163e+05
2.8144e+05
2.8122e+05
2.8096e+05
2.8068e+05
2.8037e+05
2.8004e+05
2.7969e+05
2.7932e+05
2.7894e+05
2.7855e+05
2.7814e+05
2.7773e+05
2.7731e+05
2.7689e+05
2.7647e+05
2.7605e+05
2.7563e+05
2.7522e+05
2.7482e+05
2.7442e+05
2.7403e+05
2.7366e+05
2.7329e+05
2.7294e+05
2.7261e+05
2.7229e+05
2.7199e+05
2.7171e+05
2.7144e+05
2.7119e+05
2.7097e+05
2.7076e+05
2.7057e+05
2.704e+05
2.7026e+05
2.7013e+05
2.7002e+05
2.6994e+05
2.6987e+05
2.6982e+05
2.698e+05
2.6978e+05
2.6979e+05
2.6982e+05
2.6986e+05
2.6991e+05
2.6998e+05
2.7007e+05
2.7016e+05
2.7027e+05
2.7039e+05
2.7051e+05
2.7065e+05
2.7079e+05
2.7094e+05
2.7109e+05
2.7124e+05
2.714e+05
2.7155e+05
2.7171e+05
2.7186e+05
2.7201e+05
2.7215e+05
2.7229e+05
2.7242e+05
2.7254e+05
2.7265e+05
2.7275e+05
2.7283e+05
2.7291e+05
2.7296e+05
2.73e+05
2.7302e+05
2.7303e+05
2.7301e+05
2.7297e+05
2.7291e+05
2.7283e+05
2.7272e+05
2.7259e+05
2.7244e+05
2.7225e+05
2.7204e+05
2.718e+05
2.7154e+05
2.7124e+05
2.7091e+05
2.7055e+05
2.7016e+05
2.6974e+05
2.6929e+05
2.688e+05
2.6828e+05
2.6773e+05
2.6714e+05
2.6652e+05
2.6586e+05
2.6517e+05
2.6445e+05
2.6369e+05
2.6289e+05
2.6206e+05
2.6119e+05
2.6028e+05
2.5934e+05
2.5837e+05
2.5735e+05
2.5631e+05
2.5522e+05
2.541e+05
2.5294e+05
2.5175e+05
2.5052e+05
2.4925e+05
2.4795e+05
2.4661e+05
2.4524e+05
2.4383e+05
2.4239e+05
2.409e+05
2.3939e+05
2.3783e+05
2.3625e+05
2.3462e+05
2.3297e+05
2.3127e+05
2.2955e+05
2.2778e+05
2.2599e+05
2.2416e+05
2.2229e+05
2.2039e+05
2.1846e+05
2.165e+05
2.145e+05
2.1247e+05
2.1041e+05
2.0831e+05
2.0619e+05
2.0403e+05
2.0184e+05
1.9963e+05
1.9738e+05
1.951e+05
1.928e+05
1.9047e+05
1.8811e+05
1.8573e+05
1.8332e+05
1.8089e+05
1.7843e+05
1.7595e+05
1.7344e+05
1.7092e+05
1.6838e+05
1.6581e+05
1.6323e+05
1.6063e+05
1.5802e+05
1.5539e+05
1.5276e+05
1.501e+05
1.4744e+05
1.4477e+05
1.421e+05
1.3941e+05
1.3673e+05
1.3404e+05
1.3135e+05
1.2866e+05
1.2598e+05
1.233e+05
1.2062e+05
1.1796e+05
1.153e+05
1.1266e+05
1.1003e+05
1.0741e+05
1.0482e+05
1.0224e+05
99687
97156
94650
92172
89723
87305
84921
82571
80258
77984
75750
73559
71411
69308
67252
65244
63286
61379
59525
57723
55977
54285
52651
51073
49554
48093
46691
45349
44066
42843
41680
40577
39533
38549
37623
36756
35947
35194
34497
33855
33267
32731
32246
31810
31422
31081
30783
30528
30313
30136
29995
29888
29812
29764
29743
29746
29770
29812
29870
29941
30022
30111
30204
30300
30394
30485
30571
30647
30712
30763
30797
30813
30807
30778
30724
30642
30530
30388
30213
30003
29758
29477
29157
28799
28402
27965
27489
26973
26417
25821
25188
24516
23807
23063
22285
21475
20634
19766
18872
17955
17018
16064
15097
14121
13138
12154
11172
10197
9234.6
8288.6
7364.4
6467.6
5603.6
4778
3996.8
3266
2591.7
1980.3
1438.2
971.92
588.19
293.72
95.361
0
14.593
146.13
401.64
788.14
1312.7
1982.3
2803.9
3784.4
4930.8
6249.8
7748.2
9432.5
11309
13385
15665
18156
20864
23795
26953
30344
33974
37846
41965
46335
50961
55845
60990
66401
72079
78027
84245
90737
97503
1.0454e+05
1.1186e+05
1.1945e+05
1.2731e+05
1.3545e+05
1.4386e+05
1.5254e+05
1.6149e+05
1.707e+05
1.8018e+05
1.8991e+05
1.9991e+05
2.1015e+05
2.2063e+05
2.3136e+05
2.4233e+05
2.5352e+05
2.6494e+05
2.7657e+05
2.8841e+05
3.0045e+05
3.1269e+05
3.2511e+05
3.3771e+05
3.5047e+05
3.6339e+05
3.7646e+05
3.8967e+05
4.03e+05
4.1645e+05
4.3001e+05
4.4366e+05
4.5739e+05
4.7119e+05
4.8505e+05
4.9896e+05
5.1291e+05
5.2687e+05
5.4084e+05
5.5481e+05
5.6877e+05
5.8269e+05
5.9657e+05
6.1039e+05
6.2415e+05
6.3782e+05
6.5139e+05
6.6486e+05
6.782e+05
6.9141e+05
7.0447e+05
7.1736e+05
7.3008e+05
7.4262e+05
7.5495e+05
7.6707e+05
7.7897e+05
7.9063e+05
8.0204e+05
8.1319e+05
8.2407e+05
8.3467e+05
8.4498e+05
8.5498e+05
8.6466e+05
8.7403e+05
8.8306e+05
8.9175e+05
9.0009e+05
9.0807e+05
9.1568e+05
9.2292e+05
9.2978e+05
9.3625e+05
9.4233e+05
9.4801e+05
9.5328e+05
9.5815e+05
9.626e+05
9.6663e+05
9.7025e+05
9.7344e+05
9.762e+05
9.7854e+05
9.8045e+05
9.8192e+05
9.8297e+05
9.8359e+05
9.8378e+05
9.8354e+05
9.8287e+05
9.8178e+05
9.8026e+05
9.7833e+05
9.7598e+05
9.7322e+05
9.7005e+05
9.6647e+05
9.625e+05
9.5814e+05
9.5339e+05
9.4826e+05
9.4276e+05
9.369e+05
9.3067e+05
9.2409e+05
9.1718e+05
9.0993e+05
9.0235e+05
8.9446e+05
8.8626e+05
8.7776e+05
8.6898e+05
8.5992e+05
8.506e+05
8.4102e+05
8.3119e+05
8.2113e+05
8.1084e+05
8.0035e+05
7.8965e+05
7.7876e+05
7.677e+05
7.5647e+05
7.4508e+05
7.3355e+05
7.2188e+05
7.101e+05
6.982e+05
6.8621e+05
6.7413e+05
6.6198e+05
6.4977e+05
6.375e+05
6.2519e+05
6.1285e+05
6.0049e+05
5.8812e+05
5.7575e+05
5.6339e+05
5.5106e+05
5.3876e+05
5.265e+05
5.1429e+05
5.0214e+05
4.9006e+05
4.7806e+05
4.6615e+05
4.5433e+05
4.4262e+05
4.3101e+05
4.1953e+05
4.0817e+05
3.9694e+05
3.8585e+05
3.749e+05
3.6411e+05
3.5347e+05
3.43e+05
3.3269e+05
3.2255e+05
3.1259e+05
3.0281e+05
2.9322e+05
2.8381e+05
2.7459e+05
2.6557e+05
2.5674e+05
2.4811e+05
2.3968e+05
2.3145e+05
2.2342e+05
2.156e+05
2.0798e+05
2.0057e+05
1.9337e+05
1.8637e+05
1.7957e+05
1.7298e+05
1.666e+05
1.6041e+05
1.5443e+05
1.4865e+05
1.4307e+05
1.3768e+05
1.3249e+05
1.2749e+05
1.2269e+05
1.1806e+05
1.1363e+05
1.0937e+05
1.053e+05
1.014e+05
97667
94106
90711
87476
84400
81477
78704
76077
73591
71244
69030
66945
64986
63148
61426
59818
58317
56921
55625
54425
53317
52297
51360
50502
49721
49011
48370
47793
47276
46816
46410
46054
45744
45477
45251
45062
44907
44783
44687
44617
44570
44543
44534
44541
44562
44593
44634
44683
44737
44795
44855
44916
44976
45034
45089
45139
45184
45222
45252
45275
45288
45291
45284
45265
45236
45194
45141
45075
44996
44904
44799
44682
44551
44407
44250
44080
43897
43702
43494
43274
43042
42798
42543
42277
41999
41712
41414
41106
40789
40463
40129
39786
39435
39077
38711
38339
37960
37576
37185
36790
36390
35985
35575
35162
34745
34325
33902
33477
33049
32618
32186
31752
31317
30880
30442
30004
29565
29125
28685
28245
27805
27364
26925
26485
26046
25607
25169
24732
24295
