1.6753e+05
1.7028e+05
1.7305e+05
1.7583e+05
1.7862e+05
1.8142e+05
1.8423e+05
1.8704e+05
1.8986e+05
1.9267e+05
1.9549e+05
1.983e+05
2.011e+05
2.039e+05
2.0669e+05
2.0947e+05
2.1223e+05
2.1498e+05
2.1772e+05
2.2043e+05
2.2312e+05
2.2579e+05
2.2844e+05
2.3106e+05
2.3365e+05
2.3621e+05
2.3874e+05
2.4124e+05
2.437e+05
2.4613e+05
2.4852e+05
2.5087e+05
2.5318e+05
2.5546e+05
2.5768e+05
2.5987e+05
2.6201e+05
2.6411e+05
2.6615e+05
2.6816e+05
2.7011e+05
2.7201e+05
2.7387e+05
2.7567e+05
2.7742e+05
2.7912e+05
2.8077e+05
2.8237e+05
2.8391e+05
2.854e+05
2.8684e+05
2.8823e+05
2.8956e+05
2.9084e+05
2.9206e+05
2.9324e+05
2.9436e+05
2.9542e+05
2.9644e+05
2.974e+05
2.9832e+05
2.9918e+05
2.9999e+05
3.0075e+05
3.0147e+05
3.0213e+05
3.0275e+05
3.0333e+05
3.0385e+05
3.0434e+05
3.0478e+05
3.0518e+05
3.0553e+05
3.0585e+05
3.0613e+05
3.0637e+05
3.0657e+05
3.0674e+05
3.0688e+05
3.0698e+05
3.0705e+05
3.0709e+05
3.0711e+05
3.0709e+05
3.0705e+05
3.0699e+05
3.069e+05
3.0679e+05
3.0667e+05
3.0652e+05
3.0636e+05
3.0618e+05
3.0598e+05
3.0577e+05
3.0556e+05
3.0533e+05
3.0509e+05
3.0484e+05
3.0459e+05
3.0433e+05
3.0407e+05
3.038e+05
3.0353e+05
3.0326e+05
3.03e+05
3.0273e+05
3.0247e+05
3.022e+05
3.0195e+05
3.0169e+05
3.0145e+05
3.0121e+05
3.0097e+05
3.0075e+05
3.0053e+05
3.0032e+05
3.0012e+05
2.9993e+05
2.9974e+05
2.9957e+05
2.9941e+05
2.9926e+05
2.9912e+05
2.9898e+05
2.9886e+05
2.9875e+05
2.9865e+05
2.9856e+05
2.9848e+05
2.984e+05
2.9834e+05
2.9828e+05
2.9823e+05
2.9818e+05
2.9815e+05
2.9811e+05
2.9809e+05
2.9806e+05
2.9804e+05
2.9802e+05
2.9801e+05
2.9799e+05
2.9797e+05
2.9795e+05
2.9792e+05
2.9789e+05
2.9786e+05
2.9782e+05
2.9777e+05
2.9771e+05
2.9764e+05
2.9756e+05
2.9747e+05
2.9736e+05
2.9723e+05
2.9709e+05
2.9693e+05
2.9675e+05
2.9655e+05
2.9633e+05
2.9608e+05
2.9581e+05
2.9551e+05
2.9518e+05
2.9482e+05
2.9444e+05
2.9402e+05
2.9357e+05
2.9308e+05
2.9256e+05
2.9201e+05
2.9141e+05
2.9078e+05
2.9011e+05
2.894e+05
2.8865e+05
2.8785e+05
2.8702e+05
2.8614e+05
2.8522e+05
2.8425e+05
2.8324e+05
2.8218e+05
2.8107e+05
2.7993e+05
2.7873e+05
2.7749e+05
2.762e+05
2.7486e+05
2.7348e+05
2.7205e+05
2.7057e+05
2.6905e+05
2.6748e+05
2.6586e+05
2.642e+05
2.625e+05
2.6075e+05
2.5896e+05
2.5712e+05
2.5524e+05
2.5332e+05
2.5136e+05
2.4937e+05
2.4733e+05
2.4525e+05
2.4314e+05
2.4099e+05
2.3881e+05
2.366e+05
2.3436e+05
2.3208e+05
2.2978e+05
2.2745e+05
2.251e+05
2.2272e+05
2.2032e+05
2.179e+05
2.1545e+05
2.13e+05
2.1052e+05
2.0804e+05
2.0554e+05
2.0303e+05
2.0051e+05
1.9798e+05
1.9545e+05
1.9292e+05
1.9038e+05
1.8785e+05
1.8531e+05
1.8278e+05
1.8026e+05
1.7774e+05
1.7523e+05
1.7273e+05
1.7024e+05
1.6777e+05
1.6531e+05
1.6287e+05
1.6044e+05
1.5804e+05
1.5565e+05
1.5329e+05
1.5095e+05
1.4863e+05
1.4634e+05
1.4408e+05
1.4184e+05
1.3964e+05
1.3746e+05
1.3531e+05
1.332e+05
1.3111e+05
1.2906e+05
1.2704e+05
1.2506e+05
1.231e+05
1.2119e+05
1.193e+05
1.1745e+05
1.1564e+05
1.1386e+05
1.1212e+05
1.1041e+05
1.0873e+05
1.0709e+05
1.0548e+05
1.0391e+05
1.0236e+05
1.0086e+05
99379
97932
96517
95130
93773
92443
91141
89864
88612
87384
86178
84994
83831
82686
81559
80448
79353
78271
77202
76144
75096
74056
73023
71996
70973
69954
68936
67919
66901
65882
64859
63832
62800
61761
60715
59661
58598
57525
56442
55347
54240
53121
51989
50844
49686
48515
47330
46131
44919
43694
42457
41207
39945
38672
37389
36097
34797
33489
32175
30857
29535
28212
26889
25568
24251
22940
21637
20344
19064
17800
16553
15326
14123
12946
11798
10683
9602.3
8560.8
7561.2
6607
5701.7
4848.8
4052
3314.9
2641.3
2034.9
1499.6
1039.3
657.87
359.25
147.4
26.319
0
72.449
247.67
529.67
922.43
1429.9
2056.1
2804.9
3680.2
4685.9
5825.6
7103.3
8522.4
10087
11800
13665
15686
17865
20207
22713
25388
28233
31252
34447
37821
41376
45114
49037
53147
57446
61935
66616
71489
76557
81819
87277
92931
98781
1.0483e+05
1.1107e+05
1.1751e+05
1.2414e+05
1.3097e+05
1.3799e+05
1.4521e+05
1.5262e+05
1.6021e+05
1.68e+05
1.7597e+05
1.8412e+05
1.9246e+05
2.0098e+05
2.0967e+05
2.1853e+05
2.2757e+05
2.3677e+05
2.4614e+05
2.5566e+05
2.6534e+05
2.7517e+05
2.8515e+05
2.9527e+05
3.0553e+05
3.1592e+05
3.2643e+05
3.3707e+05
3.4782e+05
3.5869e+05
3.6966e+05
3.8073e+05
3.9189e+05
4.0314e+05
4.1447e+05
4.2587e+05
4.3734e+05
4.4887e+05
4.6045e+05
4.7208e+05
4.8375e+05
4.9545e+05
5.0717e+05
5.1891e+05
5.3066e+05
5.4242e+05
5.5416e+05
5.659e+05
5.7761e+05
5.8929e+05
6.0094e+05
6.1255e+05
6.241e+05
6.3559e+05
6.4701e+05
6.5836e+05
6.6963e+05
6.808e+05
6.9188e+05
7.0284e+05
7.137e+05
7.2443e+05
7.3504e+05
7.4551e+05
7.5583e+05
7.66e+05
7.7602e+05
7.8587e+05
7.9554e+05
8.0504e+05
8.1436e+05
8.2348e+05
8.324e+05
8.4111e+05
8.4962e+05
8.5791e+05
8.6597e+05
8.7381e+05
8.8141e+05
8.8877e+05
8.9589e+05
9.0276e+05
9.0937e+05
9.1573e+05
9.2182e+05
9.2765e+05
9.332e+05
9.3848e+05
9.4348e+05
9.482e+05
9.5264e+05
9.5679e+05
9.6065e+05
9.6422e+05
9.6749e+05
9.7047e+05
9.7315e+05
9.7553e+05
9.7762e+05
9.794e+05
9.8088e+05
9.8205e+05
9.8293e+05
9.835e+05
9.8378e+05
9.8375e+05
9.8342e+05
9.8279e+05
9.8186e+05
9.8064e+05
9.7912e+05
9.7731e+05
9.7521e+05
9.7282e+05
9.7014e+05
9.6718e+05
9.6394e+05
9.6043e+05
9.5664e+05
9.5258e+05
9.4825e+05
9.4367e+05
9.3882e+05
9.3372e+05
9.2838e+05
9.2278e+05
9.1695e+05
9.1089e+05
9.0459e+05
8.9807e+05
8.9133e+05
8.8438e+05
8.7722e+05
8.6986e+05
8.6231e+05
8.5456e+05
8.4664e+05
8.3853e+05
8.3025e+05
8.2181e+05
8.1321e+05
8.0446e+05
7.9556e+05
7.8653e+05
7.7736e+05
7.6807e+05
7.5866e+05
7.4914e+05
7.3951e+05
7.2979e+05
7.1997e+05
7.1007e+05
7.0009e+05
6.9004e+05
6.7993e+05
6.6976e+05
6.5954e+05
6.4928e+05
6.3897e+05
6.2864e+05
6.1828e+05
6.0791e+05
5.9752e+05
5.8713e+05
5.7673e+05
5.6635e+05
5.5598e+05
5.4563e+05
5.353e+05
5.25e+05
5.1474e+05
5.0452e+05
4.9435e+05
4.8423e+05
4.7417e+05
4.6417e+05
4.5424e+05
4.4438e+05
4.346e+05
4.249e+05
4.1529e+05
4.0576e+05
3.9634e+05
3.87e+05
3.7778e+05
3.6865e+05
3.5964e+05
3.5074e+05
3.4196e+05
3.3329e+05
3.2475e+05
3.1633e+05
3.0804e+05
2.9987e+05
2.9184e+05
2.8395e+05
2.7619e+05
2.6856e+05
2.6108e+05
2.5374e+05
2.4654e+05
2.3948e+05
2.3257e+05
2.2581e+05
2.1919e+05
2.1271e+05
2.0639e+05
2.0021e+05
1.9418e+05
1.883e+05
1.8256e+05
1.7698e+05
1.7154e+05
1.6625e+05
1.6111e+05
1.5611e+05
1.5126e+05
1.4655e+05
1.4198e+05
1.3756e+05
1.3328e+05
1.2913e+05
1.2513e+05
1.2126e+05
1.1753e+05
1.1393e+05
1.1047e+05
1.0713e+05
1.0392e+05
1.0084e+05
97879
95043
92327
89728
87244
84874
82615
80463
78418
76476
74635
72892
71245
69691
68228
66853
65564
64357
63231
62182
61208
60306
59474
58709
58009
57370
56791
56269
55801
55385
55018
54698
54422
54189
53995
53839
53718
53630
53573
53544
53542
53565
53610
53676
53760
53861
53977
54106
54246
54397
54555
54721
54891
55065
55242
55419
55596
55772
55944
56113
56277
56435
56586
56729
56863
56988
57102
57206
57297
57376
57442
57495
57533
57557
57566
57560
57538
57501
57447
57377
57290
57187
57067
56930
56776
56606
56419
56214
55994
55756
55502
55232
54946
54643
54325
53992
53643
53280
52901
52509
52102
51682
51248
50802
50343
49872
49388
48894
48388
47872
47346
