78614
81865
85192
88592
92062
95597
99194
1.0285e+05
1.0656e+05
1.1031e+05
1.1411e+05
1.1796e+05
1.2184e+05
1.2575e+05
1.2968e+05
1.3364e+05
1.3762e+05
1.4162e+05
1.4562e+05
1.4963e+05
1.5363e+05
1.5764e+05
1.6163e+05
1.6562e+05
1.6958e+05
1.7353e+05
1.7745e+05
1.8134e+05
1.852e+05
1.8902e+05
1.928e+05
1.9654e+05
2.0022e+05
2.0386e+05
2.0744e+05
2.1097e+05
2.1443e+05
2.1783e+05
2.2116e+05
2.2443e+05
2.2762e+05
2.3074e+05
2.3378e+05
2.3675e+05
2.3963e+05
2.4244e+05
2.4516e+05
2.478e+05
2.5036e+05
2.5282e+05
2.5521e+05
2.575e+05
2.5971e+05
2.6183e+05
2.6386e+05
2.658e+05
2.6766e+05
2.6943e+05
2.7111e+05
2.727e+05
2.7421e+05
2.7564e+05
2.7698e+05
2.7824e+05
2.7942e+05
2.8052e+05
2.8154e+05
2.8249e+05
2.8336e+05
2.8416e+05
2.8489e+05
2.8555e+05
2.8614e+05
2.8667e+05
2.8714e+05
2.8755e+05
2.879e+05
2.8819e+05
2.8844e+05
2.8863e+05
2.8877e+05
2.8887e+05
2.8893e+05
2.8895e+05
2.8893e+05
2.8887e+05
2.8878e+05
2.8867e+05
2.8852e+05
2.8835e+05
2.8815e+05
2.8794e+05
2.8771e+05
2.8746e+05
2.872e+05
2.8692e+05
2.8664e+05
2.8635e+05
2.8605e+05
2.8575e+05
2.8545e+05
2.8514e+05
2.8484e+05
2.8454e+05
2.8425e+05
2.8396e+05
2.8368e+05
2.834e+05
2.8314e+05
2.8288e+05
2.8264e+05
2.8241e+05
2.8219e+05
2.8198e+05
2.8179e+05
2.8162e+05
2.8145e+05
2.813e+05
2.8117e+05
2.8105e+05
2.8095e+05
2.8086e+05
2.8079e+05
2.8073e+05
2.8069e+05
2.8066e+05
2.8065e+05
2.8064e+05
2.8066e+05
2.8068e+05
2.8071e+05
2.8076e+05
2.8081e+05
2.8088e+05
2.8095e+05
2.8103e+05
2.8112e+05
2.8121e+05
2.8131e+05
2.8141e+05
2.8151e+05
2.8162e+05
2.8172e+05
2.8182e+05
2.8193e+05
2.8202e+05
2.8212e+05
2.8221e+05
2.8229e+05
2.8237e+05
2.8243e+05
2.8249e+05
2.8253e+05
2.8257e+05
2.8259e+05
2.8259e+05
2.8258e+05
2.8256e+05
2.8251e+05
2.8245e+05
2.8237e+05
2.8226e+05
2.8214e+05
2.8199e+05
2.8182e+05
2.8162e+05
2.814e+05
2.8115e+05
2.8088e+05
2.8058e+05
2.8025e+05
2.7989e+05
2.7949e+05
2.7907e+05
2.7862e+05
2.7813e+05
2.7761e+05
2.7706e+05
2.7647e+05
2.7585e+05
2.7519e+05
2.745e+05
2.7377e+05
2.73e+05
2.722e+05
2.7135e+05
2.7047e+05
2.6955e+05
2.6859e+05
2.6759e+05
2.6655e+05
2.6547e+05
2.6435e+05
2.6319e+05
2.6199e+05
2.6074e+05
2.5945e+05
2.5812e+05
2.5675e+05
2.5534e+05
2.5388e+05
2.5238e+05
2.5084e+05
2.4926e+05
2.4763e+05
2.4596e+05
2.4424e+05
2.4248e+05
2.4068e+05
2.3884e+05
2.3695e+05
2.3502e+05
2.3305e+05
2.3104e+05
2.2898e+05
2.2689e+05
2.2475e+05
2.2257e+05
2.2035e+05
2.1809e+05
2.1579e+05
2.1345e+05
2.1107e+05
2.0866e+05
2.0621e+05
2.0372e+05
2.012e+05
1.9864e+05
1.9605e+05
1.9343e+05
1.9077e+05
1.8809e+05
1.8537e+05
1.8263e+05
1.7986e+05
1.7707e+05
1.7425e+05
1.7141e+05
1.6855e+05
1.6567e+05
1.6278e+05
1.5986e+05
1.5693e+05
1.5399e+05
1.5104e+05
1.4808e+05
1.4512e+05
1.4215e+05
1.3917e+05
1.362e+05
1.3323e+05
1.3026e+05
1.2729e+05
1.2434e+05
1.2139e+05
1.1846e+05
1.1554e+05
1.1264e+05
1.0976e+05
1.069e+05
1.0407e+05
1.0126e+05
98475
95725
93008
90326
87682
85078
82515
79997
77525
75100
72726
70403
68134
65921
63764
61666
59629
57652
55739
53889
52105
50387
48736
47152
45637
44191
42814
41506
40268
39100
38002
36972
36012
35120
34295
33537
32845
32218
31655
31154
30713
30331
30007
29739
29524
29360
29245
29178
29154
29173
29231
29326
29454
29613
29801
30013
30248
30501
30770
31052
31344
31642
31943
32245
32543
32835
33117
33388
33643
33880
34096
34288
34453
34590
34695
34766
34801
34798
34756
34671
34543
34370
34151
33886
33572
33210
32798
32338
31828
31269
30662
30007
29305
28557
27765
26930
26055
25140
24190
23206
22191
21149
20083
18996
17893
16777
15653
14526
13401
12281
11173
10083
9015
7975.7
6971
6007
5090.2
4226.9
3423.9
2687.9
2025.8
1444.5
951.03
552.64
256.5
69.853
0
54.25
239.92
564.33
1034.8
1658.5
2442.6
3394.4
4520.8
5828.8
7325.2
9016.7
10910
13011
15326
17862
20624
23617
26848
30320
34040
38011
42237
46724
51474
56490
61776
67335
73168
79277
85664
92331
99277
1.065e+05
1.1401e+05
1.218e+05
1.2986e+05
1.382e+05
1.4682e+05
1.5571e+05
1.6487e+05
1.743e+05
1.8399e+05
1.9395e+05
2.0416e+05
2.1462e+05
2.2532e+05
2.3627e+05
2.4745e+05
2.5886e+05
2.7048e+05
2.8233e+05
2.9437e+05
3.0662e+05
3.1905e+05
3.3167e+05
3.4445e+05
3.574e+05
3.705e+05
3.8373e+05
3.971e+05
4.1059e+05
4.2419e+05
4.3789e+05
4.5167e+05
4.6553e+05
4.7945e+05
4.9342e+05
5.0742e+05
5.2145e+05
5.3549e+05
5.4953e+05
5.6356e+05
5.7756e+05
5.9152e+05
6.0542e+05
6.1926e+05
6.3301e+05
6.4667e+05
6.6023e+05
6.7366e+05
6.8696e+05
7.0011e+05
7.1311e+05
7.2593e+05
7.3856e+05
7.5099e+05
7.6322e+05
7.7522e+05
7.8698e+05
7.985e+05
8.0976e+05
8.2075e+05
8.3146e+05
8.4187e+05
8.5198e+05
8.6179e+05
8.7126e+05
8.8041e+05
8.8921e+05
8.9767e+05
9.0577e+05
9.135e+05
9.2086e+05
9.2784e+05
9.3443e+05
9.4062e+05
9.4642e+05
9.5182e+05
9.568e+05
9.6138e+05
9.6553e+05
9.6927e+05
9.7258e+05
9.7547e+05
9.7793e+05
9.7996e+05
9.8156e+05
9.8273e+05
9.8347e+05
9.8378e+05
9.8366e+05
9.8311e+05
9.8214e+05
9.8075e+05
9.7893e+05
9.767e+05
9.7406e+05
9.7101e+05
9.6755e+05
9.637e+05
9.5945e+05
9.5482e+05
9.4981e+05
9.4442e+05
9.3866e+05
9.3255e+05
9.2608e+05
9.1928e+05
9.1213e+05
9.0466e+05
8.9687e+05
8.8878e+05
8.8038e+05
8.717e+05
8.6274e+05
8.5351e+05
8.4402e+05
8.3429e+05
8.2431e+05
8.1412e+05
8.0371e+05
7.9309e+05
7.8228e+05
7.713e+05
7.6014e+05
7.4883e+05
7.3737e+05
7.2577e+05
7.1405e+05
7.0222e+05
6.9029e+05
6.7827e+05
6.6617e+05
6.5401e+05
6.4179e+05
6.2952e+05
6.1722e+05
6.049e+05
5.9257e+05
5.8024e+05
5.6791e+05
5.556e+05
5.4333e+05
5.3109e+05
5.189e+05
5.0676e+05
4.9469e+05
4.827e+05
4.7079e+05
4.5898e+05
4.4726e+05
4.3565e+05
4.2415e+05
4.1278e+05
4.0154e+05
3.9043e+05
3.7946e+05
3.6864e+05
3.5798e+05
3.4747e+05
3.3713e+05
3.2696e+05
3.1696e+05
3.0713e+05
2.9749e+05
2.8803e+05
2.7876e+05
2.6968e+05
2.608e+05
2.521e+05
2.4361e+05
2.3532e+05
2.2722e+05
2.1933e+05
2.1164e+05
2.0415e+05
1.9687e+05
1.8979e+05
1.8291e+05
1.7623e+05
1.6976e+05
1.6349e+05
1.5742e+05
1.5154e+05
1.4587e+05
1.4038e+05
1.3509e+05
1.3e+05
1.2509e+05
1.2036e+05
1.1582e+05
1.1146e+05
1.0728e+05
1.0327e+05
99430
95760
92253
88907
85718
82682
79794
77052
74452
71988
69658
67457
65381
63426
61587
59861
58244
56731
55318
54001
52776
51639
50586
49613
48716
47892
47136
46445
45815
45243
44725
44258
43838
43462
43128
42831
42569
42340
42139
41966
41816
41688
41579
41487
41409
41344
41290
41244
41206
41172
41142
41114
41087
41059
41029
40995
40958
40915
40867
40811
40748
40677
40596
40506
40407
40296
40176
40044
39901
39746
39581
39403
39214
39013
38801
38578
38343
38097
37840
37572
37294
37005
36706
36398
36080
35753
35418
35074
34722
34362
33995
33621
33241
32854
32461
32063
31660
31252
30839
30423
30002
29578
29151
28721
28289
27854
27417
26978
26538
26097
25654
25211
24767
24322
23877
23432
22987
22542
22097
21653
21209
20766
20323
19882
19441
19000
18561
18123
17686
