23328
26598
30077
33758
37638
41708
45965
50399
55005
59775
64701
69774
74986
80328
85791
91365
97041
1.0281e+05
1.0866e+05
1.1458e+05
1.2056e+05
1.2659e+05
1.3267e+05
1.3877e+05
1.4489e+05
1.5102e+05
1.5715e+05
1.6326e+05
1.6936e+05
1.7542e+05
1.8143e+05
1.8739e+05
1.9329e+05
1.9912e+05
2.0486e+05
2.1051e+05
2.1606e+05
2.215e+05
2.2683e+05
2.3202e+05
2.3709e+05
2.4201e+05
2.4678e+05
2.514e+05
2.5585e+05
2.6014e+05
2.6426e+05
2.6819e+05
2.7195e+05
2.7551e+05
2.7889e+05
2.8206e+05
2.8505e+05
2.8782e+05
2.904e+05
2.9277e+05
2.9493e+05
2.9689e+05
2.9864e+05
3.0018e+05
3.0151e+05
3.0263e+05
3.0355e+05
3.0427e+05
3.0478e+05
3.0509e+05
3.052e+05
3.0512e+05
3.0484e+05
3.0438e+05
3.0373e+05
3.0291e+05
3.0191e+05
3.0073e+05
2.994e+05
2.979e+05
2.9625e+05
2.9445e+05
2.9251e+05
2.9044e+05
2.8823e+05
2.8591e+05
2.8347e+05
2.8091e+05
2.7826e+05
2.7552e+05
2.7268e+05
2.6977e+05
2.6678e+05
2.6373e+05
2.6063e+05
2.5747e+05
2.5427e+05
2.5104e+05
2.4777e+05
2.4449e+05
2.412e+05
2.379e+05
2.346e+05
2.3131e+05
2.2804e+05
2.2479e+05
2.2156e+05
2.1838e+05
2.1523e+05
2.1214e+05
2.091e+05
2.0612e+05
2.032e+05
2.0035e+05
1.9758e+05
1.949e+05
1.9229e+05
1.8978e+05
1.8736e+05
1.8504e+05
1.8283e+05
1.8071e+05
1.7871e+05
1.7682e+05
1.7504e+05
1.7337e+05
1.7183e+05
1.704e+05
1.691e+05
1.6792e+05
1.6686e+05
1.6592e+05
1.6511e+05
1.6442e+05
1.6385e+05
1.6341e+05
1.6309e+05
1.6289e+05
1.6281e+05
1.6285e+05
1.63e+05
1.6327e+05
1.6364e+05
1.6413e+05
1.6472e+05
1.6541e+05
1.662e+05
1.6709e+05
1.6807e+05
1.6914e+05
1.7029e+05
1.7152e+05
1.7282e+05
1.7419e+05
1.7563e+05
1.7713e+05
1.7868e+05
1.8029e+05
1.8194e+05
1.8363e+05
1.8535e+05
1.8711e+05
1.8888e+05
1.9068e+05
1.9249e+05
1.943e+05
1.9612e+05
1.9794e+05
1.9974e+05
2.0153e+05
2.0331e+05
2.0505e+05
2.0677e+05
2.0845e+05
2.101e+05
2.117e+05
2.1325e+05
2.1474e+05
2.1618e+05
2.1756e+05
2.1887e+05
2.2011e+05
2.2127e+05
2.2236e+05
2.2337e+05
2.2429e+05
2.2513e+05
2.2588e+05
2.2654e+05
2.271e+05
2.2757e+05
2.2794e+05
2.2821e+05
2.2838e+05
2.2844e+05
2.2841e+05
2.2827e+05
2.2803e+05
2.2769e+05
2.2724e+05
2.2669e+05
2.2604e+05
2.2528e+05
2.2443e+05
2.2347e+05
2.2242e+05
2.2127e+05
2.2002e+05
2.1869e+05
2.1726e+05
2.1574e+05
2.1413e+05
2.1245e+05
2.1068e+05
2.0883e+05
2.0691e+05
2.0491e+05
2.0285e+05
2.0072e+05
1.9852e+05
1.9627e+05
1.9396e+05
1.916e+05
1.8919e+05
1.8673e+05
1.8423e+05
1.8169e+05
1.7912e+05
1.7651e+05
1.7388e+05
1.7122e+05
1.6854e+05
1.6583e+05
1.6312e+05
1.6039e+05
1.5765e+05
1.549e+05
1.5215e+05
1.494e+05
1.4664e+05
1.439e+05
1.4115e+05
1.3842e+05
1.357e+05
1.3299e+05
1.3029e+05
1.2761e+05
1.2494e+05
1.2229e+05
1.1967e+05
1.1706e+05
1.1448e+05
1.1192e+05
1.0939e+05
1.0687e+05
1.0439e+05
1.0193e+05
99494
97086
94705
92351
90023
87721
85446
83197
80975
78778
76606
74460
72338
70240
68167
66117
64090
62087
60105
58146
56209
54294
52401
50529
48678
46850
45042
43257
41494
39753
38035
36340
34670
33023
31402
29808
28240
26700
25189
23709
22259
20843
19460
18113
16802
15530
14297
13105
11956
10851
9792.1
8780
7816.7
6903.4
6041.7
5232.8
4478.2
3778.9
3136.3
2551.3
2024.9
1557.9
1151.2
805.33
520.75
297.81
136.72
37.488
0
23.951
108.87
254.09
458.79
721.94
1042.3
1418.5
1849
2331.9
2865.2
3446.9
4074.4
4745.4
5457.1
6206.6
6990.8
7806.5
8650.3
9518.8
10408
11315
12235
13165
14099
15035
15968
16894
17808
18707
19585
20440
21266
22059
22816
23533
24205
24829
25402
25920
26380
26779
27115
27384
27586
27717
27776
27763
27675
27513
27276
26964
26578
26120
25589
24988
24319
23584
22788
21932
21022
20061
19054
18006
16924
15813
14679
13530
12373
11216
10067
8934.3
7826.7
6753.5
5724.3
4748.8
3837.3
2999.9
2247.5
1590.6
1040.4
608.06
304.78
142.01
131.22
283.92
611.66
1126
1838.3
2760
3902.4
5276.7
6893.8
8764.4
10899
13308
16001
18988
22278
25879
29801
34051
38636
43563
48839
54470
60460
66814
73535
80628
88095
95937
1.0416e+05
1.1275e+05
1.2172e+05
1.3107e+05
1.4079e+05
1.5088e+05
1.6134e+05
1.7216e+05
1.8334e+05
1.9487e+05
2.0674e+05
2.1895e+05
2.3149e+05
2.4436e+05
2.5753e+05
2.71e+05
2.8476e+05
2.9879e+05
3.1309e+05
3.2764e+05
3.4243e+05
3.5743e+05
3.7265e+05
3.8805e+05
4.0362e+05
4.1935e+05
4.3522e+05
4.5121e+05
4.673e+05
4.8348e+05
4.9972e+05
5.16e+05
5.323e+05
5.4861e+05
5.649e+05
5.8116e+05
5.9735e+05
6.1347e+05
6.2948e+05
6.4538e+05
6.6113e+05
6.7672e+05
6.9213e+05
7.0733e+05
7.223e+05
7.3703e+05
7.515e+05
7.6568e+05
7.7955e+05
7.931e+05
8.0631e+05
8.1916e+05
8.3164e+05
8.4372e+05
8.5538e+05
8.6663e+05
8.7742e+05
8.8777e+05
8.9764e+05
9.0703e+05
9.1592e+05
9.2431e+05
9.3217e+05
9.3951e+05
9.4631e+05
9.5256e+05
9.5826e+05
9.634e+05
9.6797e+05
9.7196e+05
9.7539e+05
9.7823e+05
9.8049e+05
9.8217e+05
9.8327e+05
9.8378e+05
9.8371e+05
9.8306e+05
9.8183e+05
9.8003e+05
9.7766e+05
9.7472e+05
9.7123e+05
9.6719e+05
9.6261e+05
9.5749e+05
9.5185e+05
9.457e+05
9.3904e+05
9.3189e+05
9.2426e+05
9.1617e+05
9.0762e+05
8.9863e+05
8.8921e+05
8.7938e+05
8.6916e+05
8.5856e+05
8.4759e+05
8.3627e+05
8.2463e+05
8.1266e+05
8.0041e+05
7.8787e+05
7.7507e+05
7.6203e+05
7.4876e+05
7.3529e+05
7.2162e+05
7.0779e+05
6.9379e+05
6.7967e+05
6.6542e+05
6.5108e+05
6.3665e+05
6.2216e+05
6.0762e+05
5.9305e+05
5.7847e+05
5.6389e+05
5.4932e+05
5.348e+05
5.2032e+05
5.0591e+05
4.9157e+05
4.7733e+05
4.632e+05
4.4919e+05
4.3532e+05
4.2159e+05
4.0802e+05
3.9462e+05
3.814e+05
3.6837e+05
3.5554e+05
3.4292e+05
3.3052e+05
3.1834e+05
3.064e+05
2.9471e+05
2.8326e+05
2.7206e+05
2.6112e+05
2.5045e+05
2.4004e+05
2.2991e+05
2.2005e+05
2.1047e+05
2.0117e+05
1.9215e+05
1.8341e+05
1.7496e+05
1.6679e+05
1.589e+05
1.5129e+05
1.4397e+05
1.3692e+05
1.3015e+05
1.2366e+05
1.1744e+05
1.1148e+05
1.0579e+05
1.0036e+05
95194
90276
85605
81178
76988
73030
69299
65788
62491
59404
56518
53828
51327
49009
46867
44894
43083
41428
39922
38558
37330
36230
35252
34390
33637
32986
32431
31966
31586
31282
31051
30886
30782
30733
30734
30780
30866
30987
31138
31316
31516
31734
31965
32208
32457
32710
32963
33215
33461
33700
33929
34146
34348
34535
34704
34854
34984
35093
35178
35241
35279
35292
35280
35243
35180
35091
34977
34837
34672
34481
34266
34027
33764
33479
33171
32842
32493
32124
31736
31331
30909
30471
30019
29553
29074
28585
28085
27576
27059
26535
26005
25471
24933
24392
23850
23307
22764
22223
21684
21149
20617
20090
19568
19053
18544
18043
17550
17066
16591
16126
15671
15226
14792
14370
13958
13558
13170
12793
12429
12076
11735
11406
11088
10783
10489
10206
9933.9
9673
9422.7
9182.6
8952.5
8732
8520.7
8318.3
8124.3
7938.3
7760
7588.7
7424.1
7265.7
7113
6965.6
6822.8
6684.4
6549.7
6418.2
