9.8378e+05
9.8047e+05
9.7708e+05
9.7363e+05
9.701e+05
9.665e+05
9.6284e+05
9.591e+05
9.553e+05
9.5144e+05
9.4751e+05
9.4351e+05
9.3946e+05
9.3534e+05
9.3117e+05
9.2693e+05
9.2264e+05
9.1829e+05
9.1389e+05
9.0944e+05
9.0493e+05
9.0037e+05
8.9576e+05
8.911e+05
8.8639e+05
8.8164e+05
8.7684e+05
8.7199e+05
8.6711e+05
8.6218e+05
8.5721e+05
8.522e+05
8.4715e+05
8.4206e+05
8.3694e+05
8.3178e+05
8.2659e+05
8.2136e+05
8.1611e+05
8.1082e+05
8.055e+05
8.0016e+05
7.9478e+05
7.8938e+05
7.8396e+05
7.7851e+05
7.7304e+05
7.6755e+05
7.6203e+05
7.565e+05
7.5095e+05
7.4537e+05
7.3979e+05
7.3418e+05
7.2857e+05
7.2294e+05
7.1729e+05
7.1164e+05
7.0597e+05
7.003e+05
6.9461e+05
6.8892e+05
6.8323e+05
6.7752e+05
6.7181e+05
6.661e+05
6.6039e+05
6.5467e+05
6.4896e+05
6.4324e+05
6.3752e+05
6.3181e+05
6.261e+05
6.2039e+05
6.1468e+05
6.0899e+05
6.0329e+05
5.9761e+05
5.9193e+05
5.8626e+05
5.806e+05
5.7495e+05
5.6932e+05
5.6369e+05
5.5808e+05
5.5248e+05
5.4689e+05
5.4132e+05
5.3577e+05
5.3023e+05
5.2471e+05
5.192e+05
5.1372e+05
5.0825e+05
5.028e+05
4.9738e+05
4.9197e+05
4.8659e+05
4.8123e+05
4.7589e+05
4.7058e+05
4.6529e+05
4.6003e+05
4.5479e+05
4.4958e+05
4.4439e+05
4.3924e+05
4.3411e+05
4.29e+05
4.2393e+05
4.1889e+05
4.1387e+05
4.0889e+05
4.0394e+05
3.9902e+05
3.9413e+05
3.8927e+05
3.8445e+05
3.7966e+05
3.749e+05
3.7018e+05
3.6549e+05
3.6084e+05
3.5622e+05
3.5164e+05
3.471e+05
3.4259e+05
3.3812e+05
3.3368e+05
3.2928e+05
3.2492e+05
3.206e+05
3.1632e+05
3.1208e+05
3.0787e+05
3.0371e+05
2.9958e+05
2.955e+05
2.9145e+05
2.8745e+05
2.8348e+05
2.7956e+05
2.7568e+05
2.7183e+05
2.6804e+05
2.6428e+05
2.6056e+05
2.5689e+05
2.5326e+05
2.4967e+05
2.4612e+05
2.4262e+05
2.3916e+05
2.3574e+05
2.3237e+05
2.2904e+05
2.2575e+05
2.2251e+05
2.1931e+05
2.1615e+05
2.1304e+05
2.0997e+05
2.0695e+05
2.0396e+05
2.0103e+05
1.9813e+05
1.9529e+05
1.9248e+05
1.8972e+05
1.87e+05
1.8433e+05
1.817e+05
1.7912e+05
1.7658e+05
1.7408e+05
1.7163e+05
1.6922e+05
1.6686e+05
1.6454e+05
1.6226e+05
1.6003e+05
1.5784e+05
1.5569e+05
1.5359e+05
1.5153e+05
1.4952e+05
1.4755e+05
1.4562e+05
1.4373e+05
1.4189e+05
1.4009e+05
1.3834e+05
1.3662e+05
1.3495e+05
1.3332e+05
1.3173e+05
1.3019e+05
1.2868e+05
1.2722e+05
1.258e+05
1.2442e+05
1.2308e+05
1.2179e+05
1.2053e+05
1.1932e+05
1.1814e+05
1.1701e+05
1.1591e+05
1.1486e+05
1.1384e+05
1.1286e+05
1.1193e+05
1.1103e+05
1.1017e+05
1.0935e+05
1.0856e+05
1.0782e+05
1.0711e+05
1.0644e+05
1.0581e+05
1.0521e+05
1.0465e+05
1.0413e+05
1.0364e+05
1.0319e+05
1.0277e+05
1.0239e+05
1.0205e+05
1.0174e+05
1.0146e+05
1.0122e+05
1.0101e+05
1.0084e+05
1.007e+05
1.0059e+05
1.0052e+05
1.0047e+05
1.0046e+05
1.0048e+05
1.0053e+05
1.0062e+05
1.0073e+05
1.0088e+05
1.0105e+05
1.0126e+05
1.0149e+05
1.0176e+05
1.0205e+05
1.0237e+05
1.0272e+05
1.031e+05
1.035e+05
1.0394e+05
1.044e+05
1.0488e+05
1.0539e+05
1.0593e+05
1.0649e+05
1.0708e+05
1.077e+05
1.0834e+05
1.09e+05
1.0968e+05
1.1039e+05
1.1113e+05
1.1188e+05
1.1266e+05
1.1346e+05
1.1428e+05
1.1513e+05
1.1599e+05
1.1688e+05
1.1778e+05
1.1871e+05
1.1965e+05
1.2062e+05
1.216e+05
1.226e+05
1.2362e+05
1.2466e+05
1.2572e+05
1.2679e+05
1.2788e+05
1.2899e+05
1.3011e+05
1.3125e+05
1.324e+05
1.3357e+05
1.3476e+05
1.3595e+05
1.3717e+05
1.3839e+05
1.3963e+05
1.4088e+05
1.4215e+05
1.4342e+05
1.4471e+05
1.4601e+05
1.4733e+05
1.4865e+05
1.4998e+05
1.5133e+05
1.5268e+05
1.5404e+05
1.5542e+05
1.568e+05
1.5819e+05
1.5959e+05
1.6099e+05
1.6241e+05
1.6383e+05
1.6525e+05
1.6669e+05
1.6813e+05
1.6958e+05
1.7103e+05
1.7249e+05
1.7395e+05
1.7542e+05
1.7689e+05
1.7836e+05
1.7984e+05
1.8133e+05
1.8281e+05
1.843e+05
1.8579e+05
1.8728e+05
1.8878e+05
1.9028e+05
1.9177e+05
1.9327e+05
1.9477e+05
1.9627e+05
1.9777e+05
1.9927e+05
2.0077e+05
2.0227e+05
2.0377e+05
2.0527e+05
2.0676e+05
2.0826e+05
2.0975e+05
2.1124e+05
2.1272e+05
2.142e+05
2.1568e+05
2.1716e+05
2.1863e+05
2.201e+05
2.2157e+05
2.2303e+05
2.2448e+05
2.2593e+05
2.2738e+05
2.2882e+05
2.3025e+05
2.3168e+05
2.331e+05
2.3451e+05
2.3592e+05
2.3732e+05
2.3872e+05
2.4011e+05
2.4149e+05
2.4286e+05
2.4422e+05
2.4558e+05
2.4692e+05
2.4826e+05
2.4959e+05
2.5091e+05
2.5223e+05
2.5353e+05
2.5482e+05
2.561e+05
2.5737e+05
2.5864e+05
2.5989e+05
2.6113e+05
2.6236e+05
2.6358e+05
2.6479e+05
2.6599e+05
2.6717e+05
2.6835e+05
2.6951e+05
2.7066e+05
2.718e+05
2.7293e+05
2.7404e+05
2.7514e+05
2.7623e+05
2.7731e+05
2.7837e+05
2.7942e+05
2.8046e+05
2.8148e+05
2.8249e+05
2.8348e+05
2.8447e+05
2.8544e+05
2.8639e+05
2.8733e+05
2.8826e+05
2.8917e+05
2.9006e+05
2.9095e+05
2.9182e+05
2.9267e+05
2.9351e+05
2.9433e+05
2.9514e+05
2.9593e+05
2.9671e+05
2.9747e+05
2.9822e+05
2.9895e+05
2.9967e+05
3.0037e+05
3.0105e+05
3.0172e+05
3.0237e+05
3.0301e+05
3.0363e+05
3.0424e+05
3.0482e+05
3.054e+05
3.0595e+05
3.0649e+05
3.0702e+05
3.0752e+05
3.0802e+05
3.0849e+05
3.0895e+05
3.0939e+05
3.0981e+05
3.1022e+05
3.1061e+05
3.1099e+05
3.1135e+05
3.1169e+05
3.1201e+05
3.1232e+05
3.1261e+05
3.1289e+05
3.1315e+05
3.1339e+05
3.1361e+05
3.1382e+05
3.1401e+05
3.1418e+05
3.1434e+05
3.1448e+05
3.146e+05
3.1471e+05
3.148e+05
3.1487e+05
3.1493e+05
3.1497e+05
3.1499e+05
3.15e+05
3.1499e+05
3.1496e+05
3.1491e+05
3.1485e+05
3.1478e+05
3.1468e+05
3.1457e+05
3.1445e+05
3.143e+05
3.1414e+05
3.1397e+05
3.1378e+05
3.1357e+05
3.1334e+05
3.131e+05
3.1285e+05
3.1257e+05
3.1228e+05
3.1198e+05
3.1166e+05
3.1132e+05
3.1097e+05
3.106e+05
3.1022e+05
3.0982e+05
3.094e+05
3.0897e+05
3.0853e+05
3.0807e+05
3.0759e+05
3.071e+05
3.0659e+05
3.0607e+05
3.0554e+05
3.0498e+05
3.0442e+05
3.0384e+05
3.0324e+05
3.0263e+05
3.0201e+05
3.0137e+05
3.0071e+05
3.0005e+05
2.9937e+05
2.9867e+05
2.9796e+05
2.9724e+05
2.965e+05
2.9575e+05
2.9499e+05
2.9421e+05
2.9342e+05
2.9261e+05
2.918e+05
2.9097e+05
2.9012e+05
2.8927e+05
2.884e+05
2.8752e+05
2.8663e+05
2.8572e+05
2.848e+05
2.8387e+05
2.8293e+05
2.8197e+05
2.8101e+05
2.8003e+05
2.7904e+05
2.7804e+05
2.7703e+05
2.76e+05
2.7497e+05
2.7392e+05
2.7286e+05
2.718e+05
2.7072e+05
2.6963e+05
2.6853e+05
2.6742e+05
2.663e+05
2.6517e+05
2.6403e+05
2.6288e+05
2.6172e+05
2.6055e+05
2.5937e+05
2.5819e+05
2.5699e+05
2.5578e+05
2.5457e+05
2.5335e+05
2.5211e+05
2.5087e+05
2.4962e+05
2.4837e+05
2.471e+05
2.4583e+05
2.4454e+05
2.4325e+05
2.4196e+05
2.4065e+05
2.3934e+05
2.3802e+05
2.3669e+05
2.3536e+05
2.3402e+05
2.3267e+05
2.3132e+05
2.2996e+05
2.2859e+05
2.2722e+05
2.2584e+05
2.2445e+05
2.2306e+05
2.2167e+05
2.2026e+05
2.1886e+05
2.1744e+05
2.1602e+05
2.146e+05
2.1317e+05
2.1174e+05
2.103e+05
2.0886e+05
2.0741e+05
2.0596e+05
2.0451e+05
2.0305e+05
2.0159e+05
2.0012e+05
1.9865e+05
1.9718e+05
1.957e+05
1.9422e+05
1.9273e+05
1.9125e+05
1.8976e+05
1.8827e+05
1.8677e+05
1.8527e+05
1.8378e+05
1.8227e+05
1.8077e+05
1.7926e+05
1.7776e+05
1.7625e+05
1.7474e+05
1.7322e+05
1.7171e+05
1.702e+05
1.6868e+05
1.6716e+05
1.6564e+05
1.6413e+05
1.6261e+05
1.6109e+05
1.5957e+05
1.5805e+05
1.5653e+05
1.55e+05
1.5348e+05
1.5196e+05
1.5044e+05
1.4892e+05
1.4741e+05
1.4589e+05
1.4437e+05
1.4285e+05
1.4134e+05
1.3982e+05
1.3831e+05
1.368e+05
1.3529e+05
1.3378e+05
1.3227e+05
1.3077e+05
1.2926e+05
1.2776e+05
1.2626e+05
1.2477e+05
1.2327e+05
1.2178e+05
1.2029e+05
1.188e+05
1.1732e+05
1.1584e+05
1.1436e+05
1.1288e+05
1.1141e+05
1.0994e+05
1.0848e+05
1.0701e+05
1.0555e+05
1.041e+05
1.0265e+05
1.012e+05
99757
98317
96881
95450
94023
92600
91182
89768
88359
86954
85555
84160
82770
81385
80006
78631
77262
75898
74540
73187
71840
70498
69162
67832
66508
65190
63878
62572
61272
59978
58691
57410
56136
54868
53606
52351
51103
49862
48627
47399
46179
44965
43758
42558
41366
40180
39002
37831
36667
35511
34363
33221
32088
30961
29843
28732
27629
26533
25445
24366
23294
22229
21173
20125
19085
18052
17028
16012
15004
14004
13012
12029
11054
10087
9128
8177.5
7235.4
6301.6
5376.1
4459.1
3550.4
2650.1
1758.3
874.93
0
