14303
17569
21044
24723
28601
32673
36933
41373
45987
50768
55708
60798
66031
71397
76887
82492
88203
94009
99901
1.0587e+05
1.119e+05
1.1799e+05
1.2412e+05
1.3028e+05
1.3647e+05
1.4267e+05
1.4887e+05
1.5506e+05
1.6124e+05
1.6738e+05
1.7348e+05
1.7953e+05
1.8552e+05
1.9144e+05
1.9728e+05
2.0303e+05
2.0868e+05
2.1422e+05
2.1965e+05
2.2495e+05
2.3012e+05
2.3514e+05
2.4002e+05
2.4474e+05
2.493e+05
2.5369e+05
2.5791e+05
2.6194e+05
2.6579e+05
2.6946e+05
2.7292e+05
2.7619e+05
2.7926e+05
2.8212e+05
2.8478e+05
2.8723e+05
2.8946e+05
2.9149e+05
2.933e+05
2.949e+05
2.9629e+05
2.9746e+05
2.9842e+05
2.9917e+05
2.9972e+05
3.0005e+05
3.0019e+05
3.0012e+05
2.9985e+05
2.9939e+05
2.9874e+05
2.9791e+05
2.9689e+05
2.957e+05
2.9434e+05
2.9281e+05
2.9112e+05
2.8928e+05
2.8729e+05
2.8516e+05
2.829e+05
2.8051e+05
2.78e+05
2.7537e+05
2.7265e+05
2.6982e+05
2.669e+05
2.6391e+05
2.6083e+05
2.5769e+05
2.5449e+05
2.5124e+05
2.4795e+05
2.4462e+05
2.4126e+05
2.3789e+05
2.345e+05
2.3111e+05
2.2772e+05
2.2435e+05
2.2099e+05
2.1766e+05
2.1436e+05
2.111e+05
2.0789e+05
2.0474e+05
2.0164e+05
1.9861e+05
1.9565e+05
1.9277e+05
1.8997e+05
1.8727e+05
1.8466e+05
1.8214e+05
1.7974e+05
1.7743e+05
1.7525e+05
1.7317e+05
1.7122e+05
1.6939e+05
1.6768e+05
1.6611e+05
1.6466e+05
1.6334e+05
1.6216e+05
1.6111e+05
1.602e+05
1.5943e+05
1.5879e+05
1.5829e+05
1.5792e+05
1.5769e+05
1.576e+05
1.5764e+05
1.5781e+05
1.5811e+05
1.5854e+05
1.5909e+05
1.5977e+05
1.6057e+05
1.6149e+05
1.6252e+05
1.6366e+05
1.6491e+05
1.6626e+05
1.677e+05
1.6924e+05
1.7087e+05
1.7258e+05
1.7438e+05
1.7624e+05
1.7817e+05
1.8017e+05
1.8222e+05
1.8433e+05
1.8648e+05
1.8867e+05
1.9089e+05
1.9315e+05
1.9542e+05
1.9771e+05
2.0002e+05
2.0232e+05
2.0463e+05
2.0693e+05
2.0921e+05
2.1148e+05
2.1372e+05
2.1593e+05
2.1811e+05
2.2024e+05
2.2233e+05
2.2437e+05
2.2635e+05
2.2827e+05
2.3012e+05
2.3191e+05
2.3362e+05
2.3525e+05
2.368e+05
2.3827e+05
2.3964e+05
2.4093e+05
2.4212e+05
2.4321e+05
2.442e+05
2.4509e+05
2.4587e+05
2.4655e+05
2.4712e+05
2.4759e+05
2.4794e+05
2.4818e+05
2.4831e+05
2.4833e+05
2.4824e+05
2.4804e+05
2.4773e+05
2.4731e+05
2.4678e+05
2.4614e+05
2.4539e+05
2.4454e+05
2.4359e+05
2.4253e+05
2.4138e+05
2.4013e+05
2.3878e+05
2.3735e+05
2.3582e+05
2.3421e+05
2.3251e+05
2.3073e+05
2.2888e+05
2.2694e+05
2.2494e+05
2.2287e+05
2.2074e+05
2.1854e+05
2.1629e+05
2.1398e+05
2.1162e+05
2.0921e+05
2.0675e+05
2.0426e+05
2.0173e+05
1.9916e+05
1.9656e+05
1.9393e+05
1.9128e+05
1.886e+05
1.8591e+05
1.8319e+05
1.8047e+05
1.7773e+05
1.7498e+05
1.7223e+05
1.6947e+05
1.6671e+05
1.6394e+05
1.6118e+05
1.5843e+05
1.5567e+05
1.5293e+05
1.5019e+05
1.4746e+05
1.4474e+05
1.4203e+05
1.3934e+05
1.3665e+05
1.3399e+05
1.3133e+05
1.2869e+05
1.2607e+05
1.2346e+05
1.2087e+05
1.1829e+05
1.1573e+05
1.1319e+05
1.1067e+05
1.0816e+05
1.0567e+05
1.0319e+05
1.0074e+05
98295
95872
93465
91076
88704
86348
84010
81690
79387
77102
74835
72586
70356
68146
65956
63787
61639
59513
57411
55332
53279
51252
49252
47282
45341
43432
41557
39715
37910
36143
34415
32729
31085
29486
27934
26430
24976
23573
22224
20930
19693
18514
17395
16338
15342
14411
13545
12744
12011
11345
10747
10219
9758.9
9368.4
9047
8794.6
8610.8
8495.1
8446.6
8464.3
8547.3
8693.9
8902.8
9172.2
9500
9884.2
10322
10812
11350
11934
12561
13228
13930
14665
15429
16218
17028
17855
18695
19544
20398
21251
22101
22942
23771
24583
25373
26138
26874
27576
28240
28864
29443
29974
30454
30880
31248
31558
31806
31990
32109
32162
32148
32066
31916
31698
31412
31061
30644
30164
29623
29023
28369
27663
26909
26111
25276
24407
23511
22593
21662
20722
19782
18850
17934
17043
16184
15368
14604
13903
13273
12725
12271
11921
11685
11575
11602
11777
12112
12618
13307
14189
15277
16581
18112
19881
21899
24177
26724
29550
32664
36077
39797
43831
48188
52876
57900
63268
68986
75057
81487
88279
95437
1.0296e+05
1.1086e+05
1.1913e+05
1.2777e+05
1.3678e+05
1.4616e+05
1.559e+05
1.6601e+05
1.7649e+05
1.8732e+05
1.985e+05
2.1003e+05
2.2189e+05
2.3409e+05
2.4661e+05
2.5945e+05
2.7258e+05
2.8602e+05
2.9973e+05
3.1371e+05
3.2795e+05
3.4244e+05
3.5715e+05
3.7208e+05
3.872e+05
4.0251e+05
4.1799e+05
4.3361e+05
4.4937e+05
4.6523e+05
4.8119e+05
4.9723e+05
5.1332e+05
5.2945e+05
5.4559e+05
5.6173e+05
5.7785e+05
5.9392e+05
6.0992e+05
6.2583e+05
6.4164e+05
6.5732e+05
6.7284e+05
6.882e+05
7.0336e+05
7.1831e+05
7.3303e+05
7.475e+05
7.6169e+05
7.7559e+05
7.8918e+05
8.0243e+05
8.1534e+05
8.2788e+05
8.4004e+05
8.5179e+05
8.6313e+05
8.7404e+05
8.845e+05
8.9449e+05
9.0401e+05
9.1305e+05
9.2158e+05
9.296e+05
9.371e+05
9.4406e+05
9.5049e+05
9.5636e+05
9.6168e+05
9.6644e+05
9.7063e+05
9.7424e+05
9.7728e+05
9.7974e+05
9.8162e+05
9.8292e+05
9.8364e+05
9.8378e+05
9.8333e+05
9.8231e+05
9.8072e+05
9.7856e+05
9.7584e+05
9.7256e+05
9.6872e+05
9.6435e+05
9.5944e+05
9.54e+05
9.4805e+05
9.4159e+05
9.3464e+05
9.2721e+05
9.1931e+05
9.1095e+05
9.0215e+05
8.9292e+05
8.8328e+05
8.7324e+05
8.6281e+05
8.5202e+05
8.4088e+05
8.294e+05
8.1761e+05
8.0552e+05
7.9314e+05
7.805e+05
7.6762e+05
7.545e+05
7.4117e+05
7.2765e+05
7.1396e+05
7.0011e+05
6.8612e+05
6.7201e+05
6.578e+05
6.435e+05
6.2913e+05
6.1471e+05
6.0026e+05
5.8579e+05
5.7133e+05
5.5687e+05
5.4245e+05
5.2808e+05
5.1377e+05
4.9953e+05
4.8539e+05
4.7135e+05
4.5743e+05
4.4363e+05
4.2999e+05
4.1649e+05
4.0317e+05
3.9002e+05
3.7706e+05
3.6429e+05
3.5173e+05
3.3939e+05
3.2726e+05
3.1537e+05
3.0372e+05
2.9231e+05
2.8114e+05
2.7024e+05
2.5959e+05
2.492e+05
2.3908e+05
2.2923e+05
2.1966e+05
2.1035e+05
2.0132e+05
1.9257e+05
1.841e+05
1.759e+05
1.6798e+05
1.6034e+05
1.5297e+05
1.4587e+05
1.3904e+05
1.3248e+05
1.2619e+05
1.2016e+05
1.1438e+05
1.0886e+05
1.0359e+05
98564
93779
89230
84911
80816
76941
73280
69826
66573
63515
60646
57959
55448
53107
50928
48905
47032
45302
43709
42245
40904
39681
38568
37560
36650
35832
35100
34448
33872
33364
32920
32535
32203
31920
31680
31480
31314
31179
31070
30984
30917
30865
30826
30795
30771
30749
30729
30707
30681
30649
30609
30560
30500
30427
30341
30240
30123
29989
29838
29670
29484
29279
29055
28813
28552
28273
27976
27660
27328
26978
26611
26229
25831
25418
24992
24553
24101
23638
23165
22681
22190
21690
21184
20672
20154
19633
19109
18583
18055
17527
17000
16474
15950
15429
14912
14399
13892
13391
12896
12408
11928
11456
10993
10539
10094
9660
9235.7
8822.1
8419.2
8027.4
7646.7
7277.4
6919.5
6573.1
6238.2
5914.8
5602.8
5302.3
5013
4734.8
4467.6
4211.1
3965.2
3729.5
3503.9
3288
3081.5
2884
2695.3
2514.8
2342.4
2177.4
2019.6
1868.5
1723.7
1584.7
1451.1
1322.5
1198.3
1078.2
961.62
848.18
737.42
628.88
522.12
416.71
312.21
208.19
104.26
0
