7.5527e+05
7.5883e+05
7.6236e+05
7.6586e+05
7.6934e+05
7.728e+05
7.7626e+05
7.7973e+05
7.832e+05
7.8668e+05
7.9019e+05
7.9371e+05
7.9726e+05
8.0084e+05
8.0445e+05
8.0809e+05
8.1177e+05
8.1548e+05
8.1923e+05
8.2302e+05
8.2684e+05
8.307e+05
8.3459e+05
8.3851e+05
8.4246e+05
8.4644e+05
8.5044e+05
8.5446e+05
8.585e+05
8.6256e+05
8.6662e+05
8.7068e+05
8.7475e+05
8.7881e+05
8.8285e+05
8.8689e+05
8.909e+05
8.9489e+05
8.9884e+05
9.0276e+05
9.0664e+05
9.1047e+05
9.1425e+05
9.1797e+05
9.2163e+05
9.2522e+05
9.2873e+05
9.3217e+05
9.3553e+05
9.388e+05
9.4198e+05
9.4507e+05
9.4805e+05
9.5094e+05
9.5371e+05
9.5638e+05
9.5894e+05
9.6138e+05
9.637e+05
9.659e+05
9.6798e+05
9.6993e+05
9.7176e+05
9.7347e+05
9.7504e+05
9.7648e+05
9.778e+05
9.7898e+05
9.8004e+05
9.8096e+05
9.8175e+05
9.8241e+05
9.8294e+05
9.8334e+05
9.8361e+05
9.8376e+05
9.8378e+05
9.8367e+05
9.8344e+05
9.8309e+05
9.8261e+05
9.8202e+05
9.8132e+05
9.8049e+05
9.7956e+05
9.7851e+05
9.7736e+05
9.761e+05
9.7473e+05
9.7327e+05
9.7171e+05
9.7005e+05
9.6829e+05
9.6645e+05
9.6451e+05
9.6249e+05
9.6039e+05
9.5821e+05
9.5595e+05
9.5361e+05
9.512e+05
9.4871e+05
9.4616e+05
9.4355e+05
9.4086e+05
9.3812e+05
9.3532e+05
9.3247e+05
9.2956e+05
9.266e+05
9.2359e+05
9.2053e+05
9.1743e+05
9.1428e+05
9.111e+05
9.0787e+05
9.0461e+05
9.0131e+05
8.9799e+05
8.9463e+05
8.9124e+05
8.8782e+05
8.8438e+05
8.8092e+05
8.7743e+05
8.7392e+05
8.7039e+05
8.6685e+05
8.6329e+05
8.5971e+05
8.5612e+05
8.5252e+05
8.4891e+05
8.4529e+05
8.4166e+05
8.3803e+05
8.3439e+05
8.3074e+05
8.2709e+05
8.2344e+05
8.1978e+05
8.1612e+05
8.1247e+05
8.0881e+05
8.0516e+05
8.015e+05
7.9786e+05
7.9421e+05
7.9057e+05
7.8693e+05
7.833e+05
7.7968e+05
7.7606e+05
7.7245e+05
7.6885e+05
7.6525e+05
7.6166e+05
7.5809e+05
7.5452e+05
7.5096e+05
7.4741e+05
7.4387e+05
7.4035e+05
7.3683e+05
7.3332e+05
7.2983e+05
7.2635e+05
7.2288e+05
7.1942e+05
7.1598e+05
7.1254e+05
7.0913e+05
7.0572e+05
7.0233e+05
6.9895e+05
6.9559e+05
6.9224e+05
6.889e+05
6.8558e+05
6.8228e+05
6.7899e+05
6.7571e+05
6.7246e+05
6.6921e+05
6.6599e+05
6.6278e+05
6.5959e+05
6.5642e+05
6.5327e+05
6.5013e+05
6.4701e+05
6.4392e+05
6.4084e+05
6.3778e+05
6.3474e+05
6.3173e+05
6.2874e+05
6.2576e+05
6.2282e+05
6.1989e+05
6.1699e+05
6.1411e+05
6.1126e+05
6.0844e+05
6.0564e+05
6.0286e+05
6.0012e+05
5.974e+05
5.9471e+05
5.9205e+05
5.8942e+05
5.8682e+05
5.8426e+05
5.8172e+05
5.7922e+05
5.7675e+05
5.7431e+05
5.7191e+05
5.6954e+05
5.6721e+05
5.6491e+05
5.6265e+05
5.6043e+05
5.5824e+05
5.5609e+05
5.5398e+05
5.5191e+05
5.4988e+05
5.4789e+05
5.4594e+05
5.4403e+05
5.4217e+05
5.4034e+05
5.3855e+05
5.3681e+05
5.3511e+05
5.3345e+05
5.3184e+05
5.3027e+05
5.2874e+05
5.2725e+05
5.2581e+05
5.2442e+05
5.2306e+05
5.2175e+05
5.2048e+05
5.1926e+05
5.1808e+05
5.1695e+05
5.1585e+05
5.1481e+05
5.138e+05
5.1284e+05
5.1192e+05
5.1104e+05
5.102e+05
5.0941e+05
5.0866e+05
5.0795e+05
5.0728e+05
5.0665e+05
5.0606e+05
5.0551e+05
5.05e+05
5.0453e+05
5.041e+05
5.037e+05
5.0334e+05
5.0302e+05
5.0274e+05
5.0249e+05
5.0227e+05
5.0209e+05
5.0195e+05
5.0183e+05
5.0176e+05
5.0171e+05
5.0169e+05
5.0171e+05
5.0175e+05
5.0183e+05
5.0193e+05
5.0206e+05
5.0222e+05
5.0241e+05
5.0263e+05
5.0287e+05
5.0313e+05
5.0343e+05
5.0374e+05
5.0408e+05
5.0445e+05
5.0483e+05
5.0524e+05
5.0567e+05
5.0613e+05
5.066e+05
5.071e+05
5.0761e+05
5.0815e+05
5.087e+05
5.0928e+05
5.0987e+05
5.1049e+05
5.1112e+05
5.1177e+05
5.1245e+05
5.1314e+05
5.1384e+05
5.1457e+05
5.1532e+05
5.1608e+05
5.1687e+05
5.1767e+05
5.1849e+05
5.1933e+05
5.2019e+05
5.2107e+05
5.2198e+05
5.229e+05
5.2384e+05
5.248e+05
5.2579e+05
5.268e+05
5.2783e+05
5.2888e+05
5.2996e+05
5.3106e+05
5.3218e+05
5.3333e+05
5.3451e+05
5.3571e+05
5.3694e+05
5.382e+05
5.3949e+05
5.4081e+05
5.4215e+05
5.4353e+05
5.4493e+05
5.4637e+05
5.4784e+05
5.4935e+05
5.5088e+05
5.5246e+05
5.5406e+05
5.557e+05
5.5738e+05
5.5909e+05
5.6084e+05
5.6262e+05
5.6445e+05
5.6631e+05
5.682e+05
5.7014e+05
5.7211e+05
5.7413e+05
5.7618e+05
5.7827e+05
5.8039e+05
5.8256e+05
5.8476e+05
5.87e+05
5.8928e+05
5.916e+05
5.9395e+05
5.9633e+05
5.9876e+05
6.0122e+05
6.0371e+05
6.0623e+05
6.0879e+05
6.1138e+05
6.14e+05
6.1664e+05
6.1932e+05
6.2202e+05
6.2475e+05
6.275e+05
6.3027e+05
6.3307e+05
6.3588e+05
6.3872e+05
6.4156e+05
6.4443e+05
6.473e+05
6.5019e+05
6.5308e+05
6.5598e+05
6.5889e+05
6.618e+05
6.6471e+05
6.6762e+05
6.7053e+05
6.7343e+05
6.7632e+05
6.792e+05
6.8207e+05
6.8493e+05
6.8777e+05
6.9059e+05
6.9339e+05
6.9617e+05
6.9892e+05
7.0165e+05
7.0434e+05
7.0701e+05
7.0964e+05
7.1224e+05
7.148e+05
7.1732e+05
7.1981e+05
7.2224e+05
7.2464e+05
7.2699e+05
7.2929e+05
7.3154e+05
7.3374e+05
7.3589e+05
7.3798e+05
7.4002e+05
7.4201e+05
7.4393e+05
7.458e+05
7.4762e+05
7.4937e+05
7.5106e+05
7.5269e+05
7.5425e+05
7.5576e+05
7.572e+05
7.5858e+05
7.599e+05
7.6115e+05
7.6233e+05
7.6346e+05
7.6452e+05
7.6552e+05
7.6645e+05
7.6732e+05
7.6813e+05
7.6887e+05
7.6956e+05
7.7018e+05
7.7074e+05
7.7124e+05
7.7169e+05
7.7207e+05
7.724e+05
7.7267e+05
7.7288e+05
7.7304e+05
7.7315e+05
7.732e+05
7.7321e+05
7.7316e+05
7.7306e+05
7.7292e+05
7.7272e+05
7.7249e+05
7.7221e+05
7.7188e+05
7.7151e+05
7.7111e+05
7.7066e+05
7.7017e+05
7.6965e+05
7.6909e+05
7.685e+05
7.6788e+05
7.6722e+05
7.6653e+05
7.6581e+05
7.6506e+05
7.6428e+05
7.6348e+05
7.6265e+05
7.6179e+05
7.6091e+05
7.6001e+05
7.5908e+05
7.5814e+05
7.5717e+05
7.5618e+05
7.5517e+05
7.5414e+05
7.5309e+05
7.5203e+05
7.5095e+05
7.4985e+05
7.4873e+05
7.476e+05
7.4645e+05
7.4528e+05
7.441e+05
7.4291e+05
7.4169e+05
7.4047e+05
7.3922e+05
7.3796e+05
7.3669e+05
7.354e+05
7.341e+05
7.3278e+05
7.3144e+05
7.3009e+05
7.2872e+05
7.2733e+05
7.2593e+05
7.2451e+05
7.2307e+05
7.2162e+05
7.2014e+05
7.1865e+05
7.1714e+05
7.1561e+05
7.1406e+05
7.1249e+05
7.109e+05
7.0929e+05
7.0766e+05
7.0601e+05
7.0433e+05
7.0263e+05
7.0091e+05
6.9917e+05
6.974e+05
6.9561e+05
6.9379e+05
6.9195e+05
6.9009e+05
6.8819e+05
6.8628e+05
6.8433e+05
6.8237e+05
6.8037e+05
6.7835e+05
6.763e+05
6.7422e+05
6.7212e+05
6.6998e+05
6.6782e+05
6.6564e+05
6.6342e+05
6.6117e+05
6.589e+05
6.566e+05
6.5427e+05
6.5191e+05
6.4952e+05
6.4711e+05
6.4466e+05
6.4219e+05
6.3969e+05
6.3716e+05
6.346e+05
6.3202e+05
6.294e+05
6.2676e+05
6.2409e+05
6.2139e+05
6.1867e+05
6.1592e+05
6.1314e+05
6.1033e+05
6.075e+05
6.0464e+05
6.0176e+05
5.9885e+05
5.9592e+05
5.9296e+05
5.8997e+05
5.8696e+05
5.8393e+05
5.8088e+05
5.778e+05
5.7469e+05
5.7157e+05
5.6842e+05
5.6526e+05
5.6207e+05
5.5886e+05
5.5563e+05
5.5237e+05
5.491e+05
5.4581e+05
5.4251e+05
5.3918e+05
5.3583e+05
5.3247e+05
5.2909e+05
5.257e+05
5.2229e+05
5.1886e+05
5.1542e+05
5.1196e+05
5.0849e+05
5.0501e+05
5.0151e+05
4.98e+05
4.9448e+05
4.9095e+05
4.874e+05
4.8384e+05
4.8028e+05
4.767e+05
4.7312e+05
4.6952e+05
4.6592e+05
4.6231e+05
4.5869e+05
4.5506e+05
4.5143e+05
4.4779e+05
4.4414e+05
4.4049e+05
4.3684e+05
4.3318e+05
4.2951e+05
4.2585e+05
4.2218e+05
4.185e+05
4.1482e+05
4.1114e+05
4.0746e+05
4.0378e+05
4.0009e+05
3.9641e+05
3.9272e+05
3.8904e+05
3.8535e+05
3.8166e+05
3.7798e+05
3.7429e+05
3.706e+05
3.6692e+05
3.6324e+05
3.5956e+05
3.5588e+05
3.522e+05
3.4852e+05
3.4485e+05
3.4118e+05
3.3751e+05
3.3385e+05
3.3018e+05
3.2652e+05
3.2286e+05
3.1921e+05
3.1556e+05
3.1191e+05
3.0826e+05
3.0462e+05
3.0098e+05
2.9734e+05
2.937e+05
2.9007e+05
2.8644e+05
2.8282e+05
2.792e+05
2.7558e+05
2.7196e+05
2.6835e+05
2.6473e+05
2.6113e+05
2.5752e+05
2.5392e+05
2.5032e+05
2.4672e+05
2.4313e+05
2.3954e+05
2.3595e+05
2.3236e+05
2.2878e+05
2.252e+05
2.2162e+05
2.1805e+05
2.1447e+05
2.109e+05
2.0734e+05
2.0377e+05
2.0021e+05
1.9666e+05
1.931e+05
1.8955e+05
1.86e+05
1.8246e+05
1.7892e+05
1.7538e+05
1.7185e+05
1.6833e+05
1.648e+05
1.6129e+05
1.5777e+05
1.5427e+05
1.5077e+05
1.4727e+05
1.4378e+05
1.403e+05
1.3682e+05
1.3336e+05
1.299e+05
1.2644e+05
1.23e+05
1.1957e+05
1.1614e+05
1.1272e+05
1.0932e+05
1.0592e+05
1.0254e+05
99168
95807
92459
89124
85802
82494
79201
75922
72658
69410
66179
62964
59765
56585
53422
50278
47153
44047
40960
37894
34848
31822
28818
25835
22874
19935
17018
14124
11253
8404.5
5579.5
2777.9
0
