9.8378e+05
9.7941e+05
9.7497e+05
9.7045e+05
9.6586e+05
9.6119e+05
9.5645e+05
9.5163e+05
9.4675e+05
9.418e+05
9.3678e+05
9.317e+05
9.2656e+05
9.2135e+05
9.1608e+05
9.1075e+05
9.0536e+05
8.9991e+05
8.9441e+05
8.8885e+05
8.8324e+05
8.7758e+05
8.7187e+05
8.6611e+05
8.6031e+05
8.5446e+05
8.4856e+05
8.4262e+05
8.3664e+05
8.3062e+05
8.2456e+05
8.1846e+05
8.1233e+05
8.0616e+05
7.9996e+05
7.9372e+05
7.8746e+05
7.8117e+05
7.7485e+05
7.685e+05
7.6213e+05
7.5573e+05
7.4931e+05
7.4287e+05
7.3641e+05
7.2993e+05
7.2343e+05
7.1692e+05
7.1039e+05
7.0385e+05
6.973e+05
6.9074e+05
6.8416e+05
6.7758e+05
6.7099e+05
6.644e+05
6.578e+05
6.5119e+05
6.4459e+05
6.3798e+05
6.3138e+05
6.2477e+05
6.1817e+05
6.1157e+05
6.0497e+05
5.9838e+05
5.918e+05
5.8522e+05
5.7866e+05
5.721e+05
5.6555e+05
5.5902e+05
5.525e+05
5.46e+05
5.3951e+05
5.3303e+05
5.2657e+05
5.2014e+05
5.1372e+05
5.0732e+05
5.0094e+05
4.9458e+05
4.8825e+05
4.8194e+05
4.7566e+05
4.694e+05
4.6316e+05
4.5696e+05
4.5078e+05
4.4463e+05
4.3852e+05
4.3243e+05
4.2637e+05
4.2035e+05
4.1436e+05
4.084e+05
4.0248e+05
3.9659e+05
3.9074e+05
3.8492e+05
3.7914e+05
3.734e+05
3.677e+05
3.6204e+05
3.5642e+05
3.5084e+05
3.4529e+05
3.3979e+05
3.3434e+05
3.2892e+05
3.2355e+05
3.1823e+05
3.1294e+05
3.0771e+05
3.0251e+05
2.9737e+05
2.9227e+05
2.8721e+05
2.8221e+05
2.7725e+05
2.7234e+05
2.6748e+05
2.6267e+05
2.579e+05
2.5319e+05
2.4853e+05
2.4391e+05
2.3935e+05
2.3484e+05
2.3038e+05
2.2597e+05
2.2162e+05
2.1731e+05
2.1306e+05
2.0886e+05
2.0472e+05
2.0062e+05
1.9658e+05
1.926e+05
1.8867e+05
1.8479e+05
1.8096e+05
1.7719e+05
1.7348e+05
1.6982e+05
1.6621e+05
1.6266e+05
1.5916e+05
1.5572e+05
1.5233e+05
1.49e+05
1.4572e+05
1.425e+05
1.3933e+05
1.3622e+05
1.3317e+05
1.3016e+05
1.2722e+05
1.2433e+05
1.2149e+05
1.1871e+05
1.1599e+05
1.1331e+05
1.107e+05
1.0814e+05
1.0563e+05
1.0318e+05
1.0078e+05
98439
96150
93916
91735
89609
87536
85516
83550
81638
79778
77971
76216
74514
72864
71266
69720
68225
66781
65388
64046
62754
61512
60320
59178
58085
57041
56045
55098
54199
53347
52543
51786
51075
50411
49793
49220
48693
48211
47773
47379
47029
46722
46458
46237
46058
45921
45826
45771
45757
45783
45848
45953
46097
46280
46500
46758
47053
47385
47754
48158
48597
49072
49581
50124
50700
51310
51953
52627
53334
54072
54840
55639
56468
57327
58214
59130
60074
61046
62045
63070
64122
65199
66302
67429
68581
69756
70955
72177
73421
74687
75974
77283
78612
79961
81330
82718
84125
85550
86992
88452
89929
91422
92931
94456
95995
97549
99117
1.007e+05
1.0229e+05
1.039e+05
1.0552e+05
1.0715e+05
1.088e+05
1.1045e+05
1.1212e+05
1.1379e+05
1.1548e+05
1.1717e+05
1.1887e+05
1.2058e+05
1.223e+05
1.2403e+05
1.2576e+05
1.275e+05
1.2925e+05
1.31e+05
1.3276e+05
1.3452e+05
1.3629e+05
1.3806e+05
1.3984e+05
1.4162e+05
1.434e+05
1.4519e+05
1.4697e+05
1.4876e+05
1.5055e+05
1.5235e+05
1.5414e+05
1.5593e+05
1.5772e+05
1.5952e+05
1.6131e+05
1.631e+05
1.6489e+05
1.6668e+05
1.6846e+05
1.7025e+05
1.7203e+05
1.7381e+05
1.7558e+05
1.7735e+05
1.7912e+05
1.8088e+05
1.8263e+05
1.8439e+05
1.8613e+05
1.8787e+05
1.8961e+05
1.9133e+05
1.9306e+05
1.9477e+05
1.9648e+05
1.9818e+05
1.9987e+05
2.0155e+05
2.0323e+05
2.049e+05
2.0656e+05
2.082e+05
2.0984e+05
2.1147e+05
2.1309e+05
2.147e+05
2.163e+05
2.1789e+05
2.1947e+05
2.2104e+05
2.2259e+05
2.2413e+05
2.2567e+05
2.2719e+05
2.2869e+05
2.3019e+05
2.3167e+05
2.3314e+05
2.346e+05
2.3604e+05
2.3747e+05
2.3888e+05
2.4029e+05
2.4167e+05
2.4305e+05
2.444e+05
2.4575e+05
2.4708e+05
2.4839e+05
2.4969e+05
2.5098e+05
2.5225e+05
2.535e+05
2.5474e+05
2.5596e+05
2.5716e+05
2.5835e+05
2.5953e+05
2.6068e+05
2.6182e+05
2.6295e+05
2.6406e+05
2.6515e+05
2.6622e+05
2.6727e+05
2.6831e+05
2.6934e+05
2.7034e+05
2.7133e+05
2.723e+05
2.7325e+05
2.7418e+05
2.751e+05
2.76e+05
2.7688e+05
2.7774e+05
2.7858e+05
2.7941e+05
2.8022e+05
2.8101e+05
2.8178e+05
2.8253e+05
2.8326e+05
2.8398e+05
2.8468e+05
2.8536e+05
2.8602e+05
2.8666e+05
2.8728e+05
2.8789e+05
2.8847e+05
2.8904e+05
2.8959e+05
2.9012e+05
2.9063e+05
2.9112e+05
2.916e+05
2.9205e+05
2.9249e+05
2.929e+05
2.933e+05
2.9368e+05
2.9404e+05
2.9439e+05
2.9471e+05
2.9502e+05
2.953e+05
2.9557e+05
2.9582e+05
2.9605e+05
2.9626e+05
2.9646e+05
2.9663e+05
2.9679e+05
2.9693e+05
2.9705e+05
2.9715e+05
2.9723e+05
2.973e+05
2.9735e+05
2.9738e+05
2.9739e+05
2.9738e+05
2.9736e+05
2.9732e+05
2.9726e+05
2.9718e+05
2.9709e+05
2.9697e+05
2.9684e+05
2.967e+05
2.9653e+05
2.9635e+05
2.9615e+05
2.9594e+05
2.957e+05
2.9545e+05
2.9519e+05
2.949e+05
2.9461e+05
2.9429e+05
2.9396e+05
2.9361e+05
2.9324e+05
2.9286e+05
2.9246e+05
2.9205e+05
2.9162e+05
2.9118e+05
2.9072e+05
2.9024e+05
2.8975e+05
2.8925e+05
2.8872e+05
2.8819e+05
2.8764e+05
2.8707e+05
2.8649e+05
2.859e+05
2.8529e+05
2.8466e+05
2.8402e+05
2.8337e+05
2.8271e+05
2.8203e+05
2.8133e+05
2.8063e+05
2.7991e+05
2.7917e+05
2.7842e+05
2.7766e+05
2.7689e+05
2.7611e+05
2.7531e+05
2.745e+05
2.7367e+05
2.7284e+05
2.7199e+05
2.7113e+05
2.7026e+05
2.6938e+05
2.6848e+05
2.6757e+05
2.6666e+05
2.6573e+05
2.6479e+05
2.6384e+05
2.6288e+05
2.6191e+05
2.6092e+05
2.5993e+05
2.5893e+05
2.5791e+05
2.5689e+05
2.5586e+05
2.5482e+05
2.5377e+05
2.5271e+05
2.5164e+05
2.5056e+05
2.4947e+05
2.4837e+05
2.4727e+05
2.4615e+05
2.4503e+05
2.439e+05
2.4276e+05
2.4162e+05
2.4046e+05
2.393e+05
2.3813e+05
2.3695e+05
2.3577e+05
2.3458e+05
2.3338e+05
2.3218e+05
2.3097e+05
2.2975e+05
2.2853e+05
2.273e+05
2.2606e+05
2.2482e+05
2.2357e+05
2.2232e+05
2.2106e+05
2.198e+05
2.1853e+05
2.1725e+05
2.1597e+05
2.1469e+05
2.134e+05
2.1211e+05
2.1081e+05
2.0951e+05
2.082e+05
2.0689e+05
2.0558e+05
2.0426e+05
2.0294e+05
2.0162e+05
2.0029e+05
1.9896e+05
1.9762e+05
1.9629e+05
1.9495e+05
1.9361e+05
1.9226e+05
1.9091e+05
1.8956e+05
1.8821e+05
1.8686e+05
1.855e+05
1.8415e+05
1.8279e+05
1.8143e+05
1.8006e+05
1.787e+05
1.7734e+05
1.7597e+05
1.7461e+05
1.7324e+05
1.7187e+05
1.705e+05
1.6913e+05
1.6777e+05
1.664e+05
1.6503e+05
1.6366e+05
1.6229e+05
1.6092e+05
1.5955e+05
1.5818e+05
1.5682e+05
1.5545e+05
1.5408e+05
1.5272e+05
1.5135e+05
1.4999e+05
1.4863e+05
1.4727e+05
1.4591e+05
1.4455e+05
1.432e+05
1.4184e+05
1.4049e+05
1.3914e+05
1.3779e+05
1.3645e+05
1.351e+05
1.3376e+05
1.3242e+05
1.3109e+05
1.2975e+05
1.2842e+05
1.2709e+05
1.2577e+05
1.2444e+05
1.2312e+05
1.2181e+05
1.2049e+05
1.1918e+05
1.1788e+05
1.1657e+05
1.1527e+05
1.1398e+05
1.1269e+05
1.114e+05
1.1011e+05
1.0883e+05
1.0756e+05
1.0628e+05
1.0501e+05
1.0375e+05
1.0249e+05
1.0124e+05
99985
98739
97497
96260
95028
93800
92578
91360
90147
88940
87737
86540
85348
84161
82980
81804
80634
79469
78309
77156
76008
74865
73729
72598
71473
70355
69242
68135
67034
65940
64851
63769
62693
61623
60560
59503
58452
57408
56370
55339
54315
53296
52285
51280
50282
49291
48306
47328
46357
45393
44435
43484
42541
41604
40674
39751
38835
37926
37024
36129
35241
34360
33487
32620
31761
30908
30063
29225
28394
27570
26754
25944
25142
24347
23559
22779
22005
21239
20480
19729
18984
18247
17517
16795
16079
15371
14670
13976
13290
12610
11938
11273
10616
9965.4
9322.1
8686.1
8057.2
7435.4
6820.9
6213.5
5613.2
5020
4434
3855.1
3283.2
2718.4
2160.7
1610
1066.3
529.67
0
