9.8378e+05
9.7902e+05
9.742e+05
9.693e+05
9.6434e+05
9.5932e+05
9.5423e+05
9.4908e+05
9.4387e+05
9.386e+05
9.3327e+05
9.2789e+05
9.2245e+05
9.1695e+05
9.1141e+05
9.0581e+05
9.0016e+05
8.9447e+05
8.8872e+05
8.8294e+05
8.771e+05
8.7123e+05
8.6531e+05
8.5936e+05
8.5336e+05
8.4733e+05
8.4126e+05
8.3516e+05
8.2902e+05
8.2285e+05
8.1665e+05
8.1042e+05
8.0416e+05
7.9788e+05
7.9157e+05
7.8523e+05
7.7888e+05
7.725e+05
7.661e+05
7.5968e+05
7.5324e+05
7.4679e+05
7.4032e+05
7.3384e+05
7.2735e+05
7.2084e+05
7.1432e+05
7.0779e+05
7.0126e+05
6.9472e+05
6.8817e+05
6.8162e+05
6.7506e+05
6.685e+05
6.6194e+05
6.5538e+05
6.4882e+05
6.4227e+05
6.3571e+05
6.2916e+05
6.2262e+05
6.1608e+05
6.0955e+05
6.0303e+05
5.9652e+05
5.9001e+05
5.8352e+05
5.7704e+05
5.7058e+05
5.6413e+05
5.577e+05
5.5128e+05
5.4488e+05
5.3849e+05
5.3213e+05
5.2578e+05
5.1946e+05
5.1316e+05
5.0688e+05
5.0062e+05
4.9439e+05
4.8819e+05
4.8201e+05
4.7585e+05
4.6973e+05
4.6363e+05
4.5756e+05
4.5152e+05
4.4551e+05
4.3953e+05
4.3358e+05
4.2767e+05
4.2179e+05
4.1595e+05
4.1013e+05
4.0436e+05
3.9862e+05
3.9291e+05
3.8725e+05
3.8162e+05
3.7603e+05
3.7047e+05
3.6496e+05
3.5949e+05
3.5406e+05
3.4867e+05
3.4332e+05
3.3801e+05
3.3275e+05
3.2753e+05
3.2235e+05
3.1721e+05
3.1212e+05
3.0708e+05
3.0208e+05
2.9713e+05
2.9222e+05
2.8736e+05
2.8254e+05
2.7778e+05
2.7306e+05
2.6839e+05
2.6376e+05
2.5919e+05
2.5466e+05
2.5018e+05
2.4576e+05
2.4138e+05
2.3705e+05
2.3277e+05
2.2855e+05
2.2437e+05
2.2024e+05
2.1617e+05
2.1214e+05
2.0817e+05
2.0425e+05
2.0038e+05
1.9656e+05
1.928e+05
1.8909e+05
1.8543e+05
1.8182e+05
1.7826e+05
1.7476e+05
1.7131e+05
1.6791e+05
1.6457e+05
1.6127e+05
1.5804e+05
1.5485e+05
1.5172e+05
1.4864e+05
1.4561e+05
1.4264e+05
1.3971e+05
1.3685e+05
1.3403e+05
1.3127e+05
1.2856e+05
1.259e+05
1.233e+05
1.2075e+05
1.1825e+05
1.158e+05
1.1341e+05
1.1107e+05
1.0878e+05
1.0654e+05
1.0436e+05
1.0222e+05
1.0014e+05
98114
96136
94209
92333
90508
88733
87009
85336
83713
82140
80616
79142
77717
76342
75015
73737
72507
71325
70191
69105
68066
67074
66129
65230
64377
63571
62810
62094
61423
60797
60215
59677
59183
58733
58325
57960
57638
57357
57119
56921
56765
56649
56574
56538
56542
56585
56667
56787
56946
57142
57375
57646
57952
58295
58674
59088
59537
60020
60538
61089
61674
62292
62942
63624
64338
65083
65860
66666
67503
68370
69265
70190
71143
72124
73132
74168
75230
76319
77433
78573
79738
80928
82141
83379
84640
85924
87230
88559
89909
91280
92672
94085
95518
96970
98441
99931
1.0144e+05
1.0297e+05
1.0451e+05
1.0607e+05
1.0765e+05
1.0924e+05
1.1085e+05
1.1248e+05
1.1412e+05
1.1577e+05
1.1744e+05
1.1912e+05
1.2082e+05
1.2253e+05
1.2425e+05
1.2598e+05
1.2773e+05
1.2948e+05
1.3125e+05
1.3303e+05
1.3482e+05
1.3662e+05
1.3842e+05
1.4024e+05
1.4207e+05
1.439e+05
1.4574e+05
1.4759e+05
1.4944e+05
1.5131e+05
1.5318e+05
1.5505e+05
1.5693e+05
1.5882e+05
1.6071e+05
1.626e+05
1.645e+05
1.6641e+05
1.6831e+05
1.7022e+05
1.7214e+05
1.7405e+05
1.7597e+05
1.7789e+05
1.7981e+05
1.8173e+05
1.8365e+05
1.8557e+05
1.8749e+05
1.8941e+05
1.9133e+05
1.9325e+05
1.9517e+05
1.9709e+05
1.99e+05
2.0092e+05
2.0283e+05
2.0473e+05
2.0664e+05
2.0854e+05
2.1044e+05
2.1233e+05
2.1422e+05
2.161e+05
2.1798e+05
2.1985e+05
2.2172e+05
2.2358e+05
2.2544e+05
2.2729e+05
2.2913e+05
2.3097e+05
2.328e+05
2.3462e+05
2.3643e+05
2.3824e+05
2.4004e+05
2.4183e+05
2.4361e+05
2.4538e+05
2.4714e+05
2.4889e+05
2.5064e+05
2.5237e+05
2.5409e+05
2.558e+05
2.5751e+05
2.592e+05
2.6088e+05
2.6255e+05
2.6421e+05
2.6585e+05
2.6749e+05
2.6911e+05
2.7072e+05
2.7231e+05
2.739e+05
2.7547e+05
2.7703e+05
2.7858e+05
2.8011e+05
2.8163e+05
2.8313e+05
2.8462e+05
2.861e+05
2.8756e+05
2.8901e+05
2.9044e+05
2.9186e+05
2.9327e+05
2.9465e+05
2.9603e+05
2.9739e+05
2.9873e+05
3.0006e+05
3.0137e+05
3.0266e+05
3.0394e+05
3.0521e+05
3.0645e+05
3.0768e+05
3.089e+05
3.101e+05
3.1128e+05
3.1244e+05
3.1359e+05
3.1472e+05
3.1583e+05
3.1693e+05
3.18e+05
3.1906e+05
3.2011e+05
3.2113e+05
3.2214e+05
3.2313e+05
3.241e+05
3.2506e+05
3.2599e+05
3.2691e+05
3.2781e+05
3.2869e+05
3.2956e+05
3.304e+05
3.3123e+05
3.3203e+05
3.3282e+05
3.336e+05
3.3435e+05
3.3508e+05
3.358e+05
3.3649e+05
3.3717e+05
3.3783e+05
3.3847e+05
3.3909e+05
3.3969e+05
3.4027e+05
3.4084e+05
3.4138e+05
3.4191e+05
3.4242e+05
3.4291e+05
3.4338e+05
3.4383e+05
3.4426e+05
3.4467e+05
3.4506e+05
3.4544e+05
3.4579e+05
3.4613e+05
3.4644e+05
3.4674e+05
3.4702e+05
3.4728e+05
3.4752e+05
3.4774e+05
3.4795e+05
3.4813e+05
3.483e+05
3.4844e+05
3.4857e+05
3.4868e+05
3.4877e+05
3.4884e+05
3.489e+05
3.4893e+05
3.4894e+05
3.4894e+05
3.4892e+05
3.4888e+05
3.4882e+05
3.4875e+05
3.4865e+05
3.4854e+05
3.4841e+05
3.4826e+05
3.4809e+05
3.479e+05
3.477e+05
3.4748e+05
3.4724e+05
3.4698e+05
3.467e+05
3.4641e+05
3.461e+05
3.4577e+05
3.4543e+05
3.4507e+05
3.4469e+05
3.4429e+05
3.4388e+05
3.4344e+05
3.43e+05
3.4253e+05
3.4205e+05
3.4155e+05
3.4104e+05
3.405e+05
3.3996e+05
3.3939e+05
3.3881e+05
3.3822e+05
3.376e+05
3.3697e+05
3.3633e+05
3.3567e+05
3.3499e+05
3.343e+05
3.336e+05
3.3287e+05
3.3214e+05
3.3138e+05
3.3062e+05
3.2983e+05
3.2904e+05
3.2822e+05
3.274e+05
3.2656e+05
3.257e+05
3.2483e+05
3.2395e+05
3.2305e+05
3.2214e+05
3.2121e+05
3.2027e+05
3.1932e+05
3.1836e+05
3.1738e+05
3.1638e+05
3.1538e+05
3.1436e+05
3.1333e+05
3.1228e+05
3.1123e+05
3.1016e+05
3.0908e+05
3.0798e+05
3.0688e+05
3.0576e+05
3.0463e+05
3.0349e+05
3.0234e+05
3.0117e+05
3e+05
2.9881e+05
2.9761e+05
2.964e+05
2.9518e+05
2.9395e+05
2.9271e+05
2.9146e+05
2.902e+05
2.8893e+05
2.8765e+05
2.8636e+05
2.8506e+05
2.8375e+05
2.8243e+05
2.811e+05
2.7976e+05
2.7841e+05
2.7705e+05
2.7569e+05
2.7431e+05
2.7293e+05
2.7154e+05
2.7014e+05
2.6874e+05
2.6732e+05
2.659e+05
2.6447e+05
2.6303e+05
2.6158e+05
2.6013e+05
2.5867e+05
2.572e+05
2.5573e+05
2.5425e+05
2.5276e+05
2.5127e+05
2.4977e+05
2.4826e+05
2.4675e+05
2.4523e+05
2.4371e+05
2.4218e+05
2.4064e+05
2.391e+05
2.3756e+05
2.3601e+05
2.3445e+05
2.3289e+05
2.3133e+05
2.2976e+05
2.2818e+05
2.2661e+05
2.2502e+05
2.2344e+05
2.2185e+05
2.2025e+05
2.1865e+05
2.1705e+05
2.1545e+05
2.1384e+05
2.1223e+05
2.1062e+05
2.09e+05
2.0738e+05
2.0576e+05
2.0413e+05
2.0251e+05
2.0088e+05
1.9925e+05
1.9762e+05
1.9598e+05
1.9435e+05
1.9271e+05
1.9107e+05
1.8943e+05
1.8779e+05
1.8615e+05
1.845e+05
1.8286e+05
1.8121e+05
1.7957e+05
1.7792e+05
1.7628e+05
1.7463e+05
1.7298e+05
1.7134e+05
1.6969e+05
1.6805e+05
1.664e+05
1.6476e+05
1.6311e+05
1.6147e+05
1.5983e+05
1.5819e+05
1.5655e+05
1.5491e+05
1.5327e+05
1.5164e+05
1.5e+05
1.4837e+05
1.4674e+05
1.4511e+05
1.4349e+05
1.4186e+05
1.4024e+05
1.3862e+05
1.37e+05
1.3539e+05
1.3378e+05
1.3217e+05
1.3056e+05
1.2896e+05
1.2736e+05
1.2577e+05
1.2417e+05
1.2258e+05
1.21e+05
1.1941e+05
1.1783e+05
1.1626e+05
1.1469e+05
1.1312e+05
1.1156e+05
1.1e+05
1.0845e+05
1.069e+05
1.0535e+05
1.0381e+05
1.0227e+05
1.0074e+05
99216
97694
96178
94666
93160
91659
90164
88674
87189
85710
84237
82770
81308
79853
78403
76960
75522
74091
72666
71248
69836
68431
67032
65640
64255
62876
61504
60140
58782
57431
56088
54751
53422
52100
50786
49479
48179
46887
45603
44326
43057
41795
40542
39296
38058
36828
35606
34392
33186
31988
30799
29617
28444
27279
26122
24974
23834
22703
21580
20465
19359
18262
17173
16093
15021
13958
12904
11858
10821
9793.4
8774.2
7763.8
6762.2
5769.5
4785.6
3810.7
2844.6
1887.5
939.26
0
