2.4632e+05
2.4999e+05
2.5367e+05
2.5737e+05
2.6109e+05
2.6481e+05
2.6855e+05
2.723e+05
2.7605e+05
2.7981e+05
2.8358e+05
2.8734e+05
2.9111e+05
2.9487e+05
2.9863e+05
3.0239e+05
3.0614e+05
3.0988e+05
3.1361e+05
3.1732e+05
3.2102e+05
3.2471e+05
3.2838e+05
3.3203e+05
3.3565e+05
3.3926e+05
3.4284e+05
3.464e+05
3.4992e+05
3.5342e+05
3.5689e+05
3.6033e+05
3.6373e+05
3.671e+05
3.7042e+05
3.7372e+05
3.7697e+05
3.8018e+05
3.8334e+05
3.8647e+05
3.8955e+05
3.9258e+05
3.9556e+05
3.9849e+05
4.0138e+05
4.0421e+05
4.0698e+05
4.0971e+05
4.1238e+05
4.1499e+05
4.1754e+05
4.2003e+05
4.2247e+05
4.2484e+05
4.2715e+05
4.294e+05
4.3159e+05
4.3371e+05
4.3576e+05
4.3775e+05
4.3967e+05
4.4152e+05
4.433e+05
4.4502e+05
4.4666e+05
4.4823e+05
4.4974e+05
4.5117e+05
4.5252e+05
4.5381e+05
4.5502e+05
4.5616e+05
4.5722e+05
4.5821e+05
4.5912e+05
4.5996e+05
4.6072e+05
4.6141e+05
4.6202e+05
4.6256e+05
4.6302e+05
4.6341e+05
4.6372e+05
4.6395e+05
4.6411e+05
4.6419e+05
4.642e+05
4.6413e+05
4.6398e+05
4.6377e+05
4.6347e+05
4.6311e+05
4.6267e+05
4.6216e+05
4.6157e+05
4.6091e+05
4.6019e+05
4.5939e+05
4.5852e+05
4.5758e+05
4.5657e+05
4.5549e+05
4.5435e+05
4.5314e+05
4.5186e+05
4.5052e+05
4.4912e+05
4.4765e+05
4.4612e+05
4.4453e+05
4.4288e+05
4.4118e+05
4.3941e+05
4.3759e+05
4.3571e+05
4.3378e+05
4.3179e+05
4.2976e+05
4.2767e+05
4.2554e+05
4.2335e+05
4.2112e+05
4.1885e+05
4.1653e+05
4.1417e+05
4.1177e+05
4.0933e+05
4.0686e+05
4.0434e+05
4.0179e+05
3.9921e+05
3.966e+05
3.9395e+05
3.9128e+05
3.8858e+05
3.8585e+05
3.831e+05
3.8033e+05
3.7754e+05
3.7472e+05
3.7189e+05
3.6904e+05
3.6618e+05
3.6331e+05
3.6042e+05
3.5752e+05
3.5461e+05
3.517e+05
3.4878e+05
3.4585e+05
3.4293e+05
3.4e+05
3.3707e+05
3.3414e+05
3.3122e+05
3.283e+05
3.2538e+05
3.2248e+05
3.1958e+05
3.1669e+05
3.1381e+05
3.1094e+05
3.0809e+05
3.0525e+05
3.0242e+05
2.9961e+05
2.9682e+05
2.9405e+05
2.913e+05
2.8857e+05
2.8586e+05
2.8317e+05
2.805e+05
2.7786e+05
2.7525e+05
2.7266e+05
2.7009e+05
2.6756e+05
2.6505e+05
2.6256e+05
2.6011e+05
2.5769e+05
2.5529e+05
2.5293e+05
2.5059e+05
2.4829e+05
2.4601e+05
2.4377e+05
2.4155e+05
2.3937e+05
2.3722e+05
2.351e+05
2.3301e+05
2.3096e+05
2.2893e+05
2.2693e+05
2.2497e+05
2.2303e+05
2.2113e+05
2.1925e+05
2.1741e+05
2.1559e+05
2.138e+05
2.1204e+05
2.103e+05
2.086e+05
2.0691e+05
2.0526e+05
2.0363e+05
2.0202e+05
2.0044e+05
1.9888e+05
1.9734e+05
1.9582e+05
1.9432e+05
1.9284e+05
1.9138e+05
1.8994e+05
1.8851e+05
1.871e+05
1.857e+05
1.8432e+05
1.8295e+05
1.8159e+05
1.8023e+05
1.7889e+05
1.7756e+05
1.7623e+05
1.7491e+05
1.736e+05
1.7229e+05
1.7098e+05
1.6967e+05
1.6836e+05
1.6705e+05
1.6574e+05
1.6443e+05
1.6311e+05
1.6179e+05
1.6046e+05
1.5913e+05
1.5778e+05
1.5643e+05
1.5507e+05
1.537e+05
1.5231e+05
1.5091e+05
1.495e+05
1.4808e+05
1.4664e+05
1.4518e+05
1.437e+05
1.4221e+05
1.407e+05
1.3918e+05
1.3763e+05
1.3606e+05
1.3448e+05
1.3287e+05
1.3124e+05
1.2959e+05
1.2792e+05
1.2622e+05
1.2451e+05
1.2277e+05
1.2101e+05
1.1923e+05
1.1742e+05
1.1559e+05
1.1374e+05
1.1187e+05
1.0998e+05
1.0806e+05
1.0613e+05
1.0417e+05
1.022e+05
1.002e+05
98187
96155
94105
92039
89958
87861
85751
83628
81494
79349
77196
75034
72866
70693
68517
66339
64160
61982
59808
57638
55475
53321
51176
49044
46927
44826
42743
40681
38642
36628
34641
32684
30760
28869
27015
25201
23428
21699
20017
18384
16802
15275
13805
12394
11045
9761
8543.9
7396.6
6321.7
5321.7
4399.3
3557
2797.5
2123.1
1536.6
1040.3
636.84
328.65
118.18
7.8319
0
97.033
301.24
614.91
1040.3
1579.5
2234.7
3008.1
3901.6
4917.3
6057
7322.7
8716.2
10239
11893
13680
15602
17659
19854
22187
24660
27274
30030
32929
35973
39161
42495
45976
49603
53378
57301
61372
65591
69959
74476
79141
83954
88915
94024
99280
1.0468e+05
1.1023e+05
1.1592e+05
1.2176e+05
1.2774e+05
1.3387e+05
1.4013e+05
1.4654e+05
1.5308e+05
1.5976e+05
1.6658e+05
1.7353e+05
1.8061e+05
1.8782e+05
1.9516e+05
2.0263e+05
2.1022e+05
2.1793e+05
2.2576e+05
2.3371e+05
2.4177e+05
2.4994e+05
2.5823e+05
2.6662e+05
2.7511e+05
2.837e+05
2.9239e+05
3.0118e+05
3.1005e+05
3.1902e+05
3.2807e+05
3.372e+05
3.464e+05
3.5568e+05
3.6503e+05
3.7445e+05
3.8393e+05
3.9347e+05
4.0306e+05
4.1271e+05
4.224e+05
4.3214e+05
4.4191e+05
4.5172e+05
4.6156e+05
4.7142e+05
4.8131e+05
4.9122e+05
5.0113e+05
5.1106e+05
5.21e+05
5.3093e+05
5.4086e+05
5.5078e+05
5.6068e+05
5.7057e+05
5.8044e+05
5.9028e+05
6.0009e+05
6.0987e+05
6.196e+05
6.2929e+05
6.3893e+05
6.4852e+05
6.5805e+05
6.6751e+05
6.7691e+05
6.8624e+05
6.955e+05
7.0467e+05
7.1376e+05
7.2276e+05
7.3167e+05
7.4048e+05
7.4919e+05
7.5779e+05
7.6629e+05
7.7467e+05
7.8293e+05
7.9107e+05
7.9909e+05
8.0698e+05
8.1474e+05
8.2236e+05
8.2984e+05
8.3718e+05
8.4437e+05
8.5141e+05
8.583e+05
8.6503e+05
8.716e+05
8.7801e+05
8.8425e+05
8.9032e+05
8.9623e+05
9.0196e+05
9.0751e+05
9.1288e+05
9.1807e+05
9.2308e+05
9.279e+05
9.3253e+05
9.3697e+05
9.4122e+05
9.4528e+05
9.4914e+05
9.528e+05
9.5626e+05
9.5952e+05
9.6258e+05
9.6544e+05
9.681e+05
9.7054e+05
9.7279e+05
9.7482e+05
9.7665e+05
9.7827e+05
9.7969e+05
9.8089e+05
9.8189e+05
9.8267e+05
9.8325e+05
9.8362e+05
9.8378e+05
9.8373e+05
9.8347e+05
9.8301e+05
9.8234e+05
9.8146e+05
9.8038e+05
9.7909e+05
9.776e+05
9.7591e+05
9.7402e+05
9.7192e+05
9.6963e+05
9.6715e+05
9.6446e+05
9.6159e+05
9.5852e+05
9.5527e+05
9.5182e+05
9.4819e+05
9.4438e+05
9.4039e+05
9.3622e+05
9.3187e+05
9.2734e+05
9.2265e+05
9.1779e+05
9.1276e+05
9.0757e+05
9.0222e+05
8.9671e+05
8.9105e+05
8.8524e+05
8.7927e+05
8.7317e+05
8.6692e+05
8.6053e+05
8.5401e+05
8.4735e+05
8.4057e+05
8.3366e+05
8.2663e+05
8.1948e+05
8.1222e+05
8.0485e+05
7.9737e+05
7.8979e+05
7.821e+05
7.7432e+05
7.6645e+05
7.5849e+05
7.5045e+05
7.4232e+05
7.3412e+05
7.2584e+05
7.175e+05
7.0909e+05
7.0061e+05
6.9208e+05
6.835e+05
6.7486e+05
6.6618e+05
6.5745e+05
6.4869e+05
6.3989e+05
6.3106e+05
6.222e+05
6.1331e+05
6.0441e+05
5.9549e+05
5.8656e+05
5.7762e+05
5.6867e+05
5.5972e+05
5.5077e+05
5.4183e+05
5.3289e+05
5.2397e+05
5.1506e+05
5.0617e+05
4.973e+05
4.8846e+05
4.7964e+05
4.7086e+05
4.6211e+05
4.5339e+05
4.4472e+05
4.3609e+05
4.2751e+05
4.1898e+05
4.105e+05
4.0207e+05
3.937e+05
3.8539e+05
3.7714e+05
3.6895e+05
3.6084e+05
3.5279e+05
3.4481e+05
3.3691e+05
3.2908e+05
3.2133e+05
3.1366e+05
3.0607e+05
2.9857e+05
2.9115e+05
2.8382e+05
2.7657e+05
2.6942e+05
2.6236e+05
2.5539e+05
2.4851e+05
2.4173e+05
2.3505e+05
2.2846e+05
2.2198e+05
2.1559e+05
2.0931e+05
2.0312e+05
1.9704e+05
1.9106e+05
1.8519e+05
1.7942e+05
1.7375e+05
1.6819e+05
1.6274e+05
1.5739e+05
1.5214e+05
1.47e+05
1.4197e+05
1.3705e+05
1.3223e+05
1.2752e+05
1.2291e+05
1.1841e+05
1.1401e+05
1.0972e+05
1.0553e+05
1.0145e+05
97473
93598
89825
86154
82584
79114
75744
72473
69299
66222
63241
60355
57562
54862
52253
49735
47305
44963
42708
40538
38451
36447
34524
32681
30916
29227
27613
26074
24606
23209
21881
20620
19426
18295
17227
16221
15273
14384
13551
12772
12046
11372
10747
10171
9640.2
9154.7
8712.4
8311.7
7951
7628.6
7343.1
7092.8
6876.2
6691.7
6537.9
6413.1
6316
6245
6198.7
6175.6
6174.3
6193.4
6231.6
6287.4
6359.5
6446.6
6547.5
6660.8
6785.3
6919.8
7063.1
7214.1
7371.5
7534.4
7701.6
7872
8044.7
8218.6
8392.8
8566.4
8738.3
8907.8
9074
9236.1
9393.3
9544.8
9689.9
9827.9
9958.2
10080
10193
10296
10389
10471
10543
10602
10650
10685
10707
10716
10712
10694
10661
