2.2922e+05
2.325e+05
2.358e+05
2.3912e+05
2.4245e+05
2.4579e+05
2.4915e+05
2.5252e+05
2.559e+05
2.5928e+05
2.6267e+05
2.6606e+05
2.6945e+05
2.7285e+05
2.7624e+05
2.7963e+05
2.8301e+05
2.8638e+05
2.8975e+05
2.9311e+05
2.9646e+05
2.9979e+05
3.0311e+05
3.0641e+05
3.0969e+05
3.1296e+05
3.162e+05
3.1943e+05
3.2263e+05
3.258e+05
3.2895e+05
3.3207e+05
3.3516e+05
3.3822e+05
3.4125e+05
3.4425e+05
3.4721e+05
3.5014e+05
3.5302e+05
3.5588e+05
3.5869e+05
3.6146e+05
3.6419e+05
3.6688e+05
3.6952e+05
3.7212e+05
3.7467e+05
3.7717e+05
3.7963e+05
3.8204e+05
3.844e+05
3.867e+05
3.8896e+05
3.9116e+05
3.9331e+05
3.954e+05
3.9744e+05
3.9943e+05
4.0135e+05
4.0322e+05
4.0503e+05
4.0678e+05
4.0848e+05
4.1011e+05
4.1168e+05
4.1319e+05
4.1464e+05
4.1602e+05
4.1735e+05
4.1861e+05
4.198e+05
4.2093e+05
4.22e+05
4.23e+05
4.2394e+05
4.2482e+05
4.2562e+05
4.2637e+05
4.2704e+05
4.2765e+05
4.282e+05
4.2867e+05
4.2909e+05
4.2943e+05
4.2971e+05
4.2993e+05
4.3007e+05
4.3016e+05
4.3017e+05
4.3012e+05
4.3001e+05
4.2983e+05
4.2959e+05
4.2928e+05
4.2891e+05
4.2847e+05
4.2797e+05
4.2741e+05
4.2679e+05
4.261e+05
4.2536e+05
4.2455e+05
4.2368e+05
4.2276e+05
4.2177e+05
4.2073e+05
4.1963e+05
4.1847e+05
4.1726e+05
4.1599e+05
4.1467e+05
4.133e+05
4.1187e+05
4.1039e+05
4.0887e+05
4.0729e+05
4.0566e+05
4.0399e+05
4.0227e+05
4.0051e+05
3.987e+05
3.9685e+05
3.9496e+05
3.9302e+05
3.9105e+05
3.8904e+05
3.8699e+05
3.8491e+05
3.8279e+05
3.8064e+05
3.7845e+05
3.7624e+05
3.7399e+05
3.7172e+05
3.6942e+05
3.671e+05
3.6475e+05
3.6238e+05
3.5998e+05
3.5757e+05
3.5514e+05
3.5269e+05
3.5022e+05
3.4774e+05
3.4524e+05
3.4274e+05
3.4022e+05
3.3769e+05
3.3516e+05
3.3262e+05
3.3007e+05
3.2752e+05
3.2496e+05
3.2241e+05
3.1985e+05
3.173e+05
3.1474e+05
3.1219e+05
3.0965e+05
3.0711e+05
3.0457e+05
3.0205e+05
2.9953e+05
2.9703e+05
2.9453e+05
2.9205e+05
2.8958e+05
2.8713e+05
2.8469e+05
2.8227e+05
2.7986e+05
2.7747e+05
2.751e+05
2.7275e+05
2.7042e+05
2.6812e+05
2.6583e+05
2.6356e+05
2.6132e+05
2.5911e+05
2.5691e+05
2.5474e+05
2.526e+05
2.5048e+05
2.4839e+05
2.4632e+05
2.4428e+05
2.4227e+05
2.4028e+05
2.3832e+05
2.3639e+05
2.3449e+05
2.3261e+05
2.3076e+05
2.2894e+05
2.2715e+05
2.2538e+05
2.2364e+05
2.2193e+05
2.2024e+05
2.1859e+05
2.1695e+05
2.1535e+05
2.1377e+05
2.1221e+05
2.1068e+05
2.0917e+05
2.0769e+05
2.0622e+05
2.0479e+05
2.0337e+05
2.0197e+05
2.006e+05
1.9924e+05
1.9791e+05
1.9659e+05
1.9529e+05
1.94e+05
1.9274e+05
1.9148e+05
1.9024e+05
1.8902e+05
1.878e+05
1.866e+05
1.854e+05
1.8422e+05
1.8304e+05
1.8187e+05
1.8071e+05
1.7955e+05
1.784e+05
1.7725e+05
1.761e+05
1.7495e+05
1.738e+05
1.7265e+05
1.7149e+05
1.7034e+05
1.6918e+05
1.6801e+05
1.6684e+05
1.6565e+05
1.6447e+05
1.6327e+05
1.6206e+05
1.6083e+05
1.596e+05
1.5835e+05
1.5709e+05
1.5581e+05
1.5452e+05
1.5321e+05
1.5188e+05
1.5054e+05
1.4917e+05
1.4779e+05
1.4638e+05
1.4495e+05
1.435e+05
1.4203e+05
1.4054e+05
1.3902e+05
1.3748e+05
1.3592e+05
1.3433e+05
1.3272e+05
1.3108e+05
1.2941e+05
1.2772e+05
1.2601e+05
1.2427e+05
1.2251e+05
1.2072e+05
1.1891e+05
1.1707e+05
1.152e+05
1.1332e+05
1.114e+05
1.0947e+05
1.0751e+05
1.0553e+05
1.0353e+05
1.0151e+05
99468
97407
95326
93228
91114
88984
86839
84681
82511
80330
78139
75941
73735
71525
69311
67095
64879
62665
60453
58247
56048
53857
51678
49512
47360
45226
43111
41018
38948
36905
34889
32905
30954
29038
27160
25322
23528
21778
20077
18426
16829
15286
13803
12380
11020
9726.4
8501.5
7347.8
6268
5264.6
4340.4
3497.7
2739.3
2067.6
1485.2
994.63
598.37
298.89
98.633
0
5.373
117.09
337.47
668.76
1113.2
1672.9
2350.2
3146.9
4065.2
5107
6274.3
7568.9
8992.5
10547
12234
14055
16012
18106
20339
22711
25224
27880
30679
33622
36710
39944
43326
46854
50531
54356
58330
62453
66725
71147
75718
80439
85308
90327
95494
1.0081e+05
1.0627e+05
1.1188e+05
1.1764e+05
1.2354e+05
1.2958e+05
1.3577e+05
1.421e+05
1.4856e+05
1.5517e+05
1.6192e+05
1.688e+05
1.7582e+05
1.8296e+05
1.9024e+05
1.9765e+05
2.0518e+05
2.1284e+05
2.2062e+05
2.2852e+05
2.3654e+05
2.4467e+05
2.5291e+05
2.6127e+05
2.6973e+05
2.7829e+05
2.8695e+05
2.9571e+05
3.0456e+05
3.1351e+05
3.2254e+05
3.3166e+05
3.4086e+05
3.5013e+05
3.5948e+05
3.689e+05
3.7838e+05
3.8793e+05
3.9753e+05
4.0719e+05
4.169e+05
4.2666e+05
4.3645e+05
4.4629e+05
4.5616e+05
4.6606e+05
4.7598e+05
4.8593e+05
4.9589e+05
5.0586e+05
5.1585e+05
5.2583e+05
5.3581e+05
5.4579e+05
5.5576e+05
5.6571e+05
5.7565e+05
5.8556e+05
5.9544e+05
6.0529e+05
6.151e+05
6.2487e+05
6.3459e+05
6.4426e+05
6.5387e+05
6.6343e+05
6.7291e+05
6.8233e+05
6.9168e+05
7.0095e+05
7.1013e+05
7.1923e+05
7.2823e+05
7.3714e+05
7.4595e+05
7.5466e+05
7.6325e+05
7.7174e+05
7.801e+05
7.8835e+05
7.9647e+05
8.0446e+05
8.1232e+05
8.2004e+05
8.2762e+05
8.3506e+05
8.4235e+05
8.495e+05
8.5648e+05
8.6331e+05
8.6998e+05
8.7648e+05
8.8282e+05
8.8898e+05
8.9497e+05
9.0079e+05
9.0643e+05
9.1188e+05
9.1715e+05
9.2224e+05
9.2713e+05
9.3184e+05
9.3635e+05
9.4067e+05
9.4479e+05
9.4871e+05
9.5243e+05
9.5594e+05
9.5926e+05
9.6236e+05
9.6527e+05
9.6796e+05
9.7044e+05
9.7272e+05
9.7478e+05
9.7663e+05
9.7827e+05
9.797e+05
9.8091e+05
9.8191e+05
9.827e+05
9.8327e+05
9.8363e+05
9.8378e+05
9.8371e+05
9.8343e+05
9.8294e+05
9.8224e+05
9.8132e+05
9.802e+05
9.7886e+05
9.7732e+05
9.7557e+05
9.7362e+05
9.7146e+05
9.691e+05
9.6654e+05
9.6378e+05
9.6082e+05
9.5766e+05
9.5432e+05
9.5078e+05
9.4704e+05
9.4313e+05
9.3902e+05
9.3474e+05
9.3027e+05
9.2563e+05
9.2081e+05
9.1582e+05
9.1066e+05
9.0533e+05
8.9984e+05
8.9419e+05
8.8839e+05
8.8242e+05
8.7631e+05
8.7005e+05
8.6365e+05
8.571e+05
8.5042e+05
8.4361e+05
8.3666e+05
8.2959e+05
8.224e+05
8.1508e+05
8.0765e+05
8.0011e+05
7.9247e+05
7.8472e+05
7.7687e+05
7.6892e+05
7.6088e+05
7.5276e+05
7.4455e+05
7.3626e+05
7.2789e+05
7.1945e+05
7.1095e+05
7.0238e+05
6.9375e+05
6.8506e+05
6.7633e+05
6.6755e+05
6.5872e+05
6.4985e+05
6.4095e+05
6.3202e+05
6.2306e+05
6.1407e+05
6.0507e+05
5.9605e+05
5.8702e+05
5.7798e+05
5.6894e+05
5.599e+05
5.5086e+05
5.4183e+05
5.3281e+05
5.238e+05
5.1481e+05
5.0585e+05
4.969e+05
4.8799e+05
4.7911e+05
4.7027e+05
4.6146e+05
4.527e+05
4.4398e+05
4.3531e+05
4.267e+05
4.1813e+05
4.0963e+05
4.0118e+05
3.928e+05
3.8448e+05
3.7624e+05
3.6806e+05
3.5996e+05
3.5193e+05
3.4398e+05
3.3612e+05
3.2833e+05
3.2063e+05
3.1302e+05
3.055e+05
2.9807e+05
2.9073e+05
2.8349e+05
2.7634e+05
2.6929e+05
2.6235e+05
2.555e+05
2.4876e+05
2.4212e+05
2.3558e+05
2.2915e+05
2.2283e+05
2.1662e+05
2.1052e+05
2.0452e+05
1.9864e+05
1.9287e+05
1.8721e+05
1.8167e+05
1.7624e+05
1.7092e+05
1.6571e+05
1.6062e+05
1.5565e+05
1.5079e+05
1.4604e+05
1.414e+05
1.3689e+05
1.3248e+05
1.2819e+05
1.2401e+05
1.1994e+05
1.1599e+05
1.1215e+05
1.0842e+05
1.048e+05
1.0129e+05
97893
94602
91418
88340
85368
82501
79737
77075
74514
72053
69690
67425
65255
63180
61198
59308
57507
55795
54170
52630
51173
49799
48504
47289
46150
45086
44096
43177
42328
41546
40831
40180
39591
39063
38594
38181
37824
37519
37266
37062
36905
36794
36727
36702
36717
36770
36859
36984
37141
37329
37547
37792
38063
38358
38676
39014
39372
39747
40139
40544
40963
41393
41833
42282
42737
43198
43664
44132
44602
45072
45542
46009
46473
46933
47388
47835
48276
48707
49129
49541
49941
50330
50705
51066
51413
51744
52060
52359
52641
52905
53151
53378
53586
53774
53942
54090
54218
