9.8378e+05
9.7926e+05
9.7468e+05
9.7005e+05
9.6536e+05
9.6061e+05
9.558e+05
9.5094e+05
9.4603e+05
9.4107e+05
9.3606e+05
9.31e+05
9.259e+05
9.2075e+05
9.1556e+05
9.1033e+05
9.0505e+05
8.9974e+05
8.9438e+05
8.8899e+05
8.8357e+05
8.7811e+05
8.7262e+05
8.671e+05
8.6155e+05
8.5597e+05
8.5036e+05
8.4472e+05
8.3907e+05
8.3338e+05
8.2768e+05
8.2196e+05
8.1621e+05
8.1045e+05
8.0467e+05
7.9888e+05
7.9307e+05
7.8724e+05
7.8141e+05
7.7556e+05
7.6971e+05
7.6384e+05
7.5797e+05
7.521e+05
7.4621e+05
7.4033e+05
7.3444e+05
7.2854e+05
7.2265e+05
7.1676e+05
7.1087e+05
7.0498e+05
6.991e+05
6.9322e+05
6.8734e+05
6.8147e+05
6.7561e+05
6.6976e+05
6.6392e+05
6.5809e+05
6.5227e+05
6.4646e+05
6.4066e+05
6.3488e+05
6.2912e+05
6.2337e+05
6.1763e+05
6.1192e+05
6.0622e+05
6.0054e+05
5.9488e+05
5.8925e+05
5.8363e+05
5.7804e+05
5.7247e+05
5.6692e+05
5.614e+05
5.559e+05
5.5043e+05
5.4499e+05
5.3957e+05
5.3418e+05
5.2882e+05
5.2349e+05
5.1819e+05
5.1292e+05
5.0768e+05
5.0247e+05
4.973e+05
4.9215e+05
4.8704e+05
4.8197e+05
4.7693e+05
4.7192e+05
4.6695e+05
4.6201e+05
4.5711e+05
4.5225e+05
4.4743e+05
4.4264e+05
4.3789e+05
4.3318e+05
4.2851e+05
4.2387e+05
4.1928e+05
4.1473e+05
4.1021e+05
4.0574e+05
4.0131e+05
3.9692e+05
3.9257e+05
3.8826e+05
3.84e+05
3.7978e+05
3.7559e+05
3.7146e+05
3.6736e+05
3.6331e+05
3.5931e+05
3.5534e+05
3.5142e+05
3.4755e+05
3.4371e+05
3.3993e+05
3.3619e+05
3.3249e+05
3.2883e+05
3.2523e+05
3.2166e+05
3.1815e+05
3.1467e+05
3.1125e+05
3.0786e+05
3.0453e+05
3.0124e+05
2.9799e+05
2.9479e+05
2.9164e+05
2.8853e+05
2.8547e+05
2.8245e+05
2.7948e+05
2.7655e+05
2.7367e+05
2.7084e+05
2.6805e+05
2.6531e+05
2.6261e+05
2.5996e+05
2.5735e+05
2.5479e+05
2.5227e+05
2.498e+05
2.4737e+05
2.4499e+05
2.4265e+05
2.4036e+05
2.3812e+05
2.3591e+05
2.3375e+05
2.3164e+05
2.2957e+05
2.2754e+05
2.2556e+05
2.2362e+05
2.2173e+05
2.1988e+05
2.1807e+05
2.163e+05
2.1458e+05
2.129e+05
2.1126e+05
2.0966e+05
2.0811e+05
2.066e+05
2.0513e+05
2.037e+05
2.0231e+05
2.0096e+05
1.9966e+05
1.9839e+05
1.9716e+05
1.9598e+05
1.9483e+05
1.9373e+05
1.9266e+05
1.9163e+05
1.9064e+05
1.8969e+05
1.8878e+05
1.879e+05
1.8706e+05
1.8626e+05
1.855e+05
1.8478e+05
1.8409e+05
1.8343e+05
1.8282e+05
1.8224e+05
1.8169e+05
1.8118e+05
1.807e+05
1.8026e+05
1.7986e+05
1.7948e+05
1.7915e+05
1.7884e+05
1.7857e+05
1.7833e+05
1.7812e+05
1.7795e+05
1.778e+05
1.7769e+05
1.7761e+05
1.7756e+05
1.7754e+05
1.7755e+05
1.7759e+05
1.7767e+05
1.7777e+05
1.779e+05
1.7805e+05
1.7824e+05
1.7846e+05
1.787e+05
1.7897e+05
1.7927e+05
1.7959e+05
1.7994e+05
1.8032e+05
1.8072e+05
1.8115e+05
1.816e+05
1.8208e+05
1.8258e+05
1.8311e+05
1.8366e+05
1.8423e+05
1.8483e+05
1.8545e+05
1.8609e+05
1.8676e+05
1.8744e+05
1.8815e+05
1.8888e+05
1.8963e+05
1.9041e+05
1.912e+05
1.9201e+05
1.9284e+05
1.9369e+05
1.9456e+05
1.9545e+05
1.9636e+05
1.9728e+05
1.9823e+05
1.9919e+05
2.0017e+05
2.0116e+05
2.0217e+05
2.032e+05
2.0424e+05
2.053e+05
2.0638e+05
2.0746e+05
2.0857e+05
2.0969e+05
2.1082e+05
2.1196e+05
2.1312e+05
2.143e+05
2.1548e+05
2.1668e+05
2.1789e+05
2.1911e+05
2.2034e+05
2.2159e+05
2.2285e+05
2.2411e+05
2.2539e+05
2.2668e+05
2.2797e+05
2.2928e+05
2.3059e+05
2.3192e+05
2.3325e+05
2.3459e+05
2.3594e+05
2.373e+05
2.3867e+05
2.4004e+05
2.4142e+05
2.428e+05
2.442e+05
2.456e+05
2.47e+05
2.4841e+05
2.4983e+05
2.5125e+05
2.5267e+05
2.541e+05
2.5554e+05
2.5697e+05
2.5842e+05
2.5986e+05
2.6131e+05
2.6276e+05
2.6421e+05
2.6567e+05
2.6713e+05
2.6859e+05
2.7005e+05
2.7151e+05
2.7298e+05
2.7445e+05
2.7591e+05
2.7738e+05
2.7884e+05
2.8031e+05
2.8178e+05
2.8324e+05
2.8471e+05
2.8617e+05
2.8764e+05
2.891e+05
2.9056e+05
2.9201e+05
2.9347e+05
2.9492e+05
2.9637e+05
2.9782e+05
2.9926e+05
3.0071e+05
3.0214e+05
3.0358e+05
3.0501e+05
3.0643e+05
3.0785e+05
3.0927e+05
3.1068e+05
3.1209e+05
3.1349e+05
3.1489e+05
3.1628e+05
3.1766e+05
3.1904e+05
3.2042e+05
3.2178e+05
3.2314e+05
3.245e+05
3.2584e+05
3.2718e+05
3.2851e+05
3.2984e+05
3.3115e+05
3.3246e+05
3.3376e+05
3.3505e+05
3.3633e+05
3.3761e+05
3.3887e+05
3.4013e+05
3.4138e+05
3.4262e+05
3.4385e+05
3.4507e+05
3.4627e+05
3.4747e+05
3.4866e+05
3.4984e+05
3.5101e+05
3.5217e+05
3.5332e+05
3.5445e+05
3.5558e+05
3.5669e+05
3.5779e+05
3.5888e+05
3.5996e+05
3.6103e+05
3.6208e+05
3.6313e+05
3.6416e+05
3.6518e+05
3.6618e+05
3.6718e+05
3.6816e+05
3.6913e+05
3.7008e+05
3.7102e+05
3.7195e+05
3.7287e+05
3.7377e+05
3.7466e+05
3.7553e+05
3.7639e+05
3.7724e+05
3.7807e+05
3.7889e+05
3.7969e+05
3.8048e+05
3.8126e+05
3.8202e+05
3.8276e+05
3.8349e+05
3.8421e+05
3.8491e+05
3.8559e+05
3.8626e+05
3.8692e+05
3.8756e+05
3.8818e+05
3.8879e+05
3.8939e+05
3.8997e+05
3.9053e+05
3.9107e+05
3.916e+05
3.9212e+05
3.9262e+05
3.931e+05
3.9356e+05
3.9401e+05
3.9445e+05
3.9486e+05
3.9526e+05
3.9565e+05
3.9602e+05
3.9637e+05
3.967e+05
3.9702e+05
3.9732e+05
3.976e+05
3.9787e+05
3.9812e+05
3.9835e+05
3.9857e+05
3.9877e+05
3.9895e+05
3.9912e+05
3.9927e+05
3.994e+05
3.9951e+05
3.9961e+05
3.9969e+05
3.9975e+05
3.9979e+05
3.9982e+05
3.9983e+05
3.9983e+05
3.998e+05
3.9976e+05
3.997e+05
3.9963e+05
3.9953e+05
3.9942e+05
3.9929e+05
3.9915e+05
3.9898e+05
3.988e+05
3.9861e+05
3.9839e+05
3.9816e+05
3.9791e+05
3.9764e+05
3.9736e+05
3.9706e+05
3.9674e+05
3.964e+05
3.9605e+05
3.9568e+05
3.9529e+05
3.9489e+05
3.9446e+05
3.9403e+05
3.9357e+05
3.931e+05
3.9261e+05
3.921e+05
3.9158e+05
3.9104e+05
3.9048e+05
3.899e+05
3.8931e+05
3.8871e+05
3.8808e+05
3.8744e+05
3.8678e+05
3.8611e+05
3.8542e+05
3.8471e+05
3.8399e+05
3.8325e+05
3.8249e+05
3.8172e+05
3.8093e+05
3.8013e+05
3.7931e+05
3.7848e+05
3.7762e+05
3.7676e+05
3.7588e+05
3.7498e+05
3.7406e+05
3.7313e+05
3.7219e+05
3.7123e+05
3.7026e+05
3.6927e+05
3.6826e+05
3.6724e+05
3.6621e+05
3.6516e+05
3.641e+05
3.6302e+05
3.6192e+05
3.6082e+05
3.597e+05
3.5856e+05
3.5741e+05
3.5625e+05
3.5507e+05
3.5388e+05
3.5268e+05
3.5146e+05
3.5023e+05
3.4898e+05
3.4772e+05
3.4645e+05
3.4517e+05
3.4387e+05
3.4256e+05
3.4124e+05
3.399e+05
3.3856e+05
3.372e+05
3.3583e+05
3.3444e+05
3.3305e+05
3.3164e+05
3.3022e+05
3.2879e+05
3.2735e+05
3.259e+05
3.2443e+05
3.2296e+05
3.2147e+05
3.1997e+05
3.1846e+05
3.1695e+05
3.1542e+05
3.1388e+05
3.1233e+05
3.1077e+05
3.092e+05
3.0763e+05
3.0604e+05
3.0444e+05
3.0283e+05
3.0122e+05
2.9959e+05
2.9796e+05
2.9632e+05
2.9467e+05
2.9301e+05
2.9134e+05
2.8967e+05
2.8798e+05
2.8629e+05
2.8459e+05
2.8289e+05
2.8117e+05
2.7945e+05
2.7772e+05
2.7599e+05
2.7425e+05
2.725e+05
2.7074e+05
2.6898e+05
2.6721e+05
2.6544e+05
2.6366e+05
2.6188e+05
2.6008e+05
2.5829e+05
2.5649e+05
2.5468e+05
2.5287e+05
2.5105e+05
2.4923e+05
2.474e+05
2.4557e+05
2.4374e+05
2.419e+05
2.4006e+05
2.3821e+05
2.3636e+05
2.3451e+05
2.3265e+05
2.3079e+05
2.2893e+05
2.2707e+05
2.252e+05
2.2333e+05
2.2145e+05
2.1958e+05
2.177e+05
2.1582e+05
2.1394e+05
2.1206e+05
2.1017e+05
2.0829e+05
2.064e+05
2.0451e+05
2.0263e+05
2.0074e+05
1.9885e+05
1.9696e+05
1.9507e+05
1.9317e+05
1.9128e+05
1.8939e+05
1.875e+05
1.8561e+05
1.8372e+05
1.8184e+05
1.7995e+05
1.7806e+05
1.7618e+05
1.7429e+05
1.7241e+05
1.7053e+05
1.6865e+05
1.6677e+05
1.649e+05
1.6302e+05
1.6115e+05
1.5929e+05
1.5742e+05
1.5556e+05
1.537e+05
1.5184e+05
1.4999e+05
1.4813e+05
1.4629e+05
1.4444e+05
1.426e+05
1.4077e+05
1.3893e+05
1.3711e+05
1.3528e+05
1.3346e+05
1.3165e+05
1.2983e+05
1.2803e+05
1.2623e+05
1.2443e+05
1.2264e+05
1.2085e+05
1.1907e+05
1.173e+05
1.1553e+05
1.1376e+05
1.12e+05
1.1025e+05
1.085e+05
1.0676e+05
1.0503e+05
1.033e+05
1.0158e+05
99860
98151
96449
94754
93065
91384
89710
88043
86383
84731
83087
81450
79820
78199
76585
74980
73382
71793
70212
68639
67075
65519
63972
62434
60904
59383
57871
56368
54874
53389
51913
50446
48989
47542
46103
44674
43255
41846
40446
39056
37675
36305
34944
33594
32253
30923
29602
28292
26992
25703
24423
23154
21896
20648
19410
18183
16966
15760
14564
13380
12205
11042
9889.1
8747.1
7615.8
6495.3
5385.6
4286.8
3198.8
2121.6
1055.4
0
