1.475e+05
1.506e+05
1.5371e+05
1.5682e+05
1.5994e+05
1.6307e+05
1.662e+05
1.6933e+05
1.7245e+05
1.7558e+05
1.7869e+05
1.818e+05
1.849e+05
1.8798e+05
1.9105e+05
1.9411e+05
1.9714e+05
2.0016e+05
2.0315e+05
2.0612e+05
2.0907e+05
2.1198e+05
2.1487e+05
2.1772e+05
2.2055e+05
2.2333e+05
2.2608e+05
2.288e+05
2.3147e+05
2.3411e+05
2.367e+05
2.3925e+05
2.4176e+05
2.4422e+05
2.4664e+05
2.4901e+05
2.5133e+05
2.536e+05
2.5582e+05
2.5799e+05
2.6011e+05
2.6218e+05
2.6419e+05
2.6616e+05
2.6807e+05
2.6992e+05
2.7172e+05
2.7347e+05
2.7516e+05
2.768e+05
2.7839e+05
2.7992e+05
2.814e+05
2.8282e+05
2.8419e+05
2.8551e+05
2.8678e+05
2.8799e+05
2.8915e+05
2.9026e+05
2.9132e+05
2.9233e+05
2.9329e+05
2.942e+05
2.9507e+05
2.9588e+05
2.9666e+05
2.9739e+05
2.9807e+05
2.9871e+05
2.9932e+05
2.9988e+05
3.004e+05
3.0088e+05
3.0133e+05
3.0174e+05
3.0212e+05
3.0247e+05
3.0278e+05
3.0307e+05
3.0332e+05
3.0355e+05
3.0375e+05
3.0393e+05
3.0408e+05
3.0421e+05
3.0432e+05
3.0441e+05
3.0448e+05
3.0454e+05
3.0458e+05
3.046e+05
3.0461e+05
3.0461e+05
3.046e+05
3.0458e+05
3.0455e+05
3.0452e+05
3.0447e+05
3.0443e+05
3.0437e+05
3.0432e+05
3.0426e+05
3.042e+05
3.0414e+05
3.0408e+05
3.0402e+05
3.0396e+05
3.0391e+05
3.0385e+05
3.038e+05
3.0376e+05
3.0371e+05
3.0367e+05
3.0364e+05
3.0361e+05
3.0359e+05
3.0357e+05
3.0355e+05
3.0354e+05
3.0354e+05
3.0353e+05
3.0354e+05
3.0355e+05
3.0356e+05
3.0358e+05
3.036e+05
3.0362e+05
3.0364e+05
3.0367e+05
3.037e+05
3.0372e+05
3.0375e+05
3.0378e+05
3.038e+05
3.0382e+05
3.0384e+05
3.0386e+05
3.0386e+05
3.0387e+05
3.0386e+05
3.0384e+05
3.0382e+05
3.0378e+05
3.0374e+05
3.0367e+05
3.036e+05
3.0351e+05
3.034e+05
3.0328e+05
3.0313e+05
3.0297e+05
3.0278e+05
3.0257e+05
3.0234e+05
3.0208e+05
3.0179e+05
3.0148e+05
3.0114e+05
3.0077e+05
3.0036e+05
2.9993e+05
2.9946e+05
2.9896e+05
2.9842e+05
2.9784e+05
2.9723e+05
2.9658e+05
2.9589e+05
2.9517e+05
2.944e+05
2.9359e+05
2.9274e+05
2.9184e+05
2.909e+05
2.8992e+05
2.889e+05
2.8783e+05
2.8671e+05
2.8555e+05
2.8435e+05
2.8309e+05
2.818e+05
2.8046e+05
2.7907e+05
2.7764e+05
2.7616e+05
2.7463e+05
2.7307e+05
2.7145e+05
2.698e+05
2.681e+05
2.6636e+05
2.6457e+05
2.6275e+05
2.6088e+05
2.5897e+05
2.5703e+05
2.5504e+05
2.5302e+05
2.5096e+05
2.4887e+05
2.4674e+05
2.4459e+05
2.4239e+05
2.4017e+05
2.3792e+05
2.3565e+05
2.3334e+05
2.3102e+05
2.2867e+05
2.2629e+05
2.239e+05
2.2149e+05
2.1906e+05
2.1662e+05
2.1417e+05
2.117e+05
2.0922e+05
2.0673e+05
2.0424e+05
2.0174e+05
1.9923e+05
1.9673e+05
1.9422e+05
1.9172e+05
1.8922e+05
1.8672e+05
1.8423e+05
1.8174e+05
1.7927e+05
1.7681e+05
1.7435e+05
1.7192e+05
1.6949e+05
1.6709e+05
1.647e+05
1.6233e+05
1.5998e+05
1.5765e+05
1.5535e+05
1.5307e+05
1.5081e+05
1.4858e+05
1.4637e+05
1.442e+05
1.4205e+05
1.3993e+05
1.3784e+05
1.3578e+05
1.3375e+05
1.3175e+05
1.2978e+05
1.2784e+05
1.2594e+05
1.2407e+05
1.2223e+05
1.2042e+05
1.1865e+05
1.1691e+05
1.152e+05
1.1352e+05
1.1187e+05
1.1026e+05
1.0867e+05
1.0712e+05
1.0559e+05
1.041e+05
1.0263e+05
1.0119e+05
99778
98392
97031
95694
94381
93091
91821
90573
89343
88132
86938
85759
84596
83446
82308
81181
80064
78956
77856
76762
75673
74588
73506
72426
71346
70267
69185
68102
67016
65925
64830
63729
62621
61507
60385
59255
58117
56971
55815
54650
53476
52292
51099
49898
48688
47469
46243
45009
43769
42523
41272
40017
38760
37501
36241
34983
33728
32477
31233
29996
28769
27555
26354
25171
24006
22862
21743
20650
19587
18557
17561
16604
15688
14817
13994
13222
12505
11846
11248
10716
10252
9861.2
9546.5
9311.6
9160.5
9096.9
9124.6
9247.4
9469.2
9793.7
10225
10766
11422
12196
13091
14112
15262
16545
17964
19523
21225
23073
25072
27223
29531
31998
34627
37421
40382
43514
46819
50299
53956
57792
61809
66009
70394
74965
79723
84670
89805
95131
1.0065e+05
1.0636e+05
1.1226e+05
1.1835e+05
1.2463e+05
1.311e+05
1.3776e+05
1.4462e+05
1.5166e+05
1.5889e+05
1.663e+05
1.739e+05
1.8169e+05
1.8965e+05
1.9779e+05
2.0611e+05
2.1461e+05
2.2327e+05
2.321e+05
2.411e+05
2.5026e+05
2.5958e+05
2.6905e+05
2.7867e+05
2.8844e+05
2.9835e+05
3.084e+05
3.1858e+05
3.2889e+05
3.3932e+05
3.4987e+05
3.6053e+05
3.713e+05
3.8217e+05
3.9313e+05
4.0419e+05
4.1532e+05
4.2653e+05
4.3782e+05
4.4916e+05
4.6056e+05
4.7202e+05
4.8351e+05
4.9504e+05
5.066e+05
5.1818e+05
5.2978e+05
5.4138e+05
5.5298e+05
5.6458e+05
5.7616e+05
5.8771e+05
5.9924e+05
6.1073e+05
6.2217e+05
6.3355e+05
6.4488e+05
6.5614e+05
6.6732e+05
6.7841e+05
6.8941e+05
7.0032e+05
7.1111e+05
7.2179e+05
7.3235e+05
7.4278e+05
7.5307e+05
7.6322e+05
7.7321e+05
7.8305e+05
7.9272e+05
8.0222e+05
8.1154e+05
8.2067e+05
8.2961e+05
8.3835e+05
8.4688e+05
8.5521e+05
8.6331e+05
8.7119e+05
8.7885e+05
8.8627e+05
8.9345e+05
9.0038e+05
9.0707e+05
9.135e+05
9.1967e+05
9.2558e+05
9.3123e+05
9.366e+05
9.4169e+05
9.4651e+05
9.5105e+05
9.553e+05
9.5926e+05
9.6294e+05
9.6632e+05
9.6941e+05
9.722e+05
9.7469e+05
9.7688e+05
9.7878e+05
9.8037e+05
9.8165e+05
9.8264e+05
9.8332e+05
9.837e+05
9.8378e+05
9.8355e+05
9.8302e+05
9.8219e+05
9.8107e+05
9.7964e+05
9.7792e+05
9.759e+05
9.7359e+05
9.7099e+05
9.681e+05
9.6493e+05
9.6147e+05
9.5774e+05
9.5373e+05
9.4944e+05
9.4489e+05
9.4008e+05
9.35e+05
9.2967e+05
9.2409e+05
9.1826e+05
9.1219e+05
9.0588e+05
8.9934e+05
8.9257e+05
8.8558e+05
8.7838e+05
8.7096e+05
8.6334e+05
8.5552e+05
8.4751e+05
8.3932e+05
8.3094e+05
8.2239e+05
8.1367e+05
8.0479e+05
7.9576e+05
7.8658e+05
7.7725e+05
7.678e+05
7.5821e+05
7.485e+05
7.3868e+05
7.2876e+05
7.1873e+05
7.0861e+05
6.984e+05
6.8811e+05
6.7775e+05
6.6732e+05
6.5683e+05
6.4629e+05
6.357e+05
6.2508e+05
6.1442e+05
6.0374e+05
5.9303e+05
5.8232e+05
5.7159e+05
5.6087e+05
5.5015e+05
5.3945e+05
5.2876e+05
5.181e+05
5.0747e+05
4.9687e+05
4.8632e+05
4.7581e+05
4.6536e+05
4.5496e+05
4.4463e+05
4.3436e+05
4.2417e+05
4.1405e+05
4.0402e+05
3.9408e+05
3.8422e+05
3.7446e+05
3.6481e+05
3.5525e+05
3.4581e+05
3.3647e+05
3.2725e+05
3.1815e+05
3.0917e+05
3.0031e+05
2.9158e+05
2.8298e+05
2.7451e+05
2.6618e+05
2.5798e+05
2.4992e+05
2.4201e+05
2.3423e+05
2.2661e+05
2.1912e+05
2.1179e+05
2.046e+05
1.9756e+05
1.9067e+05
1.8393e+05
1.7735e+05
1.7091e+05
1.6463e+05
1.585e+05
1.5253e+05
1.467e+05
1.4103e+05
1.355e+05
1.3013e+05
1.2491e+05
1.1984e+05
1.1492e+05
1.1014e+05
1.0552e+05
1.0103e+05
96695
92499
88444
84528
80751
77109
73602
70227
66982
63865
60874
58007
55261
52635
50125
47729
45446
43271
41204
39240
37378
35615
33948
32375
30892
29498
28188
26962
25815
24745
23749
22826
21971
21182
20457
19793
19186
18636
18138
17690
17291
16937
16625
16354
16121
15923
15759
15626
15521
15443
15389
15358
15347
15355
15379
15417
15468
15530
15602
15681
15765
15855
15947
16041
16135
16227
16318
16404
16486
16563
16632
16694
16747
16790
16823
16845
16855
16853
16838
16809
16766
16709
16637
16550
16447
16329
16194
16044
15877
15694
15495
15279
15047
14799
14534
14254
13958
13646
13319
12976
12619
12247
11860
11460
11046
10619
10179
9727
9262.8
8787
8300.1
7802.6
7295
6777.7
6251.3
5716.1
5172.9
4621.9
4063.8
3499.1
2928.2
2351.8
1770.2
1184.1
593.82
0
