5.7267e+05
5.7377e+05
5.7477e+05
5.7569e+05
5.7651e+05
5.7723e+05
5.7787e+05
5.7841e+05
5.7887e+05
5.7923e+05
5.7951e+05
5.797e+05
5.798e+05
5.7982e+05
5.7975e+05
5.796e+05
5.7937e+05
5.7905e+05
5.7866e+05
5.7819e+05
5.7764e+05
5.7701e+05
5.7631e+05
5.7553e+05
5.7468e+05
5.7376e+05
5.7277e+05
5.7171e+05
5.7059e+05
5.694e+05
5.6814e+05
5.6682e+05
5.6544e+05
5.64e+05
5.625e+05
5.6095e+05
5.5934e+05
5.5768e+05
5.5596e+05
5.5419e+05
5.5238e+05
5.5051e+05
5.486e+05
5.4665e+05
5.4465e+05
5.4261e+05
5.4053e+05
5.3841e+05
5.3625e+05
5.3406e+05
5.3184e+05
5.2958e+05
5.2729e+05
5.2497e+05
5.2263e+05
5.2025e+05
5.1786e+05
5.1543e+05
5.1299e+05
5.1052e+05
5.0804e+05
5.0554e+05
5.0302e+05
5.0048e+05
4.9793e+05
4.9537e+05
4.9279e+05
4.9021e+05
4.8761e+05
4.8501e+05
4.824e+05
4.7978e+05
4.7716e+05
4.7453e+05
4.7191e+05
4.6928e+05
4.6665e+05
4.6402e+05
4.6139e+05
4.5877e+05
4.5615e+05
4.5353e+05
4.5092e+05
4.4831e+05
4.4571e+05
4.4312e+05
4.4053e+05
4.3796e+05
4.3539e+05
4.3283e+05
4.3029e+05
4.2775e+05
4.2523e+05
4.2272e+05
4.2022e+05
4.1774e+05
4.1527e+05
4.1281e+05
4.1037e+05
4.0794e+05
4.0553e+05
4.0313e+05
4.0075e+05
3.9838e+05
3.9604e+05
3.937e+05
3.9139e+05
3.8909e+05
3.868e+05
3.8454e+05
3.8229e+05
3.8006e+05
3.7784e+05
3.7564e+05
3.7346e+05
3.7129e+05
3.6914e+05
3.6701e+05
3.649e+05
3.6279e+05
3.6071e+05
3.5864e+05
3.5659e+05
3.5455e+05
3.5253e+05
3.5052e+05
3.4853e+05
3.4655e+05
3.4458e+05
3.4263e+05
3.4069e+05
3.3876e+05
3.3685e+05
3.3494e+05
3.3305e+05
3.3117e+05
3.293e+05
3.2744e+05
3.2559e+05
3.2375e+05
3.2192e+05
3.2009e+05
3.1828e+05
3.1647e+05
3.1467e+05
3.1287e+05
3.1108e+05
3.093e+05
3.0752e+05
3.0574e+05
3.0397e+05
3.022e+05
3.0044e+05
2.9867e+05
2.9691e+05
2.9515e+05
2.9339e+05
2.9163e+05
2.8987e+05
2.8811e+05
2.8635e+05
2.8459e+05
2.8283e+05
2.8106e+05
2.7929e+05
2.7752e+05
2.7574e+05
2.7396e+05
2.7217e+05
2.7038e+05
2.6859e+05
2.6679e+05
2.6498e+05
2.6316e+05
2.6135e+05
2.5952e+05
2.5768e+05
2.5584e+05
2.5399e+05
2.5214e+05
2.5027e+05
2.484e+05
2.4652e+05
2.4463e+05
2.4273e+05
2.4082e+05
2.3891e+05
2.3698e+05
2.3505e+05
2.331e+05
2.3115e+05
2.2919e+05
2.2722e+05
2.2524e+05
2.2326e+05
2.2126e+05
2.1925e+05
2.1724e+05
2.1522e+05
2.1319e+05
2.1115e+05
2.0911e+05
2.0706e+05
2.05e+05
2.0293e+05
2.0086e+05
1.9879e+05
1.967e+05
1.9462e+05
1.9252e+05
1.9043e+05
1.8833e+05
1.8622e+05
1.8412e+05
1.8201e+05
1.799e+05
1.7779e+05
1.7567e+05
1.7356e+05
1.7145e+05
1.6935e+05
1.6724e+05
1.6514e+05
1.6304e+05
1.6094e+05
1.5885e+05
1.5677e+05
1.547e+05
1.5263e+05
1.5057e+05
1.4852e+05
1.4648e+05
1.4445e+05
1.4244e+05
1.4044e+05
1.3845e+05
1.3648e+05
1.3452e+05
1.3258e+05
1.3066e+05
1.2876e+05
1.2688e+05
1.2502e+05
1.2318e+05
1.2137e+05
1.1958e+05
1.1782e+05
1.1608e+05
1.1437e+05
1.1269e+05
1.1105e+05
1.0943e+05
1.0784e+05
1.0629e+05
1.0477e+05
1.0329e+05
1.0185e+05
1.0045e+05
99079
97754
96470
95229
94032
92881
91776
90718
89709
88749
87841
86985
86181
85432
84739
84102
83522
83001
82540
82139
81801
81525
81312
81165
81084
81069
81122
81243
81434
81696
82029
82434
82912
83464
84091
84793
85571
86426
87358
88369
89459
90628
91877
93207
94619
96112
97687
99346
1.0109e+05
1.0291e+05
1.0482e+05
1.0681e+05
1.0889e+05
1.1105e+05
1.133e+05
1.1564e+05
1.1806e+05
1.2056e+05
1.2315e+05
1.2583e+05
1.2859e+05
1.3144e+05
1.3438e+05
1.374e+05
1.4051e+05
1.437e+05
1.4698e+05
1.5034e+05
1.5379e+05
1.5733e+05
1.6095e+05
1.6466e+05
1.6845e+05
1.7232e+05
1.7628e+05
1.8032e+05
1.8444e+05
1.8865e+05
1.9293e+05
1.973e+05
2.0175e+05
2.0628e+05
2.1089e+05
2.1558e+05
2.2034e+05
2.2518e+05
2.301e+05
2.351e+05
2.4016e+05
2.4531e+05
2.5052e+05
2.5581e+05
2.6117e+05
2.6659e+05
2.7209e+05
2.7765e+05
2.8328e+05
2.8898e+05
2.9474e+05
3.0056e+05
3.0645e+05
3.1239e+05
3.184e+05
3.2446e+05
3.3058e+05
3.3676e+05
3.4299e+05
3.4927e+05
3.556e+05
3.6199e+05
3.6842e+05
3.7489e+05
3.8142e+05
3.8798e+05
3.9459e+05
4.0124e+05
4.0793e+05
4.1466e+05
4.2142e+05
4.2821e+05
4.3504e+05
4.419e+05
4.4879e+05
4.557e+05
4.6264e+05
4.696e+05
4.7659e+05
4.8359e+05
4.9062e+05
4.9765e+05
5.0471e+05
5.1178e+05
5.1885e+05
5.2594e+05
5.3304e+05
5.4013e+05
5.4724e+05
5.5434e+05
5.6145e+05
5.6855e+05
5.7565e+05
5.8274e+05
5.8982e+05
5.969e+05
6.0396e+05
6.1101e+05
6.1804e+05
6.2506e+05
6.3205e+05
6.3903e+05
6.4598e+05
6.5291e+05
6.5981e+05
6.6668e+05
6.7352e+05
6.8033e+05
6.871e+05
6.9384e+05
7.0054e+05
7.0719e+05
7.1381e+05
7.2038e+05
7.2691e+05
7.3339e+05
7.3982e+05
7.462e+05
7.5253e+05
7.588e+05
7.6502e+05
7.7118e+05
7.7728e+05
7.8332e+05
7.8929e+05
7.952e+05
8.0105e+05
8.0682e+05
8.1253e+05
8.1817e+05
8.2373e+05
8.2922e+05
8.3463e+05
8.3997e+05
8.4523e+05
8.5041e+05
8.555e+05
8.6052e+05
8.6545e+05
8.7029e+05
8.7505e+05
8.7972e+05
8.843e+05
8.8879e+05
8.9319e+05
8.975e+05
9.0171e+05
9.0583e+05
9.0985e+05
9.1377e+05
9.1759e+05
9.2132e+05
9.2494e+05
9.2847e+05
9.3189e+05
9.352e+05
9.3842e+05
9.4153e+05
9.4453e+05
9.4743e+05
9.5022e+05
9.529e+05
9.5548e+05
9.5794e+05
9.603e+05
9.6254e+05
9.6468e+05
9.667e+05
9.6861e+05
9.7041e+05
9.721e+05
9.7368e+05
9.7514e+05
9.7649e+05
9.7772e+05
9.7884e+05
9.7985e+05
9.8074e+05
9.8152e+05
9.8218e+05
9.8273e+05
9.8316e+05
9.8348e+05
9.8369e+05
9.8378e+05
9.8375e+05
9.8361e+05
9.8336e+05
9.83e+05
9.8252e+05
9.8192e+05
9.8122e+05
9.804e+05
9.7947e+05
9.7842e+05
9.7727e+05
9.76e+05
9.7463e+05
9.7314e+05
9.7155e+05
9.6984e+05
9.6803e+05
9.6611e+05
9.6408e+05
9.6194e+05
9.597e+05
9.5736e+05
9.5491e+05
9.5236e+05
9.497e+05
9.4694e+05
9.4409e+05
9.4113e+05
9.3807e+05
9.3492e+05
9.3167e+05
9.2832e+05
9.2488e+05
9.2134e+05
9.1771e+05
9.1399e+05
9.1018e+05
9.0628e+05
9.0229e+05
8.9821e+05
8.9405e+05
8.898e+05
8.8547e+05
8.8105e+05
8.7656e+05
8.7198e+05
8.6733e+05
8.626e+05
8.5779e+05
8.5291e+05
8.4796e+05
8.4293e+05
8.3784e+05
8.3267e+05
8.2744e+05
8.2214e+05
8.1678e+05
8.1135e+05
8.0586e+05
8.0031e+05
7.9471e+05
7.8904e+05
7.8332e+05
7.7755e+05
7.7172e+05
7.6584e+05
7.5991e+05
7.5393e+05
7.4791e+05
7.4184e+05
7.3573e+05
7.2957e+05
7.2338e+05
7.1714e+05
7.1087e+05
7.0457e+05
6.9822e+05
6.9185e+05
6.8544e+05
6.7901e+05
6.7255e+05
6.6606e+05
6.5954e+05
6.53e+05
6.4644e+05
6.3986e+05
6.3326e+05
6.2665e+05
6.2001e+05
6.1337e+05
6.0671e+05
6.0004e+05
5.9336e+05
5.8667e+05
5.7997e+05
5.7327e+05
5.6657e+05
5.5986e+05
5.5315e+05
5.4645e+05
5.3974e+05
5.3304e+05
5.2634e+05
5.1965e+05
5.1297e+05
5.063e+05
4.9963e+05
4.9298e+05
4.8634e+05
4.7972e+05
4.7311e+05
4.6652e+05
4.5994e+05
4.5339e+05
4.4685e+05
4.4034e+05
4.3385e+05
4.2739e+05
4.2095e+05
4.1453e+05
4.0815e+05
4.0179e+05
3.9547e+05
3.8917e+05
3.8291e+05
3.7668e+05
3.7049e+05
3.6433e+05
3.582e+05
3.5212e+05
3.4607e+05
3.4006e+05
3.3409e+05
3.2816e+05
3.2228e+05
3.1643e+05
3.1063e+05
3.0488e+05
2.9917e+05
2.935e+05
2.8788e+05
2.8231e+05
2.7679e+05
2.7132e+05
2.6589e+05
2.6052e+05
2.552e+05
2.4993e+05
2.4471e+05
2.3954e+05
2.3443e+05
2.2937e+05
2.2436e+05
2.1941e+05
2.1451e+05
2.0967e+05
2.0489e+05
2.0016e+05
1.9548e+05
1.9087e+05
1.8631e+05
1.8181e+05
1.7737e+05
1.7299e+05
1.6866e+05
1.6439e+05
1.6019e+05
1.5604e+05
1.5195e+05
1.4792e+05
1.4395e+05
1.4004e+05
1.3618e+05
1.3239e+05
1.2866e+05
1.2499e+05
1.2138e+05
1.1783e+05
1.1433e+05
1.109e+05
1.0753e+05
1.0422e+05
1.0096e+05
97771
94636
91561
88545
85587
82688
79848
77065
74341
71674
69064
66512
64016
61576
59193
56865
54593
52375
50212
48103
46048
44046
42097
40200
38355
36562
34819
33127
31485
29892
28348
26852
25404
24003
22649
21341
20078
18860
17686
16556
15469
14424
13421
12459
11538
10656
9814.2
9010.5
8244.7
7516.1
6824.1
6168
5547.1
4960.8
4408.4
3889.1
3402.4
2947.6
2523.9
2130.7
1767.3
1432.9
1127
848.89
597.79
373.07
174.03
0
