2.7084e+05
2.7433e+05
2.7781e+05
2.813e+05
2.8478e+05
2.8825e+05
2.9171e+05
2.9516e+05
2.986e+05
3.0202e+05
3.0543e+05
3.0882e+05
3.1219e+05
3.1554e+05
3.1887e+05
3.2217e+05
3.2544e+05
3.2869e+05
3.3191e+05
3.351e+05
3.3826e+05
3.4138e+05
3.4447e+05
3.4752e+05
3.5053e+05
3.535e+05
3.5643e+05
3.5933e+05
3.6217e+05
3.6498e+05
3.6773e+05
3.7044e+05
3.731e+05
3.7572e+05
3.7828e+05
3.8079e+05
3.8324e+05
3.8565e+05
3.88e+05
3.9029e+05
3.9252e+05
3.947e+05
3.9682e+05
3.9888e+05
4.0088e+05
4.0282e+05
4.047e+05
4.0652e+05
4.0827e+05
4.0996e+05
4.1158e+05
4.1314e+05
4.1463e+05
4.1606e+05
4.1742e+05
4.1872e+05
4.1994e+05
4.211e+05
4.2219e+05
4.2321e+05
4.2416e+05
4.2505e+05
4.2586e+05
4.2661e+05
4.2728e+05
4.2789e+05
4.2843e+05
4.289e+05
4.2929e+05
4.2962e+05
4.2988e+05
4.3007e+05
4.3019e+05
4.3024e+05
4.3022e+05
4.3013e+05
4.2998e+05
4.2975e+05
4.2946e+05
4.2911e+05
4.2868e+05
4.2819e+05
4.2763e+05
4.2701e+05
4.2633e+05
4.2558e+05
4.2476e+05
4.2389e+05
4.2295e+05
4.2195e+05
4.2089e+05
4.1977e+05
4.1859e+05
4.1736e+05
4.1607e+05
4.1472e+05
4.1331e+05
4.1186e+05
4.1035e+05
4.0878e+05
4.0717e+05
4.0551e+05
4.038e+05
4.0204e+05
4.0023e+05
3.9838e+05
3.9649e+05
3.9455e+05
3.9257e+05
3.9055e+05
3.8849e+05
3.864e+05
3.8427e+05
3.821e+05
3.799e+05
3.7767e+05
3.7541e+05
3.7312e+05
3.708e+05
3.6845e+05
3.6608e+05
3.6369e+05
3.6127e+05
3.5884e+05
3.5638e+05
3.5391e+05
3.5142e+05
3.4892e+05
3.464e+05
3.4387e+05
3.4133e+05
3.3878e+05
3.3622e+05
3.3366e+05
3.3109e+05
3.2852e+05
3.2595e+05
3.2338e+05
3.2081e+05
3.1824e+05
3.1567e+05
3.1311e+05
3.1056e+05
3.0801e+05
3.0547e+05
3.0295e+05
3.0043e+05
2.9793e+05
2.9544e+05
2.9296e+05
2.905e+05
2.8806e+05
2.8564e+05
2.8323e+05
2.8085e+05
2.7848e+05
2.7614e+05
2.7382e+05
2.7153e+05
2.6926e+05
2.6701e+05
2.6479e+05
2.626e+05
2.6044e+05
2.583e+05
2.5619e+05
2.5412e+05
2.5207e+05
2.5005e+05
2.4806e+05
2.461e+05
2.4418e+05
2.4228e+05
2.4042e+05
2.3859e+05
2.3679e+05
2.3503e+05
2.3329e+05
2.3159e+05
2.2992e+05
2.2829e+05
2.2668e+05
2.2511e+05
2.2357e+05
2.2206e+05
2.2058e+05
2.1913e+05
2.1771e+05
2.1632e+05
2.1497e+05
2.1364e+05
2.1233e+05
2.1106e+05
2.0981e+05
2.0859e+05
2.074e+05
2.0623e+05
2.0508e+05
2.0396e+05
2.0285e+05
2.0177e+05
2.0071e+05
1.9968e+05
1.9865e+05
1.9765e+05
1.9666e+05
1.9569e+05
1.9473e+05
1.9379e+05
1.9286e+05
1.9193e+05
1.9102e+05
1.9012e+05
1.8922e+05
1.8833e+05
1.8744e+05
1.8656e+05
1.8568e+05
1.848e+05
1.8392e+05
1.8304e+05
1.8216e+05
1.8127e+05
1.8038e+05
1.7948e+05
1.7857e+05
1.7765e+05
1.7673e+05
1.7579e+05
1.7484e+05
1.7387e+05
1.7289e+05
1.7189e+05
1.7088e+05
1.6985e+05
1.688e+05
1.6772e+05
1.6663e+05
1.6551e+05
1.6437e+05
1.6321e+05
1.6202e+05
1.608e+05
1.5956e+05
1.5829e+05
1.5699e+05
1.5566e+05
1.543e+05
1.5291e+05
1.5149e+05
1.5004e+05
1.4855e+05
1.4704e+05
1.4549e+05
1.4391e+05
1.4229e+05
1.4065e+05
1.3896e+05
1.3725e+05
1.355e+05
1.3372e+05
1.3191e+05
1.3006e+05
1.2818e+05
1.2627e+05
1.2433e+05
1.2235e+05
1.2035e+05
1.1831e+05
1.1625e+05
1.1416e+05
1.1203e+05
1.0989e+05
1.0771e+05
1.0551e+05
1.0329e+05
1.0104e+05
98776
96488
94181
91857
89516
87162
84794
82415
80027
77631
75230
72825
70417
68010
65606
63205
60811
58427
56053
53692
51348
49022
46716
44434
42178
39950
37753
35590
33464
31376
29330
27329
25375
23471
21620
19825
18089
16414
14804
13260
11787
10386
9061.7
7815.5
6650.7
5570.1
4576.5
3672.7
2861.4
2145.5
1527.5
1010.2
596.17
288.1
88.528
0
25.004
165.99
425.35
805.43
1308.5
1936.9
2692.7
3578.1
4595.1
5745.7
7031.8
8455.4
10018
11722
13568
15558
17694
19976
22407
24987
27718
30601
33636
36824
40167
43664
47317
51126
55091
59212
63490
67925
72517
77265
82169
87229
92445
97815
1.0334e+05
1.0902e+05
1.1485e+05
1.2083e+05
1.2696e+05
1.3324e+05
1.3967e+05
1.4625e+05
1.5297e+05
1.5983e+05
1.6684e+05
1.7398e+05
1.8127e+05
1.8868e+05
1.9624e+05
2.0392e+05
2.1173e+05
2.1966e+05
2.2773e+05
2.3591e+05
2.4421e+05
2.5262e+05
2.6115e+05
2.6978e+05
2.7853e+05
2.8737e+05
2.9632e+05
3.0536e+05
3.1449e+05
3.2371e+05
3.3302e+05
3.4241e+05
3.5187e+05
3.6141e+05
3.7103e+05
3.807e+05
3.9044e+05
4.0024e+05
4.1009e+05
4.1999e+05
4.2993e+05
4.3992e+05
4.4994e+05
4.5999e+05
4.7007e+05
4.8018e+05
4.903e+05
5.0043e+05
5.1058e+05
5.2072e+05
5.3087e+05
5.4102e+05
5.5115e+05
5.6127e+05
5.7137e+05
5.8144e+05
5.9149e+05
6.015e+05
6.1148e+05
6.2141e+05
6.3129e+05
6.4112e+05
6.509e+05
6.6061e+05
6.7025e+05
6.7983e+05
6.8932e+05
6.9874e+05
7.0807e+05
7.1731e+05
7.2646e+05
7.3551e+05
7.4445e+05
7.5329e+05
7.6202e+05
7.7063e+05
7.7912e+05
7.8748e+05
7.9572e+05
8.0382e+05
8.1179e+05
8.1962e+05
8.273e+05
8.3483e+05
8.4222e+05
8.4944e+05
8.5651e+05
8.6342e+05
8.7016e+05
8.7673e+05
8.8313e+05
8.8936e+05
8.954e+05
9.0127e+05
9.0695e+05
9.1245e+05
9.1776e+05
9.2287e+05
9.2779e+05
9.3252e+05
9.3705e+05
9.4138e+05
9.455e+05
9.4943e+05
9.5314e+05
9.5665e+05
9.5995e+05
9.6305e+05
9.6593e+05
9.6859e+05
9.7105e+05
9.7329e+05
9.7531e+05
9.7712e+05
9.7871e+05
9.8009e+05
9.8124e+05
9.8219e+05
9.8291e+05
9.8342e+05
9.837e+05
9.8378e+05
9.8363e+05
9.8327e+05
9.827e+05
9.8191e+05
9.809e+05
9.7968e+05
9.7825e+05
9.7661e+05
9.7476e+05
9.7271e+05
9.7044e+05
9.6797e+05
9.653e+05
9.6243e+05
9.5935e+05
9.5608e+05
9.5261e+05
9.4896e+05
9.451e+05
9.4106e+05
9.3684e+05
9.3243e+05
9.2784e+05
9.2307e+05
9.1813e+05
9.1301e+05
9.0772e+05
9.0227e+05
8.9666e+05
8.9088e+05
8.8495e+05
8.7886e+05
8.7262e+05
8.6624e+05
8.5971e+05
8.5304e+05
8.4624e+05
8.393e+05
8.3224e+05
8.2505e+05
8.1774e+05
8.1031e+05
8.0276e+05
7.9511e+05
7.8735e+05
7.795e+05
7.7154e+05
7.6349e+05
7.5535e+05
7.4712e+05
7.3881e+05
7.3042e+05
7.2197e+05
7.1344e+05
7.0484e+05
6.9619e+05
6.8748e+05
6.7871e+05
6.699e+05
6.6104e+05
6.5214e+05
6.4321e+05
6.3424e+05
6.2524e+05
6.1622e+05
6.0718e+05
5.9812e+05
5.8906e+05
5.7998e+05
5.7089e+05
5.6181e+05
5.5273e+05
5.4366e+05
5.3459e+05
5.2554e+05
5.1651e+05
5.075e+05
4.9852e+05
4.8956e+05
4.8064e+05
4.7175e+05
4.629e+05
4.5409e+05
4.4533e+05
4.3661e+05
4.2795e+05
4.1934e+05
4.1079e+05
4.023e+05
3.9387e+05
3.8551e+05
3.7721e+05
3.6899e+05
3.6084e+05
3.5277e+05
3.4478e+05
3.3687e+05
3.2904e+05
3.213e+05
3.1364e+05
3.0607e+05
2.986e+05
2.9122e+05
2.8394e+05
2.7675e+05
2.6966e+05
2.6267e+05
2.5578e+05
2.49e+05
2.4232e+05
2.3575e+05
2.2928e+05
2.2292e+05
2.1667e+05
2.1053e+05
2.045e+05
1.9859e+05
1.9278e+05
1.8709e+05
1.8151e+05
1.7604e+05
1.7069e+05
1.6546e+05
1.6034e+05
1.5533e+05
1.5044e+05
1.4566e+05
1.41e+05
1.3646e+05
1.3202e+05
1.2771e+05
1.235e+05
1.1942e+05
1.1544e+05
1.1158e+05
1.0783e+05
1.0419e+05
1.0066e+05
97242
93933
90733
87640
84654
81774
78997
76324
73754
71284
68913
66641
64466
62387
60401
58509
56707
54996
53372
51835
50382
49013
47726
46518
45389
44336
43357
42452
41617
40852
40155
39523
38955
38448
38002
37615
37283
37007
36783
36609
36485
36408
36377
36389
36442
36535
36667
36834
37037
37271
37537
37832
38154
38503
38875
39270
39685
40120
40572
41040
41523
42019
42526
43044
43570
44103
44642
45185
45732
46280
46829
47378
47924
48468
49008
49542
50071
50592
51105
51609
52102
52585
53056
53515
53960
54391
54807
55208
55593
55960
56311
56644
56958
57254
57531
57787
58024
58241
58437
58612
58766
58899
59010
59100
59168
59214
59238
59240
59221
59179
59116
