1.9862e+05
2.0395e+05
2.093e+05
2.1465e+05
2.2e+05
2.2534e+05
2.3067e+05
2.3597e+05
2.4125e+05
2.4649e+05
2.5169e+05
2.5685e+05
2.6196e+05
2.6701e+05
2.72e+05
2.7692e+05
2.8178e+05
2.8655e+05
2.9125e+05
2.9586e+05
3.0038e+05
3.0481e+05
3.0914e+05
3.1338e+05
3.1751e+05
3.2153e+05
3.2544e+05
3.2924e+05
3.3293e+05
3.3649e+05
3.3994e+05
3.4327e+05
3.4648e+05
3.4956e+05
3.5252e+05
3.5536e+05
3.5807e+05
3.6065e+05
3.6311e+05
3.6544e+05
3.6765e+05
3.6973e+05
3.7169e+05
3.7353e+05
3.7524e+05
3.7684e+05
3.7831e+05
3.7967e+05
3.8091e+05
3.8204e+05
3.8307e+05
3.8398e+05
3.8479e+05
3.8549e+05
3.861e+05
3.8661e+05
3.8703e+05
3.8736e+05
3.876e+05
3.8776e+05
3.8784e+05
3.8784e+05
3.8778e+05
3.8764e+05
3.8745e+05
3.8719e+05
3.8688e+05
3.8652e+05
3.8611e+05
3.8565e+05
3.8516e+05
3.8463e+05
3.8407e+05
3.8349e+05
3.8288e+05
3.8225e+05
3.8161e+05
3.8096e+05
3.803e+05
3.7963e+05
3.7897e+05
3.7831e+05
3.7766e+05
3.7702e+05
3.7639e+05
3.7578e+05
3.7519e+05
3.7462e+05
3.7408e+05
3.7357e+05
3.7309e+05
3.7264e+05
3.7223e+05
3.7186e+05
3.7153e+05
3.7124e+05
3.7099e+05
3.7079e+05
3.7064e+05
3.7053e+05
3.7048e+05
3.7047e+05
3.7051e+05
3.706e+05
3.7075e+05
3.7094e+05
3.7119e+05
3.7149e+05
3.7184e+05
3.7224e+05
3.7269e+05
3.7319e+05
3.7373e+05
3.7433e+05
3.7497e+05
3.7566e+05
3.7638e+05
3.7716e+05
3.7797e+05
3.7882e+05
3.797e+05
3.8062e+05
3.8157e+05
3.8256e+05
3.8356e+05
3.846e+05
3.8565e+05
3.8673e+05
3.8782e+05
3.8893e+05
3.9005e+05
3.9118e+05
3.9231e+05
3.9344e+05
3.9458e+05
3.9571e+05
3.9684e+05
3.9795e+05
3.9906e+05
4.0014e+05
4.0121e+05
4.0226e+05
4.0328e+05
4.0428e+05
4.0524e+05
4.0617e+05
4.0707e+05
4.0792e+05
4.0873e+05
4.095e+05
4.1022e+05
4.1089e+05
4.1151e+05
4.1208e+05
4.1258e+05
4.1303e+05
4.1341e+05
4.1373e+05
4.1399e+05
4.1417e+05
4.1429e+05
4.1434e+05
4.1431e+05
4.1421e+05
4.1403e+05
4.1378e+05
4.1345e+05
4.1304e+05
4.1255e+05
4.1199e+05
4.1134e+05
4.1061e+05
4.098e+05
4.089e+05
4.0793e+05
4.0687e+05
4.0573e+05
4.0451e+05
4.0321e+05
4.0183e+05
4.0038e+05
3.9884e+05
3.9722e+05
3.9553e+05
3.9376e+05
3.9192e+05
3.9e+05
3.8801e+05
3.8595e+05
3.8382e+05
3.8163e+05
3.7937e+05
3.7704e+05
3.7466e+05
3.7221e+05
3.6971e+05
3.6715e+05
3.6454e+05
3.6188e+05
3.5916e+05
3.5641e+05
3.536e+05
3.5076e+05
3.4787e+05
3.4495e+05
3.42e+05
3.3901e+05
3.36e+05
3.3295e+05
3.2988e+05
3.2679e+05
3.2368e+05
3.2055e+05
3.1741e+05
3.1426e+05
3.1109e+05
3.0792e+05
3.0474e+05
3.0156e+05
2.9838e+05
2.952e+05
2.9203e+05
2.8885e+05
2.8569e+05
2.8254e+05
2.7939e+05
2.7626e+05
2.7315e+05
2.7005e+05
2.6697e+05
2.6391e+05
2.6087e+05
2.5785e+05
2.5485e+05
2.5188e+05
2.4894e+05
2.4602e+05
2.4313e+05
2.4027e+05
2.3744e+05
2.3464e+05
2.3186e+05
2.2912e+05
2.2641e+05
2.2373e+05
2.2108e+05
2.1846e+05
2.1588e+05
2.1332e+05
2.108e+05
2.083e+05
2.0584e+05
2.0341e+05
2.01e+05
1.9863e+05
1.9628e+05
1.9396e+05
1.9167e+05
1.894e+05
1.8716e+05
1.8494e+05
1.8274e+05
1.8057e+05
1.7841e+05
1.7628e+05
1.7416e+05
1.7206e+05
1.6998e+05
1.6791e+05
1.6585e+05
1.638e+05
1.6177e+05
1.5974e+05
1.5772e+05
1.5571e+05
1.537e+05
1.5169e+05
1.4969e+05
1.4768e+05
1.4568e+05
1.4367e+05
1.4166e+05
1.3965e+05
1.3763e+05
1.356e+05
1.3357e+05
1.3153e+05
1.2947e+05
1.2741e+05
1.2533e+05
1.2324e+05
1.2114e+05
1.1902e+05
1.1689e+05
1.1475e+05
1.1259e+05
1.1041e+05
1.0822e+05
1.0601e+05
1.0379e+05
1.0155e+05
99293
97022
94736
92435
90121
87793
85452
83100
80737
78365
75985
73598
71206
68810
66413
64015
61618
59226
56840
54461
52094
49739
47400
45079
42778
40502
38252
36032
33845
31694
29582
27512
25489
23514
21593
19728
17923
16182
14508
12905
11377
9928.1
8561.5
7281.3
6091.3
4995.5
3997.5
3101.4
2311
1630
1062.3
611.77
282.05
76.904
0
54.974
245.4
574.81
1046.6
1664.3
2431.1
3350.3
4424.9
5658.2
7053
8612.2
10339
12235
14303
16547
18967
21567
24348
27313
30462
33798
37322
41036
44940
49036
53325
57807
62482
67352
72417
77675
83129
88776
94617
1.0065e+05
1.0688e+05
1.133e+05
1.199e+05
1.267e+05
1.3368e+05
1.4085e+05
1.482e+05
1.5574e+05
1.6345e+05
1.7134e+05
1.7941e+05
1.8764e+05
1.9605e+05
2.0462e+05
2.1335e+05
2.2225e+05
2.3129e+05
2.4049e+05
2.4984e+05
2.5933e+05
2.6896e+05
2.7873e+05
2.8862e+05
2.9865e+05
3.0879e+05
3.1905e+05
3.2942e+05
3.399e+05
3.5047e+05
3.6115e+05
3.7191e+05
3.8275e+05
3.9368e+05
4.0468e+05
4.1574e+05
4.2686e+05
4.3804e+05
4.4927e+05
4.6053e+05
4.7183e+05
4.8317e+05
4.9452e+05
5.0589e+05
5.1727e+05
5.2865e+05
5.4003e+05
5.5139e+05
5.6274e+05
5.7406e+05
5.8536e+05
5.9661e+05
6.0782e+05
6.1898e+05
6.3008e+05
6.4111e+05
6.5208e+05
6.6296e+05
6.7376e+05
6.8447e+05
6.9508e+05
7.0558e+05
7.1597e+05
7.2625e+05
7.364e+05
7.4642e+05
7.563e+05
7.6604e+05
7.7563e+05
7.8507e+05
7.9435e+05
8.0346e+05
8.124e+05
8.2116e+05
8.2973e+05
8.3812e+05
8.4632e+05
8.5432e+05
8.6211e+05
8.697e+05
8.7707e+05
8.8423e+05
8.9116e+05
8.9787e+05
9.0435e+05
9.106e+05
9.1661e+05
9.2238e+05
9.2791e+05
9.3319e+05
9.3822e+05
9.43e+05
9.4752e+05
9.5179e+05
9.5579e+05
9.5954e+05
9.6302e+05
9.6623e+05
9.6918e+05
9.7186e+05
9.7427e+05
9.7641e+05
9.7828e+05
9.7988e+05
9.812e+05
9.8225e+05
9.8303e+05
9.8354e+05
9.8378e+05
9.8374e+05
9.8344e+05
9.8286e+05
9.8202e+05
9.8091e+05
9.7953e+05
9.7789e+05
9.7599e+05
9.7383e+05
9.7141e+05
9.6873e+05
9.658e+05
9.6262e+05
9.5919e+05
9.5552e+05
9.516e+05
9.4745e+05
9.4306e+05
9.3844e+05
9.3359e+05
9.2852e+05
9.2322e+05
9.1771e+05
9.1199e+05
9.0606e+05
8.9993e+05
8.936e+05
8.8707e+05
8.8036e+05
8.7346e+05
8.6638e+05
8.5912e+05
8.517e+05
8.4411e+05
8.3636e+05
8.2846e+05
8.2041e+05
8.1221e+05
8.0388e+05
7.9542e+05
7.8683e+05
7.7811e+05
7.6929e+05
7.6035e+05
7.5131e+05
7.4217e+05
7.3293e+05
7.2361e+05
7.1421e+05
7.0473e+05
6.9519e+05
6.8557e+05
6.759e+05
6.6618e+05
6.5641e+05
6.466e+05
6.3675e+05
6.2688e+05
6.1697e+05
6.0705e+05
5.9712e+05
5.8717e+05
5.7723e+05
5.6728e+05
5.5734e+05
5.4742e+05
5.3751e+05
5.2762e+05
5.1777e+05
5.0794e+05
4.9815e+05
4.8841e+05
4.7871e+05
4.6906e+05
4.5947e+05
4.4993e+05
4.4046e+05
4.3106e+05
4.2173e+05
4.1248e+05
4.033e+05
3.9421e+05
3.852e+05
3.7629e+05
3.6747e+05
3.5875e+05
3.5012e+05
3.416e+05
3.3319e+05
3.2489e+05
3.1669e+05
3.0861e+05
3.0065e+05
2.9281e+05
2.8508e+05
2.7748e+05
2.7001e+05
2.6266e+05
2.5544e+05
2.4834e+05
2.4139e+05
2.3456e+05
2.2786e+05
2.2131e+05
2.1488e+05
2.086e+05
2.0245e+05
1.9644e+05
1.9057e+05
1.8483e+05
1.7924e+05
1.7379e+05
1.6847e+05
1.633e+05
1.5826e+05
1.5336e+05
1.486e+05
1.4398e+05
1.395e+05
1.3515e+05
1.3094e+05
1.2686e+05
1.2292e+05
1.1911e+05
1.1543e+05
1.1189e+05
1.0847e+05
1.0518e+05
1.0202e+05
98982
96069
93278
90606
88053
85617
83295
81086
78987
76997
75113
73334
71656
70079
68598
67213
65921
64719
63605
62576
61631
60766
59980
59269
58631
58064
57565
57132
56761
56451
56199
56003
55859
55766
55721
55721
55764
55848
55970
56128
56319
56542
56793
57071
57373
57697
58041
58402
58780
59170
59573
59985
60405
60830
61259
61691
62123
62553
62981
63404
63821
64230
64630
65020
65398
65763
66113
66448
66767
67068
67350
67612
67854
68074
68273
68448
68599
68727
68829
68906
68957
68982
68980
68951
68895
68811
68699
68560
68393
68197
67974
67723
67444
67137
66803
66441
66052
65637
65195
64727
64233
63714
63171
62603
62011
61396
60758
60098
59417
58715
57992
57251
56490
55712
