9.8378e+05
9.7936e+05
9.7486e+05
9.703e+05
9.6567e+05
9.6097e+05
9.562e+05
9.5137e+05
9.4647e+05
9.4152e+05
9.365e+05
9.3142e+05
9.2628e+05
9.2109e+05
9.1584e+05
9.1054e+05
9.0518e+05
8.9978e+05
8.9432e+05
8.8881e+05
8.8326e+05
8.7766e+05
8.7202e+05
8.6633e+05
8.606e+05
8.5483e+05
8.4902e+05
8.4317e+05
8.3729e+05
8.3137e+05
8.2542e+05
8.1943e+05
8.1341e+05
8.0736e+05
8.0129e+05
7.9518e+05
7.8905e+05
7.829e+05
7.7672e+05
7.7051e+05
7.6429e+05
7.5805e+05
7.5178e+05
7.455e+05
7.3921e+05
7.329e+05
7.2657e+05
7.2023e+05
7.1388e+05
7.0752e+05
7.0115e+05
6.9477e+05
6.8839e+05
6.82e+05
6.756e+05
6.692e+05
6.628e+05
6.564e+05
6.4999e+05
6.4359e+05
6.3719e+05
6.3079e+05
6.2439e+05
6.18e+05
6.1162e+05
6.0524e+05
5.9887e+05
5.9251e+05
5.8616e+05
5.7982e+05
5.7349e+05
5.6718e+05
5.6088e+05
5.5459e+05
5.4832e+05
5.4206e+05
5.3582e+05
5.296e+05
5.234e+05
5.1722e+05
5.1106e+05
5.0492e+05
4.988e+05
4.9271e+05
4.8664e+05
4.8059e+05
4.7457e+05
4.6858e+05
4.6261e+05
4.5667e+05
4.5076e+05
4.4487e+05
4.3902e+05
4.332e+05
4.2741e+05
4.2165e+05
4.1592e+05
4.1022e+05
4.0456e+05
3.9893e+05
3.9334e+05
3.8778e+05
3.8226e+05
3.7678e+05
3.7133e+05
3.6592e+05
3.6055e+05
3.5521e+05
3.4992e+05
3.4466e+05
3.3944e+05
3.3427e+05
3.2913e+05
3.2404e+05
3.1899e+05
3.1398e+05
3.0901e+05
3.0409e+05
2.9921e+05
2.9437e+05
2.8958e+05
2.8483e+05
2.8013e+05
2.7547e+05
2.7085e+05
2.6628e+05
2.6176e+05
2.5729e+05
2.5286e+05
2.4847e+05
2.4414e+05
2.3985e+05
2.3561e+05
2.3141e+05
2.2727e+05
2.2317e+05
2.1912e+05
2.1512e+05
2.1117e+05
2.0726e+05
2.0341e+05
1.996e+05
1.9584e+05
1.9214e+05
1.8848e+05
1.8487e+05
1.8131e+05
1.778e+05
1.7434e+05
1.7093e+05
1.6757e+05
1.6426e+05
1.61e+05
1.5778e+05
1.5462e+05
1.5151e+05
1.4845e+05
1.4544e+05
1.4248e+05
1.3956e+05
1.367e+05
1.3389e+05
1.3113e+05
1.2841e+05
1.2575e+05
1.2314e+05
1.2057e+05
1.1806e+05
1.1559e+05
1.1317e+05
1.1081e+05
1.0849e+05
1.0622e+05
1.04e+05
1.0183e+05
99702
97626
95598
93619
91687
89803
87966
86176
84434
82739
81090
79488
77932
76422
74958
73539
72166
70838
69555
68317
67123
65973
64867
63805
62786
61810
60877
59986
59138
58332
57567
56844
56162
55520
54919
54358
53838
53356
52914
52511
52146
51820
51531
51280
51066
50890
50749
50645
50577
50545
50548
50585
50657
50763
50903
51077
51283
51522
51794
52097
52433
52799
53196
53624
54082
54570
55087
55633
56208
56812
57443
58102
58787
59500
60239
61004
61795
62611
63452
64318
65208
66121
67058
68018
69001
70006
71033
72081
73151
74241
75352
76483
77633
78803
79991
81198
82424
83667
84927
86205
87499
88810
90136
91478
92835
94208
95594
96995
98410
99838
1.0128e+05
1.0273e+05
1.042e+05
1.0568e+05
1.0717e+05
1.0867e+05
1.1018e+05
1.117e+05
1.1324e+05
1.1478e+05
1.1633e+05
1.1789e+05
1.1946e+05
1.2104e+05
1.2263e+05
1.2422e+05
1.2583e+05
1.2744e+05
1.2905e+05
1.3068e+05
1.3231e+05
1.3394e+05
1.3558e+05
1.3723e+05
1.3888e+05
1.4054e+05
1.422e+05
1.4386e+05
1.4553e+05
1.472e+05
1.4887e+05
1.5055e+05
1.5223e+05
1.5391e+05
1.556e+05
1.5728e+05
1.5897e+05
1.6066e+05
1.6234e+05
1.6403e+05
1.6572e+05
1.6741e+05
1.691e+05
1.7079e+05
1.7247e+05
1.7416e+05
1.7584e+05
1.7753e+05
1.7921e+05
1.8088e+05
1.8256e+05
1.8423e+05
1.859e+05
1.8757e+05
1.8923e+05
1.9089e+05
1.9254e+05
1.9419e+05
1.9584e+05
1.9748e+05
1.9912e+05
2.0075e+05
2.0237e+05
2.0399e+05
2.0561e+05
2.0722e+05
2.0882e+05
2.1041e+05
2.12e+05
2.1358e+05
2.1515e+05
2.1672e+05
2.1828e+05
2.1983e+05
2.2137e+05
2.229e+05
2.2443e+05
2.2595e+05
2.2745e+05
2.2895e+05
2.3044e+05
2.3192e+05
2.3339e+05
2.3486e+05
2.3631e+05
2.3775e+05
2.3918e+05
2.406e+05
2.4201e+05
2.4341e+05
2.4479e+05
2.4617e+05
2.4754e+05
2.4889e+05
2.5023e+05
2.5156e+05
2.5288e+05
2.5419e+05
2.5548e+05
2.5676e+05
2.5803e+05
2.5929e+05
2.6054e+05
2.6177e+05
2.6299e+05
2.6419e+05
2.6538e+05
2.6656e+05
2.6773e+05
2.6888e+05
2.7002e+05
2.7114e+05
2.7225e+05
2.7335e+05
2.7443e+05
2.755e+05
2.7655e+05
2.7759e+05
2.7862e+05
2.7963e+05
2.8062e+05
2.8161e+05
2.8257e+05
2.8352e+05
2.8446e+05
2.8538e+05
2.8628e+05
2.8718e+05
2.8805e+05
2.8891e+05
2.8975e+05
2.9058e+05
2.914e+05
2.9219e+05
2.9297e+05
2.9374e+05
2.9449e+05
2.9522e+05
2.9594e+05
2.9665e+05
2.9733e+05
2.98e+05
2.9866e+05
2.9929e+05
2.9992e+05
3.0052e+05
3.0111e+05
3.0168e+05
3.0224e+05
3.0278e+05
3.033e+05
3.0381e+05
3.043e+05
3.0478e+05
3.0523e+05
3.0568e+05
3.061e+05
3.0651e+05
3.069e+05
3.0728e+05
3.0764e+05
3.0798e+05
3.083e+05
3.0861e+05
3.0891e+05
3.0918e+05
3.0944e+05
3.0968e+05
3.0991e+05
3.1012e+05
3.1031e+05
3.1049e+05
3.1065e+05
3.1079e+05
3.1092e+05
3.1103e+05
3.1113e+05
3.1121e+05
3.1127e+05
3.1131e+05
3.1134e+05
3.1135e+05
3.1135e+05
3.1133e+05
3.1129e+05
3.1124e+05
3.1117e+05
3.1109e+05
3.1099e+05
3.1087e+05
3.1074e+05
3.1059e+05
3.1043e+05
3.1025e+05
3.1005e+05
3.0984e+05
3.0961e+05
3.0937e+05
3.0911e+05
3.0883e+05
3.0854e+05
3.0824e+05
3.0792e+05
3.0758e+05
3.0723e+05
3.0686e+05
3.0648e+05
3.0609e+05
3.0567e+05
3.0525e+05
3.0481e+05
3.0435e+05
3.0388e+05
3.0339e+05
3.0289e+05
3.0238e+05
3.0185e+05
3.013e+05
3.0074e+05
3.0017e+05
2.9958e+05
2.9898e+05
2.9837e+05
2.9774e+05
2.971e+05
2.9644e+05
2.9577e+05
2.9509e+05
2.9439e+05
2.9368e+05
2.9296e+05
2.9222e+05
2.9147e+05
2.9071e+05
2.8993e+05
2.8914e+05
2.8834e+05
2.8752e+05
2.867e+05
2.8586e+05
2.8501e+05
2.8414e+05
2.8326e+05
2.8238e+05
2.8148e+05
2.8056e+05
2.7964e+05
2.787e+05
2.7775e+05
2.7679e+05
2.7582e+05
2.7484e+05
2.7385e+05
2.7284e+05
2.7183e+05
2.708e+05
2.6977e+05
2.6872e+05
2.6766e+05
2.6659e+05
2.6551e+05
2.6442e+05
2.6332e+05
2.6221e+05
2.6109e+05
2.5996e+05
2.5883e+05
2.5768e+05
2.5652e+05
2.5535e+05
2.5418e+05
2.5299e+05
2.518e+05
2.5059e+05
2.4938e+05
2.4816e+05
2.4693e+05
2.4569e+05
2.4444e+05
2.4319e+05
2.4193e+05
2.4066e+05
2.3938e+05
2.3809e+05
2.368e+05
2.355e+05
2.3419e+05
2.3287e+05
2.3155e+05
2.3022e+05
2.2888e+05
2.2754e+05
2.2619e+05
2.2483e+05
2.2347e+05
2.221e+05
2.2072e+05
2.1934e+05
2.1795e+05
2.1656e+05
2.1516e+05
2.1375e+05
2.1234e+05
2.1093e+05
2.0951e+05
2.0808e+05
2.0665e+05
2.0521e+05
2.0377e+05
2.0233e+05
2.0088e+05
1.9943e+05
1.9797e+05
1.965e+05
1.9504e+05
1.9357e+05
1.9209e+05
1.9062e+05
1.8914e+05
1.8765e+05
1.8616e+05
1.8467e+05
1.8318e+05
1.8168e+05
1.8018e+05
1.7868e+05
1.7717e+05
1.7567e+05
1.7416e+05
1.7265e+05
1.7113e+05
1.6962e+05
1.681e+05
1.6658e+05
1.6506e+05
1.6354e+05
1.6201e+05
1.6049e+05
1.5896e+05
1.5743e+05
1.5591e+05
1.5438e+05
1.5285e+05
1.5132e+05
1.4979e+05
1.4826e+05
1.4672e+05
1.4519e+05
1.4366e+05
1.4213e+05
1.406e+05
1.3907e+05
1.3754e+05
1.3601e+05
1.3448e+05
1.3296e+05
1.3143e+05
1.299e+05
1.2838e+05
1.2686e+05
1.2534e+05
1.2382e+05
1.223e+05
1.2078e+05
1.1926e+05
1.1775e+05
1.1624e+05
1.1473e+05
1.1322e+05
1.1172e+05
1.1022e+05
1.0872e+05
1.0722e+05
1.0573e+05
1.0424e+05
1.0275e+05
1.0126e+05
99782
98303
96828
95356
93888
92423
90962
89505
88052
86603
85158
83717
82281
80849
79421
77998
76580
75166
73758
72354
70956
69562
68174
66791
65413
64041
62674
61313
59958
58608
57264
55927
54595
53269
51950
50636
49329
48029
46735
45447
44166
42892
41624
40363
39109
37862
36622
35389
34164
32945
31734
30530
29333
28144
26962
25788
24621
23462
22311
21167
20032
18904
17784
16672
15568
14472
13384
12305
11233
10170
9115.2
8068.6
7030.4
6000.6
4979.2
3966.2
2961.8
1966
978.68
0
