19529
21398
23556
26001
28733
31748
35044
38617
42461
46571
50940
55562
60427
65527
70854
76395
82142
88082
94203
1.0049e+05
1.0694e+05
1.1353e+05
1.2025e+05
1.2708e+05
1.3401e+05
1.4103e+05
1.4812e+05
1.5526e+05
1.6244e+05
1.6965e+05
1.7686e+05
1.8407e+05
1.9126e+05
1.9841e+05
2.055e+05
2.1253e+05
2.1947e+05
2.2632e+05
2.3305e+05
2.3965e+05
2.4611e+05
2.5242e+05
2.5856e+05
2.6452e+05
2.7028e+05
2.7584e+05
2.8118e+05
2.863e+05
2.9118e+05
2.9581e+05
3.0019e+05
3.043e+05
3.0814e+05
3.117e+05
3.1498e+05
3.1797e+05
3.2066e+05
3.2306e+05
3.2515e+05
3.2693e+05
3.2841e+05
3.2958e+05
3.3044e+05
3.3099e+05
3.3123e+05
3.3117e+05
3.308e+05
3.3013e+05
3.2916e+05
3.2791e+05
3.2636e+05
3.2453e+05
3.2243e+05
3.2005e+05
3.1742e+05
3.1453e+05
3.114e+05
3.0804e+05
3.0444e+05
3.0064e+05
2.9662e+05
2.9242e+05
2.8803e+05
2.8346e+05
2.7874e+05
2.7387e+05
2.6887e+05
2.6374e+05
2.585e+05
2.5316e+05
2.4774e+05
2.4225e+05
2.367e+05
2.3111e+05
2.2548e+05
2.1984e+05
2.1419e+05
2.0854e+05
2.0292e+05
1.9732e+05
1.9177e+05
1.8627e+05
1.8084e+05
1.7549e+05
1.7023e+05
1.6507e+05
1.6002e+05
1.5508e+05
1.5028e+05
1.4561e+05
1.4109e+05
1.3673e+05
1.3253e+05
1.2849e+05
1.2464e+05
1.2096e+05
1.1747e+05
1.1417e+05
1.1107e+05
1.0817e+05
1.0547e+05
1.0298e+05
1.007e+05
98627
96765
95115
93677
92450
91433
90625
90024
89628
89434
89439
89638
90028
90604
91362
92297
93402
94673
96103
97686
99415
1.0128e+05
1.0329e+05
1.0541e+05
1.0766e+05
1.1002e+05
1.1248e+05
1.1504e+05
1.1768e+05
1.2041e+05
1.2321e+05
1.2607e+05
1.2899e+05
1.3197e+05
1.3498e+05
1.3804e+05
1.4111e+05
1.4421e+05
1.4732e+05
1.5044e+05
1.5356e+05
1.5667e+05
1.5976e+05
1.6284e+05
1.6588e+05
1.6889e+05
1.7186e+05
1.7479e+05
1.7766e+05
1.8048e+05
1.8324e+05
1.8593e+05
1.8854e+05
1.9108e+05
1.9354e+05
1.9591e+05
1.982e+05
2.0039e+05
2.0248e+05
2.0448e+05
2.0637e+05
2.0815e+05
2.0983e+05
2.114e+05
2.1285e+05
2.1418e+05
2.154e+05
2.165e+05
2.1748e+05
2.1833e+05
2.1906e+05
2.1967e+05
2.2015e+05
2.2051e+05
2.2074e+05
2.2084e+05
2.2081e+05
2.2066e+05
2.2039e+05
2.1998e+05
2.1945e+05
2.188e+05
2.1803e+05
2.1713e+05
2.1611e+05
2.1497e+05
2.1371e+05
2.1233e+05
2.1084e+05
2.0924e+05
2.0753e+05
2.0571e+05
2.0379e+05
2.0176e+05
1.9963e+05
1.974e+05
1.9508e+05
1.9267e+05
1.9018e+05
1.876e+05
1.8493e+05
1.822e+05
1.7939e+05
1.7651e+05
1.7356e+05
1.7056e+05
1.6749e+05
1.6438e+05
1.6122e+05
1.5801e+05
1.5477e+05
1.5149e+05
1.4818e+05
1.4485e+05
1.415e+05
1.3813e+05
1.3475e+05
1.3136e+05
1.2797e+05
1.2458e+05
1.212e+05
1.1783e+05
1.1448e+05
1.1115e+05
1.0784e+05
1.0456e+05
1.0131e+05
98093
94919
91789
88705
85671
82689
79762
76894
74086
71341
68661
66047
63501
61024
58618
56283
54020
51829
49711
47665
45691
43790
41959
40198
38506
36882
35325
33832
32402
31033
29723
28470
27272
26125
25029
23980
22976
22014
21092
20207
19357
18539
17751
16990
16254
15542
14850
14177
13521
12881
12255
11642
11040
10448
9866.2
9293.6
8729.8
8174.5
7627.8
7089.9
6561.2
6042.3
5534
5037.3
4553.3
4083.4
3629.1
3192
2773.9
2376.6
2002.2
1652.8
1330.6
1037.7
776.4
549.05
357.9
205.23
93.254
24.149
0
22.793
94.392
216.52
390.74
618.43
900.78
1238.7
1633.1
2084.2
2592.4
3157.6
3779.5
4457.4
5190.3
5977.1
6816
7705.3
8642.6
9625.5
10651
11716
12817
13950
15111
16296
17500
18718
19945
21177
22406
23628
24838
26028
27194
28329
29427
30483
31490
32443
33337
34165
34922
35605
36207
36725
37155
37492
37735
37880
37925
37869
37711
37449
37085
36620
36054
35390
34631
33781
32844
31826
30732
29569
28345
27068
25747
24392
23013
21622
20230
18851
17497
16182
14921
13729
12622
11615
10725
9968
9362
8924
8671.6
8622.4
8794.4
9205.1
9872.5
10814
12048
13590
15458
17669
20238
23181
26514
30250
34403
38986
44011
49490
55432
61846
68741
76124
84000
92374
1.0125e+05
1.1063e+05
1.2051e+05
1.309e+05
1.4179e+05
1.5317e+05
1.6506e+05
1.7742e+05
1.9027e+05
2.0359e+05
2.1737e+05
2.316e+05
2.4626e+05
2.6134e+05
2.7683e+05
2.927e+05
3.0894e+05
3.2553e+05
3.4244e+05
3.5966e+05
3.7717e+05
3.9492e+05
4.1291e+05
4.311e+05
4.4946e+05
4.6797e+05
4.866e+05
5.0532e+05
5.241e+05
5.429e+05
5.6169e+05
5.8045e+05
5.9914e+05
6.1772e+05
6.3617e+05
6.5445e+05
6.7254e+05
6.9038e+05
7.0796e+05
7.2525e+05
7.422e+05
7.5879e+05
7.75e+05
7.9078e+05
8.0611e+05
8.2096e+05
8.353e+05
8.4911e+05
8.6236e+05
8.7503e+05
8.8709e+05
8.9852e+05
9.0931e+05
9.1942e+05
9.2885e+05
9.3757e+05
9.4557e+05
9.5284e+05
9.5936e+05
9.6513e+05
9.7013e+05
9.7436e+05
9.7781e+05
9.8048e+05
9.8237e+05
9.8346e+05
9.8378e+05
9.8331e+05
9.8206e+05
9.8003e+05
9.7724e+05
9.7369e+05
9.6939e+05
9.6436e+05
9.586e+05
9.5214e+05
9.4497e+05
9.3714e+05
9.2864e+05
9.195e+05
9.0975e+05
8.9939e+05
8.8847e+05
8.7699e+05
8.6498e+05
8.5247e+05
8.3948e+05
8.2604e+05
8.1218e+05
7.9791e+05
7.8329e+05
7.6831e+05
7.5303e+05
7.3746e+05
7.2164e+05
7.0559e+05
6.8934e+05
6.7292e+05
6.5636e+05
6.3968e+05
6.2292e+05
6.061e+05
5.8924e+05
5.7238e+05
5.5555e+05
5.3875e+05
5.2203e+05
5.054e+05
4.8889e+05
4.7252e+05
4.563e+05
4.4027e+05
4.2445e+05
4.0884e+05
3.9347e+05
3.7835e+05
3.6351e+05
3.4895e+05
3.3469e+05
3.2074e+05
3.0712e+05
2.9383e+05
2.8088e+05
2.6829e+05
2.5605e+05
2.4419e+05
2.327e+05
2.2158e+05
2.1084e+05
2.0049e+05
1.9052e+05
1.8093e+05
1.7173e+05
1.6292e+05
1.5448e+05
1.4643e+05
1.3875e+05
1.3144e+05
1.245e+05
1.1792e+05
1.1169e+05
1.0581e+05
1.0027e+05
95063
90179
85611
81349
77383
73703
70300
67163
64282
61645
59242
57063
55095
53329
51753
50357
49129
48058
47135
46350
45690
45148
44712
44374
44124
43954
43854
43816
43833
43896
43999
44134
44295
44475
44669
44872
45077
45281
45478
45666
45839
45996
46132
46246
46334
46396
46429
46431
46402
46342
46248
46122
45963
45770
45545
45288
45000
44682
44334
43957
43554
43126
42674
42199
41704
41190
40659
40113
39553
38982
38402
37814
37220
36622
36022
35421
34822
34226
33635
33050
32472
31904
31346
30800
30266
29747
29242
28753
28281
27826
27388
26969
26569
26189
25827
25485
25163
24860
24577
24313
24068
23841
23634
23443
23271
23115
22975
22850
22740
22644
22561
22491
22431
22382
22342
22311
22288
22271
22259
22252
22249
22248
22250
22251
22253
22253
22252
22248
22239
22227
22209
22185
22154
22116
22069
22014
21950
21876
21793
21698
21593
21476
21348
21209
21057
20894
20718
20531
20332
20120
19897
19662
19416
19159
18891
18612
18323
18025
17717
17400
17075
16742
16401
