1.1154e+05
1.159e+05
1.2045e+05
1.2517e+05
1.3006e+05
1.3512e+05
1.4032e+05
1.4568e+05
1.5116e+05
1.5677e+05
1.6249e+05
1.6832e+05
1.7423e+05
1.8022e+05
1.8627e+05
1.9237e+05
1.9851e+05
2.0467e+05
2.1083e+05
2.1699e+05
2.2313e+05
2.2923e+05
2.3528e+05
2.4126e+05
2.4716e+05
2.5297e+05
2.5866e+05
2.6424e+05
2.6967e+05
2.7496e+05
2.8008e+05
2.8502e+05
2.8978e+05
2.9433e+05
2.9867e+05
3.0279e+05
3.0668e+05
3.1033e+05
3.1372e+05
3.1685e+05
3.1972e+05
3.2232e+05
3.2463e+05
3.2667e+05
3.2841e+05
3.2986e+05
3.3101e+05
3.3187e+05
3.3243e+05
3.3269e+05
3.3265e+05
3.3231e+05
3.3168e+05
3.3075e+05
3.2953e+05
3.2802e+05
3.2623e+05
3.2416e+05
3.2182e+05
3.1921e+05
3.1634e+05
3.1322e+05
3.0985e+05
3.0625e+05
3.0242e+05
2.9838e+05
2.9412e+05
2.8967e+05
2.8502e+05
2.802e+05
2.7521e+05
2.7007e+05
2.6478e+05
2.5935e+05
2.538e+05
2.4814e+05
2.4238e+05
2.3653e+05
2.306e+05
2.246e+05
2.1855e+05
2.1245e+05
2.0632e+05
2.0016e+05
1.9399e+05
1.8782e+05
1.8166e+05
1.7551e+05
1.694e+05
1.6331e+05
1.5728e+05
1.513e+05
1.4538e+05
1.3953e+05
1.3376e+05
1.2808e+05
1.225e+05
1.1701e+05
1.1163e+05
1.0637e+05
1.0123e+05
96213
91329
86582
81977
77518
73210
69058
65064
61233
57568
54071
50746
47596
44622
41827
39213
36782
34534
32472
30596
28907
27406
26093
24969
24034
23288
22729
22358
22174
22176
22362
22731
23282
24012
24920
26002
27257
28681
30271
32025
33937
36005
38224
40589
43097
45742
48518
51422
54446
57585
60834
64185
67632
71169
74788
78483
82246
86071
89949
93873
97835
1.0183e+05
1.0585e+05
1.0988e+05
1.1392e+05
1.1796e+05
1.2199e+05
1.2601e+05
1.3e+05
1.3396e+05
1.3789e+05
1.4177e+05
1.456e+05
1.4937e+05
1.5308e+05
1.5672e+05
1.6028e+05
1.6375e+05
1.6714e+05
1.7044e+05
1.7363e+05
1.7672e+05
1.7971e+05
1.8258e+05
1.8534e+05
1.8798e+05
1.905e+05
1.9289e+05
1.9516e+05
1.9729e+05
1.993e+05
2.0118e+05
2.0292e+05
2.0453e+05
2.0601e+05
2.0736e+05
2.0857e+05
2.0964e+05
2.1059e+05
2.114e+05
2.1209e+05
2.1264e+05
2.1307e+05
2.1337e+05
2.1354e+05
2.136e+05
2.1353e+05
2.1335e+05
2.1305e+05
2.1264e+05
2.1211e+05
2.1148e+05
2.1074e+05
2.099e+05
2.0895e+05
2.0791e+05
2.0677e+05
2.0553e+05
2.0421e+05
2.0279e+05
2.0128e+05
1.9969e+05
1.9802e+05
1.9626e+05
1.9442e+05
1.9251e+05
1.9051e+05
1.8845e+05
1.8631e+05
1.841e+05
1.8183e+05
1.7948e+05
1.7707e+05
1.746e+05
1.7207e+05
1.6947e+05
1.6682e+05
1.6411e+05
1.6135e+05
1.5854e+05
1.5567e+05
1.5277e+05
1.4981e+05
1.4681e+05
1.4378e+05
1.4071e+05
1.376e+05
1.3447e+05
1.313e+05
1.2812e+05
1.2491e+05
1.2169e+05
1.1846e+05
1.1522e+05
1.1197e+05
1.0872e+05
1.0548e+05
1.0225e+05
99034
95834
92658
89509
86393
83314
80277
77287
74347
71463
68639
65879
63186
60565
58020
55553
53167
50866
48651
46526
44490
42547
40697
38941
37278
35710
34235
32852
31560
30358
29244
28214
27267
26399
25606
24885
24232
23643
23112
22636
22209
21827
21483
21174
20893
20636
20397
20172
19955
19741
19526
19305
19075
18831
18570
18288
17984
17654
17297
16911
16494
16048
15570
15062
14525
13960
13369
12754
12118
11463
10795
10116
9432.1
8746.7
8065.4
7393.3
6736.1
6099.5
5489.3
4911.6
4372.3
3877.4
3433
3044.8
2718.5
2459.7
2273.5
2164.9
2138.5
2198.5
2348.5
2591.8
2931.1
3368.6
3905.8
4543.5
5282.1
6121.2
7059.5
8095.3
9226.1
10448
11759
13152
14623
16165
17772
19437
21151
22906
24694
26504
28327
30152
31970
33769
35538
37267
38945
40560
42103
43561
44926
46188
47336
48363
49260
50020
50636
51102
51413
51566
51558
51386
51051
50552
49893
49076
48105
46987
45728
44338
42825
41203
39482
37677
35804
33879
31920
29945
27975
26030
24134
22308
20576
18964
17495
16197
15094
14212
13580
13222
13166
13438
14064
15070
16480
18320
20613
23381
26647
30430
34751
39627
45075
51110
57745
64991
72858
81354
90484
1.0025e+05
1.1066e+05
1.2171e+05
1.334e+05
1.4571e+05
1.5866e+05
1.7222e+05
1.8638e+05
2.0113e+05
2.1646e+05
2.3235e+05
2.4877e+05
2.6571e+05
2.8313e+05
3.0103e+05
3.1935e+05
3.3808e+05
3.5719e+05
3.7664e+05
3.9639e+05
4.1642e+05
4.3667e+05
4.5712e+05
4.7772e+05
4.9844e+05
5.1923e+05
5.4004e+05
5.6084e+05
5.8158e+05
6.0222e+05
6.2272e+05
6.4303e+05
6.631e+05
6.829e+05
7.0238e+05
7.215e+05
7.4022e+05
7.5849e+05
7.7628e+05
7.9355e+05
8.1026e+05
8.2637e+05
8.4185e+05
8.5667e+05
8.7079e+05
8.8419e+05
8.9683e+05
9.087e+05
9.1976e+05
9.2999e+05
9.3937e+05
9.4789e+05
9.5553e+05
9.6228e+05
9.6812e+05
9.7304e+05
9.7705e+05
9.8012e+05
9.8227e+05
9.8349e+05
9.8378e+05
9.8314e+05
9.8159e+05
9.7913e+05
9.7578e+05
9.7154e+05
9.6642e+05
9.6046e+05
9.5365e+05
9.4603e+05
9.3762e+05
9.2843e+05
9.185e+05
9.0785e+05
8.965e+05
8.8449e+05
8.7185e+05
8.586e+05
8.4477e+05
8.3041e+05
8.1554e+05
8.002e+05
7.8442e+05
7.6824e+05
7.5168e+05
7.3479e+05
7.1761e+05
7.0016e+05
6.8248e+05
6.6461e+05
6.4657e+05
6.2842e+05
6.1017e+05
5.9187e+05
5.7354e+05
5.5522e+05
5.3693e+05
5.1872e+05
5.006e+05
4.8261e+05
4.6477e+05
4.4712e+05
4.2967e+05
4.1245e+05
3.9548e+05
3.7879e+05
3.6239e+05
3.463e+05
3.3055e+05
3.1515e+05
3.0012e+05
2.8546e+05
2.7119e+05
2.5733e+05
2.4388e+05
2.3085e+05
2.1825e+05
2.0609e+05
1.9437e+05
1.8309e+05
1.7226e+05
1.6188e+05
1.5195e+05
1.4247e+05
1.3344e+05
1.2485e+05
1.167e+05
1.0898e+05
1.0169e+05
94829
88381
82340
76698
71444
66568
62061
57909
54102
50628
47473
44624
42070
39795
37787
36031
34514
33222
32141
31256
30555
30024
29649
29416
29313
29326
29444
29654
29944
30303
30719
31182
31682
32209
32754
33307
33861
34408
34941
35453
35937
36388
36801
37172
37495
37769
37989
38153
38260
38307
38293
38218
38082
37885
37627
37310
36935
36503
36016
35478
34890
34256
33577
32859
32103
31315
30496
29652
28785
27901
27003
26094
25179
24263
23347
22437
21536
20648
19776
18923
18092
17287
16510
15763
15049
14371
13729
13126
12563
12041
11561
11124
10730
10379
10072
9807.8
9586.4
9406.8
9268.2
9169.5
9109.3
9086.1
9098.4
9144.2
9221.6
9328.5
9462.6
9621.6
9803.2
10005
10224
10458
10704
10959
11222
11489
11757
12025
12289
12547
12798
13037
13264
13477
13672
13849
14006
14141
14253
14341
14403
14439
14448
14430
14383
14308
14205
14073
13913
13725
13510
13268
13001
12709
12392
12054
11693
11313
10914
10498
10066
9620.9
9163.1
8694.8
8217.8
7733.6
7244.2
6751.3
6256.6
5761.7
5268.5
4778.5
4293.2
3814.3
3343.1
2881
2429.4
1989.4
1562.2
1148.7
750.05
366.89
0
