8.1743e+05
8.1692e+05
8.1633e+05
8.1569e+05
8.1497e+05
8.1419e+05
8.1335e+05
8.1244e+05
8.1147e+05
8.1043e+05
8.0934e+05
8.0818e+05
8.0696e+05
8.0568e+05
8.0435e+05
8.0295e+05
8.015e+05
7.9998e+05
7.9842e+05
7.9679e+05
7.9512e+05
7.9338e+05
7.916e+05
7.8976e+05
7.8787e+05
7.8593e+05
7.8394e+05
7.819e+05
7.7981e+05
7.7767e+05
7.7549e+05
7.7326e+05
7.7098e+05
7.6866e+05
7.663e+05
7.6389e+05
7.6145e+05
7.5896e+05
7.5643e+05
7.5386e+05
7.5125e+05
7.486e+05
7.4592e+05
7.432e+05
7.4045e+05
7.3766e+05
7.3484e+05
7.3198e+05
7.291e+05
7.2618e+05
7.2323e+05
7.2026e+05
7.1725e+05
7.1422e+05
7.1116e+05
7.0808e+05
7.0497e+05
7.0184e+05
6.9868e+05
6.9551e+05
6.9231e+05
6.8909e+05
6.8585e+05
6.8259e+05
6.7932e+05
6.7602e+05
6.7272e+05
6.6939e+05
6.6606e+05
6.6271e+05
6.5934e+05
6.5597e+05
6.5258e+05
6.4919e+05
6.4578e+05
6.4237e+05
6.3895e+05
6.3553e+05
6.3209e+05
6.2866e+05
6.2522e+05
6.2177e+05
6.1833e+05
6.1488e+05
6.1143e+05
6.0799e+05
6.0454e+05
6.0109e+05
5.9765e+05
5.9421e+05
5.9078e+05
5.8735e+05
5.8393e+05
5.8051e+05
5.771e+05
5.737e+05
5.7031e+05
5.6693e+05
5.6356e+05
5.602e+05
5.5685e+05
5.5351e+05
5.5019e+05
5.4688e+05
5.4359e+05
5.4032e+05
5.3706e+05
5.3381e+05
5.3059e+05
5.2738e+05
5.242e+05
5.2103e+05
5.1788e+05
5.1476e+05
5.1166e+05
5.0858e+05
5.0552e+05
5.0249e+05
4.9948e+05
4.965e+05
4.9354e+05
4.9061e+05
4.877e+05
4.8483e+05
4.8198e+05
4.7916e+05
4.7637e+05
4.7362e+05
4.7089e+05
4.6819e+05
4.6552e+05
4.6289e+05
4.6029e+05
4.5772e+05
4.5519e+05
4.5269e+05
4.5023e+05
4.478e+05
4.454e+05
4.4305e+05
4.4073e+05
4.3844e+05
4.362e+05
4.3399e+05
4.3182e+05
4.2969e+05
4.276e+05
4.2555e+05
4.2354e+05
4.2157e+05
4.1964e+05
4.1775e+05
4.159e+05
4.141e+05
4.1233e+05
4.1061e+05
4.0894e+05
4.073e+05
4.0571e+05
4.0417e+05
4.0266e+05
4.012e+05
3.9979e+05
3.9842e+05
3.971e+05
3.9582e+05
3.9459e+05
3.934e+05
3.9226e+05
3.9116e+05
3.9012e+05
3.8911e+05
3.8816e+05
3.8725e+05
3.8639e+05
3.8558e+05
3.8481e+05
3.8409e+05
3.8342e+05
3.828e+05
3.8222e+05
3.8169e+05
3.8121e+05
3.8078e+05
3.804e+05
3.8006e+05
3.7978e+05
3.7954e+05
3.7935e+05
3.792e+05
3.7911e+05
3.7906e+05
3.7907e+05
3.7912e+05
3.7922e+05
3.7936e+05
3.7956e+05
3.798e+05
3.8009e+05
3.8043e+05
3.8082e+05
3.8126e+05
3.8174e+05
3.8227e+05
3.8285e+05
3.8347e+05
3.8415e+05
3.8487e+05
3.8563e+05
3.8645e+05
3.8731e+05
3.8821e+05
3.8917e+05
3.9017e+05
3.9121e+05
3.923e+05
3.9344e+05
3.9462e+05
3.9585e+05
3.9712e+05
3.9844e+05
3.998e+05
4.0121e+05
4.0266e+05
4.0415e+05
4.0569e+05
4.0726e+05
4.0889e+05
4.1055e+05
4.1226e+05
4.1401e+05
4.158e+05
4.1763e+05
4.195e+05
4.2142e+05
4.2337e+05
4.2536e+05
4.274e+05
4.2947e+05
4.3158e+05
4.3373e+05
4.3592e+05
4.3814e+05
4.4041e+05
4.4271e+05
4.4504e+05
4.4742e+05
4.4982e+05
4.5227e+05
4.5475e+05
4.5726e+05
4.5981e+05
4.6239e+05
4.65e+05
4.6765e+05
4.7033e+05
4.7304e+05
4.7578e+05
4.7856e+05
4.8136e+05
4.842e+05
4.8706e+05
4.8995e+05
4.9288e+05
4.9583e+05
4.988e+05
5.0181e+05
5.0484e+05
5.079e+05
5.1098e+05
5.1409e+05
5.1722e+05
5.2038e+05
5.2356e+05
5.2677e+05
5.2999e+05
5.3324e+05
5.3651e+05
5.398e+05
5.4312e+05
5.4645e+05
5.498e+05
5.5317e+05
5.5656e+05
5.5997e+05
5.6339e+05
5.6683e+05
5.7029e+05
5.7376e+05
5.7725e+05
5.8075e+05
5.8427e+05
5.878e+05
5.9134e+05
5.949e+05
5.9847e+05
6.0205e+05
6.0564e+05
6.0924e+05
6.1285e+05
6.1647e+05
6.2009e+05
6.2373e+05
6.2737e+05
6.3102e+05
6.3468e+05
6.3834e+05
6.4201e+05
6.4568e+05
6.4936e+05
6.5304e+05
6.5672e+05
6.604e+05
6.6409e+05
6.6778e+05
6.7147e+05
6.7516e+05
6.7885e+05
6.8254e+05
6.8622e+05
6.8991e+05
6.9359e+05
6.9727e+05
7.0095e+05
7.0462e+05
7.0828e+05
7.1195e+05
7.156e+05
7.1925e+05
7.229e+05
7.2653e+05
7.3016e+05
7.3378e+05
7.3739e+05
7.4099e+05
7.4459e+05
7.4817e+05
7.5174e+05
7.553e+05
7.5884e+05
7.6238e+05
7.659e+05
7.6941e+05
7.729e+05
7.7638e+05
7.7985e+05
7.833e+05
7.8673e+05
7.9015e+05
7.9355e+05
7.9693e+05
8.0029e+05
8.0364e+05
8.0697e+05
8.1028e+05
8.1357e+05
8.1684e+05
8.2008e+05
8.2331e+05
8.2652e+05
8.297e+05
8.3286e+05
8.36e+05
8.3912e+05
8.4221e+05
8.4527e+05
8.4832e+05
8.5134e+05
8.5433e+05
8.573e+05
8.6024e+05
8.6315e+05
8.6604e+05
8.689e+05
8.7173e+05
8.7454e+05
8.7731e+05
8.8006e+05
8.8278e+05
8.8546e+05
8.8812e+05
8.9075e+05
8.9335e+05
8.9592e+05
8.9845e+05
9.0095e+05
9.0343e+05
9.0587e+05
9.0827e+05
9.1065e+05
9.1299e+05
9.1529e+05
9.1757e+05
9.1981e+05
9.2201e+05
9.2418e+05
9.2632e+05
9.2842e+05
9.3048e+05
9.3251e+05
9.345e+05
9.3646e+05
9.3838e+05
9.4026e+05
9.421e+05
9.4391e+05
9.4568e+05
9.4741e+05
9.4911e+05
9.5076e+05
9.5238e+05
9.5396e+05
9.555e+05
9.57e+05
9.5847e+05
9.5989e+05
9.6127e+05
9.6261e+05
9.6392e+05
9.6518e+05
9.664e+05
9.6759e+05
9.6873e+05
9.6983e+05
9.7089e+05
9.7191e+05
9.7288e+05
9.7382e+05
9.7472e+05
9.7557e+05
9.7638e+05
9.7715e+05
9.7788e+05
9.7857e+05
9.7921e+05
9.7981e+05
9.8037e+05
9.8089e+05
9.8136e+05
9.818e+05
9.8219e+05
9.8253e+05
9.8284e+05
9.831e+05
9.8332e+05
9.835e+05
9.8363e+05
9.8372e+05
9.8377e+05
9.8378e+05
9.8374e+05
9.8366e+05
9.8354e+05
9.8337e+05
9.8316e+05
9.8291e+05
9.8261e+05
9.8228e+05
9.819e+05
9.8147e+05
9.8101e+05
9.805e+05
9.7995e+05
9.7936e+05
9.7872e+05
9.7804e+05
9.7732e+05
9.7655e+05
9.7575e+05
9.749e+05
9.7401e+05
9.7308e+05
9.721e+05
9.7109e+05
9.7003e+05
9.6893e+05
9.6779e+05
9.666e+05
9.6538e+05
9.6411e+05
9.628e+05
9.6146e+05
9.6007e+05
9.5864e+05
9.5717e+05
9.5565e+05
9.541e+05
9.5251e+05
9.5088e+05
9.4921e+05
9.4749e+05
9.4574e+05
9.4395e+05
9.4212e+05
9.4025e+05
9.3835e+05
9.364e+05
9.3441e+05
9.3239e+05
9.3033e+05
9.2823e+05
9.2609e+05
9.2391e+05
9.217e+05
9.1945e+05
9.1716e+05
9.1484e+05
9.1248e+05
9.1008e+05
9.0765e+05
9.0518e+05
9.0267e+05
9.0013e+05
8.9756e+05
8.9495e+05
8.923e+05
8.8962e+05
8.8691e+05
8.8416e+05
8.8138e+05
8.7856e+05
8.7571e+05
8.7283e+05
8.6992e+05
8.6697e+05
8.6399e+05
8.6098e+05
8.5794e+05
8.5486e+05
8.5176e+05
8.4862e+05
8.4546e+05
8.4226e+05
8.3903e+05
8.3578e+05
8.3249e+05
8.2918e+05
8.2583e+05
8.2246e+05
8.1906e+05
8.1563e+05
8.1217e+05
8.0869e+05
8.0518e+05
8.0164e+05
7.9808e+05
7.9449e+05
7.9087e+05
7.8723e+05
7.8357e+05
7.7987e+05
7.7616e+05
7.7242e+05
7.6865e+05
7.6487e+05
7.6106e+05
7.5722e+05
7.5337e+05
7.4949e+05
7.4559e+05
7.4167e+05
7.3772e+05
7.3376e+05
7.2977e+05
7.2577e+05
7.2174e+05
7.177e+05
7.1363e+05
7.0955e+05
7.0545e+05
7.0133e+05
6.9719e+05
6.9303e+05
6.8886e+05
6.8467e+05
6.8046e+05
6.7624e+05
6.72e+05
6.6775e+05
6.6348e+05
6.5919e+05
6.5489e+05
6.5058e+05
6.4625e+05
6.4191e+05
6.3756e+05
6.3319e+05
6.2882e+05
6.2443e+05
6.2002e+05
6.1561e+05
6.1118e+05
6.0675e+05
6.023e+05
5.9785e+05
5.9338e+05
5.8891e+05
5.8442e+05
5.7993e+05
5.7543e+05
5.7092e+05
5.664e+05
5.6188e+05
5.5735e+05
5.5281e+05
5.4827e+05
5.4372e+05
5.3916e+05
5.346e+05
5.3004e+05
5.2547e+05
5.2089e+05
5.1631e+05
5.1173e+05
5.0715e+05
5.0256e+05
4.9797e+05
4.9338e+05
4.8879e+05
4.8419e+05
4.796e+05
4.75e+05
4.704e+05
4.658e+05
4.612e+05
4.5661e+05
4.5201e+05
4.4742e+05
4.4282e+05
4.3823e+05
4.3364e+05
4.2905e+05
4.2447e+05
4.1988e+05
4.1531e+05
4.1073e+05
4.0616e+05
4.0159e+05
3.9703e+05
3.9247e+05
3.8792e+05
3.8338e+05
3.7884e+05
3.743e+05
3.6977e+05
3.6525e+05
3.6074e+05
3.5623e+05
3.5173e+05
3.4724e+05
3.4276e+05
3.3828e+05
3.3382e+05
3.2936e+05
3.2491e+05
3.2047e+05
3.1605e+05
3.1163e+05
3.0722e+05
3.0282e+05
2.9844e+05
2.9406e+05
2.897e+05
2.8535e+05
2.8101e+05
2.7668e+05
2.7237e+05
2.6807e+05
2.6378e+05
2.595e+05
2.5524e+05
2.5099e+05
2.4676e+05
2.4254e+05
2.3834e+05
2.3415e+05
2.2997e+05
2.2581e+05
2.2167e+05
2.1754e+05
2.1343e+05
2.0933e+05
2.0525e+05
2.0118e+05
1.9714e+05
1.9311e+05
1.891e+05
1.851e+05
1.8112e+05
1.7716e+05
1.7322e+05
1.693e+05
1.6539e+05
1.6151e+05
1.5764e+05
1.5379e+05
1.4996e+05
1.4615e+05
1.4236e+05
1.3859e+05
1.3484e+05
1.3111e+05
1.274e+05
1.2371e+05
1.2004e+05
1.1639e+05
1.1277e+05
1.0916e+05
1.0557e+05
1.0201e+05
98468
94948
91449
87972
84517
81084
77674
74286
70921
67578
64258
60961
57688
54437
51210
48006
44826
41669
38536
35426
32341
29279
26242
23229
20240
17275
14334
11418
8526.8
5659.9
2817.6
0
