2.6276e+05
2.6606e+05
2.6937e+05
2.7267e+05
2.7597e+05
2.7926e+05
2.8255e+05
2.8583e+05
2.891e+05
2.9235e+05
2.9559e+05
2.9882e+05
3.0203e+05
3.0523e+05
3.084e+05
3.1155e+05
3.1468e+05
3.1779e+05
3.2087e+05
3.2392e+05
3.2695e+05
3.2995e+05
3.3292e+05
3.3585e+05
3.3875e+05
3.4162e+05
3.4445e+05
3.4725e+05
3.5001e+05
3.5273e+05
3.554e+05
3.5804e+05
3.6064e+05
3.6319e+05
3.657e+05
3.6816e+05
3.7058e+05
3.7295e+05
3.7527e+05
3.7754e+05
3.7977e+05
3.8194e+05
3.8406e+05
3.8613e+05
3.8814e+05
3.9011e+05
3.9201e+05
3.9387e+05
3.9566e+05
3.974e+05
3.9909e+05
4.0071e+05
4.0228e+05
4.0379e+05
4.0524e+05
4.0663e+05
4.0796e+05
4.0923e+05
4.1044e+05
4.1159e+05
4.1267e+05
4.137e+05
4.1466e+05
4.1556e+05
4.164e+05
4.1717e+05
4.1788e+05
4.1853e+05
4.1911e+05
4.1964e+05
4.2009e+05
4.2049e+05
4.2082e+05
4.2108e+05
4.2129e+05
4.2143e+05
4.215e+05
4.2152e+05
4.2147e+05
4.2136e+05
4.2118e+05
4.2094e+05
4.2064e+05
4.2028e+05
4.1986e+05
4.1938e+05
4.1883e+05
4.1823e+05
4.1757e+05
4.1684e+05
4.1606e+05
4.1522e+05
4.1432e+05
4.1337e+05
4.1236e+05
4.1129e+05
4.1017e+05
4.09e+05
4.0777e+05
4.0648e+05
4.0515e+05
4.0377e+05
4.0233e+05
4.0084e+05
3.9931e+05
3.9773e+05
3.961e+05
3.9443e+05
3.9271e+05
3.9095e+05
3.8914e+05
3.873e+05
3.8541e+05
3.8349e+05
3.8152e+05
3.7952e+05
3.7749e+05
3.7541e+05
3.7331e+05
3.7117e+05
3.69e+05
3.6681e+05
3.6458e+05
3.6233e+05
3.6005e+05
3.5774e+05
3.5541e+05
3.5307e+05
3.5069e+05
3.4831e+05
3.459e+05
3.4347e+05
3.4103e+05
3.3858e+05
3.3611e+05
3.3364e+05
3.3115e+05
3.2865e+05
3.2615e+05
3.2364e+05
3.2113e+05
3.1861e+05
3.161e+05
3.1358e+05
3.1106e+05
3.0855e+05
3.0603e+05
3.0353e+05
3.0103e+05
2.9853e+05
2.9605e+05
2.9357e+05
2.9111e+05
2.8865e+05
2.8621e+05
2.8379e+05
2.8138e+05
2.7899e+05
2.7661e+05
2.7426e+05
2.7192e+05
2.696e+05
2.6731e+05
2.6504e+05
2.6279e+05
2.6056e+05
2.5836e+05
2.5619e+05
2.5404e+05
2.5192e+05
2.4983e+05
2.4777e+05
2.4573e+05
2.4373e+05
2.4176e+05
2.3981e+05
2.379e+05
2.3602e+05
2.3417e+05
2.3236e+05
2.3057e+05
2.2882e+05
2.271e+05
2.2542e+05
2.2376e+05
2.2214e+05
2.2056e+05
2.19e+05
2.1748e+05
2.16e+05
2.1454e+05
2.1312e+05
2.1173e+05
2.1037e+05
2.0905e+05
2.0775e+05
2.0649e+05
2.0525e+05
2.0405e+05
2.0287e+05
2.0173e+05
2.0061e+05
1.9951e+05
1.9845e+05
1.9741e+05
1.964e+05
1.9541e+05
1.9444e+05
1.9349e+05
1.9257e+05
1.9167e+05
1.9079e+05
1.8992e+05
1.8907e+05
1.8824e+05
1.8743e+05
1.8663e+05
1.8584e+05
1.8506e+05
1.843e+05
1.8354e+05
1.8279e+05
1.8205e+05
1.8132e+05
1.8059e+05
1.7986e+05
1.7914e+05
1.7841e+05
1.7769e+05
1.7696e+05
1.7623e+05
1.755e+05
1.7476e+05
1.7401e+05
1.7326e+05
1.7249e+05
1.7172e+05
1.7093e+05
1.7013e+05
1.6931e+05
1.6848e+05
1.6764e+05
1.6677e+05
1.6589e+05
1.6498e+05
1.6406e+05
1.6311e+05
1.6214e+05
1.6115e+05
1.6013e+05
1.5908e+05
1.5801e+05
1.5691e+05
1.5578e+05
1.5462e+05
1.5343e+05
1.5221e+05
1.5096e+05
1.4967e+05
1.4836e+05
1.4701e+05
1.4563e+05
1.4421e+05
1.4276e+05
1.4128e+05
1.3976e+05
1.382e+05
1.3661e+05
1.3499e+05
1.3333e+05
1.3164e+05
1.2991e+05
1.2815e+05
1.2636e+05
1.2453e+05
1.2267e+05
1.2077e+05
1.1885e+05
1.1689e+05
1.149e+05
1.1288e+05
1.1083e+05
1.0875e+05
1.0665e+05
1.0452e+05
1.0236e+05
1.0018e+05
97977
95752
93507
91242
88961
86663
84351
82026
79691
77346
74994
72637
70276
67914
65553
63194
60840
58494
56157
53831
51520
49225
46950
44695
42465
40261
38087
35944
33836
31764
29733
27744
25800
23904
22059
20268
18533
16858
15244
13696
12215
10805
9467.7
8206.9
7025.1
5925.1
4909.6
3981.4
3143.3
2397.9
1748
1196.2
745.15
397.47
155.71
22.388
0
90.986
297.74
622.61
1067.9
1635.8
2328.6
3148.4
4097.2
5177
6389.9
7737.5
9221.9
10845
12607
14512
16559
18751
21089
23575
26208
28991
31924
35009
38246
41635
45178
48875
52727
56733
60894
65210
69682
74309
79090
84026
89117
94361
99758
1.0531e+05
1.1101e+05
1.1686e+05
1.2286e+05
1.2902e+05
1.3531e+05
1.4176e+05
1.4835e+05
1.5508e+05
1.6195e+05
1.6897e+05
1.7612e+05
1.834e+05
1.9082e+05
1.9838e+05
2.0606e+05
2.1387e+05
2.218e+05
2.2986e+05
2.3803e+05
2.4632e+05
2.5473e+05
2.6324e+05
2.7187e+05
2.8059e+05
2.8942e+05
2.9835e+05
3.0738e+05
3.1649e+05
3.2569e+05
3.3498e+05
3.4434e+05
3.5379e+05
3.633e+05
3.7289e+05
3.8254e+05
3.9225e+05
4.0202e+05
4.1184e+05
4.2171e+05
4.3163e+05
4.4158e+05
4.5157e+05
4.616e+05
4.7164e+05
4.8171e+05
4.918e+05
5.0191e+05
5.1202e+05
5.2213e+05
5.3225e+05
5.4236e+05
5.5246e+05
5.6254e+05
5.7261e+05
5.8265e+05
5.9266e+05
6.0264e+05
6.1258e+05
6.2248e+05
6.3233e+05
6.4213e+05
6.5188e+05
6.6156e+05
6.7117e+05
6.8071e+05
6.9018e+05
6.9957e+05
7.0887e+05
7.1809e+05
7.2721e+05
7.3623e+05
7.4515e+05
7.5396e+05
7.6266e+05
7.7125e+05
7.7972e+05
7.8806e+05
7.9627e+05
8.0436e+05
8.123e+05
8.2011e+05
8.2777e+05
8.3529e+05
8.4266e+05
8.4987e+05
8.5692e+05
8.6381e+05
8.7054e+05
8.7709e+05
8.8348e+05
8.8969e+05
8.9573e+05
9.0158e+05
9.0725e+05
9.1274e+05
9.1804e+05
9.2314e+05
9.2805e+05
9.3277e+05
9.3729e+05
9.4161e+05
9.4573e+05
9.4964e+05
9.5335e+05
9.5685e+05
9.6014e+05
9.6322e+05
9.6609e+05
9.6875e+05
9.712e+05
9.7342e+05
9.7544e+05
9.7724e+05
9.7882e+05
9.8018e+05
9.8132e+05
9.8225e+05
9.8296e+05
9.8345e+05
9.8372e+05
9.8378e+05
9.8361e+05
9.8323e+05
9.8264e+05
9.8182e+05
9.8079e+05
9.7955e+05
9.7809e+05
9.7642e+05
9.7454e+05
9.7246e+05
9.7016e+05
9.6765e+05
9.6494e+05
9.6203e+05
9.5891e+05
9.556e+05
9.5208e+05
9.4838e+05
9.4447e+05
9.4038e+05
9.361e+05
9.3163e+05
9.2698e+05
9.2215e+05
9.1714e+05
9.1196e+05
9.066e+05
9.0107e+05
8.9538e+05
8.8953e+05
8.8351e+05
8.7734e+05
8.7101e+05
8.6454e+05
8.5792e+05
8.5115e+05
8.4425e+05
8.3721e+05
8.3004e+05
8.2274e+05
8.1532e+05
8.0778e+05
8.0012e+05
7.9235e+05
7.8446e+05
7.7648e+05
7.6839e+05
7.6021e+05
7.5193e+05
7.4357e+05
7.3512e+05
7.2659e+05
7.1798e+05
7.093e+05
7.0056e+05
6.9175e+05
6.8288e+05
6.7395e+05
6.6498e+05
6.5596e+05
6.4689e+05
6.3778e+05
6.2864e+05
6.1947e+05
6.1027e+05
6.0105e+05
5.9182e+05
5.8256e+05
5.733e+05
5.6403e+05
5.5476e+05
5.4548e+05
5.3622e+05
5.2696e+05
5.1772e+05
5.0849e+05
4.9928e+05
4.901e+05
4.8094e+05
4.7181e+05
4.6272e+05
4.5367e+05
4.4465e+05
4.3569e+05
4.2677e+05
4.179e+05
4.0908e+05
4.0032e+05
3.9163e+05
3.8299e+05
3.7442e+05
3.6592e+05
3.575e+05
3.4914e+05
3.4086e+05
3.3267e+05
3.2455e+05
3.1652e+05
3.0858e+05
3.0072e+05
2.9295e+05
2.8528e+05
2.777e+05
2.7022e+05
2.6284e+05
2.5556e+05
2.4838e+05
2.413e+05
2.3433e+05
2.2746e+05
2.2071e+05
2.1406e+05
2.0752e+05
2.011e+05
1.9478e+05
1.8858e+05
1.8249e+05
1.7652e+05
1.7067e+05
1.6493e+05
1.5931e+05
1.538e+05
1.4841e+05
1.4314e+05
1.3799e+05
1.3296e+05
1.2804e+05
1.2324e+05
1.1857e+05
1.1401e+05
1.0956e+05
1.0524e+05
1.0103e+05
96943
92970
89113
85370
81743
78230
74829
71541
68365
65298
62342
59493
56752
54117
51587
49160
46835
44612
42488
40461
38532
36697
34956
33307
31748
30278
28895
27597
26383
25250
24197
23223
22325
21501
20750
20070
19459
18915
18436
18020
17665
17370
17132
16950
16822
16745
16718
16739
16806
16917
17070
17263
17495
17763
18066
18402
18769
19165
19588
20037
20511
21006
21522
22056
22608
23176
23757
24351
24956
25570
26192
26820
27453
28090
28729
29369
30009
30646
31281
31912
32538
33157
33769
34372
34966
35549
36120
36680
37226
37758
38275
38776
39261
39729
40180
40612
41025
41418
41792
42145
42478
42789
43078
43346
43591
