68218
71383
74631
77959
81361
84834
88374
91976
95635
99347
1.0311e+05
1.0691e+05
1.1075e+05
1.1463e+05
1.1853e+05
1.2246e+05
1.264e+05
1.3036e+05
1.3433e+05
1.3831e+05
1.4228e+05
1.4624e+05
1.502e+05
1.5414e+05
1.5805e+05
1.6195e+05
1.6581e+05
1.6964e+05
1.7343e+05
1.7718e+05
1.8088e+05
1.8453e+05
1.8813e+05
1.9167e+05
1.9515e+05
1.9856e+05
2.019e+05
2.0517e+05
2.0836e+05
2.1148e+05
2.1452e+05
2.1748e+05
2.2035e+05
2.2313e+05
2.2583e+05
2.2843e+05
2.3094e+05
2.3336e+05
2.3569e+05
2.3792e+05
2.4006e+05
2.421e+05
2.4404e+05
2.4589e+05
2.4764e+05
2.4929e+05
2.5085e+05
2.5231e+05
2.5368e+05
2.5495e+05
2.5613e+05
2.5722e+05
2.5822e+05
2.5913e+05
2.5996e+05
2.607e+05
2.6136e+05
2.6193e+05
2.6243e+05
2.6285e+05
2.632e+05
2.6347e+05
2.6368e+05
2.6382e+05
2.6389e+05
2.6391e+05
2.6386e+05
2.6377e+05
2.6361e+05
2.6341e+05
2.6317e+05
2.6287e+05
2.6254e+05
2.6217e+05
2.6177e+05
2.6133e+05
2.6087e+05
2.6038e+05
2.5986e+05
2.5933e+05
2.5878e+05
2.5821e+05
2.5763e+05
2.5704e+05
2.5644e+05
2.5584e+05
2.5524e+05
2.5463e+05
2.5403e+05
2.5343e+05
2.5284e+05
2.5226e+05
2.5168e+05
2.5112e+05
2.5057e+05
2.5004e+05
2.4952e+05
2.4902e+05
2.4853e+05
2.4807e+05
2.4762e+05
2.472e+05
2.468e+05
2.4642e+05
2.4606e+05
2.4573e+05
2.4542e+05
2.4513e+05
2.4487e+05
2.4463e+05
2.4441e+05
2.4422e+05
2.4405e+05
2.4391e+05
2.4378e+05
2.4368e+05
2.436e+05
2.4354e+05
2.435e+05
2.4347e+05
2.4347e+05
2.4348e+05
2.4351e+05
2.4355e+05
2.436e+05
2.4367e+05
2.4375e+05
2.4384e+05
2.4394e+05
2.4405e+05
2.4416e+05
2.4428e+05
2.444e+05
2.4452e+05
2.4465e+05
2.4477e+05
2.449e+05
2.4502e+05
2.4514e+05
2.4525e+05
2.4535e+05
2.4545e+05
2.4554e+05
2.4562e+05
2.4569e+05
2.4574e+05
2.4578e+05
2.4581e+05
2.4582e+05
2.4582e+05
2.458e+05
2.4575e+05
2.4569e+05
2.4561e+05
2.4551e+05
2.4539e+05
2.4524e+05
2.4507e+05
2.4488e+05
2.4466e+05
2.4441e+05
2.4414e+05
2.4385e+05
2.4353e+05
2.4318e+05
2.428e+05
2.4239e+05
2.4196e+05
2.4149e+05
2.41e+05
2.4048e+05
2.3993e+05
2.3935e+05
2.3874e+05
2.3809e+05
2.3742e+05
2.3672e+05
2.3599e+05
2.3522e+05
2.3443e+05
2.336e+05
2.3274e+05
2.3185e+05
2.3093e+05
2.2998e+05
2.2899e+05
2.2798e+05
2.2693e+05
2.2585e+05
2.2474e+05
2.236e+05
2.2242e+05
2.2121e+05
2.1998e+05
2.187e+05
2.174e+05
2.1606e+05
2.147e+05
2.133e+05
2.1186e+05
2.104e+05
2.089e+05
2.0737e+05
2.0581e+05
2.0421e+05
2.0259e+05
2.0093e+05
1.9924e+05
1.9751e+05
1.9576e+05
1.9397e+05
1.9215e+05
1.9029e+05
1.8841e+05
1.8649e+05
1.8455e+05
1.8257e+05
1.8056e+05
1.7852e+05
1.7645e+05
1.7435e+05
1.7223e+05
1.7007e+05
1.6789e+05
1.6567e+05
1.6343e+05
1.6117e+05
1.5888e+05
1.5656e+05
1.5422e+05
1.5186e+05
1.4947e+05
1.4706e+05
1.4464e+05
1.4219e+05
1.3973e+05
1.3725e+05
1.3475e+05
1.3224e+05
1.2972e+05
1.2719e+05
1.2465e+05
1.221e+05
1.1954e+05
1.1698e+05
1.1442e+05
1.1185e+05
1.0928e+05
1.0672e+05
1.0416e+05
1.0161e+05
99068
96534
94012
91505
89014
86541
84089
81659
79253
76875
74524
72205
69918
67666
65451
63275
61139
59045
56996
54993
53037
51131
49276
47473
45724
44030
42393
40813
39291
37829
36428
35087
33808
32592
31438
30347
29319
28354
27451
26612
25835
25119
24465
23871
23337
22861
22443
22080
21772
21518
21314
21161
21055
20996
20980
21005
21070
21172
21308
21476
21673
21897
22144
22413
22699
23001
23315
23639
23969
24302
24636
24967
25294
25612
25918
26211
26487
26744
26980
27190
27374
27529
27652
27743
27797
27815
27794
27733
27631
27486
27297
27064
26786
26463
26094
25680
25221
24717
24169
23578
22946
22273
21562
20814
20031
19217
18372
17501
16607
15692
14760
13816
12863
11906
10949
9996.5
9053.9
8126.2
7218.8
6337.2
5487.1
4674.3
3905
3185.3
2521.5
1920.2
1387.9
931.4
557.42
272.88
84.728
0
25.757
169.1
437.13
836.99
1375.8
2060.6
2898.4
3896.2
5061
6399.6
7918.7
9624.9
11525
13624
15930
18448
21184
24143
27331
30753
34413
38318
42470
46874
51533
56452
61633
67079
72792
78775
85029
91556
98357
1.0543e+05
1.1278e+05
1.204e+05
1.283e+05
1.3647e+05
1.4491e+05
1.5362e+05
1.626e+05
1.7184e+05
1.8134e+05
1.911e+05
2.0111e+05
2.1137e+05
2.2188e+05
2.3262e+05
2.436e+05
2.5481e+05
2.6623e+05
2.7787e+05
2.8972e+05
3.0176e+05
3.14e+05
3.2642e+05
3.3901e+05
3.5177e+05
3.6468e+05
3.7774e+05
3.9094e+05
4.0425e+05
4.1769e+05
4.3122e+05
4.4485e+05
4.5856e+05
4.7233e+05
4.8617e+05
5.0005e+05
5.1396e+05
5.2789e+05
5.4183e+05
5.5576e+05
5.6968e+05
5.8356e+05
5.974e+05
6.1118e+05
6.2489e+05
6.3852e+05
6.5205e+05
6.6548e+05
6.7878e+05
6.9194e+05
7.0496e+05
7.1781e+05
7.3049e+05
7.4298e+05
7.5527e+05
7.6735e+05
7.7921e+05
7.9083e+05
8.0221e+05
8.1332e+05
8.2417e+05
8.3473e+05
8.4501e+05
8.5498e+05
8.6464e+05
8.7398e+05
8.8299e+05
8.9166e+05
8.9998e+05
9.0794e+05
9.1555e+05
9.2277e+05
9.2963e+05
9.3609e+05
9.4216e+05
9.4784e+05
9.5312e+05
9.5799e+05
9.6244e+05
9.6648e+05
9.7011e+05
9.7331e+05
9.7609e+05
9.7844e+05
9.8037e+05
9.8186e+05
9.8293e+05
9.8357e+05
9.8378e+05
9.8356e+05
9.8291e+05
9.8185e+05
9.8035e+05
9.7844e+05
9.7612e+05
9.7338e+05
9.7023e+05
9.6667e+05
9.6272e+05
9.5838e+05
9.5364e+05
9.4852e+05
9.4303e+05
9.3717e+05
9.3095e+05
9.2437e+05
9.1744e+05
9.1018e+05
9.0259e+05
8.9468e+05
8.8645e+05
8.7793e+05
8.6911e+05
8.6e+05
8.5063e+05
8.4099e+05
8.311e+05
8.2097e+05
8.106e+05
8.0002e+05
7.8922e+05
7.7823e+05
7.6705e+05
7.557e+05
7.4418e+05
7.3251e+05
7.2069e+05
7.0875e+05
6.9669e+05
6.8452e+05
6.7225e+05
6.599e+05
6.4748e+05
6.3499e+05
6.2245e+05
6.0988e+05
5.9727e+05
5.8464e+05
5.7201e+05
5.5938e+05
5.4676e+05
5.3417e+05
5.2161e+05
5.0909e+05
4.9662e+05
4.8421e+05
4.7188e+05
4.5962e+05
4.4745e+05
4.3538e+05
4.2341e+05
4.1156e+05
3.9982e+05
3.8822e+05
3.7674e+05
3.6541e+05
3.5422e+05
3.4319e+05
3.3232e+05
3.2161e+05
3.1107e+05
3.0071e+05
2.9053e+05
2.8053e+05
2.7072e+05
2.611e+05
2.5168e+05
2.4246e+05
2.3344e+05
2.2462e+05
2.1601e+05
2.0761e+05
1.9941e+05
1.9143e+05
1.8366e+05
1.7611e+05
1.6877e+05
1.6164e+05
1.5473e+05
1.4803e+05
1.4155e+05
1.3528e+05
1.2922e+05
1.2338e+05
1.1774e+05
1.1231e+05
1.0709e+05
1.0208e+05
97262
92649
88233
84012
79983
76144
72490
69019
65727
62612
59668
56892
54282
51831
49538
47397
45404
43556
41847
40274
38832
37517
36325
35251
34290
33439
32693
32048
31498
31040
30670
30384
30176
30043
29980
29984
30051
30176
30356
30586
30864
31184
31545
31942
32371
32830
33315
33823
34350
34895
35453
36023
36601
37184
37771
38359
38946
39529
40106
40676
41236
41784
42320
42840
43344
43831
44298
44745
45171
45574
45953
46309
46639
46943
47220
47471
47693
47888
48055
48192
48301
48381
48432
48454
48447
48411
48347
48254
48133
47983
47807
47603
47372
47115
46833
46525
46193
45837
45457
45055
44631
44186
43720
43235
42731
42208
41668
41112
40540
39953
39352
38737
38111
37472
36823
36164
35496
34820
34137
33446
32750
32050
31345
30636
29925
29212
28498
27783
