78546
81691
84919
88227
91612
95070
98596
1.0219e+05
1.0584e+05
1.0955e+05
1.133e+05
1.1711e+05
1.2096e+05
1.2484e+05
1.2876e+05
1.3271e+05
1.3669e+05
1.4068e+05
1.4468e+05
1.487e+05
1.5272e+05
1.5674e+05
1.6076e+05
1.6477e+05
1.6876e+05
1.7274e+05
1.7669e+05
1.8061e+05
1.8451e+05
1.8837e+05
1.9218e+05
1.9596e+05
1.9968e+05
2.0336e+05
2.0697e+05
2.1053e+05
2.1403e+05
2.1746e+05
2.2082e+05
2.2411e+05
2.2732e+05
2.3046e+05
2.3351e+05
2.3648e+05
2.3937e+05
2.4217e+05
2.4488e+05
2.4751e+05
2.5004e+05
2.5247e+05
2.5481e+05
2.5706e+05
2.5921e+05
2.6127e+05
2.6323e+05
2.6509e+05
2.6686e+05
2.6852e+05
2.701e+05
2.7157e+05
2.7295e+05
2.7424e+05
2.7543e+05
2.7653e+05
2.7754e+05
2.7846e+05
2.7929e+05
2.8003e+05
2.8069e+05
2.8127e+05
2.8177e+05
2.8219e+05
2.8253e+05
2.828e+05
2.83e+05
2.8312e+05
2.8319e+05
2.8318e+05
2.8312e+05
2.83e+05
2.8283e+05
2.826e+05
2.8232e+05
2.8199e+05
2.8163e+05
2.8122e+05
2.8077e+05
2.8029e+05
2.7977e+05
2.7923e+05
2.7866e+05
2.7806e+05
2.7745e+05
2.7682e+05
2.7617e+05
2.7551e+05
2.7484e+05
2.7416e+05
2.7347e+05
2.7279e+05
2.721e+05
2.7141e+05
2.7073e+05
2.7005e+05
2.6938e+05
2.6872e+05
2.6808e+05
2.6744e+05
2.6682e+05
2.6621e+05
2.6562e+05
2.6505e+05
2.645e+05
2.6397e+05
2.6346e+05
2.6297e+05
2.6251e+05
2.6207e+05
2.6165e+05
2.6126e+05
2.6089e+05
2.6055e+05
2.6023e+05
2.5993e+05
2.5966e+05
2.5941e+05
2.5919e+05
2.5899e+05
2.5882e+05
2.5866e+05
2.5853e+05
2.5842e+05
2.5833e+05
2.5826e+05
2.582e+05
2.5817e+05
2.5815e+05
2.5815e+05
2.5816e+05
2.5818e+05
2.5822e+05
2.5827e+05
2.5832e+05
2.5839e+05
2.5846e+05
2.5854e+05
2.5862e+05
2.587e+05
2.5878e+05
2.5887e+05
2.5895e+05
2.5903e+05
2.591e+05
2.5917e+05
2.5923e+05
2.5929e+05
2.5933e+05
2.5936e+05
2.5938e+05
2.5938e+05
2.5937e+05
2.5935e+05
2.593e+05
2.5924e+05
2.5915e+05
2.5904e+05
2.5892e+05
2.5876e+05
2.5858e+05
2.5838e+05
2.5815e+05
2.5789e+05
2.5761e+05
2.5729e+05
2.5694e+05
2.5656e+05
2.5615e+05
2.5571e+05
2.5524e+05
2.5473e+05
2.5418e+05
2.536e+05
2.5298e+05
2.5233e+05
2.5164e+05
2.5092e+05
2.5015e+05
2.4935e+05
2.4851e+05
2.4763e+05
2.4671e+05
2.4575e+05
2.4476e+05
2.4372e+05
2.4264e+05
2.4153e+05
2.4037e+05
2.3918e+05
2.3794e+05
2.3666e+05
2.3535e+05
2.3399e+05
2.3259e+05
2.3116e+05
2.2968e+05
2.2816e+05
2.2661e+05
2.2501e+05
2.2338e+05
2.217e+05
2.1999e+05
2.1824e+05
2.1646e+05
2.1463e+05
2.1277e+05
2.1087e+05
2.0893e+05
2.0696e+05
2.0496e+05
2.0292e+05
2.0084e+05
1.9873e+05
1.9659e+05
1.9442e+05
1.9221e+05
1.8998e+05
1.8771e+05
1.8542e+05
1.8309e+05
1.8074e+05
1.7837e+05
1.7596e+05
1.7354e+05
1.7109e+05
1.6862e+05
1.6612e+05
1.6361e+05
1.6108e+05
1.5853e+05
1.5597e+05
1.5339e+05
1.5079e+05
1.4819e+05
1.4557e+05
1.4295e+05
1.4032e+05
1.3768e+05
1.3504e+05
1.3239e+05
1.2975e+05
1.271e+05
1.2446e+05
1.2183e+05
1.1919e+05
1.1657e+05
1.1396e+05
1.1135e+05
1.0876e+05
1.0619e+05
1.0363e+05
1.0109e+05
98577
96083
93612
91168
88753
86367
84013
81693
79408
77160
74950
72781
70654
68570
66532
64539
62595
60699
58854
57060
55318
53630
51997
50419
48896
47431
46022
44672
43379
42144
40968
39851
38791
37790
36847
35961
35132
34359
33642
32980
32371
31815
31310
30855
30449
30090
29777
29507
29279
29092
28942
28829
28749
28701
28682
28690
28723
28777
28851
28942
29047
29164
29290
29423
29559
29696
29832
29963
30088
30203
30306
30396
30468
30522
30554
30563
30546
30502
30429
30324
30187
30016
29810
29567
29287
28968
28610
28213
27776
27299
26782
26226
25630
24996
24325
23617
22874
22098
21291
20453
19589
18699
17787
16857
15910
14950
13981
13007
12032
11059
10094
9141.6
8205.7
7291.8
6405.1
5551
4735
3962.9
3240.5
2573.9
1969.3
1432.8
970.9
590.06
296.85
97.928
0
9.8384
134.25
380.07
754.16
1263.3
1914.5
2714.3
3669.7
4787.3
6073.8
7535.6
9179.3
11011
13037
15264
17697
20342
23205
26291
29605
33151
36936
40962
45235
49758
54534
59567
64860
70415
76235
82321
88676
95300
1.0219e+05
1.0936e+05
1.168e+05
1.245e+05
1.3248e+05
1.4072e+05
1.4923e+05
1.5801e+05
1.6705e+05
1.7635e+05
1.8591e+05
1.9572e+05
2.0578e+05
2.1608e+05
2.2663e+05
2.3741e+05
2.4841e+05
2.5965e+05
2.7109e+05
2.8275e+05
2.9461e+05
3.0667e+05
3.1891e+05
3.3133e+05
3.4393e+05
3.5668e+05
3.6958e+05
3.8263e+05
3.958e+05
4.091e+05
4.2251e+05
4.3602e+05
4.4962e+05
4.633e+05
4.7704e+05
4.9083e+05
5.0467e+05
5.1854e+05
5.3242e+05
5.4631e+05
5.6019e+05
5.7405e+05
5.8788e+05
6.0166e+05
6.1538e+05
6.2902e+05
6.4259e+05
6.5605e+05
6.694e+05
6.8263e+05
6.9572e+05
7.0866e+05
7.2144e+05
7.3404e+05
7.4645e+05
7.5866e+05
7.7065e+05
7.8243e+05
7.9396e+05
8.0525e+05
8.1628e+05
8.2703e+05
8.375e+05
8.4769e+05
8.5756e+05
8.6713e+05
8.7637e+05
8.8528e+05
8.9385e+05
9.0208e+05
9.0994e+05
9.1744e+05
9.2457e+05
9.3132e+05
9.3768e+05
9.4365e+05
9.4922e+05
9.5439e+05
9.5915e+05
9.6351e+05
9.6744e+05
9.7096e+05
9.7405e+05
9.7673e+05
9.7897e+05
9.8079e+05
9.8218e+05
9.8314e+05
9.8367e+05
9.8378e+05
9.8345e+05
9.8271e+05
9.8153e+05
9.7994e+05
9.7793e+05
9.755e+05
9.7266e+05
9.6942e+05
9.6577e+05
9.6172e+05
9.5729e+05
9.5246e+05
9.4726e+05
9.4168e+05
9.3574e+05
9.2944e+05
9.2279e+05
9.1579e+05
9.0847e+05
9.0081e+05
8.9284e+05
8.8456e+05
8.7598e+05
8.6712e+05
8.5797e+05
8.4856e+05
8.3889e+05
8.2897e+05
8.1882e+05
8.0844e+05
7.9785e+05
7.8706e+05
7.7607e+05
7.649e+05
7.5357e+05
7.4208e+05
7.3044e+05
7.1866e+05
7.0677e+05
6.9476e+05
6.8266e+05
6.7046e+05
6.5819e+05
6.4585e+05
6.3346e+05
6.2103e+05
6.0857e+05
5.9608e+05
5.8359e+05
5.7109e+05
5.5861e+05
5.4615e+05
5.3372e+05
5.2133e+05
5.0899e+05
4.9671e+05
4.8451e+05
4.7238e+05
4.6034e+05
4.4839e+05
4.3655e+05
4.2482e+05
4.1322e+05
4.0174e+05
3.9039e+05
3.7919e+05
3.6813e+05
3.5723e+05
3.4648e+05
3.359e+05
3.255e+05
3.1527e+05
3.0522e+05
2.9535e+05
2.8567e+05
2.7619e+05
2.669e+05
2.5781e+05
2.4892e+05
2.4023e+05
2.3176e+05
2.2349e+05
2.1543e+05
2.0758e+05
1.9994e+05
1.9252e+05
1.8531e+05
1.7831e+05
1.7152e+05
1.6495e+05
1.5859e+05
1.5244e+05
1.465e+05
1.4077e+05
1.3525e+05
1.2993e+05
1.2482e+05
1.1991e+05
1.1519e+05
1.1068e+05
1.0635e+05
1.0222e+05
98271
94509
90927
87523
84292
81230
78335
75602
73027
70606
68334
66208
64223
62374
60658
59070
57605
56260
55028
53907
52892
51978
51161
50436
49799
49246
48772
48373
48046
47786
47588
47450
47367
47334
47350
47409
47509
47646
47816
48017
48244
48496
48769
49060
49366
49685
50015
50352
50694
51040
51387
51733
52076
52415
52747
53071
53386
53690
53981
54260
54524
54772
55004
55219
55415
55593
55752
55890
56009
56107
56184
56239
56274
56287
56279
56249
56197
56125
56031
55917
55782
55627
55451
55256
55042
54809
54558
54289
54002
53699
53379
53043
52693
52328
51948
51556
51150
50732
50303
49862
49411
48950
48480
48002
47515
47021
46519
46012
45498
44980
44456
43928
43397
42862
42324
41784
41242
40698
40153
39608
39062
38516
37971
37426
36882
36340
35799
35260
34723
