84748
88123
91751
95629
99755
1.0413e+05
1.0873e+05
1.1358e+05
1.1865e+05
1.2394e+05
1.2943e+05
1.3513e+05
1.4102e+05
1.4709e+05
1.5332e+05
1.5971e+05
1.6624e+05
1.7289e+05
1.7966e+05
1.8652e+05
1.9346e+05
2.0046e+05
2.0751e+05
2.1459e+05
2.2168e+05
2.2877e+05
2.3584e+05
2.4286e+05
2.4983e+05
2.5673e+05
2.6353e+05
2.7022e+05
2.7679e+05
2.8321e+05
2.8947e+05
2.9556e+05
3.0145e+05
3.0715e+05
3.1262e+05
3.1785e+05
3.2284e+05
3.2758e+05
3.3204e+05
3.3621e+05
3.401e+05
3.4369e+05
3.4696e+05
3.4992e+05
3.5256e+05
3.5487e+05
3.5684e+05
3.5847e+05
3.5977e+05
3.6071e+05
3.6132e+05
3.6158e+05
3.6149e+05
3.6106e+05
3.6029e+05
3.5919e+05
3.5775e+05
3.5598e+05
3.5388e+05
3.5147e+05
3.4875e+05
3.4573e+05
3.4242e+05
3.3882e+05
3.3494e+05
3.308e+05
3.264e+05
3.2176e+05
3.1688e+05
3.1179e+05
3.0649e+05
3.0099e+05
2.9531e+05
2.8946e+05
2.8345e+05
2.7729e+05
2.7101e+05
2.6461e+05
2.581e+05
2.5151e+05
2.4483e+05
2.381e+05
2.3131e+05
2.2448e+05
2.1763e+05
2.1077e+05
2.0391e+05
1.9706e+05
1.9023e+05
1.8344e+05
1.767e+05
1.7002e+05
1.6341e+05
1.5687e+05
1.5043e+05
1.4408e+05
1.3785e+05
1.3173e+05
1.2574e+05
1.1988e+05
1.1417e+05
1.086e+05
1.0319e+05
97944
92868
87967
83247
78714
74371
70223
66275
62529
58990
55660
52542
49638
46950
44480
42230
40199
38389
36800
35433
34286
33360
32653
32164
31893
31836
31992
32358
32932
33711
34692
35870
37243
38805
40552
42481
44584
46858
49297
51894
54644
57540
60575
63744
67037
70449
73972
77597
81318
85125
89011
92967
96985
1.0106e+05
1.0517e+05
1.0932e+05
1.135e+05
1.177e+05
1.219e+05
1.2611e+05
1.3031e+05
1.3449e+05
1.3865e+05
1.4277e+05
1.4685e+05
1.5088e+05
1.5486e+05
1.5876e+05
1.626e+05
1.6635e+05
1.7002e+05
1.736e+05
1.7707e+05
1.8044e+05
1.8369e+05
1.8683e+05
1.8985e+05
1.9273e+05
1.9549e+05
1.9811e+05
2.006e+05
2.0294e+05
2.0514e+05
2.0719e+05
2.0909e+05
2.1085e+05
2.1245e+05
2.139e+05
2.1519e+05
2.1634e+05
2.1733e+05
2.1817e+05
2.1886e+05
2.194e+05
2.1979e+05
2.2004e+05
2.2014e+05
2.201e+05
2.1992e+05
2.1961e+05
2.1916e+05
2.1858e+05
2.1787e+05
2.1704e+05
2.1608e+05
2.1501e+05
2.1383e+05
2.1253e+05
2.1112e+05
2.0961e+05
2.08e+05
2.063e+05
2.045e+05
2.0261e+05
2.0063e+05
1.9857e+05
1.9642e+05
1.942e+05
1.9191e+05
1.8954e+05
1.871e+05
1.846e+05
1.8203e+05
1.794e+05
1.7671e+05
1.7397e+05
1.7117e+05
1.6832e+05
1.6542e+05
1.6248e+05
1.5949e+05
1.5645e+05
1.5338e+05
1.5026e+05
1.4711e+05
1.4392e+05
1.4071e+05
1.3746e+05
1.3419e+05
1.3089e+05
1.2757e+05
1.2422e+05
1.2087e+05
1.1749e+05
1.1411e+05
1.1072e+05
1.0732e+05
1.0393e+05
1.0053e+05
97143
93763
90396
87046
83717
80413
77137
73895
70691
67528
64411
61344
58332
55378
52486
49661
46906
44225
41621
39098
36659
34307
32045
29874
27797
25816
23932
22147
20461
18874
17388
16001
14712
13522
12429
11430
10524
9708.9
8981.2
8338.1
7776.2
7291.9
6881.3
6540.2
6264.2
6048.8
5889.2
5780.6
5718
5696.3
5710.6
5755.7
5826.6
5918.3
6025.9
6144.7
6270.2
6397.8
6523.6
6643.5
6753.9
6851.6
6933.6
6997.3
7040.4
7061.1
7058
7030
6976.6
6897.5
6793.1
6664
6511.4
6336.7
6141.9
5929.3
5701.6
5461.8
5213.2
4959.4
4704.4
4452.3
4207.3
3973.9
3756.7
3560.3
3389.4
3248.7
3142.7
3075.9
3052.7
3077.2
3153.4
3284.9
3475
3726.7
4042.5
4424.6
4874.6
5393.7
5982.6
6641.3
7369.4
8165.8
9029
9956.6
10946
11993
13095
14247
15442
16677
17944
19237
20549
21872
23198
24519
25826
27111
28365
29579
30744
31851
32891
33856
34737
35526
36215
36798
37267
37617
37842
37937
37900
37726
37415
36964
36375
35648
34785
33790
32668
31424
30065
28600
27039
25391
23670
21888
20059
18200
16327
14458
12611
10807
9066.2
7409.8
5860.3
4440.8
3174.7
2086.1
1199.6
539.72
131.52
0
170.16
666.85
1514.7
2737.9
4360.2
6404.7
8894
11849
15292
19241
23715
28731
34304
40450
47181
54508
62440
70986
80150
89937
1.0035e+05
1.1138e+05
1.2304e+05
1.3532e+05
1.482e+05
1.6169e+05
1.7578e+05
1.9044e+05
2.0567e+05
2.2144e+05
2.3774e+05
2.5455e+05
2.7185e+05
2.896e+05
3.0779e+05
3.2639e+05
3.4535e+05
3.6467e+05
3.8429e+05
4.0418e+05
4.2432e+05
4.4465e+05
4.6515e+05
4.8578e+05
5.0649e+05
5.2724e+05
5.4799e+05
5.6871e+05
5.8934e+05
6.0984e+05
6.3018e+05
6.5031e+05
6.7019e+05
6.8978e+05
7.0902e+05
7.279e+05
7.4636e+05
7.6436e+05
7.8187e+05
7.9885e+05
8.1526e+05
8.3107e+05
8.4625e+05
8.6076e+05
8.7458e+05
8.8767e+05
9.0002e+05
9.1158e+05
9.2235e+05
9.323e+05
9.4141e+05
9.4967e+05
9.5705e+05
9.6356e+05
9.6917e+05
9.7388e+05
9.7768e+05
9.8057e+05
9.8255e+05
9.8362e+05
9.8378e+05
9.8303e+05
9.8138e+05
9.7885e+05
9.7543e+05
9.7115e+05
9.6601e+05
9.6004e+05
9.5325e+05
9.4566e+05
9.373e+05
9.2818e+05
9.1833e+05
9.0777e+05
8.9654e+05
8.8465e+05
8.7214e+05
8.5905e+05
8.4539e+05
8.312e+05
8.1651e+05
8.0136e+05
7.8578e+05
7.6979e+05
7.5345e+05
7.3677e+05
7.198e+05
7.0256e+05
6.851e+05
6.6744e+05
6.4962e+05
6.3168e+05
6.1363e+05
5.9553e+05
5.7739e+05
5.5926e+05
5.4115e+05
5.231e+05
5.0515e+05
4.873e+05
4.696e+05
4.5207e+05
4.3473e+05
4.1761e+05
4.0073e+05
3.8411e+05
3.6777e+05
3.5173e+05
3.3601e+05
3.2062e+05
3.0558e+05
2.9091e+05
2.7661e+05
2.627e+05
2.492e+05
2.361e+05
2.2341e+05
2.1115e+05
1.9932e+05
1.8792e+05
1.7696e+05
1.6644e+05
1.5635e+05
1.4671e+05
1.375e+05
1.2873e+05
1.2039e+05
1.1248e+05
1.0499e+05
97928
91273
85022
79167
73701
68612
63892
59529
55514
51833
48476
45430
42683
40222
38034
36105
34423
32973
31743
30719
29888
29236
28749
28416
28222
28156
28204
28355
28596
28916
29305
29750
30242
30770
31326
31900
32482
33067
33644
34208
34752
35270
35756
36204
36611
36972
37284
37544
37749
37897
37986
38016
37985
37894
37742
37530
37260
36932
36547
36109
35619
35080
34495
33866
33197
32491
31752
30984
30189
29373
28540
27692
26834
25971
25106
24242
23385
22537
21702
20884
20086
19311
18562
17842
17154
16500
15883
15303
14764
14266
13811
13400
13033
12711
12435
12204
12018
11877
11780
11726
11714
11743
11811
11917
12058
12234
12441
12677
12941
13229
13539
13868
14214
14574
14945
15325
15710
16099
16487
16873
17254
17628
17991
18342
18679
18999
19300
19581
19840
20074
20284
20467
20622
20749
20847
20915
20952
20959
20936
20881
20797
20682
20538
20365
20164
19936
19681
19402
19099
18774
18429
18063
17680
17281
16868
16442
16005
15559
15105
14646
14183
13717
13251
12787
12325
11867
11415
10970
10533
10106
9690.1
