9.8378e+05
9.8051e+05
9.7718e+05
9.7377e+05
9.7029e+05
9.6673e+05
9.6311e+05
9.5941e+05
9.5565e+05
9.5182e+05
9.4793e+05
9.4397e+05
9.3995e+05
9.3586e+05
9.3172e+05
9.2751e+05
9.2325e+05
9.1892e+05
9.1454e+05
9.1011e+05
9.0561e+05
9.0107e+05
8.9647e+05
8.9183e+05
8.8713e+05
8.8238e+05
8.7759e+05
8.7275e+05
8.6786e+05
8.6293e+05
8.5796e+05
8.5295e+05
8.4789e+05
8.4279e+05
8.3766e+05
8.3249e+05
8.2728e+05
8.2204e+05
8.1676e+05
8.1145e+05
8.0611e+05
8.0073e+05
7.9533e+05
7.899e+05
7.8444e+05
7.7896e+05
7.7345e+05
7.6791e+05
7.6235e+05
7.5677e+05
7.5117e+05
7.4555e+05
7.3992e+05
7.3426e+05
7.2859e+05
7.229e+05
7.1719e+05
7.1148e+05
7.0575e+05
7.0001e+05
6.9426e+05
6.885e+05
6.8273e+05
6.7695e+05
6.7117e+05
6.6538e+05
6.5959e+05
6.5379e+05
6.4799e+05
6.4219e+05
6.3639e+05
6.3059e+05
6.2479e+05
6.19e+05
6.132e+05
6.0741e+05
6.0163e+05
5.9585e+05
5.9008e+05
5.8431e+05
5.7855e+05
5.7281e+05
5.6707e+05
5.6134e+05
5.5563e+05
5.4993e+05
5.4424e+05
5.3857e+05
5.3291e+05
5.2726e+05
5.2164e+05
5.1603e+05
5.1044e+05
5.0487e+05
4.9932e+05
4.9378e+05
4.8827e+05
4.8278e+05
4.7732e+05
4.7188e+05
4.6646e+05
4.6106e+05
4.5569e+05
4.5035e+05
4.4503e+05
4.3974e+05
4.3448e+05
4.2925e+05
4.2405e+05
4.1887e+05
4.1373e+05
4.0862e+05
4.0353e+05
3.9848e+05
3.9347e+05
3.8848e+05
3.8353e+05
3.7862e+05
3.7374e+05
3.6889e+05
3.6408e+05
3.593e+05
3.5456e+05
3.4986e+05
3.452e+05
3.4057e+05
3.3599e+05
3.3144e+05
3.2693e+05
3.2246e+05
3.1803e+05
3.1364e+05
3.0929e+05
3.0498e+05
3.0072e+05
2.9649e+05
2.9231e+05
2.8817e+05
2.8407e+05
2.8002e+05
2.7601e+05
2.7204e+05
2.6812e+05
2.6424e+05
2.6041e+05
2.5662e+05
2.5287e+05
2.4917e+05
2.4552e+05
2.4191e+05
2.3835e+05
2.3483e+05
2.3136e+05
2.2794e+05
2.2456e+05
2.2123e+05
2.1795e+05
2.1471e+05
2.1152e+05
2.0838e+05
2.0528e+05
2.0223e+05
1.9923e+05
1.9628e+05
1.9338e+05
1.9052e+05
1.8771e+05
1.8495e+05
1.8224e+05
1.7958e+05
1.7696e+05
1.7439e+05
1.7187e+05
1.694e+05
1.6697e+05
1.646e+05
1.6227e+05
1.5999e+05
1.5776e+05
1.5557e+05
1.5344e+05
1.5135e+05
1.4931e+05
1.4732e+05
1.4537e+05
1.4348e+05
1.4163e+05
1.3983e+05
1.3807e+05
1.3636e+05
1.347e+05
1.3309e+05
1.3153e+05
1.3001e+05
1.2853e+05
1.2711e+05
1.2573e+05
1.2439e+05
1.2311e+05
1.2186e+05
1.2067e+05
1.1952e+05
1.1841e+05
1.1735e+05
1.1634e+05
1.1537e+05
1.1444e+05
1.1356e+05
1.1272e+05
1.1193e+05
1.1118e+05
1.1047e+05
1.098e+05
1.0918e+05
1.086e+05
1.0807e+05
1.0757e+05
1.0712e+05
1.0671e+05
1.0634e+05
1.0601e+05
1.0573e+05
1.0548e+05
1.0527e+05
1.051e+05
1.0498e+05
1.0489e+05
1.0484e+05
1.0483e+05
1.0485e+05
1.0492e+05
1.0502e+05
1.0516e+05
1.0534e+05
1.0555e+05
1.0581e+05
1.0609e+05
1.0641e+05
1.0677e+05
1.0716e+05
1.0759e+05
1.0805e+05
1.0855e+05
1.0908e+05
1.0964e+05
1.1023e+05
1.1086e+05
1.1152e+05
1.1221e+05
1.1294e+05
1.1369e+05
1.1447e+05
1.1529e+05
1.1613e+05
1.1701e+05
1.1791e+05
1.1884e+05
1.198e+05
1.2079e+05
1.218e+05
1.2285e+05
1.2392e+05
1.2501e+05
1.2613e+05
1.2728e+05
1.2845e+05
1.2965e+05
1.3087e+05
1.3212e+05
1.3339e+05
1.3468e+05
1.3599e+05
1.3733e+05
1.3869e+05
1.4007e+05
1.4147e+05
1.4289e+05
1.4434e+05
1.458e+05
1.4728e+05
1.4878e+05
1.503e+05
1.5184e+05
1.534e+05
1.5497e+05
1.5656e+05
1.5817e+05
1.5979e+05
1.6143e+05
1.6309e+05
1.6476e+05
1.6644e+05
1.6814e+05
1.6985e+05
1.7158e+05
1.7332e+05
1.7507e+05
1.7683e+05
1.7861e+05
1.8039e+05
1.8219e+05
1.84e+05
1.8582e+05
1.8765e+05
1.8948e+05
1.9133e+05
1.9319e+05
1.9505e+05
1.9692e+05
1.988e+05
2.0069e+05
2.0258e+05
2.0448e+05
2.0638e+05
2.0829e+05
2.1021e+05
2.1213e+05
2.1405e+05
2.1598e+05
2.1791e+05
2.1985e+05
2.2179e+05
2.2373e+05
2.2567e+05
2.2761e+05
2.2956e+05
2.3151e+05
2.3346e+05
2.354e+05
2.3735e+05
2.393e+05
2.4125e+05
2.4319e+05
2.4514e+05
2.4708e+05
2.4902e+05
2.5096e+05
2.5289e+05
2.5483e+05
2.5676e+05
2.5868e+05
2.606e+05
2.6252e+05
2.6443e+05
2.6634e+05
2.6824e+05
2.7014e+05
2.7203e+05
2.7391e+05
2.7579e+05
2.7766e+05
2.7952e+05
2.8137e+05
2.8322e+05
2.8506e+05
2.8689e+05
2.8871e+05
2.9053e+05
2.9233e+05
2.9413e+05
2.9591e+05
2.9768e+05
2.9945e+05
3.012e+05
3.0295e+05
3.0468e+05
3.064e+05
3.0811e+05
3.098e+05
3.1149e+05
3.1316e+05
3.1482e+05
3.1646e+05
3.181e+05
3.1972e+05
3.2132e+05
3.2292e+05
3.245e+05
3.2606e+05
3.2761e+05
3.2914e+05
3.3066e+05
3.3217e+05
3.3366e+05
3.3513e+05
3.3659e+05
3.3803e+05
3.3946e+05
3.4087e+05
3.4226e+05
3.4364e+05
3.45e+05
3.4634e+05
3.4767e+05
3.4898e+05
3.5027e+05
3.5154e+05
3.528e+05
3.5404e+05
3.5525e+05
3.5646e+05
3.5764e+05
3.588e+05
3.5995e+05
3.6107e+05
3.6218e+05
3.6327e+05
3.6433e+05
3.6538e+05
3.6641e+05
3.6742e+05
3.6841e+05
3.6938e+05
3.7033e+05
3.7126e+05
3.7217e+05
3.7306e+05
3.7393e+05
3.7478e+05
3.7561e+05
3.7641e+05
3.772e+05
3.7797e+05
3.7871e+05
3.7943e+05
3.8014e+05
3.8082e+05
3.8148e+05
3.8212e+05
3.8273e+05
3.8333e+05
3.8391e+05
3.8446e+05
3.8499e+05
3.855e+05
3.8599e+05
3.8646e+05
3.869e+05
3.8732e+05
3.8773e+05
3.8811e+05
3.8846e+05
3.888e+05
3.8912e+05
3.8941e+05
3.8968e+05
3.8993e+05
3.9015e+05
3.9036e+05
3.9054e+05
3.907e+05
3.9084e+05
3.9096e+05
3.9106e+05
3.9113e+05
3.9118e+05
3.9121e+05
3.9122e+05
3.9121e+05
3.9117e+05
3.9112e+05
3.9104e+05
3.9094e+05
3.9082e+05
3.9067e+05
3.9051e+05
3.9032e+05
3.9012e+05
3.8989e+05
3.8964e+05
3.8937e+05
3.8908e+05
3.8876e+05
3.8843e+05
3.8807e+05
3.877e+05
3.873e+05
3.8688e+05
3.8644e+05
3.8598e+05
3.855e+05
3.85e+05
3.8448e+05
3.8394e+05
3.8338e+05
3.828e+05
3.822e+05
3.8158e+05
3.8093e+05
3.8027e+05
3.7959e+05
3.7889e+05
3.7817e+05
3.7744e+05
3.7668e+05
3.759e+05
3.7511e+05
3.7429e+05
3.7346e+05
3.7261e+05
3.7174e+05
3.7085e+05
3.6994e+05
3.6902e+05
3.6807e+05
3.6711e+05
3.6613e+05
3.6514e+05
3.6412e+05
3.6309e+05
3.6204e+05
3.6098e+05
3.599e+05
3.588e+05
3.5768e+05
3.5655e+05
3.554e+05
3.5424e+05
3.5306e+05
3.5186e+05
3.5065e+05
3.4942e+05
3.4818e+05
3.4692e+05
3.4565e+05
3.4436e+05
3.4306e+05
3.4174e+05
3.4041e+05
3.3906e+05
3.377e+05
3.3633e+05
3.3494e+05
3.3354e+05
3.3212e+05
3.307e+05
3.2926e+05
3.278e+05
3.2633e+05
3.2485e+05
3.2336e+05
3.2186e+05
3.2034e+05
3.1881e+05
3.1727e+05
3.1572e+05
3.1416e+05
3.1258e+05
3.11e+05
3.094e+05
3.078e+05
3.0618e+05
3.0455e+05
3.0291e+05
3.0127e+05
2.9961e+05
2.9794e+05
2.9627e+05
2.9458e+05
2.9289e+05
2.9118e+05
2.8947e+05
2.8775e+05
2.8602e+05
2.8429e+05
2.8254e+05
2.8079e+05
2.7903e+05
2.7727e+05
2.7549e+05
2.7371e+05
2.7192e+05
2.7013e+05
2.6833e+05
2.6652e+05
2.6471e+05
2.6289e+05
2.6106e+05
2.5923e+05
2.574e+05
2.5556e+05
2.5371e+05
2.5186e+05
2.5001e+05
2.4815e+05
2.4628e+05
2.4442e+05
2.4255e+05
2.4067e+05
2.3879e+05
2.3691e+05
2.3503e+05
2.3314e+05
2.3125e+05
2.2936e+05
2.2746e+05
2.2556e+05
2.2366e+05
2.2176e+05
2.1986e+05
2.1795e+05
2.1605e+05
2.1414e+05
2.1223e+05
2.1032e+05
2.0841e+05
2.065e+05
2.0459e+05
2.0268e+05
2.0077e+05
1.9886e+05
1.9695e+05
1.9505e+05
1.9314e+05
1.9123e+05
1.8932e+05
1.8742e+05
1.8551e+05
1.8361e+05
1.8171e+05
1.7981e+05
1.7792e+05
1.7602e+05
1.7413e+05
1.7224e+05
1.7035e+05
1.6847e+05
1.6659e+05
1.6471e+05
1.6283e+05
1.6096e+05
1.5909e+05
1.5723e+05
1.5537e+05
1.5351e+05
1.5166e+05
1.4981e+05
1.4797e+05
1.4613e+05
1.4429e+05
1.4246e+05
1.4064e+05
1.3882e+05
1.37e+05
1.3519e+05
1.3339e+05
1.3159e+05
1.298e+05
1.2801e+05
1.2623e+05
1.2446e+05
1.2269e+05
1.2093e+05
1.1917e+05
1.1742e+05
1.1568e+05
1.1395e+05
1.1222e+05
1.105e+05
1.0878e+05
1.0708e+05
1.0538e+05
1.0368e+05
1.02e+05
1.0032e+05
98653
96992
95339
93694
92057
90428
88807
87195
85592
83997
82411
80834
79265
77706
76156
74614
73082
71559
70046
68542
67047
65562
64087
62621
61165
59719
58283
56857
55441
54035
52638
51253
49877
48512
47156
45812
44477
43154
41840
40538
39245
37964
36693
35433
34183
32945
31717
30500
29294
28098
26914
25741
24578
23427
22286
21157
20038
18931
17834
16749
15675
14612
13560
12519
11489
10471
9463.3
8466.9
7481.7
6507.6
5544.6
4592.7
3652
2722.3
1803.8
896.36
0
