1.9875e+05
2.0377e+05
2.0877e+05
2.1375e+05
2.1869e+05
2.2359e+05
2.2846e+05
2.3327e+05
2.3802e+05
2.4272e+05
2.4734e+05
2.519e+05
2.5638e+05
2.6078e+05
2.651e+05
2.6933e+05
2.7346e+05
2.7749e+05
2.8143e+05
2.8526e+05
2.8898e+05
2.9259e+05
2.9609e+05
2.9947e+05
3.0274e+05
3.0588e+05
3.0891e+05
3.1181e+05
3.1459e+05
3.1724e+05
3.1977e+05
3.2217e+05
3.2445e+05
3.266e+05
3.2862e+05
3.3052e+05
3.3229e+05
3.3394e+05
3.3547e+05
3.3688e+05
3.3817e+05
3.3934e+05
3.404e+05
3.4134e+05
3.4218e+05
3.429e+05
3.4353e+05
3.4405e+05
3.4447e+05
3.448e+05
3.4504e+05
3.4519e+05
3.4525e+05
3.4524e+05
3.4515e+05
3.4499e+05
3.4476e+05
3.4447e+05
3.4412e+05
3.4372e+05
3.4326e+05
3.4277e+05
3.4223e+05
3.4165e+05
3.4105e+05
3.4042e+05
3.3977e+05
3.391e+05
3.3842e+05
3.3773e+05
3.3704e+05
3.3635e+05
3.3566e+05
3.3499e+05
3.3433e+05
3.3369e+05
3.3307e+05
3.3249e+05
3.3193e+05
3.314e+05
3.3092e+05
3.3048e+05
3.3008e+05
3.2974e+05
3.2944e+05
3.2921e+05
3.2903e+05
3.2891e+05
3.2885e+05
3.2886e+05
3.2894e+05
3.2908e+05
3.293e+05
3.2959e+05
3.2996e+05
3.304e+05
3.3092e+05
3.3151e+05
3.3219e+05
3.3294e+05
3.3377e+05
3.3468e+05
3.3567e+05
3.3674e+05
3.3788e+05
3.391e+05
3.404e+05
3.4177e+05
3.4322e+05
3.4474e+05
3.4632e+05
3.4798e+05
3.497e+05
3.5149e+05
3.5334e+05
3.5525e+05
3.5721e+05
3.5923e+05
3.6131e+05
3.6342e+05
3.6559e+05
3.6779e+05
3.7004e+05
3.7231e+05
3.7462e+05
3.7696e+05
3.7932e+05
3.817e+05
3.841e+05
3.8651e+05
3.8892e+05
3.9134e+05
3.9376e+05
3.9618e+05
3.9859e+05
4.0098e+05
4.0336e+05
4.0572e+05
4.0805e+05
4.1035e+05
4.1262e+05
4.1485e+05
4.1704e+05
4.1919e+05
4.2129e+05
4.2333e+05
4.2532e+05
4.2725e+05
4.2911e+05
4.3091e+05
4.3264e+05
4.3429e+05
4.3587e+05
4.3736e+05
4.3877e+05
4.401e+05
4.4134e+05
4.4249e+05
4.4354e+05
4.445e+05
4.4536e+05
4.4612e+05
4.4678e+05
4.4733e+05
4.4778e+05
4.4813e+05
4.4837e+05
4.4849e+05
4.4851e+05
4.4842e+05
4.4822e+05
4.4791e+05
4.4749e+05
4.4695e+05
4.4631e+05
4.4555e+05
4.4469e+05
4.4371e+05
4.4263e+05
4.4143e+05
4.4013e+05
4.3873e+05
4.3722e+05
4.356e+05
4.3389e+05
4.3207e+05
4.3016e+05
4.2815e+05
4.2604e+05
4.2384e+05
4.2156e+05
4.1918e+05
4.1673e+05
4.1419e+05
4.1157e+05
4.0887e+05
4.061e+05
4.0326e+05
4.0035e+05
3.9738e+05
3.9434e+05
3.9125e+05
3.881e+05
3.8489e+05
3.8164e+05
3.7834e+05
3.75e+05
3.7162e+05
3.6821e+05
3.6476e+05
3.6128e+05
3.5778e+05
3.5425e+05
3.507e+05
3.4714e+05
3.4356e+05
3.3997e+05
3.3637e+05
3.3277e+05
3.2917e+05
3.2557e+05
3.2197e+05
3.1838e+05
3.148e+05
3.1124e+05
3.0768e+05
3.0414e+05
3.0063e+05
2.9713e+05
2.9366e+05
2.9021e+05
2.8679e+05
2.834e+05
2.8004e+05
2.7671e+05
2.7342e+05
2.7016e+05
2.6693e+05
2.6375e+05
2.606e+05
2.575e+05
2.5443e+05
2.5141e+05
2.4842e+05
2.4548e+05
2.4258e+05
2.3972e+05
2.3691e+05
2.3413e+05
2.314e+05
2.2871e+05
2.2607e+05
2.2346e+05
2.209e+05
2.1837e+05
2.1589e+05
2.1344e+05
2.1103e+05
2.0866e+05
2.0632e+05
2.0402e+05
2.0175e+05
1.9951e+05
1.973e+05
1.9512e+05
1.9296e+05
1.9084e+05
1.8873e+05
1.8665e+05
1.846e+05
1.8255e+05
1.8053e+05
1.7852e+05
1.7653e+05
1.7455e+05
1.7258e+05
1.7062e+05
1.6866e+05
1.6671e+05
1.6476e+05
1.6281e+05
1.6086e+05
1.5891e+05
1.5696e+05
1.55e+05
1.5304e+05
1.5106e+05
1.4908e+05
1.4708e+05
1.4507e+05
1.4305e+05
1.4101e+05
1.3895e+05
1.3688e+05
1.3479e+05
1.3267e+05
1.3054e+05
1.2839e+05
1.2622e+05
1.2402e+05
1.218e+05
1.1956e+05
1.1729e+05
1.15e+05
1.1269e+05
1.1035e+05
1.08e+05
1.0562e+05
1.0321e+05
1.0079e+05
98348
95885
93403
90903
88388
85858
83314
80759
78193
75620
73041
70458
67873
65289
62708
60132
57565
55010
52468
49944
47440
44959
42505
40082
37691
35338
33026
30758
28539
26371
24259
22207
20219
18298
16450
14677
12984
11376
9855.6
8427.8
7096.5
5866
4740.4
3723.7
2820.2
2033.8
1368.7
828.77
418.09
140.55
0
0.25463
145.05
438.05
882.84
1482.9
2241.8
3162.6
4248.7
5503.3
6929.2
8529.4
10307
12264
14403
16727
19238
21938
24829
27913
31191
34665
38337
42207
46277
50548
55019
59693
64568
69646
74925
80407
86090
91975
98060
1.0434e+05
1.1083e+05
1.1751e+05
1.2438e+05
1.3145e+05
1.3871e+05
1.4616e+05
1.538e+05
1.6162e+05
1.6963e+05
1.7782e+05
1.8618e+05
1.9472e+05
2.0342e+05
2.123e+05
2.2134e+05
2.3053e+05
2.3989e+05
2.4939e+05
2.5904e+05
2.6884e+05
2.7877e+05
2.8884e+05
2.9903e+05
3.0935e+05
3.1978e+05
3.3033e+05
3.4098e+05
3.5174e+05
3.6259e+05
3.7353e+05
3.8456e+05
3.9566e+05
4.0684e+05
4.1808e+05
4.2938e+05
4.4073e+05
4.5213e+05
4.6357e+05
4.7505e+05
4.8654e+05
4.9806e+05
5.0959e+05
5.2113e+05
5.3266e+05
5.4419e+05
5.557e+05
5.6719e+05
5.7865e+05
5.9008e+05
6.0146e+05
6.1279e+05
6.2406e+05
6.3527e+05
6.4641e+05
6.5747e+05
6.6845e+05
6.7933e+05
6.9012e+05
7.008e+05
7.1136e+05
7.2181e+05
7.3214e+05
7.4233e+05
7.5238e+05
7.6229e+05
7.7205e+05
7.8165e+05
7.9109e+05
8.0036e+05
8.0945e+05
8.1836e+05
8.2709e+05
8.3563e+05
8.4397e+05
8.5211e+05
8.6004e+05
8.6776e+05
8.7526e+05
8.8255e+05
8.896e+05
8.9643e+05
9.0302e+05
9.0938e+05
9.155e+05
9.2137e+05
9.2699e+05
9.3236e+05
9.3748e+05
9.4234e+05
9.4694e+05
9.5127e+05
9.5535e+05
9.5915e+05
9.6269e+05
9.6596e+05
9.6895e+05
9.7167e+05
9.7412e+05
9.763e+05
9.7819e+05
9.7982e+05
9.8116e+05
9.8223e+05
9.8302e+05
9.8354e+05
9.8378e+05
9.8374e+05
9.8343e+05
9.8285e+05
9.8199e+05
9.8087e+05
9.7947e+05
9.7781e+05
9.7588e+05
9.7369e+05
9.7124e+05
9.6853e+05
9.6557e+05
9.6235e+05
9.5888e+05
9.5516e+05
9.512e+05
9.4701e+05
9.4257e+05
9.379e+05
9.33e+05
9.2788e+05
9.2254e+05
9.1698e+05
9.112e+05
9.0522e+05
8.9904e+05
8.9266e+05
8.8608e+05
8.7932e+05
8.7237e+05
8.6525e+05
8.5795e+05
8.5048e+05
8.4285e+05
8.3506e+05
8.2712e+05
8.1903e+05
8.108e+05
8.0244e+05
7.9395e+05
7.8533e+05
7.766e+05
7.6775e+05
7.588e+05
7.4975e+05
7.406e+05
7.3136e+05
7.2204e+05
7.1265e+05
7.0318e+05
6.9364e+05
6.8405e+05
6.744e+05
6.647e+05
6.5497e+05
6.4519e+05
6.3538e+05
6.2555e+05
6.157e+05
6.0583e+05
5.9596e+05
5.8608e+05
5.762e+05
5.6633e+05
5.5647e+05
5.4663e+05
5.3681e+05
5.2702e+05
5.1726e+05
5.0754e+05
4.9787e+05
4.8823e+05
4.7865e+05
4.6913e+05
4.5966e+05
4.5026e+05
4.4092e+05
4.3166e+05
4.2248e+05
4.1337e+05
4.0435e+05
3.9541e+05
3.8657e+05
3.7782e+05
3.6916e+05
3.6061e+05
3.5216e+05
3.4382e+05
3.3558e+05
3.2746e+05
3.1945e+05
3.1155e+05
3.0377e+05
2.9612e+05
2.8858e+05
2.8117e+05
2.7389e+05
2.6674e+05
2.5971e+05
2.5281e+05
2.4605e+05
2.3941e+05
2.3291e+05
2.2655e+05
2.2032e+05
2.1423e+05
2.0827e+05
2.0245e+05
1.9676e+05
1.9122e+05
1.8581e+05
1.8053e+05
1.754e+05
1.704e+05
1.6554e+05
1.6081e+05
1.5622e+05
1.5176e+05
1.4743e+05
1.4324e+05
1.3918e+05
1.3526e+05
1.3146e+05
1.2779e+05
1.2424e+05
1.2082e+05
1.1753e+05
1.1436e+05
1.1131e+05
1.0838e+05
1.0557e+05
1.0287e+05
1.0029e+05
97817
95456
93203
91057
89014
87073
85232
83488
81839
80282
78816
77438
76145
74936
73807
72757
71782
70881
70051
69290
68594
67962
67391
66878
66422
66019
65667
65364
65108
64895
64724
64593
64498
64438
64411
64414
64444
64501
64581
64682
64804
64942
65097
65264
65444
65633
65830
66034
66242
66454
66666
66878
67089
67296
67498
67695
67884
68065
68236
68396
68544
68679
68800
68906
68996
69069
69125
69163
69182
69181
69160
69118
69056
68972
68866
68737
68586
68413
68216
67996
67753
67487
67198
66885
66548
66189
65807
65401
64973
64523
64050
63556
63040
62503
61945
61366
60768
60150
59514
58858
58185
57495
56788
56064
55325
54571
53803
