60714
64316
68221
72425
76927
81722
86805
92170
97807
1.0371e+05
1.0987e+05
1.1627e+05
1.229e+05
1.2975e+05
1.368e+05
1.4405e+05
1.5147e+05
1.5904e+05
1.6676e+05
1.7459e+05
1.8253e+05
1.9056e+05
1.9864e+05
2.0678e+05
2.1494e+05
2.231e+05
2.3125e+05
2.3936e+05
2.4741e+05
2.5539e+05
2.6327e+05
2.7102e+05
2.7864e+05
2.8611e+05
2.9339e+05
3.0048e+05
3.0736e+05
3.14e+05
3.204e+05
3.2653e+05
3.3238e+05
3.3794e+05
3.4319e+05
3.4812e+05
3.5271e+05
3.5697e+05
3.6087e+05
3.644e+05
3.6757e+05
3.7036e+05
3.7277e+05
3.7479e+05
3.7642e+05
3.7766e+05
3.785e+05
3.7895e+05
3.79e+05
3.7866e+05
3.7793e+05
3.7681e+05
3.7532e+05
3.7344e+05
3.712e+05
3.686e+05
3.6564e+05
3.6234e+05
3.5871e+05
3.5475e+05
3.5048e+05
3.459e+05
3.4104e+05
3.3591e+05
3.3051e+05
3.2487e+05
3.1899e+05
3.1289e+05
3.0659e+05
3.001e+05
2.9344e+05
2.8662e+05
2.7966e+05
2.7258e+05
2.6538e+05
2.5809e+05
2.5072e+05
2.4328e+05
2.358e+05
2.2829e+05
2.2075e+05
2.1322e+05
2.057e+05
1.982e+05
1.9075e+05
1.8334e+05
1.7601e+05
1.6875e+05
1.6159e+05
1.5453e+05
1.4758e+05
1.4076e+05
1.3408e+05
1.2755e+05
1.2117e+05
1.1496e+05
1.0892e+05
1.0306e+05
97398
91930
86666
81613
76775
72159
67768
63607
59679
55989
52538
49329
46364
43644
41171
38944
36965
35232
33746
32505
31508
30753
30237
29959
29915
30102
30517
31155
32012
33083
34365
35850
37535
39412
41477
43722
46140
48726
51472
54370
57413
60592
63901
67331
70873
74519
78260
82088
85994
89968
94002
98086
1.0221e+05
1.0637e+05
1.1055e+05
1.1475e+05
1.1895e+05
1.2315e+05
1.2733e+05
1.315e+05
1.3563e+05
1.3973e+05
1.4378e+05
1.4777e+05
1.5171e+05
1.5557e+05
1.5936e+05
1.6306e+05
1.6667e+05
1.7018e+05
1.7359e+05
1.7689e+05
1.8008e+05
1.8315e+05
1.8609e+05
1.889e+05
1.9158e+05
1.9413e+05
1.9653e+05
1.988e+05
2.0092e+05
2.0289e+05
2.0471e+05
2.0639e+05
2.0791e+05
2.0929e+05
2.1051e+05
2.1158e+05
2.1251e+05
2.1328e+05
2.1391e+05
2.1439e+05
2.1472e+05
2.1492e+05
2.1497e+05
2.1489e+05
2.1467e+05
2.1432e+05
2.1384e+05
2.1323e+05
2.1251e+05
2.1166e+05
2.107e+05
2.0962e+05
2.0844e+05
2.0716e+05
2.0577e+05
2.0428e+05
2.027e+05
2.0103e+05
1.9928e+05
1.9744e+05
1.9552e+05
1.9352e+05
1.9145e+05
1.8931e+05
1.8711e+05
1.8484e+05
1.825e+05
1.8011e+05
1.7766e+05
1.7516e+05
1.7261e+05
1.7001e+05
1.6736e+05
1.6466e+05
1.6193e+05
1.5915e+05
1.5633e+05
1.5348e+05
1.5059e+05
1.4767e+05
1.4472e+05
1.4175e+05
1.3874e+05
1.3571e+05
1.3265e+05
1.2958e+05
1.2649e+05
1.2338e+05
1.2026e+05
1.1712e+05
1.1398e+05
1.1083e+05
1.0767e+05
1.0452e+05
1.0137e+05
98220
95081
91955
88843
85750
82679
79634
76618
73636
70691
67786
64927
62115
59357
56654
54010
51430
48917
46473
44102
41808
39592
37457
35406
33441
31562
29773
28074
26466
24949
23523
22190
20947
19794
18730
17753
16862
16054
15327
14677
14102
13598
13161
12787
12473
12213
12002
11837
11713
11623
11564
11530
11517
11518
11530
11548
11567
11582
11589
11584
11565
11526
11466
11381
11269
11128
10957
10755
10521
10255
9956.8
9627.9
9269.3
8882.6
8470.1
8034.2
7578.1
7105.1
6619
6124
5624.5
5125.2
4631.4
4148.1
3680.8
3235.2
2816.9
2431.6
2085.1
1783.1
1531.3
1335
1199.8
1130.5
1132
1208.9
1365.1
1604.4
1930
2344.6
2850.4
3449.2
4141.9
4929
5810.2
6784.7
7851
9006.7
10249
11574
12978
14456
16002
17610
19273
20983
22733
24514
26318
28134
29953
31765
33560
35327
37056
38736
40358
41909
43380
44762
46044
47217
48273
49204
50001
50659
51171
51533
51740
51788
51677
51405
50972
50379
49630
48728
47679
46488
45164
43717
42156
40493
38742
36917
35033
33109
31161
29209
27274
25376
23539
21784
20136
18619
17258
16079
15108
14370
13893
13702
13823
14283
15107
16320
17947
20012
22538
25548
29061
33098
37678
42818
48534
54840
61748
69269
77411
86183
95589
1.0563e+05
1.1631e+05
1.2763e+05
1.3958e+05
1.5215e+05
1.6535e+05
1.7915e+05
1.9356e+05
2.0854e+05
2.2409e+05
2.4019e+05
2.5681e+05
2.7394e+05
2.9155e+05
3.0961e+05
3.2809e+05
3.4696e+05
3.6619e+05
3.8575e+05
4.056e+05
4.2571e+05
4.4603e+05
4.6653e+05
4.8716e+05
5.0789e+05
5.2868e+05
5.4947e+05
5.7023e+05
5.9092e+05
6.1149e+05
6.319e+05
6.5209e+05
6.7204e+05
6.917e+05
7.1102e+05
7.2996e+05
7.4848e+05
7.6654e+05
7.841e+05
8.0112e+05
8.1757e+05
8.3341e+05
8.486e+05
8.6311e+05
8.7692e+05
8.8998e+05
9.0228e+05
9.1379e+05
9.2449e+05
9.3434e+05
9.4335e+05
9.5148e+05
9.5872e+05
9.6506e+05
9.7049e+05
9.7501e+05
9.7859e+05
9.8125e+05
9.8298e+05
9.8378e+05
9.8365e+05
9.826e+05
9.8064e+05
9.7777e+05
9.7401e+05
9.6937e+05
9.6387e+05
9.5752e+05
9.5035e+05
9.4236e+05
9.336e+05
9.2407e+05
9.1381e+05
9.0285e+05
8.912e+05
8.7891e+05
8.6599e+05
8.5249e+05
8.3843e+05
8.2385e+05
8.0878e+05
7.9326e+05
7.7731e+05
7.6098e+05
7.443e+05
7.273e+05
7.1002e+05
6.925e+05
6.7476e+05
6.5686e+05
6.3881e+05
6.2065e+05
6.0242e+05
5.8415e+05
5.6587e+05
5.4761e+05
5.2941e+05
5.1128e+05
4.9327e+05
4.754e+05
4.577e+05
4.4019e+05
4.2289e+05
4.0583e+05
3.8904e+05
3.7252e+05
3.5631e+05
3.4041e+05
3.2486e+05
3.0966e+05
2.9482e+05
2.8036e+05
2.663e+05
2.5264e+05
2.3939e+05
2.2656e+05
2.1415e+05
2.0218e+05
1.9064e+05
1.7955e+05
1.6889e+05
1.5867e+05
1.489e+05
1.3957e+05
1.3067e+05
1.2221e+05
1.1418e+05
1.0657e+05
99379
92602
86229
80252
74662
69449
64604
60114
55970
52160
48671
45492
42610
40012
37686
35617
33793
32201
30827
29658
28680
27882
27249
26769
26429
26217
26121
26128
26228
26409
26661
26973
27334
27736
28168
28623
29092
29567
30041
30506
30957
31387
31792
32166
32504
32803
33059
33269
33431
33542
33601
33606
33556
33452
33293
33079
32810
32489
32116
31693
31221
30703
30141
29537
28896
28218
27508
26768
26002
25214
24406
23582
22747
21902
21052
20200
19350
18505
17667
16842
16030
15236
14461
13709
12982
12282
11611
10972
10365
9791.8
9254.4
8753.5
8289.8
7863.9
7476.4
7127.2
6816.5
6544
6309.3
6111.8
5950.7
5824.9
5733.4
5674.9
5647.9
5650.9
5682
5739.6
5821.6
5926
6050.9
6193.9
6352.9
6525.6
6709.8
6903.2
7103.5
7308.4
7515.8
7723.3
7928.9
8130.6
8326.1
8513.7
8691.6
8857.9
9011
9149.6
9272
9377.2
9464
9531.4
9578.5
9604.7
9609.5
9592.3
9552.9
9491.3
9407.4
9301.4
9173.6
9024.4
8854.4
8664.2
8454.6
8226.4
7980.8
7718.7
7441.4
7150
6845.8
6530.3
6204.8
5870.7
5529.5
5182.7
4831.8
4478.2
4123.5
3769
3416.3
3066.6
2721.3
2381.7
2049.1
1724.5
1409
1103.6
809.26
526.75
256.79
0
