17363
20565
23981
27607
31438
35469
39695
44109
48704
53473
58410
63505
68751
74140
79663
85309
91071
96939
1.029e+05
1.0895e+05
1.1508e+05
1.2127e+05
1.2751e+05
1.338e+05
1.4012e+05
1.4647e+05
1.5282e+05
1.5918e+05
1.6554e+05
1.7187e+05
1.7817e+05
1.8443e+05
1.9064e+05
1.9679e+05
2.0287e+05
2.0888e+05
2.1479e+05
2.206e+05
2.2631e+05
2.3189e+05
2.3736e+05
2.4269e+05
2.4788e+05
2.5292e+05
2.5781e+05
2.6254e+05
2.671e+05
2.7148e+05
2.7568e+05
2.797e+05
2.8353e+05
2.8717e+05
2.9061e+05
2.9384e+05
2.9687e+05
2.997e+05
3.0231e+05
3.0472e+05
3.0691e+05
3.0889e+05
3.1065e+05
3.1221e+05
3.1354e+05
3.1467e+05
3.1559e+05
3.1629e+05
3.1679e+05
3.1708e+05
3.1717e+05
3.1706e+05
3.1676e+05
3.1626e+05
3.1558e+05
3.1471e+05
3.1367e+05
3.1245e+05
3.1106e+05
3.0952e+05
3.0781e+05
3.0596e+05
3.0396e+05
3.0183e+05
2.9957e+05
2.9718e+05
2.9468e+05
2.9207e+05
2.8936e+05
2.8656e+05
2.8366e+05
2.807e+05
2.7766e+05
2.7455e+05
2.714e+05
2.6819e+05
2.6495e+05
2.6167e+05
2.5837e+05
2.5506e+05
2.5173e+05
2.4841e+05
2.4509e+05
2.4178e+05
2.385e+05
2.3524e+05
2.3202e+05
2.2884e+05
2.2571e+05
2.2263e+05
2.1961e+05
2.1666e+05
2.1378e+05
2.1097e+05
2.0825e+05
2.0562e+05
2.0308e+05
2.0064e+05
1.9829e+05
1.9605e+05
1.9392e+05
1.919e+05
1.9e+05
1.8821e+05
1.8654e+05
1.8499e+05
1.8357e+05
1.8227e+05
1.811e+05
1.8005e+05
1.7913e+05
1.7834e+05
1.7767e+05
1.7713e+05
1.7672e+05
1.7643e+05
1.7627e+05
1.7623e+05
1.7631e+05
1.765e+05
1.7682e+05
1.7724e+05
1.7778e+05
1.7842e+05
1.7917e+05
1.8002e+05
1.8097e+05
1.82e+05
1.8313e+05
1.8434e+05
1.8563e+05
1.8699e+05
1.8842e+05
1.8992e+05
1.9148e+05
1.9309e+05
1.9475e+05
1.9646e+05
1.982e+05
1.9998e+05
2.0178e+05
2.036e+05
2.0544e+05
2.073e+05
2.0915e+05
2.1101e+05
2.1286e+05
2.1469e+05
2.1651e+05
2.1831e+05
2.2008e+05
2.2181e+05
2.2351e+05
2.2516e+05
2.2677e+05
2.2832e+05
2.2982e+05
2.3125e+05
2.3262e+05
2.3392e+05
2.3515e+05
2.363e+05
2.3737e+05
2.3835e+05
2.3925e+05
2.4006e+05
2.4077e+05
2.4139e+05
2.4192e+05
2.4235e+05
2.4267e+05
2.429e+05
2.4302e+05
2.4303e+05
2.4295e+05
2.4276e+05
2.4246e+05
2.4206e+05
2.4155e+05
2.4094e+05
2.4022e+05
2.394e+05
2.3848e+05
2.3746e+05
2.3634e+05
2.3511e+05
2.338e+05
2.3239e+05
2.3088e+05
2.2929e+05
2.2761e+05
2.2585e+05
2.24e+05
2.2207e+05
2.2007e+05
2.1799e+05
2.1584e+05
2.1363e+05
2.1134e+05
2.09e+05
2.066e+05
2.0415e+05
2.0164e+05
1.9909e+05
1.9649e+05
1.9385e+05
1.9117e+05
1.8846e+05
1.8571e+05
1.8294e+05
1.8014e+05
1.7732e+05
1.7448e+05
1.7163e+05
1.6876e+05
1.6587e+05
1.6299e+05
1.6009e+05
1.572e+05
1.543e+05
1.514e+05
1.4851e+05
1.4562e+05
1.4274e+05
1.3987e+05
1.3702e+05
1.3417e+05
1.3134e+05
1.2853e+05
1.2573e+05
1.2295e+05
1.2019e+05
1.1744e+05
1.1472e+05
1.1203e+05
1.0935e+05
1.0669e+05
1.0406e+05
1.0146e+05
98874
96315
93781
91271
88787
86327
83892
81482
79097
76736
74401
72091
69806
67546
65311
63101
60917
58758
56625
54518
52437
50382
48354
46354
44382
42438
40524
38639
36785
34963
33173
31416
29694
28007
26357
24745
23172
21639
20148
18700
17295
15937
14626
13362
12149
10987
9876.6
8820.3
7818.9
6873.7
5985.7
5156.1
4385.9
3675.9
3027
2440
1915.4
1453.8
1055.5
720.86
449.88
242.57
98.74
18.051
0
43.92
148.97
314.15
538.27
819.97
1157.7
1549.8
1994.3
2489.1
3032.1
3620.8
4252.6
4924.8
5634.5
6378.6
7154
7957.3
8785.1
9633.9
10500
11379
12268
13163
14060
14954
15842
16720
17583
18428
19250
20046
20812
21544
22238
22891
23499
24059
24569
25024
25423
25763
26042
26258
26410
26495
26513
26463
26345
26159
25905
25584
25196
24744
24229
23654
23020
22332
21592
20805
19975
19107
18206
17277
16327
15361
14387
13413
12444
11490
10559
9658.6
8798.5
7987.8
7235.9
6552.5
5947.8
5431.8
5015.1
4708.1
4521.7
4466.6
4553.9
4794.4
5199.3
5779.6
6546.4
7510.5
8682.9
10074
11696
13557
15668
18040
20683
23604
26814
30322
34135
38262
42710
47485
52596
58046
63843
69990
76491
83351
90572
98157
1.0611e+05
1.1442e+05
1.231e+05
1.3215e+05
1.4156e+05
1.5133e+05
1.6147e+05
1.7196e+05
1.8279e+05
1.9398e+05
2.0551e+05
2.1737e+05
2.2955e+05
2.4205e+05
2.5487e+05
2.6798e+05
2.8138e+05
2.9506e+05
3.09e+05
3.232e+05
3.3764e+05
3.5231e+05
3.6718e+05
3.8226e+05
3.9751e+05
4.1293e+05
4.285e+05
4.442e+05
4.6002e+05
4.7593e+05
4.9191e+05
5.0796e+05
5.2404e+05
5.4014e+05
5.5624e+05
5.7232e+05
5.8836e+05
6.0434e+05
6.2023e+05
6.3602e+05
6.5169e+05
6.6722e+05
6.8259e+05
6.9776e+05
7.1274e+05
7.2749e+05
7.42e+05
7.5624e+05
7.702e+05
7.8385e+05
7.9719e+05
8.1019e+05
8.2283e+05
8.3509e+05
8.4697e+05
8.5844e+05
8.6948e+05
8.8009e+05
8.9025e+05
8.9994e+05
9.0915e+05
9.1787e+05
9.2609e+05
9.3379e+05
9.4097e+05
9.4762e+05
9.5373e+05
9.5928e+05
9.6429e+05
9.6873e+05
9.726e+05
9.7591e+05
9.7863e+05
9.8079e+05
9.8236e+05
9.8336e+05
9.8378e+05
9.8362e+05
9.8288e+05
9.8157e+05
9.797e+05
9.7725e+05
9.7425e+05
9.707e+05
9.666e+05
9.6196e+05
9.5679e+05
9.511e+05
9.4489e+05
9.3819e+05
9.31e+05
9.2333e+05
9.1519e+05
9.066e+05
8.9758e+05
8.8813e+05
8.7827e+05
8.6801e+05
8.5738e+05
8.4638e+05
8.3504e+05
8.2336e+05
8.1137e+05
7.9909e+05
7.8652e+05
7.737e+05
7.6063e+05
7.4733e+05
7.3383e+05
7.2014e+05
7.0627e+05
6.9225e+05
6.781e+05
6.6383e+05
6.4946e+05
6.35e+05
6.2048e+05
6.0592e+05
5.9132e+05
5.7671e+05
5.621e+05
5.4751e+05
5.3295e+05
5.1845e+05
5.0401e+05
4.8965e+05
4.7539e+05
4.6123e+05
4.472e+05
4.333e+05
4.1955e+05
4.0596e+05
3.9254e+05
3.793e+05
3.6625e+05
3.5341e+05
3.4078e+05
3.2837e+05
3.1619e+05
3.0424e+05
2.9254e+05
2.8108e+05
2.6989e+05
2.5895e+05
2.4828e+05
2.3788e+05
2.2776e+05
2.1791e+05
2.0834e+05
1.9906e+05
1.9006e+05
1.8134e+05
1.7291e+05
1.6477e+05
1.5691e+05
1.4933e+05
1.4204e+05
1.3503e+05
1.283e+05
1.2184e+05
1.1566e+05
1.0975e+05
1.041e+05
98721
93598
88728
84108
79731
75593
71687
68008
64550
61307
58272
55439
52802
50352
48085
45992
44067
42304
40694
39231
37909
36720
35657
34713
33883
33158
32533
32001
31555
31190
30899
30677
30517
30413
30361
30355
30390
30460
30562
30690
30840
31008
31189
31381
31579
31779
31980
32177
32368
32550
32720
32878
33019
33143
33248
33333
33395
33434
33449
33439
33404
33342
33253
33138
32996
32827
32630
32408
32159
31884
31584
31259
30911
30539
30145
29730
29295
28841
28368
27878
27373
26853
26320
25774
25218
24652
24077
23496
22908
22317
21722
21124
20526
19929
19332
18739
18149
17564
16984
16411
15846
15290
14743
14206
13680
13166
12664
12175
11699
11238
10791
10358
9940.7
9538.6
9152.2
8781.6
8426.9
8088.3
7765.6
7459
7168.3
6893.5
6634.4
6390.8
6162.5
5949.1
5750.5
5566.2
5395.8
5239
5095.3
4964.2
4845.2
4737.8
4641.4
4555.6
4479.6
4412.9
4354.8
4304.8
4262.2
4226.3
4196.5
4172.1
4152.5
4136.9
4124.7
4115.3
