71345
74143
77030
80003
83057
86190
89398
92677
96024
99434
1.029e+05
1.0643e+05
1.1e+05
1.1362e+05
1.1729e+05
1.2099e+05
1.2473e+05
1.2849e+05
1.3228e+05
1.3609e+05
1.3991e+05
1.4375e+05
1.4759e+05
1.5144e+05
1.5528e+05
1.5911e+05
1.6294e+05
1.6674e+05
1.7053e+05
1.743e+05
1.7804e+05
1.8174e+05
1.8541e+05
1.8904e+05
1.9263e+05
1.9617e+05
1.9967e+05
2.0311e+05
2.0649e+05
2.0981e+05
2.1308e+05
2.1627e+05
2.194e+05
2.2247e+05
2.2546e+05
2.2837e+05
2.3121e+05
2.3398e+05
2.3666e+05
2.3927e+05
2.4179e+05
2.4423e+05
2.4659e+05
2.4886e+05
2.5105e+05
2.5316e+05
2.5518e+05
2.5711e+05
2.5896e+05
2.6073e+05
2.6241e+05
2.64e+05
2.6552e+05
2.6695e+05
2.683e+05
2.6956e+05
2.7075e+05
2.7187e+05
2.729e+05
2.7386e+05
2.7475e+05
2.7556e+05
2.763e+05
2.7698e+05
2.7759e+05
2.7813e+05
2.7862e+05
2.7904e+05
2.794e+05
2.7971e+05
2.7996e+05
2.8017e+05
2.8032e+05
2.8043e+05
2.8049e+05
2.8051e+05
2.8049e+05
2.8043e+05
2.8033e+05
2.802e+05
2.8004e+05
2.7985e+05
2.7964e+05
2.7939e+05
2.7913e+05
2.7884e+05
2.7854e+05
2.7821e+05
2.7788e+05
2.7752e+05
2.7716e+05
2.7678e+05
2.764e+05
2.7601e+05
2.7561e+05
2.752e+05
2.748e+05
2.7438e+05
2.7397e+05
2.7356e+05
2.7315e+05
2.7273e+05
2.7232e+05
2.7192e+05
2.7151e+05
2.7111e+05
2.7071e+05
2.7032e+05
2.6993e+05
2.6954e+05
2.6916e+05
2.6878e+05
2.6841e+05
2.6805e+05
2.6768e+05
2.6733e+05
2.6697e+05
2.6662e+05
2.6628e+05
2.6593e+05
2.6559e+05
2.6526e+05
2.6492e+05
2.6459e+05
2.6425e+05
2.6392e+05
2.6359e+05
2.6325e+05
2.6291e+05
2.6258e+05
2.6224e+05
2.6189e+05
2.6154e+05
2.6119e+05
2.6083e+05
2.6046e+05
2.6009e+05
2.5971e+05
2.5932e+05
2.5893e+05
2.5852e+05
2.5811e+05
2.5768e+05
2.5725e+05
2.568e+05
2.5634e+05
2.5587e+05
2.5538e+05
2.5489e+05
2.5437e+05
2.5385e+05
2.5331e+05
2.5275e+05
2.5218e+05
2.5159e+05
2.5099e+05
2.5037e+05
2.4973e+05
2.4908e+05
2.4841e+05
2.4772e+05
2.4702e+05
2.463e+05
2.4555e+05
2.448e+05
2.4402e+05
2.4322e+05
2.4241e+05
2.4158e+05
2.4072e+05
2.3985e+05
2.3896e+05
2.3805e+05
2.3712e+05
2.3618e+05
2.3521e+05
2.3422e+05
2.3321e+05
2.3218e+05
2.3113e+05
2.3006e+05
2.2897e+05
2.2786e+05
2.2673e+05
2.2557e+05
2.2439e+05
2.232e+05
2.2197e+05
2.2073e+05
2.1947e+05
2.1818e+05
2.1686e+05
2.1553e+05
2.1417e+05
2.1278e+05
2.1137e+05
2.0994e+05
2.0848e+05
2.07e+05
2.0549e+05
2.0395e+05
2.0239e+05
2.008e+05
1.9918e+05
1.9754e+05
1.9587e+05
1.9417e+05
1.9245e+05
1.9069e+05
1.8891e+05
1.871e+05
1.8526e+05
1.834e+05
1.815e+05
1.7958e+05
1.7763e+05
1.7565e+05
1.7364e+05
1.716e+05
1.6954e+05
1.6745e+05
1.6533e+05
1.6319e+05
1.6102e+05
1.5882e+05
1.566e+05
1.5436e+05
1.5209e+05
1.498e+05
1.4748e+05
1.4515e+05
1.428e+05
1.4042e+05
1.3803e+05
1.3562e+05
1.332e+05
1.3077e+05
1.2832e+05
1.2586e+05
1.2339e+05
1.2091e+05
1.1843e+05
1.1594e+05
1.1345e+05
1.1095e+05
1.0846e+05
1.0597e+05
1.0349e+05
1.0101e+05
98542
96084
93638
91207
88793
86398
84024
81673
79348
77051
74783
72547
70345
68179
66051
63963
61917
59915
57958
56048
54188
52378
50620
48916
47267
45674
44138
42661
41243
39886
38589
37354
36182
35071
34024
33039
32117
31257
30460
29724
29050
28436
27883
27387
26950
26568
26242
25969
25748
25577
25454
25377
25344
25353
25401
25486
25606
25758
25938
26145
26376
26627
26896
27180
27476
27780
28090
28402
28714
29023
29325
29618
29898
30163
30410
30636
30838
31014
31161
31278
31361
31408
31419
31390
31320
31207
31051
30850
30602
30309
29967
29579
29142
28658
28126
27548
26924
26254
25541
24786
23990
23156
22286
21382
20448
19485
18498
17491
16466
15428
14381
13330
12279
11233
10198
9178.9
8181.3
7210.9
6273.7
5375.9
4523.8
3723.8
2982.6
2306.9
1703.5
1179.5
741.98
397.99
154.81
19.701
0
103.05
336.21
706.85
1222.3
1889.8
2716.7
3710.2
4877.3
6225.1
7760.4
9490
11421
13559
15910
18482
21279
24307
27572
31079
34832
38837
43098
47618
52402
57453
62773
68366
74234
80378
86801
93503
1.0049e+05
1.0775e+05
1.1529e+05
1.2311e+05
1.3122e+05
1.396e+05
1.4825e+05
1.5718e+05
1.6638e+05
1.7585e+05
1.8558e+05
1.9557e+05
2.0582e+05
2.1632e+05
2.2707e+05
2.3805e+05
2.4927e+05
2.6072e+05
2.7238e+05
2.8426e+05
2.9635e+05
3.0863e+05
3.211e+05
3.3375e+05
3.4657e+05
3.5955e+05
3.7268e+05
3.8596e+05
3.9936e+05
4.1288e+05
4.2651e+05
4.4023e+05
4.5404e+05
4.6792e+05
4.8186e+05
4.9585e+05
5.0987e+05
5.2392e+05
5.3797e+05
5.5202e+05
5.6606e+05
5.8006e+05
5.9403e+05
6.0793e+05
6.2177e+05
6.3552e+05
6.4918e+05
6.6272e+05
6.7614e+05
6.8943e+05
7.0256e+05
7.1554e+05
7.2833e+05
7.4094e+05
7.5334e+05
7.6554e+05
7.775e+05
7.8923e+05
8.0071e+05
8.1192e+05
8.2286e+05
8.3352e+05
8.4388e+05
8.5394e+05
8.6368e+05
8.731e+05
8.8219e+05
8.9093e+05
8.9931e+05
9.0734e+05
9.15e+05
9.2229e+05
9.2919e+05
9.357e+05
9.4182e+05
9.4754e+05
9.5286e+05
9.5776e+05
9.6225e+05
9.6632e+05
9.6997e+05
9.7319e+05
9.7599e+05
9.7837e+05
9.8031e+05
9.8182e+05
9.829e+05
9.8355e+05
9.8378e+05
9.8357e+05
9.8294e+05
9.8188e+05
9.804e+05
9.7851e+05
9.762e+05
9.7347e+05
9.7034e+05
9.6681e+05
9.6288e+05
9.5856e+05
9.5385e+05
9.4877e+05
9.4331e+05
9.3749e+05
9.3132e+05
9.2479e+05
9.1792e+05
9.1072e+05
9.032e+05
8.9536e+05
8.8722e+05
8.7878e+05
8.7005e+05
8.6105e+05
8.5178e+05
8.4226e+05
8.325e+05
8.225e+05
8.1228e+05
8.0184e+05
7.9121e+05
7.8039e+05
7.6939e+05
7.5822e+05
7.469e+05
7.3543e+05
7.2384e+05
7.1212e+05
7.0029e+05
6.8836e+05
6.7635e+05
6.6426e+05
6.5211e+05
6.399e+05
6.2766e+05
6.1538e+05
6.0308e+05
5.9077e+05
5.7846e+05
5.6616e+05
5.5388e+05
5.4163e+05
5.2942e+05
5.1726e+05
5.0515e+05
4.9312e+05
4.8116e+05
4.6929e+05
4.5751e+05
4.4582e+05
4.3425e+05
4.2279e+05
4.1146e+05
4.0025e+05
3.8918e+05
3.7826e+05
3.6748e+05
3.5685e+05
3.4638e+05
3.3608e+05
3.2595e+05
3.1599e+05
3.062e+05
2.966e+05
2.8718e+05
2.7795e+05
2.6891e+05
2.6006e+05
2.5141e+05
2.4295e+05
2.347e+05
2.2664e+05
2.1879e+05
2.1114e+05
2.0369e+05
1.9645e+05
1.8941e+05
1.8257e+05
1.7594e+05
1.6951e+05
1.6328e+05
1.5725e+05
1.5142e+05
1.4579e+05
1.4035e+05
1.3511e+05
1.3006e+05
1.252e+05
1.2053e+05
1.1604e+05
1.1174e+05
1.0762e+05
1.0367e+05
99890
96285
92845
89569
86452
83491
80682
78022
75506
73131
70892
68786
66808
64955
63223
61607
60103
58708
57417
56226
55131
54129
53214
52384
51634
50961
50361
49829
49363
48959
48613
48321
48081
47889
47741
47635
47568
47535
47536
47566
47623
47704
47807
47929
48068
48222
48387
48563
48748
48938
49133
49330
49528
49726
49921
50113
50300
50481
50654
50819
50974
51119
51252
51373
51481
51576
51656
51721
51771
51806
51824
51826
51811
51778
51729
51662
51578
51476
51357
51220
51066
50894
50705
50499
50276
50036
49779
49506
49217
48912
48591
48256
47905
47539
47160
46766
46359
45938
45505
45060
44602
44133
43653
43161
42660
42148
41627
41097
40558
40011
39456
38893
38323
37747
37164
36576
35982
35383
34779
34172
33560
32945
32327
31707
31084
30460
29833
29206
