1.7384e+05
1.7832e+05
1.828e+05
1.8729e+05
1.9177e+05
1.9624e+05
2.0069e+05
2.0512e+05
2.0952e+05
2.1389e+05
2.1823e+05
2.2252e+05
2.2677e+05
2.3096e+05
2.3511e+05
2.3919e+05
2.4321e+05
2.4716e+05
2.5104e+05
2.5484e+05
2.5857e+05
2.6221e+05
2.6577e+05
2.6924e+05
2.7262e+05
2.759e+05
2.7909e+05
2.8218e+05
2.8517e+05
2.8805e+05
2.9083e+05
2.9351e+05
2.9608e+05
2.9853e+05
3.0088e+05
3.0312e+05
3.0525e+05
3.0727e+05
3.0918e+05
3.1097e+05
3.1266e+05
3.1424e+05
3.157e+05
3.1706e+05
3.1831e+05
3.1946e+05
3.205e+05
3.2144e+05
3.2227e+05
3.2301e+05
3.2365e+05
3.242e+05
3.2465e+05
3.2501e+05
3.2529e+05
3.2548e+05
3.2559e+05
3.2562e+05
3.2558e+05
3.2546e+05
3.2528e+05
3.2503e+05
3.2472e+05
3.2435e+05
3.2392e+05
3.2345e+05
3.2293e+05
3.2236e+05
3.2176e+05
3.2112e+05
3.2044e+05
3.1974e+05
3.1902e+05
3.1828e+05
3.1752e+05
3.1674e+05
3.1596e+05
3.1517e+05
3.1438e+05
3.1359e+05
3.1281e+05
3.1204e+05
3.1128e+05
3.1053e+05
3.098e+05
3.091e+05
3.0842e+05
3.0777e+05
3.0714e+05
3.0656e+05
3.06e+05
3.0549e+05
3.0501e+05
3.0458e+05
3.042e+05
3.0385e+05
3.0356e+05
3.0332e+05
3.0313e+05
3.0299e+05
3.029e+05
3.0287e+05
3.0289e+05
3.0297e+05
3.0311e+05
3.033e+05
3.0355e+05
3.0386e+05
3.0422e+05
3.0464e+05
3.0511e+05
3.0564e+05
3.0622e+05
3.0686e+05
3.0755e+05
3.0829e+05
3.0907e+05
3.0991e+05
3.108e+05
3.1173e+05
3.127e+05
3.1371e+05
3.1476e+05
3.1585e+05
3.1697e+05
3.1813e+05
3.1931e+05
3.2052e+05
3.2176e+05
3.2301e+05
3.2429e+05
3.2558e+05
3.2688e+05
3.2819e+05
3.2951e+05
3.3083e+05
3.3216e+05
3.3348e+05
3.3479e+05
3.361e+05
3.374e+05
3.3867e+05
3.3994e+05
3.4118e+05
3.4239e+05
3.4358e+05
3.4473e+05
3.4586e+05
3.4694e+05
3.4799e+05
3.49e+05
3.4996e+05
3.5087e+05
3.5173e+05
3.5254e+05
3.5329e+05
3.5398e+05
3.5462e+05
3.5519e+05
3.557e+05
3.5614e+05
3.5651e+05
3.5682e+05
3.5705e+05
3.5721e+05
3.5729e+05
3.573e+05
3.5723e+05
3.5708e+05
3.5686e+05
3.5655e+05
3.5617e+05
3.557e+05
3.5515e+05
3.5452e+05
3.5381e+05
3.5302e+05
3.5215e+05
3.5119e+05
3.5016e+05
3.4904e+05
3.4785e+05
3.4657e+05
3.4522e+05
3.4379e+05
3.4229e+05
3.4071e+05
3.3906e+05
3.3734e+05
3.3555e+05
3.3369e+05
3.3176e+05
3.2977e+05
3.2772e+05
3.2561e+05
3.2344e+05
3.2121e+05
3.1893e+05
3.166e+05
3.1421e+05
3.1179e+05
3.0932e+05
3.068e+05
3.0425e+05
3.0166e+05
2.9904e+05
2.9639e+05
2.937e+05
2.91e+05
2.8827e+05
2.8552e+05
2.8275e+05
2.7997e+05
2.7718e+05
2.7438e+05
2.7157e+05
2.6876e+05
2.6594e+05
2.6313e+05
2.6032e+05
2.5752e+05
2.5472e+05
2.5194e+05
2.4917e+05
2.4642e+05
2.4368e+05
2.4096e+05
2.3827e+05
2.3559e+05
2.3295e+05
2.3033e+05
2.2774e+05
2.2518e+05
2.2265e+05
2.2015e+05
2.1769e+05
2.1526e+05
2.1287e+05
2.1052e+05
2.0821e+05
2.0593e+05
2.037e+05
2.015e+05
1.9935e+05
1.9723e+05
1.9516e+05
1.9313e+05
1.9114e+05
1.8919e+05
1.8728e+05
1.8541e+05
1.8358e+05
1.8179e+05
1.8004e+05
1.7833e+05
1.7665e+05
1.7501e+05
1.7341e+05
1.7184e+05
1.703e+05
1.6879e+05
1.6732e+05
1.6587e+05
1.6445e+05
1.6305e+05
1.6168e+05
1.6033e+05
1.5901e+05
1.577e+05
1.564e+05
1.5513e+05
1.5386e+05
1.5261e+05
1.5137e+05
1.5013e+05
1.489e+05
1.4767e+05
1.4645e+05
1.4522e+05
1.44e+05
1.4276e+05
1.4152e+05
1.4028e+05
1.3902e+05
1.3775e+05
1.3647e+05
1.3517e+05
1.3385e+05
1.3251e+05
1.3116e+05
1.2978e+05
1.2838e+05
1.2695e+05
1.255e+05
1.2402e+05
1.2251e+05
1.2097e+05
1.194e+05
1.1779e+05
1.1616e+05
1.1449e+05
1.1279e+05
1.1105e+05
1.0928e+05
1.0748e+05
1.0564e+05
1.0376e+05
1.0185e+05
99910
97932
95921
93877
91801
89694
87557
85390
83197
80977
78733
76467
74179
71872
69549
67211
64861
62502
60135
57764
55391
53020
50654
48295
45947
43614
41299
39005
36737
34497
32290
30120
27991
25906
23870
21887
19961
18097
16298
14569
12915
11340
9847.4
8442.6
7129.8
5913.4
4797.7
3787
2885.9
2098.4
1429.1
882.03
461.47
171.57
16.403
0
126.31
399.22
822.51
1399.9
2135
3031.3
4092.3
5321.1
6721.1
8295.2
10046
11978
14091
16390
18877
21553
24420
27482
30739
34193
37846
41699
45752
50008
54466
59127
63992
69060
74332
79807
85486
91367
97451
1.0373e+05
1.1022e+05
1.169e+05
1.2378e+05
1.3085e+05
1.3812e+05
1.4558e+05
1.5323e+05
1.6106e+05
1.6908e+05
1.7728e+05
1.8566e+05
1.9421e+05
2.0293e+05
2.1183e+05
2.2088e+05
2.301e+05
2.3947e+05
2.4899e+05
2.5866e+05
2.6848e+05
2.7843e+05
2.8852e+05
2.9873e+05
3.0907e+05
3.1952e+05
3.3009e+05
3.4076e+05
3.5154e+05
3.6241e+05
3.7337e+05
3.8442e+05
3.9554e+05
4.0673e+05
4.1799e+05
4.293e+05
4.4067e+05
4.5209e+05
4.6354e+05
4.7502e+05
4.8653e+05
4.9806e+05
5.096e+05
5.2115e+05
5.3269e+05
5.4422e+05
5.5574e+05
5.6723e+05
5.787e+05
5.9012e+05
6.015e+05
6.1284e+05
6.2411e+05
6.3532e+05
6.4645e+05
6.5751e+05
6.6848e+05
6.7936e+05
6.9014e+05
7.0081e+05
7.1137e+05
7.2181e+05
7.3212e+05
7.4231e+05
7.5235e+05
7.6225e+05
7.7199e+05
7.8158e+05
7.9101e+05
8.0027e+05
8.0935e+05
8.1825e+05
8.2697e+05
8.355e+05
8.4382e+05
8.5195e+05
8.5987e+05
8.6758e+05
8.7508e+05
8.8235e+05
8.894e+05
8.9622e+05
9.0281e+05
9.0916e+05
9.1527e+05
9.2114e+05
9.2676e+05
9.3212e+05
9.3724e+05
9.421e+05
9.467e+05
9.5104e+05
9.5512e+05
9.5893e+05
9.6248e+05
9.6575e+05
9.6876e+05
9.7149e+05
9.7396e+05
9.7614e+05
9.7806e+05
9.797e+05
9.8106e+05
9.8215e+05
9.8297e+05
9.8351e+05
9.8378e+05
9.8377e+05
9.8349e+05
9.8294e+05
9.8212e+05
9.8103e+05
9.7967e+05
9.7804e+05
9.7615e+05
9.74e+05
9.7159e+05
9.6893e+05
9.6601e+05
9.6283e+05
9.5941e+05
9.5574e+05
9.5183e+05
9.4768e+05
9.433e+05
9.3868e+05
9.3384e+05
9.2877e+05
9.2348e+05
9.1797e+05
9.1225e+05
9.0633e+05
9.002e+05
8.9387e+05
8.8735e+05
8.8064e+05
8.7375e+05
8.6668e+05
8.5943e+05
8.5202e+05
8.4444e+05
8.367e+05
8.2881e+05
8.2078e+05
8.126e+05
8.0429e+05
7.9584e+05
7.8727e+05
7.7858e+05
7.6978e+05
7.6087e+05
7.5186e+05
7.4275e+05
7.3355e+05
7.2426e+05
7.149e+05
7.0546e+05
6.9596e+05
6.8639e+05
6.7676e+05
6.6709e+05
6.5737e+05
6.4761e+05
6.3782e+05
6.28e+05
6.1816e+05
6.083e+05
5.9842e+05
5.8855e+05
5.7867e+05
5.6879e+05
5.5892e+05
5.4907e+05
5.3924e+05
5.2943e+05
5.1965e+05
5.0991e+05
5.002e+05
4.9054e+05
4.8092e+05
4.7136e+05
4.6185e+05
4.5241e+05
4.4302e+05
4.3371e+05
4.2447e+05
4.1531e+05
4.0623e+05
3.9723e+05
3.8832e+05
3.795e+05
3.7077e+05
3.6214e+05
3.5361e+05
3.4518e+05
3.3686e+05
3.2865e+05
3.2054e+05
3.1255e+05
3.0468e+05
2.9692e+05
2.8929e+05
2.8177e+05
2.7438e+05
2.6711e+05
2.5997e+05
2.5296e+05
2.4607e+05
2.3932e+05
2.327e+05
2.2621e+05
2.1985e+05
2.1363e+05
2.0754e+05
2.0158e+05
1.9576e+05
1.9008e+05
1.8453e+05
1.7912e+05
1.7384e+05
1.687e+05
1.637e+05
1.5882e+05
1.5409e+05
1.4948e+05
1.4501e+05
1.4067e+05
1.3646e+05
1.3238e+05
1.2844e+05
1.2462e+05
1.2092e+05
1.1735e+05
1.1391e+05
1.1059e+05
1.0739e+05
1.0431e+05
1.0134e+05
98496
95764
93145
90636
88236
85943
83755
81669
79684
77797
76007
74311
72706
71191
69763
68419
67158
65978
64874
63847
62892
62007
61191
60440
59752
59125
58557
58045
57586
57178
56820
56508
56240
56014
55828
55679
55565
55485
55435
55414
55419
55449
55502
55575
55667
55775
55898
56035
56182
56339
56504
56675
56851
57029
57210
57390
57569
57746
57918
58086
58247
58401
58546
58682
58808
58921
59023
59111
59186
59246
59291
59319
59332
59327
59305
59264
59206
59129
59033
58918
58784
58630
58457
58264
58051
57819
57567
57295
57004
56694
56365
56017
55650
55265
54862
54442
54004
53549
53078
52591
52089
51571
51039
50492
49933
49360
48775
