6.4891e+05
6.4914e+05
6.4925e+05
6.4924e+05
6.4912e+05
6.4888e+05
6.4853e+05
6.4807e+05
6.475e+05
6.4681e+05
6.4602e+05
6.4513e+05
6.4413e+05
6.4302e+05
6.4182e+05
6.4052e+05
6.3912e+05
6.3762e+05
6.3603e+05
6.3435e+05
6.3258e+05
6.3072e+05
6.2877e+05
6.2674e+05
6.2463e+05
6.2244e+05
6.2017e+05
6.1782e+05
6.154e+05
6.1291e+05
6.1035e+05
6.0772e+05
6.0503e+05
6.0228e+05
5.9946e+05
5.9658e+05
5.9365e+05
5.9066e+05
5.8762e+05
5.8454e+05
5.814e+05
5.7822e+05
5.7499e+05
5.7172e+05
5.6841e+05
5.6507e+05
5.6169e+05
5.5828e+05
5.5483e+05
5.5136e+05
5.4786e+05
5.4434e+05
5.4079e+05
5.3722e+05
5.3363e+05
5.3003e+05
5.2641e+05
5.2277e+05
5.1913e+05
5.1548e+05
5.1181e+05
5.0814e+05
5.0447e+05
5.008e+05
4.9712e+05
4.9345e+05
4.8977e+05
4.861e+05
4.8244e+05
4.7878e+05
4.7513e+05
4.7149e+05
4.6786e+05
4.6425e+05
4.6064e+05
4.5705e+05
4.5348e+05
4.4993e+05
4.4639e+05
4.4287e+05
4.3938e+05
4.359e+05
4.3245e+05
4.2902e+05
4.2562e+05
4.2224e+05
4.1888e+05
4.1556e+05
4.1226e+05
4.0899e+05
4.0575e+05
4.0253e+05
3.9935e+05
3.962e+05
3.9307e+05
3.8998e+05
3.8693e+05
3.839e+05
3.809e+05
3.7794e+05
3.7501e+05
3.7212e+05
3.6926e+05
3.6643e+05
3.6363e+05
3.6087e+05
3.5814e+05
3.5544e+05
3.5278e+05
3.5015e+05
3.4756e+05
3.45e+05
3.4247e+05
3.3997e+05
3.375e+05
3.3507e+05
3.3267e+05
3.303e+05
3.2796e+05
3.2566e+05
3.2338e+05
3.2113e+05
3.1892e+05
3.1673e+05
3.1457e+05
3.1243e+05
3.1033e+05
3.0825e+05
3.062e+05
3.0417e+05
3.0217e+05
3.0019e+05
2.9824e+05
2.9631e+05
2.944e+05
2.9251e+05
2.9065e+05
2.888e+05
2.8698e+05
2.8517e+05
2.8338e+05
2.8161e+05
2.7986e+05
2.7812e+05
2.7639e+05
2.7468e+05
2.7299e+05
2.7131e+05
2.6964e+05
2.6798e+05
2.6633e+05
2.6469e+05
2.6306e+05
2.6144e+05
2.5983e+05
2.5822e+05
2.5662e+05
2.5503e+05
2.5344e+05
2.5186e+05
2.5028e+05
2.487e+05
2.4712e+05
2.4555e+05
2.4398e+05
2.4241e+05
2.4084e+05
2.3926e+05
2.3769e+05
2.3612e+05
2.3454e+05
2.3296e+05
2.3138e+05
2.2979e+05
2.282e+05
2.2661e+05
2.2501e+05
2.234e+05
2.218e+05
2.2018e+05
2.1856e+05
2.1693e+05
2.153e+05
2.1366e+05
2.1201e+05
2.1036e+05
2.087e+05
2.0703e+05
2.0535e+05
2.0367e+05
2.0198e+05
2.0028e+05
1.9858e+05
1.9687e+05
1.9515e+05
1.9342e+05
1.9169e+05
1.8995e+05
1.8821e+05
1.8646e+05
1.847e+05
1.8294e+05
1.8117e+05
1.794e+05
1.7762e+05
1.7584e+05
1.7405e+05
1.7227e+05
1.7047e+05
1.6868e+05
1.6689e+05
1.6509e+05
1.633e+05
1.615e+05
1.5971e+05
1.5792e+05
1.5613e+05
1.5434e+05
1.5256e+05
1.5078e+05
1.49e+05
1.4724e+05
1.4548e+05
1.4373e+05
1.4198e+05
1.4025e+05
1.3853e+05
1.3682e+05
1.3512e+05
1.3344e+05
1.3177e+05
1.3011e+05
1.2848e+05
1.2686e+05
1.2526e+05
1.2368e+05
1.2212e+05
1.2059e+05
1.1908e+05
1.1759e+05
1.1613e+05
1.1469e+05
1.1329e+05
1.1191e+05
1.1057e+05
1.0925e+05
1.0797e+05
1.0672e+05
1.0551e+05
1.0434e+05
1.032e+05
1.021e+05
1.0105e+05
1.0003e+05
99062
98134
97252
96416
95629
94890
94203
93566
92983
92453
91979
91562
91202
90900
90659
90479
90361
90307
90316
90392
90534
90744
91022
91370
91789
92280
92843
93480
94191
94978
95841
96781
97799
98896
1.0007e+05
1.0133e+05
1.0267e+05
1.0408e+05
1.0559e+05
1.0717e+05
1.0884e+05
1.1059e+05
1.1242e+05
1.1434e+05
1.1635e+05
1.1844e+05
1.2062e+05
1.2289e+05
1.2524e+05
1.2768e+05
1.3021e+05
1.3282e+05
1.3552e+05
1.3832e+05
1.412e+05
1.4416e+05
1.4722e+05
1.5036e+05
1.536e+05
1.5692e+05
1.6033e+05
1.6383e+05
1.6741e+05
1.7109e+05
1.7485e+05
1.787e+05
1.8263e+05
1.8665e+05
1.9076e+05
1.9495e+05
1.9923e+05
2.036e+05
2.0804e+05
2.1257e+05
2.1719e+05
2.2188e+05
2.2666e+05
2.3152e+05
2.3646e+05
2.4148e+05
2.4657e+05
2.5175e+05
2.57e+05
2.6232e+05
2.6772e+05
2.732e+05
2.7874e+05
2.8436e+05
2.9005e+05
2.958e+05
3.0163e+05
3.0752e+05
3.1348e+05
3.195e+05
3.2558e+05
3.3172e+05
3.3793e+05
3.4419e+05
3.5051e+05
3.5689e+05
3.6332e+05
3.698e+05
3.7633e+05
3.8292e+05
3.8955e+05
3.9622e+05
4.0295e+05
4.0971e+05
4.1651e+05
4.2336e+05
4.3024e+05
4.3716e+05
4.4411e+05
4.5109e+05
4.581e+05
4.6515e+05
4.7221e+05
4.7931e+05
4.8642e+05
4.9356e+05
5.0071e+05
5.0788e+05
5.1507e+05
5.2227e+05
5.2948e+05
5.367e+05
5.4392e+05
5.5116e+05
5.5839e+05
5.6562e+05
5.7285e+05
5.8008e+05
5.8731e+05
5.9452e+05
6.0173e+05
6.0892e+05
6.161e+05
6.2327e+05
6.3042e+05
6.3754e+05
6.4465e+05
6.5173e+05
6.5878e+05
6.6581e+05
6.728e+05
6.7977e+05
6.8669e+05
6.9359e+05
7.0044e+05
7.0725e+05
7.1402e+05
7.2075e+05
7.2743e+05
7.3406e+05
7.4064e+05
7.4716e+05
7.5364e+05
7.6005e+05
7.6641e+05
7.7271e+05
7.7894e+05
7.8512e+05
7.9122e+05
7.9726e+05
8.0323e+05
8.0913e+05
8.1495e+05
8.207e+05
8.2638e+05
8.3198e+05
8.3749e+05
8.4293e+05
8.4828e+05
8.5355e+05
8.5873e+05
8.6382e+05
8.6883e+05
8.7374e+05
8.7857e+05
8.8329e+05
8.8793e+05
8.9247e+05
8.9691e+05
9.0125e+05
9.0549e+05
9.0963e+05
9.1367e+05
9.176e+05
9.2143e+05
9.2516e+05
9.2877e+05
9.3228e+05
9.3568e+05
9.3897e+05
9.4215e+05
9.4522e+05
9.4818e+05
9.5102e+05
9.5375e+05
9.5636e+05
9.5885e+05
9.6124e+05
9.635e+05
9.6565e+05
9.6767e+05
9.6958e+05
9.7138e+05
9.7305e+05
9.746e+05
9.7603e+05
9.7734e+05
9.7853e+05
9.796e+05
9.8055e+05
9.8137e+05
9.8208e+05
9.8266e+05
9.8312e+05
9.8346e+05
9.8368e+05
9.8378e+05
9.8375e+05
9.836e+05
9.8334e+05
9.8295e+05
9.8244e+05
9.818e+05
9.8105e+05
9.8018e+05
9.7919e+05
9.7808e+05
9.7685e+05
9.755e+05
9.7404e+05
9.7246e+05
9.7076e+05
9.6895e+05
9.6702e+05
9.6497e+05
9.6281e+05
9.6054e+05
9.5816e+05
9.5566e+05
9.5306e+05
9.5034e+05
9.4752e+05
9.4459e+05
9.4155e+05
9.3841e+05
9.3516e+05
9.318e+05
9.2835e+05
9.2479e+05
9.2113e+05
9.1738e+05
9.1352e+05
9.0957e+05
9.0552e+05
9.0138e+05
8.9714e+05
8.9282e+05
8.884e+05
8.8389e+05
8.793e+05
8.7462e+05
8.6985e+05
8.65e+05
8.6007e+05
8.5506e+05
8.4997e+05
8.448e+05
8.3955e+05
8.3424e+05
8.2884e+05
8.2338e+05
8.1785e+05
8.1225e+05
8.0658e+05
8.0084e+05
7.9505e+05
7.8919e+05
7.8327e+05
7.7729e+05
7.7126e+05
7.6517e+05
7.5903e+05
7.5284e+05
7.4659e+05
7.403e+05
7.3396e+05
7.2758e+05
7.2115e+05
7.1468e+05
7.0817e+05
7.0163e+05
6.9504e+05
6.8843e+05
6.8177e+05
6.7509e+05
6.6838e+05
6.6164e+05
6.5488e+05
6.4809e+05
6.4128e+05
6.3444e+05
6.2759e+05
6.2072e+05
6.1383e+05
6.0693e+05
6.0002e+05
5.931e+05
5.8616e+05
5.7922e+05
5.7228e+05
5.6533e+05
5.5837e+05
5.5142e+05
5.4446e+05
5.3751e+05
5.3056e+05
5.2362e+05
5.1668e+05
5.0976e+05
5.0284e+05
4.9593e+05
4.8904e+05
4.8216e+05
4.7529e+05
4.6845e+05
4.6162e+05
4.5481e+05
4.4802e+05
4.4126e+05
4.3452e+05
4.278e+05
4.2112e+05
4.1446e+05
4.0783e+05
4.0123e+05
3.9466e+05
3.8812e+05
3.8162e+05
3.7516e+05
3.6873e+05
3.6234e+05
3.5599e+05
3.4967e+05
3.434e+05
3.3717e+05
3.3099e+05
3.2485e+05
3.1875e+05
3.127e+05
3.0669e+05
3.0074e+05
2.9483e+05
2.8897e+05
2.8317e+05
2.7741e+05
2.7171e+05
2.6606e+05
2.6046e+05
2.5492e+05
2.4943e+05
2.44e+05
2.3862e+05
2.333e+05
2.2804e+05
2.2284e+05
2.1769e+05
2.1261e+05
2.0758e+05
2.0262e+05
1.9771e+05
1.9287e+05
1.8809e+05
1.8337e+05
1.7871e+05
1.7411e+05
1.6958e+05
1.6511e+05
1.6071e+05
1.5636e+05
1.5209e+05
1.4787e+05
1.4372e+05
1.3964e+05
1.3562e+05
1.3166e+05
1.2777e+05
1.2394e+05
1.2018e+05
1.1648e+05
1.1285e+05
1.0928e+05
1.0578e+05
1.0234e+05
98968
95659
92414
89234
86117
83065
80076
77151
74288
71489
68752
66077
63465
60914
58424
55996
53628
51319
49071
46882
44752
42680
40666
38710
36810
34967
33180
31448
29770
28147
26577
25061
23597
22184
20823
19512
18251
17040
15877
14762
13694
12672
11697
10766
9880.2
9037.9
8238.6
7481.5
6766
6091.3
5456.6
4861.2
4304.4
3785.4
3303.5
2857.8
2447.7
2072.3
1731
1422.8
1147.2
903.21
690.16
507.27
353.76
228.86
131.8
61.817
18.138
0
6.6375
37.289
91.194
167.6
265.74
384.88
524.27
683.16
860.81
1056.5
1269.5
1499
1744.4
2005
2279.9
2568.6
2870.3
3184.4
3510.1
3846.7
4193.7
