1.8036e+05
1.8555e+05
1.9077e+05
1.96e+05
2.0125e+05
2.065e+05
2.1174e+05
2.1698e+05
2.222e+05
2.274e+05
2.3257e+05
2.377e+05
2.4279e+05
2.4783e+05
2.5281e+05
2.5774e+05
2.626e+05
2.6738e+05
2.7209e+05
2.7672e+05
2.8126e+05
2.857e+05
2.9005e+05
2.943e+05
2.9844e+05
3.0247e+05
3.0639e+05
3.1019e+05
3.1387e+05
3.1743e+05
3.2086e+05
3.2417e+05
3.2734e+05
3.3038e+05
3.3329e+05
3.3606e+05
3.387e+05
3.412e+05
3.4356e+05
3.4578e+05
3.4786e+05
3.498e+05
3.5161e+05
3.5328e+05
3.5481e+05
3.5621e+05
3.5747e+05
3.5861e+05
3.5961e+05
3.6048e+05
3.6123e+05
3.6185e+05
3.6236e+05
3.6274e+05
3.6302e+05
3.6318e+05
3.6323e+05
3.6318e+05
3.6303e+05
3.6279e+05
3.6245e+05
3.6202e+05
3.6151e+05
3.6093e+05
3.6026e+05
3.5953e+05
3.5873e+05
3.5788e+05
3.5697e+05
3.56e+05
3.5499e+05
3.5395e+05
3.5286e+05
3.5175e+05
3.5061e+05
3.4945e+05
3.4827e+05
3.4708e+05
3.4589e+05
3.4469e+05
3.435e+05
3.4232e+05
3.4115e+05
3.3999e+05
3.3886e+05
3.3775e+05
3.3668e+05
3.3563e+05
3.3463e+05
3.3367e+05
3.3275e+05
3.3188e+05
3.3106e+05
3.3029e+05
3.2958e+05
3.2894e+05
3.2835e+05
3.2783e+05
3.2738e+05
3.27e+05
3.2669e+05
3.2645e+05
3.2628e+05
3.2619e+05
3.2618e+05
3.2624e+05
3.2638e+05
3.266e+05
3.2689e+05
3.2726e+05
3.2771e+05
3.2824e+05
3.2884e+05
3.2952e+05
3.3028e+05
3.311e+05
3.32e+05
3.3297e+05
3.34e+05
3.3511e+05
3.3627e+05
3.375e+05
3.3879e+05
3.4014e+05
3.4153e+05
3.4298e+05
3.4448e+05
3.4603e+05
3.4761e+05
3.4924e+05
3.509e+05
3.5259e+05
3.5431e+05
3.5605e+05
3.5781e+05
3.596e+05
3.6139e+05
3.6319e+05
3.65e+05
3.6681e+05
3.6861e+05
3.7041e+05
3.722e+05
3.7397e+05
3.7573e+05
3.7746e+05
3.7916e+05
3.8084e+05
3.8247e+05
3.8407e+05
3.8563e+05
3.8714e+05
3.8861e+05
3.9002e+05
3.9137e+05
3.9267e+05
3.939e+05
3.9506e+05
3.9616e+05
3.9719e+05
3.9814e+05
3.9901e+05
3.998e+05
4.0052e+05
4.0114e+05
4.0169e+05
4.0214e+05
4.025e+05
4.0277e+05
4.0295e+05
4.0304e+05
4.0303e+05
4.0292e+05
4.0271e+05
4.0241e+05
4.0201e+05
4.0151e+05
4.0091e+05
4.0022e+05
3.9942e+05
3.9853e+05
3.9753e+05
3.9644e+05
3.9526e+05
3.9397e+05
3.926e+05
3.9112e+05
3.8956e+05
3.8791e+05
3.8616e+05
3.8433e+05
3.8242e+05
3.8042e+05
3.7834e+05
3.7618e+05
3.7394e+05
3.7163e+05
3.6924e+05
3.6679e+05
3.6427e+05
3.6168e+05
3.5904e+05
3.5633e+05
3.5357e+05
3.5076e+05
3.4789e+05
3.4498e+05
3.4203e+05
3.3903e+05
3.36e+05
3.3294e+05
3.2984e+05
3.2671e+05
3.2356e+05
3.2039e+05
3.172e+05
3.1399e+05
3.1077e+05
3.0754e+05
3.043e+05
3.0106e+05
2.9782e+05
2.9458e+05
2.9134e+05
2.8811e+05
2.8489e+05
2.8169e+05
2.7849e+05
2.7532e+05
2.7216e+05
2.6902e+05
2.6591e+05
2.6282e+05
2.5976e+05
2.5672e+05
2.5372e+05
2.5075e+05
2.4781e+05
2.4491e+05
2.4204e+05
2.3921e+05
2.3641e+05
2.3366e+05
2.3094e+05
2.2826e+05
2.2562e+05
2.2302e+05
2.2047e+05
2.1795e+05
2.1547e+05
2.1304e+05
2.1064e+05
2.0829e+05
2.0597e+05
2.0369e+05
2.0145e+05
1.9925e+05
1.9708e+05
1.9495e+05
1.9286e+05
1.908e+05
1.8877e+05
1.8677e+05
1.848e+05
1.8285e+05
1.8094e+05
1.7905e+05
1.7718e+05
1.7533e+05
1.7351e+05
1.717e+05
1.6991e+05
1.6813e+05
1.6637e+05
1.6462e+05
1.6287e+05
1.6114e+05
1.5941e+05
1.5768e+05
1.5595e+05
1.5423e+05
1.525e+05
1.5077e+05
1.4903e+05
1.4728e+05
1.4553e+05
1.4376e+05
1.4199e+05
1.4019e+05
1.3839e+05
1.3656e+05
1.3472e+05
1.3286e+05
1.3098e+05
1.2908e+05
1.2715e+05
1.252e+05
1.2323e+05
1.2123e+05
1.1921e+05
1.1716e+05
1.1509e+05
1.1298e+05
1.1085e+05
1.087e+05
1.0651e+05
1.0431e+05
1.0207e+05
99809
97523
95212
92879
90522
88145
85747
83331
80898
78449
75986
73512
71028
68537
66040
63541
61042
58545
56053
53569
51096
48638
46197
43777
41381
39013
36676
34374
32110
29889
27715
25591
23521
21510
19561
17679
15868
14132
12475
10902
9416.5
8023.5
6727
5531.2
4440.5
3459.1
2591.2
1841
1212.7
710.37
338.15
100.04
0
41.918
229.62
566.85
1057.3
1704.5
2511.9
3482.9
4620.9
5928.8
7409.9
9067
10903
12920
15122
17509
20086
22853
25813
28967
32318
35866
39613
43560
47707
52057
56609
61364
66322
71483
76847
82413
88182
94153
1.0032e+05
1.0669e+05
1.1326e+05
1.2003e+05
1.2699e+05
1.3414e+05
1.4149e+05
1.4903e+05
1.5675e+05
1.6466e+05
1.7274e+05
1.8101e+05
1.8945e+05
1.9807e+05
2.0685e+05
2.158e+05
2.2491e+05
2.3418e+05
2.436e+05
2.5317e+05
2.6288e+05
2.7274e+05
2.8273e+05
2.9285e+05
3.0309e+05
3.1346e+05
3.2394e+05
3.3453e+05
3.4522e+05
3.5601e+05
3.669e+05
3.7786e+05
3.8891e+05
4.0004e+05
4.1123e+05
4.2248e+05
4.3379e+05
4.4515e+05
4.5655e+05
4.6798e+05
4.7944e+05
4.9093e+05
5.0243e+05
5.1394e+05
5.2545e+05
5.3696e+05
5.4845e+05
5.5992e+05
5.7137e+05
5.8279e+05
5.9416e+05
6.0549e+05
6.1677e+05
6.2798e+05
6.3913e+05
6.502e+05
6.6119e+05
6.7209e+05
6.829e+05
6.9361e+05
7.0421e+05
7.1469e+05
7.2505e+05
7.3529e+05
7.4539e+05
7.5535e+05
7.6517e+05
7.7483e+05
7.8433e+05
7.9367e+05
8.0284e+05
8.1184e+05
8.2065e+05
8.2928e+05
8.3772e+05
8.4596e+05
8.54e+05
8.6183e+05
8.6945e+05
8.7686e+05
8.8404e+05
8.9101e+05
8.9774e+05
9.0424e+05
9.1051e+05
9.1654e+05
9.2232e+05
9.2786e+05
9.3315e+05
9.3819e+05
9.4298e+05
9.4751e+05
9.5178e+05
9.5579e+05
9.5953e+05
9.6301e+05
9.6623e+05
9.6918e+05
9.7186e+05
9.7427e+05
9.7641e+05
9.7827e+05
9.7987e+05
9.8119e+05
9.8225e+05
9.8303e+05
9.8354e+05
9.8378e+05
9.8375e+05
9.8345e+05
9.8288e+05
9.8204e+05
9.8094e+05
9.7958e+05
9.7795e+05
9.7606e+05
9.7392e+05
9.7151e+05
9.6886e+05
9.6595e+05
9.628e+05
9.594e+05
9.5576e+05
9.5188e+05
9.4776e+05
9.4341e+05
9.3883e+05
9.3403e+05
9.29e+05
9.2376e+05
9.183e+05
9.1264e+05
9.0677e+05
9.007e+05
8.9443e+05
8.8797e+05
8.8133e+05
8.745e+05
8.675e+05
8.6032e+05
8.5298e+05
8.4547e+05
8.3781e+05
8.3e+05
8.2204e+05
8.1394e+05
8.057e+05
7.9733e+05
7.8884e+05
7.8023e+05
7.7151e+05
7.6267e+05
7.5374e+05
7.447e+05
7.3558e+05
7.2637e+05
7.1707e+05
7.0771e+05
6.9827e+05
6.8877e+05
6.7921e+05
6.696e+05
6.5994e+05
6.5024e+05
6.405e+05
6.3073e+05
6.2093e+05
6.1112e+05
6.0129e+05
5.9145e+05
5.816e+05
5.7176e+05
5.6192e+05
5.5208e+05
5.4227e+05
5.3247e+05
5.227e+05
5.1296e+05
5.0325e+05
4.9358e+05
4.8395e+05
4.7437e+05
4.6485e+05
4.5537e+05
4.4596e+05
4.3661e+05
4.2732e+05
4.1811e+05
4.0897e+05
3.9991e+05
3.9093e+05
3.8204e+05
3.7323e+05
3.6452e+05
3.559e+05
3.4737e+05
3.3895e+05
3.3063e+05
3.2241e+05
3.143e+05
3.0631e+05
2.9842e+05
2.9065e+05
2.8299e+05
2.7545e+05
2.6804e+05
2.6074e+05
2.5356e+05
2.4651e+05
2.3959e+05
2.3279e+05
2.2612e+05
2.1958e+05
2.1317e+05
2.0689e+05
2.0074e+05
1.9473e+05
1.8884e+05
1.8309e+05
1.7746e+05
1.7198e+05
1.6662e+05
1.614e+05
1.5631e+05
1.5135e+05
1.4652e+05
1.4182e+05
1.3726e+05
1.3282e+05
1.2852e+05
1.2434e+05
1.2029e+05
1.1637e+05
1.1257e+05
1.089e+05
1.0534e+05
1.0192e+05
98608
95420
92348
89393
86553
83825
81209
78702
76302
74008
71818
69730
67742
65851
64057
62356
60746
59227
57794
56447
55182
53998
52893
51863
50908
50024
49209
48461
47779
47158
46598
46095
45649
45255
44913
44619
44372
44170
44010
43889
43807
43760
43747
43766
43814
43890
43991
44116
44262
44428
44612
44812
45027
45254
45492
45739
45993
46254
46519
46787
47056
47326
47595
47861
48123
48380
48631
48874
49109
49335
49550
49754
49946
50125
50289
50439
50574
50693
50795
50880
50947
50996
51026
51038
51030
51002
50954
50887
50798
50690
50561
50411
50240
50049
49838
49605
49353
49080
48787
48474
48141
47790
47419
47029
46621
46195
45751
45290
44812
44319
43809
