1.1527e+05
1.1793e+05
1.2065e+05
1.2342e+05
1.2624e+05
1.291e+05
1.3201e+05
1.3496e+05
1.3794e+05
1.4097e+05
1.4403e+05
1.4712e+05
1.5023e+05
1.5338e+05
1.5655e+05
1.5974e+05
1.6296e+05
1.6619e+05
1.6943e+05
1.7269e+05
1.7595e+05
1.7923e+05
1.825e+05
1.8578e+05
1.8906e+05
1.9234e+05
1.9561e+05
1.9887e+05
2.0212e+05
2.0536e+05
2.0858e+05
2.1178e+05
2.1497e+05
2.1813e+05
2.2127e+05
2.2438e+05
2.2747e+05
2.3052e+05
2.3354e+05
2.3653e+05
2.3947e+05
2.4238e+05
2.4525e+05
2.4808e+05
2.5087e+05
2.5361e+05
2.563e+05
2.5894e+05
2.6154e+05
2.6408e+05
2.6657e+05
2.6901e+05
2.714e+05
2.7373e+05
2.76e+05
2.7822e+05
2.8038e+05
2.8248e+05
2.8452e+05
2.865e+05
2.8842e+05
2.9028e+05
2.9208e+05
2.9382e+05
2.955e+05
2.9712e+05
2.9868e+05
3.0017e+05
3.0161e+05
3.0298e+05
3.043e+05
3.0555e+05
3.0675e+05
3.0789e+05
3.0896e+05
3.0999e+05
3.1095e+05
3.1186e+05
3.1271e+05
3.1351e+05
3.1425e+05
3.1494e+05
3.1558e+05
3.1617e+05
3.1671e+05
3.172e+05
3.1764e+05
3.1803e+05
3.1838e+05
3.1869e+05
3.1895e+05
3.1918e+05
3.1936e+05
3.195e+05
3.196e+05
3.1967e+05
3.197e+05
3.197e+05
3.1967e+05
3.196e+05
3.1951e+05
3.1938e+05
3.1923e+05
3.1905e+05
3.1885e+05
3.1862e+05
3.1837e+05
3.181e+05
3.1781e+05
3.1749e+05
3.1716e+05
3.1681e+05
3.1645e+05
3.1607e+05
3.1567e+05
3.1526e+05
3.1484e+05
3.1441e+05
3.1396e+05
3.135e+05
3.1304e+05
3.1256e+05
3.1207e+05
3.1158e+05
3.1108e+05
3.1057e+05
3.1005e+05
3.0952e+05
3.0899e+05
3.0845e+05
3.0791e+05
3.0735e+05
3.0679e+05
3.0623e+05
3.0566e+05
3.0508e+05
3.0449e+05
3.0389e+05
3.0329e+05
3.0268e+05
3.0206e+05
3.0144e+05
3.008e+05
3.0015e+05
2.995e+05
2.9883e+05
2.9815e+05
2.9746e+05
2.9676e+05
2.9604e+05
2.9531e+05
2.9457e+05
2.9381e+05
2.9303e+05
2.9224e+05
2.9143e+05
2.906e+05
2.8975e+05
2.8888e+05
2.8799e+05
2.8708e+05
2.8614e+05
2.8518e+05
2.842e+05
2.8319e+05
2.8216e+05
2.811e+05
2.8002e+05
2.789e+05
2.7776e+05
2.7659e+05
2.7539e+05
2.7416e+05
2.729e+05
2.716e+05
2.7028e+05
2.6892e+05
2.6753e+05
2.6611e+05
2.6465e+05
2.6316e+05
2.6163e+05
2.6008e+05
2.5848e+05
2.5686e+05
2.552e+05
2.535e+05
2.5177e+05
2.5001e+05
2.4821e+05
2.4638e+05
2.4452e+05
2.4263e+05
2.407e+05
2.3874e+05
2.3675e+05
2.3473e+05
2.3267e+05
2.3059e+05
2.2848e+05
2.2635e+05
2.2418e+05
2.2199e+05
2.1978e+05
2.1754e+05
2.1528e+05
2.1299e+05
2.1069e+05
2.0837e+05
2.0603e+05
2.0367e+05
2.0129e+05
1.9891e+05
1.965e+05
1.9409e+05
1.9167e+05
1.8924e+05
1.868e+05
1.8436e+05
1.8191e+05
1.7946e+05
1.7701e+05
1.7456e+05
1.7211e+05
1.6966e+05
1.6722e+05
1.6479e+05
1.6236e+05
1.5994e+05
1.5754e+05
1.5515e+05
1.5277e+05
1.504e+05
1.4806e+05
1.4573e+05
1.4342e+05
1.4113e+05
1.3887e+05
1.3663e+05
1.3441e+05
1.3222e+05
1.3005e+05
1.2792e+05
1.2581e+05
1.2373e+05
1.2168e+05
1.1966e+05
1.1768e+05
1.1573e+05
1.1381e+05
1.1193e+05
1.1008e+05
1.0827e+05
1.0649e+05
1.0475e+05
1.0304e+05
1.0137e+05
99738
98141
96580
95056
93568
92115
90698
89316
87969
86656
85377
84130
82916
81733
80581
79458
78365
77299
76260
75246
74258
73292
72349
71427
70524
69640
68773
67921
67084
66260
65447
64645
63851
63064
62283
61507
60734
59962
59191
58419
57645
56868
56085
55297
54502
53698
52886
52063
51229
50384
49525
48654
47768
46867
45952
45021
44074
43111
42132
41136
40125
39098
38055
36996
35923
34836
33735
32622
31496
30360
29215
28061
26900
25734
24564
23391
22219
21048
19881
18721
17568
16426
15297
14184
13089
12015
10966
9943.7
8951.6
7993
7071.1
6189.1
5350.5
4558.8
3817.5
3130.3
2500.9
1932.8
1430.1
996.34
635.55
351.58
148.36
29.847
0
62.802
222.24
482.3
846.96
1320.2
1905.9
2608.2
3430.7
4377.5
5452.3
6658.9
8001
9482.2
11106
12877
14797
16870
19099
21488
24039
26756
29641
32697
35926
39332
42916
46680
50627
54759
59076
63581
68275
73159
78235
83502
88963
94617
1.0046e+05
1.0651e+05
1.1274e+05
1.1917e+05
1.2579e+05
1.326e+05
1.3961e+05
1.468e+05
1.5419e+05
1.6176e+05
1.6951e+05
1.7745e+05
1.8558e+05
1.9388e+05
2.0236e+05
2.1101e+05
2.1984e+05
2.2883e+05
2.3799e+05
2.4731e+05
2.5678e+05
2.6642e+05
2.762e+05
2.8612e+05
2.9619e+05
3.0639e+05
3.1672e+05
3.2718e+05
3.3776e+05
3.4845e+05
3.5926e+05
3.7017e+05
3.8118e+05
3.9228e+05
4.0346e+05
4.1473e+05
4.2607e+05
4.3747e+05
4.4894e+05
4.6046e+05
4.7202e+05
4.8363e+05
4.9526e+05
5.0693e+05
5.1861e+05
5.303e+05
5.4199e+05
5.5368e+05
5.6535e+05
5.7701e+05
5.8864e+05
6.0023e+05
6.1178e+05
6.2328e+05
6.3472e+05
6.461e+05
6.574e+05
6.6862e+05
6.7976e+05
6.9079e+05
7.0172e+05
7.1254e+05
7.2324e+05
7.3382e+05
7.4426e+05
7.5455e+05
7.647e+05
7.747e+05
7.8453e+05
7.9419e+05
8.0368e+05
8.1298e+05
8.221e+05
8.3101e+05
8.3973e+05
8.4824e+05
8.5653e+05
8.646e+05
8.7245e+05
8.8006e+05
8.8744e+05
8.9458e+05
9.0147e+05
9.0811e+05
9.145e+05
9.2062e+05
9.2648e+05
9.3207e+05
9.374e+05
9.4244e+05
9.4721e+05
9.5169e+05
9.5589e+05
9.598e+05
9.6343e+05
9.6676e+05
9.698e+05
9.7254e+05
9.7499e+05
9.7713e+05
9.7898e+05
9.8053e+05
9.8178e+05
9.8273e+05
9.8338e+05
9.8373e+05
9.8378e+05
9.8353e+05
9.8298e+05
9.8213e+05
9.8099e+05
9.7955e+05
9.7782e+05
9.758e+05
9.735e+05
9.709e+05
9.6803e+05
9.6487e+05
9.6144e+05
9.5773e+05
9.5375e+05
9.4951e+05
9.45e+05
9.4024e+05
9.3522e+05
9.2995e+05
9.2443e+05
9.1867e+05
9.1268e+05
9.0646e+05
9.0001e+05
8.9334e+05
8.8645e+05
8.7935e+05
8.7206e+05
8.6456e+05
8.5687e+05
8.4899e+05
8.4094e+05
8.3271e+05
8.2431e+05
8.1575e+05
8.0704e+05
7.9818e+05
7.8918e+05
7.8004e+05
7.7077e+05
7.6138e+05
7.5188e+05
7.4227e+05
7.3256e+05
7.2275e+05
7.1285e+05
7.0287e+05
6.9282e+05
6.827e+05
6.7251e+05
6.6228e+05
6.5199e+05
6.4166e+05
6.313e+05
6.2091e+05
6.105e+05
6.0007e+05
5.8963e+05
5.7919e+05
5.6876e+05
5.5833e+05
5.4791e+05
5.3752e+05
5.2716e+05
5.1682e+05
5.0653e+05
4.9628e+05
4.8607e+05
4.7592e+05
4.6583e+05
4.5581e+05
4.4585e+05
4.3597e+05
4.2616e+05
4.1644e+05
4.068e+05
3.9726e+05
3.8781e+05
3.7846e+05
3.6921e+05
3.6007e+05
3.5104e+05
3.4212e+05
3.3332e+05
3.2464e+05
3.1608e+05
3.0764e+05
2.9933e+05
2.9116e+05
2.8311e+05
2.752e+05
2.6742e+05
2.5978e+05
2.5228e+05
2.4492e+05
2.377e+05
2.3063e+05
2.2369e+05
2.1691e+05
2.1027e+05
2.0378e+05
1.9743e+05
1.9123e+05
1.8518e+05
1.7927e+05
1.7351e+05
1.679e+05
1.6243e+05
1.5712e+05
1.5194e+05
1.4691e+05
1.4203e+05
1.3729e+05
1.3269e+05
1.2823e+05
1.2391e+05
1.1973e+05
1.1569e+05
1.1178e+05
1.08e+05
1.0436e+05
1.0085e+05
97462
94205
91071
88061
85170
82398
79742
77199
74767
72445
70229
68117
66107
64195
62380
60660
59030
57490
56036
54665
53375
52164
51028
49965
48973
48049
47190
46394
45658
44980
44357
43786
43265
42793
42365
41981
41637
41331
41062
40826
40622
40447
40300
40178
40079
40002
39944
39904
39880
39870
39872
39885
39907
39936
39972
40013
40056
40102
40149
40195
40239
40281
40319
40352
40379
40400
40413
40418
40414
40400
40376
40341
40294
40236
40165
40082
39985
39875
39751
39613
39461
39295
39114
38918
38708
38484
38245
37991
37723
37440
37144
36833
36508
36170
35819
35454
35076
34686
34283
33869
33443
33005
32557
32098
31629
31151
30663
30166
29661
29148
28627
28099
27564
27023
