1.7277e+05
1.7596e+05
1.7918e+05
1.8244e+05
1.8573e+05
1.8904e+05
1.9238e+05
1.9574e+05
1.9912e+05
2.0251e+05
2.0592e+05
2.0934e+05
2.1276e+05
2.162e+05
2.1963e+05
2.2307e+05
2.265e+05
2.2993e+05
2.3334e+05
2.3675e+05
2.4015e+05
2.4353e+05
2.4689e+05
2.5023e+05
2.5355e+05
2.5684e+05
2.601e+05
2.6334e+05
2.6654e+05
2.697e+05
2.7283e+05
2.7592e+05
2.7897e+05
2.8197e+05
2.8493e+05
2.8784e+05
2.9071e+05
2.9352e+05
2.9628e+05
2.9899e+05
3.0164e+05
3.0424e+05
3.0678e+05
3.0926e+05
3.1168e+05
3.1403e+05
3.1633e+05
3.1856e+05
3.2073e+05
3.2283e+05
3.2487e+05
3.2684e+05
3.2874e+05
3.3058e+05
3.3235e+05
3.3405e+05
3.3569e+05
3.3725e+05
3.3875e+05
3.4018e+05
3.4155e+05
3.4284e+05
3.4407e+05
3.4524e+05
3.4633e+05
3.4736e+05
3.4833e+05
3.4923e+05
3.5007e+05
3.5084e+05
3.5156e+05
3.5221e+05
3.528e+05
3.5334e+05
3.5381e+05
3.5423e+05
3.546e+05
3.5491e+05
3.5517e+05
3.5537e+05
3.5553e+05
3.5563e+05
3.5569e+05
3.5571e+05
3.5568e+05
3.556e+05
3.5549e+05
3.5533e+05
3.5514e+05
3.5491e+05
3.5464e+05
3.5434e+05
3.5401e+05
3.5364e+05
3.5325e+05
3.5283e+05
3.5238e+05
3.5191e+05
3.5142e+05
3.509e+05
3.5036e+05
3.4981e+05
3.4923e+05
3.4864e+05
3.4803e+05
3.4741e+05
3.4678e+05
3.4613e+05
3.4548e+05
3.4481e+05
3.4414e+05
3.4346e+05
3.4277e+05
3.4207e+05
3.4137e+05
3.4067e+05
3.3996e+05
3.3925e+05
3.3854e+05
3.3782e+05
3.3711e+05
3.3639e+05
3.3567e+05
3.3495e+05
3.3423e+05
3.3351e+05
3.3279e+05
3.3207e+05
3.3135e+05
3.3062e+05
3.299e+05
3.2918e+05
3.2846e+05
3.2773e+05
3.27e+05
3.2627e+05
3.2554e+05
3.248e+05
3.2406e+05
3.2332e+05
3.2257e+05
3.2182e+05
3.2105e+05
3.2028e+05
3.1951e+05
3.1872e+05
3.1792e+05
3.1711e+05
3.1629e+05
3.1546e+05
3.1462e+05
3.1375e+05
3.1288e+05
3.1198e+05
3.1107e+05
3.1014e+05
3.0919e+05
3.0822e+05
3.0723e+05
3.0621e+05
3.0517e+05
3.0411e+05
3.0302e+05
3.019e+05
3.0076e+05
2.9958e+05
2.9838e+05
2.9715e+05
2.9589e+05
2.9459e+05
2.9327e+05
2.9191e+05
2.9051e+05
2.8908e+05
2.8762e+05
2.8612e+05
2.8459e+05
2.8302e+05
2.8142e+05
2.7978e+05
2.781e+05
2.7638e+05
2.7463e+05
2.7284e+05
2.7102e+05
2.6916e+05
2.6726e+05
2.6533e+05
2.6336e+05
2.6136e+05
2.5932e+05
2.5724e+05
2.5514e+05
2.53e+05
2.5083e+05
2.4863e+05
2.4639e+05
2.4413e+05
2.4184e+05
2.3952e+05
2.3718e+05
2.3481e+05
2.3242e+05
2.3001e+05
2.2757e+05
2.2512e+05
2.2265e+05
2.2016e+05
2.1766e+05
2.1514e+05
2.1261e+05
2.1007e+05
2.0753e+05
2.0497e+05
2.0242e+05
1.9986e+05
1.973e+05
1.9473e+05
1.9218e+05
1.8962e+05
1.8708e+05
1.8454e+05
1.8201e+05
1.7949e+05
1.7699e+05
1.745e+05
1.7203e+05
1.6958e+05
1.6716e+05
1.6475e+05
1.6237e+05
1.6001e+05
1.5769e+05
1.5539e+05
1.5312e+05
1.5089e+05
1.4869e+05
1.4653e+05
1.444e+05
1.4231e+05
1.4027e+05
1.3826e+05
1.3629e+05
1.3437e+05
1.3249e+05
1.3066e+05
1.2887e+05
1.2713e+05
1.2543e+05
1.2379e+05
1.2219e+05
1.2064e+05
1.1914e+05
1.1768e+05
1.1628e+05
1.1493e+05
1.1362e+05
1.1237e+05
1.1116e+05
1.1e+05
1.0889e+05
1.0783e+05
1.0681e+05
1.0584e+05
1.0492e+05
1.0404e+05
1.032e+05
1.0241e+05
1.0166e+05
1.0095e+05
1.0027e+05
99638
99038
98474
97942
97442
96972
96529
96112
95720
95349
94999
94667
94352
94050
93760
93480
93208
92940
92676
92413
92149
91882
91608
91327
91036
90733
90415
90082
89730
89357
88962
88544
88099
87626
87124
86590
86024
85424
84788
84116
83406
82656
81866
81036
80163
79248
78291
77290
76245
75156
74024
72847
71628
70365
69059
67711
66323
64893
63425
61919
60376
58797
57186
55542
53869
52168
50442
48693
46923
45135
43332
41517
39692
37862
36029
34196
32368
30548
28739
26946
25172
23422
21699
20009
18355
16741
15173
13655
12190
10785
9444
8171.2
6971.7
5850.2
4811.8
3861.1
3003.1
2242.7
1584.7
1034
595.34
273.63
73.604
0
57.503
250.74
584.29
1062.6
1690.2
2471.4
3410.3
4511.2
5778.2
7215
8825.7
10614
12583
14736
17078
19610
22336
25258
28380
31703
35231
38964
42906
47058
51421
55996
60785
65789
71009
76444
82096
87963
94047
1.0035e+05
1.0686e+05
1.1359e+05
1.2053e+05
1.2769e+05
1.3505e+05
1.4262e+05
1.504e+05
1.5838e+05
1.6657e+05
1.7495e+05
1.8353e+05
1.9231e+05
2.0127e+05
2.1042e+05
2.1975e+05
2.2926e+05
2.3894e+05
2.488e+05
2.5881e+05
2.6899e+05
2.7932e+05
2.8981e+05
3.0043e+05
3.112e+05
3.2209e+05
3.3311e+05
3.4426e+05
3.5552e+05
3.6688e+05
3.7835e+05
3.899e+05
4.0155e+05
4.1328e+05
4.2507e+05
4.3694e+05
4.4886e+05
4.6083e+05
4.7284e+05
4.8489e+05
4.9696e+05
5.0905e+05
5.2116e+05
5.3326e+05
5.4536e+05
5.5745e+05
5.6951e+05
5.8155e+05
5.9354e+05
6.0549e+05
6.1739e+05
6.2922e+05
6.4097e+05
6.5265e+05
6.6424e+05
6.7574e+05
6.8713e+05
6.9841e+05
7.0956e+05
7.2059e+05
7.3149e+05
7.4224e+05
7.5283e+05
7.6327e+05
7.7355e+05
7.8364e+05
7.9356e+05
8.0329e+05
8.1282e+05
8.2216e+05
8.3128e+05
8.4019e+05
8.4888e+05
8.5734e+05
8.6556e+05
8.7355e+05
8.813e+05
8.8879e+05
8.9603e+05
9.0301e+05
9.0972e+05
9.1617e+05
9.2234e+05
9.2823e+05
9.3384e+05
9.3917e+05
9.4421e+05
9.4896e+05
9.5341e+05
9.5757e+05
9.6142e+05
9.6498e+05
9.6823e+05
9.7117e+05
9.7381e+05
9.7614e+05
9.7816e+05
9.7987e+05
9.8127e+05
9.8236e+05
9.8314e+05
9.8362e+05
9.8378e+05
9.8363e+05
9.8317e+05
9.8241e+05
9.8135e+05
9.7998e+05
9.7831e+05
9.7634e+05
9.7407e+05
9.7151e+05
9.6866e+05
9.6552e+05
9.621e+05
9.584e+05
9.5442e+05
9.5016e+05
9.4564e+05
9.4085e+05
9.358e+05
9.305e+05
9.2494e+05
9.1914e+05
9.1309e+05
9.0682e+05
9.0031e+05
8.9357e+05
8.8662e+05
8.7945e+05
8.7208e+05
8.645e+05
8.5674e+05
8.4878e+05
8.4064e+05
8.3232e+05
8.2384e+05
8.1519e+05
8.0638e+05
7.9743e+05
7.8834e+05
7.791e+05
7.6975e+05
7.6026e+05
7.5067e+05
7.4096e+05
7.3116e+05
7.2126e+05
7.1127e+05
7.0121e+05
6.9107e+05
6.8086e+05
6.706e+05
6.6028e+05
6.4992e+05
6.3952e+05
6.2908e+05
6.1862e+05
6.0815e+05
5.9766e+05
5.8716e+05
5.7666e+05
5.6618e+05
5.557e+05
5.4524e+05
5.3481e+05
5.2441e+05
5.1405e+05
5.0373e+05
4.9345e+05
4.8323e+05
4.7307e+05
4.6297e+05
4.5294e+05
4.4299e+05
4.3311e+05
4.2332e+05
4.1362e+05
4.04e+05
3.9448e+05
3.8507e+05
3.7576e+05
3.6655e+05
3.5746e+05
3.4848e+05
3.3962e+05
3.3088e+05
3.2227e+05
3.1378e+05
3.0542e+05
2.972e+05
2.8911e+05
2.8115e+05
2.7334e+05
2.6566e+05
2.5813e+05
2.5074e+05
2.435e+05
2.364e+05
2.2946e+05
2.2265e+05
2.16e+05
2.095e+05
2.0315e+05
1.9695e+05
1.909e+05
1.8501e+05
1.7926e+05
1.7366e+05
1.6822e+05
1.6292e+05
1.5778e+05
1.5278e+05
1.4793e+05
1.4323e+05
1.3868e+05
1.3426e+05
1.3e+05
1.2587e+05
1.2189e+05
1.1804e+05
1.1434e+05
1.1077e+05
1.0733e+05
1.0402e+05
1.0085e+05
97802
94881
92085
89410
86854
84416
82092
79880
77778
75783
73893
72105
70416
68824
67326
65919
64601
63368
62219
61151
60160
59244
58400
57626
56919
56276
55694
55172
54705
54292
53930
53617
53349
53125
52941
52796
52688
52613
52569
52555
52567
52605
52665
52746
52845
52961
53092
53236
53391
53555
53726
53904
54086
54270
54456
54642
54827
55009
55186
55359
55525
55684
55835
55976
56107
56227
56335
56430
56511
56579
56632
56670
56693
56699
56689
56662
56618
56556
56477
56380
56266
56133
55982
55814
55627
55422
55200
54959
54701
54426
54134
53824
53498
53156
52797
52423
52033
51629
51210
50776
50329
49869
49396
48911
48413
47905
47385
46855
