7.8873e+05
7.9275e+05
7.9668e+05
8.0055e+05
8.0436e+05
8.0811e+05
8.1182e+05
8.1548e+05
8.191e+05
8.2269e+05
8.2626e+05
8.298e+05
8.3332e+05
8.3683e+05
8.4032e+05
8.438e+05
8.4728e+05
8.5075e+05
8.5422e+05
8.5768e+05
8.6114e+05
8.646e+05
8.6806e+05
8.7152e+05
8.7497e+05
8.7842e+05
8.8186e+05
8.8529e+05
8.8872e+05
8.9213e+05
8.9553e+05
8.9891e+05
9.0227e+05
9.0561e+05
9.0892e+05
9.1221e+05
9.1545e+05
9.1867e+05
9.2184e+05
9.2497e+05
9.2805e+05
9.3107e+05
9.3405e+05
9.3696e+05
9.3981e+05
9.426e+05
9.4531e+05
9.4795e+05
9.5052e+05
9.53e+05
9.554e+05
9.5772e+05
9.5995e+05
9.6209e+05
9.6414e+05
9.6609e+05
9.6794e+05
9.697e+05
9.7135e+05
9.729e+05
9.7436e+05
9.757e+05
9.7695e+05
9.7808e+05
9.7912e+05
9.8005e+05
9.8087e+05
9.8159e+05
9.8221e+05
9.8272e+05
9.8313e+05
9.8344e+05
9.8365e+05
9.8376e+05
9.8378e+05
9.837e+05
9.8352e+05
9.8326e+05
9.829e+05
9.8246e+05
9.8193e+05
9.8132e+05
9.8063e+05
9.7987e+05
9.7902e+05
9.7811e+05
9.7712e+05
9.7607e+05
9.7495e+05
9.7377e+05
9.7253e+05
9.7124e+05
9.6988e+05
9.6848e+05
9.6703e+05
9.6552e+05
9.6398e+05
9.6239e+05
9.6076e+05
9.5909e+05
9.5738e+05
9.5565e+05
9.5387e+05
9.5207e+05
9.5024e+05
9.4838e+05
9.4649e+05
9.4458e+05
9.4264e+05
9.4069e+05
9.3871e+05
9.3671e+05
9.3469e+05
9.3265e+05
9.3059e+05
9.2852e+05
9.2642e+05
9.2431e+05
9.2219e+05
9.2004e+05
9.1788e+05
9.157e+05
9.135e+05
9.1129e+05
9.0906e+05
9.0681e+05
9.0454e+05
9.0225e+05
8.9995e+05
8.9762e+05
8.9527e+05
8.929e+05
8.9051e+05
8.881e+05
8.8566e+05
8.832e+05
8.8071e+05
8.782e+05
8.7566e+05
8.731e+05
8.705e+05
8.6788e+05
8.6523e+05
8.6255e+05
8.5984e+05
8.5709e+05
8.5432e+05
8.5151e+05
8.4867e+05
8.458e+05
8.429e+05
8.3996e+05
8.3699e+05
8.3398e+05
8.3094e+05
8.2787e+05
8.2477e+05
8.2163e+05
8.1846e+05
8.1525e+05
8.1202e+05
8.0875e+05
8.0545e+05
8.0212e+05
7.9876e+05
7.9538e+05
7.9196e+05
7.8852e+05
7.8505e+05
7.8156e+05
7.7804e+05
7.745e+05
7.7094e+05
7.6737e+05
7.6377e+05
7.6016e+05
7.5653e+05
7.5289e+05
7.4924e+05
7.4558e+05
7.4192e+05
7.3824e+05
7.3457e+05
7.3089e+05
7.2721e+05
7.2353e+05
7.1986e+05
7.162e+05
7.1254e+05
7.089e+05
7.0527e+05
7.0165e+05
6.9805e+05
6.9447e+05
6.9091e+05
6.8737e+05
6.8386e+05
6.8038e+05
6.7693e+05
6.7351e+05
6.7012e+05
6.6677e+05
6.6346e+05
6.6018e+05
6.5695e+05
6.5377e+05
6.5062e+05
6.4753e+05
6.4448e+05
6.4149e+05
6.3855e+05
6.3566e+05
6.3283e+05
6.3005e+05
6.2733e+05
6.2467e+05
6.2208e+05
6.1954e+05
6.1707e+05
6.1466e+05
6.1232e+05
6.1004e+05
6.0784e+05
6.057e+05
6.0363e+05
6.0162e+05
5.9969e+05
5.9783e+05
5.9605e+05
5.9433e+05
5.9269e+05
5.9111e+05
5.8962e+05
5.8819e+05
5.8684e+05
5.8556e+05
5.8436e+05
5.8323e+05
5.8217e+05
5.8118e+05
5.8027e+05
5.7943e+05
5.7867e+05
5.7797e+05
5.7735e+05
5.768e+05
5.7632e+05
5.7591e+05
5.7557e+05
5.753e+05
5.7509e+05
5.7496e+05
5.7489e+05
5.7489e+05
5.7495e+05
5.7508e+05
5.7527e+05
5.7552e+05
5.7583e+05
5.7621e+05
5.7664e+05
5.7713e+05
5.7768e+05
5.7829e+05
5.7895e+05
5.7966e+05
5.8043e+05
5.8124e+05
5.8211e+05
5.8303e+05
5.8399e+05
5.85e+05
5.8605e+05
5.8715e+05
5.8829e+05
5.8947e+05
5.9069e+05
5.9194e+05
5.9324e+05
5.9456e+05
5.9593e+05
5.9732e+05
5.9875e+05
6.002e+05
6.0169e+05
6.032e+05
6.0474e+05
6.063e+05
6.0788e+05
6.0949e+05
6.1112e+05
6.1277e+05
6.1443e+05
6.1612e+05
6.1782e+05
6.1953e+05
6.2126e+05
6.2301e+05
6.2476e+05
6.2653e+05
6.2831e+05
6.301e+05
6.3189e+05
6.337e+05
6.3551e+05
6.3733e+05
6.3916e+05
6.41e+05
6.4284e+05
6.4469e+05
6.4654e+05
6.484e+05
6.5026e+05
6.5213e+05
6.54e+05
6.5588e+05
6.5776e+05
6.5965e+05
6.6155e+05
6.6345e+05
6.6536e+05
6.6728e+05
6.692e+05
6.7113e+05
6.7308e+05
6.7503e+05
6.7699e+05
6.7896e+05
6.8094e+05
6.8293e+05
6.8494e+05
6.8697e+05
6.89e+05
6.9106e+05
6.9313e+05
6.9522e+05
6.9733e+05
6.9946e+05
7.0161e+05
7.0378e+05
7.0598e+05
7.082e+05
7.1044e+05
7.1271e+05
7.1501e+05
7.1734e+05
7.1969e+05
7.2208e+05
7.2449e+05
7.2694e+05
7.2942e+05
7.3193e+05
7.3448e+05
7.3706e+05
7.3967e+05
7.4232e+05
7.45e+05
7.4772e+05
7.5047e+05
7.5326e+05
7.5608e+05
7.5894e+05
7.6184e+05
7.6477e+05
7.6773e+05
7.7073e+05
7.7376e+05
7.7682e+05
7.7992e+05
7.8304e+05
7.862e+05
7.8938e+05
7.9259e+05
7.9583e+05
7.9909e+05
8.0238e+05
8.0569e+05
8.0902e+05
8.1236e+05
8.1573e+05
8.1911e+05
8.225e+05
8.259e+05
8.2931e+05
8.3273e+05
8.3615e+05
8.3957e+05
8.4299e+05
8.4641e+05
8.4982e+05
8.5323e+05
8.5662e+05
8.6e+05
8.6337e+05
8.6671e+05
8.7004e+05
8.7334e+05
8.7662e+05
8.7986e+05
8.8308e+05
8.8626e+05
8.8941e+05
8.9251e+05
8.9558e+05
8.986e+05
9.0157e+05
9.045e+05
9.0737e+05
9.102e+05
9.1296e+05
9.1567e+05
9.1832e+05
9.2091e+05
9.2343e+05
9.2589e+05
9.2829e+05
9.3061e+05
9.3287e+05
9.3505e+05
9.3716e+05
9.392e+05
9.4117e+05
9.4305e+05
9.4487e+05
9.466e+05
9.4826e+05
9.4983e+05
9.5133e+05
9.5275e+05
9.5409e+05
9.5535e+05
9.5653e+05
9.5763e+05
9.5865e+05
9.5959e+05
9.6045e+05
9.6123e+05
9.6194e+05
9.6256e+05
9.6311e+05
9.6359e+05
9.6398e+05
9.6431e+05
9.6456e+05
9.6473e+05
9.6484e+05
9.6487e+05
9.6484e+05
9.6474e+05
9.6457e+05
9.6433e+05
9.6403e+05
9.6367e+05
9.6325e+05
9.6276e+05
9.6222e+05
9.6162e+05
9.6096e+05
9.6025e+05
9.5949e+05
9.5867e+05
9.5781e+05
9.5689e+05
9.5593e+05
9.5492e+05
9.5386e+05
9.5277e+05
9.5162e+05
9.5044e+05
9.4922e+05
9.4796e+05
9.4666e+05
9.4532e+05
9.4394e+05
9.4254e+05
9.4109e+05
9.3962e+05
9.3811e+05
9.3657e+05
9.3499e+05
9.3339e+05
9.3176e+05
9.301e+05
9.2841e+05
9.2669e+05
9.2494e+05
9.2316e+05
9.2136e+05
9.1953e+05
9.1767e+05
9.1579e+05
9.1388e+05
9.1194e+05
9.0998e+05
9.0799e+05
9.0597e+05
9.0392e+05
9.0185e+05
8.9975e+05
8.9763e+05
8.9547e+05
8.9329e+05
8.9108e+05
8.8884e+05
8.8657e+05
8.8428e+05
8.8195e+05
8.796e+05
8.7721e+05
8.748e+05
8.7235e+05
8.6987e+05
8.6737e+05
8.6483e+05
8.6225e+05
8.5965e+05
8.5701e+05
8.5434e+05
8.5164e+05
8.489e+05
8.4613e+05
8.4333e+05
8.4049e+05
8.3762e+05
8.3471e+05
8.3177e+05
8.2879e+05
8.2578e+05
8.2273e+05
8.1965e+05
8.1653e+05
8.1338e+05
8.1019e+05
8.0696e+05
8.037e+05
8.0041e+05
7.9708e+05
7.9371e+05
7.9031e+05
7.8688e+05
7.8341e+05
7.7991e+05
7.7637e+05
7.728e+05
7.692e+05
7.6556e+05
7.6189e+05
7.5819e+05
7.5446e+05
7.5069e+05
7.469e+05
7.4307e+05
7.3921e+05
7.3532e+05
7.3141e+05
7.2746e+05
7.2348e+05
7.1948e+05
7.1545e+05
7.1139e+05
7.0731e+05
7.032e+05
6.9906e+05
6.949e+05
6.9071e+05
6.865e+05
6.8227e+05
6.7801e+05
6.7373e+05
6.6943e+05
6.6511e+05
6.6076e+05
6.564e+05
6.5201e+05
6.4761e+05
6.4319e+05
6.3874e+05
6.3429e+05
6.2981e+05
6.2531e+05
6.208e+05
6.1628e+05
6.1173e+05
6.0718e+05
6.026e+05
5.9802e+05
5.9342e+05
5.8881e+05
5.8418e+05
5.7954e+05
5.7489e+05
5.7023e+05
5.6556e+05
5.6087e+05
5.5618e+05
5.5148e+05
5.4677e+05
5.4205e+05
5.3732e+05
5.3258e+05
5.2784e+05
5.2309e+05
5.1833e+05
5.1357e+05
5.088e+05
5.0403e+05
4.9926e+05
4.9448e+05
4.8969e+05
4.8491e+05
4.8012e+05
4.7533e+05
4.7054e+05
4.6574e+05
4.6095e+05
4.5616e+05
4.5137e+05
4.4658e+05
4.418e+05
4.3701e+05
4.3223e+05
4.2746e+05
4.2268e+05
4.1792e+05
4.1316e+05
4.084e+05
4.0366e+05
3.9892e+05
3.9419e+05
3.8946e+05
3.8475e+05
3.8005e+05
3.7536e+05
3.7068e+05
3.6601e+05
3.6135e+05
3.5671e+05
3.5208e+05
3.4747e+05
3.4287e+05
3.3829e+05
3.3372e+05
3.2917e+05
3.2464e+05
3.2013e+05
3.1563e+05
3.1116e+05
3.067e+05
3.0226e+05
2.9785e+05
2.9345e+05
2.8908e+05
2.8473e+05
2.804e+05
2.761e+05
2.7181e+05
2.6756e+05
2.6332e+05
2.5911e+05
2.5493e+05
2.5077e+05
2.4663e+05
2.4252e+05
2.3844e+05
2.3438e+05
2.3035e+05
2.2635e+05
2.2237e+05
2.1842e+05
2.145e+05
2.106e+05
2.0673e+05
2.0289e+05
1.9908e+05
1.9529e+05
1.9153e+05
1.878e+05
1.841e+05
1.8042e+05
1.7677e+05
1.7315e+05
1.6956e+05
1.6599e+05
1.6245e+05
1.5894e+05
1.5546e+05
1.52e+05
1.4857e+05
1.4517e+05
1.4179e+05
1.3844e+05
1.3512e+05
1.3182e+05
1.2855e+05
1.253e+05
1.2208e+05
1.1889e+05
1.1572e+05
1.1258e+05
1.0946e+05
1.0637e+05
1.0331e+05
1.0026e+05
97247
94255
91287
88344
85425
82530
79660
76813
73990
71190
68415
65663
62934
60229
57547
54888
52252
49639
47050
44483
41939
39418
36920
34445
31992
29562
27154
24769
22406
20066
17748
15452
13179
10927
8698.2
6490.9
4305.5
2141.9
0
