70895
73914
77194
80733
84530
88582
92884
97432
1.0222e+05
1.0724e+05
1.1248e+05
1.1794e+05
1.2361e+05
1.2947e+05
1.3551e+05
1.4173e+05
1.481e+05
1.5462e+05
1.6126e+05
1.6802e+05
1.7488e+05
1.8182e+05
1.8883e+05
1.9588e+05
2.0297e+05
2.1007e+05
2.1717e+05
2.2425e+05
2.3129e+05
2.3827e+05
2.4518e+05
2.52e+05
2.5871e+05
2.6529e+05
2.7173e+05
2.7801e+05
2.8411e+05
2.9003e+05
2.9574e+05
3.0123e+05
3.0648e+05
3.1149e+05
3.1624e+05
3.2072e+05
3.2492e+05
3.2883e+05
3.3244e+05
3.3574e+05
3.3872e+05
3.4138e+05
3.4371e+05
3.4571e+05
3.4737e+05
3.4869e+05
3.4967e+05
3.503e+05
3.5059e+05
3.5054e+05
3.5014e+05
3.4941e+05
3.4834e+05
3.4694e+05
3.4521e+05
3.4316e+05
3.4079e+05
3.3812e+05
3.3515e+05
3.3188e+05
3.2833e+05
3.245e+05
3.2042e+05
3.1607e+05
3.1149e+05
3.0668e+05
3.0165e+05
2.9641e+05
2.9097e+05
2.8536e+05
2.7958e+05
2.7364e+05
2.6756e+05
2.6135e+05
2.5503e+05
2.486e+05
2.4209e+05
2.355e+05
2.2885e+05
2.2216e+05
2.1543e+05
2.0868e+05
2.0192e+05
1.9517e+05
1.8843e+05
1.8172e+05
1.7506e+05
1.6844e+05
1.6189e+05
1.5542e+05
1.4903e+05
1.4275e+05
1.3656e+05
1.305e+05
1.2456e+05
1.1875e+05
1.1309e+05
1.0758e+05
1.0223e+05
97048
92037
87207
82563
78111
73856
69803
65956
62319
58897
55691
52706
49942
47403
45090
43004
41145
39515
38112
36938
35991
35269
34772
34498
34443
34607
34986
35576
36374
37376
38578
39975
41563
43336
45288
47414
49708
52164
54774
57533
60433
63466
66626
69904
73293
76785
80372
84045
87796
91617
95499
99433
1.0341e+05
1.0742e+05
1.1146e+05
1.1552e+05
1.1959e+05
1.2366e+05
1.2772e+05
1.3176e+05
1.3578e+05
1.3977e+05
1.4372e+05
1.4762e+05
1.5146e+05
1.5525e+05
1.5896e+05
1.626e+05
1.6615e+05
1.6962e+05
1.73e+05
1.7627e+05
1.7944e+05
1.8249e+05
1.8544e+05
1.8826e+05
1.9096e+05
1.9354e+05
1.9598e+05
1.9829e+05
2.0047e+05
2.0251e+05
2.0441e+05
2.0618e+05
2.078e+05
2.0927e+05
2.1061e+05
2.118e+05
2.1286e+05
2.1377e+05
2.1453e+05
2.1516e+05
2.1565e+05
2.16e+05
2.1622e+05
2.163e+05
2.1625e+05
2.1607e+05
2.1576e+05
2.1533e+05
2.1478e+05
2.141e+05
2.1331e+05
2.1241e+05
2.1139e+05
2.1027e+05
2.0904e+05
2.077e+05
2.0627e+05
2.0474e+05
2.0312e+05
2.014e+05
1.996e+05
1.9771e+05
1.9573e+05
1.9368e+05
1.9155e+05
1.8934e+05
1.8706e+05
1.8471e+05
1.823e+05
1.7981e+05
1.7726e+05
1.7466e+05
1.7199e+05
1.6926e+05
1.6648e+05
1.6365e+05
1.6077e+05
1.5784e+05
1.5486e+05
1.5184e+05
1.4878e+05
1.4568e+05
1.4255e+05
1.3938e+05
1.3617e+05
1.3295e+05
1.2969e+05
1.2641e+05
1.2312e+05
1.198e+05
1.1648e+05
1.1314e+05
1.098e+05
1.0645e+05
1.0311e+05
99770
96440
93124
89824
86545
83292
80069
76880
73730
70622
67562
64553
61600
58706
55876
53114
50424
47808
45271
42816
40445
38162
35969
33868
31861
29949
28134
26417
24798
23277
21854
20529
19301
18168
17129
16181
15323
14551
13863
13255
12724
12265
11875
11548
11281
11068
10905
10786
10706
10661
10644
10650
10675
10713
10759
10808
10855
10897
10928
10945
10944
10922
10876
10804
10702
10569
10404
10206
9975
9710
9411.7
9081.1
8719.5
8328.7
7910.8
7468.4
7004.6
6522.6
6026.3
5519.6
5006.9
4492.8
3982.1
3479.7
2991
2521
2075.2
1658.8
1277.2
935.68
639.26
392.96
201.53
69.473
1.0053
0
69.954
213.95
434.62
734.11
1114.1
1575.6
2119.1
2744.7
3451.7
4238.8
5104.1
6045.1
7058.7
8141.2
9288.1
10495
11755
13064
14415
15800
17212
18643
20085
21530
22969
24393
25793
27160
28485
29759
30973
32119
33187
34171
35063
35855
36542
37117
37576
37914
38127
38213
38171
38000
37700
37272
36720
36047
35259
34360
33359
32265
31086
29835
28522
27162
25770
24360
22949
21556
20198
18896
17670
16540
15530
14661
13956
13440
13135
13065
13255
13729
14511
15624
17093
18939
21186
23856
26969
30546
34606
39166
44245
49858
56018
62739
70031
77905
86368
95426
1.0508e+05
1.1534e+05
1.262e+05
1.3767e+05
1.4972e+05
1.6237e+05
1.756e+05
1.8941e+05
2.0378e+05
2.1869e+05
2.3414e+05
2.501e+05
2.6656e+05
2.8348e+05
3.0086e+05
3.1866e+05
3.3685e+05
3.5542e+05
3.7431e+05
3.9352e+05
4.1299e+05
4.327e+05
4.5261e+05
4.7269e+05
4.9289e+05
5.1317e+05
5.3351e+05
5.5385e+05
5.7416e+05
5.9439e+05
6.145e+05
6.3446e+05
6.5422e+05
6.7374e+05
6.9298e+05
7.1189e+05
7.3045e+05
7.486e+05
7.6631e+05
7.8355e+05
8.0027e+05
8.1644e+05
8.3203e+05
8.47e+05
8.6133e+05
8.7498e+05
8.8792e+05
9.0013e+05
9.1158e+05
9.2225e+05
9.3212e+05
9.4116e+05
9.4937e+05
9.5673e+05
9.6322e+05
9.6884e+05
9.7357e+05
9.7741e+05
9.8035e+05
9.8239e+05
9.8353e+05
9.8378e+05
9.8313e+05
9.8159e+05
9.7917e+05
9.7588e+05
9.7174e+05
9.6674e+05
9.6092e+05
9.5428e+05
9.4686e+05
9.3865e+05
9.297e+05
9.2001e+05
9.0962e+05
8.9856e+05
8.8684e+05
8.745e+05
8.6156e+05
8.4806e+05
8.3403e+05
8.195e+05
8.0449e+05
7.8905e+05
7.732e+05
7.5699e+05
7.4043e+05
7.2357e+05
7.0645e+05
6.8908e+05
6.7152e+05
6.5378e+05
6.3591e+05
6.1793e+05
5.9989e+05
5.818e+05
5.637e+05
5.4563e+05
5.2761e+05
5.0966e+05
4.9183e+05
4.7413e+05
4.5659e+05
4.3924e+05
4.221e+05
4.0519e+05
3.8854e+05
3.7217e+05
3.5609e+05
3.4032e+05
3.2489e+05
3.098e+05
2.9508e+05
2.8073e+05
2.6677e+05
2.5321e+05
2.4006e+05
2.2733e+05
2.1502e+05
2.0314e+05
1.917e+05
1.807e+05
1.7015e+05
1.6003e+05
1.5037e+05
1.4114e+05
1.3236e+05
1.2402e+05
1.1612e+05
1.0865e+05
1.016e+05
94976
88764
82959
77550
72529
67886
63611
59692
56118
52877
49957
47345
45028
42992
41225
39712
38439
37394
36561
35926
35477
35198
35077
35099
35251
35520
35893
36357
36901
37511
38177
38886
39630
40396
41175
41958
42735
43499
44241
44954
45631
46266
46853
47387
47862
48276
48625
48905
49113
49249
49310
49295
49204
49037
48795
48477
48086
47623
47090
46489
45824
45096
44310
43469
42576
41637
40653
39631
38575
37488
36376
35244
34094
32934
31766
30597
29429
28267
27117
25981
24865
23771
22703
21665
20660
19691
18761
17871
17026
16225
15472
14767
14112
13508
12955
12453
12003
11605
11257
10960
10713
10514
10362
10256
10193
10172
10191
10247
10338
10462
10616
10797
11002
11230
11476
11737
12012
12297
12590
12886
13185
13482
13776
14063
14342
14610
14865
15104
15327
15530
15714
15875
16013
16127
16215
16278
16314
16323
16304
16259
16186
16086
15960
15807
15629
15427
15201
14952
14682
14392
14083
13757
13414
13058
12689
12309
11919
11522
11119
10711
10300
9889
9478.1
9069.2
8664
8263.7
7869.8
7483.5
7106.1
6738.8
6382.4
