75913
79570
83295
87083
90930
94831
98782
1.0278e+05
1.0681e+05
1.1089e+05
1.1499e+05
1.1911e+05
1.2326e+05
1.2743e+05
1.316e+05
1.3578e+05
1.3996e+05
1.4414e+05
1.4831e+05
1.5246e+05
1.5659e+05
1.607e+05
1.6479e+05
1.6884e+05
1.7285e+05
1.7682e+05
1.8074e+05
1.8462e+05
1.8844e+05
1.922e+05
1.959e+05
1.9953e+05
2.0309e+05
2.0658e+05
2.1e+05
2.1333e+05
2.1659e+05
2.1975e+05
2.2283e+05
2.2583e+05
2.2872e+05
2.3153e+05
2.3424e+05
2.3685e+05
2.3936e+05
2.4177e+05
2.4408e+05
2.4629e+05
2.484e+05
2.504e+05
2.523e+05
2.541e+05
2.5579e+05
2.5738e+05
2.5886e+05
2.6024e+05
2.6153e+05
2.6271e+05
2.6379e+05
2.6477e+05
2.6566e+05
2.6645e+05
2.6715e+05
2.6775e+05
2.6827e+05
2.687e+05
2.6905e+05
2.6931e+05
2.6949e+05
2.696e+05
2.6963e+05
2.6959e+05
2.6947e+05
2.693e+05
2.6906e+05
2.6876e+05
2.684e+05
2.6799e+05
2.6752e+05
2.6701e+05
2.6646e+05
2.6587e+05
2.6523e+05
2.6457e+05
2.6387e+05
2.6314e+05
2.6239e+05
2.6161e+05
2.6082e+05
2.6002e+05
2.592e+05
2.5837e+05
2.5753e+05
2.5669e+05
2.5585e+05
2.5501e+05
2.5417e+05
2.5335e+05
2.5253e+05
2.5172e+05
2.5093e+05
2.5015e+05
2.4939e+05
2.4865e+05
2.4793e+05
2.4724e+05
2.4657e+05
2.4593e+05
2.4531e+05
2.4472e+05
2.4417e+05
2.4364e+05
2.4315e+05
2.4269e+05
2.4226e+05
2.4187e+05
2.4151e+05
2.4119e+05
2.409e+05
2.4065e+05
2.4043e+05
2.4024e+05
2.4009e+05
2.3998e+05
2.399e+05
2.3985e+05
2.3983e+05
2.3984e+05
2.3989e+05
2.3997e+05
2.4007e+05
2.402e+05
2.4036e+05
2.4055e+05
2.4076e+05
2.4099e+05
2.4124e+05
2.4152e+05
2.4181e+05
2.4212e+05
2.4245e+05
2.4278e+05
2.4314e+05
2.435e+05
2.4387e+05
2.4425e+05
2.4464e+05
2.4502e+05
2.4542e+05
2.4581e+05
2.462e+05
2.4659e+05
2.4697e+05
2.4735e+05
2.4772e+05
2.4808e+05
2.4842e+05
2.4876e+05
2.4908e+05
2.4939e+05
2.4967e+05
2.4994e+05
2.5019e+05
2.5041e+05
2.5062e+05
2.5079e+05
2.5094e+05
2.5107e+05
2.5116e+05
2.5123e+05
2.5126e+05
2.5126e+05
2.5123e+05
2.5116e+05
2.5106e+05
2.5092e+05
2.5075e+05
2.5053e+05
2.5028e+05
2.4999e+05
2.4966e+05
2.4928e+05
2.4887e+05
2.4841e+05
2.4791e+05
2.4737e+05
2.4678e+05
2.4615e+05
2.4548e+05
2.4476e+05
2.4399e+05
2.4318e+05
2.4233e+05
2.4143e+05
2.4048e+05
2.3949e+05
2.3846e+05
2.3737e+05
2.3624e+05
2.3507e+05
2.3385e+05
2.3258e+05
2.3127e+05
2.2992e+05
2.2852e+05
2.2708e+05
2.2559e+05
2.2406e+05
2.2248e+05
2.2087e+05
2.1921e+05
2.1751e+05
2.1576e+05
2.1398e+05
2.1216e+05
2.1029e+05
2.0839e+05
2.0645e+05
2.0448e+05
2.0246e+05
2.0041e+05
1.9833e+05
1.9621e+05
1.9406e+05
1.9188e+05
1.8967e+05
1.8742e+05
1.8515e+05
1.8285e+05
1.8052e+05
1.7817e+05
1.7579e+05
1.7339e+05
1.7096e+05
1.6852e+05
1.6606e+05
1.6358e+05
1.6108e+05
1.5857e+05
1.5604e+05
1.535e+05
1.5096e+05
1.484e+05
1.4583e+05
1.4326e+05
1.4069e+05
1.3811e+05
1.3553e+05
1.3295e+05
1.3038e+05
1.2781e+05
1.2525e+05
1.2269e+05
1.2014e+05
1.1761e+05
1.1508e+05
1.1258e+05
1.1009e+05
1.0761e+05
1.0516e+05
1.0273e+05
1.0033e+05
97945
95592
93267
90973
88711
86483
84290
82134
80017
77939
75902
73908
71957
70051
68191
66379
64614
62899
61233
59618
58055
56543
55084
53677
52324
51024
49778
48586
47447
46361
45328
44349
43421
42545
41721
40947
40222
39545
38916
38333
37795
37301
36849
36437
36064
35729
35428
35162
34927
34722
34544
34392
34263
34155
34065
33992
33933
33886
33848
33817
33791
33767
33742
33715
33683
33644
33595
33534
33459
33369
33260
33131
32981
32806
32606
32380
32125
31840
31524
31176
30796
30381
29933
29449
28931
28377
27788
27165
26507
25815
25090
24333
23546
22729
21885
21015
20121
19205
18270
17320
16355
15381
14399
13413
12428
11447
10474
9514.1
8570.7
7648.9
6753.6
5889.8
5062.6
4277.4
3539.7
2855
2229.2
1668
1177.4
763.55
432.61
190.81
44.477
0
63.807
242.36
542.16
969.71
1531.5
2234
3083.7
4087
5250.3
6579.9
8081.9
9762.6
11628
13684
15936
18390
21051
23925
27016
30331
33872
37645
41654
45903
50395
55134
60123
65366
70863
76618
82633
88909
95446
1.0225e+05
1.0931e+05
1.1664e+05
1.2423e+05
1.3209e+05
1.402e+05
1.4858e+05
1.5722e+05
1.6611e+05
1.7526e+05
1.8465e+05
1.943e+05
2.0419e+05
2.1432e+05
2.2468e+05
2.3528e+05
2.461e+05
2.5714e+05
2.6839e+05
2.7985e+05
2.9151e+05
3.0337e+05
3.1541e+05
3.2762e+05
3.4001e+05
3.5255e+05
3.6525e+05
3.7809e+05
3.9106e+05
4.0416e+05
4.1737e+05
4.3068e+05
4.4409e+05
4.5757e+05
4.7113e+05
4.8474e+05
4.984e+05
5.121e+05
5.2582e+05
5.3955e+05
5.5328e+05
5.6699e+05
5.8069e+05
5.9434e+05
6.0794e+05
6.2149e+05
6.3495e+05
6.4833e+05
6.616e+05
6.7477e+05
6.878e+05
7.007e+05
7.1344e+05
7.2603e+05
7.3843e+05
7.5065e+05
7.6267e+05
7.7448e+05
7.8606e+05
7.9741e+05
8.0851e+05
8.1935e+05
8.2993e+05
8.4022e+05
8.5023e+05
8.5994e+05
8.6934e+05
8.7843e+05
8.8718e+05
8.956e+05
9.0368e+05
9.114e+05
9.1877e+05
9.2577e+05
9.3239e+05
9.3864e+05
9.445e+05
9.4997e+05
9.5504e+05
9.5972e+05
9.6398e+05
9.6784e+05
9.7129e+05
9.7432e+05
9.7693e+05
9.7913e+05
9.809e+05
9.8225e+05
9.8318e+05
9.8369e+05
9.8378e+05
9.8344e+05
9.8269e+05
9.8151e+05
9.7992e+05
9.7792e+05
9.7551e+05
9.7269e+05
9.6946e+05
9.6584e+05
9.6183e+05
9.5743e+05
9.5265e+05
9.4748e+05
9.4195e+05
9.3606e+05
9.2981e+05
9.2321e+05
9.1627e+05
9.0899e+05
9.0139e+05
8.9348e+05
8.8526e+05
8.7674e+05
8.6793e+05
8.5884e+05
8.4948e+05
8.3986e+05
8.3e+05
8.199e+05
8.0957e+05
7.9902e+05
7.8826e+05
7.7731e+05
7.6618e+05
7.5488e+05
7.4341e+05
7.3179e+05
7.2004e+05
7.0815e+05
6.9615e+05
6.8405e+05
6.7185e+05
6.5956e+05
6.4721e+05
6.348e+05
6.2233e+05
6.0983e+05
5.973e+05
5.8476e+05
5.7221e+05
5.5966e+05
5.4712e+05
5.3461e+05
5.2214e+05
5.097e+05
4.9733e+05
4.8501e+05
4.7276e+05
4.606e+05
4.4852e+05
4.3654e+05
4.2467e+05
4.129e+05
4.0126e+05
3.8975e+05
3.7837e+05
3.6713e+05
3.5603e+05
3.4509e+05
3.3431e+05
3.237e+05
3.1325e+05
3.0298e+05
2.9289e+05
2.8297e+05
2.7325e+05
2.6372e+05
2.5438e+05
2.4524e+05
2.363e+05
2.2756e+05
2.1902e+05
2.1069e+05
2.0257e+05
1.9466e+05
1.8696e+05
1.7946e+05
1.7218e+05
1.6511e+05
1.5825e+05
1.516e+05
1.4516e+05
1.3893e+05
1.329e+05
1.2709e+05
1.2148e+05
1.1607e+05
1.1086e+05
1.0585e+05
1.0104e+05
96424
91998
87761
83710
79841
76151
72637
69295
66122
63113
60265
57574
55036
52646
50401
48296
46327
44490
42780
41193
39724
38370
37126
35987
34949
34008
33159
32398
31722
31124
30603
30153
29770
29450
29190
28986
28834
28729
28670
28651
28671
28724
28809
28922
29060
29220
29399
29594
29804
30025
30255
30492
30733
30977
31221
31463
31703
31937
32165
32385
32596
32796
32984
33160
33322
33469
33600
33716
33814
33895
33958
34002
34028
34035
34023
33992
33941
33871
33782
33674
33546
33400
33235
33052
32851
32632
32396
32144
31875
31590
31290
30975
30646
30304
29948
29580
29200
28808
28406
27994
27572
27142
26703
26257
25804
25344
24878
24408
23932
23453
22969
22483
21994
21504
21011
20518
20024
19530
19036
18543
18051
17560
17071
16584
16099
15617
15138
14663
14190
13722
13257
12797
