82969
87096
91445
96009
1.0078e+05
1.0576e+05
1.1093e+05
1.1629e+05
1.2183e+05
1.2753e+05
1.3339e+05
1.3939e+05
1.4553e+05
1.5178e+05
1.5814e+05
1.646e+05
1.7113e+05
1.7772e+05
1.8436e+05
1.9104e+05
1.9773e+05
2.0443e+05
2.111e+05
2.1775e+05
2.2436e+05
2.309e+05
2.3736e+05
2.4372e+05
2.4998e+05
2.5612e+05
2.6211e+05
2.6795e+05
2.7362e+05
2.7911e+05
2.8441e+05
2.895e+05
2.9437e+05
2.9901e+05
3.034e+05
3.0755e+05
3.1143e+05
3.1505e+05
3.1838e+05
3.2143e+05
3.242e+05
3.2666e+05
3.2882e+05
3.3068e+05
3.3223e+05
3.3347e+05
3.344e+05
3.3501e+05
3.3531e+05
3.353e+05
3.3498e+05
3.3435e+05
3.3342e+05
3.3219e+05
3.3065e+05
3.2883e+05
3.2673e+05
3.2434e+05
3.2168e+05
3.1876e+05
3.1558e+05
3.1215e+05
3.0848e+05
3.0459e+05
3.0047e+05
2.9615e+05
2.9162e+05
2.8691e+05
2.8202e+05
2.7696e+05
2.7175e+05
2.6639e+05
2.609e+05
2.5529e+05
2.4957e+05
2.4375e+05
2.3785e+05
2.3187e+05
2.2583e+05
2.1974e+05
2.1361e+05
2.0745e+05
2.0127e+05
1.9509e+05
1.8891e+05
1.8274e+05
1.766e+05
1.7049e+05
1.6443e+05
1.5842e+05
1.5247e+05
1.466e+05
1.408e+05
1.351e+05
1.2949e+05
1.2399e+05
1.186e+05
1.1333e+05
1.0818e+05
1.0317e+05
98294
93565
88987
84565
80303
76208
72282
68530
64956
61564
58357
55337
52507
49869
47427
45180
43131
41281
39631
38181
36932
35883
35034
34384
33934
33681
33623
33760
34088
34606
35310
36199
37267
38513
39931
41518
43268
45179
47243
49456
51813
54307
56933
59684
62553
65534
68620
71804
75078
78435
81867
85368
88928
92540
96196
99889
1.0361e+05
1.0735e+05
1.111e+05
1.1486e+05
1.1861e+05
1.2236e+05
1.2608e+05
1.2978e+05
1.3344e+05
1.3706e+05
1.4063e+05
1.4415e+05
1.4761e+05
1.51e+05
1.5432e+05
1.5756e+05
1.6071e+05
1.6378e+05
1.6674e+05
1.6961e+05
1.7238e+05
1.7504e+05
1.7759e+05
1.8002e+05
1.8234e+05
1.8454e+05
1.8662e+05
1.8858e+05
1.9041e+05
1.9212e+05
1.937e+05
1.9516e+05
1.9649e+05
1.977e+05
1.9878e+05
1.9973e+05
2.0056e+05
2.0127e+05
2.0186e+05
2.0233e+05
2.0268e+05
2.0292e+05
2.0305e+05
2.0306e+05
2.0297e+05
2.0277e+05
2.0246e+05
2.0206e+05
2.0156e+05
2.0096e+05
2.0027e+05
1.9949e+05
1.9862e+05
1.9766e+05
1.9663e+05
1.9551e+05
1.9432e+05
1.9305e+05
1.917e+05
1.9029e+05
1.888e+05
1.8725e+05
1.8563e+05
1.8395e+05
1.822e+05
1.804e+05
1.7853e+05
1.7661e+05
1.7462e+05
1.7258e+05
1.7049e+05
1.6834e+05
1.6614e+05
1.6389e+05
1.6158e+05
1.5923e+05
1.5682e+05
1.5437e+05
1.5187e+05
1.4933e+05
1.4674e+05
1.4411e+05
1.4143e+05
1.3872e+05
1.3597e+05
1.3318e+05
1.3036e+05
1.275e+05
1.2461e+05
1.217e+05
1.1876e+05
1.158e+05
1.1282e+05
1.0982e+05
1.0681e+05
1.038e+05
1.0077e+05
97743
94717
91697
88686
85689
82710
79753
76822
73923
71058
68233
65452
62718
60036
57411
54844
52341
49905
47539
45245
43027
40888
38829
36852
34959
33151
31429
29794
28246
26784
25409
24119
22914
21791
20749
19785
18898
18084
17340
16663
16049
15495
14996
14548
14147
13788
13467
13180
12921
12687
12472
12273
12085
11904
11726
11547
11363
11172
10971
10756
10526
10278
10011
9724
9415.7
9085.8
8734.4
8361.8
7968.9
7556.8
7127.3
6682.2
6223.9
5755.3
5279.2
4799.2
4318.8
3842
3372.9
2915.8
2475.2
2055.8
1662.2
1299.2
971.47
683.7
440.5
246.34
105.52
22.134
0
42.656
153.3
334.75
589.44
919.33
1325.9
1810.2
2372.7
3013.4
3731.5
4525.9
5394.8
6335.9
7346.1
8421.9
9559.2
10753
11999
13290
14620
15984
17372
18779
20195
21613
23024
24419
25790
27127
28421
29664
30847
31961
32997
33948
34805
35562
36211
36747
37164
37457
37623
37657
37559
37326
36958
36456
35823
35060
34172
33165
32044
30818
29496
28087
26603
25057
23462
21833
20186
18538
16908
15313
13775
12313
10949
9706
8606.1
7672.8
6929.7
6401
6111
6084
6344.5
6916.7
7824.9
9092.9
10744
12801
15286
18221
21625
25520
29922
34850
40319
46344
52938
60112
67877
76240
85208
94785
1.0497e+05
1.1578e+05
1.2719e+05
1.3921e+05
1.5183e+05
1.6505e+05
1.7885e+05
1.9323e+05
2.0816e+05
2.2364e+05
2.3965e+05
2.5616e+05
2.7316e+05
2.9062e+05
3.0851e+05
3.2681e+05
3.4549e+05
3.6451e+05
3.8386e+05
4.0348e+05
4.2336e+05
4.4344e+05
4.637e+05
4.8409e+05
5.0458e+05
5.2513e+05
5.4569e+05
5.6622e+05
5.8669e+05
6.0705e+05
6.2725e+05
6.4727e+05
6.6705e+05
6.8655e+05
7.0573e+05
7.2455e+05
7.4298e+05
7.6096e+05
7.7847e+05
7.9547e+05
8.1191e+05
8.2778e+05
8.4302e+05
8.5761e+05
8.7152e+05
8.8472e+05
8.9719e+05
9.0889e+05
9.1981e+05
9.2992e+05
9.392e+05
9.4764e+05
9.5522e+05
9.6193e+05
9.6775e+05
9.7268e+05
9.7671e+05
9.7984e+05
9.8206e+05
9.8337e+05
9.8378e+05
9.8328e+05
9.8189e+05
9.7962e+05
9.7646e+05
9.7244e+05
9.6757e+05
9.6187e+05
9.5534e+05
9.4802e+05
9.3992e+05
9.3106e+05
9.2147e+05
9.1118e+05
9.002e+05
8.8857e+05
8.7632e+05
8.6347e+05
8.5006e+05
8.3612e+05
8.2167e+05
8.0676e+05
7.9141e+05
7.7567e+05
7.5955e+05
7.431e+05
7.2635e+05
7.0933e+05
6.9208e+05
6.7463e+05
6.5702e+05
6.3928e+05
6.2143e+05
6.0352e+05
5.8558e+05
5.6762e+05
5.497e+05
5.3183e+05
5.1404e+05
4.9636e+05
4.7882e+05
4.6144e+05
4.4425e+05
4.2727e+05
4.1052e+05
3.9403e+05
3.7781e+05
3.6188e+05
3.4627e+05
3.3098e+05
3.1603e+05
3.0144e+05
2.8721e+05
2.7336e+05
2.5991e+05
2.4685e+05
2.342e+05
2.2196e+05
2.1013e+05
1.9873e+05
1.8776e+05
1.7721e+05
1.6709e+05
1.5739e+05
1.4812e+05
1.3928e+05
1.3086e+05
1.2285e+05
1.1526e+05
1.0808e+05
1.0129e+05
94898
88892
83264
78003
73101
68549
64334
60448
56877
53612
50639
47948
45526
43360
41438
39747
38276
37011
35940
35050
34330
33766
33347
33061
32897
32843
32888
33022
33233
33512
33848
34234
34658
35114
35592
36085
36586
37087
37581
38064
38529
38971
39385
39766
40112
40418
40682
40900
41071
41192
41263
41282
41248
41162
41022
40829
40585
40289
39943
39549
39108
38621
38092
37522
36914
36269
35593
34886
34151
33393
32614
31816
31004
30181
29348
28511
27671
26832
25996
25167
24347
23540
22747
21971
21214
20479
19767
19080
18421
17790
17188
16618
16079
15573
15101
14662
14257
13886
13549
13246
12976
12738
12533
12358
12214
12098
12010
11948
11910
11896
11903
11930
11975
12035
12110
12197
12294
12400
12512
12628
12747
12866
12984
13099
13210
13313
13409
13496
13571
13635
13685
13720
13740
13743
13729
13697
13647
13578
13490
13383
13256
13110
12945
12761
12558
12338
12100
11846
11576
11291
10992
10680
10356
10021
9676.3
9323.3
8963.3
8597.3
8226.8
7853
7477.2
7100.8
6725
6351.1
5980.3
5613.9
5253.1
4898.9
4552.4
4214.7
