73822
76202
78602
81020
83456
85909
88376
90857
93350
95855
98369
1.0089e+05
1.0342e+05
1.0596e+05
1.085e+05
1.1104e+05
1.1359e+05
1.1613e+05
1.1868e+05
1.2123e+05
1.2377e+05
1.2631e+05
1.2885e+05
1.3137e+05
1.339e+05
1.3641e+05
1.3891e+05
1.4141e+05
1.4389e+05
1.4636e+05
1.4882e+05
1.5127e+05
1.537e+05
1.5611e+05
1.5851e+05
1.6089e+05
1.6325e+05
1.6559e+05
1.6792e+05
1.7022e+05
1.725e+05
1.7476e+05
1.77e+05
1.7921e+05
1.814e+05
1.8357e+05
1.8571e+05
1.8782e+05
1.8991e+05
1.9198e+05
1.9401e+05
1.9603e+05
1.9801e+05
1.9996e+05
2.0189e+05
2.0379e+05
2.0566e+05
2.0751e+05
2.0932e+05
2.1111e+05
2.1286e+05
2.1459e+05
2.1629e+05
2.1796e+05
2.1959e+05
2.212e+05
2.2278e+05
2.2434e+05
2.2586e+05
2.2735e+05
2.2881e+05
2.3025e+05
2.3166e+05
2.3303e+05
2.3438e+05
2.357e+05
2.37e+05
2.3826e+05
2.395e+05
2.4071e+05
2.419e+05
2.4305e+05
2.4419e+05
2.4529e+05
2.4637e+05
2.4743e+05
2.4846e+05
2.4947e+05
2.5045e+05
2.5141e+05
2.5234e+05
2.5326e+05
2.5415e+05
2.5502e+05
2.5587e+05
2.5669e+05
2.575e+05
2.5829e+05
2.5905e+05
2.598e+05
2.6053e+05
2.6124e+05
2.6194e+05
2.6261e+05
2.6327e+05
2.6391e+05
2.6454e+05
2.6515e+05
2.6575e+05
2.6633e+05
2.669e+05
2.6745e+05
2.6799e+05
2.6852e+05
2.6904e+05
2.6954e+05
2.7003e+05
2.7051e+05
2.7098e+05
2.7144e+05
2.7188e+05
2.7232e+05
2.7275e+05
2.7317e+05
2.7357e+05
2.7397e+05
2.7436e+05
2.7475e+05
2.7512e+05
2.7549e+05
2.7584e+05
2.7619e+05
2.7654e+05
2.7687e+05
2.772e+05
2.7752e+05
2.7783e+05
2.7814e+05
2.7844e+05
2.7873e+05
2.7902e+05
2.7929e+05
2.7956e+05
2.7983e+05
2.8009e+05
2.8033e+05
2.8058e+05
2.8081e+05
2.8104e+05
2.8126e+05
2.8147e+05
2.8167e+05
2.8186e+05
2.8205e+05
2.8222e+05
2.8239e+05
2.8255e+05
2.827e+05
2.8284e+05
2.8296e+05
2.8308e+05
2.8319e+05
2.8328e+05
2.8336e+05
2.8343e+05
2.8349e+05
2.8353e+05
2.8357e+05
2.8358e+05
2.8358e+05
2.8357e+05
2.8354e+05
2.835e+05
2.8344e+05
2.8336e+05
2.8326e+05
2.8315e+05
2.8302e+05
2.8287e+05
2.827e+05
2.8251e+05
2.8229e+05
2.8206e+05
2.8181e+05
2.8153e+05
2.8123e+05
2.809e+05
2.8055e+05
2.8018e+05
2.7978e+05
2.7936e+05
2.7891e+05
2.7843e+05
2.7792e+05
2.7739e+05
2.7683e+05
2.7623e+05
2.7561e+05
2.7496e+05
2.7428e+05
2.7357e+05
2.7282e+05
2.7205e+05
2.7124e+05
2.704e+05
2.6952e+05
2.6861e+05
2.6767e+05
2.6669e+05
2.6568e+05
2.6463e+05
2.6355e+05
2.6243e+05
2.6127e+05
2.6008e+05
2.5885e+05
2.5759e+05
2.5629e+05
2.5495e+05
2.5357e+05
2.5216e+05
2.5071e+05
2.4922e+05
2.4769e+05
2.4613e+05
2.4453e+05
2.4289e+05
2.4121e+05
2.395e+05
2.3775e+05
2.3596e+05
2.3414e+05
2.3227e+05
2.3038e+05
2.2844e+05
2.2647e+05
2.2447e+05
2.2243e+05
2.2036e+05
2.1825e+05
2.1611e+05
2.1393e+05
2.1172e+05
2.0948e+05
2.0721e+05
2.0491e+05
2.0257e+05
2.0021e+05
1.9782e+05
1.954e+05
1.9296e+05
1.9048e+05
1.8798e+05
1.8546e+05
1.8291e+05
1.8034e+05
1.7775e+05
1.7514e+05
1.7251e+05
1.6986e+05
1.6719e+05
1.6451e+05
1.6181e+05
1.5909e+05
1.5636e+05
1.5363e+05
1.5088e+05
1.4812e+05
1.4535e+05
1.4258e+05
1.398e+05
1.3702e+05
1.3424e+05
1.3146e+05
1.2867e+05
1.2589e+05
1.2312e+05
1.2035e+05
1.1758e+05
1.1483e+05
1.1208e+05
1.0935e+05
1.0663e+05
1.0393e+05
1.0124e+05
98569
95920
93293
90690
88112
85562
83041
80550
78092
75669
73282
70933
68624
66357
64134
61956
59825
57743
55713
53735
51812
49945
48137
46388
44702
43080
41523
40033
38612
37263
35985
34783
33656
32607
31637
30749
29943
29221
28586
28038
27579
27210
26933
26750
26662
26670
26775
26980
27284
27691
28199
28812
29530
30354
31285
32324
33472
34730
36100
37581
39174
40881
42702
44637
46688
48854
51137
53536
56053
58686
61438
64307
67294
70400
73624
76966
80426
84004
87700
91514
95444
99492
1.0366e+05
1.0794e+05
1.1233e+05
1.1685e+05
1.2147e+05
1.2621e+05
1.3106e+05
1.3603e+05
1.411e+05
1.4629e+05
1.5158e+05
1.5699e+05
1.625e+05
1.6812e+05
1.7384e+05
1.7966e+05
1.8559e+05
1.9162e+05
1.9775e+05
2.0397e+05
2.103e+05
2.1671e+05
2.2322e+05
2.2983e+05
2.3652e+05
2.433e+05
2.5016e+05
2.5711e+05
2.6415e+05
2.7126e+05
2.7845e+05
2.8572e+05
2.9306e+05
3.0048e+05
3.0796e+05
3.1552e+05
3.2313e+05
3.3082e+05
3.3856e+05
3.4636e+05
3.5422e+05
3.6213e+05
3.7009e+05
3.781e+05
3.8616e+05
3.9426e+05
4.024e+05
4.1058e+05
4.188e+05
4.2705e+05
4.3533e+05
4.4364e+05
4.5197e+05
4.6033e+05
4.687e+05
4.771e+05
4.8551e+05
4.9393e+05
5.0236e+05
5.1079e+05
5.1923e+05
5.2767e+05
5.3611e+05
5.4454e+05
5.5296e+05
5.6138e+05
5.6978e+05
5.7816e+05
5.8653e+05
5.9487e+05
6.0319e+05
6.1148e+05
6.1974e+05
6.2797e+05
6.3616e+05
6.4431e+05
6.5243e+05
6.605e+05
6.6852e+05
6.7649e+05
6.8441e+05
6.9228e+05
7.0009e+05
7.0784e+05
7.1552e+05
7.2314e+05
7.307e+05
7.3818e+05
7.4559e+05
7.5293e+05
7.6019e+05
7.6736e+05
7.7446e+05
7.8147e+05
7.884e+05
7.9523e+05
8.0197e+05
8.0862e+05
8.1518e+05
8.2163e+05
8.2799e+05
8.3424e+05
8.4038e+05
8.4642e+05
8.5236e+05
8.5818e+05
8.6389e+05
8.6948e+05
8.7496e+05
8.8032e+05
8.8556e+05
8.9068e+05
8.9568e+05
9.0055e+05
9.053e+05
9.0992e+05
9.144e+05
9.1876e+05
9.2299e+05
9.2708e+05
9.3104e+05
9.3487e+05
9.3855e+05
9.421e+05
9.4551e+05
9.4878e+05
9.519e+05
9.5489e+05
9.5773e+05
9.6043e+05
9.6298e+05
9.6539e+05
9.6765e+05
9.6977e+05
9.7174e+05
9.7356e+05
9.7523e+05
9.7676e+05
9.7813e+05
9.7936e+05
9.8044e+05
9.8136e+05
9.8214e+05
9.8277e+05
9.8324e+05
9.8357e+05
9.8375e+05
9.8378e+05
9.8366e+05
9.8338e+05
9.8296e+05
9.824e+05
9.8168e+05
9.8081e+05
9.798e+05
9.7864e+05
9.7734e+05
9.7589e+05
9.7429e+05
9.7256e+05
9.7067e+05
9.6865e+05
9.6648e+05
9.6418e+05
9.6173e+05
9.5915e+05
9.5643e+05
9.5357e+05
9.5058e+05
9.4745e+05
9.4419e+05
9.408e+05
9.3728e+05
9.3363e+05
9.2986e+05
9.2596e+05
9.2194e+05
9.1779e+05
9.1352e+05
9.0914e+05
9.0463e+05
9.0002e+05
8.9528e+05
8.9044e+05
8.8549e+05
8.8042e+05
8.7525e+05
8.6998e+05
8.646e+05
8.5913e+05
8.5355e+05
8.4788e+05
8.4212e+05
8.3626e+05
8.3031e+05
8.2428e+05
8.1815e+05
8.1195e+05
8.0566e+05
7.993e+05
7.9285e+05
7.8634e+05
7.7975e+05
7.7309e+05
7.6636e+05
7.5957e+05
7.5271e+05
7.4579e+05
7.3881e+05
7.3178e+05
7.2469e+05
7.1756e+05
7.1037e+05
7.0314e+05
6.9586e+05
6.8854e+05
6.8118e+05
6.7378e+05
6.6634e+05
6.5888e+05
6.5138e+05
6.4386e+05
6.3631e+05
6.2873e+05
6.2114e+05
6.1353e+05
6.059e+05
5.9825e+05
5.906e+05
5.8293e+05
5.7526e+05
5.6758e+05
5.599e+05
5.5222e+05
5.4454e+05
5.3686e+05
5.2919e+05
5.2153e+05
5.1388e+05
5.0623e+05
4.9861e+05
4.91e+05
4.834e+05
4.7583e+05
4.6828e+05
4.6075e+05
4.5325e+05
4.4577e+05
4.3833e+05
4.3092e+05
4.2354e+05
4.1619e+05
4.0888e+05
4.0161e+05
3.9438e+05
3.8719e+05
3.8004e+05
3.7294e+05
3.6589e+05
3.5888e+05
3.5192e+05
3.4501e+05
3.3816e+05
3.3136e+05
3.2461e+05
3.1792e+05
3.1128e+05
3.0471e+05
2.9819e+05
2.9174e+05
2.8534e+05
2.7901e+05
2.7275e+05
2.6655e+05
2.6041e+05
2.5434e+05
2.4834e+05
2.4241e+05
2.3655e+05
2.3076e+05
2.2504e+05
2.1939e+05
2.1381e+05
2.0831e+05
2.0288e+05
1.9753e+05
1.9225e+05
1.8704e+05
1.8191e+05
1.7686e+05
1.7188e+05
1.6698e+05
1.6216e+05
1.5742e+05
1.5275e+05
1.4816e+05
1.4365e+05
1.3922e+05
1.3487e+05
1.3059e+05
1.2639e+05
1.2227e+05
1.1823e+05
1.1427e+05
1.1039e+05
1.0659e+05
1.0286e+05
99209
95638
92144
88727
85387
82123
78936
75824
72787
69825
66938
64124
61384
58716
56120
53596
51143
48760
46447
44203
42026
39917
37875
35899
33988
32141
30358
28637
26978
25379
23841
22362
20940
19576
18269
17016
15818
14673
13580
12539
11548
10606
9712.5
8866.2
8066.1
7311.1
6600.2
5932.4
5306.6
4721.7
4176.7
3670.6
3202.3
2770.6
2374.7
2013.4
1685.6
1390.4
1126.6
893.32
689.42
513.91
365.75
243.93
147.44
75.289
26.469
0
