1.8358e+05
1.8863e+05
1.9368e+05
1.9873e+05
2.0376e+05
2.0879e+05
2.1378e+05
2.1876e+05
2.2369e+05
2.2859e+05
2.3343e+05
2.3823e+05
2.4297e+05
2.4764e+05
2.5224e+05
2.5677e+05
2.6122e+05
2.6558e+05
2.6985e+05
2.7404e+05
2.7812e+05
2.821e+05
2.8598e+05
2.8975e+05
2.9341e+05
2.9695e+05
3.0037e+05
3.0368e+05
3.0686e+05
3.0992e+05
3.1285e+05
3.1566e+05
3.1834e+05
3.2089e+05
3.2331e+05
3.2559e+05
3.2775e+05
3.2978e+05
3.3168e+05
3.3345e+05
3.3509e+05
3.366e+05
3.3799e+05
3.3926e+05
3.404e+05
3.4142e+05
3.4232e+05
3.4311e+05
3.4378e+05
3.4434e+05
3.448e+05
3.4515e+05
3.454e+05
3.4556e+05
3.4562e+05
3.4559e+05
3.4548e+05
3.4528e+05
3.4501e+05
3.4467e+05
3.4426e+05
3.4378e+05
3.4324e+05
3.4265e+05
3.4202e+05
3.4133e+05
3.4061e+05
3.3985e+05
3.3906e+05
3.3824e+05
3.3741e+05
3.3655e+05
3.3569e+05
3.3482e+05
3.3395e+05
3.3308e+05
3.3222e+05
3.3138e+05
3.3055e+05
3.2974e+05
3.2896e+05
3.282e+05
3.2748e+05
3.268e+05
3.2616e+05
3.2556e+05
3.2502e+05
3.2452e+05
3.2408e+05
3.237e+05
3.2338e+05
3.2312e+05
3.2293e+05
3.2281e+05
3.2276e+05
3.2278e+05
3.2288e+05
3.2305e+05
3.233e+05
3.2363e+05
3.2404e+05
3.2453e+05
3.251e+05
3.2575e+05
3.2648e+05
3.273e+05
3.2819e+05
3.2916e+05
3.3022e+05
3.3135e+05
3.3257e+05
3.3385e+05
3.3522e+05
3.3666e+05
3.3817e+05
3.3974e+05
3.4139e+05
3.4311e+05
3.4488e+05
3.4672e+05
3.4861e+05
3.5056e+05
3.5256e+05
3.5461e+05
3.5671e+05
3.5884e+05
3.6102e+05
3.6323e+05
3.6547e+05
3.6774e+05
3.7003e+05
3.7234e+05
3.7467e+05
3.77e+05
3.7935e+05
3.817e+05
3.8405e+05
3.8639e+05
3.8872e+05
3.9104e+05
3.9334e+05
3.9562e+05
3.9787e+05
4.001e+05
4.0228e+05
4.0443e+05
4.0654e+05
4.086e+05
4.1061e+05
4.1257e+05
4.1447e+05
4.163e+05
4.1807e+05
4.1978e+05
4.2141e+05
4.2296e+05
4.2444e+05
4.2584e+05
4.2715e+05
4.2837e+05
4.2951e+05
4.3055e+05
4.315e+05
4.3235e+05
4.3311e+05
4.3376e+05
4.3431e+05
4.3476e+05
4.351e+05
4.3533e+05
4.3546e+05
4.3548e+05
4.3539e+05
4.3518e+05
4.3487e+05
4.3445e+05
4.3392e+05
4.3327e+05
4.3252e+05
4.3166e+05
4.3068e+05
4.296e+05
4.2841e+05
4.2711e+05
4.257e+05
4.2419e+05
4.2258e+05
4.2086e+05
4.1905e+05
4.1714e+05
4.1513e+05
4.1302e+05
4.1082e+05
4.0854e+05
4.0616e+05
4.0371e+05
4.0116e+05
3.9854e+05
3.9584e+05
3.9307e+05
3.9023e+05
3.8732e+05
3.8434e+05
3.813e+05
3.782e+05
3.7505e+05
3.7184e+05
3.6858e+05
3.6528e+05
3.6193e+05
3.5855e+05
3.5512e+05
3.5167e+05
3.4818e+05
3.4467e+05
3.4114e+05
3.3758e+05
3.3401e+05
3.3043e+05
3.2683e+05
3.2322e+05
3.1962e+05
3.1601e+05
3.124e+05
3.0879e+05
3.052e+05
3.0161e+05
2.9803e+05
2.9447e+05
2.9093e+05
2.874e+05
2.839e+05
2.8042e+05
2.7696e+05
2.7354e+05
2.7014e+05
2.6677e+05
2.6344e+05
2.6014e+05
2.5688e+05
2.5365e+05
2.5047e+05
2.4732e+05
2.4421e+05
2.4114e+05
2.3812e+05
2.3513e+05
2.3219e+05
2.293e+05
2.2644e+05
2.2363e+05
2.2086e+05
2.1814e+05
2.1545e+05
2.1281e+05
2.1022e+05
2.0766e+05
2.0515e+05
2.0267e+05
2.0024e+05
1.9784e+05
1.9548e+05
1.9316e+05
1.9087e+05
1.8862e+05
1.864e+05
1.8421e+05
1.8206e+05
1.7993e+05
1.7783e+05
1.7575e+05
1.737e+05
1.7167e+05
1.6966e+05
1.6767e+05
1.6569e+05
1.6374e+05
1.6179e+05
1.5986e+05
1.5794e+05
1.5602e+05
1.5412e+05
1.5221e+05
1.5032e+05
1.4842e+05
1.4652e+05
1.4462e+05
1.4272e+05
1.4081e+05
1.389e+05
1.3698e+05
1.3504e+05
1.331e+05
1.3115e+05
1.2918e+05
1.272e+05
1.252e+05
1.2319e+05
1.2116e+05
1.1912e+05
1.1705e+05
1.1497e+05
1.1286e+05
1.1074e+05
1.0859e+05
1.0643e+05
1.0425e+05
1.0204e+05
99817
97573
95310
93027
90727
88409
86075
83726
81362
78986
76598
74200
71794
69381
66963
64543
62122
59703
57288
54879
52480
50092
47718
45362
43026
40714
38428
36172
33949
31763
29617
27514
25459
23454
21504
19612
17783
16019
14326
12707
11165
9705.4
8331.6
7047.7
5857.8
4765.8
3775.7
2891.6
2117.4
1457.1
914.66
493.88
198.65
32.771
0
104.03
348.49
736.95
1272.9
1959.7
2800.8
3799.3
4958.4
6281.1
7770.5
9429.2
11260
13266
15448
17810
20354
23082
25996
29097
32387
35868
39541
43407
47468
51723
56174
60822
65667
70708
75946
81381
87013
92840
98863
1.0508e+05
1.1149e+05
1.1809e+05
1.2489e+05
1.3187e+05
1.3904e+05
1.464e+05
1.5393e+05
1.6165e+05
1.6955e+05
1.7763e+05
1.8588e+05
1.9429e+05
2.0288e+05
2.1163e+05
2.2054e+05
2.296e+05
2.3882e+05
2.4819e+05
2.577e+05
2.6735e+05
2.7714e+05
2.8706e+05
2.971e+05
3.0727e+05
3.1755e+05
3.2795e+05
3.3845e+05
3.4905e+05
3.5975e+05
3.7053e+05
3.8141e+05
3.9235e+05
4.0338e+05
4.1446e+05
4.2561e+05
4.3681e+05
4.4806e+05
4.5935e+05
4.7068e+05
4.8203e+05
4.9341e+05
5.048e+05
5.162e+05
5.276e+05
5.39e+05
5.5038e+05
5.6175e+05
5.7309e+05
5.844e+05
5.9567e+05
6.0689e+05
6.1807e+05
6.2918e+05
6.4023e+05
6.512e+05
6.621e+05
6.7291e+05
6.8363e+05
6.9425e+05
7.0476e+05
7.1516e+05
7.2545e+05
7.356e+05
7.4563e+05
7.5552e+05
7.6527e+05
7.7487e+05
7.8431e+05
7.9359e+05
8.0271e+05
8.1165e+05
8.2041e+05
8.29e+05
8.3739e+05
8.4559e+05
8.536e+05
8.614e+05
8.6899e+05
8.7637e+05
8.8353e+05
8.9048e+05
8.972e+05
9.0369e+05
9.0994e+05
9.1597e+05
9.2175e+05
9.2729e+05
9.3258e+05
9.3763e+05
9.4242e+05
9.4697e+05
9.5125e+05
9.5528e+05
9.5904e+05
9.6255e+05
9.6579e+05
9.6876e+05
9.7147e+05
9.7392e+05
9.7609e+05
9.7799e+05
9.7963e+05
9.81e+05
9.8209e+05
9.8292e+05
9.8347e+05
9.8376e+05
9.8378e+05
9.8353e+05
9.8301e+05
9.8223e+05
9.8118e+05
9.7987e+05
9.783e+05
9.7647e+05
9.7438e+05
9.7204e+05
9.6944e+05
9.6659e+05
9.635e+05
9.6016e+05
9.5658e+05
9.5275e+05
9.487e+05
9.4441e+05
9.3989e+05
9.3514e+05
9.3018e+05
9.2499e+05
9.196e+05
9.1399e+05
9.0818e+05
9.0216e+05
8.9596e+05
8.8955e+05
8.8296e+05
8.7619e+05
8.6924e+05
8.6212e+05
8.5483e+05
8.4737e+05
8.3976e+05
8.32e+05
8.2409e+05
8.1603e+05
8.0784e+05
7.9952e+05
7.9107e+05
7.825e+05
7.7382e+05
7.6503e+05
7.5613e+05
7.4713e+05
7.3804e+05
7.2887e+05
7.1961e+05
7.1027e+05
7.0087e+05
6.914e+05
6.8187e+05
6.7228e+05
6.6265e+05
6.5297e+05
6.4326e+05
6.3351e+05
6.2374e+05
6.1394e+05
6.0413e+05
5.9431e+05
5.8448e+05
5.7465e+05
5.6482e+05
5.55e+05
5.452e+05
5.3541e+05
5.2565e+05
5.1591e+05
5.0621e+05
4.9655e+05
4.8692e+05
4.7734e+05
4.6781e+05
4.5834e+05
4.4892e+05
4.3957e+05
4.3028e+05
4.2106e+05
4.1192e+05
4.0285e+05
3.9386e+05
3.8495e+05
3.7614e+05
3.6741e+05
3.5877e+05
3.5023e+05
3.4179e+05
3.3345e+05
3.2521e+05
3.1708e+05
3.0906e+05
3.0115e+05
2.9335e+05
2.8567e+05
2.781e+05
2.7065e+05
2.6332e+05
2.5611e+05
2.4902e+05
2.4206e+05
2.3522e+05
2.2851e+05
2.2193e+05
2.1547e+05
2.0915e+05
2.0295e+05
1.9688e+05
1.9094e+05
1.8514e+05
1.7946e+05
1.7392e+05
1.685e+05
1.6322e+05
1.5807e+05
1.5304e+05
1.4815e+05
1.4339e+05
1.3875e+05
1.3425e+05
1.2987e+05
1.2562e+05
1.2149e+05
1.1749e+05
1.1361e+05
1.0986e+05
1.0623e+05
1.0271e+05
99321
96046
92886
89841
86909
84088
81377
78775
76278
73887
71597
69409
67319
65326
63428
61623
59909
58283
56744
55290
53917
52625
51411
50273
49208
48215
47290
46433
45641
44911
44241
43630
43074
42573
42122
41722
41368
41060
40795
40570
40385
40236
40122
40041
39991
39969
39975
40005
40059
40134
40228
40340
40469
40612
40767
40934
41111
41295
41486
41682
41882
42085
42288
42491
42693
42892
43087
43277
43461
43639
43808
43969
44119
44259
44388
44505
44608
44698
44774
44836
44882
44912
44926
44923
44904
44867
44812
44739
44649
44540
44412
44266
44102
43918
43716
43496
43256
42999
42723
42428
42116
41785
41437
41072
40689
40290
39874
39442
