5.2244e+05
5.2812e+05
5.3363e+05
5.3895e+05
5.441e+05
5.4906e+05
5.5383e+05
5.5841e+05
5.6279e+05
5.6698e+05
5.7098e+05
5.7477e+05
5.7837e+05
5.8176e+05
5.8495e+05
5.8793e+05
5.9072e+05
5.9329e+05
5.9567e+05
5.9784e+05
5.998e+05
6.0157e+05
6.0313e+05
6.0449e+05
6.0565e+05
6.0661e+05
6.0737e+05
6.0794e+05
6.0832e+05
6.085e+05
6.085e+05
6.0831e+05
6.0794e+05
6.0739e+05
6.0666e+05
6.0576e+05
6.0468e+05
6.0344e+05
6.0204e+05
6.0048e+05
5.9876e+05
5.9689e+05
5.9488e+05
5.9272e+05
5.9043e+05
5.88e+05
5.8544e+05
5.8276e+05
5.7996e+05
5.7705e+05
5.7403e+05
5.709e+05
5.6768e+05
5.6436e+05
5.6095e+05
5.5746e+05
5.539e+05
5.5026e+05
5.4656e+05
5.4279e+05
5.3897e+05
5.351e+05
5.3119e+05
5.2724e+05
5.2325e+05
5.1923e+05
5.152e+05
5.1115e+05
5.0708e+05
5.0301e+05
4.9894e+05
4.9487e+05
4.9081e+05
4.8677e+05
4.8275e+05
4.7875e+05
4.7478e+05
4.7085e+05
4.6695e+05
4.631e+05
4.593e+05
4.5556e+05
4.5187e+05
4.4824e+05
4.4468e+05
4.4119e+05
4.3777e+05
4.3443e+05
4.3117e+05
4.28e+05
4.2491e+05
4.2192e+05
4.1902e+05
4.1622e+05
4.1352e+05
4.1092e+05
4.0843e+05
4.0604e+05
4.0377e+05
4.0161e+05
3.9956e+05
3.9762e+05
3.9581e+05
3.9411e+05
3.9253e+05
3.9107e+05
3.8974e+05
3.8852e+05
3.8743e+05
3.8646e+05
3.8562e+05
3.849e+05
3.843e+05
3.8382e+05
3.8347e+05
3.8324e+05
3.8313e+05
3.8314e+05
3.8326e+05
3.8351e+05
3.8388e+05
3.8435e+05
3.8495e+05
3.8565e+05
3.8646e+05
3.8739e+05
3.8841e+05
3.8954e+05
3.9077e+05
3.921e+05
3.9353e+05
3.9505e+05
3.9665e+05
3.9835e+05
4.0013e+05
4.0199e+05
4.0393e+05
4.0594e+05
4.0802e+05
4.1017e+05
4.1238e+05
4.1466e+05
4.1699e+05
4.1937e+05
4.2181e+05
4.2428e+05
4.268e+05
4.2936e+05
4.3195e+05
4.3457e+05
4.3722e+05
4.3988e+05
4.4257e+05
4.4526e+05
4.4797e+05
4.5068e+05
4.534e+05
4.5611e+05
4.5881e+05
4.6151e+05
4.6419e+05
4.6685e+05
4.6948e+05
4.7209e+05
4.7468e+05
4.7722e+05
4.7973e+05
4.822e+05
4.8462e+05
4.8699e+05
4.8931e+05
4.9158e+05
4.9379e+05
4.9593e+05
4.9801e+05
5.0001e+05
5.0195e+05
5.0381e+05
5.0559e+05
5.0729e+05
5.0891e+05
5.1044e+05
5.1188e+05
5.1323e+05
5.1448e+05
5.1564e+05
5.167e+05
5.1766e+05
5.1851e+05
5.1926e+05
5.1991e+05
5.2044e+05
5.2086e+05
5.2118e+05
5.2137e+05
5.2146e+05
5.2142e+05
5.2128e+05
5.2101e+05
5.2062e+05
5.2012e+05
5.1949e+05
5.1874e+05
5.1787e+05
5.1688e+05
5.1577e+05
5.1453e+05
5.1317e+05
5.1169e+05
5.1009e+05
5.0836e+05
5.0651e+05
5.0454e+05
5.0245e+05
5.0024e+05
4.9791e+05
4.9547e+05
4.929e+05
4.9022e+05
4.8742e+05
4.8451e+05
4.8148e+05
4.7835e+05
4.751e+05
4.7174e+05
4.6828e+05
4.6471e+05
4.6104e+05
4.5727e+05
4.534e+05
4.4943e+05
4.4536e+05
4.4121e+05
4.3696e+05
4.3262e+05
4.282e+05
4.2369e+05
4.191e+05
4.1444e+05
4.097e+05
4.0488e+05
4e+05
3.9505e+05
3.9003e+05
3.8495e+05
3.7982e+05
3.7463e+05
3.6938e+05
3.6409e+05
3.5875e+05
3.5337e+05
3.4795e+05
3.425e+05
3.3701e+05
3.3149e+05
3.2594e+05
3.2038e+05
3.1479e+05
3.0919e+05
3.0358e+05
2.9796e+05
2.9233e+05
2.867e+05
2.8108e+05
2.7546e+05
2.6985e+05
2.6425e+05
2.5867e+05
2.5311e+05
2.4757e+05
2.4206e+05
2.3658e+05
2.3114e+05
2.2573e+05
2.2037e+05
2.1505e+05
2.0978e+05
2.0456e+05
1.994e+05
1.9429e+05
1.8925e+05
1.8428e+05
1.7937e+05
1.7454e+05
1.6978e+05
1.6511e+05
1.6051e+05
1.56e+05
1.5158e+05
1.4726e+05
1.4303e+05
1.3889e+05
1.3486e+05
1.3093e+05
1.2711e+05
1.234e+05
1.198e+05
1.1632e+05
1.1296e+05
1.0971e+05
1.066e+05
1.036e+05
1.0074e+05
98001
95399
92932
90602
88412
86363
84458
82697
81084
79619
78304
77141
76131
75276
74576
74034
73650
73425
73360
73456
73714
74134
74718
75465
76376
77452
78692
80098
81668
83402
85302
87366
89595
91988
94544
97263
1.0014e+05
1.0319e+05
1.0639e+05
1.0975e+05
1.1328e+05
1.1696e+05
1.208e+05
1.2479e+05
1.2894e+05
1.3324e+05
1.3769e+05
1.4229e+05
1.4704e+05
1.5194e+05
1.5698e+05
1.6216e+05
1.6749e+05
1.7295e+05
1.7856e+05
1.8429e+05
1.9016e+05
1.9616e+05
2.0229e+05
2.0854e+05
2.1492e+05
2.2142e+05
2.2804e+05
2.3477e+05
2.4161e+05
2.4857e+05
2.5563e+05
2.628e+05
2.7007e+05
2.7744e+05
2.849e+05
2.9246e+05
3.001e+05
3.0784e+05
3.1565e+05
3.2355e+05
3.3152e+05
3.3957e+05
3.4769e+05
3.5588e+05
3.6413e+05
3.7244e+05
3.808e+05
3.8923e+05
3.977e+05
4.0622e+05
4.1478e+05
4.2338e+05
4.3202e+05
4.4069e+05
4.494e+05
4.5812e+05
4.6688e+05
4.7565e+05
4.8443e+05
4.9323e+05
5.0204e+05
5.1085e+05
5.1967e+05
5.2848e+05
5.3729e+05
5.4609e+05
5.5488e+05
5.6365e+05
5.724e+05
5.8113e+05
5.8984e+05
5.9852e+05
6.0716e+05
6.1578e+05
6.2435e+05
6.3288e+05
6.4136e+05
6.498e+05
6.5819e+05
6.6652e+05
6.7479e+05
6.8301e+05
6.9116e+05
6.9925e+05
7.0726e+05
7.1521e+05
7.2308e+05
7.3087e+05
7.3858e+05
7.4621e+05
7.5376e+05
7.6121e+05
7.6858e+05
7.7585e+05
7.8303e+05
7.9011e+05
7.9709e+05
8.0397e+05
8.1074e+05
8.1741e+05
8.2397e+05
8.3041e+05
8.3675e+05
8.4297e+05
8.4907e+05
8.5505e+05
8.6092e+05
8.6666e+05
8.7228e+05
8.7777e+05
8.8314e+05
8.8838e+05
8.9349e+05
8.9847e+05
9.0331e+05
9.0803e+05
9.126e+05
9.1705e+05
9.2135e+05
9.2552e+05
9.2955e+05
9.3343e+05
9.3718e+05
9.4079e+05
9.4425e+05
9.4757e+05
9.5075e+05
9.5378e+05
9.5667e+05
9.5942e+05
9.6201e+05
9.6447e+05
9.6677e+05
9.6893e+05
9.7094e+05
9.7281e+05
9.7453e+05
9.761e+05
9.7753e+05
9.7881e+05
9.7994e+05
9.8093e+05
9.8176e+05
9.8246e+05
9.8301e+05
9.8341e+05
9.8366e+05
9.8378e+05
9.8375e+05
9.8357e+05
9.8325e+05
9.8279e+05
9.8219e+05
9.8145e+05
9.8056e+05
9.7954e+05
9.7838e+05
9.7708e+05
9.7564e+05
9.7407e+05
9.7236e+05
9.7052e+05
9.6855e+05
9.6644e+05
9.6421e+05
9.6184e+05
9.5934e+05
9.5672e+05
9.5398e+05
9.5111e+05
9.4811e+05
9.4499e+05
9.4176e+05
9.384e+05
9.3493e+05
9.3134e+05
9.2763e+05
9.2382e+05
9.1989e+05
9.1585e+05
9.117e+05
9.0745e+05
9.0309e+05
8.9863e+05
8.9407e+05
8.894e+05
8.8464e+05
8.7978e+05
8.7483e+05
8.6979e+05
8.6465e+05
8.5943e+05
8.5411e+05
8.4872e+05
8.4324e+05
8.3767e+05
8.3203e+05
8.2631e+05
8.2052e+05
8.1465e+05
8.0871e+05
8.027e+05
7.9662e+05
7.9048e+05
7.8427e+05
7.78e+05
7.7167e+05
7.6529e+05
7.5885e+05
7.5235e+05
7.458e+05
7.3921e+05
7.3257e+05
7.2588e+05
7.1915e+05
7.1237e+05
7.0556e+05
6.9871e+05
6.9183e+05
6.8492e+05
6.7797e+05
6.7099e+05
6.6399e+05
6.5697e+05
6.4992e+05
6.4285e+05
6.3576e+05
6.2866e+05
6.2154e+05
6.1441e+05
6.0726e+05
6.0011e+05
5.9296e+05
5.858e+05
5.7863e+05
5.7147e+05
5.643e+05
5.5714e+05
5.4999e+05
5.4284e+05
5.357e+05
5.2857e+05
5.2145e+05
5.1434e+05
5.0726e+05
5.0018e+05
4.9313e+05
4.861e+05
4.7909e+05
4.721e+05
4.6514e+05
4.5821e+05
4.5131e+05
4.4443e+05
4.3759e+05
4.3078e+05
4.2401e+05
4.1727e+05
4.1056e+05
4.039e+05
3.9728e+05
3.9069e+05
3.8415e+05
3.7766e+05
3.712e+05
3.648e+05
3.5844e+05
3.5213e+05
3.4587e+05
3.3965e+05
3.3349e+05
3.2739e+05
3.2133e+05
3.1533e+05
3.0938e+05
3.0349e+05
2.9765e+05
2.9187e+05
2.8615e+05
2.8049e+05
2.7489e+05
2.6934e+05
2.6386e+05
2.5844e+05
2.5307e+05
2.4777e+05
2.4253e+05
2.3736e+05
2.3225e+05
2.272e+05
2.2221e+05
2.1729e+05
2.1243e+05
2.0763e+05
2.029e+05
1.9824e+05
1.9364e+05
1.891e+05
1.8463e+05
1.8023e+05
1.7588e+05
1.7161e+05
1.674e+05
1.6325e+05
1.5917e+05
1.5515e+05
1.512e+05
1.4731e+05
1.4349e+05
1.3973e+05
1.3603e+05
1.324e+05
1.2883e+05
1.2532e+05
1.2188e+05
1.1849e+05
1.1517e+05
1.1191e+05
1.0871e+05
1.0558e+05
1.025e+05
99482
96524
93625
90784
88001
85276
82607
79995
77438
74937
72491
70099
67760
65475
63241
61060
58930
56850
54821
52840
50909
49025
47189
45400
43657
41959
40307
38698
37134
35612
34132
32694
31297
29941
28624
27346
26106
24905
23740
22612
21519
20462
19439
18450
17494
16571
15680
14820
13991
13192
12423
11682
10969
10285
9627
8995.8
8390.4
7810.3
7254.8
6723.5
6215.6
5730.7
5268.2
4827.4
4407.9
4009
3630.3
3271.2
2931
2609.4
2305.7
2019.4
1749.9
1496.9
1259.7
1037.8
830.71
637.94
458.98
293.33
140.5
0
