67513
70794
74326
78106
82133
86403
90912
95654
1.0062e+05
1.0581e+05
1.1121e+05
1.1681e+05
1.226e+05
1.2858e+05
1.3472e+05
1.4102e+05
1.4746e+05
1.5404e+05
1.6072e+05
1.6751e+05
1.7438e+05
1.8132e+05
1.8831e+05
1.9534e+05
2.0239e+05
2.0943e+05
2.1646e+05
2.2346e+05
2.304e+05
2.3728e+05
2.4406e+05
2.5075e+05
2.5731e+05
2.6374e+05
2.7001e+05
2.7612e+05
2.8203e+05
2.8775e+05
2.9326e+05
2.9853e+05
3.0356e+05
3.0834e+05
3.1286e+05
3.1709e+05
3.2104e+05
3.2469e+05
3.2803e+05
3.3107e+05
3.3378e+05
3.3616e+05
3.3821e+05
3.3993e+05
3.413e+05
3.4233e+05
3.4302e+05
3.4337e+05
3.4337e+05
3.4303e+05
3.4235e+05
3.4132e+05
3.3997e+05
3.3828e+05
3.3627e+05
3.3394e+05
3.313e+05
3.2835e+05
3.2511e+05
3.2157e+05
3.1776e+05
3.1368e+05
3.0935e+05
3.0476e+05
2.9994e+05
2.9489e+05
2.8964e+05
2.8418e+05
2.7853e+05
2.7272e+05
2.6674e+05
2.6061e+05
2.5435e+05
2.4797e+05
2.4149e+05
2.3491e+05
2.2825e+05
2.2153e+05
2.1476e+05
2.0795e+05
2.0112e+05
1.9427e+05
1.8743e+05
1.806e+05
1.7381e+05
1.6705e+05
1.6034e+05
1.537e+05
1.4714e+05
1.4066e+05
1.3428e+05
1.2801e+05
1.2186e+05
1.1584e+05
1.0996e+05
1.0422e+05
98644
93228
87985
82921
78043
73359
68873
64591
60519
56662
53023
49607
46417
43456
40727
38231
35971
33947
32161
30612
29302
28229
27393
26792
26425
26290
26384
26704
27249
28013
28993
30184
31583
33184
34982
36971
39145
41498
44024
46715
49566
52568
55713
58995
62405
65934
69576
73320
77159
81083
85085
89154
93282
97460
1.0168e+05
1.0593e+05
1.102e+05
1.1449e+05
1.1878e+05
1.2307e+05
1.2734e+05
1.3159e+05
1.3581e+05
1.4e+05
1.4413e+05
1.4822e+05
1.5224e+05
1.5619e+05
1.6006e+05
1.6385e+05
1.6755e+05
1.7115e+05
1.7465e+05
1.7804e+05
1.8132e+05
1.8448e+05
1.8752e+05
1.9042e+05
1.932e+05
1.9584e+05
1.9834e+05
2.007e+05
2.0292e+05
2.0499e+05
2.0692e+05
2.087e+05
2.1032e+05
2.118e+05
2.1313e+05
2.143e+05
2.1533e+05
2.1621e+05
2.1693e+05
2.1752e+05
2.1795e+05
2.1824e+05
2.1839e+05
2.184e+05
2.1828e+05
2.1802e+05
2.1762e+05
2.171e+05
2.1645e+05
2.1568e+05
2.1478e+05
2.1377e+05
2.1265e+05
2.1142e+05
2.1008e+05
2.0863e+05
2.0709e+05
2.0545e+05
2.0372e+05
2.0189e+05
1.9998e+05
1.9799e+05
1.9592e+05
1.9377e+05
1.9154e+05
1.8925e+05
1.8688e+05
1.8445e+05
1.8196e+05
1.7941e+05
1.768e+05
1.7414e+05
1.7143e+05
1.6866e+05
1.6585e+05
1.63e+05
1.6011e+05
1.5717e+05
1.542e+05
1.512e+05
1.4816e+05
1.451e+05
1.42e+05
1.3889e+05
1.3575e+05
1.3259e+05
1.2942e+05
1.2624e+05
1.2304e+05
1.1984e+05
1.1663e+05
1.1342e+05
1.1021e+05
1.0701e+05
1.0381e+05
1.0063e+05
97460
94310
91181
88078
85004
81963
78959
75994
73073
70199
67376
64608
61897
59247
56662
54144
51697
49322
47024
44803
42663
40606
38632
36744
34943
33229
31603
30066
28617
27256
25983
24796
23695
22677
21741
20884
20105
19399
18765
18198
17696
17254
16869
16535
16250
16008
15804
15635
15495
15380
15285
15206
15136
15074
15012
14949
14879
14798
14704
14593
14461
14306
14126
13919
13683
13416
13119
12789
12429
12036
11614
11161
10681
10175
9646
9095.7
8527.6
7945.1
7351.9
6751.9
6149.2
5548.4
4954.1
4370.9
3803.8
3257.6
2737.4
2248.2
1794.7
1382
1014.6
697.14
433.91
228.97
86.098
8.7486
0
62.534
198.6
409.99
698.01
1063.4
1506.6
2027.1
2624.1
3296.3
4041.6
4857.4
5740.6
6687.5
7693.8
8754.7
9864.8
11018
12209
13430
14674
15934
17202
18470
19730
20973
22190
23374
24515
25605
26636
27600
28488
29295
30011
30632
31150
31562
31861
32044
32107
32050
31870
31566
31140
30593
29927
29147
28258
27265
26177
25000
23745
22423
21046
19626
18178
16717
15260
13823
12425
11085
9822.9
8659.5
7616.1
6714.8
5978
5428.7
5090.3
4986.2
5140.2
5576
6317.2
7387.4
8809.8
10607
12802
15416
18470
21984
25977
30469
35475
41012
47094
53734
60944
68734
77112
86084
95656
1.0583e+05
1.1661e+05
1.2799e+05
1.3997e+05
1.5254e+05
1.657e+05
1.7944e+05
1.9375e+05
2.0861e+05
2.2402e+05
2.3994e+05
2.5637e+05
2.7328e+05
2.9064e+05
3.0845e+05
3.2666e+05
3.4524e+05
3.6418e+05
3.8344e+05
4.0298e+05
4.2277e+05
4.4278e+05
4.6296e+05
4.8329e+05
5.0371e+05
5.242e+05
5.4471e+05
5.652e+05
5.8563e+05
6.0596e+05
6.2614e+05
6.4614e+05
6.6591e+05
6.854e+05
7.0459e+05
7.2343e+05
7.4187e+05
7.5988e+05
7.7743e+05
7.9446e+05
8.1095e+05
8.2686e+05
8.4216e+05
8.568e+05
8.7078e+05
8.8404e+05
8.9657e+05
9.0834e+05
9.1932e+05
9.295e+05
9.3884e+05
9.4734e+05
9.5498e+05
9.6174e+05
9.6761e+05
9.7258e+05
9.7665e+05
9.7981e+05
9.8205e+05
9.8337e+05
9.8378e+05
9.8327e+05
9.8186e+05
9.7955e+05
9.7635e+05
9.7227e+05
9.6733e+05
9.6154e+05
9.5491e+05
9.4747e+05
9.3924e+05
9.3024e+05
9.2049e+05
9.1001e+05
8.9884e+05
8.8701e+05
8.7453e+05
8.6144e+05
8.4778e+05
8.3357e+05
8.1884e+05
8.0363e+05
7.8798e+05
7.7191e+05
7.5546e+05
7.3867e+05
7.2157e+05
7.0419e+05
6.8657e+05
6.6875e+05
6.5076e+05
6.3263e+05
6.144e+05
5.961e+05
5.7776e+05
5.5942e+05
5.411e+05
5.2284e+05
5.0467e+05
4.8661e+05
4.687e+05
4.5095e+05
4.334e+05
4.1607e+05
3.9899e+05
3.8217e+05
3.6564e+05
3.4941e+05
3.3351e+05
3.1795e+05
3.0275e+05
2.8793e+05
2.7348e+05
2.5944e+05
2.4581e+05
2.3259e+05
2.1981e+05
2.0745e+05
1.9554e+05
1.8407e+05
1.7304e+05
1.6247e+05
1.5234e+05
1.4267e+05
1.3344e+05
1.2466e+05
1.1632e+05
1.0842e+05
1.0096e+05
93920
87304
81100
75302
69899
64882
60241
55965
52042
48461
45210
42275
39645
37306
35245
33449
31903
30594
29509
28633
27954
27457
27129
26956
26927
27027
27244
27566
27980
28476
29040
29664
30335
31044
31780
32536
33300
34066
34826
35571
36295
36991
37654
38278
38857
39388
39866
40289
40652
40953
41190
41362
41467
41504
41474
41375
41209
40975
40676
40313
39887
39400
38855
38254
37599
36895
36144
35348
34513
33641
32736
31802
30843
29862
28863
27851
26829
25801
24771
23743
22719
21705
20702
19715
18746
17798
16875
15979
15112
14277
13475
12709
11980
11290
10639
10029
9460.4
8933.8
8449.6
8007.9
7608.6
7251.3
6935.6
6660.9
6426.2
6230.5
6072.5
5951
5864.4
5811
5789.1
5796.8
5832
5892.7
5976.7
6081.9
6205.8
6346.3
6500.9
6667.2
6843.1
7026
7213.7
7403.8
7594.2
7782.6
7967
8145.3
8315.5
8475.8
8624.4
8759.8
8880.3
8984.6
9071.4
9139.6
9188.2
9216.3
9223.2
9208.3
9171.3
9111.7
9029.5
8924.6
8797.3
8647.6
8476.1
8283.2
8069.6
7836
7583.2
7312.3
7024.3
6720.2
6401.3
6068.9
5724.2
5368.8
5003.9
4631.1
4251.9
3867.6
3479.9
3090.2
2699.9
2310.7
1923.8
1540.7
1162.7
791.13
427.24
72.171
