25052
26829
28853
31124
33642
36405
39410
42655
46136
49849
53789
57949
62324
66906
71688
76661
81817
87146
92638
98283
1.0407e+05
1.0999e+05
1.1602e+05
1.2217e+05
1.284e+05
1.3472e+05
1.4111e+05
1.4755e+05
1.5404e+05
1.6055e+05
1.6708e+05
1.7361e+05
1.8012e+05
1.8661e+05
1.9306e+05
1.9946e+05
2.0578e+05
2.1203e+05
2.1818e+05
2.2423e+05
2.3015e+05
2.3594e+05
2.4159e+05
2.4708e+05
2.524e+05
2.5755e+05
2.625e+05
2.6725e+05
2.7179e+05
2.7611e+05
2.8021e+05
2.8407e+05
2.8768e+05
2.9104e+05
2.9415e+05
2.9699e+05
2.9957e+05
3.0187e+05
3.0389e+05
3.0564e+05
3.071e+05
3.0828e+05
3.0918e+05
3.0979e+05
3.1011e+05
3.1015e+05
3.0991e+05
3.0939e+05
3.0858e+05
3.0751e+05
3.0616e+05
3.0455e+05
3.0268e+05
3.0055e+05
2.9818e+05
2.9557e+05
2.9272e+05
2.8965e+05
2.8636e+05
2.8287e+05
2.7918e+05
2.753e+05
2.7124e+05
2.6701e+05
2.6263e+05
2.5811e+05
2.5345e+05
2.4866e+05
2.4377e+05
2.3878e+05
2.3371e+05
2.2856e+05
2.2335e+05
2.1808e+05
2.1279e+05
2.0746e+05
2.0213e+05
1.9679e+05
1.9147e+05
1.8616e+05
1.809e+05
1.7567e+05
1.7051e+05
1.6541e+05
1.6039e+05
1.5546e+05
1.5062e+05
1.4589e+05
1.4128e+05
1.368e+05
1.3245e+05
1.2823e+05
1.2417e+05
1.2026e+05
1.1652e+05
1.1294e+05
1.0953e+05
1.063e+05
1.0325e+05
1.0039e+05
97721
95241
92956
90867
88975
87283
85789
84494
83398
82499
81796
81288
80972
80845
80904
81147
81569
82167
82935
83871
84967
86221
87626
89176
90867
92692
94645
96720
98911
1.0121e+05
1.0361e+05
1.0611e+05
1.087e+05
1.1138e+05
1.1412e+05
1.1694e+05
1.1983e+05
1.2277e+05
1.2576e+05
1.2879e+05
1.3187e+05
1.3497e+05
1.381e+05
1.4125e+05
1.4441e+05
1.4758e+05
1.5075e+05
1.5391e+05
1.5707e+05
1.6021e+05
1.6333e+05
1.6642e+05
1.6948e+05
1.725e+05
1.7549e+05
1.7842e+05
1.8131e+05
1.8414e+05
1.8691e+05
1.8962e+05
1.9226e+05
1.9483e+05
1.9732e+05
1.9974e+05
2.0207e+05
2.0431e+05
2.0647e+05
2.0853e+05
2.1049e+05
2.1236e+05
2.1413e+05
2.1579e+05
2.1734e+05
2.1878e+05
2.2012e+05
2.2133e+05
2.2244e+05
2.2342e+05
2.2428e+05
2.2503e+05
2.2565e+05
2.2614e+05
2.2651e+05
2.2676e+05
2.2687e+05
2.2686e+05
2.2672e+05
2.2645e+05
2.2605e+05
2.2552e+05
2.2487e+05
2.2408e+05
2.2317e+05
2.2213e+05
2.2096e+05
2.1967e+05
2.1825e+05
2.1672e+05
2.1506e+05
2.1328e+05
2.1139e+05
2.0938e+05
2.0727e+05
2.0504e+05
2.0271e+05
2.0028e+05
1.9775e+05
1.9512e+05
1.9241e+05
1.896e+05
1.8672e+05
1.8376e+05
1.8072e+05
1.7761e+05
1.7444e+05
1.7121e+05
1.6793e+05
1.646e+05
1.6122e+05
1.5781e+05
1.5436e+05
1.5088e+05
1.4739e+05
1.4387e+05
1.4034e+05
1.3681e+05
1.3328e+05
1.2975e+05
1.2623e+05
1.2273e+05
1.1925e+05
1.1579e+05
1.1236e+05
1.0897e+05
1.0562e+05
1.0231e+05
99043
95832
92675
89577
86540
83568
80663
77828
75064
72374
69759
67221
64760
62377
60072
57846
55698
53628
51636
49720
47879
46112
44418
42793
41237
39747
38320
36955
35648
34397
33198
32050
30948
29890
28873
27894
26950
26037
25153
24296
23462
22649
21854
21075
20310
19557
18814
18079
17352
16631
15916
15204
14497
13794
13095
12399
11709
11024
10345
9673.8
9011.5
8359.7
7720.1
7094.8
6485.6
5895
5325.2
4778.7
4257.9
3765.5
3304.1
2876.3
2484.7
2132
1820.7
1553.3
1332
1159.3
1037.1
967.51
952.15
992.59
1090.2
1245.9
1460.6
1734.7
2068.6
2462
2914.5
3425.5
3993.8
4617.9
5296.1
6026.2
6805.8
7632
8501.6
9411.1
10357
11334
12339
13367
14413
15471
16536
17603
18665
19717
20753
21767
22753
23703
24613
25477
26288
27040
27729
28349
28895
29361
29745
30041
30247
30359
30375
30292
30110
29827
29443
28960
28377
27697
26922
26056
25103
24068
22957
21775
20531
19232
17887
16507
15100
13679
12255
10840
9449
8094.4
6791
5553.9
4398.7
3341.3
2398.4
1586.7
923.38
426.02
112.28
0
107.14
451.69
1051.6
1924.7
3088.7
4561.1
6359
8499.2
10998
13871
17134
20801
24887
29403
34364
39779
45660
52015
58853
66182
74007
82333
91163
1.005e+05
1.1035e+05
1.207e+05
1.3156e+05
1.4292e+05
1.5478e+05
1.6713e+05
1.7996e+05
1.9327e+05
2.0705e+05
2.2128e+05
2.3594e+05
2.5104e+05
2.6654e+05
2.8244e+05
2.9871e+05
3.1533e+05
3.3228e+05
3.4955e+05
3.671e+05
3.8491e+05
4.0296e+05
4.2122e+05
4.3966e+05
4.5826e+05
4.7697e+05
4.9579e+05
5.1466e+05
5.3357e+05
5.5248e+05
5.7136e+05
5.9018e+05
6.089e+05
6.275e+05
6.4593e+05
6.6417e+05
6.8218e+05
6.9994e+05
7.1741e+05
7.3455e+05
7.5134e+05
7.6775e+05
7.8374e+05
7.9929e+05
8.1438e+05
8.2896e+05
8.4301e+05
8.5652e+05
8.6945e+05
8.8178e+05
8.9349e+05
9.0456e+05
9.1497e+05
9.247e+05
9.3373e+05
9.4205e+05
9.4964e+05
9.565e+05
9.626e+05
9.6795e+05
9.7253e+05
9.7634e+05
9.7937e+05
9.8162e+05
9.8309e+05
9.8378e+05
9.8369e+05
9.8282e+05
9.8118e+05
9.7878e+05
9.7562e+05
9.7172e+05
9.6708e+05
9.6171e+05
9.5564e+05
9.4887e+05
9.4142e+05
9.3331e+05
9.2456e+05
9.1519e+05
9.0521e+05
8.9465e+05
8.8354e+05
8.7189e+05
8.5973e+05
8.4709e+05
8.3398e+05
8.2045e+05
8.065e+05
7.9218e+05
7.775e+05
7.625e+05
7.472e+05
7.3163e+05
7.1582e+05
6.998e+05
6.8359e+05
6.6723e+05
6.5074e+05
6.3414e+05
6.1747e+05
6.0075e+05
5.84e+05
5.6726e+05
5.5055e+05
5.3389e+05
5.173e+05
5.0082e+05
4.8445e+05
4.6823e+05
4.5217e+05
4.363e+05
4.2063e+05
4.0518e+05
3.8996e+05
3.7501e+05
3.6032e+05
3.4591e+05
3.318e+05
3.18e+05
3.0452e+05
2.9136e+05
2.7855e+05
2.6609e+05
2.5398e+05
2.4223e+05
2.3085e+05
2.1984e+05
2.092e+05
1.9894e+05
1.8905e+05
1.7954e+05
1.7042e+05
1.6167e+05
1.5329e+05
1.4529e+05
1.3765e+05
1.3038e+05
1.2347e+05
1.1692e+05
1.1071e+05
1.0485e+05
99318
94117
89235
84664
80395
76419
72727
69308
66152
63251
60592
58165
55961
53968
52175
50573
49149
47895
46799
45851
45040
44357
43792
43335
42976
42707
42518
42401
42348
42350
42400
42489
42612
42762
42931
43114
43305
43499
43691
43876
44050
44209
44349
44467
44560
44626
44663
44667
44638
44575
44475
44339
44166
43956
43708
43423
43101
42744
42350
41923
41462
40969
40446
39895
39316
38712
38084
37435
36767
36082
35381
34668
33943
33211
32472
31729
30984
30240
29498
28760
28029
27307
26595
25895
25209
24539
23886
23252
22638
22046
21476
20930
20409
19913
19444
19001
18586
18200
17841
17511
17209
16936
16692
16475
16287
16126
15992
15884
15802
15745
15712
15701
15713
15746
15799
15870
15959
16064
16184
16317
16462
16618
16783
16956
17135
17318
17505
17694
17884
18072
18258
18440
18617
18787
18950
19103
19247
19379
19499
19606
19698
19775
19836
19880
19907
19916
19906
19877
19829
19761
19672
19564
19436
19287
19119
18930
18721
18493
18246
17980
17696
17395
17076
