5.4265e+05
5.4915e+05
5.5548e+05
5.6164e+05
5.6763e+05
5.7343e+05
5.7905e+05
5.8448e+05
5.8973e+05
5.9477e+05
5.9963e+05
6.0428e+05
6.0873e+05
6.1298e+05
6.1702e+05
6.2086e+05
6.2449e+05
6.2791e+05
6.3111e+05
6.3411e+05
6.3689e+05
6.3946e+05
6.4182e+05
6.4396e+05
6.459e+05
6.4762e+05
6.4913e+05
6.5043e+05
6.5152e+05
6.524e+05
6.5308e+05
6.5356e+05
6.5383e+05
6.539e+05
6.5378e+05
6.5346e+05
6.5295e+05
6.5225e+05
6.5137e+05
6.503e+05
6.4906e+05
6.4764e+05
6.4605e+05
6.4429e+05
6.4237e+05
6.403e+05
6.3806e+05
6.3568e+05
6.3316e+05
6.3049e+05
6.2769e+05
6.2476e+05
6.2171e+05
6.1853e+05
6.1525e+05
6.1185e+05
6.0835e+05
6.0476e+05
6.0107e+05
5.973e+05
5.9345e+05
5.8952e+05
5.8553e+05
5.8147e+05
5.7735e+05
5.7319e+05
5.6898e+05
5.6473e+05
5.6045e+05
5.5614e+05
5.5181e+05
5.4747e+05
5.4311e+05
5.3876e+05
5.344e+05
5.3005e+05
5.2572e+05
5.214e+05
5.1711e+05
5.1284e+05
5.0862e+05
5.0443e+05
5.0028e+05
4.9619e+05
4.9215e+05
4.8817e+05
4.8426e+05
4.8041e+05
4.7664e+05
4.7294e+05
4.6932e+05
4.6579e+05
4.6235e+05
4.59e+05
4.5575e+05
4.5259e+05
4.4954e+05
4.4659e+05
4.4375e+05
4.4102e+05
4.3841e+05
4.3591e+05
4.3352e+05
4.3126e+05
4.2911e+05
4.2709e+05
4.2519e+05
4.2342e+05
4.2177e+05
4.2025e+05
4.1886e+05
4.176e+05
4.1646e+05
4.1545e+05
4.1457e+05
4.1381e+05
4.1319e+05
4.1269e+05
4.1231e+05
4.1206e+05
4.1194e+05
4.1193e+05
4.1205e+05
4.1228e+05
4.1264e+05
4.1311e+05
4.1369e+05
4.1438e+05
4.1518e+05
4.1609e+05
4.171e+05
4.1821e+05
4.1942e+05
4.2073e+05
4.2213e+05
4.2361e+05
4.2518e+05
4.2684e+05
4.2857e+05
4.3037e+05
4.3225e+05
4.342e+05
4.362e+05
4.3827e+05
4.4039e+05
4.4257e+05
4.4479e+05
4.4705e+05
4.4935e+05
4.5169e+05
4.5406e+05
4.5646e+05
4.5887e+05
4.6131e+05
4.6376e+05
4.6621e+05
4.6868e+05
4.7114e+05
4.736e+05
4.7605e+05
4.7848e+05
4.809e+05
4.833e+05
4.8568e+05
4.8802e+05
4.9033e+05
4.9261e+05
4.9484e+05
4.9703e+05
4.9916e+05
5.0125e+05
5.0328e+05
5.0524e+05
5.0714e+05
5.0898e+05
5.1074e+05
5.1243e+05
5.1403e+05
5.1556e+05
5.17e+05
5.1836e+05
5.1962e+05
5.2079e+05
5.2187e+05
5.2284e+05
5.2372e+05
5.2449e+05
5.2515e+05
5.2571e+05
5.2615e+05
5.2649e+05
5.267e+05
5.2681e+05
5.2679e+05
5.2665e+05
5.264e+05
5.2602e+05
5.2552e+05
5.2489e+05
5.2414e+05
5.2326e+05
5.2226e+05
5.2113e+05
5.1987e+05
5.1848e+05
5.1696e+05
5.1532e+05
5.1354e+05
5.1164e+05
5.0961e+05
5.0745e+05
5.0517e+05
5.0275e+05
5.0022e+05
4.9755e+05
4.9476e+05
4.9185e+05
4.8882e+05
4.8567e+05
4.8239e+05
4.79e+05
4.755e+05
4.7187e+05
4.6814e+05
4.6429e+05
4.6034e+05
4.5628e+05
4.5211e+05
4.4784e+05
4.4347e+05
4.3901e+05
4.3445e+05
4.2979e+05
4.2505e+05
4.2022e+05
4.153e+05
4.1031e+05
4.0523e+05
4.0008e+05
3.9486e+05
3.8957e+05
3.8422e+05
3.788e+05
3.7332e+05
3.6779e+05
3.622e+05
3.5657e+05
3.5089e+05
3.4517e+05
3.3942e+05
3.3362e+05
3.278e+05
3.2196e+05
3.1609e+05
3.102e+05
3.0429e+05
2.9838e+05
2.9246e+05
2.8653e+05
2.8061e+05
2.7469e+05
2.6878e+05
2.6288e+05
2.57e+05
2.5114e+05
2.4531e+05
2.395e+05
2.3372e+05
2.2799e+05
2.2229e+05
2.1664e+05
2.1103e+05
2.0548e+05
1.9998e+05
1.9455e+05
1.8917e+05
1.8387e+05
1.7863e+05
1.7347e+05
1.6839e+05
1.634e+05
1.5849e+05
1.5366e+05
1.4894e+05
1.443e+05
1.3977e+05
1.3534e+05
1.3102e+05
1.2681e+05
1.2271e+05
1.1873e+05
1.1487e+05
1.1113e+05
1.0752e+05
1.0403e+05
1.0068e+05
97457
94374
91431
88629
85972
83461
81100
78890
76833
74932
73189
71604
70181
68921
67825
66896
66134
65540
65117
64865
64785
64879
65146
65589
66207
67001
67971
69119
70444
71947
73627
75485
77520
79732
82121
84687
87429
90346
93438
96703
1.0014e+05
1.0375e+05
1.0753e+05
1.1149e+05
1.1561e+05
1.1989e+05
1.2435e+05
1.2896e+05
1.3374e+05
1.3868e+05
1.4378e+05
1.4904e+05
1.5445e+05
1.6001e+05
1.6572e+05
1.7159e+05
1.776e+05
1.8375e+05
1.9004e+05
1.9647e+05
2.0304e+05
2.0974e+05
2.1657e+05
2.2353e+05
2.3062e+05
2.3782e+05
2.4515e+05
2.5259e+05
2.6014e+05
2.678e+05
2.7557e+05
2.8344e+05
2.9141e+05
2.9947e+05
3.0762e+05
3.1587e+05
3.242e+05
3.3261e+05
3.411e+05
3.4966e+05
3.5829e+05
3.6699e+05
3.7575e+05
3.8456e+05
3.9344e+05
4.0236e+05
4.1133e+05
4.2035e+05
4.294e+05
4.3849e+05
4.4761e+05
4.5675e+05
4.6592e+05
4.7511e+05
4.8432e+05
4.9353e+05
5.0276e+05
5.1198e+05
5.2121e+05
5.3043e+05
5.3964e+05
5.4884e+05
5.5802e+05
5.6719e+05
5.7632e+05
5.8544e+05
5.9451e+05
6.0356e+05
6.1256e+05
6.2153e+05
6.3044e+05
6.3931e+05
6.4812e+05
6.5687e+05
6.6557e+05
6.742e+05
6.8276e+05
6.9125e+05
6.9967e+05
7.0801e+05
7.1627e+05
7.2444e+05
7.3253e+05
7.4053e+05
7.4844e+05
7.5625e+05
7.6396e+05
7.7157e+05
7.7908e+05
7.8648e+05
7.9377e+05
8.0095e+05
8.0802e+05
8.1497e+05
8.218e+05
8.2851e+05
8.351e+05
8.4156e+05
8.479e+05
8.5411e+05
8.6018e+05
8.6613e+05
8.7194e+05
8.7761e+05
8.8315e+05
8.8855e+05
8.9381e+05
8.9892e+05
9.039e+05
9.0873e+05
9.1341e+05
9.1795e+05
9.2234e+05
9.2659e+05
9.3068e+05
9.3463e+05
9.3842e+05
9.4207e+05
9.4556e+05
9.489e+05
9.5209e+05
9.5513e+05
9.5801e+05
9.6074e+05
9.6332e+05
9.6574e+05
9.6801e+05
9.7013e+05
9.7209e+05
9.739e+05
9.7555e+05
9.7706e+05
9.7841e+05
9.7961e+05
9.8065e+05
9.8155e+05
9.8229e+05
9.8289e+05
9.8333e+05
9.8363e+05
9.8378e+05
9.8378e+05
9.8363e+05
9.8334e+05
9.829e+05
9.8232e+05
9.8159e+05
9.8073e+05
9.7972e+05
9.7857e+05
9.7728e+05
9.7585e+05
9.7429e+05
9.7259e+05
9.7076e+05
9.688e+05
9.667e+05
9.6447e+05
9.6212e+05
9.5963e+05
9.5702e+05
9.5429e+05
9.5143e+05
9.4845e+05
9.4535e+05
9.4213e+05
9.3879e+05
9.3534e+05
9.3177e+05
9.2809e+05
9.243e+05
9.204e+05
9.1639e+05
9.1228e+05
9.0806e+05
9.0374e+05
8.9932e+05
8.948e+05
8.9019e+05
8.8548e+05
8.8067e+05
8.7577e+05
8.7079e+05
8.6571e+05
8.6055e+05
8.5531e+05
8.4998e+05
8.4457e+05
8.3908e+05
8.3352e+05
8.2788e+05
8.2217e+05
8.1639e+05
8.1054e+05
8.0462e+05
7.9864e+05
7.9259e+05
7.8648e+05
7.8032e+05
7.7409e+05
7.6782e+05
7.6148e+05
7.551e+05
7.4867e+05
7.4219e+05
7.3567e+05
7.291e+05
7.225e+05
7.1585e+05
7.0917e+05
7.0245e+05
6.957e+05
6.8892e+05
6.8211e+05
6.7527e+05
6.6841e+05
6.6153e+05
6.5462e+05
6.4769e+05
6.4075e+05
6.338e+05
6.2683e+05
6.1985e+05
6.1286e+05
6.0586e+05
5.9886e+05
5.9185e+05
5.8484e+05
5.7784e+05
5.7083e+05
5.6383e+05
5.5683e+05
5.4984e+05
5.4287e+05
5.359e+05
5.2894e+05
5.22e+05
5.1508e+05
5.0817e+05
5.0129e+05
4.9442e+05
4.8758e+05
4.8076e+05
4.7396e+05
4.672e+05
4.6046e+05
4.5375e+05
4.4708e+05
4.4044e+05
4.3383e+05
4.2725e+05
4.2072e+05
4.1422e+05
4.0776e+05
4.0135e+05
3.9497e+05
3.8864e+05
3.8235e+05
3.761e+05
3.6991e+05
3.6376e+05
3.5765e+05
3.516e+05
3.456e+05
3.3964e+05
3.3374e+05
3.2789e+05
3.221e+05
3.1635e+05
3.1066e+05
3.0503e+05
2.9945e+05
2.9393e+05
2.8847e+05
2.8306e+05
2.7771e+05
2.7242e+05
2.6719e+05
2.6201e+05
2.569e+05
2.5184e+05
2.4685e+05
2.4191e+05
2.3703e+05
2.3222e+05
2.2746e+05
2.2277e+05
2.1814e+05
2.1356e+05
2.0905e+05
2.046e+05
2.0021e+05
1.9588e+05
1.9161e+05
1.874e+05
1.8326e+05
1.7917e+05
1.7514e+05
1.7117e+05
1.6727e+05
1.6342e+05
1.5963e+05
1.559e+05
1.5223e+05
1.4861e+05
1.4506e+05
1.4156e+05
1.3812e+05
1.3474e+05
1.3141e+05
1.2814e+05
1.2493e+05
1.2177e+05
1.1867e+05
1.1562e+05
1.1262e+05
1.0968e+05
1.0679e+05
1.0396e+05
1.0117e+05
98442
95762
93132
90553
88024
85544
83113
80729
78394
76106
73864
71669
69519
67414
65353
63337
61364
59433
57546
55700
53895
52131
50407
48723
47078
45471
43903
42372
40877
39420
37998
36612
35260
33943
32660
31410
30192
29007
27854
26731
25639
24578
23546
22543
21569
20622
19704
18812
17947
17107
16294
15505
14741
14000
13283
12589
11918
11268
10640
10033
9446.5
8879.7
8332.4
7804
7294.1
6802.1
6327.7
5870.2
5429.2
5004.2
4594.8
4200.5
3820.7
3455
3103
2764.2
2438
2124.1
1822
1531.3
1251.4
981.99
722.57
472.72
232.01
0
