9.8378e+05
9.8045e+05
9.7705e+05
9.7357e+05
9.7003e+05
9.6641e+05
9.6272e+05
9.5897e+05
9.5514e+05
9.5125e+05
9.4729e+05
9.4327e+05
9.3919e+05
9.3504e+05
9.3083e+05
9.2656e+05
9.2224e+05
9.1785e+05
9.1341e+05
9.0892e+05
9.0437e+05
8.9977e+05
8.9511e+05
8.9041e+05
8.8565e+05
8.8085e+05
8.76e+05
8.711e+05
8.6616e+05
8.6117e+05
8.5614e+05
8.5107e+05
8.4596e+05
8.4081e+05
8.3563e+05
8.304e+05
8.2514e+05
8.1985e+05
8.1452e+05
8.0916e+05
8.0377e+05
7.9834e+05
7.9289e+05
7.8741e+05
7.8191e+05
7.7638e+05
7.7082e+05
7.6524e+05
7.5964e+05
7.5401e+05
7.4837e+05
7.4271e+05
7.3703e+05
7.3133e+05
7.2562e+05
7.1989e+05
7.1415e+05
7.0839e+05
7.0262e+05
6.9685e+05
6.9106e+05
6.8527e+05
6.7946e+05
6.7365e+05
6.6784e+05
6.6202e+05
6.5619e+05
6.5037e+05
6.4454e+05
6.3871e+05
6.3289e+05
6.2706e+05
6.2123e+05
6.1541e+05
6.096e+05
6.0378e+05
5.9798e+05
5.9218e+05
5.8639e+05
5.806e+05
5.7483e+05
5.6907e+05
5.6332e+05
5.5758e+05
5.5185e+05
5.4614e+05
5.4044e+05
5.3476e+05
5.2909e+05
5.2344e+05
5.1781e+05
5.1219e+05
5.066e+05
5.0103e+05
4.9547e+05
4.8994e+05
4.8443e+05
4.7895e+05
4.7349e+05
4.6805e+05
4.6264e+05
4.5725e+05
4.5189e+05
4.4656e+05
4.4126e+05
4.3598e+05
4.3074e+05
4.2552e+05
4.2033e+05
4.1518e+05
4.1006e+05
4.0497e+05
3.9991e+05
3.9488e+05
3.8989e+05
3.8494e+05
3.8002e+05
3.7513e+05
3.7028e+05
3.6547e+05
3.607e+05
3.5596e+05
3.5126e+05
3.466e+05
3.4198e+05
3.3739e+05
3.3285e+05
3.2835e+05
3.2389e+05
3.1947e+05
3.1509e+05
3.1076e+05
3.0646e+05
3.0221e+05
2.98e+05
2.9384e+05
2.8972e+05
2.8564e+05
2.8161e+05
2.7762e+05
2.7368e+05
2.6978e+05
2.6593e+05
2.6213e+05
2.5837e+05
2.5466e+05
2.5099e+05
2.4737e+05
2.438e+05
2.4027e+05
2.368e+05
2.3337e+05
2.2999e+05
2.2665e+05
2.2337e+05
2.2013e+05
2.1695e+05
2.1381e+05
2.1072e+05
2.0767e+05
2.0468e+05
2.0174e+05
1.9885e+05
1.96e+05
1.9321e+05
1.9046e+05
1.8777e+05
1.8512e+05
1.8252e+05
1.7998e+05
1.7748e+05
1.7503e+05
1.7264e+05
1.7029e+05
1.6799e+05
1.6574e+05
1.6354e+05
1.6139e+05
1.593e+05
1.5725e+05
1.5525e+05
1.533e+05
1.5139e+05
1.4954e+05
1.4774e+05
1.4599e+05
1.4428e+05
1.4263e+05
1.4102e+05
1.3946e+05
1.3795e+05
1.3649e+05
1.3508e+05
1.3372e+05
1.324e+05
1.3113e+05
1.2991e+05
1.2874e+05
1.2761e+05
1.2653e+05
1.255e+05
1.2451e+05
1.2357e+05
1.2268e+05
1.2183e+05
1.2103e+05
1.2028e+05
1.1957e+05
1.189e+05
1.1828e+05
1.177e+05
1.1717e+05
1.1669e+05
1.1624e+05
1.1584e+05
1.1548e+05
1.1517e+05
1.149e+05
1.1467e+05
1.1448e+05
1.1434e+05
1.1423e+05
1.1417e+05
1.1415e+05
1.1417e+05
1.1422e+05
1.1432e+05
1.1446e+05
1.1464e+05
1.1485e+05
1.151e+05
1.154e+05
1.1573e+05
1.1609e+05
1.1649e+05
1.1693e+05
1.1741e+05
1.1792e+05
1.1847e+05
1.1905e+05
1.1967e+05
1.2032e+05
1.2101e+05
1.2172e+05
1.2248e+05
1.2326e+05
1.2408e+05
1.2492e+05
1.258e+05
1.2671e+05
1.2766e+05
1.2863e+05
1.2963e+05
1.3066e+05
1.3172e+05
1.3281e+05
1.3392e+05
1.3507e+05
1.3624e+05
1.3744e+05
1.3866e+05
1.3991e+05
1.4118e+05
1.4249e+05
1.4381e+05
1.4516e+05
1.4653e+05
1.4793e+05
1.4935e+05
1.5079e+05
1.5225e+05
1.5374e+05
1.5525e+05
1.5677e+05
1.5832e+05
1.5989e+05
1.6147e+05
1.6308e+05
1.647e+05
1.6634e+05
1.68e+05
1.6968e+05
1.7137e+05
1.7308e+05
1.748e+05
1.7654e+05
1.783e+05
1.8007e+05
1.8185e+05
1.8365e+05
1.8546e+05
1.8728e+05
1.8912e+05
1.9096e+05
1.9282e+05
1.9469e+05
1.9657e+05
1.9846e+05
2.0036e+05
2.0226e+05
2.0418e+05
2.061e+05
2.0804e+05
2.0998e+05
2.1192e+05
2.1388e+05
2.1584e+05
2.178e+05
2.1978e+05
2.2175e+05
2.2373e+05
2.2572e+05
2.2771e+05
2.297e+05
2.3169e+05
2.3369e+05
2.3569e+05
2.3769e+05
2.3969e+05
2.4169e+05
2.437e+05
2.457e+05
2.4771e+05
2.4971e+05
2.5171e+05
2.5371e+05
2.5571e+05
2.577e+05
2.597e+05
2.6169e+05
2.6368e+05
2.6566e+05
2.6764e+05
2.6962e+05
2.7159e+05
2.7355e+05
2.7551e+05
2.7747e+05
2.7942e+05
2.8136e+05
2.8329e+05
2.8522e+05
2.8714e+05
2.8906e+05
2.9096e+05
2.9286e+05
2.9475e+05
2.9663e+05
2.985e+05
3.0036e+05
3.0221e+05
3.0405e+05
3.0588e+05
3.077e+05
3.095e+05
3.113e+05
3.1308e+05
3.1486e+05
3.1662e+05
3.1837e+05
3.201e+05
3.2182e+05
3.2353e+05
3.2523e+05
3.2691e+05
3.2858e+05
3.3023e+05
3.3187e+05
3.335e+05
3.3511e+05
3.367e+05
3.3828e+05
3.3984e+05
3.4139e+05
3.4292e+05
3.4444e+05
3.4594e+05
3.4742e+05
3.4888e+05
3.5033e+05
3.5176e+05
3.5318e+05
3.5457e+05
3.5595e+05
3.5731e+05
3.5865e+05
3.5998e+05
3.6128e+05
3.6257e+05
3.6384e+05
3.6509e+05
3.6632e+05
3.6753e+05
3.6872e+05
3.6989e+05
3.7104e+05
3.7217e+05
3.7329e+05
3.7438e+05
3.7545e+05
3.765e+05
3.7753e+05
3.7855e+05
3.7954e+05
3.8051e+05
3.8146e+05
3.8238e+05
3.8329e+05
3.8418e+05
3.8504e+05
3.8589e+05
3.8671e+05
3.8751e+05
3.8829e+05
3.8905e+05
3.8979e+05
3.905e+05
3.912e+05
3.9187e+05
3.9252e+05
3.9315e+05
3.9376e+05
3.9434e+05
3.949e+05
3.9544e+05
3.9596e+05
3.9646e+05
3.9694e+05
3.9739e+05
3.9782e+05
3.9823e+05
3.9862e+05
3.9898e+05
3.9933e+05
3.9965e+05
3.9995e+05
4.0022e+05
4.0048e+05
4.0071e+05
4.0092e+05
4.0111e+05
4.0128e+05
4.0143e+05
4.0155e+05
4.0165e+05
4.0173e+05
4.0179e+05
4.0183e+05
4.0184e+05
4.0183e+05
4.0181e+05
4.0176e+05
4.0168e+05
4.0159e+05
4.0148e+05
4.0134e+05
4.0118e+05
4.0101e+05
4.0081e+05
4.0059e+05
4.0035e+05
4.0008e+05
3.998e+05
3.995e+05
3.9917e+05
3.9883e+05
3.9846e+05
3.9808e+05
3.9767e+05
3.9724e+05
3.968e+05
3.9633e+05
3.9584e+05
3.9534e+05
3.9481e+05
3.9426e+05
3.937e+05
3.9311e+05
3.9251e+05
3.9189e+05
3.9125e+05
3.9058e+05
3.899e+05
3.8921e+05
3.8849e+05
3.8775e+05
3.87e+05
3.8623e+05
3.8544e+05
3.8463e+05
3.838e+05
3.8296e+05
3.8209e+05
3.8122e+05
3.8032e+05
3.7941e+05
3.7847e+05
3.7753e+05
3.7656e+05
3.7558e+05
3.7458e+05
3.7357e+05
3.7254e+05
3.7149e+05
3.7043e+05
3.6935e+05
3.6826e+05
3.6715e+05
3.6603e+05
3.6489e+05
3.6373e+05
3.6256e+05
3.6138e+05
3.6018e+05
3.5897e+05
3.5774e+05
3.565e+05
3.5524e+05
3.5398e+05
3.5269e+05
3.514e+05
3.5009e+05
3.4877e+05
3.4743e+05
3.4608e+05
3.4472e+05
3.4335e+05
3.4196e+05
3.4056e+05
3.3915e+05
3.3773e+05
3.363e+05
3.3485e+05
3.334e+05
3.3193e+05
3.3045e+05
3.2896e+05
3.2746e+05
3.2595e+05
3.2443e+05
3.229e+05
3.2136e+05
3.198e+05
3.1824e+05
3.1667e+05
3.1509e+05
3.135e+05
3.1191e+05
3.103e+05
3.0868e+05
3.0706e+05
3.0543e+05
3.0378e+05
3.0214e+05
3.0048e+05
2.9881e+05
2.9714e+05
2.9546e+05
2.9377e+05
2.9208e+05
2.9038e+05
2.8867e+05
2.8696e+05
2.8524e+05
2.8351e+05
2.8178e+05
2.8004e+05
2.7829e+05
2.7654e+05
2.7479e+05
2.7303e+05
2.7126e+05
2.6949e+05
2.6771e+05
2.6593e+05
2.6414e+05
2.6235e+05
2.6056e+05
2.5876e+05
2.5696e+05
2.5515e+05
2.5335e+05
2.5153e+05
2.4972e+05
2.479e+05
2.4607e+05
2.4425e+05
2.4242e+05
2.4059e+05
2.3876e+05
2.3692e+05
2.3509e+05
2.3325e+05
2.3141e+05
2.2956e+05
2.2772e+05
2.2587e+05
2.2403e+05
2.2218e+05
2.2033e+05
2.1848e+05
2.1663e+05
2.1478e+05
2.1293e+05
2.1108e+05
2.0923e+05
2.0737e+05
2.0552e+05
2.0367e+05
2.0182e+05
1.9997e+05
1.9812e+05
1.9627e+05
1.9442e+05
1.9258e+05
1.9073e+05
1.8889e+05
1.8704e+05
1.852e+05
1.8336e+05
1.8152e+05
1.7969e+05
1.7785e+05
1.7602e+05
1.7419e+05
1.7236e+05
1.7054e+05
1.6872e+05
1.669e+05
1.6508e+05
1.6327e+05
1.6146e+05
1.5965e+05
1.5785e+05
1.5605e+05
1.5425e+05
1.5245e+05
1.5066e+05
1.4888e+05
1.471e+05
1.4532e+05
1.4354e+05
1.4177e+05
1.4001e+05
1.3825e+05
1.3649e+05
1.3474e+05
1.3299e+05
1.3125e+05
1.2951e+05
1.2778e+05
1.2605e+05
1.2433e+05
1.2261e+05
1.209e+05
1.192e+05
1.175e+05
1.158e+05
1.1411e+05
1.1243e+05
1.1075e+05
1.0908e+05
1.0742e+05
1.0576e+05
1.041e+05
1.0246e+05
1.0081e+05
99181
97553
95932
94318
92710
91109
89515
87928
86347
84774
83208
81649
80098
78553
77016
75487
73965
72450
70943
69444
67952
66469
64993
63525
62064
60612
59168
57732
56304
54884
53473
52069
50674
49287
47909
46539
45178
43825
42480
41144
39817
38498
37188
35887
34594
33311
32036
30769
29512
28264
27024
25794
24572
23359
22156
20961
19776
18599
17432
16273
15124
13984
12853
11731
10619
9515.3
8421.1
7336.1
6260.4
5193.9
4136.6
3088.5
2049.8
1020.3
0
