79099
83405
88007
92900
98079
1.0353e+05
1.0926e+05
1.1524e+05
1.2147e+05
1.2794e+05
1.3463e+05
1.4153e+05
1.4863e+05
1.559e+05
1.6334e+05
1.7092e+05
1.7863e+05
1.8645e+05
1.9437e+05
2.0235e+05
2.1038e+05
2.1845e+05
2.2653e+05
2.346e+05
2.4264e+05
2.5063e+05
2.5856e+05
2.6639e+05
2.7412e+05
2.8171e+05
2.8916e+05
2.9644e+05
3.0354e+05
3.1043e+05
3.171e+05
3.2354e+05
3.2972e+05
3.3563e+05
3.4127e+05
3.4661e+05
3.5164e+05
3.5635e+05
3.6073e+05
3.6477e+05
3.6846e+05
3.718e+05
3.7477e+05
3.7738e+05
3.7961e+05
3.8146e+05
3.8293e+05
3.8403e+05
3.8474e+05
3.8507e+05
3.8502e+05
3.8459e+05
3.8378e+05
3.8261e+05
3.8107e+05
3.7917e+05
3.7692e+05
3.7432e+05
3.7138e+05
3.6812e+05
3.6454e+05
3.6065e+05
3.5646e+05
3.5198e+05
3.4723e+05
3.4222e+05
3.3696e+05
3.3146e+05
3.2573e+05
3.198e+05
3.1367e+05
3.0736e+05
3.0088e+05
2.9424e+05
2.8747e+05
2.8057e+05
2.7356e+05
2.6645e+05
2.5926e+05
2.52e+05
2.4469e+05
2.3733e+05
2.2994e+05
2.2254e+05
2.1514e+05
2.0775e+05
2.0038e+05
1.9305e+05
1.8577e+05
1.7854e+05
1.7138e+05
1.643e+05
1.5731e+05
1.5043e+05
1.4365e+05
1.3699e+05
1.3046e+05
1.2406e+05
1.1781e+05
1.1171e+05
1.0577e+05
99999
94396
88971
83730
78678
73820
69160
64703
60453
56413
52586
48975
45583
42411
39462
36738
34238
31966
29920
28101
26510
25145
24007
23094
22406
21941
21696
21670
21861
22266
22882
23705
24732
25959
27383
28998
30800
32783
34943
37275
39771
42426
45234
48188
51281
54506
57857
61324
64901
68580
72352
76210
80146
84150
88214
92330
96489
1.0068e+05
1.049e+05
1.0914e+05
1.1338e+05
1.1762e+05
1.2186e+05
1.2608e+05
1.3027e+05
1.3443e+05
1.3854e+05
1.4261e+05
1.4662e+05
1.5057e+05
1.5444e+05
1.5824e+05
1.6195e+05
1.6556e+05
1.6908e+05
1.725e+05
1.7581e+05
1.7901e+05
1.8209e+05
1.8504e+05
1.8787e+05
1.9057e+05
1.9314e+05
1.9557e+05
1.9786e+05
2.0001e+05
2.0202e+05
2.0389e+05
2.0561e+05
2.0719e+05
2.0863e+05
2.0991e+05
2.1106e+05
2.1206e+05
2.1291e+05
2.1363e+05
2.142e+05
2.1463e+05
2.1493e+05
2.1509e+05
2.1512e+05
2.1502e+05
2.1478e+05
2.1443e+05
2.1395e+05
2.1335e+05
2.1263e+05
2.118e+05
2.1085e+05
2.098e+05
2.0864e+05
2.0738e+05
2.0602e+05
2.0455e+05
2.03e+05
2.0135e+05
1.9962e+05
1.9779e+05
1.9588e+05
1.9389e+05
1.9182e+05
1.8968e+05
1.8745e+05
1.8516e+05
1.8279e+05
1.8036e+05
1.7785e+05
1.7528e+05
1.7265e+05
1.6996e+05
1.6721e+05
1.644e+05
1.6154e+05
1.5862e+05
1.5565e+05
1.5263e+05
1.4956e+05
1.4645e+05
1.4329e+05
1.4009e+05
1.3686e+05
1.3359e+05
1.3028e+05
1.2695e+05
1.2358e+05
1.202e+05
1.1679e+05
1.1336e+05
1.0993e+05
1.0648e+05
1.0302e+05
99562
96105
92654
89213
85787
82380
78997
75642
72320
69036
65795
62601
59459
56374
53349
50391
47502
44687
41950
39294
36724
34242
31851
29555
27355
25254
23254
21355
19559
17867
16279
14794
13413
12135
10957
9879.9
8900.1
8015.7
7224
6521.9
5906.2
5373.1
4918.8
4539
4229.4
3985.3
3801.9
3674.3
3597.4
3566.1
3575.2
3619.5
3693.8
3792.9
3911.9
4045.7
4189.7
4339.1
4489.7
4637.2
4777.8
4908
5024.4
5124.1
5204.7
5264
5300.1
5311.7
5297.8
5258
5192
5100.2
4983.2
4842.3
4678.9
4494.9
4292.5
4074.4
3843.5
3603
3356.3
3107.2
2859.5
2617.5
2385.1
2166.9
1967
1789.9
1639.8
1521.1
1437.8
1393.9
1393.2
1439.1
1535.1
1683.9
1888.2
2150.2
2471.7
2853.9
3297.8
3803.8
4371.6
5000.8
5689.9
6437.4
7241
8097.8
9004.5
9957.1
10951
11982
13045
14132
15240
16360
17485
18610
19726
20825
21901
22944
23948
24905
25806
26644
27413
28105
28714
29233
29657
29982
30202
30314
30315
30203
29976
29636
29181
28615
27939
27157
26276
25299
24235
23093
21881
20610
19292
17940
16568
15191
13826
12489
11198
9972
8831.5
7796.6
6888.5
6129
5540.4
5145.5
4967.4
5029.5
5355.1
5967.8
6891.1
8148.2
9762.2
11755
14150
16968
20229
23954
28162
32870
38095
43853
50157
57021
64456
72471
81075
90273
1.0007e+05
1.1047e+05
1.2147e+05
1.3307e+05
1.4526e+05
1.5805e+05
1.7142e+05
1.8537e+05
1.9988e+05
2.1493e+05
2.3053e+05
2.4663e+05
2.6324e+05
2.8031e+05
2.9784e+05
3.1579e+05
3.3415e+05
3.5287e+05
3.7193e+05
3.913e+05
4.1094e+05
4.3082e+05
4.509e+05
4.7115e+05
4.9152e+05
5.1199e+05
5.325e+05
5.5301e+05
5.735e+05
5.9391e+05
6.142e+05
6.3433e+05
6.5425e+05
6.7394e+05
6.9334e+05
7.1241e+05
7.3112e+05
7.4941e+05
7.6726e+05
7.8462e+05
8.0146e+05
8.1774e+05
8.3343e+05
8.4849e+05
8.6288e+05
8.7658e+05
8.8956e+05
9.018e+05
9.1326e+05
9.2392e+05
9.3376e+05
9.4276e+05
9.5091e+05
9.5818e+05
9.6456e+05
9.7005e+05
9.7463e+05
9.783e+05
9.8104e+05
9.8287e+05
9.8378e+05
9.8376e+05
9.8283e+05
9.8099e+05
9.7825e+05
9.7462e+05
9.7011e+05
9.6473e+05
9.5851e+05
9.5146e+05
9.4359e+05
9.3494e+05
9.2552e+05
9.1535e+05
9.0447e+05
8.9291e+05
8.8068e+05
8.6782e+05
8.5436e+05
8.4033e+05
8.2577e+05
8.1071e+05
7.9517e+05
7.792e+05
7.6283e+05
7.461e+05
7.2904e+05
7.1168e+05
6.9406e+05
6.7623e+05
6.582e+05
6.4002e+05
6.2172e+05
6.0334e+05
5.8492e+05
5.6647e+05
5.4804e+05
5.2965e+05
5.1135e+05
4.9315e+05
4.7509e+05
4.572e+05
4.3949e+05
4.2201e+05
4.0477e+05
3.8779e+05
3.7111e+05
3.5473e+05
3.3868e+05
3.2298e+05
3.0765e+05
2.927e+05
2.7814e+05
2.6399e+05
2.5026e+05
2.3696e+05
2.241e+05
2.1169e+05
1.9973e+05
1.8823e+05
1.772e+05
1.6663e+05
1.5653e+05
1.4689e+05
1.3772e+05
1.2901e+05
1.2077e+05
1.1298e+05
1.0565e+05
98757
92305
86284
80685
75497
70712
66318
62303
58656
55364
52413
49791
47483
45476
43754
42304
41110
40159
39433
38920
38603
38468
38501
38686
39009
39457
40014
40669
41406
42214
43080
43991
44937
45905
46886
47869
48844
49803
50735
51635
52493
53303
54059
54755
55385
55946
56432
56841
57169
57414
57573
57647
57633
57531
57342
57066
56704
56257
55727
55116
54427
53662
52825
51920
50949
49916
48827
47685
46494
45259
43986
42678
41340
39977
38595
37197
35790
34376
32962
31552
30149
28760
27386
26034
24705
23405
22136
20901
19704
18547
17433
16363
15341
14367
13442
12569
11748
10980
10264
9602
8993
8436.8
7932.9
7480.5
7078.6
6725.9
6421.2
6162.9
5949.1
5778.1
5647.7
5555.9
5500.4
5478.7
5488.4
5527
5591.9
5680.4
5789.9
5917.6
6061
6217.4
6384
6558.4
6737.9
6920.1
7102.6
7282.9
7459
7628.7
7789.9
7940.8
8079.6
8204.6
8314.4
8407.6
8483
8539.5
8576.3
8592.5
8587.6
8561
8512.6
8442.1
8349.5
8234.9
8098.6
7941
7762.5
7563.9
7345.8
7109.1
6854.7
6583.7
6297.2
5996.3
5682.3
5356.5
5020.3
4675
4322
3962.8
3598.8
3231.4
2862.1
2492.2
2123.3
1756.5
1393.2
1034.8
682.32
337.03
0
