18233
20082
22153
24445
26958
29689
32637
35798
39169
42746
46523
50495
54655
58998
63515
68199
73042
78034
83167
88430
93814
99307
1.049e+05
1.1058e+05
1.1634e+05
1.2216e+05
1.2803e+05
1.3394e+05
1.3988e+05
1.4584e+05
1.518e+05
1.5775e+05
1.6367e+05
1.6956e+05
1.7541e+05
1.8119e+05
1.869e+05
1.9252e+05
1.9805e+05
2.0347e+05
2.0876e+05
2.1393e+05
2.1895e+05
2.2382e+05
2.2853e+05
2.3306e+05
2.3741e+05
2.4157e+05
2.4552e+05
2.4927e+05
2.528e+05
2.5611e+05
2.5919e+05
2.6203e+05
2.6463e+05
2.6699e+05
2.691e+05
2.7095e+05
2.7254e+05
2.7388e+05
2.7496e+05
2.7577e+05
2.7633e+05
2.7662e+05
2.7665e+05
2.7643e+05
2.7594e+05
2.7521e+05
2.7422e+05
2.7298e+05
2.715e+05
2.6978e+05
2.6784e+05
2.6566e+05
2.6327e+05
2.6066e+05
2.5785e+05
2.5484e+05
2.5164e+05
2.4827e+05
2.4472e+05
2.4101e+05
2.3715e+05
2.3315e+05
2.2902e+05
2.2476e+05
2.204e+05
2.1594e+05
2.1139e+05
2.0676e+05
2.0207e+05
1.9733e+05
1.9254e+05
1.8772e+05
1.8287e+05
1.7802e+05
1.7317e+05
1.6834e+05
1.6352e+05
1.5874e+05
1.5401e+05
1.4933e+05
1.4471e+05
1.4017e+05
1.3571e+05
1.3134e+05
1.2707e+05
1.2292e+05
1.1887e+05
1.1496e+05
1.1117e+05
1.0752e+05
1.0402e+05
1.0067e+05
97475
94440
91571
88872
86345
83995
81825
79835
78029
76408
74973
73723
72660
71783
71092
70584
70259
70114
70148
70358
70741
71294
72013
72894
73934
75127
76470
77958
79585
81346
83236
85250
87381
89625
91974
94423
96966
99597
1.0231e+05
1.051e+05
1.0795e+05
1.1087e+05
1.1385e+05
1.1687e+05
1.1994e+05
1.2305e+05
1.2618e+05
1.2934e+05
1.3253e+05
1.3572e+05
1.3892e+05
1.4212e+05
1.4532e+05
1.485e+05
1.5167e+05
1.5482e+05
1.5794e+05
1.6103e+05
1.6408e+05
1.6708e+05
1.7004e+05
1.7295e+05
1.758e+05
1.7859e+05
1.8131e+05
1.8396e+05
1.8653e+05
1.8903e+05
1.9144e+05
1.9377e+05
1.96e+05
1.9814e+05
2.0019e+05
2.0214e+05
2.0398e+05
2.0572e+05
2.0734e+05
2.0886e+05
2.1027e+05
2.1156e+05
2.1273e+05
2.1378e+05
2.1471e+05
2.1552e+05
2.1621e+05
2.1677e+05
2.1721e+05
2.1752e+05
2.177e+05
2.1776e+05
2.1769e+05
2.1749e+05
2.1717e+05
2.1672e+05
2.1614e+05
2.1544e+05
2.1462e+05
2.1367e+05
2.1261e+05
2.1142e+05
2.1011e+05
2.0869e+05
2.0716e+05
2.0551e+05
2.0376e+05
2.019e+05
1.9994e+05
1.9788e+05
1.9572e+05
1.9347e+05
1.9113e+05
1.887e+05
1.862e+05
1.8361e+05
1.8095e+05
1.7822e+05
1.7543e+05
1.7257e+05
1.6966e+05
1.667e+05
1.6369e+05
1.6064e+05
1.5755e+05
1.5443e+05
1.5127e+05
1.481e+05
1.449e+05
1.4169e+05
1.3848e+05
1.3525e+05
1.3203e+05
1.2881e+05
1.2559e+05
1.2239e+05
1.1921e+05
1.1604e+05
1.129e+05
1.0979e+05
1.067e+05
1.0366e+05
1.0064e+05
97675
94748
91868
89036
86254
83525
80850
78231
75670
73166
70722
68337
66013
63750
61547
59406
57324
55303
53341
51437
49591
47802
46067
44387
42760
41183
39656
38177
36744
35355
34008
32703
31436
30206
29012
27851
26723
25624
24555
23513
22497
21506
20539
19594
18671
17769
16887
16026
15184
14361
13557
12773
12009
11264
10540
9837.2
9156
8497.4
7862.4
7252.1
6667.5
6109.9
5580.5
5080.6
4611.7
4175
3771.9
3403.8
3072.1
2777.9
2522.7
2307.5
2133.4
2001.5
1912.6
1867.5
1866.8
1910.8
2000
2134.3
2313.8
2538.1
2806.7
3118.9
3473.7
3870
4306.4
4781.2
5292.6
5838.4
6416.3
7023.8
7658
8315.9
8994.4
9690
10399
11118
11843
12570
13294
14012
14719
15410
16082
16730
17350
17936
18486
18994
19458
19872
20233
20538
20784
20968
21087
21139
21122
21035
20877
20646
20344
19970
19525
19011
18430
17784
17076
16311
15493
14626
13716
12770
11794
10796
9784.4
8767
7753.5
6753.7
5778.2
4837.7
3944
3108.8
2344.7
1664.5
1081.6
609.54
262.38
54.356
0
114.03
411.33
906.89
1615.7
2553
3733.6
5172.5
6884.4
8884
11186
13803
16750
20040
23685
27698
32090
36872
42054
47647
53658
60096
66967
74278
82034
90238
98894
1.08e+05
1.1757e+05
1.2759e+05
1.3806e+05
1.4899e+05
1.6036e+05
1.7217e+05
1.8442e+05
1.971e+05
2.102e+05
2.2371e+05
2.3762e+05
2.5192e+05
2.6659e+05
2.8162e+05
2.9699e+05
3.127e+05
3.2871e+05
3.4502e+05
3.616e+05
3.7842e+05
3.9548e+05
4.1275e+05
4.3019e+05
4.478e+05
4.6554e+05
4.8339e+05
5.0132e+05
5.1931e+05
5.3733e+05
5.5535e+05
5.7334e+05
5.9127e+05
6.0912e+05
6.2687e+05
6.4446e+05
6.6189e+05
6.7913e+05
6.9613e+05
7.1288e+05
7.2935e+05
7.4551e+05
7.6133e+05
7.7678e+05
7.9185e+05
8.065e+05
8.2071e+05
8.3445e+05
8.4771e+05
8.6046e+05
8.7267e+05
8.8433e+05
8.9542e+05
9.0592e+05
9.1582e+05
9.2508e+05
9.3371e+05
9.4169e+05
9.4901e+05
9.5564e+05
9.6159e+05
9.6685e+05
9.7141e+05
9.7526e+05
9.7839e+05
9.8081e+05
9.8252e+05
9.8351e+05
9.8378e+05
9.8333e+05
9.8218e+05
9.8032e+05
9.7776e+05
9.7451e+05
9.7058e+05
9.6597e+05
9.607e+05
9.5479e+05
9.4823e+05
9.4105e+05
9.3327e+05
9.249e+05
9.1595e+05
9.0645e+05
8.9642e+05
8.8587e+05
8.7482e+05
8.633e+05
8.5133e+05
8.3892e+05
8.2611e+05
8.1292e+05
7.9937e+05
7.8548e+05
7.7128e+05
7.5679e+05
7.4204e+05
7.2705e+05
7.1185e+05
6.9646e+05
6.809e+05
6.652e+05
6.4939e+05
6.3348e+05
6.1751e+05
6.0149e+05
5.8545e+05
5.6941e+05
5.5339e+05
5.3741e+05
5.215e+05
5.0567e+05
4.8994e+05
4.7434e+05
4.5888e+05
4.4358e+05
4.2845e+05
4.1352e+05
3.9879e+05
3.8428e+05
3.7001e+05
3.5599e+05
3.4223e+05
3.2873e+05
3.1552e+05
3.026e+05
2.8998e+05
2.7766e+05
2.6566e+05
2.5398e+05
2.4262e+05
2.316e+05
2.2091e+05
2.1055e+05
2.0053e+05
1.9085e+05
1.8151e+05
1.7251e+05
1.6385e+05
1.5553e+05
1.4754e+05
1.3989e+05
1.3256e+05
1.2557e+05
1.1889e+05
1.1253e+05
1.0647e+05
1.0073e+05
95279
90123
85251
80656
76332
72269
68459
64895
61567
58467
55586
52915
50446
48168
46074
44154
42398
40799
39347
38034
36850
35788
34839
33995
33248
32590
32013
31511
31076
30702
30381
30108
29877
29681
29516
29376
29256
29152
29059
28974
28893
28811
28727
28638
28540
28431
28310
28175
28023
27854
27667
27461
27235
26989
26722
26436
26128
25801
25455
25089
24706
24305
23888
23456
23010
22552
22082
21602
21113
20617
20116
19611
19103
18595
18087
17581
17078
16581
16090
15607
15133
14669
14217
13778
13353
12942
12548
12169
11809
11466
11142
10837
10552
10286
10041
9815.3
9610.3
9425.4
9260.7
9115.9
8990.7
8884.6
8797.4
8728.4
8677
8642.6
8624.5
8621.9
8633.9
8659.6
8698.2
8748.5
8809.6
8880.5
8960.1
9047.1
9140.6
9239.4
9342.3
9448.2
9555.9
9664.3
9772.2
9878.5
9982.1
10082
10177
10266
10348
10422
10488
10544
10589
10623
10645
10655
10651
10633
10601
10554
10493
10415
10322
10213
10088
9946.7
9789.4
9616
9426.7
9221.7
9001.1
8765.3
8514.6
8249.4
7970.2
7677.4
7371.7
7053.5
6723.6
6382.5
6031
5669.8
