1.815e+05
1.8474e+05
1.88e+05
1.9128e+05
1.9458e+05
1.9791e+05
2.0124e+05
2.0459e+05
2.0795e+05
2.1132e+05
2.1469e+05
2.1807e+05
2.2144e+05
2.2481e+05
2.2818e+05
2.3154e+05
2.3488e+05
2.3822e+05
2.4153e+05
2.4483e+05
2.4811e+05
2.5136e+05
2.5459e+05
2.5779e+05
2.6095e+05
2.6409e+05
2.6719e+05
2.7025e+05
2.7327e+05
2.7625e+05
2.7918e+05
2.8207e+05
2.8491e+05
2.877e+05
2.9043e+05
2.9311e+05
2.9574e+05
2.9831e+05
3.0082e+05
3.0326e+05
3.0565e+05
3.0797e+05
3.1023e+05
3.1242e+05
3.1454e+05
3.1659e+05
3.1858e+05
3.2049e+05
3.2233e+05
3.241e+05
3.2579e+05
3.2742e+05
3.2896e+05
3.3044e+05
3.3184e+05
3.3316e+05
3.3441e+05
3.3558e+05
3.3668e+05
3.377e+05
3.3864e+05
3.3952e+05
3.4031e+05
3.4104e+05
3.4168e+05
3.4226e+05
3.4276e+05
3.4319e+05
3.4355e+05
3.4384e+05
3.4406e+05
3.4422e+05
3.443e+05
3.4432e+05
3.4428e+05
3.4417e+05
3.44e+05
3.4377e+05
3.4348e+05
3.4313e+05
3.4272e+05
3.4226e+05
3.4175e+05
3.4119e+05
3.4057e+05
3.3991e+05
3.392e+05
3.3845e+05
3.3766e+05
3.3682e+05
3.3595e+05
3.3503e+05
3.3409e+05
3.3311e+05
3.321e+05
3.3106e+05
3.2999e+05
3.289e+05
3.2778e+05
3.2664e+05
3.2548e+05
3.243e+05
3.2311e+05
3.219e+05
3.2068e+05
3.1945e+05
3.1821e+05
3.1696e+05
3.157e+05
3.1444e+05
3.1318e+05
3.1192e+05
3.1065e+05
3.0939e+05
3.0813e+05
3.0688e+05
3.0563e+05
3.0438e+05
3.0315e+05
3.0192e+05
3.007e+05
2.995e+05
2.983e+05
2.9712e+05
2.9595e+05
2.9479e+05
2.9365e+05
2.9252e+05
2.9141e+05
2.9031e+05
2.8923e+05
2.8817e+05
2.8712e+05
2.8609e+05
2.8507e+05
2.8407e+05
2.8308e+05
2.8212e+05
2.8116e+05
2.8023e+05
2.793e+05
2.784e+05
2.775e+05
2.7662e+05
2.7575e+05
2.749e+05
2.7405e+05
2.7322e+05
2.7239e+05
2.7158e+05
2.7077e+05
2.6997e+05
2.6917e+05
2.6838e+05
2.6759e+05
2.6681e+05
2.6603e+05
2.6524e+05
2.6446e+05
2.6367e+05
2.6288e+05
2.6209e+05
2.6129e+05
2.6048e+05
2.5966e+05
2.5883e+05
2.58e+05
2.5715e+05
2.5628e+05
2.5541e+05
2.5451e+05
2.536e+05
2.5267e+05
2.5172e+05
2.5076e+05
2.4976e+05
2.4875e+05
2.4771e+05
2.4665e+05
2.4557e+05
2.4445e+05
2.4331e+05
2.4214e+05
2.4095e+05
2.3972e+05
2.3846e+05
2.3718e+05
2.3586e+05
2.3451e+05
2.3313e+05
2.3172e+05
2.3027e+05
2.288e+05
2.2729e+05
2.2574e+05
2.2417e+05
2.2256e+05
2.2092e+05
2.1925e+05
2.1755e+05
2.1582e+05
2.1406e+05
2.1226e+05
2.1044e+05
2.0859e+05
2.0671e+05
2.048e+05
2.0287e+05
2.0091e+05
1.9893e+05
1.9693e+05
1.949e+05
1.9286e+05
1.9079e+05
1.887e+05
1.866e+05
1.8449e+05
1.8236e+05
1.8021e+05
1.7806e+05
1.759e+05
1.7372e+05
1.7155e+05
1.6937e+05
1.6718e+05
1.65e+05
1.6281e+05
1.6063e+05
1.5845e+05
1.5628e+05
1.5411e+05
1.5196e+05
1.4981e+05
1.4768e+05
1.4556e+05
1.4346e+05
1.4137e+05
1.3931e+05
1.3726e+05
1.3524e+05
1.3325e+05
1.3127e+05
1.2933e+05
1.2741e+05
1.2553e+05
1.2367e+05
1.2185e+05
1.2006e+05
1.1831e+05
1.1659e+05
1.149e+05
1.1326e+05
1.1166e+05
1.1009e+05
1.0856e+05
1.0708e+05
1.0563e+05
1.0423e+05
1.0287e+05
1.0155e+05
1.0028e+05
99047
97858
96712
95608
94547
93528
92550
91614
90719
89864
89048
88270
87530
86827
86159
85525
84925
84356
83818
83308
82827
82371
81939
81530
81143
80774
80422
80086
79764
79453
79151
78858
78570
78286
78003
77720
77434
77145
76848
76543
76228
75900
75558
75200
74824
74428
74011
73570
73104
72612
72092
71542
70962
70350
69705
69026
68311
67561
66774
65949
65087
64186
63247
62269
61252
60196
59102
57969
56799
55592
54349
53070
51757
50410
49032
47624
46187
44724
43235
41724
40192
38642
37076
35497
33908
32311
30710
29108
27508
25914
24328
22756
21201
19666
18155
16673
15225
13813
12443
11119
9845.5
8627.3
7469.1
6375.4
5351.1
4401.1
3530.2
2743.2
2045.1
1440.9
935.45
533.69
240.59
61.057
0
62.293
252.77
576.24
1037.4
1641
2391.6
3293.8
4352.1
5570.7
6954
8506.1
10231
12133
14216
16482
18937
21583
24423
27461
30700
34141
37789
41644
45710
49988
54480
59187
64112
69254
74616
80197
85998
92020
98262
1.0472e+05
1.1141e+05
1.1831e+05
1.2542e+05
1.3276e+05
1.4031e+05
1.4808e+05
1.5605e+05
1.6424e+05
1.7263e+05
1.8122e+05
1.9002e+05
1.9902e+05
2.0821e+05
2.1759e+05
2.2716e+05
2.3691e+05
2.4684e+05
2.5694e+05
2.6722e+05
2.7765e+05
2.8825e+05
2.9899e+05
3.0989e+05
3.2093e+05
3.321e+05
3.434e+05
3.5482e+05
3.6636e+05
3.78e+05
3.8975e+05
4.0159e+05
4.1352e+05
4.2552e+05
4.376e+05
4.4974e+05
4.6194e+05
4.7418e+05
4.8647e+05
4.9878e+05
5.1112e+05
5.2347e+05
5.3582e+05
5.4817e+05
5.6051e+05
5.7283e+05
5.8511e+05
5.9736e+05
6.0956e+05
6.2171e+05
6.3378e+05
6.4579e+05
6.5771e+05
6.6954e+05
6.8126e+05
6.9288e+05
7.0437e+05
7.1574e+05
7.2698e+05
7.3807e+05
7.49e+05
7.5978e+05
7.7038e+05
7.8081e+05
7.9105e+05
8.0109e+05
8.1094e+05
8.2058e+05
8.3e+05
8.3919e+05
8.4816e+05
8.5688e+05
8.6537e+05
8.736e+05
8.8157e+05
8.8929e+05
8.9673e+05
9.0389e+05
9.1078e+05
9.1738e+05
9.237e+05
9.2971e+05
9.3543e+05
9.4084e+05
9.4595e+05
9.5074e+05
9.5522e+05
9.5938e+05
9.6322e+05
9.6674e+05
9.6994e+05
9.728e+05
9.7534e+05
9.7754e+05
9.7941e+05
9.8095e+05
9.8216e+05
9.8303e+05
9.8357e+05
9.8378e+05
9.8365e+05
9.8319e+05
9.824e+05
9.8128e+05
9.7983e+05
9.7805e+05
9.7595e+05
9.7353e+05
9.7079e+05
9.6774e+05
9.6437e+05
9.6069e+05
9.5671e+05
9.5243e+05
9.4784e+05
9.4297e+05
9.3781e+05
9.3236e+05
9.2664e+05
9.2064e+05
9.1437e+05
9.0785e+05
9.0106e+05
8.9403e+05
8.8676e+05
8.7924e+05
8.715e+05
8.6353e+05
8.5535e+05
8.4695e+05
8.3835e+05
8.2956e+05
8.2057e+05
8.1141e+05
8.0207e+05
7.9257e+05
7.8291e+05
7.731e+05
7.6314e+05
7.5305e+05
7.4283e+05
7.325e+05
7.2205e+05
7.115e+05
7.0085e+05
6.9012e+05
6.7931e+05
6.6843e+05
6.5748e+05
6.4648e+05
6.3543e+05
6.2434e+05
6.1322e+05
6.0208e+05
5.9092e+05
5.7975e+05
5.6858e+05
5.5741e+05
5.4626e+05
5.3513e+05
5.2403e+05
5.1296e+05
5.0193e+05
4.9095e+05
4.8003e+05
4.6917e+05
4.5837e+05
4.4765e+05
4.3701e+05
4.2645e+05
4.1598e+05
4.0561e+05
3.9535e+05
3.8519e+05
3.7514e+05
3.6521e+05
3.554e+05
3.4572e+05
3.3616e+05
3.2675e+05
3.1747e+05
3.0833e+05
2.9934e+05
2.905e+05
2.8181e+05
2.7327e+05
2.6489e+05
2.5667e+05
2.4862e+05
2.4073e+05
2.3301e+05
2.2545e+05
2.1806e+05
2.1085e+05
2.0381e+05
1.9694e+05
1.9025e+05
1.8373e+05
1.7739e+05
1.7122e+05
1.6523e+05
1.5942e+05
1.5378e+05
1.4831e+05
1.4302e+05
1.379e+05
1.3296e+05
1.2819e+05
1.2359e+05
1.1916e+05
1.1489e+05
1.1079e+05
1.0686e+05
1.0309e+05
99479
96026
92731
89588
86598
83756
81060
78508
76096
73822
71682
69675
67796
66042
64410
62898
61500
60215
59039
57969
57000
56130
55354
54670
54074
53563
53133
52779
52500
52292
52150
52072
52054
52093
52185
52328
52517
52750
53024
53334
53679
54056
54460
54890
55342
55814
56303
56807
57322
57846
58378
58914
59452
59990
60526
61058
61583
62101
62609
63106
63589
64058
64510
64945
65361
65757
66132
66484
66813
67118
67397
67651
67878
68079
68251
68395
68511
68598
68655
68684
68683
68652
68592
68502
68383
68235
68057
67851
67617
67355
67065
66748
66404
66034
65638
65218
64773
64305
63814
63300
62765
62210
61635
61040
60428
59798
59151
58490
57813
57122
56419
55703
54977
54240
53494
52739
51977
51208
