5.8182e+05
5.8785e+05
5.9369e+05
5.9932e+05
6.0474e+05
6.0995e+05
6.1494e+05
6.1972e+05
6.2427e+05
6.2859e+05
6.3269e+05
6.3656e+05
6.402e+05
6.4361e+05
6.4678e+05
6.4972e+05
6.5242e+05
6.5489e+05
6.5711e+05
6.591e+05
6.6086e+05
6.6237e+05
6.6365e+05
6.647e+05
6.6551e+05
6.6608e+05
6.6643e+05
6.6655e+05
6.6643e+05
6.6609e+05
6.6553e+05
6.6475e+05
6.6375e+05
6.6253e+05
6.6111e+05
6.5947e+05
6.5763e+05
6.5559e+05
6.5335e+05
6.5092e+05
6.483e+05
6.4549e+05
6.4251e+05
6.3935e+05
6.3603e+05
6.3253e+05
6.2888e+05
6.2508e+05
6.2113e+05
6.1703e+05
6.128e+05
6.0844e+05
6.0395e+05
5.9934e+05
5.9462e+05
5.8979e+05
5.8487e+05
5.7985e+05
5.7474e+05
5.6955e+05
5.6428e+05
5.5895e+05
5.5356e+05
5.4811e+05
5.4261e+05
5.3708e+05
5.315e+05
5.259e+05
5.2028e+05
5.1464e+05
5.0899e+05
5.0334e+05
4.977e+05
4.9206e+05
4.8645e+05
4.8085e+05
4.7529e+05
4.6976e+05
4.6428e+05
4.5884e+05
4.5345e+05
4.4813e+05
4.4287e+05
4.3768e+05
4.3257e+05
4.2754e+05
4.2259e+05
4.1774e+05
4.1298e+05
4.0833e+05
4.0378e+05
3.9934e+05
3.9501e+05
3.9081e+05
3.8673e+05
3.8277e+05
3.7894e+05
3.7525e+05
3.7169e+05
3.6827e+05
3.65e+05
3.6187e+05
3.5889e+05
3.5605e+05
3.5337e+05
3.5085e+05
3.4847e+05
3.4626e+05
3.442e+05
3.4231e+05
3.4057e+05
3.3899e+05
3.3758e+05
3.3632e+05
3.3523e+05
3.343e+05
3.3353e+05
3.3292e+05
3.3247e+05
3.3218e+05
3.3205e+05
3.3207e+05
3.3225e+05
3.3259e+05
3.3307e+05
3.3371e+05
3.3449e+05
3.3542e+05
3.3649e+05
3.3771e+05
3.3906e+05
3.4054e+05
3.4216e+05
3.439e+05
3.4577e+05
3.4776e+05
3.4987e+05
3.5209e+05
3.5443e+05
3.5687e+05
3.5941e+05
3.6205e+05
3.6478e+05
3.6761e+05
3.7051e+05
3.735e+05
3.7657e+05
3.7971e+05
3.8291e+05
3.8617e+05
3.895e+05
3.9287e+05
3.9629e+05
3.9975e+05
4.0326e+05
4.0679e+05
4.1035e+05
4.1393e+05
4.1753e+05
4.2114e+05
4.2476e+05
4.2839e+05
4.32e+05
4.3562e+05
4.3921e+05
4.428e+05
4.4635e+05
4.4989e+05
4.5338e+05
4.5685e+05
4.6027e+05
4.6364e+05
4.6696e+05
4.7023e+05
4.7344e+05
4.7659e+05
4.7966e+05
4.8267e+05
4.8559e+05
4.8844e+05
4.912e+05
4.9387e+05
4.9646e+05
4.9894e+05
5.0133e+05
5.0361e+05
5.0579e+05
5.0786e+05
5.0981e+05
5.1165e+05
5.1338e+05
5.1498e+05
5.1646e+05
5.1781e+05
5.1904e+05
5.2013e+05
5.211e+05
5.2193e+05
5.2262e+05
5.2317e+05
5.2359e+05
5.2386e+05
5.2399e+05
5.2398e+05
5.2383e+05
5.2353e+05
5.2308e+05
5.2249e+05
5.2175e+05
5.2087e+05
5.1983e+05
5.1865e+05
5.1732e+05
5.1585e+05
5.1423e+05
5.1246e+05
5.1054e+05
5.0848e+05
5.0628e+05
5.0393e+05
5.0144e+05
4.9881e+05
4.9604e+05
4.9313e+05
4.9008e+05
4.869e+05
4.8359e+05
4.8015e+05
4.7657e+05
4.7287e+05
4.6904e+05
4.6509e+05
4.6102e+05
4.5684e+05
4.5254e+05
4.4812e+05
4.436e+05
4.3897e+05
4.3424e+05
4.294e+05
4.2447e+05
4.1945e+05
4.1433e+05
4.0913e+05
4.0384e+05
3.9848e+05
3.9303e+05
3.8752e+05
3.8193e+05
3.7628e+05
3.7057e+05
3.648e+05
3.5897e+05
3.531e+05
3.4718e+05
3.4121e+05
3.3522e+05
3.2918e+05
3.2312e+05
3.1703e+05
3.1092e+05
3.048e+05
2.9866e+05
2.9252e+05
2.8637e+05
2.8022e+05
2.7407e+05
2.6794e+05
2.6182e+05
2.5571e+05
2.4963e+05
2.4358e+05
2.3755e+05
2.3156e+05
2.2561e+05
2.197e+05
2.1384e+05
2.0803e+05
2.0228e+05
1.9659e+05
1.9096e+05
1.854e+05
1.7991e+05
1.745e+05
1.6917e+05
1.6392e+05
1.5876e+05
1.537e+05
1.4873e+05
1.4386e+05
1.3909e+05
1.3443e+05
1.2987e+05
1.2544e+05
1.2112e+05
1.1692e+05
1.1284e+05
1.0889e+05
1.0507e+05
1.0138e+05
97834
94423
91154
88029
85052
82225
79551
77031
74668
72465
70423
68545
66832
65287
63910
62705
61672
60813
60129
59622
59292
59142
59170
59380
59771
60344
61099
62038
63159
64465
65954
67627
69484
71524
73748
76154
78743
81514
84465
87597
90909
94399
98066
1.0191e+05
1.0593e+05
1.1012e+05
1.1448e+05
1.1902e+05
1.2372e+05
1.2859e+05
1.3362e+05
1.3882e+05
1.4418e+05
1.4969e+05
1.5537e+05
1.6119e+05
1.6717e+05
1.733e+05
1.7958e+05
1.86e+05
1.9256e+05
1.9926e+05
2.061e+05
2.1306e+05
2.2016e+05
2.2739e+05
2.3474e+05
2.422e+05
2.4979e+05
2.5749e+05
2.653e+05
2.7321e+05
2.8123e+05
2.8935e+05
2.9757e+05
3.0588e+05
3.1427e+05
3.2275e+05
3.3132e+05
3.3996e+05
3.4867e+05
3.5745e+05
3.663e+05
3.7521e+05
3.8418e+05
3.932e+05
4.0228e+05
4.1139e+05
4.2055e+05
4.2975e+05
4.3898e+05
4.4824e+05
4.5753e+05
4.6683e+05
4.7616e+05
4.855e+05
4.9484e+05
5.0419e+05
5.1355e+05
5.229e+05
5.3224e+05
5.4157e+05
5.5089e+05
5.6019e+05
5.6946e+05
5.7871e+05
5.8793e+05
5.9711e+05
6.0625e+05
6.1536e+05
6.2441e+05
6.3342e+05
6.4237e+05
6.5127e+05
6.6011e+05
6.6888e+05
6.7759e+05
6.8622e+05
6.9478e+05
7.0327e+05
7.1167e+05
7.1999e+05
7.2822e+05
7.3636e+05
7.4441e+05
7.5236e+05
7.6021e+05
7.6796e+05
7.7561e+05
7.8315e+05
7.9058e+05
7.9789e+05
8.0509e+05
8.1218e+05
8.1914e+05
8.2598e+05
8.327e+05
8.3929e+05
8.4575e+05
8.5208e+05
8.5827e+05
8.6434e+05
8.7026e+05
8.7605e+05
8.817e+05
8.8721e+05
8.9257e+05
8.9779e+05
9.0287e+05
9.078e+05
9.1258e+05
9.1721e+05
9.2169e+05
9.2601e+05
9.3019e+05
9.3421e+05
9.3808e+05
9.418e+05
9.4535e+05
9.4876e+05
9.52e+05
9.5509e+05
9.5802e+05
9.608e+05
9.6341e+05
9.6587e+05
9.6817e+05
9.7031e+05
9.7229e+05
9.7411e+05
9.7578e+05
9.7728e+05
9.7863e+05
9.7982e+05
9.8086e+05
9.8173e+05
9.8245e+05
9.8302e+05
9.8342e+05
9.8368e+05
9.8378e+05
9.8372e+05
9.8351e+05
9.8315e+05
9.8264e+05
9.8198e+05
9.8117e+05
9.8021e+05
9.791e+05
9.7785e+05
9.7645e+05
9.7491e+05
9.7322e+05
9.7139e+05
9.6942e+05
9.6731e+05
9.6507e+05
9.6269e+05
9.6017e+05
9.5752e+05
9.5473e+05
9.5182e+05
9.4877e+05
9.456e+05
9.423e+05
9.3888e+05
9.3534e+05
9.3167e+05
9.2789e+05
9.2398e+05
9.1996e+05
9.1583e+05
9.1158e+05
9.0723e+05
9.0276e+05
8.9819e+05
8.9351e+05
8.8874e+05
8.8385e+05
8.7888e+05
8.738e+05
8.6863e+05
8.6336e+05
8.5801e+05
8.5256e+05
8.4703e+05
8.4141e+05
8.3572e+05
8.2994e+05
8.2408e+05
8.1814e+05
8.1213e+05
8.0605e+05
7.999e+05
7.9368e+05
7.874e+05
7.8105e+05
7.7464e+05
7.6817e+05
7.6165e+05
7.5507e+05
7.4844e+05
7.4176e+05
7.3502e+05
7.2825e+05
7.2143e+05
7.1457e+05
7.0767e+05
7.0073e+05
6.9376e+05
6.8675e+05
6.7972e+05
6.7265e+05
6.6556e+05
6.5845e+05
6.5131e+05
6.4416e+05
6.3698e+05
6.298e+05
6.2259e+05
6.1538e+05
6.0816e+05
6.0093e+05
5.937e+05
5.8646e+05
5.7922e+05
5.7198e+05
5.6475e+05
5.5752e+05
5.5029e+05
5.4308e+05
5.3588e+05
5.2869e+05
5.2151e+05
5.1435e+05
5.072e+05
5.0008e+05
4.9298e+05
4.859e+05
4.7885e+05
4.7182e+05
4.6482e+05
4.5785e+05
4.5091e+05
4.44e+05
4.3713e+05
4.3029e+05
4.2349e+05
4.1673e+05
4.1001e+05
4.0333e+05
3.9669e+05
3.901e+05
3.8355e+05
3.7705e+05
3.7059e+05
3.6418e+05
3.5782e+05
3.5151e+05
3.4526e+05
3.3905e+05
3.329e+05
3.2681e+05
3.2076e+05
3.1478e+05
3.0885e+05
3.0298e+05
2.9717e+05
2.9141e+05
2.8572e+05
2.8008e+05
2.7451e+05
2.6899e+05
2.6354e+05
2.5815e+05
2.5283e+05
2.4756e+05
2.4236e+05
2.3723e+05
2.3216e+05
2.2715e+05
2.222e+05
2.1733e+05
2.1251e+05
2.0776e+05
2.0308e+05
1.9846e+05
1.9391e+05
1.8942e+05
1.85e+05
1.8064e+05
1.7635e+05
1.7213e+05
1.6797e+05
1.6387e+05
1.5984e+05
1.5587e+05
1.5197e+05
1.4813e+05
1.4436e+05
1.4065e+05
1.37e+05
1.3341e+05
1.2989e+05
1.2643e+05
1.2304e+05
1.197e+05
1.1643e+05
1.1321e+05
1.1006e+05
1.0697e+05
1.0394e+05
1.0096e+05
98047
95189
92390
89647
86961
84330
81756
79236
76770
74358
71999
69693
67439
65236
63084
60981
58929
56925
54969
53062
51201
49386
47617
45893
44213
42577
40985
39434
37926
36458
35031
33644
32296
30986
29714
28480
27282
26119
24992
23900
22842
21816
20824
19863
18934
18036
17167
16328
15518
14736
13982
13255
12554
11878
11228
10602
10001
9422.3
8866.5
8333
7820.9
7329.8
6859.1
6408.3
5976.6
5563.7
5168.8
4791.6
4431.3
4087.5
3759.7
3447.2
3149.6
2866.4
2596.9
2340.8
2097.5
1866.5
1647.3
1439.5
1242.4
1055.7
878.92
711.53
553.1
403.17
261.31
127.06
0
