68586
71853
75371
79138
83152
87409
91905
96635
1.0159e+05
1.0677e+05
1.1216e+05
1.1775e+05
1.2353e+05
1.295e+05
1.3564e+05
1.4193e+05
1.4837e+05
1.5494e+05
1.6163e+05
1.6842e+05
1.7529e+05
1.8224e+05
1.8924e+05
1.9627e+05
2.0333e+05
2.1039e+05
2.1744e+05
2.2445e+05
2.3142e+05
2.3832e+05
2.4514e+05
2.5186e+05
2.5846e+05
2.6493e+05
2.7124e+05
2.7739e+05
2.8336e+05
2.8913e+05
2.9469e+05
3.0003e+05
3.0513e+05
3.0998e+05
3.1456e+05
3.1887e+05
3.229e+05
3.2663e+05
3.3006e+05
3.3317e+05
3.3597e+05
3.3845e+05
3.406e+05
3.4241e+05
3.4388e+05
3.4502e+05
3.4581e+05
3.4626e+05
3.4637e+05
3.4613e+05
3.4556e+05
3.4465e+05
3.434e+05
3.4182e+05
3.3992e+05
3.377e+05
3.3517e+05
3.3233e+05
3.292e+05
3.2578e+05
3.2207e+05
3.181e+05
3.1387e+05
3.0939e+05
3.0467e+05
2.9972e+05
2.9456e+05
2.892e+05
2.8365e+05
2.7792e+05
2.7203e+05
2.6599e+05
2.5981e+05
2.535e+05
2.4709e+05
2.4058e+05
2.3399e+05
2.2733e+05
2.2061e+05
2.1385e+05
2.0706e+05
2.0026e+05
1.9345e+05
1.8665e+05
1.7988e+05
1.7314e+05
1.6645e+05
1.5981e+05
1.5325e+05
1.4677e+05
1.4038e+05
1.3409e+05
1.2792e+05
1.2187e+05
1.1595e+05
1.1017e+05
1.0454e+05
99072
93769
88640
83692
78931
74364
69997
65835
61884
58147
54629
51334
48265
45425
42817
40442
38303
36401
34736
33309
32120
31170
30456
29978
29734
29722
29940
30386
31055
31945
33051
34370
35896
37624
39550
41667
43969
46450
49104
51923
54899
58026
61295
64699
68228
71875
75631
79486
83432
87460
91560
95722
99937
1.042e+05
1.0849e+05
1.1281e+05
1.1714e+05
1.2148e+05
1.2581e+05
1.3013e+05
1.3443e+05
1.387e+05
1.4292e+05
1.471e+05
1.5122e+05
1.5527e+05
1.5925e+05
1.6315e+05
1.6696e+05
1.7068e+05
1.7429e+05
1.7779e+05
1.8118e+05
1.8444e+05
1.8759e+05
1.906e+05
1.9347e+05
1.9621e+05
1.988e+05
2.0125e+05
2.0355e+05
2.057e+05
2.077e+05
2.0954e+05
2.1123e+05
2.1276e+05
2.1413e+05
2.1535e+05
2.1641e+05
2.1731e+05
2.1807e+05
2.1866e+05
2.1911e+05
2.1941e+05
2.1956e+05
2.1956e+05
2.1943e+05
2.1915e+05
2.1874e+05
2.1819e+05
2.1751e+05
2.1671e+05
2.1579e+05
2.1474e+05
2.1358e+05
2.123e+05
2.1092e+05
2.0943e+05
2.0785e+05
2.0616e+05
2.0438e+05
2.0251e+05
2.0055e+05
1.985e+05
1.9638e+05
1.9418e+05
1.919e+05
1.8956e+05
1.8714e+05
1.8466e+05
1.8212e+05
1.7952e+05
1.7686e+05
1.7414e+05
1.7137e+05
1.6856e+05
1.6569e+05
1.6278e+05
1.5983e+05
1.5684e+05
1.5381e+05
1.5074e+05
1.4764e+05
1.445e+05
1.4134e+05
1.3815e+05
1.3494e+05
1.3171e+05
1.2845e+05
1.2518e+05
1.219e+05
1.1861e+05
1.1531e+05
1.12e+05
1.087e+05
1.0539e+05
1.0209e+05
98805
95529
92269
89030
85816
82630
79477
76360
73284
70253
67271
64343
61471
58661
55915
53238
50634
48106
45657
43291
41009
38816
36713
34702
32786
30965
29241
27615
26087
24657
23325
22091
20953
19910
18960
18101
17331
16647
16045
15522
15075
14698
14389
14142
13952
13815
13725
13678
13667
13688
13734
13802
13884
13977
14075
14174
14267
14352
14423
14478
14511
14521
14504
14458
14380
14270
14127
13949
13736
13490
13211
12899
12558
12189
11796
11381
10948
10501
10045
9584.6
9124.3
8669.9
8227
7801.2
7398.4
7024.8
6686.4
6389.2
6139.3
5942.5
5804.7
5731.3
5727.8
5799
5949.7
6184.1
6505.9
6918.6
7424.9
8026.9
8726.4
9524.2
10421
11416
12508
13696
14977
16347
17804
19341
20955
22638
24385
26187
28037
29926
31846
33786
35737
37688
39630
41550
43439
45284
47076
48802
50452
52016
53482
54842
56085
57202
58186
59027
59721
60260
60640
60856
60905
60787
60499
60042
59419
58633
57687
56587
55342
53959
52448
50821
49091
47272
45378
43428
41438
39428
37419
35432
33489
31613
29829
28162
26637
25281
24120
23180
22490
22075
21964
22183
22759
23718
25085
26887
29147
31889
35135
38905
43220
48099
53557
59611
66274
73558
81473
90026
99224
1.0907e+05
1.1957e+05
1.3071e+05
1.4251e+05
1.5494e+05
1.6801e+05
1.817e+05
1.9601e+05
2.1091e+05
2.2639e+05
2.4244e+05
2.5903e+05
2.7614e+05
2.9375e+05
3.1182e+05
3.3032e+05
3.4924e+05
3.6852e+05
3.8815e+05
4.0807e+05
4.2826e+05
4.4868e+05
4.6928e+05
4.9003e+05
5.1088e+05
5.3178e+05
5.527e+05
5.7359e+05
5.944e+05
6.1509e+05
6.3562e+05
6.5594e+05
6.76e+05
6.9576e+05
7.1517e+05
7.3419e+05
7.5279e+05
7.7091e+05
7.8851e+05
8.0556e+05
8.2201e+05
8.3784e+05
8.53e+05
8.6746e+05
8.8119e+05
8.9416e+05
9.0634e+05
9.177e+05
9.2822e+05
9.3788e+05
9.4665e+05
9.5452e+05
9.6148e+05
9.6751e+05
9.7261e+05
9.7675e+05
9.7994e+05
9.8218e+05
9.8345e+05
9.8378e+05
9.8315e+05
9.8157e+05
9.7906e+05
9.7562e+05
9.7126e+05
9.66e+05
9.5987e+05
9.5286e+05
9.4502e+05
9.3635e+05
9.2689e+05
9.1665e+05
9.0567e+05
8.9398e+05
8.816e+05
8.6857e+05
8.5491e+05
8.4067e+05
8.2587e+05
8.1056e+05
7.9476e+05
7.7851e+05
7.6186e+05
7.4483e+05
7.2746e+05
7.0979e+05
6.9187e+05
6.7371e+05
6.5537e+05
6.3688e+05
6.1827e+05
5.9957e+05
5.8084e+05
5.6209e+05
5.4336e+05
5.2469e+05
5.0611e+05
4.8764e+05
4.6932e+05
4.5117e+05
4.3323e+05
4.1551e+05
3.9805e+05
3.8087e+05
3.6399e+05
3.4742e+05
3.312e+05
3.1534e+05
2.9985e+05
2.8475e+05
2.7006e+05
2.5578e+05
2.4193e+05
2.2852e+05
2.1556e+05
2.0305e+05
1.9101e+05
1.7942e+05
1.683e+05
1.5766e+05
1.4748e+05
1.3777e+05
1.2852e+05
1.1975e+05
1.1143e+05
1.0357e+05
96155
89185
82651
76544
70855
65573
60688
56189
52063
48300
44885
41806
39049
36601
34447
32573
30965
29608
28489
27591
26902
26406
26089
25937
25937
26073
26334
26706
27176
27732
28361
29053
29795
30577
31388
32219
33061
33904
34740
35561
36360
37130
37866
38560
39208
39805
40347
40831
41253
41610
41901
42124
42277
42359
42371
42313
42184
41986
41720
41387
40989
40529
40009
39431
38799
38115
37382
36606
35788
34933
34044
33125
32181
31215
30232
29235
28228
27215
26200
25187
24179
23180
22194
21223
20271
19340
18435
17556
16706
15888
15104
14354
13642
12968
12332
11737
11183
10670
10198
9767
9377.4
9028.5
8719.6
8449.9
8218.6
8024.3
7865.8
7741.7
7650.3
7590
7558.8
7554.9
7576.2
7620.6
7686
7770.1
7870.6
7985.4
8112
8248.3
8391.9
8540.6
8692.1
8844.4
8995.3
9142.8
9284.9
9419.8
9545.7
9660.9
9764
9853.5
9928.1
9986.6
10028
10051
10056
10041
10007
9951.7
9876.4
9780.7
9664.6
9528.3
9372.2
9196.6
9002.2
8789.7
8559.8
8313.5
8051.7
7775.4
7486
7184.4
6872.1
6550.3
6220.4
5883.8
5541.9
5196
4847.8
4498.5
4149.6
3802.5
3458.5
3119
2785.3
2458.5
2139.9
1830.5
1531.4
1243.5
967.7
704.81
455.51
220.4
0
