1.7883e+05
1.8312e+05
1.8741e+05
1.9166e+05
1.959e+05
2.0009e+05
2.0426e+05
2.0838e+05
2.1245e+05
2.1647e+05
2.2043e+05
2.2434e+05
2.2818e+05
2.3195e+05
2.3565e+05
2.3927e+05
2.4281e+05
2.4628e+05
2.4965e+05
2.5294e+05
2.5614e+05
2.5925e+05
2.6226e+05
2.6518e+05
2.68e+05
2.7072e+05
2.7334e+05
2.7585e+05
2.7827e+05
2.8058e+05
2.8279e+05
2.8489e+05
2.869e+05
2.888e+05
2.906e+05
2.9229e+05
2.9389e+05
2.9539e+05
2.9679e+05
2.9809e+05
2.993e+05
3.0042e+05
3.0145e+05
3.0239e+05
3.0324e+05
3.0402e+05
3.0471e+05
3.0533e+05
3.0587e+05
3.0635e+05
3.0675e+05
3.071e+05
3.0738e+05
3.0761e+05
3.0779e+05
3.0791e+05
3.08e+05
3.0804e+05
3.0805e+05
3.0802e+05
3.0797e+05
3.0789e+05
3.0779e+05
3.0768e+05
3.0755e+05
3.0742e+05
3.0729e+05
3.0716e+05
3.0703e+05
3.0691e+05
3.0681e+05
3.0672e+05
3.0666e+05
3.0662e+05
3.0661e+05
3.0663e+05
3.0669e+05
3.0679e+05
3.0693e+05
3.0711e+05
3.0735e+05
3.0763e+05
3.0798e+05
3.0838e+05
3.0884e+05
3.0936e+05
3.0994e+05
3.106e+05
3.1132e+05
3.1211e+05
3.1297e+05
3.139e+05
3.1491e+05
3.1599e+05
3.1715e+05
3.1839e+05
3.197e+05
3.2108e+05
3.2255e+05
3.2409e+05
3.257e+05
3.2739e+05
3.2916e+05
3.31e+05
3.3291e+05
3.349e+05
3.3695e+05
3.3907e+05
3.4126e+05
3.4351e+05
3.4583e+05
3.482e+05
3.5064e+05
3.5312e+05
3.5566e+05
3.5825e+05
3.6089e+05
3.6357e+05
3.6628e+05
3.6904e+05
3.7183e+05
3.7464e+05
3.7748e+05
3.8035e+05
3.8323e+05
3.8613e+05
3.8903e+05
3.9194e+05
3.9486e+05
3.9777e+05
4.0067e+05
4.0357e+05
4.0645e+05
4.0931e+05
4.1214e+05
4.1495e+05
4.1773e+05
4.2047e+05
4.2317e+05
4.2583e+05
4.2844e+05
4.3099e+05
4.3349e+05
4.3593e+05
4.383e+05
4.4061e+05
4.4284e+05
4.45e+05
4.4708e+05
4.4907e+05
4.5099e+05
4.5281e+05
4.5454e+05
4.5617e+05
4.5771e+05
4.5914e+05
4.6048e+05
4.617e+05
4.6282e+05
4.6383e+05
4.6473e+05
4.6551e+05
4.6618e+05
4.6673e+05
4.6716e+05
4.6747e+05
4.6766e+05
4.6773e+05
4.6768e+05
4.6751e+05
4.6721e+05
4.6679e+05
4.6624e+05
4.6557e+05
4.6478e+05
4.6387e+05
4.6283e+05
4.6168e+05
4.604e+05
4.59e+05
4.5749e+05
4.5586e+05
4.5411e+05
4.5225e+05
4.5028e+05
4.482e+05
4.4601e+05
4.4372e+05
4.4132e+05
4.3882e+05
4.3623e+05
4.3354e+05
4.3075e+05
4.2788e+05
4.2491e+05
4.2187e+05
4.1874e+05
4.1553e+05
4.1225e+05
4.089e+05
4.0548e+05
4.0199e+05
3.9845e+05
3.9484e+05
3.9118e+05
3.8747e+05
3.8371e+05
3.7991e+05
3.7607e+05
3.7219e+05
3.6828e+05
3.6433e+05
3.6036e+05
3.5637e+05
3.5236e+05
3.4833e+05
3.4429e+05
3.4024e+05
3.3618e+05
3.3212e+05
3.2807e+05
3.2401e+05
3.1996e+05
3.1592e+05
3.1189e+05
3.0788e+05
3.0388e+05
2.9991e+05
2.9596e+05
2.9203e+05
2.8813e+05
2.8426e+05
2.8042e+05
2.7662e+05
2.7285e+05
2.6911e+05
2.6542e+05
2.6177e+05
2.5816e+05
2.5459e+05
2.5107e+05
2.4759e+05
2.4416e+05
2.4078e+05
2.3745e+05
2.3416e+05
2.3093e+05
2.2774e+05
2.246e+05
2.2152e+05
2.1848e+05
2.1549e+05
2.1256e+05
2.0967e+05
2.0683e+05
2.0404e+05
2.013e+05
1.986e+05
1.9596e+05
1.9336e+05
1.908e+05
1.8828e+05
1.8581e+05
1.8338e+05
1.8099e+05
1.7864e+05
1.7633e+05
1.7405e+05
1.7181e+05
1.696e+05
1.6742e+05
1.6527e+05
1.6315e+05
1.6105e+05
1.5898e+05
1.5693e+05
1.549e+05
1.529e+05
1.509e+05
1.4893e+05
1.4697e+05
1.4502e+05
1.4308e+05
1.4115e+05
1.3923e+05
1.3731e+05
1.3539e+05
1.3348e+05
1.3157e+05
1.2965e+05
1.2774e+05
1.2582e+05
1.2389e+05
1.2196e+05
1.2002e+05
1.1807e+05
1.1612e+05
1.1415e+05
1.1216e+05
1.1017e+05
1.0816e+05
1.0614e+05
1.0411e+05
1.0206e+05
99991
97910
95814
93702
91574
89432
87274
85102
82917
80718
78507
76285
74052
71810
69560
67304
65043
62778
60512
58246
55982
53722
51469
49225
46992
44772
42569
40384
38222
36084
33973
31894
29848
27839
25870
23945
22067
20239
18466
16750
15096
13506
11985
10537
9164.8
7872.7
6664.4
5543.7
4514.5
3580.7
2746.1
2014.5
1389.7
875.51
475.73
194.09
34.289
0
94.843
322.39
686.15
1189.6
1836
2628.9
3571.3
4666.5
5917.5
7327.3
8898.7
10635
12538
14610
16855
19274
21870
24645
27600
30738
34059
37567
41261
45144
49216
53479
57932
62577
67414
72444
77666
83080
88687
94486
1.0048e+05
1.0666e+05
1.1303e+05
1.1958e+05
1.2633e+05
1.3326e+05
1.4038e+05
1.4768e+05
1.5516e+05
1.6281e+05
1.7065e+05
1.7865e+05
1.8683e+05
1.9518e+05
2.0369e+05
2.1236e+05
2.2119e+05
2.3018e+05
2.3932e+05
2.486e+05
2.5803e+05
2.676e+05
2.773e+05
2.8714e+05
2.971e+05
3.0718e+05
3.1738e+05
3.2769e+05
3.3811e+05
3.4863e+05
3.5924e+05
3.6995e+05
3.8074e+05
3.9161e+05
4.0255e+05
4.1356e+05
4.2464e+05
4.3576e+05
4.4694e+05
4.5816e+05
4.6942e+05
4.8071e+05
4.9202e+05
5.0335e+05
5.1468e+05
5.2603e+05
5.3737e+05
5.487e+05
5.6002e+05
5.7131e+05
5.8258e+05
5.9381e+05
6.05e+05
6.1613e+05
6.2721e+05
6.3823e+05
6.4918e+05
6.6005e+05
6.7084e+05
6.8154e+05
6.9215e+05
7.0265e+05
7.1304e+05
7.2332e+05
7.3347e+05
7.435e+05
7.5339e+05
7.6314e+05
7.7275e+05
7.822e+05
7.915e+05
8.0063e+05
8.0959e+05
8.1838e+05
8.2699e+05
8.3541e+05
8.4364e+05
8.5168e+05
8.5951e+05
8.6714e+05
8.7456e+05
8.8177e+05
8.8876e+05
8.9552e+05
9.0206e+05
9.0837e+05
9.1444e+05
9.2028e+05
9.2587e+05
9.3122e+05
9.3633e+05
9.4118e+05
9.4579e+05
9.5013e+05
9.5422e+05
9.5806e+05
9.6163e+05
9.6493e+05
9.6798e+05
9.7076e+05
9.7327e+05
9.7551e+05
9.7749e+05
9.7919e+05
9.8063e+05
9.818e+05
9.827e+05
9.8333e+05
9.8369e+05
9.8378e+05
9.836e+05
9.8316e+05
9.8245e+05
9.8147e+05
9.8023e+05
9.7873e+05
9.7697e+05
9.7496e+05
9.7268e+05
9.7015e+05
9.6737e+05
9.6435e+05
9.6107e+05
9.5756e+05
9.538e+05
9.4981e+05
9.4558e+05
9.4112e+05
9.3644e+05
9.3153e+05
9.264e+05
9.2106e+05
9.1551e+05
9.0975e+05
9.0379e+05
8.9763e+05
8.9128e+05
8.8473e+05
8.7801e+05
8.711e+05
8.6402e+05
8.5677e+05
8.4935e+05
8.4178e+05
8.3405e+05
8.2617e+05
8.1815e+05
8.0999e+05
8.017e+05
7.9327e+05
7.8473e+05
7.7607e+05
7.673e+05
7.5842e+05
7.4944e+05
7.4037e+05
7.3121e+05
7.2197e+05
7.1265e+05
7.0325e+05
6.9379e+05
6.8427e+05
6.747e+05
6.6507e+05
6.554e+05
6.4569e+05
6.3595e+05
6.2618e+05
6.1639e+05
6.0658e+05
5.9676e+05
5.8693e+05
5.771e+05
5.6727e+05
5.5746e+05
5.4765e+05
5.3787e+05
5.2811e+05
5.1838e+05
5.0868e+05
4.9901e+05
4.894e+05
4.7982e+05
4.703e+05
4.6083e+05
4.5143e+05
4.4208e+05
4.3281e+05
4.236e+05
4.1447e+05
4.0542e+05
3.9645e+05
3.8757e+05
3.7877e+05
3.7007e+05
3.6147e+05
3.5296e+05
3.4455e+05
3.3625e+05
3.2805e+05
3.1997e+05
3.1199e+05
3.0413e+05
2.9639e+05
2.8876e+05
2.8125e+05
2.7387e+05
2.6661e+05
2.5947e+05
2.5246e+05
2.4558e+05
2.3883e+05
2.3221e+05
2.2572e+05
2.1936e+05
2.1314e+05
2.0705e+05
2.0109e+05
1.9527e+05
1.8958e+05
1.8403e+05
1.7861e+05
1.7333e+05
1.6818e+05
1.6317e+05
1.5829e+05
1.5355e+05
1.4894e+05
1.4446e+05
1.4012e+05
1.3591e+05
1.3183e+05
1.2787e+05
1.2405e+05
1.2036e+05
1.1679e+05
1.1334e+05
1.1002e+05
1.0682e+05
1.0375e+05
1.0079e+05
97947
95222
92611
90113
87725
85446
83273
81204
79238
77373
75605
73934
72357
70871
69474
68165
66940
65798
64735
63751
62841
62005
61239
60541
59909
59340
58832
58383
57989
57649
57361
57122
56929
56781
56674
56607
56578
56583
56622
56692
56790
56914
57063
57234
57425
57634
57860
58100
58353
58616
58888
59166
59451
59738
60028
60318
60608
60894
61176
61453
61724
61986
62238
62481
62711
62929
63132
63321
63494
63651
63789
63910
64011
64092
64153
64193
64211
64207
64180
64130
64057
63960
63839
63694
63524
63329
63110
62866
62597
62304
61986
61643
61275
60883
60467
60027
59564
59077
58567
58035
57480
56904
56306
55688
55049
