1049.3
2575.3
4134.9
5726.5
7348.7
9000
10679
12384
14113
15865
17639
19432
21243
23070
24913
26769
28636
30514
32400
34293
36192
38095
40001
41908
43814
45720
47622
49520
51413
53299
55178
57048
58908
60757
62594
64419
66230
68027
69809
71575
73325
75058
76774
78472
80152
81813
83456
85079
86684
88270
89837
91384
92913
94423
95914
97387
98841
1.0028e+05
1.017e+05
1.031e+05
1.0449e+05
1.0586e+05
1.0721e+05
1.0856e+05
1.0988e+05
1.112e+05
1.125e+05
1.1379e+05
1.1506e+05
1.1633e+05
1.1759e+05
1.1884e+05
1.2008e+05
1.2132e+05
1.2254e+05
1.2377e+05
1.2499e+05
1.262e+05
1.2741e+05
1.2862e+05
1.2983e+05
1.3104e+05
1.3225e+05
1.3347e+05
1.3468e+05
1.359e+05
1.3712e+05
1.3834e+05
1.3957e+05
1.4081e+05
1.4205e+05
1.4331e+05
1.4456e+05
1.4583e+05
1.4711e+05
1.4839e+05
1.4968e+05
1.5099e+05
1.523e+05
1.5363e+05
1.5496e+05
1.5631e+05
1.5766e+05
1.5903e+05
1.6041e+05
1.618e+05
1.632e+05
1.6461e+05
1.6603e+05
1.6746e+05
1.689e+05
1.7035e+05
1.7181e+05
1.7328e+05
1.7475e+05
1.7623e+05
1.7772e+05
1.7921e+05
1.8071e+05
1.8221e+05
1.8371e+05
1.8522e+05
1.8672e+05
1.8823e+05
1.8973e+05
1.9123e+05
1.9273e+05
1.9422e+05
1.9571e+05
1.9719e+05
1.9865e+05
2.0011e+05
2.0156e+05
2.0299e+05
2.0441e+05
2.0581e+05
2.0719e+05
2.0855e+05
2.099e+05
2.1121e+05
2.1251e+05
2.1378e+05
2.1502e+05
2.1623e+05
2.1741e+05
2.1856e+05
2.1968e+05
2.2076e+05
2.218e+05
2.2281e+05
2.2377e+05
2.2469e+05
2.2557e+05
2.2641e+05
2.272e+05
2.2794e+05
2.2863e+05
2.2928e+05
2.2987e+05
2.3041e+05
2.309e+05
2.3133e+05
2.3171e+05
2.3203e+05
2.3229e+05
2.325e+05
2.3264e+05
2.3273e+05
2.3275e+05
2.3272e+05
2.3262e+05
2.3246e+05
2.3223e+05
2.3195e+05
2.316e+05
2.3118e+05
2.3071e+05
2.3017e+05
2.2956e+05
2.2889e+05
2.2816e+05
2.2737e+05
2.2651e+05
2.2559e+05
2.2461e+05
2.2357e+05
2.2246e+05
2.213e+05
2.2007e+05
2.1879e+05
2.1745e+05
2.1606e+05
2.146e+05
2.131e+05
2.1154e+05
2.0993e+05
2.0827e+05
2.0656e+05
2.048e+05
2.0299e+05
2.0115e+05
1.9925e+05
1.9732e+05
1.9534e+05
1.9333e+05
1.9128e+05
1.892e+05
1.8709e+05
1.8494e+05
1.8277e+05
1.8056e+05
1.7834e+05
1.7609e+05
1.7382e+05
1.7153e+05
1.6922e+05
1.669e+05
1.6457e+05
1.6222e+05
1.5987e+05
1.5751e+05
1.5515e+05
1.5278e+05
1.5041e+05
1.4805e+05
1.4568e+05
1.4333e+05
1.4098e+05
1.3864e+05
1.3631e+05
1.3399e+05
1.3169e+05
1.294e+05
1.2714e+05
1.2489e+05
1.2266e+05
1.2046e+05
1.1828e+05
1.1613e+05
1.1401e+05
1.1191e+05
1.0985e+05
1.0781e+05
1.0581e+05
1.0385e+05
1.0191e+05
1.0002e+05
98156
96333
94548
92802
91096
89429
87803
86218
84673
83171
81709
80289
78911
77574
76279
75025
73811
72638
71506
70412
69358
68341
67363
66421
65515
64645
63808
63004
62233
61492
60782
60099
59444
58815
58211
57630
57071
56533
56013
55511
55025
54554
54095
53649
53212
52783
52362
51946
51533
51123
50714
50304
49893
49477
49057
48631
48197
47754
47301
46837
46361
45871
45367
44848
44312
43759
43188
42599
41991
41363
40715
40046
39357
38646
37915
37163
36390
35596
34781
33946
33092
32219
31327
30417
29491
28549
27592
26622
25639
24646
23643
22632
21614
20593
19569
18544
17520
16500
15486
14480
13485
12503
11536
10587
9659.5
8755.5
7878.1
7030.2
6214.8
5434.9
4693.7
3994.3
3339.9
2733.7
2179
1679.2
1237.5
857.44
542.32
295.58
120.65
20.975
0
61.17
207.93
443.7
771.92
1196
1719.2
2345.1
3076.8
3917.6
4870.9
5939.7
7127.3
8436.6
9870.8
11433
13125
14951
16914
19015
21258
23644
26177
28858
31690
34675
37815
41112
44566
48181
51957
55897
60000
64268
68703
73305
78074
83012
88118
93393
98838
1.0445e+05
1.1023e+05
1.1619e+05
1.223e+05
1.2859e+05
1.3504e+05
1.4166e+05
1.4845e+05
1.554e+05
1.6251e+05
1.6978e+05
1.7721e+05
1.8479e+05
1.9254e+05
2.0043e+05
2.0848e+05
2.1667e+05
2.2501e+05
2.3349e+05
2.4211e+05
2.5087e+05
2.5976e+05
2.6879e+05
2.7794e+05
2.8721e+05
2.9661e+05
3.0612e+05
3.1574e+05
3.2547e+05
3.353e+05
3.4523e+05
3.5526e+05
3.6538e+05
3.7558e+05
3.8587e+05
3.9623e+05
4.0666e+05
4.1715e+05
4.2771e+05
4.3832e+05
4.4898e+05
4.5969e+05
4.7044e+05
4.8122e+05
4.9202e+05
5.0285e+05
5.137e+05
5.2455e+05
5.3541e+05
5.4627e+05
5.5712e+05
5.6796e+05
5.7878e+05
5.8958e+05
6.0034e+05
6.1107e+05
6.2175e+05
6.3238e+05
6.4296e+05
6.5347e+05
6.6392e+05
6.7429e+05
6.8458e+05
6.9479e+05
7.049e+05
7.1492e+05
7.2483e+05
7.3464e+05
7.4432e+05
7.5389e+05
7.6333e+05
7.7263e+05
7.818e+05
7.9083e+05
7.997e+05
8.0842e+05
8.1698e+05
8.2537e+05
8.336e+05
8.4164e+05
8.4951e+05
8.572e+05
8.6469e+05
8.7199e+05
8.7909e+05
8.8599e+05
8.9268e+05
8.9916e+05
9.0543e+05
9.1147e+05
9.173e+05
9.229e+05
9.2826e+05
9.334e+05
9.383e+05
9.4296e+05
9.4738e+05
9.5156e+05
9.5549e+05
9.5918e+05
9.6261e+05
9.6579e+05
9.6871e+05
9.7138e+05
9.7379e+05
9.7595e+05
9.7784e+05
9.7948e+05
9.8085e+05
9.8196e+05
9.8281e+05
9.8339e+05
9.8372e+05
9.8378e+05
9.8358e+05
9.8311e+05
9.8239e+05
9.8141e+05
9.8016e+05
9.7866e+05
9.769e+05
9.7489e+05
9.7262e+05
9.7011e+05
9.6734e+05
9.6432e+05
9.6106e+05
9.5756e+05
9.5382e+05
9.4983e+05
9.4562e+05
9.4117e+05
9.3649e+05
9.3159e+05
9.2647e+05
9.2113e+05
9.1557e+05
9.0981e+05
9.0383e+05
8.9766e+05
8.9128e+05
8.8471e+05
8.7796e+05
8.7101e+05
8.6389e+05
8.5659e+05
8.4911e+05
8.4148e+05
8.3368e+05
8.2572e+05
8.1761e+05
8.0936e+05
8.0096e+05
7.9243e+05
7.8376e+05
7.7498e+05
7.6607e+05
7.5704e+05
7.4791e+05
7.3868e+05
7.2934e+05
7.1991e+05
7.104e+05
7.008e+05
6.9113e+05
6.8139e+05
6.7158e+05
6.6171e+05
6.5179e+05
6.4182e+05
6.3181e+05
6.2176e+05
6.1168e+05
6.0157e+05
5.9144e+05
5.8129e+05
5.7114e+05
5.6098e+05
5.5081e+05
5.4066e+05
5.3051e+05
5.2037e+05
5.1026e+05
5.0017e+05
4.9011e+05
4.8009e+05
4.701e+05
4.6016e+05
4.5026e+05
4.4042e+05
4.3063e+05
4.209e+05
4.1124e+05
4.0165e+05
3.9213e+05
3.8268e+05
3.7332e+05
3.6403e+05
3.5484e+05
3.4573e+05
3.3672e+05
3.2781e+05
3.19e+05
3.1028e+05
3.0168e+05
2.9318e+05
2.8479e+05
2.7652e+05
2.6836e+05
2.6032e+05
2.524e+05
2.446e+05
2.3692e+05
2.2937e+05
2.2195e+05
2.1465e+05
2.0749e+05
2.0045e+05
1.9355e+05
1.8678e+05
1.8015e+05
1.7365e+05
1.6729e+05
1.6106e+05
1.5497e+05
1.4901e+05
1.432e+05
1.3752e+05
1.3198e+05
1.2657e+05
1.2131e+05
1.1618e+05
1.1118e+05
1.0633e+05
1.016e+05
97017
92563
88243
84055
79998
76071
72273
68602
65057
61637
58341
55166
52111
49174
46354
43648
41055
38573
36200
33934
31772
29713
27754
25894
24129
22458
20879
19389
17985
16666
15428
14270
13189
12183
11249
10385
9588.4
8856.4
8186.9
7577.3
7025.2
6528.3
6084
5690.1
5344
5043.5
4786.2
4569.7
4391.8
4250.2
4142.6
4066.8
4020.7
4002.1
4008.9
4039
4090.3
4160.9
4248.8
4352.1
4468.9
4597.3
4735.7
4882.3
5035.3
5193.2
5354.3
5517.1
5680.2
5842.1
6001.3
6156.7
6306.8
6450.5
6586.6
6714
6831.6
6938.4
7033.5
7115.9
7184.7
7239.3
7278.8
7302.6
7309.9
7300.3
7273.2
7228.1
7164.5
7082.1
6980.5
6859.5
6718.8
6558.1
6377.4
6176.5
5955.4
