1.4799e+05
1.5129e+05
1.5463e+05
1.58e+05
1.6142e+05
1.6486e+05
1.6834e+05
1.7184e+05
1.7538e+05
1.7893e+05
1.8251e+05
1.861e+05
1.8971e+05
1.9333e+05
1.9696e+05
2.0059e+05
2.0424e+05
2.0788e+05
2.1152e+05
2.1516e+05
2.1879e+05
2.2242e+05
2.2603e+05
2.2962e+05
2.3321e+05
2.3677e+05
2.4031e+05
2.4382e+05
2.4731e+05
2.5078e+05
2.5421e+05
2.576e+05
2.6097e+05
2.6429e+05
2.6758e+05
2.7082e+05
2.7402e+05
2.7718e+05
2.8029e+05
2.8335e+05
2.8636e+05
2.8932e+05
2.9223e+05
2.9508e+05
2.9788e+05
3.0062e+05
3.033e+05
3.0593e+05
3.0849e+05
3.1099e+05
3.1343e+05
3.1581e+05
3.1813e+05
3.2038e+05
3.2257e+05
3.2469e+05
3.2676e+05
3.2875e+05
3.3068e+05
3.3255e+05
3.3435e+05
3.3609e+05
3.3776e+05
3.3937e+05
3.4091e+05
3.424e+05
3.4382e+05
3.4517e+05
3.4647e+05
3.4771e+05
3.4888e+05
3.5e+05
3.5106e+05
3.5206e+05
3.53e+05
3.5389e+05
3.5473e+05
3.5551e+05
3.5624e+05
3.5692e+05
3.5755e+05
3.5814e+05
3.5867e+05
3.5917e+05
3.5962e+05
3.6002e+05
3.6039e+05
3.6071e+05
3.61e+05
3.6125e+05
3.6147e+05
3.6165e+05
3.618e+05
3.6192e+05
3.6201e+05
3.6207e+05
3.6211e+05
3.6212e+05
3.6211e+05
3.6207e+05
3.6202e+05
3.6194e+05
3.6184e+05
3.6173e+05
3.6161e+05
3.6146e+05
3.6131e+05
3.6114e+05
3.6096e+05
3.6076e+05
3.6056e+05
3.6035e+05
3.6013e+05
3.5991e+05
3.5967e+05
3.5944e+05
3.5919e+05
3.5894e+05
3.5869e+05
3.5843e+05
3.5817e+05
3.579e+05
3.5763e+05
3.5736e+05
3.5708e+05
3.568e+05
3.5652e+05
3.5624e+05
3.5595e+05
3.5566e+05
3.5536e+05
3.5506e+05
3.5475e+05
3.5444e+05
3.5413e+05
3.5381e+05
3.5348e+05
3.5314e+05
3.5279e+05
3.5244e+05
3.5207e+05
3.517e+05
3.5131e+05
3.5091e+05
3.505e+05
3.5007e+05
3.4963e+05
3.4917e+05
3.4869e+05
3.482e+05
3.4768e+05
3.4715e+05
3.4659e+05
3.4601e+05
3.454e+05
3.4477e+05
3.4411e+05
3.4342e+05
3.427e+05
3.4196e+05
3.4118e+05
3.4037e+05
3.3953e+05
3.3865e+05
3.3774e+05
3.3679e+05
3.358e+05
3.3477e+05
3.3371e+05
3.326e+05
3.3145e+05
3.3027e+05
3.2903e+05
3.2776e+05
3.2644e+05
3.2508e+05
3.2367e+05
3.2221e+05
3.2071e+05
3.1916e+05
3.1757e+05
3.1593e+05
3.1424e+05
3.1251e+05
3.1072e+05
3.089e+05
3.0702e+05
3.051e+05
3.0313e+05
3.0111e+05
2.9905e+05
2.9694e+05
2.9479e+05
2.9259e+05
2.9035e+05
2.8807e+05
2.8574e+05
2.8338e+05
2.8097e+05
2.7852e+05
2.7604e+05
2.7352e+05
2.7096e+05
2.6837e+05
2.6574e+05
2.6308e+05
2.604e+05
2.5768e+05
2.5493e+05
2.5216e+05
2.4937e+05
2.4655e+05
2.4371e+05
2.4085e+05
2.3797e+05
2.3508e+05
2.3217e+05
2.2925e+05
2.2632e+05
2.2338e+05
2.2043e+05
2.1748e+05
2.1453e+05
2.1157e+05
2.0862e+05
2.0567e+05
2.0272e+05
1.9977e+05
1.9684e+05
1.9392e+05
1.91e+05
1.881e+05
1.8522e+05
1.8235e+05
1.795e+05
1.7667e+05
1.7386e+05
1.7108e+05
1.6832e+05
1.6558e+05
1.6287e+05
1.602e+05
1.5755e+05
1.5493e+05
1.5235e+05
1.4979e+05
1.4728e+05
1.448e+05
1.4235e+05
1.3994e+05
1.3757e+05
1.3524e+05
1.3295e+05
1.3069e+05
1.2848e+05
1.2631e+05
1.2417e+05
1.2208e+05
1.2003e+05
1.1802e+05
1.1605e+05
1.1412e+05
1.1224e+05
1.1039e+05
1.0858e+05
1.0681e+05
1.0508e+05
1.0339e+05
1.0174e+05
1.0012e+05
98543
96999
95490
94014
92570
91159
89777
88425
87101
85804
84533
83285
82060
80857
79674
78510
77363
76231
75114
74010
72917
71834
70760
69692
68631
67573
66519
65466
64414
63361
62305
61247
60184
59115
58041
56959
55868
54769
53661
52542
51413
50272
49120
47955
46779
45591
44391
43179
41956
40721
39475
38220
36954
35680
34398
33109
31815
30516
29214
27911
26608
25307
24009
22717
21433
20159
18897
17650
16420
15210
14022
12860
11726
10624
9556
8525.7
7536.5
6591.6
5694.6
4848.9
4058.1
3325.9
2656
2052.1
1518.2
1057.9
675.29
374.22
158.67
32.594
0
64.886
231.26
503.11
884.45
1379.3
1991.5
2725
3583.8
4571.8
5692.6
6950.1
8347.9
9889.8
11579
13420
15414
17567
19881
22358
25003
27817
30804
33967
37307
40828
44531
48418
52492
56753
61205
65847
70682
75711
80934
86352
91966
97775
1.0378e+05
1.0998e+05
1.1638e+05
1.2297e+05
1.2976e+05
1.3674e+05
1.4392e+05
1.5128e+05
1.5884e+05
1.6658e+05
1.7451e+05
1.8263e+05
1.9093e+05
1.994e+05
2.0806e+05
2.1689e+05
2.2588e+05
2.3505e+05
2.4438e+05
2.5387e+05
2.6351e+05
2.7331e+05
2.8326e+05
2.9335e+05
3.0357e+05
3.1393e+05
3.2442e+05
3.3503e+05
3.4576e+05
3.566e+05
3.6755e+05
3.786e+05
3.8974e+05
4.0097e+05
4.1228e+05
4.2366e+05
4.3512e+05
4.4663e+05
4.582e+05
4.6982e+05
4.8148e+05
4.9317e+05
5.0489e+05
5.1663e+05
5.2838e+05
5.4013e+05
5.5188e+05
5.6362e+05
5.7533e+05
5.8702e+05
5.9868e+05
6.1029e+05
6.2186e+05
6.3336e+05
6.448e+05
6.5617e+05
6.6745e+05
6.7865e+05
6.8974e+05
7.0074e+05
7.1162e+05
7.2238e+05
7.3301e+05
7.4351e+05
7.5387e+05
7.6408e+05
7.7413e+05
7.8401e+05
7.9373e+05
8.0327e+05
8.1262e+05
8.2179e+05
8.3075e+05
8.3951e+05
8.4806e+05
8.564e+05
8.6451e+05
8.724e+05
8.8005e+05
8.8746e+05
8.9463e+05
9.0155e+05
9.0822e+05
9.1463e+05
9.2078e+05
9.2666e+05
9.3227e+05
9.376e+05
9.4266e+05
9.4744e+05
9.5193e+05
9.5613e+05
9.6005e+05
9.6367e+05
9.67e+05
9.7003e+05
9.7276e+05
9.7519e+05
9.7733e+05
9.7916e+05
9.8068e+05
9.8191e+05
9.8283e+05
9.8345e+05
9.8376e+05
9.8378e+05
9.8349e+05
9.829e+05
9.82e+05
9.8082e+05
9.7933e+05
9.7755e+05
9.7547e+05
9.7311e+05
9.7045e+05
9.6751e+05
9.6429e+05
9.6078e+05
9.5701e+05
9.5295e+05
9.4863e+05
9.4405e+05
9.392e+05
9.3409e+05
9.2874e+05
9.2313e+05
9.1728e+05
9.112e+05
9.0488e+05
8.9833e+05
8.9156e+05
8.8457e+05
8.7738e+05
8.6997e+05
8.6237e+05
8.5457e+05
8.4659e+05
8.3842e+05
8.3008e+05
8.2157e+05
8.1289e+05
8.0406e+05
7.9508e+05
7.8596e+05
7.767e+05
7.6732e+05
7.5781e+05
7.4818e+05
7.3844e+05
7.286e+05
7.1867e+05
7.0865e+05
6.9854e+05
6.8836e+05
6.7812e+05
6.6781e+05
6.5744e+05
6.4703e+05
6.3658e+05
6.2609e+05
6.1557e+05
6.0503e+05
5.9448e+05
5.8391e+05
5.7335e+05
5.6278e+05
5.5223e+05
5.4169e+05
5.3118e+05
5.2069e+05
5.1023e+05
4.9981e+05
4.8944e+05
4.7912e+05
4.6885e+05
4.5864e+05
4.485e+05
4.3843e+05
4.2843e+05
4.1851e+05
4.0868e+05
3.9893e+05
3.8928e+05
3.7972e+05
3.7026e+05
3.6091e+05
3.5167e+05
3.4254e+05
3.3352e+05
3.2462e+05
3.1584e+05
3.0719e+05
2.9866e+05
2.9026e+05
2.8199e+05
2.7386e+05
2.6586e+05
2.58e+05
2.5028e+05
2.4271e+05
2.3527e+05
2.2798e+05
2.2083e+05
2.1383e+05
2.0698e+05
2.0027e+05
1.9372e+05
1.8731e+05
1.8105e+05
1.7494e+05
1.6898e+05
1.6317e+05
1.5751e+05
1.52e+05
1.4664e+05
1.4142e+05
1.3636e+05
1.3144e+05
1.2666e+05
1.2203e+05
1.1754e+05
1.1319e+05
1.0899e+05
1.0492e+05
1.0099e+05
97202
93544
90019
86624
83359
80220
77206
74315
71544
68891
66354
63931
61618
59415
57317
55324
53431
51637
49939
48335
46821
45395
44055
42797
41620
40520
39495
38542
37658
36841
36089
35398
34766
34191
33669
33199
32778
32403
32072
31783
31532
31319
31141
30994
30878
30790
30728
30690
30673
30677
30698
30735
30787
30851
30926
31010
31102
31199
31301
31406
31513
31620
31726
31830
31931
32027
32118
32202
32279
32348
32407
32457
32496
32523
32538
32541
32531
32507
32469
32417
32350
32268
32170
32057
31928
31783
31622
31445
31251
31042
30816
30574
30317
30043
29754
29449
29129
28793
28443
28079
27700
27307
26900
26481
26048
25603
25145
24676
24196
23704
23203
22691
22169
21639
21100
20552
19997
19435
18866
