1.8261e+05
1.8756e+05
1.9251e+05
1.9744e+05
2.0236e+05
2.0726e+05
2.1212e+05
2.1695e+05
2.2174e+05
2.2649e+05
2.3118e+05
2.3581e+05
2.4037e+05
2.4487e+05
2.4929e+05
2.5364e+05
2.579e+05
2.6207e+05
2.6615e+05
2.7013e+05
2.7402e+05
2.778e+05
2.8147e+05
2.8504e+05
2.8849e+05
2.9183e+05
2.9505e+05
2.9815e+05
3.0113e+05
3.0399e+05
3.0673e+05
3.0934e+05
3.1182e+05
3.1418e+05
3.1641e+05
3.1852e+05
3.205e+05
3.2236e+05
3.2409e+05
3.257e+05
3.2719e+05
3.2856e+05
3.298e+05
3.3093e+05
3.3195e+05
3.3285e+05
3.3365e+05
3.3433e+05
3.3491e+05
3.3539e+05
3.3577e+05
3.3606e+05
3.3626e+05
3.3637e+05
3.3639e+05
3.3633e+05
3.362e+05
3.36e+05
3.3573e+05
3.3539e+05
3.35e+05
3.3455e+05
3.3406e+05
3.3351e+05
3.3293e+05
3.3231e+05
3.3166e+05
3.3099e+05
3.3029e+05
3.2957e+05
3.2884e+05
3.281e+05
3.2736e+05
3.2662e+05
3.2588e+05
3.2515e+05
3.2444e+05
3.2374e+05
3.2306e+05
3.2241e+05
3.2179e+05
3.212e+05
3.2065e+05
3.2014e+05
3.1967e+05
3.1925e+05
3.1888e+05
3.1856e+05
3.1829e+05
3.1808e+05
3.1793e+05
3.1784e+05
3.1782e+05
3.1786e+05
3.1797e+05
3.1815e+05
3.184e+05
3.1872e+05
3.1911e+05
3.1957e+05
3.201e+05
3.2071e+05
3.2139e+05
3.2215e+05
3.2297e+05
3.2387e+05
3.2484e+05
3.2588e+05
3.2699e+05
3.2817e+05
3.2942e+05
3.3073e+05
3.321e+05
3.3354e+05
3.3503e+05
3.3659e+05
3.3819e+05
3.3985e+05
3.4156e+05
3.4332e+05
3.4512e+05
3.4696e+05
3.4884e+05
3.5075e+05
3.5269e+05
3.5467e+05
3.5666e+05
3.5868e+05
3.6071e+05
3.6276e+05
3.6481e+05
3.6688e+05
3.6894e+05
3.71e+05
3.7305e+05
3.751e+05
3.7713e+05
3.7914e+05
3.8113e+05
3.831e+05
3.8503e+05
3.8693e+05
3.888e+05
3.9062e+05
3.924e+05
3.9413e+05
3.9581e+05
3.9743e+05
3.9899e+05
4.0049e+05
4.0193e+05
4.0329e+05
4.0458e+05
4.058e+05
4.0695e+05
4.0801e+05
4.0898e+05
4.0988e+05
4.1068e+05
4.114e+05
4.1202e+05
4.1255e+05
4.1298e+05
4.1332e+05
4.1356e+05
4.137e+05
4.1374e+05
4.1367e+05
4.1351e+05
4.1323e+05
4.1286e+05
4.1238e+05
4.118e+05
4.1111e+05
4.1032e+05
4.0942e+05
4.0842e+05
4.0732e+05
4.0611e+05
4.0481e+05
4.034e+05
4.0189e+05
4.0029e+05
3.9859e+05
3.9679e+05
3.949e+05
3.9292e+05
3.9085e+05
3.8869e+05
3.8645e+05
3.8413e+05
3.8172e+05
3.7924e+05
3.7668e+05
3.7405e+05
3.7134e+05
3.6857e+05
3.6574e+05
3.6285e+05
3.5989e+05
3.5689e+05
3.5383e+05
3.5072e+05
3.4756e+05
3.4437e+05
3.4113e+05
3.3786e+05
3.3455e+05
3.3122e+05
3.2786e+05
3.2447e+05
3.2107e+05
3.1765e+05
3.1421e+05
3.1077e+05
3.0732e+05
3.0386e+05
3.004e+05
2.9695e+05
2.9349e+05
2.9005e+05
2.8662e+05
2.832e+05
2.7979e+05
2.764e+05
2.7304e+05
2.6969e+05
2.6637e+05
2.6308e+05
2.5982e+05
2.5659e+05
2.5339e+05
2.5022e+05
2.4709e+05
2.44e+05
2.4095e+05
2.3794e+05
2.3497e+05
2.3204e+05
2.2916e+05
2.2632e+05
2.2353e+05
2.2078e+05
2.1807e+05
2.1542e+05
2.128e+05
2.1024e+05
2.0772e+05
2.0525e+05
2.0282e+05
2.0044e+05
1.9811e+05
1.9581e+05
1.9357e+05
1.9136e+05
1.892e+05
1.8708e+05
1.8499e+05
1.8295e+05
1.8095e+05
1.7898e+05
1.7704e+05
1.7514e+05
1.7327e+05
1.7143e+05
1.6962e+05
1.6783e+05
1.6607e+05
1.6434e+05
1.6262e+05
1.6093e+05
1.5925e+05
1.5759e+05
1.5594e+05
1.543e+05
1.5267e+05
1.5105e+05
1.4944e+05
1.4783e+05
1.4622e+05
1.4461e+05
1.43e+05
1.4139e+05
1.3977e+05
1.3814e+05
1.365e+05
1.3486e+05
1.332e+05
1.3153e+05
1.2984e+05
1.2813e+05
1.2641e+05
1.2467e+05
1.2291e+05
1.2112e+05
1.1932e+05
1.1749e+05
1.1564e+05
1.1376e+05
1.1185e+05
1.0992e+05
1.0797e+05
1.0598e+05
1.0398e+05
1.0194e+05
99878
97790
95676
93536
91372
89184
86973
84740
82486
80212
77920
75611
73288
70951
68603
66245
63880
61511
59139
56767
54397
52034
49678
47334
45004
42691
40400
38132
35892
33683
31509
29373
27279
25231
23233
21289
19402
17577
15818
14128
12513
10976
9520.9
8152.7
6875.2
5692.6
4609.2
3629
2756.3
1995.3
1349.9
824.31
422.57
148.65
6.5014
0
132.97
409.16
832.24
1405.8
2133.4
3018.4
4064.2
5273.9
6650.8
8197.7
9917.6
11813
13887
16142
18580
21204
24016
27016
30209
33594
37174
40949
44922
49092
53461
58030
62799
67767
72937
78306
83875
89644
95613
1.0178e+05
1.0814e+05
1.147e+05
1.2146e+05
1.284e+05
1.3554e+05
1.4287e+05
1.5039e+05
1.5809e+05
1.6597e+05
1.7404e+05
1.8228e+05
1.907e+05
1.9928e+05
2.0804e+05
2.1696e+05
2.2604e+05
2.3527e+05
2.4466e+05
2.542e+05
2.6388e+05
2.737e+05
2.8366e+05
2.9374e+05
3.0395e+05
3.1429e+05
3.2473e+05
3.3529e+05
3.4595e+05
3.567e+05
3.6756e+05
3.7849e+05
3.8951e+05
4.006e+05
4.1177e+05
4.2299e+05
4.3427e+05
4.456e+05
4.5697e+05
4.6838e+05
4.7982e+05
4.9128e+05
5.0276e+05
5.1425e+05
5.2574e+05
5.3723e+05
5.487e+05
5.6016e+05
5.7159e+05
5.83e+05
5.9436e+05
6.0568e+05
6.1694e+05
6.2815e+05
6.3928e+05
6.5035e+05
6.6133e+05
6.7223e+05
6.8304e+05
6.9374e+05
7.0434e+05
7.1482e+05
7.2518e+05
7.3542e+05
7.4552e+05
7.5548e+05
7.653e+05
7.7496e+05
7.8447e+05
7.9382e+05
8.0299e+05
8.1199e+05
8.2081e+05
8.2944e+05
8.3788e+05
8.4613e+05
8.5417e+05
8.6201e+05
8.6964e+05
8.7705e+05
8.8424e+05
8.9121e+05
8.9794e+05
9.0445e+05
9.1072e+05
9.1675e+05
9.2254e+05
9.2808e+05
9.3337e+05
9.384e+05
9.4319e+05
9.4771e+05
9.5198e+05
9.5598e+05
9.5972e+05
9.632e+05
9.6641e+05
9.6934e+05
9.7201e+05
9.7441e+05
9.7654e+05
9.7839e+05
9.7997e+05
9.8128e+05
9.8231e+05
9.8307e+05
9.8356e+05
9.8378e+05
9.8372e+05
9.834e+05
9.828e+05
9.8194e+05
9.8081e+05
9.7941e+05
9.7775e+05
9.7583e+05
9.7365e+05
9.7122e+05
9.6853e+05
9.6558e+05
9.6239e+05
9.5895e+05
9.5527e+05
9.5135e+05
9.4719e+05
9.428e+05
9.3817e+05
9.3333e+05
9.2826e+05
9.2297e+05
9.1747e+05
9.1176e+05
9.0584e+05
8.9973e+05
8.9342e+05
8.8691e+05
8.8022e+05
8.7335e+05
8.6631e+05
8.5909e+05
8.517e+05
8.4415e+05
8.3645e+05
8.286e+05
8.206e+05
8.1246e+05
8.0419e+05
7.9578e+05
7.8726e+05
7.7862e+05
7.6986e+05
7.61e+05
7.5204e+05
7.4298e+05
7.3383e+05
7.246e+05
7.1529e+05
7.0591e+05
6.9646e+05
6.8695e+05
6.7738e+05
6.6776e+05
6.581e+05
6.484e+05
6.3867e+05
6.2891e+05
6.1913e+05
6.0933e+05
5.9951e+05
5.897e+05
5.7988e+05
5.7006e+05
5.6025e+05
5.5046e+05
5.4069e+05
5.3094e+05
5.2122e+05
5.1153e+05
5.0188e+05
4.9227e+05
4.8271e+05
4.732e+05
4.6374e+05
4.5435e+05
4.4502e+05
4.3575e+05
4.2656e+05
4.1744e+05
4.0841e+05
3.9945e+05
3.9058e+05
3.818e+05
3.7311e+05
3.6452e+05
3.5602e+05
3.4763e+05
3.3934e+05
3.3116e+05
3.2308e+05
3.1512e+05
3.0727e+05
2.9954e+05
2.9192e+05
2.8443e+05
2.7705e+05
2.698e+05
2.6267e+05
2.5567e+05
2.488e+05
2.4205e+05
2.3544e+05
2.2895e+05
2.226e+05
2.1638e+05
2.1029e+05
2.0433e+05
1.9851e+05
1.9282e+05
1.8726e+05
1.8184e+05
1.7656e+05
1.7141e+05
1.6639e+05
1.615e+05
1.5675e+05
1.5213e+05
1.4764e+05
1.4328e+05
1.3905e+05
1.3495e+05
1.3098e+05
1.2714e+05
1.2342e+05
1.1983e+05
1.1636e+05
1.1302e+05
1.0979e+05
1.0669e+05
1.037e+05
1.0083e+05
98069
95424
92890
90465
88147
85934
83825
81817
79907
78095
76378
74753
73219
71773
70413
69137
67942
66827
65788
64824
63931
63109
62354
61665
61038
60471
59963
59510
59111
58763
58463
58211
58002
57836
57709
57620
57567
57546
57557
57597
57664
57756
57871
58007
58162
58335
58522
58723
58936
59159
59391
59629
59872
60118
60367
60616
60864
61111
61353
61591
61822
62047
62263
62469
62665
62850
63022
63180
63325
63454
63568
63665
63745
63807
63851
63877
63883
63869
63835
63780
63705
63609
63491
63353
63192
63010
62806
62581
62334
62065
61774
61462
61129
60775
60400
60004
59587
59151
58694
58219
57724
57210
56679
56129
55562
54979
54379
53763
