5.4506e+05
5.511e+05
5.5699e+05
5.6271e+05
5.6827e+05
5.7367e+05
5.789e+05
5.8395e+05
5.8884e+05
5.9354e+05
5.9807e+05
6.0241e+05
6.0658e+05
6.1056e+05
6.1435e+05
6.1796e+05
6.2138e+05
6.2461e+05
6.2766e+05
6.3051e+05
6.3318e+05
6.3566e+05
6.3795e+05
6.4006e+05
6.4197e+05
6.437e+05
6.4524e+05
6.466e+05
6.4778e+05
6.4877e+05
6.4959e+05
6.5023e+05
6.5069e+05
6.5098e+05
6.5109e+05
6.5104e+05
6.5082e+05
6.5044e+05
6.499e+05
6.492e+05
6.4835e+05
6.4735e+05
6.462e+05
6.449e+05
6.4347e+05
6.419e+05
6.402e+05
6.3837e+05
6.3642e+05
6.3435e+05
6.3216e+05
6.2986e+05
6.2746e+05
6.2495e+05
6.2235e+05
6.1965e+05
6.1687e+05
6.1401e+05
6.1106e+05
6.0805e+05
6.0496e+05
6.0181e+05
5.9861e+05
5.9535e+05
5.9204e+05
5.8869e+05
5.853e+05
5.8188e+05
5.7843e+05
5.7496e+05
5.7147e+05
5.6797e+05
5.6446e+05
5.6094e+05
5.5743e+05
5.5393e+05
5.5043e+05
5.4695e+05
5.4349e+05
5.4006e+05
5.3666e+05
5.3329e+05
5.2996e+05
5.2667e+05
5.2342e+05
5.2023e+05
5.171e+05
5.1402e+05
5.11e+05
5.0805e+05
5.0517e+05
5.0237e+05
4.9964e+05
4.9699e+05
4.9442e+05
4.9193e+05
4.8954e+05
4.8723e+05
4.8502e+05
4.829e+05
4.8088e+05
4.7896e+05
4.7714e+05
4.7543e+05
4.7382e+05
4.7232e+05
4.7092e+05
4.6963e+05
4.6845e+05
4.6738e+05
4.6643e+05
4.6558e+05
4.6485e+05
4.6423e+05
4.6372e+05
4.6332e+05
4.6303e+05
4.6286e+05
4.6279e+05
4.6284e+05
4.6299e+05
4.6326e+05
4.6362e+05
4.641e+05
4.6468e+05
4.6536e+05
4.6614e+05
4.6701e+05
4.6799e+05
4.6906e+05
4.7022e+05
4.7147e+05
4.7281e+05
4.7423e+05
4.7574e+05
4.7732e+05
4.7898e+05
4.8071e+05
4.8251e+05
4.8438e+05
4.8631e+05
4.8829e+05
4.9034e+05
4.9244e+05
4.9458e+05
4.9677e+05
4.99e+05
5.0127e+05
5.0358e+05
5.0591e+05
5.0826e+05
5.1064e+05
5.1304e+05
5.1544e+05
5.1786e+05
5.2028e+05
5.2271e+05
5.2512e+05
5.2754e+05
5.2993e+05
5.3232e+05
5.3468e+05
5.3702e+05
5.3932e+05
5.416e+05
5.4384e+05
5.4604e+05
5.4819e+05
5.5029e+05
5.5235e+05
5.5434e+05
5.5627e+05
5.5814e+05
5.5994e+05
5.6167e+05
5.6332e+05
5.6489e+05
5.6638e+05
5.6779e+05
5.691e+05
5.7033e+05
5.7145e+05
5.7248e+05
5.7341e+05
5.7423e+05
5.7495e+05
5.7555e+05
5.7605e+05
5.7642e+05
5.7668e+05
5.7683e+05
5.7684e+05
5.7674e+05
5.7651e+05
5.7616e+05
5.7567e+05
5.7506e+05
5.7431e+05
5.7343e+05
5.7241e+05
5.7127e+05
5.6998e+05
5.6856e+05
5.67e+05
5.653e+05
5.6347e+05
5.6149e+05
5.5938e+05
5.5713e+05
5.5474e+05
5.5222e+05
5.4955e+05
5.4675e+05
5.4381e+05
5.4073e+05
5.3752e+05
5.3418e+05
5.307e+05
5.2709e+05
5.2336e+05
5.1949e+05
5.155e+05
5.1138e+05
5.0713e+05
5.0277e+05
4.9829e+05
4.9368e+05
4.8897e+05
4.8414e+05
4.792e+05
4.7416e+05
4.6901e+05
4.6376e+05
4.584e+05
4.5296e+05
4.4742e+05
4.4179e+05
4.3607e+05
4.3027e+05
4.244e+05
4.1844e+05
4.1241e+05
4.0632e+05
4.0015e+05
3.9393e+05
3.8765e+05
3.8132e+05
3.7493e+05
3.685e+05
3.6203e+05
3.5552e+05
3.4898e+05
3.4241e+05
3.3581e+05
3.2919e+05
3.2256e+05
3.1591e+05
3.0925e+05
3.026e+05
2.9594e+05
2.8929e+05
2.8265e+05
2.7602e+05
2.6941e+05
2.6283e+05
2.5627e+05
2.4974e+05
2.4325e+05
2.3681e+05
2.304e+05
2.2405e+05
2.1775e+05
2.1151e+05
2.0533e+05
1.9922e+05
1.9319e+05
1.8722e+05
1.8134e+05
1.7554e+05
1.6983e+05
1.6422e+05
1.5869e+05
1.5327e+05
1.4796e+05
1.4275e+05
1.3765e+05
1.3268e+05
1.2782e+05
1.2308e+05
1.1847e+05
1.1399e+05
1.0964e+05
1.0544e+05
1.0137e+05
97445
93668
90040
86566
83248
80088
77089
74254
71585
69085
66756
64601
62620
60818
59194
57752
56492
55417
54528
53826
53313
52989
52856
52915
53167
53612
54250
55083
56111
57333
58751
60364
62172
64175
66373
68764
71350
74128
77099
80260
83613
87154
90884
94800
98902
1.0319e+05
1.0765e+05
1.123e+05
1.1713e+05
1.2213e+05
1.2731e+05
1.3266e+05
1.3818e+05
1.4387e+05
1.4972e+05
1.5574e+05
1.6192e+05
1.6825e+05
1.7474e+05
1.8138e+05
1.8818e+05
1.9511e+05
2.0219e+05
2.0941e+05
2.1676e+05
2.2425e+05
2.3187e+05
2.3961e+05
2.4748e+05
2.5546e+05
2.6356e+05
2.7177e+05
2.8009e+05
2.8851e+05
2.9704e+05
3.0565e+05
3.1436e+05
3.2316e+05
3.3204e+05
3.41e+05
3.5004e+05
3.5914e+05
3.6832e+05
3.7755e+05
3.8685e+05
3.962e+05
4.0559e+05
4.1504e+05
4.2452e+05
4.3404e+05
4.4359e+05
4.5317e+05
4.6278e+05
4.724e+05
4.8204e+05
4.9169e+05
5.0134e+05
5.1099e+05
5.2065e+05
5.3029e+05
5.3992e+05
5.4954e+05
5.5914e+05
5.6871e+05
5.7825e+05
5.8776e+05
5.9723e+05
6.0667e+05
6.1605e+05
6.2539e+05
6.3467e+05
6.439e+05
6.5307e+05
6.6217e+05
6.712e+05
6.8016e+05
6.8904e+05
6.9784e+05
7.0656e+05
7.1519e+05
7.2373e+05
7.3218e+05
7.4053e+05
7.4878e+05
7.5692e+05
7.6496e+05
7.7288e+05
7.807e+05
7.8839e+05
7.9597e+05
8.0343e+05
8.1076e+05
8.1797e+05
8.2504e+05
8.3199e+05
8.3879e+05
8.4547e+05
8.52e+05
8.5839e+05
8.6464e+05
8.7074e+05
8.767e+05
8.825e+05
8.8816e+05
8.9366e+05
8.9901e+05
9.0421e+05
9.0925e+05
9.1413e+05
9.1885e+05
9.234e+05
9.278e+05
9.3204e+05
9.3611e+05
9.4002e+05
9.4376e+05
9.4733e+05
9.5074e+05
9.5399e+05
9.5706e+05
9.5997e+05
9.6271e+05
9.6528e+05
9.6769e+05
9.6992e+05
9.7199e+05
9.7389e+05
9.7562e+05
9.7718e+05
9.7858e+05
9.7981e+05
9.8087e+05
9.8177e+05
9.825e+05
9.8306e+05
9.8346e+05
9.837e+05
9.8378e+05
9.8369e+05
9.8344e+05
9.8304e+05
9.8247e+05
9.8175e+05
9.8087e+05
9.7983e+05
9.7865e+05
9.773e+05
9.7581e+05
9.7417e+05
9.7238e+05
9.7044e+05
9.6836e+05
9.6613e+05
9.6376e+05
9.6125e+05
9.586e+05
9.5582e+05
9.529e+05
9.4984e+05
9.4666e+05
9.4334e+05
9.399e+05
9.3633e+05
9.3263e+05
9.2882e+05
9.2488e+05
9.2083e+05
9.1666e+05
9.1237e+05
9.0798e+05
9.0347e+05
8.9886e+05
8.9414e+05
8.8932e+05
8.844e+05
8.7937e+05
8.7426e+05
8.6904e+05
8.6374e+05
8.5834e+05
8.5286e+05
8.4729e+05
8.4164e+05
8.359e+05
8.3009e+05
8.242e+05
8.1824e+05
8.122e+05
8.061e+05
7.9992e+05
7.9369e+05
7.8739e+05
7.8103e+05
7.7461e+05
7.6813e+05
7.616e+05
7.5502e+05
7.4839e+05
7.4172e+05
7.3499e+05
7.2823e+05
7.2143e+05
7.1459e+05
7.0771e+05
7.008e+05
6.9385e+05
6.8688e+05
6.7988e+05
6.7286e+05
6.6581e+05
6.5875e+05
6.5166e+05
6.4456e+05
6.3745e+05
6.3032e+05
6.2318e+05
6.1603e+05
6.0888e+05
6.0172e+05
5.9457e+05
5.8741e+05
5.8025e+05
5.731e+05
5.6595e+05
5.5881e+05
5.5168e+05
5.4456e+05
5.3746e+05
5.3036e+05
5.2329e+05
5.1623e+05
5.092e+05
5.0218e+05
4.9519e+05
4.8822e+05
4.8128e+05
4.7437e+05
4.6749e+05
4.6064e+05
4.5382e+05
4.4703e+05
4.4028e+05
4.3357e+05
4.2689e+05
4.2026e+05
4.1366e+05
4.0711e+05
4.006e+05
3.9414e+05
3.8772e+05
3.8134e+05
3.7502e+05
3.6874e+05
3.6252e+05
3.5634e+05
3.5022e+05
3.4415e+05
3.3813e+05
3.3217e+05
3.2626e+05
3.2041e+05
3.1461e+05
3.0888e+05
3.032e+05
2.9758e+05
2.9201e+05
2.8651e+05
2.8107e+05
2.7569e+05
2.7037e+05
2.6512e+05
2.5992e+05
2.5479e+05
2.4972e+05
2.4472e+05
2.3978e+05
2.349e+05
2.3008e+05
2.2533e+05
2.2065e+05
2.1603e+05
2.1147e+05
2.0698e+05
2.0255e+05
1.9818e+05
1.9388e+05
1.8965e+05
1.8548e+05
1.8137e+05
1.7732e+05
1.7334e+05
1.6943e+05
1.6557e+05
1.6178e+05
1.5806e+05
1.5439e+05
1.5079e+05
1.4724e+05
1.4376e+05
1.4034e+05
1.3698e+05
1.3368e+05
1.3044e+05
1.2726e+05
1.2414e+05
1.2108e+05
1.1807e+05
1.1512e+05
1.1223e+05
1.0939e+05
1.066e+05
1.0388e+05
1.012e+05
98583
96015
93499
91035
88622
86259
83946
81681
79464
77295
75173
73097
71066
69080
67138
65239
63383
61568
59795
58062
56369
54716
53100
51522
49981
48477
47008
45574
44174
42808
41475
40174
38905
37666
36458
35280
34131
33010
31917
30851
29812
28799
27812
26849
25911
24997
24105
23237
22391
21566
20762
19979
19217
18474
17750
17044
16357
15688
15036
14401
13783
13180
12594
12022
11465
10923
10395
9880.4
9379.3
8891.2
8415.7
7952.5
7501.2
7061.6
6633.3
6216
5809.3
5413.1
5026.9
4650.5
4283.6
3925.9
3577.2
3237.2
2905.6
2582.2
2266.8
1959
1658.6
1365.5
1079.3
799.9
527.02
260.45
0
