15045
18702
22591
26705
31037
35583
40333
45280
50416
55733
61221
66870
72672
78616
84691
90887
97194
1.036e+05
1.1009e+05
1.1666e+05
1.233e+05
1.2998e+05
1.3671e+05
1.4347e+05
1.5024e+05
1.5703e+05
1.638e+05
1.7056e+05
1.7729e+05
1.8398e+05
1.9061e+05
1.9719e+05
2.0369e+05
2.101e+05
2.1642e+05
2.2263e+05
2.2873e+05
2.347e+05
2.4054e+05
2.4624e+05
2.5178e+05
2.5716e+05
2.6237e+05
2.6741e+05
2.7227e+05
2.7693e+05
2.814e+05
2.8567e+05
2.8973e+05
2.9358e+05
2.9721e+05
3.0062e+05
3.0381e+05
3.0678e+05
3.0951e+05
3.1201e+05
3.1428e+05
3.1631e+05
3.1811e+05
3.1967e+05
3.21e+05
3.221e+05
3.2296e+05
3.2359e+05
3.2399e+05
3.2416e+05
3.2411e+05
3.2384e+05
3.2335e+05
3.2265e+05
3.2174e+05
3.2062e+05
3.1931e+05
3.178e+05
3.161e+05
3.1422e+05
3.1216e+05
3.0993e+05
3.0754e+05
3.0499e+05
3.0229e+05
2.9945e+05
2.9648e+05
2.9338e+05
2.9016e+05
2.8683e+05
2.8339e+05
2.7986e+05
2.7625e+05
2.7255e+05
2.6879e+05
2.6496e+05
2.6108e+05
2.5715e+05
2.5319e+05
2.492e+05
2.4519e+05
2.4116e+05
2.3714e+05
2.3311e+05
2.291e+05
2.251e+05
2.2114e+05
2.172e+05
2.1331e+05
2.0947e+05
2.0568e+05
2.0196e+05
1.983e+05
1.9472e+05
1.9122e+05
1.8781e+05
1.8449e+05
1.8126e+05
1.7814e+05
1.7513e+05
1.7223e+05
1.6944e+05
1.6678e+05
1.6423e+05
1.6182e+05
1.5953e+05
1.5738e+05
1.5536e+05
1.5348e+05
1.5174e+05
1.5014e+05
1.4868e+05
1.4736e+05
1.4618e+05
1.4515e+05
1.4426e+05
1.4351e+05
1.429e+05
1.4243e+05
1.421e+05
1.4191e+05
1.4186e+05
1.4194e+05
1.4214e+05
1.4248e+05
1.4294e+05
1.4352e+05
1.4423e+05
1.4504e+05
1.4597e+05
1.47e+05
1.4813e+05
1.4937e+05
1.5069e+05
1.521e+05
1.536e+05
1.5517e+05
1.5681e+05
1.5853e+05
1.603e+05
1.6213e+05
1.64e+05
1.6592e+05
1.6788e+05
1.6988e+05
1.7189e+05
1.7393e+05
1.7598e+05
1.7804e+05
1.8011e+05
1.8217e+05
1.8422e+05
1.8625e+05
1.8827e+05
1.9025e+05
1.9221e+05
1.9413e+05
1.9601e+05
1.9784e+05
1.9962e+05
2.0134e+05
2.03e+05
2.046e+05
2.0612e+05
2.0757e+05
2.0895e+05
2.1024e+05
2.1145e+05
2.1257e+05
2.136e+05
2.1453e+05
2.1537e+05
2.1612e+05
2.1676e+05
2.173e+05
2.1774e+05
2.1808e+05
2.1831e+05
2.1843e+05
2.1845e+05
2.1836e+05
2.1817e+05
2.1787e+05
2.1746e+05
2.1695e+05
2.1634e+05
2.1562e+05
2.1481e+05
2.1389e+05
2.1287e+05
2.1176e+05
2.1056e+05
2.0926e+05
2.0788e+05
2.0641e+05
2.0485e+05
2.0321e+05
2.015e+05
1.9971e+05
1.9785e+05
1.9592e+05
1.9392e+05
1.9187e+05
1.8975e+05
1.8758e+05
1.8536e+05
1.8309e+05
1.8077e+05
1.7841e+05
1.7601e+05
1.7358e+05
1.7112e+05
1.6863e+05
1.6611e+05
1.6357e+05
1.6102e+05
1.5844e+05
1.5586e+05
1.5326e+05
1.5065e+05
1.4804e+05
1.4543e+05
1.4282e+05
1.4021e+05
1.376e+05
1.35e+05
1.324e+05
1.2982e+05
1.2724e+05
1.2468e+05
1.2213e+05
1.196e+05
1.1708e+05
1.1458e+05
1.121e+05
1.0963e+05
1.0718e+05
1.0476e+05
1.0235e+05
99959
97592
95244
92917
90610
88323
86057
83811
81584
79377
77190
75022
72873
70742
68630
66537
64462
62405
60366
58346
56343
54359
52393
50446
48518
46610
44721
42853
41006
39182
37380
35602
33849
32122
30422
28750
27109
25499
23922
22379
20872
19403
17974
16586
15242
13942
12689
11485
10331
9230.1
8183.1
7192.1
6258.7
5384.7
4571.5
3820.9
3134
2512.3
1956.9
1469
1049.5
699.13
418.6
208.38
68.798
0
1.9426
74.395
216.93
428.92
709.52
1057.7
1472.2
1951.5
2494
3097.7
3760.6
4480.3
5254.2
6079.7
6953.7
7873.1
8834.7
9834.8
10870
11936
13029
14145
15280
16429
17587
18751
19916
21077
22228
23366
24486
25583
26653
27689
28690
29649
30562
31426
32235
32988
33679
34305
34864
35352
35766
36105
36366
36548
36649
36669
36606
36461
36234
35925
35535
35066
34521
33901
33208
32448
31623
30737
29795
28803
27766
26690
25582
24449
23297
22136
20973
19817
18676
17561
16480
15445
14465
13551
12713
11963
11313
10773
10355
10071
9932.6
9951.9
10141
10510
11073
11841
12826
14038
15489
17191
19154
21389
23906
26715
29825
33246
36986
41053
45455
50200
55294
60742
66550
72724
79267
86182
93472
1.0114e+05
1.0918e+05
1.1761e+05
1.2641e+05
1.3559e+05
1.4515e+05
1.5508e+05
1.6538e+05
1.7604e+05
1.8707e+05
1.9844e+05
2.1017e+05
2.2224e+05
2.3464e+05
2.4736e+05
2.6039e+05
2.7373e+05
2.8736e+05
3.0127e+05
3.1544e+05
3.2987e+05
3.4453e+05
3.5942e+05
3.7452e+05
3.8981e+05
4.0528e+05
4.209e+05
4.3667e+05
4.5256e+05
4.6855e+05
4.8463e+05
5.0077e+05
5.1696e+05
5.3318e+05
5.494e+05
5.6561e+05
5.8178e+05
5.979e+05
6.1394e+05
6.2988e+05
6.457e+05
6.6138e+05
6.7691e+05
6.9225e+05
7.0739e+05
7.223e+05
7.3698e+05
7.5139e+05
7.6552e+05
7.7935e+05
7.9286e+05
8.0602e+05
8.1884e+05
8.3128e+05
8.4332e+05
8.5496e+05
8.6618e+05
8.7696e+05
8.8729e+05
8.9715e+05
9.0653e+05
9.1542e+05
9.238e+05
9.3167e+05
9.3902e+05
9.4583e+05
9.521e+05
9.5783e+05
9.6299e+05
9.6759e+05
9.7163e+05
9.751e+05
9.7799e+05
9.803e+05
9.8204e+05
9.832e+05
9.8377e+05
9.8378e+05
9.832e+05
9.8206e+05
9.8034e+05
9.7807e+05
9.7523e+05
9.7184e+05
9.6791e+05
9.6344e+05
9.5843e+05
9.5291e+05
9.4688e+05
9.4035e+05
9.3333e+05
9.2583e+05
9.1787e+05
9.0946e+05
9.006e+05
8.9133e+05
8.8165e+05
8.7157e+05
8.6111e+05
8.5029e+05
8.3912e+05
8.2762e+05
8.158e+05
8.0369e+05
7.913e+05
7.7864e+05
7.6574e+05
7.5261e+05
7.3927e+05
7.2574e+05
7.1203e+05
6.9816e+05
6.8415e+05
6.7003e+05
6.5579e+05
6.4147e+05
6.2708e+05
6.1263e+05
5.9815e+05
5.8364e+05
5.6913e+05
5.5463e+05
5.4016e+05
5.2573e+05
5.1136e+05
4.9706e+05
4.8284e+05
4.6873e+05
4.5472e+05
4.4084e+05
4.2709e+05
4.135e+05
4.0006e+05
3.868e+05
3.7372e+05
3.6082e+05
3.4813e+05
3.3565e+05
3.2338e+05
3.1134e+05
2.9953e+05
2.8795e+05
2.7663e+05
2.6555e+05
2.5473e+05
2.4416e+05
2.3386e+05
2.2383e+05
2.1407e+05
2.0458e+05
1.9536e+05
1.8642e+05
1.7775e+05
1.6937e+05
1.6125e+05
1.5342e+05
1.4586e+05
1.3858e+05
1.3157e+05
1.2483e+05
1.1837e+05
1.1216e+05
1.0622e+05
1.0055e+05
95123
89953
85031
80353
75914
71709
67734
63982
60448
57127
54012
51098
48379
45849
43501
41330
39328
37489
35808
34277
32890
31641
30524
29532
28658
27898
27243
26690
26230
25859
25571
25360
25220
25147
25134
25177
25270
25410
25590
25807
26055
26332
26632
26953
27289
27638
27996
28359
28726
29092
29456
29814
30164
30503
30831
31144
31442
31721
31982
32222
32440
32636
32808
32956
33078
33175
33246
33290
33307
33298
33262
33200
33111
32995
32854
32688
32496
32280
32040
31778
31492
31186
30858
30511
30145
29761
29359
28942
28510
28063
27604
27133
26651
26159
25659
25150
24636
24115
23590
23062
22531
21998
21465
20932
20400
19870
19343
18820
18301
17788
17280
16780
16286
15800
15323
14854
14395
13946
13507
13078
12661
12254
11859
11475
11103
10743
10395
10059
9734.2
9421.6
9120.7
8831.4
8553.6
8287.1
8031.7
7787.1
7553.1
7329.3
7115.4
6911
6715.9
6529.5
6351.4
6181.3
6018.6
5862.8
