5.716e+05
5.7737e+05
5.8295e+05
5.8833e+05
5.935e+05
5.9846e+05
6.0322e+05
6.0776e+05
6.1208e+05
6.1619e+05
6.2008e+05
6.2375e+05
6.272e+05
6.3043e+05
6.3344e+05
6.3622e+05
6.3878e+05
6.4112e+05
6.4324e+05
6.4513e+05
6.4681e+05
6.4827e+05
6.495e+05
6.5053e+05
6.5134e+05
6.5193e+05
6.5232e+05
6.5249e+05
6.5247e+05
6.5224e+05
6.5181e+05
6.5118e+05
6.5036e+05
6.4936e+05
6.4816e+05
6.4679e+05
6.4524e+05
6.4352e+05
6.4162e+05
6.3957e+05
6.3735e+05
6.3498e+05
6.3245e+05
6.2979e+05
6.2698e+05
6.2404e+05
6.2097e+05
6.1777e+05
6.1445e+05
6.1103e+05
6.0749e+05
6.0385e+05
6.0012e+05
5.963e+05
5.9239e+05
5.884e+05
5.8434e+05
5.8021e+05
5.7602e+05
5.7178e+05
5.6749e+05
5.6315e+05
5.5877e+05
5.5437e+05
5.4993e+05
5.4548e+05
5.4101e+05
5.3654e+05
5.3206e+05
5.2758e+05
5.2311e+05
5.1865e+05
5.1421e+05
5.098e+05
5.0541e+05
5.0106e+05
4.9675e+05
4.9248e+05
4.8826e+05
4.841e+05
4.7999e+05
4.7595e+05
4.7197e+05
4.6807e+05
4.6424e+05
4.6049e+05
4.5682e+05
4.5324e+05
4.4976e+05
4.4636e+05
4.4306e+05
4.3987e+05
4.3677e+05
4.3378e+05
4.3091e+05
4.2814e+05
4.2548e+05
4.2295e+05
4.2053e+05
4.1822e+05
4.1605e+05
4.1399e+05
4.1206e+05
4.1025e+05
4.0857e+05
4.0702e+05
4.0559e+05
4.0429e+05
4.0313e+05
4.0209e+05
4.0118e+05
4.004e+05
3.9974e+05
3.9922e+05
3.9883e+05
3.9856e+05
3.9841e+05
3.984e+05
3.985e+05
3.9873e+05
3.9908e+05
3.9955e+05
4.0014e+05
4.0084e+05
4.0166e+05
4.0259e+05
4.0363e+05
4.0478e+05
4.0603e+05
4.0738e+05
4.0884e+05
4.1039e+05
4.1203e+05
4.1377e+05
4.1559e+05
4.175e+05
4.1949e+05
4.2155e+05
4.2369e+05
4.259e+05
4.2818e+05
4.3053e+05
4.3293e+05
4.3539e+05
4.379e+05
4.4046e+05
4.4307e+05
4.4572e+05
4.484e+05
4.5112e+05
4.5386e+05
4.5663e+05
4.5942e+05
4.6223e+05
4.6505e+05
4.6788e+05
4.7071e+05
4.7355e+05
4.7638e+05
4.792e+05
4.8201e+05
4.8481e+05
4.8758e+05
4.9033e+05
4.9306e+05
4.9575e+05
4.984e+05
5.0102e+05
5.036e+05
5.0612e+05
5.086e+05
5.1102e+05
5.1338e+05
5.1569e+05
5.1792e+05
5.2009e+05
5.2219e+05
5.2421e+05
5.2616e+05
5.2802e+05
5.298e+05
5.315e+05
5.331e+05
5.3461e+05
5.3603e+05
5.3734e+05
5.3856e+05
5.3967e+05
5.4068e+05
5.4158e+05
5.4238e+05
5.4306e+05
5.4362e+05
5.4408e+05
5.4441e+05
5.4463e+05
5.4473e+05
5.447e+05
5.4455e+05
5.4428e+05
5.4389e+05
5.4337e+05
5.4272e+05
5.4195e+05
5.4104e+05
5.4001e+05
5.3885e+05
5.3756e+05
5.3614e+05
5.346e+05
5.3292e+05
5.3111e+05
5.2918e+05
5.2711e+05
5.2492e+05
5.226e+05
5.2016e+05
5.1759e+05
5.1489e+05
5.1207e+05
5.0913e+05
5.0607e+05
5.0288e+05
4.9958e+05
4.9616e+05
4.9262e+05
4.8897e+05
4.8521e+05
4.8134e+05
4.7735e+05
4.7327e+05
4.6908e+05
4.6478e+05
4.6039e+05
4.559e+05
4.5132e+05
4.4664e+05
4.4188e+05
4.3703e+05
4.3209e+05
4.2707e+05
4.2198e+05
4.1681e+05
4.1157e+05
4.0626e+05
4.0089e+05
3.9545e+05
3.8995e+05
3.844e+05
3.788e+05
3.7315e+05
3.6745e+05
3.6171e+05
3.5593e+05
3.5012e+05
3.4428e+05
3.3841e+05
3.3252e+05
3.266e+05
3.2068e+05
3.1474e+05
3.0879e+05
3.0283e+05
2.9688e+05
2.9093e+05
2.8499e+05
2.7906e+05
2.7314e+05
2.6724e+05
2.6137e+05
2.5552e+05
2.497e+05
2.4391e+05
2.3817e+05
2.3247e+05
2.2681e+05
2.212e+05
2.1565e+05
2.1015e+05
2.0471e+05
1.9934e+05
1.9404e+05
1.8881e+05
1.8366e+05
1.7858e+05
1.7359e+05
1.6869e+05
1.6387e+05
1.5915e+05
1.5453e+05
1.5e+05
1.4558e+05
1.4127e+05
1.3706e+05
1.3297e+05
1.29e+05
1.2514e+05
1.2141e+05
1.178e+05
1.1432e+05
1.1097e+05
1.0776e+05
1.0468e+05
1.0174e+05
98936
96279
93768
91404
89191
87130
85224
83473
81880
80448
79176
78068
77124
76346
75735
75293
75020
74917
74987
75228
75643
76231
76994
77932
79044
80332
81796
83436
85251
87242
89408
91749
94264
96954
99818
1.0285e+05
1.0606e+05
1.0944e+05
1.1299e+05
1.1671e+05
1.206e+05
1.2465e+05
1.2887e+05
1.3325e+05
1.3779e+05
1.425e+05
1.4736e+05
1.5239e+05
1.5756e+05
1.6289e+05
1.6837e+05
1.74e+05
1.7978e+05
1.857e+05
1.9177e+05
1.9797e+05
2.0431e+05
2.1079e+05
2.1739e+05
2.2413e+05
2.3099e+05
2.3798e+05
2.4509e+05
2.5231e+05
2.5965e+05
2.671e+05
2.7465e+05
2.8232e+05
2.9008e+05
2.9794e+05
3.059e+05
3.1395e+05
3.2208e+05
3.303e+05
3.386e+05
3.4698e+05
3.5543e+05
3.6395e+05
3.7253e+05
3.8118e+05
3.8988e+05
3.9864e+05
4.0746e+05
4.1631e+05
4.2521e+05
4.3415e+05
4.4313e+05
4.5214e+05
4.6117e+05
4.7023e+05
4.793e+05
4.884e+05
4.975e+05
5.0661e+05
5.1573e+05
5.2485e+05
5.3396e+05
5.4306e+05
5.5216e+05
5.6123e+05
5.7029e+05
5.7933e+05
5.8834e+05
5.9732e+05
6.0626e+05
6.1517e+05
6.2403e+05
6.3286e+05
6.4163e+05
6.5035e+05
6.5901e+05
6.6762e+05
6.7616e+05
6.8464e+05
6.9305e+05
7.0138e+05
7.0965e+05
7.1783e+05
7.2593e+05
7.3394e+05
7.4187e+05
7.4971e+05
7.5745e+05
7.651e+05
7.7265e+05
7.801e+05
7.8744e+05
7.9468e+05
8.0181e+05
8.0882e+05
8.1572e+05
8.2251e+05
8.2917e+05
8.3572e+05
8.4214e+05
8.4844e+05
8.5461e+05
8.6065e+05
8.6656e+05
8.7234e+05
8.7799e+05
8.835e+05
8.8887e+05
8.9411e+05
8.992e+05
9.0415e+05
9.0896e+05
9.1363e+05
9.1816e+05
9.2253e+05
9.2676e+05
9.3085e+05
9.3478e+05
9.3857e+05
9.422e+05
9.4569e+05
9.4902e+05
9.522e+05
9.5523e+05
9.5811e+05
9.6084e+05
9.6341e+05
9.6583e+05
9.6809e+05
9.702e+05
9.7216e+05
9.7397e+05
9.7562e+05
9.7712e+05
9.7847e+05
9.7966e+05
9.807e+05
9.8159e+05
9.8233e+05
9.8292e+05
9.8335e+05
9.8364e+05
9.8378e+05
9.8377e+05
9.8361e+05
9.833e+05
9.8285e+05
9.8225e+05
9.8151e+05
9.8062e+05
9.796e+05
9.7843e+05
9.7712e+05
9.7567e+05
9.7408e+05
9.7236e+05
9.7049e+05
9.685e+05
9.6637e+05
9.6411e+05
9.6172e+05
9.592e+05
9.5655e+05
9.5378e+05
9.5088e+05
9.4785e+05
9.4471e+05
9.4144e+05
9.3806e+05
9.3455e+05
9.3094e+05
9.272e+05
9.2336e+05
9.194e+05
9.1534e+05
9.1117e+05
9.0689e+05
9.0251e+05
8.9803e+05
8.9345e+05
8.8876e+05
8.8399e+05
8.7911e+05
8.7415e+05
8.6909e+05
8.6395e+05
8.5871e+05
8.534e+05
8.48e+05
8.4251e+05
8.3695e+05
8.3131e+05
8.256e+05
8.1981e+05
8.1395e+05
8.0802e+05
8.0202e+05
7.9596e+05
7.8983e+05
7.8365e+05
7.774e+05
7.711e+05
7.6474e+05
7.5832e+05
7.5186e+05
7.4534e+05
7.3878e+05
7.3217e+05
7.2552e+05
7.1883e+05
7.121e+05
7.0533e+05
6.9853e+05
6.9169e+05
6.8483e+05
6.7793e+05
6.71e+05
6.6406e+05
6.5708e+05
6.5009e+05
6.4308e+05
6.3605e+05
6.29e+05
6.2194e+05
6.1487e+05
6.0779e+05
6.007e+05
5.936e+05
5.865e+05
5.794e+05
5.723e+05
5.652e+05
5.5811e+05
5.5101e+05
5.4393e+05
5.3685e+05
5.2978e+05
5.2273e+05
5.1569e+05
5.0866e+05
5.0165e+05
4.9466e+05
4.8769e+05
4.8074e+05
4.7382e+05
4.6691e+05
4.6004e+05
4.5319e+05
4.4637e+05
4.3958e+05
4.3283e+05
4.261e+05
4.1942e+05
4.1276e+05
4.0615e+05
3.9957e+05
3.9303e+05
3.8653e+05
3.8008e+05
3.7366e+05
3.673e+05
3.6097e+05
3.5469e+05
3.4846e+05
3.4228e+05
3.3615e+05
3.3007e+05
3.2403e+05
3.1805e+05
3.1212e+05
3.0625e+05
3.0043e+05
2.9466e+05
2.8895e+05
2.833e+05
2.777e+05
2.7216e+05
2.6667e+05
2.6125e+05
2.5588e+05
2.5058e+05
2.4533e+05
2.4014e+05
2.3502e+05
2.2995e+05
2.2495e+05
2.2001e+05
2.1513e+05
2.1031e+05
2.0555e+05
2.0086e+05
1.9623e+05
1.9166e+05
1.8716e+05
1.8272e+05
1.7834e+05
1.7402e+05
1.6977e+05
1.6558e+05
1.6145e+05
1.5739e+05
1.5339e+05
1.4945e+05
1.4557e+05
1.4176e+05
1.3801e+05
1.3432e+05
1.3069e+05
1.2713e+05
1.2362e+05
1.2018e+05
1.168e+05
1.1348e+05
1.1022e+05
1.0702e+05
1.0388e+05
1.008e+05
97774
94809
91903
89055
86264
83530
80852
78231
75665
73153
70697
68294
65945
63649
61406
59215
57075
54986
52947
50958
49019
47128
45285
43490
41742
40040
38384
36774
35208
33686
32208
30772
29379
28027
26716
25446
24216
23025
21872
20758
19681
18640
17636
16667
15734
14834
13969
13136
12336
11567
10830
10123
9446.9
8799.7
8181.3
7591
7028.3
6492.5
5983
5499.3
5040.6
4606.4
4196.2
3809.2
3445
3102.8
2782.1
2482.4
2203
1943.2
1702.7
1480.7
1276.6
1090
920.12
766.52
628.59
505.77
397.49
303.18
222.3
154.28
98.59
54.671
21.987
0
