6.4972e+05
6.5552e+05
6.6126e+05
6.6693e+05
6.7254e+05
6.781e+05
6.8362e+05
6.8909e+05
6.9453e+05
6.9994e+05
7.0532e+05
7.1068e+05
7.1602e+05
7.2134e+05
7.2665e+05
7.3195e+05
7.3724e+05
7.4253e+05
7.4781e+05
7.5309e+05
7.5837e+05
7.6364e+05
7.6892e+05
7.7419e+05
7.7946e+05
7.8472e+05
7.8998e+05
7.9524e+05
8.0049e+05
8.0573e+05
8.1096e+05
8.1617e+05
8.2137e+05
8.2655e+05
8.317e+05
8.3683e+05
8.4193e+05
8.47e+05
8.5203e+05
8.5702e+05
8.6197e+05
8.6687e+05
8.7172e+05
8.7651e+05
8.8125e+05
8.8592e+05
8.9052e+05
8.9505e+05
8.995e+05
9.0388e+05
9.0817e+05
9.1238e+05
9.165e+05
9.2052e+05
9.2444e+05
9.2826e+05
9.3198e+05
9.3559e+05
9.3908e+05
9.4247e+05
9.4573e+05
9.4888e+05
9.519e+05
9.548e+05
9.5757e+05
9.6021e+05
9.6272e+05
9.6509e+05
9.6733e+05
9.6944e+05
9.714e+05
9.7322e+05
9.749e+05
9.7644e+05
9.7783e+05
9.7908e+05
9.8018e+05
9.8114e+05
9.8195e+05
9.8261e+05
9.8312e+05
9.8349e+05
9.8371e+05
9.8378e+05
9.837e+05
9.8347e+05
9.831e+05
9.8258e+05
9.8191e+05
9.811e+05
9.8014e+05
9.7904e+05
9.7779e+05
9.764e+05
9.7487e+05
9.732e+05
9.7139e+05
9.6944e+05
9.6735e+05
9.6513e+05
9.6278e+05
9.6029e+05
9.5767e+05
9.5492e+05
9.5205e+05
9.4905e+05
9.4593e+05
9.4268e+05
9.3932e+05
9.3583e+05
9.3224e+05
9.2852e+05
9.247e+05
9.2077e+05
9.1673e+05
9.1259e+05
9.0835e+05
9.04e+05
8.9956e+05
8.9503e+05
8.904e+05
8.8569e+05
8.8088e+05
8.76e+05
8.7103e+05
8.6599e+05
8.6087e+05
8.5567e+05
8.5041e+05
8.4508e+05
8.3968e+05
8.3422e+05
8.2871e+05
8.2314e+05
8.1751e+05
8.1184e+05
8.0611e+05
8.0035e+05
7.9454e+05
7.8869e+05
7.8281e+05
7.769e+05
7.7095e+05
7.6498e+05
7.5899e+05
7.5297e+05
7.4693e+05
7.4088e+05
7.3481e+05
7.2874e+05
7.2265e+05
7.1656e+05
7.1047e+05
7.0438e+05
6.9829e+05
6.9221e+05
6.8613e+05
6.8006e+05
6.74e+05
6.6796e+05
6.6194e+05
6.5593e+05
6.4994e+05
6.4398e+05
6.3804e+05
6.3213e+05
6.2625e+05
6.204e+05
6.1459e+05
6.0881e+05
6.0306e+05
5.9735e+05
5.9169e+05
5.8606e+05
5.8048e+05
5.7495e+05
5.6946e+05
5.6402e+05
5.5863e+05
5.5329e+05
5.48e+05
5.4276e+05
5.3758e+05
5.3246e+05
5.2739e+05
5.2238e+05
5.1743e+05
5.1254e+05
5.0771e+05
5.0295e+05
4.9825e+05
4.9361e+05
4.8903e+05
4.8453e+05
4.8009e+05
4.7571e+05
4.7141e+05
4.6717e+05
4.63e+05
4.5891e+05
4.5488e+05
4.5092e+05
4.4704e+05
4.4323e+05
4.3949e+05
4.3582e+05
4.3223e+05
4.2871e+05
4.2526e+05
4.2189e+05
4.186e+05
4.1538e+05
4.1223e+05
4.0916e+05
4.0617e+05
4.0325e+05
4.0041e+05
3.9764e+05
3.9495e+05
3.9234e+05
3.898e+05
3.8734e+05
3.8495e+05
3.8265e+05
3.8042e+05
3.7826e+05
3.7618e+05
3.7418e+05
3.7225e+05
3.704e+05
3.6863e+05
3.6693e+05
3.6531e+05
3.6376e+05
3.6229e+05
3.609e+05
3.5958e+05
3.5833e+05
3.5716e+05
3.5606e+05
3.5504e+05
3.5409e+05
3.5322e+05
3.5242e+05
3.5169e+05
3.5103e+05
3.5045e+05
3.4994e+05
3.495e+05
3.4913e+05
3.4883e+05
3.4861e+05
3.4845e+05
3.4836e+05
3.4835e+05
3.484e+05
3.4852e+05
3.4871e+05
3.4897e+05
3.4929e+05
3.4968e+05
3.5014e+05
3.5066e+05
3.5125e+05
3.5191e+05
3.5262e+05
3.534e+05
3.5425e+05
3.5516e+05
3.5612e+05
3.5715e+05
3.5824e+05
3.5939e+05
3.606e+05
3.6187e+05
3.632e+05
3.6458e+05
3.6602e+05
3.6751e+05
3.6906e+05
3.7066e+05
3.7232e+05
3.7402e+05
3.7578e+05
3.7759e+05
3.7945e+05
3.8136e+05
3.8331e+05
3.8531e+05
3.8736e+05
3.8945e+05
3.9159e+05
3.9376e+05
3.9598e+05
3.9824e+05
4.0055e+05
4.0288e+05
4.0526e+05
4.0767e+05
4.1012e+05
4.1261e+05
4.1512e+05
4.1767e+05
4.2025e+05
4.2287e+05
4.2551e+05
4.2818e+05
4.3087e+05
4.3359e+05
4.3634e+05
4.3912e+05
4.4191e+05
4.4473e+05
4.4757e+05
4.5043e+05
4.5332e+05
4.5622e+05
4.5914e+05
4.6207e+05
4.6503e+05
4.68e+05
4.7099e+05
4.7399e+05
4.77e+05
4.8003e+05
4.8308e+05
4.8613e+05
4.892e+05
4.9228e+05
4.9537e+05
4.9847e+05
5.0159e+05
5.0471e+05
5.0784e+05
5.1099e+05
5.1414e+05
5.1731e+05
5.2048e+05
5.2366e+05
5.2686e+05
5.3006e+05
5.3327e+05
5.3649e+05
5.3972e+05
5.4296e+05
5.4621e+05
5.4947e+05
5.5274e+05
5.5601e+05
5.593e+05
5.626e+05
5.6591e+05
5.6923e+05
5.7255e+05
5.7589e+05
5.7924e+05
5.826e+05
5.8597e+05
5.8935e+05
5.9274e+05
5.9614e+05
5.9955e+05
6.0297e+05
6.0641e+05
6.0985e+05
6.133e+05
6.1676e+05
6.2023e+05
6.2371e+05
6.2719e+05
6.3069e+05
6.3419e+05
6.377e+05
6.4122e+05
6.4474e+05
6.4826e+05
6.518e+05
6.5533e+05
6.5887e+05
6.6241e+05
6.6595e+05
6.6949e+05
6.7302e+05
6.7656e+05
6.8009e+05
6.8362e+05
6.8714e+05
6.9065e+05
6.9416e+05
6.9765e+05
7.0113e+05
7.046e+05
7.0805e+05
7.1149e+05
7.149e+05
7.183e+05
7.2168e+05
7.2503e+05
7.2835e+05
7.3165e+05
7.3492e+05
7.3816e+05
7.4137e+05
7.4454e+05
7.4767e+05
7.5077e+05
7.5383e+05
7.5684e+05
7.5981e+05
7.6274e+05
7.6562e+05
7.6845e+05
7.7122e+05
7.7395e+05
7.7662e+05
7.7924e+05
7.818e+05
7.843e+05
7.8674e+05
7.8912e+05
7.9144e+05
7.9369e+05
7.9587e+05
7.9799e+05
8.0004e+05
8.0203e+05
8.0394e+05
8.0578e+05
8.0755e+05
8.0925e+05
8.1088e+05
8.1243e+05
8.1391e+05
8.1531e+05
8.1664e+05
8.179e+05
8.1908e+05
8.2018e+05
8.2121e+05
8.2216e+05
8.2304e+05
8.2384e+05
8.2457e+05
8.2522e+05
8.258e+05
8.2631e+05
8.2674e+05
8.271e+05
8.2739e+05
8.2761e+05
8.2776e+05
8.2783e+05
8.2784e+05
8.2778e+05
8.2766e+05
8.2747e+05
8.2721e+05
8.269e+05
8.2652e+05
8.2607e+05
8.2557e+05
8.2501e+05
8.244e+05
8.2372e+05
8.2299e+05
8.2221e+05
8.2138e+05
8.205e+05
8.1956e+05
8.1858e+05
8.1755e+05
8.1648e+05
8.1536e+05
8.142e+05
8.1299e+05
8.1175e+05
8.1046e+05
8.0914e+05
8.0779e+05
8.0639e+05
8.0496e+05
8.035e+05
8.0201e+05
8.0048e+05
7.9893e+05
7.9734e+05
7.9573e+05
7.9408e+05
7.9242e+05
7.9072e+05
7.89e+05
7.8726e+05
7.8549e+05
7.837e+05
7.8189e+05
7.8006e+05
7.782e+05
7.7633e+05
7.7443e+05
7.7251e+05
7.7058e+05
7.6862e+05
7.6665e+05
7.6466e+05
7.6265e+05
7.6062e+05
7.5857e+05
7.5651e+05
7.5443e+05
7.5233e+05
7.5021e+05
7.4808e+05
7.4593e+05
7.4376e+05
7.4158e+05
7.3938e+05
7.3716e+05
7.3492e+05
7.3266e+05
7.3039e+05
7.281e+05
7.2579e+05
7.2347e+05
7.2112e+05
7.1876e+05
7.1638e+05
7.1398e+05
7.1156e+05
7.0912e+05
7.0667e+05
7.0419e+05
7.017e+05
6.9919e+05
6.9665e+05
6.941e+05
6.9153e+05
6.8893e+05
6.8632e+05
6.8369e+05
6.8104e+05
6.7836e+05
6.7567e+05
6.7295e+05
6.7022e+05
6.6746e+05
6.6469e+05
6.6189e+05
6.5907e+05
6.5624e+05
6.5338e+05
6.505e+05
6.476e+05
6.4468e+05
6.4173e+05
6.3877e+05
6.3579e+05
6.3279e+05
6.2976e+05
6.2672e+05
6.2365e+05
6.2057e+05
6.1746e+05
6.1434e+05
6.112e+05
6.0803e+05
6.0485e+05
6.0164e+05
5.9842e+05
5.9518e+05
5.9192e+05
5.8864e+05
5.8534e+05
5.8203e+05
5.7869e+05
5.7534e+05
5.7197e+05
5.6858e+05
5.6518e+05
5.6175e+05
5.5831e+05
5.5485e+05
5.5138e+05
5.4789e+05
5.4438e+05
5.4086e+05
5.3732e+05
5.3377e+05
5.302e+05
5.2661e+05
5.2301e+05
5.194e+05
5.1577e+05
5.1213e+05
5.0847e+05
5.048e+05
5.0111e+05
4.9742e+05
4.9371e+05
4.8998e+05
4.8625e+05
4.825e+05
4.7874e+05
4.7497e+05
4.7119e+05
4.674e+05
4.636e+05
4.5979e+05
4.5597e+05
4.5214e+05
4.483e+05
4.4445e+05
4.406e+05
4.3673e+05
4.3286e+05
4.2898e+05
4.251e+05
4.2121e+05
4.1731e+05
4.1341e+05
4.0951e+05
4.056e+05
4.0168e+05
3.9776e+05
3.9384e+05
3.8992e+05
3.8599e+05
3.8207e+05
3.7814e+05
3.7421e+05
3.7028e+05
3.6635e+05
3.6242e+05
3.585e+05
3.5457e+05
3.5065e+05
3.4673e+05
3.4282e+05
3.389e+05
3.35e+05
3.3109e+05
3.2719e+05
3.233e+05
3.1942e+05
3.1554e+05
3.1166e+05
3.078e+05
3.0394e+05
3.0009e+05
2.9626e+05
2.9242e+05
2.886e+05
2.8479e+05
2.8099e+05
2.772e+05
2.7343e+05
2.6966e+05
2.659e+05
2.6216e+05
2.5843e+05
2.5471e+05
2.5101e+05
2.4732e+05
2.4364e+05
2.3998e+05
2.3633e+05
2.3269e+05
2.2907e+05
2.2547e+05
2.2187e+05
2.183e+05
2.1474e+05
2.1119e+05
2.0766e+05
2.0414e+05
2.0064e+05
1.9716e+05
1.9369e+05
1.9023e+05
1.8679e+05
1.8337e+05
1.7996e+05
1.7657e+05
1.732e+05
1.6984e+05
1.6649e+05
1.6316e+05
1.5985e+05
1.5655e+05
1.5327e+05
1.5e+05
1.4674e+05
1.4351e+05
1.4028e+05
1.3708e+05
1.3388e+05
1.307e+05
1.2754e+05
1.2439e+05
1.2126e+05
1.1814e+05
1.1503e+05
1.1194e+05
1.0886e+05
1.058e+05
1.0275e+05
99714
96693
93686
90692
87712
84746
81794
78856
75931
73021
70124
67241
64372
61517
58675
55848
53036
50237
47453
44684
41929
39189
36464
33754
31060
28381
25718
23070
20439
17824
15226
12645
10081
7533.7
5004.5
2493.1
0
