2.3325e+05
2.368e+05
2.4036e+05
2.4393e+05
2.4751e+05
2.5111e+05
2.547e+05
2.5831e+05
2.6191e+05
2.6552e+05
2.6913e+05
2.7273e+05
2.7633e+05
2.7992e+05
2.8351e+05
2.8708e+05
2.9065e+05
2.942e+05
2.9774e+05
3.0125e+05
3.0476e+05
3.0824e+05
3.1169e+05
3.1513e+05
3.1854e+05
3.2193e+05
3.2528e+05
3.2861e+05
3.319e+05
3.3516e+05
3.3839e+05
3.4158e+05
3.4474e+05
3.4786e+05
3.5093e+05
3.5397e+05
3.5696e+05
3.599e+05
3.6281e+05
3.6566e+05
3.6847e+05
3.7122e+05
3.7393e+05
3.7659e+05
3.7919e+05
3.8174e+05
3.8423e+05
3.8667e+05
3.8904e+05
3.9137e+05
3.9363e+05
3.9583e+05
3.9797e+05
4.0004e+05
4.0206e+05
4.0401e+05
4.059e+05
4.0772e+05
4.0947e+05
4.1116e+05
4.1278e+05
4.1433e+05
4.1581e+05
4.1723e+05
4.1857e+05
4.1984e+05
4.2105e+05
4.2218e+05
4.2324e+05
4.2422e+05
4.2514e+05
4.2598e+05
4.2675e+05
4.2745e+05
4.2807e+05
4.2862e+05
4.291e+05
4.295e+05
4.2983e+05
4.3008e+05
4.3027e+05
4.3037e+05
4.3041e+05
4.3037e+05
4.3026e+05
4.3008e+05
4.2982e+05
4.295e+05
4.291e+05
4.2863e+05
4.2809e+05
4.2748e+05
4.268e+05
4.2605e+05
4.2523e+05
4.2434e+05
4.2339e+05
4.2237e+05
4.2129e+05
4.2014e+05
4.1892e+05
4.1765e+05
4.1631e+05
4.1491e+05
4.1345e+05
4.1193e+05
4.1035e+05
4.0871e+05
4.0702e+05
4.0527e+05
4.0347e+05
4.0162e+05
3.9971e+05
3.9775e+05
3.9575e+05
3.937e+05
3.916e+05
3.8945e+05
3.8727e+05
3.8504e+05
3.8276e+05
3.8045e+05
3.7811e+05
3.7572e+05
3.733e+05
3.7085e+05
3.6836e+05
3.6584e+05
3.633e+05
3.6073e+05
3.5813e+05
3.555e+05
3.5286e+05
3.5019e+05
3.4751e+05
3.448e+05
3.4208e+05
3.3934e+05
3.3659e+05
3.3383e+05
3.3106e+05
3.2828e+05
3.2549e+05
3.227e+05
3.1991e+05
3.1711e+05
3.1431e+05
3.1151e+05
3.0871e+05
3.0592e+05
3.0313e+05
3.0035e+05
2.9758e+05
2.9481e+05
2.9206e+05
2.8932e+05
2.8659e+05
2.8388e+05
2.8118e+05
2.785e+05
2.7584e+05
2.7319e+05
2.7057e+05
2.6797e+05
2.654e+05
2.6284e+05
2.6031e+05
2.5781e+05
2.5534e+05
2.5289e+05
2.5047e+05
2.4808e+05
2.4572e+05
2.4339e+05
2.4109e+05
2.3882e+05
2.3659e+05
2.3439e+05
2.3222e+05
2.3008e+05
2.2799e+05
2.2592e+05
2.2389e+05
2.219e+05
2.1994e+05
2.1802e+05
2.1613e+05
2.1428e+05
2.1246e+05
2.1068e+05
2.0893e+05
2.0722e+05
2.0555e+05
2.0391e+05
2.0231e+05
2.0074e+05
1.992e+05
1.977e+05
1.9623e+05
1.9479e+05
1.9338e+05
1.9201e+05
1.9067e+05
1.8935e+05
1.8807e+05
1.8681e+05
1.8559e+05
1.8439e+05
1.8321e+05
1.8206e+05
1.8094e+05
1.7983e+05
1.7875e+05
1.7769e+05
1.7666e+05
1.7564e+05
1.7463e+05
1.7365e+05
1.7268e+05
1.7172e+05
1.7078e+05
1.6985e+05
1.6893e+05
1.6802e+05
1.6712e+05
1.6622e+05
1.6533e+05
1.6445e+05
1.6356e+05
1.6268e+05
1.618e+05
1.6092e+05
1.6004e+05
1.5915e+05
1.5826e+05
1.5736e+05
1.5646e+05
1.5555e+05
1.5463e+05
1.5369e+05
1.5275e+05
1.5179e+05
1.5082e+05
1.4983e+05
1.4882e+05
1.478e+05
1.4676e+05
1.457e+05
1.4462e+05
1.4352e+05
1.4239e+05
1.4125e+05
1.4007e+05
1.3888e+05
1.3765e+05
1.364e+05
1.3513e+05
1.3383e+05
1.325e+05
1.3114e+05
1.2975e+05
1.2833e+05
1.2688e+05
1.2541e+05
1.239e+05
1.2236e+05
1.208e+05
1.192e+05
1.1757e+05
1.1591e+05
1.1423e+05
1.1251e+05
1.1076e+05
1.0899e+05
1.0719e+05
1.0535e+05
1.035e+05
1.0161e+05
99698
97761
95799
93814
91807
89778
87728
85660
83573
81470
79351
77219
75075
72919
70755
68583
66406
64225
62042
59859
57678
55501
53330
51168
49016
46877
44753
42646
40559
38494
36455
34442
32459
30508
28593
26715
24877
23082
21333
19632
17982
16386
14847
13367
11950
10597
9312.6
8098.6
6958
5893.6
4908.2
4004.6
3185.5
2453.7
1811.9
1262.7
808.96
453.2
198.07
46.152
0
62.122
234.99
521.02
922.61
1442.1
2081.7
2843.7
3730.3
4743.5
5885.5
7158.2
8563.5
10103
11779
13593
15547
17642
19879
22261
24787
27461
30282
33252
36371
39641
43063
46637
50363
54242
58275
62462
66803
71298
75947
80749
85706
90816
96079
1.0149e+05
1.0706e+05
1.1278e+05
1.1865e+05
1.2467e+05
1.3083e+05
1.3714e+05
1.436e+05
1.502e+05
1.5695e+05
1.6384e+05
1.7086e+05
1.7802e+05
1.8532e+05
1.9275e+05
2.0032e+05
2.0801e+05
2.1583e+05
2.2377e+05
2.3184e+05
2.4003e+05
2.4833e+05
2.5674e+05
2.6527e+05
2.739e+05
2.8264e+05
2.9148e+05
3.0042e+05
3.0945e+05
3.1857e+05
3.2778e+05
3.3708e+05
3.4646e+05
3.5591e+05
3.6543e+05
3.7503e+05
3.8469e+05
3.9441e+05
4.0418e+05
4.1401e+05
4.2389e+05
4.3381e+05
4.4377e+05
4.5377e+05
4.638e+05
4.7385e+05
4.8393e+05
4.9402e+05
5.0413e+05
5.1424e+05
5.2436e+05
5.3448e+05
5.4459e+05
5.5469e+05
5.6478e+05
5.7485e+05
5.8489e+05
5.949e+05
6.0488e+05
6.1482e+05
6.2471e+05
6.3456e+05
6.4435e+05
6.5409e+05
6.6376e+05
6.7337e+05
6.8291e+05
6.9236e+05
7.0174e+05
7.1103e+05
7.2023e+05
7.2934e+05
7.3835e+05
7.4725e+05
7.5604e+05
7.6473e+05
7.7329e+05
7.8174e+05
7.9006e+05
7.9825e+05
8.0631e+05
8.1423e+05
8.2201e+05
8.2964e+05
8.3713e+05
8.4446e+05
8.5164e+05
8.5866e+05
8.6552e+05
8.7221e+05
8.7873e+05
8.8508e+05
8.9125e+05
8.9724e+05
9.0306e+05
9.0869e+05
9.1413e+05
9.1938e+05
9.2444e+05
9.293e+05
9.3397e+05
9.3844e+05
9.4271e+05
9.4678e+05
9.5064e+05
9.543e+05
9.5774e+05
9.6098e+05
9.6401e+05
9.6683e+05
9.6943e+05
9.7182e+05
9.7399e+05
9.7595e+05
9.7769e+05
9.7921e+05
9.8052e+05
9.816e+05
9.8247e+05
9.8313e+05
9.8356e+05
9.8378e+05
9.8378e+05
9.8356e+05
9.8312e+05
9.8247e+05
9.816e+05
9.8052e+05
9.7922e+05
9.7772e+05
9.76e+05
9.7407e+05
9.7193e+05
9.6958e+05
9.6703e+05
9.6428e+05
9.6132e+05
9.5816e+05
9.5481e+05
9.5126e+05
9.4751e+05
9.4358e+05
9.3945e+05
9.3514e+05
9.3065e+05
9.2597e+05
9.2112e+05
9.1608e+05
9.1088e+05
9.0551e+05
8.9997e+05
8.9427e+05
8.884e+05
8.8238e+05
8.7621e+05
8.6989e+05
8.6341e+05
8.568e+05
8.5005e+05
8.4316e+05
8.3614e+05
8.2899e+05
8.2171e+05
8.1432e+05
8.068e+05
7.9918e+05
7.9144e+05
7.836e+05
7.7566e+05
7.6763e+05
7.595e+05
7.5128e+05
7.4297e+05
7.3459e+05
7.2612e+05
7.1759e+05
7.0899e+05
7.0032e+05
6.916e+05
6.8281e+05
6.7398e+05
6.651e+05
6.5617e+05
6.4721e+05
6.3821e+05
6.2918e+05
6.2012e+05
6.1104e+05
6.0195e+05
5.9283e+05
5.8371e+05
5.7458e+05
5.6544e+05
5.5631e+05
5.4718e+05
5.3806e+05
5.2895e+05
5.1986e+05
5.1079e+05
5.0174e+05
4.9271e+05
4.8372e+05
4.7476e+05
4.6584e+05
4.5696e+05
4.4812e+05
4.3933e+05
4.306e+05
4.2191e+05
4.1328e+05
4.0471e+05
3.962e+05
3.8776e+05
3.7938e+05
3.7107e+05
3.6284e+05
3.5468e+05
3.4661e+05
3.3861e+05
3.3069e+05
3.2286e+05
3.1512e+05
3.0746e+05
2.999e+05
2.9243e+05
2.8506e+05
2.7778e+05
2.706e+05
2.6352e+05
2.5654e+05
2.4967e+05
2.429e+05
2.3623e+05
2.2968e+05
2.2323e+05
2.1689e+05
2.1065e+05
2.0453e+05
1.9853e+05
1.9263e+05
1.8685e+05
1.8118e+05
1.7562e+05
1.7018e+05
1.6485e+05
1.5964e+05
1.5454e+05
1.4956e+05
1.4469e+05
1.3994e+05
1.3531e+05
1.3078e+05
1.2638e+05
1.2208e+05
1.1791e+05
1.1384e+05
1.0989e+05
1.0605e+05
1.0232e+05
98699
95191
91793
88502
85319
82243
79272
76405
73641
70980
68419
65957
63594
61327
59155
57077
55092
53197
51392
49674
48043
46496
45031
43648
42344
41118
39967
38891
37887
36953
36088
35290
34557
33887
33279
32729
32238
31802
31420
31090
30810
30579
30394
30253
30156
30099
30082
30101
30157
30246
30367
30519
30699
30906
31139
31394
31672
31970
32287
32621
32971
33335
33712
34100
34497
34903
35316
35735
36159
36585
37013
37443
37871
38299
38723
39144
39560
39971
40374
40771
41158
41537
41905
42263
42608
42942
43262
43569
43862
44139
44402
44649
44879
45093
45289
45468
45630
45773
45898
46005
46093
46162
46211
46242
46254
46246
