1.9343e+05
1.9661e+05
1.998e+05
2.0298e+05
2.0618e+05
2.0937e+05
2.1256e+05
2.1575e+05
2.1893e+05
2.221e+05
2.2526e+05
2.2841e+05
2.3154e+05
2.3465e+05
2.3774e+05
2.4081e+05
2.4385e+05
2.4687e+05
2.4985e+05
2.5281e+05
2.5573e+05
2.5861e+05
2.6146e+05
2.6426e+05
2.6703e+05
2.6975e+05
2.7242e+05
2.7505e+05
2.7762e+05
2.8015e+05
2.8262e+05
2.8504e+05
2.8741e+05
2.8972e+05
2.9197e+05
2.9416e+05
2.9629e+05
2.9836e+05
3.0036e+05
3.023e+05
3.0418e+05
3.0599e+05
3.0774e+05
3.0942e+05
3.1103e+05
3.1258e+05
3.1405e+05
3.1546e+05
3.168e+05
3.1807e+05
3.1928e+05
3.2041e+05
3.2148e+05
3.2247e+05
3.234e+05
3.2426e+05
3.2506e+05
3.2579e+05
3.2645e+05
3.2704e+05
3.2757e+05
3.2804e+05
3.2844e+05
3.2879e+05
3.2907e+05
3.2929e+05
3.2945e+05
3.2955e+05
3.296e+05
3.296e+05
3.2954e+05
3.2942e+05
3.2926e+05
3.2905e+05
3.2879e+05
3.2848e+05
3.2813e+05
3.2774e+05
3.273e+05
3.2683e+05
3.2632e+05
3.2577e+05
3.2519e+05
3.2458e+05
3.2394e+05
3.2327e+05
3.2257e+05
3.2185e+05
3.2111e+05
3.2035e+05
3.1956e+05
3.1876e+05
3.1795e+05
3.1712e+05
3.1628e+05
3.1544e+05
3.1458e+05
3.1372e+05
3.1285e+05
3.1198e+05
3.1111e+05
3.1024e+05
3.0937e+05
3.0851e+05
3.0765e+05
3.0679e+05
3.0595e+05
3.0511e+05
3.0428e+05
3.0347e+05
3.0266e+05
3.0187e+05
3.011e+05
3.0034e+05
2.996e+05
2.9887e+05
2.9816e+05
2.9747e+05
2.968e+05
2.9615e+05
2.9552e+05
2.9491e+05
2.9432e+05
2.9375e+05
2.932e+05
2.9267e+05
2.9216e+05
2.9167e+05
2.912e+05
2.9075e+05
2.9032e+05
2.8991e+05
2.8952e+05
2.8915e+05
2.888e+05
2.8846e+05
2.8814e+05
2.8783e+05
2.8754e+05
2.8726e+05
2.8699e+05
2.8674e+05
2.8649e+05
2.8626e+05
2.8603e+05
2.8581e+05
2.8559e+05
2.8538e+05
2.8517e+05
2.8496e+05
2.8475e+05
2.8454e+05
2.8433e+05
2.8411e+05
2.8388e+05
2.8365e+05
2.8341e+05
2.8316e+05
2.8289e+05
2.8261e+05
2.8232e+05
2.8201e+05
2.8168e+05
2.8133e+05
2.8096e+05
2.8056e+05
2.8014e+05
2.797e+05
2.7922e+05
2.7872e+05
2.7819e+05
2.7763e+05
2.7703e+05
2.7641e+05
2.7574e+05
2.7504e+05
2.7431e+05
2.7353e+05
2.7272e+05
2.7187e+05
2.7098e+05
2.7004e+05
2.6907e+05
2.6805e+05
2.6699e+05
2.6588e+05
2.6473e+05
2.6354e+05
2.623e+05
2.6102e+05
2.597e+05
2.5833e+05
2.5691e+05
2.5545e+05
2.5395e+05
2.5241e+05
2.5082e+05
2.4918e+05
2.4751e+05
2.4579e+05
2.4404e+05
2.4224e+05
2.404e+05
2.3853e+05
2.3661e+05
2.3467e+05
2.3268e+05
2.3066e+05
2.2861e+05
2.2653e+05
2.2442e+05
2.2228e+05
2.2011e+05
2.1791e+05
2.1569e+05
2.1345e+05
2.1119e+05
2.0891e+05
2.0661e+05
2.0429e+05
2.0196e+05
1.9962e+05
1.9727e+05
1.949e+05
1.9253e+05
1.9016e+05
1.8778e+05
1.854e+05
1.8302e+05
1.8065e+05
1.7827e+05
1.759e+05
1.7354e+05
1.7119e+05
1.6885e+05
1.6652e+05
1.6421e+05
1.6191e+05
1.5963e+05
1.5737e+05
1.5513e+05
1.5291e+05
1.5071e+05
1.4854e+05
1.4639e+05
1.4427e+05
1.4218e+05
1.4012e+05
1.3809e+05
1.3609e+05
1.3412e+05
1.3218e+05
1.3028e+05
1.2841e+05
1.2658e+05
1.2478e+05
1.2302e+05
1.213e+05
1.1961e+05
1.1796e+05
1.1634e+05
1.1476e+05
1.1322e+05
1.1171e+05
1.1024e+05
1.0881e+05
1.0741e+05
1.0604e+05
1.0471e+05
1.0342e+05
1.0215e+05
1.0092e+05
99724
98555
97415
96304
95220
94162
93129
92120
91133
90167
89220
88291
87379
86482
85599
84727
83866
83014
82168
81329
80493
79659
78827
77993
77157
76317
75472
74619
73758
72887
72006
71111
70203
69280
68341
67385
66410
65417
64404
63370
62315
61238
60138
59017
57872
56704
55513
54298
53061
51802
50520
49216
47891
46546
45182
43799
42399
40983
39553
38109
36654
35190
33718
32240
30759
29277
27796
26319
24849
23387
21938
20504
19089
17694
16325
14984
13675
12401
11166
9973.5
8828.1
7733.3
6693.2
5711.8
4793.2
3941.6
3161.2
2456.3
1831.2
1290.2
837.72
478.07
215.64
54.825
0
55.541
225.81
515.13
927.81
1468.1
2140.3
2948.5
3896.8
4989.4
6230.1
7623
9171.7
10880
12752
14790
16999
19381
21940
24678
27600
30706
34001
37486
41164
45037
49106
53375
57844
62514
67387
72465
77747
83235
88929
94829
1.0094e+05
1.0725e+05
1.1377e+05
1.2049e+05
1.2742e+05
1.3455e+05
1.4188e+05
1.4941e+05
1.5714e+05
1.6507e+05
1.7319e+05
1.8151e+05
1.9001e+05
1.9871e+05
2.0758e+05
2.1664e+05
2.2587e+05
2.3527e+05
2.4485e+05
2.5459e+05
2.6449e+05
2.7455e+05
2.8475e+05
2.9511e+05
3.056e+05
3.1624e+05
3.27e+05
3.3788e+05
3.4889e+05
3.6001e+05
3.7123e+05
3.8256e+05
3.9397e+05
4.0548e+05
4.1706e+05
4.2872e+05
4.4045e+05
4.5223e+05
4.6406e+05
4.7594e+05
4.8785e+05
4.9979e+05
5.1175e+05
5.2373e+05
5.3571e+05
5.4769e+05
5.5965e+05
5.716e+05
5.8352e+05
5.954e+05
6.0724e+05
6.1903e+05
6.3076e+05
6.4242e+05
6.5401e+05
6.6551e+05
6.7691e+05
6.8822e+05
6.9942e+05
7.105e+05
7.2146e+05
7.3228e+05
7.4297e+05
7.535e+05
7.6389e+05
7.741e+05
7.8415e+05
7.9402e+05
8.0371e+05
8.132e+05
8.225e+05
8.3159e+05
8.4046e+05
8.4912e+05
8.5756e+05
8.6576e+05
8.7373e+05
8.8146e+05
8.8894e+05
8.9616e+05
9.0313e+05
9.0984e+05
9.1627e+05
9.2244e+05
9.2833e+05
9.3393e+05
9.3926e+05
9.4429e+05
9.4904e+05
9.5349e+05
9.5764e+05
9.615e+05
9.6505e+05
9.683e+05
9.7124e+05
9.7388e+05
9.762e+05
9.7822e+05
9.7993e+05
9.8132e+05
9.824e+05
9.8317e+05
9.8363e+05
9.8378e+05
9.8361e+05
9.8314e+05
9.8236e+05
9.8127e+05
9.7987e+05
9.7817e+05
9.7617e+05
9.7387e+05
9.7128e+05
9.6839e+05
9.652e+05
9.6173e+05
9.5798e+05
9.5394e+05
9.4963e+05
9.4505e+05
9.4019e+05
9.3508e+05
9.297e+05
9.2407e+05
9.1819e+05
9.1206e+05
9.0569e+05
8.991e+05
8.9227e+05
8.8522e+05
8.7795e+05
8.7047e+05
8.6279e+05
8.5491e+05
8.4683e+05
8.3857e+05
8.3014e+05
8.2153e+05
8.1275e+05
8.0381e+05
7.9473e+05
7.8549e+05
7.7612e+05
7.6662e+05
7.5699e+05
7.4725e+05
7.3739e+05
7.2743e+05
7.1738e+05
7.0724e+05
6.9701e+05
6.8671e+05
6.7634e+05
6.6592e+05
6.5543e+05
6.4491e+05
6.3434e+05
6.2374e+05
6.1311e+05
6.0246e+05
5.918e+05
5.8113e+05
5.7047e+05
5.5981e+05
5.4916e+05
5.3854e+05
5.2793e+05
5.1736e+05
5.0683e+05
4.9634e+05
4.859e+05
4.7552e+05
4.6519e+05
4.5493e+05
4.4474e+05
4.3463e+05
4.2459e+05
4.1464e+05
4.0478e+05
3.9502e+05
3.8535e+05
3.7578e+05
3.6633e+05
3.5698e+05
3.4774e+05
3.3863e+05
3.2963e+05
3.2076e+05
3.1202e+05
3.034e+05
2.9492e+05
2.8657e+05
2.7837e+05
2.703e+05
2.6237e+05
2.5459e+05
2.4695e+05
2.3946e+05
2.3212e+05
2.2492e+05
2.1788e+05
2.1099e+05
2.0425e+05
1.9767e+05
1.9124e+05
1.8496e+05
1.7884e+05
1.7287e+05
1.6706e+05
1.614e+05
1.5589e+05
1.5054e+05
1.4534e+05
1.4029e+05
1.3539e+05
1.3064e+05
1.2604e+05
1.2159e+05
1.1729e+05
1.1312e+05
1.0911e+05
1.0523e+05
1.015e+05
97899
94438
91111
87917
84853
81917
79106
76419
73854
71407
69076
66859
64752
62755
60863
59074
57386
55795
54300
52897
51583
50356
49212
48150
47166
46258
45422
44656
43957
43323
42751
42237
41780
41377
41024
40720
40462
40247
40074
39938
39839
39773
39739
39734
39755
39801
39870
39960
40067
40192
40330
40482
40645
40816
40996
41181
41371
41563
41757
41951
42143
42333
42519
42700
42875
43042
43202
43353
43494
43624
43742
43849
43942
44022
44088
44140
44177
44198
44204
44193
44167
44124
44064
43987
43894
43783
43656
43511
43350
43172
42977
42765
42538
42294
42033
41758
41467
41160
40839
40504
40154
39791
39414
39024
38622
38208
37782
37345
36897
36439
35971
35494
35009
34514
34013
33503
32987
