31912
36220
40789
45613
50685
55997
61541
67310
73293
79482
85866
92435
99178
1.0608e+05
1.1314e+05
1.2034e+05
1.2766e+05
1.351e+05
1.4265e+05
1.5028e+05
1.5799e+05
1.6576e+05
1.7359e+05
1.8145e+05
1.8933e+05
1.9723e+05
2.0512e+05
2.13e+05
2.2084e+05
2.2865e+05
2.364e+05
2.4409e+05
2.5169e+05
2.592e+05
2.6661e+05
2.739e+05
2.8106e+05
2.8809e+05
2.9496e+05
3.0168e+05
3.0823e+05
3.1459e+05
3.2077e+05
3.2676e+05
3.3253e+05
3.381e+05
3.4344e+05
3.4855e+05
3.5344e+05
3.5808e+05
3.6248e+05
3.6663e+05
3.7052e+05
3.7416e+05
3.7754e+05
3.8065e+05
3.835e+05
3.8608e+05
3.884e+05
3.9044e+05
3.9222e+05
3.9374e+05
3.9498e+05
3.9596e+05
3.9668e+05
3.9714e+05
3.9734e+05
3.9728e+05
3.9698e+05
3.9643e+05
3.9564e+05
3.9462e+05
3.9337e+05
3.9189e+05
3.902e+05
3.883e+05
3.8619e+05
3.8389e+05
3.8139e+05
3.7872e+05
3.7588e+05
3.7287e+05
3.697e+05
3.6639e+05
3.6294e+05
3.5936e+05
3.5567e+05
3.5186e+05
3.4795e+05
3.4395e+05
3.3986e+05
3.3571e+05
3.3149e+05
3.2722e+05
3.229e+05
3.1855e+05
3.1417e+05
3.0978e+05
3.0538e+05
3.0099e+05
2.966e+05
2.9223e+05
2.879e+05
2.836e+05
2.7934e+05
2.7514e+05
2.71e+05
2.6692e+05
2.6293e+05
2.5901e+05
2.5518e+05
2.5145e+05
2.4782e+05
2.443e+05
2.4089e+05
2.376e+05
2.3443e+05
2.3138e+05
2.2847e+05
2.257e+05
2.2306e+05
2.2056e+05
2.1821e+05
2.16e+05
2.1394e+05
2.1204e+05
2.1028e+05
2.0868e+05
2.0722e+05
2.0592e+05
2.0478e+05
2.0378e+05
2.0294e+05
2.0225e+05
2.017e+05
2.013e+05
2.0105e+05
2.0093e+05
2.0096e+05
2.0112e+05
2.0142e+05
2.0184e+05
2.0239e+05
2.0305e+05
2.0384e+05
2.0473e+05
2.0574e+05
2.0684e+05
2.0804e+05
2.0933e+05
2.1071e+05
2.1217e+05
2.137e+05
2.1529e+05
2.1695e+05
2.1867e+05
2.2044e+05
2.2224e+05
2.2409e+05
2.2597e+05
2.2787e+05
2.2978e+05
2.3171e+05
2.3365e+05
2.3558e+05
2.3751e+05
2.3942e+05
2.4132e+05
2.4319e+05
2.4502e+05
2.4683e+05
2.4859e+05
2.503e+05
2.5196e+05
2.5356e+05
2.551e+05
2.5657e+05
2.5798e+05
2.593e+05
2.6055e+05
2.6171e+05
2.6279e+05
2.6377e+05
2.6466e+05
2.6546e+05
2.6615e+05
2.6675e+05
2.6724e+05
2.6763e+05
2.6791e+05
2.6808e+05
2.6814e+05
2.681e+05
2.6794e+05
2.6767e+05
2.6729e+05
2.668e+05
2.6621e+05
2.655e+05
2.6468e+05
2.6375e+05
2.6272e+05
2.6158e+05
2.6034e+05
2.59e+05
2.5756e+05
2.5602e+05
2.5439e+05
2.5266e+05
2.5084e+05
2.4894e+05
2.4695e+05
2.4488e+05
2.4273e+05
2.4051e+05
2.3821e+05
2.3585e+05
2.3342e+05
2.3092e+05
2.2837e+05
2.2576e+05
2.231e+05
2.2039e+05
2.1763e+05
2.1483e+05
2.12e+05
2.0912e+05
2.0621e+05
2.0328e+05
2.0031e+05
1.9732e+05
1.9431e+05
1.9129e+05
1.8824e+05
1.8519e+05
1.8212e+05
1.7905e+05
1.7597e+05
1.7288e+05
1.698e+05
1.6671e+05
1.6363e+05
1.6055e+05
1.5748e+05
1.5441e+05
1.5135e+05
1.4831e+05
1.4527e+05
1.4224e+05
1.3923e+05
1.3624e+05
1.3325e+05
1.3029e+05
1.2734e+05
1.244e+05
1.2149e+05
1.1859e+05
1.1571e+05
1.1285e+05
1.1001e+05
1.0719e+05
1.0438e+05
1.016e+05
98839
96097
93376
90676
87997
85340
82704
80091
77501
74934
72390
69871
67376
64906
62463
60047
57658
55298
52968
50668
48400
46165
43965
41800
39672
37582
35532
33523
31558
29637
27762
25934
24157
22430
20756
19137
17574
16069
14623
13239
11917
10658
9465.7
8339.6
7281.5
6292.4
5373.3
4525.3
3748.9
3045
2414
1856.3
1372
961.29
623.97
359.74
168.15
48.515
0
21.562
111.97
269.79
493.41
781.01
1130.6
1539.9
2006.5
2528
3101.4
3723.9
4392.4
5103.5
5853.8
6639.8
7457.6
8303.5
9173.5
10064
10969
11887
12811
13739
14665
15585
16495
17390
18266
19119
19944
20737
21494
22212
22886
23512
24088
24610
25075
25480
25823
26101
26313
26456
26529
26532
26464
26323
26111
25827
25473
25049
24558
24000
23380
22698
21960
21168
20327
19441
18515
17555
16567
15556
14530
13495
12459
11431
10417
9426.1
8468
7551.4
6685.8
5880.9
5146.6
4493.2
3931.1
3470.8
3123.2
2899.1
2809.4
2865.3
3077.8
3458.1
4017.2
4766.1
5716
6877.6
8261.7
9878.9
11740
13854
16231
18882
21815
25040
28564
32396
36543
41014
45813
50949
56426
62249
68423
74953
81840
89087
96698
1.0467e+05
1.1301e+05
1.2171e+05
1.3078e+05
1.4021e+05
1.4999e+05
1.6013e+05
1.7063e+05
1.8147e+05
1.9266e+05
2.0418e+05
2.1603e+05
2.282e+05
2.4069e+05
2.5347e+05
2.6656e+05
2.7993e+05
2.9357e+05
3.0747e+05
3.2162e+05
3.36e+05
3.5061e+05
3.6542e+05
3.8042e+05
3.9561e+05
4.1095e+05
4.2643e+05
4.4204e+05
4.5777e+05
4.7358e+05
4.8947e+05
5.0541e+05
5.2138e+05
5.3738e+05
5.5337e+05
5.6934e+05
5.8527e+05
6.0114e+05
6.1692e+05
6.3261e+05
6.4817e+05
6.636e+05
6.7886e+05
6.9394e+05
7.0882e+05
7.2349e+05
7.3791e+05
7.5208e+05
7.6597e+05
7.7957e+05
7.9286e+05
8.0581e+05
8.1842e+05
8.3067e+05
8.4254e+05
8.5402e+05
8.6508e+05
8.7573e+05
8.8593e+05
8.9569e+05
9.0498e+05
9.138e+05
9.2213e+05
9.2997e+05
9.373e+05
9.4412e+05
9.5042e+05
9.5619e+05
9.6142e+05
9.6611e+05
9.7026e+05
9.7386e+05
9.769e+05
9.7939e+05
9.8132e+05
9.827e+05
9.8351e+05
9.8378e+05
9.8348e+05
9.8264e+05
9.8125e+05
9.7931e+05
9.7684e+05
9.7383e+05
9.703e+05
9.6624e+05
9.6168e+05
9.5661e+05
9.5104e+05
9.45e+05
9.3848e+05
9.3149e+05
9.2406e+05
9.1618e+05
9.0788e+05
8.9917e+05
8.9006e+05
8.8056e+05
8.7069e+05
8.6047e+05
8.499e+05
8.3901e+05
8.2781e+05
8.1631e+05
8.0454e+05
7.9251e+05
7.8023e+05
7.6772e+05
7.55e+05
7.4209e+05
7.29e+05
7.1574e+05
7.0235e+05
6.8882e+05
6.7518e+05
6.6145e+05
6.4764e+05
6.3377e+05
6.1985e+05
6.059e+05
5.9193e+05
5.7797e+05
5.6402e+05
5.5009e+05
5.3621e+05
5.2239e+05
5.0864e+05
4.9497e+05
4.814e+05
4.6794e+05
4.546e+05
4.4139e+05
4.2832e+05
4.154e+05
4.0265e+05
3.9007e+05
3.7768e+05
3.6547e+05
3.5346e+05
3.4166e+05
3.3007e+05
3.187e+05
3.0755e+05
2.9664e+05
2.8596e+05
2.7552e+05
2.6532e+05
2.5537e+05
2.4567e+05
2.3623e+05
2.2704e+05
2.181e+05
2.0943e+05
2.0101e+05
1.9285e+05
1.8495e+05
1.773e+05
1.6992e+05
1.6278e+05
1.559e+05
1.4928e+05
1.429e+05
1.3677e+05
1.3088e+05
1.2523e+05
1.1982e+05
1.1464e+05
1.0969e+05
1.0497e+05
1.0046e+05
96165
92082
88203
84523
81037
77739
74624
71685
68917
66314
63871
61580
59437
57435
55568
53831
52217
50720
49335
48056
46877
45792
44797
43885
43052
42291
41599
40970
40400
39883
39415
38992
38610
38264
37951
37668
37409
37173
36955
36753
36564
36385
36213
36047
35883
35721
35557
35390
35219
35042
34857
34664
34462
34249
34025
33789
33541
33280
33006
32719
32418
32104
31777
31436
31083
30717
30340
29950
29550
29139
28718
28288
27849
27403
26949
26489
26024
25555
25081
24605
24127
23648
23168
22688
22210
21735
21262
20792
20327
19868
19414
18966
18526
18093
17669
17253
16847
16450
16064
15687
15322
14968
14625
14293
13973
13665
13369
13084
12811
12550
12301
12063
11837
11622
11418
11224
11041
10868
10704
10550
10405
10268
10139
10018
9903.3
9795.6
9693.9
9597.6
9506.3
9419.4
9336.3
9256.5
9179.4
9104.4
9030.9
8958.5
8886.5
8814.3
8741.5
8667.5
8591.8
8513.8
