86798
89863
93009
96232
99531
1.029e+05
1.0634e+05
1.0983e+05
1.1339e+05
1.17e+05
1.2066e+05
1.2437e+05
1.2812e+05
1.319e+05
1.3572e+05
1.3956e+05
1.4343e+05
1.4732e+05
1.5121e+05
1.5512e+05
1.5903e+05
1.6294e+05
1.6684e+05
1.7074e+05
1.7462e+05
1.7848e+05
1.8232e+05
1.8612e+05
1.899e+05
1.9364e+05
1.9734e+05
2.01e+05
2.046e+05
2.0816e+05
2.1165e+05
2.1509e+05
2.1847e+05
2.2178e+05
2.2502e+05
2.2818e+05
2.3128e+05
2.3429e+05
2.3722e+05
2.4008e+05
2.4285e+05
2.4553e+05
2.4812e+05
2.5062e+05
2.5304e+05
2.5536e+05
2.5759e+05
2.5972e+05
2.6176e+05
2.637e+05
2.6555e+05
2.673e+05
2.6896e+05
2.7052e+05
2.7199e+05
2.7336e+05
2.7464e+05
2.7583e+05
2.7693e+05
2.7793e+05
2.7885e+05
2.7968e+05
2.8042e+05
2.8108e+05
2.8166e+05
2.8216e+05
2.8258e+05
2.8292e+05
2.832e+05
2.834e+05
2.8353e+05
2.8359e+05
2.836e+05
2.8354e+05
2.8342e+05
2.8325e+05
2.8303e+05
2.8276e+05
2.8244e+05
2.8208e+05
2.8168e+05
2.8124e+05
2.8076e+05
2.8026e+05
2.7972e+05
2.7916e+05
2.7857e+05
2.7797e+05
2.7734e+05
2.767e+05
2.7605e+05
2.7539e+05
2.7472e+05
2.7405e+05
2.7337e+05
2.7269e+05
2.7201e+05
2.7134e+05
2.7067e+05
2.7001e+05
2.6936e+05
2.6872e+05
2.681e+05
2.6748e+05
2.6689e+05
2.663e+05
2.6574e+05
2.652e+05
2.6468e+05
2.6417e+05
2.6369e+05
2.6323e+05
2.628e+05
2.6238e+05
2.6199e+05
2.6163e+05
2.6128e+05
2.6096e+05
2.6067e+05
2.604e+05
2.6015e+05
2.5992e+05
2.5972e+05
2.5954e+05
2.5938e+05
2.5924e+05
2.5912e+05
2.5902e+05
2.5894e+05
2.5887e+05
2.5882e+05
2.5879e+05
2.5876e+05
2.5876e+05
2.5876e+05
2.5877e+05
2.588e+05
2.5883e+05
2.5887e+05
2.5891e+05
2.5896e+05
2.59e+05
2.5905e+05
2.591e+05
2.5915e+05
2.592e+05
2.5924e+05
2.5927e+05
2.593e+05
2.5932e+05
2.5932e+05
2.5932e+05
2.5931e+05
2.5928e+05
2.5923e+05
2.5917e+05
2.5909e+05
2.5899e+05
2.5888e+05
2.5874e+05
2.5858e+05
2.5839e+05
2.5819e+05
2.5795e+05
2.5769e+05
2.5741e+05
2.5709e+05
2.5675e+05
2.5638e+05
2.5598e+05
2.5554e+05
2.5508e+05
2.5458e+05
2.5405e+05
2.5349e+05
2.5289e+05
2.5226e+05
2.516e+05
2.509e+05
2.5016e+05
2.4939e+05
2.4858e+05
2.4773e+05
2.4685e+05
2.4593e+05
2.4498e+05
2.4398e+05
2.4295e+05
2.4188e+05
2.4078e+05
2.3963e+05
2.3845e+05
2.3723e+05
2.3597e+05
2.3468e+05
2.3334e+05
2.3197e+05
2.3057e+05
2.2912e+05
2.2764e+05
2.2612e+05
2.2456e+05
2.2297e+05
2.2134e+05
2.1967e+05
2.1797e+05
2.1623e+05
2.1446e+05
2.1266e+05
2.1081e+05
2.0894e+05
2.0703e+05
2.0509e+05
2.0311e+05
2.0111e+05
1.9907e+05
1.97e+05
1.949e+05
1.9277e+05
1.9062e+05
1.8843e+05
1.8622e+05
1.8398e+05
1.8172e+05
1.7943e+05
1.7711e+05
1.7478e+05
1.7242e+05
1.7004e+05
1.6764e+05
1.6522e+05
1.6278e+05
1.6033e+05
1.5787e+05
1.5539e+05
1.5289e+05
1.5039e+05
1.4787e+05
1.4535e+05
1.4282e+05
1.4029e+05
1.3775e+05
1.3521e+05
1.3267e+05
1.3013e+05
1.276e+05
1.2506e+05
1.2254e+05
1.2002e+05
1.1752e+05
1.1502e+05
1.1254e+05
1.1007e+05
1.0763e+05
1.052e+05
1.0279e+05
1.004e+05
98045
95711
93407
91133
88891
86683
84511
82377
80281
78227
76216
74248
72326
70451
68625
66849
65123
63450
61831
60265
58755
57302
55905
54566
53285
52062
50899
49795
48750
47765
46838
45971
45162
44412
43719
43083
42504
41979
41509
41091
40725
40409
40142
39922
39746
39615
39524
39473
39459
39480
39534
39617
39728
39864
40022
40200
40395
40603
40823
41051
41285
41521
41756
41988
42214
42431
42636
42825
42997
43149
43277
43380
43454
43498
43509
43484
43422
43321
43178
42993
42763
42487
42164
41792
41372
40902
40382
39811
39189
38517
37794
37022
36201
35333
34417
33457
32454
31409
30325
29204
28049
26864
25650
24412
23154
21879
20591
19294
17995
16696
15403
14122
12858
11616
10403
9223.5
8084.8
6992.8
5954
4975.1
4062.7
3223.8
2465.2
1794
1217.3
742.29
376.23
126.37
0
4.4346
146.97
434.88
875.42
1475.8
2243.1
3184.4
4306.7
5616.7
7121.3
8826.9
10740
12867
15214
17786
20590
23630
26912
30442
34222
38258
42554
47114
51940
57037
62406
68051
73972
80173
86654
93415
1.0046e+05
1.0778e+05
1.1539e+05
1.2327e+05
1.3144e+05
1.3988e+05
1.486e+05
1.5759e+05
1.6685e+05
1.7638e+05
1.8617e+05
1.9622e+05
2.0653e+05
2.1708e+05
2.2788e+05
2.3892e+05
2.5019e+05
2.6168e+05
2.7339e+05
2.8531e+05
2.9743e+05
3.0975e+05
3.2226e+05
3.3494e+05
3.4778e+05
3.6079e+05
3.7394e+05
3.8723e+05
4.0064e+05
4.1417e+05
4.2781e+05
4.4154e+05
4.5534e+05
4.6922e+05
4.8316e+05
4.9714e+05
5.1115e+05
5.2518e+05
5.3922e+05
5.5325e+05
5.6726e+05
5.8125e+05
5.9518e+05
6.0906e+05
6.2286e+05
6.3658e+05
6.502e+05
6.6371e+05
6.7709e+05
6.9034e+05
7.0343e+05
7.1636e+05
7.2911e+05
7.4168e+05
7.5404e+05
7.6618e+05
7.781e+05
7.8979e+05
8.0122e+05
8.1239e+05
8.2329e+05
8.339e+05
8.4422e+05
8.5424e+05
8.6394e+05
8.7332e+05
8.8237e+05
8.9107e+05
8.9943e+05
9.0743e+05
9.1506e+05
9.2231e+05
9.2919e+05
9.3568e+05
9.4178e+05
9.4748e+05
9.5278e+05
9.5767e+05
9.6215e+05
9.6622e+05
9.6987e+05
9.7309e+05
9.759e+05
9.7828e+05
9.8023e+05
9.8176e+05
9.8286e+05
9.8353e+05
9.8378e+05
9.836e+05
9.83e+05
9.8198e+05
9.8054e+05
9.7868e+05
9.7641e+05
9.7374e+05
9.7066e+05
9.6718e+05
9.6331e+05
9.5905e+05
9.5441e+05
9.4939e+05
9.44e+05
9.3825e+05
9.3215e+05
9.257e+05
9.1891e+05
9.1179e+05
9.0435e+05
8.966e+05
8.8854e+05
8.8019e+05
8.7156e+05
8.6265e+05
8.5347e+05
8.4405e+05
8.3438e+05
8.2447e+05
8.1435e+05
8.0401e+05
7.9347e+05
7.8275e+05
7.7185e+05
7.6078e+05
7.4955e+05
7.3818e+05
7.2668e+05
7.1506e+05
7.0332e+05
6.9149e+05
6.7957e+05
6.6757e+05
6.5551e+05
6.4339e+05
6.3123e+05
6.1903e+05
6.0681e+05
5.9458e+05
5.8235e+05
5.7013e+05
5.5792e+05
5.4574e+05
5.336e+05
5.2151e+05
5.0947e+05
4.975e+05
4.856e+05
4.7378e+05
4.6205e+05
4.5042e+05
4.3889e+05
4.2748e+05
4.1618e+05
4.0501e+05
3.9398e+05
3.8308e+05
3.7233e+05
3.6173e+05
3.5128e+05
3.41e+05
3.3088e+05
3.2093e+05
3.1116e+05
3.0156e+05
2.9214e+05
2.8291e+05
2.7387e+05
2.6501e+05
2.5635e+05
2.4789e+05
2.3962e+05
2.3154e+05
2.2367e+05
2.16e+05
2.0853e+05
2.0125e+05
1.9418e+05
1.8731e+05
1.8065e+05
1.7418e+05
1.6791e+05
1.6184e+05
1.5597e+05
1.5029e+05
1.4481e+05
1.3952e+05
1.3442e+05
1.2951e+05
1.2479e+05
1.2025e+05
1.1589e+05
1.117e+05
1.077e+05
1.0386e+05
1.002e+05
96695
93356
90177
87152
84279
81554
78973
76532
74227
72055
70010
68091
66291
64608
63038
61576
60218
58960
57799
56730
55749
54853
54038
53300
52635
52039
51509
51042
50633
50279
49977
49724
49516
49350
49224
49133
49076
49050
49051
49077
49125
49194
49280
49382
49497
49622
49758
49900
50047
50199
50352
50505
50658
50808
50954
51095
51230
51357
51477
51587
51686
51776
51853
51918
51971
52010
52035
52046
52043
52025
51991
51942
51878
51798
51703
51592
51466
51323
51166
50993
50805
50601
50383
50151
49904
49643
49368
49079
48778
48463
48137
47798
47447
47085
46712
46328
45935
45531
45118
44697
44266
43828
43382
42928
42468
42001
41528
41049
40565
40077
39583
39086
38585
38080
37573
37062
36550
36036
35519
35002
34484
33965
33446
32927
32408
31889
