1.7423e+05
1.7888e+05
1.8353e+05
1.8817e+05
1.928e+05
1.9742e+05
2.02e+05
2.0656e+05
2.1108e+05
2.1556e+05
2.2e+05
2.2438e+05
2.2871e+05
2.3298e+05
2.3718e+05
2.4132e+05
2.4538e+05
2.4937e+05
2.5328e+05
2.571e+05
2.6084e+05
2.6448e+05
2.6804e+05
2.715e+05
2.7485e+05
2.7811e+05
2.8127e+05
2.8432e+05
2.8727e+05
2.9011e+05
2.9285e+05
2.9547e+05
2.9799e+05
3.0039e+05
3.0269e+05
3.0488e+05
3.0695e+05
3.0892e+05
3.1078e+05
3.1254e+05
3.1418e+05
3.1573e+05
3.1717e+05
3.1851e+05
3.1975e+05
3.2089e+05
3.2194e+05
3.2289e+05
3.2376e+05
3.2453e+05
3.2523e+05
3.2584e+05
3.2637e+05
3.2683e+05
3.2722e+05
3.2754e+05
3.278e+05
3.2799e+05
3.2813e+05
3.2822e+05
3.2826e+05
3.2825e+05
3.282e+05
3.2812e+05
3.28e+05
3.2785e+05
3.2768e+05
3.2749e+05
3.2728e+05
3.2706e+05
3.2683e+05
3.266e+05
3.2637e+05
3.2614e+05
3.2592e+05
3.257e+05
3.2551e+05
3.2533e+05
3.2517e+05
3.2504e+05
3.2494e+05
3.2487e+05
3.2483e+05
3.2483e+05
3.2487e+05
3.2495e+05
3.2508e+05
3.2526e+05
3.2549e+05
3.2577e+05
3.261e+05
3.2649e+05
3.2693e+05
3.2744e+05
3.28e+05
3.2863e+05
3.2931e+05
3.3006e+05
3.3087e+05
3.3175e+05
3.3268e+05
3.3369e+05
3.3475e+05
3.3587e+05
3.3706e+05
3.3831e+05
3.3962e+05
3.4099e+05
3.4241e+05
3.4389e+05
3.4543e+05
3.4702e+05
3.4866e+05
3.5035e+05
3.5209e+05
3.5387e+05
3.5569e+05
3.5755e+05
3.5945e+05
3.6138e+05
3.6335e+05
3.6534e+05
3.6736e+05
3.6939e+05
3.7145e+05
3.7352e+05
3.7561e+05
3.777e+05
3.7979e+05
3.8189e+05
3.8398e+05
3.8606e+05
3.8814e+05
3.902e+05
3.9224e+05
3.9426e+05
3.9626e+05
3.9822e+05
4.0016e+05
4.0205e+05
4.0391e+05
4.0572e+05
4.0748e+05
4.092e+05
4.1085e+05
4.1245e+05
4.1399e+05
4.1546e+05
4.1687e+05
4.182e+05
4.1946e+05
4.2065e+05
4.2175e+05
4.2277e+05
4.2371e+05
4.2455e+05
4.2531e+05
4.2598e+05
4.2655e+05
4.2703e+05
4.2741e+05
4.2769e+05
4.2786e+05
4.2794e+05
4.2791e+05
4.2778e+05
4.2754e+05
4.272e+05
4.2675e+05
4.2619e+05
4.2552e+05
4.2475e+05
4.2387e+05
4.2288e+05
4.2178e+05
4.2058e+05
4.1927e+05
4.1786e+05
4.1634e+05
4.1471e+05
4.1299e+05
4.1116e+05
4.0923e+05
4.0721e+05
4.0508e+05
4.0287e+05
4.0056e+05
3.9816e+05
3.9567e+05
3.9309e+05
3.9043e+05
3.8769e+05
3.8487e+05
3.8197e+05
3.79e+05
3.7596e+05
3.7285e+05
3.6968e+05
3.6644e+05
3.6314e+05
3.5979e+05
3.5638e+05
3.5293e+05
3.4942e+05
3.4588e+05
3.4229e+05
3.3867e+05
3.3501e+05
3.3132e+05
3.276e+05
3.2386e+05
3.201e+05
3.1632e+05
3.1253e+05
3.0872e+05
3.0491e+05
3.0109e+05
2.9726e+05
2.9344e+05
2.8962e+05
2.8581e+05
2.8201e+05
2.7822e+05
2.7444e+05
2.7068e+05
2.6694e+05
2.6322e+05
2.5953e+05
2.5586e+05
2.5222e+05
2.4861e+05
2.4503e+05
2.4149e+05
2.3798e+05
2.3451e+05
2.3108e+05
2.2768e+05
2.2434e+05
2.2103e+05
2.1777e+05
2.1455e+05
2.1138e+05
2.0825e+05
2.0517e+05
2.0214e+05
1.9916e+05
1.9622e+05
1.9334e+05
1.905e+05
1.8771e+05
1.8497e+05
1.8228e+05
1.7963e+05
1.7704e+05
1.7449e+05
1.7198e+05
1.6952e+05
1.6711e+05
1.6474e+05
1.6241e+05
1.6013e+05
1.5789e+05
1.5568e+05
1.5352e+05
1.5139e+05
1.493e+05
1.4724e+05
1.4522e+05
1.4322e+05
1.4126e+05
1.3932e+05
1.3742e+05
1.3553e+05
1.3367e+05
1.3184e+05
1.3002e+05
1.2822e+05
1.2644e+05
1.2467e+05
1.2292e+05
1.2118e+05
1.1945e+05
1.1772e+05
1.1601e+05
1.143e+05
1.1259e+05
1.1088e+05
1.0918e+05
1.0748e+05
1.0577e+05
1.0406e+05
1.0235e+05
1.0063e+05
98902
97168
95426
93674
91912
90139
88355
86558
84750
82928
81094
79246
77386
75512
73626
71728
69818
67896
65964
64022
62071
60112
58147
56176
54201
52223
50244
48266
46291
44320
42355
40400
38455
36524
34608
32711
30835
28983
27158
25362
23599
21872
20184
18538
16938
15387
13888
12445
11062
9742.5
8489.6
7307.2
6199.1
5169
4220.9
3358.3
2585.3
1905.6
1323
841.28
464.36
195.99
39.956
0
79.845
283.17
613.62
1074.8
1670.2
2403.4
3277.7
4296.5
5463
6780.6
8252.1
9880.8
11669
13621
15738
18023
20479
23107
25911
28892
32053
35394
38919
42627
46522
50604
54873
59332
63981
68821
73851
79073
84486
90090
95886
1.0187e+05
1.0805e+05
1.1441e+05
1.2097e+05
1.2771e+05
1.3464e+05
1.4175e+05
1.4904e+05
1.5652e+05
1.6417e+05
1.7201e+05
1.8001e+05
1.8819e+05
1.9654e+05
2.0505e+05
2.1373e+05
2.2256e+05
2.3156e+05
2.407e+05
2.5e+05
2.5944e+05
2.6902e+05
2.7874e+05
2.8859e+05
2.9857e+05
3.0867e+05
3.1889e+05
3.2922e+05
3.3966e+05
3.5021e+05
3.6085e+05
3.7158e+05
3.824e+05
3.9331e+05
4.0428e+05
4.1533e+05
4.2644e+05
4.376e+05
4.4881e+05
4.6007e+05
4.7137e+05
4.827e+05
4.9405e+05
5.0542e+05
5.168e+05
5.2819e+05
5.3957e+05
5.5095e+05
5.6231e+05
5.7365e+05
5.8496e+05
5.9623e+05
6.0746e+05
6.1863e+05
6.2976e+05
6.4081e+05
6.518e+05
6.6271e+05
6.7353e+05
6.8427e+05
6.949e+05
7.0544e+05
7.1586e+05
7.2616e+05
7.3634e+05
7.4639e+05
7.563e+05
7.6607e+05
7.7569e+05
7.8515e+05
7.9445e+05
8.0359e+05
8.1255e+05
8.2134e+05
8.2994e+05
8.3835e+05
8.4656e+05
8.5458e+05
8.6239e+05
8.7e+05
8.7739e+05
8.8456e+05
8.9151e+05
8.9823e+05
9.0472e+05
9.1097e+05
9.1699e+05
9.2276e+05
9.2829e+05
9.3357e+05
9.3859e+05
9.4337e+05
9.4788e+05
9.5214e+05
9.5613e+05
9.5987e+05
9.6333e+05
9.6653e+05
9.6946e+05
9.7212e+05
9.745e+05
9.7662e+05
9.7846e+05
9.8003e+05
9.8133e+05
9.8235e+05
9.831e+05
9.8357e+05
9.8378e+05
9.8371e+05
9.8337e+05
9.8275e+05
9.8187e+05
9.8073e+05
9.7931e+05
9.7763e+05
9.7569e+05
9.7349e+05
9.7103e+05
9.6832e+05
9.6535e+05
9.6213e+05
9.5867e+05
9.5496e+05
9.5101e+05
9.4682e+05
9.424e+05
9.3775e+05
9.3287e+05
9.2777e+05
9.2245e+05
9.1691e+05
9.1117e+05
9.0522e+05
8.9907e+05
8.9273e+05
8.8619e+05
8.7946e+05
8.7256e+05
8.6547e+05
8.5822e+05
8.508e+05
8.4322e+05
8.3548e+05
8.2759e+05
8.1956e+05
8.1139e+05
8.0308e+05
7.9464e+05
7.8609e+05
7.7741e+05
7.6862e+05
7.5973e+05
7.5074e+05
7.4165e+05
7.3248e+05
7.2322e+05
7.1388e+05
7.0448e+05
6.9501e+05
6.8547e+05
6.7589e+05
6.6625e+05
6.5657e+05
6.4686e+05
6.3711e+05
6.2734e+05
6.1754e+05
6.0773e+05
5.9791e+05
5.8809e+05
5.7826e+05
5.6844e+05
5.5864e+05
5.4884e+05
5.3907e+05
5.2932e+05
5.1961e+05
5.0993e+05
5.0029e+05
4.9069e+05
4.8114e+05
4.7164e+05
4.622e+05
4.5283e+05
4.4352e+05
4.3427e+05
4.251e+05
4.1601e+05
4.07e+05
3.9807e+05
3.8923e+05
3.8048e+05
3.7182e+05
3.6326e+05
3.548e+05
3.4644e+05
3.3818e+05
3.3004e+05
3.22e+05
3.1408e+05
3.0627e+05
2.9858e+05
2.91e+05
2.8355e+05
2.7622e+05
2.6901e+05
2.6193e+05
2.5497e+05
2.4815e+05
2.4145e+05
2.3488e+05
2.2844e+05
2.2214e+05
2.1596e+05
2.0992e+05
2.0401e+05
1.9824e+05
1.926e+05
1.8709e+05
1.8172e+05
1.7648e+05
1.7138e+05
1.664e+05
1.6157e+05
1.5686e+05
1.5229e+05
1.4784e+05
1.4353e+05
1.3935e+05
1.3529e+05
1.3136e+05
1.2756e+05
1.2389e+05
1.2034e+05
1.1691e+05
1.136e+05
1.1041e+05
1.0734e+05
1.0439e+05
1.0155e+05
98827
96215
93711
91316
89026
86840
84757
82773
80886
79095
77398
75792
74275
72844
71498
70234
69050
67944
66913
65955
65067
64247
63494
62803
62174
61604
61090
60630
60222
59863
59552
59285
59061
58877
58731
58621
58545
58501
58486
58498
58536
58597
58679
58781
58900
59034
59182
59342
59512
59691
59876
60066
60260
60456
60652
60847
61040
61229
61412
61590
61759
61920
62071
62211
62339
62455
62556
62642
62713
62767
62804
62824
62825
62807
62769
62711
62633
62534
62413
62271
62107
61921
61713
61482
61228
60952
60654
60332
59988
59622
59233
58822
58389
57934
57458
56960
56442
55903
55343
54764
54166
53548
52913
52259
51587
50899
50195
49475
48739
