30202
33635
37285
41149
45219
49491
53958
58612
63447
68455
73628
78956
84433
90047
95791
1.0165e+05
1.0763e+05
1.137e+05
1.1986e+05
1.261e+05
1.3241e+05
1.3878e+05
1.4519e+05
1.5165e+05
1.5812e+05
1.6461e+05
1.7111e+05
1.776e+05
1.8407e+05
1.9051e+05
1.9692e+05
2.0328e+05
2.0958e+05
2.1581e+05
2.2196e+05
2.2802e+05
2.3399e+05
2.3985e+05
2.4559e+05
2.5122e+05
2.5671e+05
2.6206e+05
2.6726e+05
2.7232e+05
2.7721e+05
2.8193e+05
2.8648e+05
2.9085e+05
2.9504e+05
2.9904e+05
3.0285e+05
3.0646e+05
3.0987e+05
3.1308e+05
3.1609e+05
3.1888e+05
3.2146e+05
3.2384e+05
3.26e+05
3.2795e+05
3.2969e+05
3.3121e+05
3.3253e+05
3.3363e+05
3.3453e+05
3.3521e+05
3.357e+05
3.3598e+05
3.3607e+05
3.3596e+05
3.3565e+05
3.3516e+05
3.3449e+05
3.3364e+05
3.3262e+05
3.3143e+05
3.3008e+05
3.2857e+05
3.2691e+05
3.251e+05
3.2316e+05
3.2109e+05
3.1889e+05
3.1658e+05
3.1415e+05
3.1162e+05
3.09e+05
3.0628e+05
3.0349e+05
3.0062e+05
2.9768e+05
2.9469e+05
2.9164e+05
2.8855e+05
2.8543e+05
2.8227e+05
2.791e+05
2.7591e+05
2.7271e+05
2.6952e+05
2.6633e+05
2.6315e+05
2.6e+05
2.5687e+05
2.5378e+05
2.5073e+05
2.4772e+05
2.4477e+05
2.4187e+05
2.3904e+05
2.3627e+05
2.3358e+05
2.3096e+05
2.2843e+05
2.2599e+05
2.2363e+05
2.2137e+05
2.1921e+05
2.1715e+05
2.1519e+05
2.1334e+05
2.1159e+05
2.0996e+05
2.0843e+05
2.0702e+05
2.0573e+05
2.0454e+05
2.0348e+05
2.0253e+05
2.0169e+05
2.0097e+05
2.0036e+05
1.9987e+05
1.9949e+05
1.9921e+05
1.9905e+05
1.9899e+05
1.9904e+05
1.9919e+05
1.9944e+05
1.9978e+05
2.0022e+05
2.0074e+05
2.0135e+05
2.0204e+05
2.0281e+05
2.0365e+05
2.0456e+05
2.0554e+05
2.0658e+05
2.0767e+05
2.0881e+05
2.1e+05
2.1123e+05
2.1249e+05
2.1378e+05
2.151e+05
2.1644e+05
2.178e+05
2.1916e+05
2.2053e+05
2.219e+05
2.2326e+05
2.2461e+05
2.2594e+05
2.2725e+05
2.2854e+05
2.298e+05
2.3102e+05
2.322e+05
2.3333e+05
2.3442e+05
2.3545e+05
2.3643e+05
2.3734e+05
2.3819e+05
2.3898e+05
2.3969e+05
2.4032e+05
2.4088e+05
2.4136e+05
2.4175e+05
2.4206e+05
2.4228e+05
2.4242e+05
2.4246e+05
2.4241e+05
2.4227e+05
2.4203e+05
2.417e+05
2.4127e+05
2.4075e+05
2.4013e+05
2.3941e+05
2.386e+05
2.377e+05
2.367e+05
2.356e+05
2.3442e+05
2.3314e+05
2.3178e+05
2.3032e+05
2.2879e+05
2.2716e+05
2.2546e+05
2.2368e+05
2.2182e+05
2.1989e+05
2.1789e+05
2.1581e+05
2.1367e+05
2.1147e+05
2.0921e+05
2.069e+05
2.0453e+05
2.0211e+05
1.9964e+05
1.9713e+05
1.9458e+05
1.9199e+05
1.8936e+05
1.8671e+05
1.8403e+05
1.8132e+05
1.7859e+05
1.7585e+05
1.7308e+05
1.7031e+05
1.6753e+05
1.6473e+05
1.6194e+05
1.5914e+05
1.5634e+05
1.5355e+05
1.5076e+05
1.4798e+05
1.452e+05
1.4244e+05
1.3969e+05
1.3695e+05
1.3423e+05
1.3153e+05
1.2885e+05
1.2618e+05
1.2354e+05
1.2092e+05
1.1831e+05
1.1574e+05
1.1318e+05
1.1065e+05
1.0814e+05
1.0566e+05
1.032e+05
1.0077e+05
98357
95971
93610
91273
88959
86669
84402
82158
79937
77737
75559
73403
71267
69152
67057
64982
62928
60892
58877
56880
54903
52946
51008
49089
47191
45314
43457
41622
39809
38019
36252
34510
32794
31104
29442
27810
26207
24636
23099
21596
20130
18701
17312
15964
14659
13399
12185
11020
9904.3
8840.3
7829.5
6873.7
5974.4
5133.2
4351.5
3630.7
2972.1
2376.8
1846.1
1380.7
981.71
649.64
385.12
188.53
60.134
0
8.0319
83.954
227.3
437.43
713.5
1054.5
1459.1
1925.9
2453.3
3039.5
3682.4
4379.7
5129.1
5928
6773.5
7662.6
8592.2
9559.1
10560
11590
12647
13727
14825
15937
17059
18188
19318
20445
21565
22673
23766
24839
25886
26905
27891
28840
29748
30610
31425
32187
32894
33542
34129
34653
35110
35498
35817
36064
36239
36340
36368
36321
36202
36009
35745
35411
35009
34542
34012
33422
32776
32079
31335
30549
29726
28873
27995
27100
26194
25284
24380
23489
22620
21781
20982
20232
19542
18921
18380
17929
17579
17341
17226
17245
17409
17729
18218
18885
19742
20801
22072
23566
25294
27267
29494
31986
34753
37803
41146
44790
48744
53015
57610
62537
67801
73409
79364
85672
92337
99360
1.0675e+05
1.145e+05
1.2261e+05
1.3109e+05
1.3993e+05
1.4914e+05
1.5871e+05
1.6864e+05
1.7893e+05
1.8956e+05
2.0055e+05
2.1187e+05
2.2353e+05
2.3552e+05
2.4782e+05
2.6044e+05
2.7335e+05
2.8656e+05
3.0004e+05
3.138e+05
3.2781e+05
3.4206e+05
3.5654e+05
3.7123e+05
3.8612e+05
4.012e+05
4.1644e+05
4.3183e+05
4.4736e+05
4.63e+05
4.7874e+05
4.9456e+05
5.1044e+05
5.2637e+05
5.4231e+05
5.5826e+05
5.7419e+05
5.9008e+05
6.0591e+05
6.2167e+05
6.3732e+05
6.5286e+05
6.6825e+05
6.8349e+05
6.9855e+05
7.134e+05
7.2804e+05
7.4244e+05
7.5657e+05
7.7043e+05
7.8399e+05
7.9724e+05
8.1015e+05
8.2271e+05
8.349e+05
8.467e+05
8.5811e+05
8.691e+05
8.7965e+05
8.8976e+05
8.9942e+05
9.086e+05
9.1729e+05
9.2549e+05
9.3319e+05
9.4036e+05
9.4702e+05
9.5313e+05
9.5871e+05
9.6374e+05
9.6822e+05
9.7214e+05
9.755e+05
9.7829e+05
9.8052e+05
9.8217e+05
9.8326e+05
9.8378e+05
9.8373e+05
9.8311e+05
9.8193e+05
9.8019e+05
9.7789e+05
9.7505e+05
9.7166e+05
9.6773e+05
9.6328e+05
9.583e+05
9.5282e+05
9.4683e+05
9.4035e+05
9.3339e+05
9.2596e+05
9.1807e+05
9.0974e+05
9.0098e+05
8.918e+05
8.8223e+05
8.7226e+05
8.6192e+05
8.5123e+05
8.402e+05
8.2884e+05
8.1717e+05
8.0522e+05
7.9299e+05
7.805e+05
7.6777e+05
7.5483e+05
7.4168e+05
7.2834e+05
7.1483e+05
7.0117e+05
6.8737e+05
6.7346e+05
6.5945e+05
6.4536e+05
6.312e+05
6.1699e+05
6.0275e+05
5.8849e+05
5.7423e+05
5.5999e+05
5.4578e+05
5.3161e+05
5.1751e+05
5.0348e+05
4.8954e+05
4.7569e+05
4.6197e+05
4.4837e+05
4.3491e+05
4.216e+05
4.0845e+05
3.9547e+05
3.8268e+05
3.7008e+05
3.5768e+05
3.4548e+05
3.3351e+05
3.2175e+05
3.1023e+05
2.9894e+05
2.879e+05
2.7711e+05
2.6656e+05
2.5628e+05
2.4625e+05
2.3649e+05
2.2699e+05
2.1776e+05
2.088e+05
2.0011e+05
1.9169e+05
1.8354e+05
1.7566e+05
1.6805e+05
1.6071e+05
1.5364e+05
1.4683e+05
1.4029e+05
1.3401e+05
1.2798e+05
1.2221e+05
1.1668e+05
1.1141e+05
1.0637e+05
1.0158e+05
97015
92679
88567
84672
80990
77513
74238
71157
68265
65556
63023
60660
58462
56421
54532
52788
51183
49711
48365
47140
46029
45026
44125
43321
42608
41981
41432
40959
40554
40213
39932
39705
39527
39395
39303
39248
39226
39233
39264
39318
39390
39477
39577
39686
39802
39922
40044
40166
40286
40401
40512
40614
40708
40792
40865
40926
40974
41008
41027
41031
41020
40993
40950
40891
40816
40724
40615
40491
40351
40195
40024
39838
39637
39422
39194
38953
38699
38433
38155
37867
37569
37261
36944
36619
36286
35947
35600
35248
34891
34530
34164
33795
33423
33049
32672
32295
31916
31538
31159
30780
30403
30026
29651
29278
28907
28538
28171
27808
27447
27090
26736
26385
26038
25694
25354
25018
24686
24357
24032
23711
23394
23080
22770
22464
22161
21862
21566
21273
20983
20697
20413
20132
19854
19579
19306
19035
18766
18500
18235
17973
17711
17452
17194
16937
