66732
70016
73382
76826
80343
83929
87581
91293
95061
98882
1.0275e+05
1.0666e+05
1.1061e+05
1.1459e+05
1.1859e+05
1.2262e+05
1.2667e+05
1.3073e+05
1.348e+05
1.3887e+05
1.4294e+05
1.4701e+05
1.5106e+05
1.5509e+05
1.5911e+05
1.6309e+05
1.6705e+05
1.7097e+05
1.7485e+05
1.7869e+05
1.8248e+05
1.8621e+05
1.8989e+05
1.9351e+05
1.9706e+05
2.0055e+05
2.0396e+05
2.073e+05
2.1056e+05
2.1374e+05
2.1684e+05
2.1985e+05
2.2277e+05
2.256e+05
2.2834e+05
2.3098e+05
2.3353e+05
2.3598e+05
2.3832e+05
2.4057e+05
2.4272e+05
2.4476e+05
2.467e+05
2.4854e+05
2.5028e+05
2.5191e+05
2.5344e+05
2.5486e+05
2.5619e+05
2.5741e+05
2.5853e+05
2.5956e+05
2.6048e+05
2.6131e+05
2.6205e+05
2.6269e+05
2.6324e+05
2.637e+05
2.6408e+05
2.6437e+05
2.6458e+05
2.647e+05
2.6476e+05
2.6473e+05
2.6464e+05
2.6447e+05
2.6425e+05
2.6395e+05
2.636e+05
2.6319e+05
2.6273e+05
2.6222e+05
2.6166e+05
2.6105e+05
2.6041e+05
2.5972e+05
2.5901e+05
2.5826e+05
2.5748e+05
2.5668e+05
2.5586e+05
2.5502e+05
2.5416e+05
2.5329e+05
2.5241e+05
2.5152e+05
2.5063e+05
2.4974e+05
2.4885e+05
2.4796e+05
2.4708e+05
2.4621e+05
2.4535e+05
2.445e+05
2.4366e+05
2.4285e+05
2.4205e+05
2.4127e+05
2.4051e+05
2.3978e+05
2.3907e+05
2.3839e+05
2.3773e+05
2.371e+05
2.365e+05
2.3594e+05
2.354e+05
2.3489e+05
2.3442e+05
2.3397e+05
2.3356e+05
2.3318e+05
2.3284e+05
2.3252e+05
2.3224e+05
2.3199e+05
2.3177e+05
2.3158e+05
2.3142e+05
2.313e+05
2.312e+05
2.3112e+05
2.3108e+05
2.3106e+05
2.3107e+05
2.311e+05
2.3116e+05
2.3123e+05
2.3133e+05
2.3145e+05
2.3158e+05
2.3174e+05
2.319e+05
2.3209e+05
2.3228e+05
2.3249e+05
2.327e+05
2.3293e+05
2.3316e+05
2.334e+05
2.3364e+05
2.3388e+05
2.3412e+05
2.3437e+05
2.3461e+05
2.3485e+05
2.3509e+05
2.3531e+05
2.3554e+05
2.3575e+05
2.3595e+05
2.3614e+05
2.3632e+05
2.3649e+05
2.3664e+05
2.3677e+05
2.3689e+05
2.3699e+05
2.3706e+05
2.3712e+05
2.3716e+05
2.3717e+05
2.3717e+05
2.3713e+05
2.3707e+05
2.3699e+05
2.3688e+05
2.3674e+05
2.3658e+05
2.3638e+05
2.3616e+05
2.359e+05
2.3562e+05
2.353e+05
2.3496e+05
2.3458e+05
2.3417e+05
2.3372e+05
2.3324e+05
2.3273e+05
2.3219e+05
2.316e+05
2.3099e+05
2.3034e+05
2.2965e+05
2.2893e+05
2.2817e+05
2.2738e+05
2.2655e+05
2.2568e+05
2.2478e+05
2.2384e+05
2.2287e+05
2.2185e+05
2.208e+05
2.1971e+05
2.1859e+05
2.1743e+05
2.1623e+05
2.1499e+05
2.1371e+05
2.124e+05
2.1105e+05
2.0967e+05
2.0824e+05
2.0678e+05
2.0529e+05
2.0375e+05
2.0218e+05
2.0058e+05
1.9893e+05
1.9725e+05
1.9554e+05
1.9379e+05
1.92e+05
1.9018e+05
1.8833e+05
1.8644e+05
1.8452e+05
1.8257e+05
1.8058e+05
1.7857e+05
1.7652e+05
1.7444e+05
1.7234e+05
1.702e+05
1.6804e+05
1.6585e+05
1.6363e+05
1.6139e+05
1.5912e+05
1.5684e+05
1.5453e+05
1.522e+05
1.4985e+05
1.4748e+05
1.451e+05
1.427e+05
1.4028e+05
1.3786e+05
1.3542e+05
1.3297e+05
1.3052e+05
1.2806e+05
1.256e+05
1.2313e+05
1.2066e+05
1.1819e+05
1.1573e+05
1.1327e+05
1.1081e+05
1.0837e+05
1.0593e+05
1.0351e+05
1.0109e+05
98700
96323
93965
91629
89317
87029
84769
82538
80338
78170
76037
73940
71881
69861
67882
65946
64053
62206
60405
58652
56948
55294
53691
52140
50642
49197
47806
46469
45187
43960
42788
41672
40610
39604
38653
37755
36912
36121
35383
34696
34059
33472
32933
32441
31994
31590
31229
30908
30626
30380
30169
29990
29841
29720
29626
29554
29503
29471
29455
29452
29461
29477
29500
29525
29551
29576
29595
29608
29612
29604
29582
29543
29486
29408
29308
29184
29033
28854
28645
28406
28135
27830
27492
27118
26709
26264
25784
25266
24713
24125
23501
22843
22152
21429
20675
19892
19083
18248
17391
16514
15621
14713
13794
12868
11938
11009
10085
9168.9
8266.6
7382.5
6521.5
5688.9
4889.9
4130.1
3415.1
2750.7
2142.9
1597.8
1121.6
720.66
401.46
170.52
34.469
0
73.86
262.84
573.77
1013.5
1588.8
2306.6
3173.6
4196.7
5382.5
6737.6
8268.6
9982
11884
13981
16279
18784
21501
24437
27596
30984
34605
38464
42566
46915
51514
56367
61477
66848
72481
78380
84545
90978
97682
1.0466e+05
1.119e+05
1.1942e+05
1.272e+05
1.3526e+05
1.4358e+05
1.5217e+05
1.6103e+05
1.7015e+05
1.7952e+05
1.8916e+05
1.9904e+05
2.0918e+05
2.1956e+05
2.3018e+05
2.4103e+05
2.5211e+05
2.6341e+05
2.7493e+05
2.8665e+05
2.9858e+05
3.107e+05
3.23e+05
3.3548e+05
3.4813e+05
3.6094e+05
3.739e+05
3.8699e+05
4.0021e+05
4.1356e+05
4.2701e+05
4.4055e+05
4.5419e+05
4.6789e+05
4.8166e+05
4.9548e+05
5.0934e+05
5.2322e+05
5.3711e+05
5.5101e+05
5.6489e+05
5.7875e+05
5.9258e+05
6.0635e+05
6.2005e+05
6.3368e+05
6.4722e+05
6.6066e+05
6.7398e+05
6.8717e+05
7.0022e+05
7.1311e+05
7.2584e+05
7.3838e+05
7.5073e+05
7.6288e+05
7.748e+05
7.865e+05
7.9796e+05
8.0916e+05
8.201e+05
8.3076e+05
8.4114e+05
8.5122e+05
8.61e+05
8.7045e+05
8.7958e+05
8.8838e+05
8.9683e+05
9.0493e+05
9.1267e+05
9.2004e+05
9.2703e+05
9.3365e+05
9.3987e+05
9.457e+05
9.5113e+05
9.5616e+05
9.6077e+05
9.6498e+05
9.6877e+05
9.7213e+05
9.7508e+05
9.7759e+05
9.7969e+05
9.8135e+05
9.8259e+05
9.834e+05
9.8378e+05
9.8373e+05
9.8325e+05
9.8236e+05
9.8103e+05
9.7929e+05
9.7713e+05
9.7456e+05
9.7158e+05
9.6819e+05
9.6441e+05
9.6022e+05
9.5565e+05
9.507e+05
9.4537e+05
9.3967e+05
9.336e+05
9.2718e+05
9.2041e+05
9.1331e+05
9.0587e+05
8.9811e+05
8.9004e+05
8.8166e+05
8.7299e+05
8.6404e+05
8.5481e+05
8.4531e+05
8.3557e+05
8.2558e+05
8.1536e+05
8.0491e+05
7.9426e+05
7.8341e+05
7.7237e+05
7.6115e+05
7.4977e+05
7.3824e+05
7.2656e+05
7.1475e+05
7.0283e+05
6.9079e+05
6.7866e+05
6.6644e+05
6.5415e+05
6.418e+05
6.294e+05
6.1695e+05
6.0448e+05
5.9198e+05
5.7948e+05
5.6698e+05
5.545e+05
5.4203e+05
5.296e+05
5.1721e+05
5.0487e+05
4.9259e+05
4.8039e+05
4.6826e+05
4.5622e+05
4.4427e+05
4.3243e+05
4.207e+05
4.0908e+05
3.976e+05
3.8624e+05
3.7503e+05
3.6396e+05
3.5304e+05
3.4228e+05
3.3168e+05
3.2125e+05
3.11e+05
3.0091e+05
2.9101e+05
2.813e+05
2.7177e+05
2.6244e+05
2.533e+05
2.4436e+05
2.3562e+05
2.2707e+05
2.1874e+05
2.106e+05
2.0268e+05
1.9496e+05
1.8745e+05
1.8014e+05
1.7305e+05
1.6616e+05
1.5948e+05
1.5301e+05
1.4674e+05
1.4068e+05
1.3482e+05
1.2916e+05
1.237e+05
1.1844e+05
1.1338e+05
1.0851e+05
1.0383e+05
99344
95040
90919
86977
83212
79619
76196
72938
69843
66905
64122
61490
59004
56660
54454
52383
50441
48625
46930
45352
43887
42531
41279
40127
39071
38107
37230
36437
35723
35085
34518
34019
33583
33207
32888
32621
32403
32231
32101
32010
31955
31933
31940
31974
32032
32110
32208
32321
32448
32587
32734
32888
33047
33209
33372
33534
33694
33850
34001
34145
34281
34408
34525
34630
34724
34805
34871
34924
34961
34983
34989
34979
34952
34908
34847
34768
34673
34559
34429
34281
34116
33934
33734
33519
33287
33039
32775
32496
32202
31894
31571
31235
30885
30523
30149
29763
29366
28958
28540
28113
27677
27232
26779
26319
25852
25379
24901
24417
23928
23435
22939
22439
21937
21433
20926
20419
19911
19402
18894
18386
17878
17372
16868
16365
15865
15367
14872
14380
13892
13407
