6.2941e+05
6.3209e+05
6.348e+05
6.3754e+05
6.4032e+05
6.4314e+05
6.4602e+05
6.4897e+05
6.5199e+05
6.5508e+05
6.5826e+05
6.6153e+05
6.6489e+05
6.6835e+05
6.7191e+05
6.7557e+05
6.7934e+05
6.8322e+05
6.8721e+05
6.913e+05
6.9551e+05
6.9982e+05
7.0424e+05
7.0876e+05
7.1339e+05
7.1811e+05
7.2293e+05
7.2784e+05
7.3285e+05
7.3793e+05
7.4309e+05
7.4833e+05
7.5363e+05
7.59e+05
7.6442e+05
7.6988e+05
7.754e+05
7.8094e+05
7.8652e+05
7.9212e+05
7.9774e+05
8.0336e+05
8.0899e+05
8.1461e+05
8.2022e+05
8.2581e+05
8.3137e+05
8.369e+05
8.424e+05
8.4784e+05
8.5324e+05
8.5858e+05
8.6385e+05
8.6906e+05
8.7419e+05
8.7924e+05
8.8421e+05
8.8908e+05
8.9387e+05
8.9855e+05
9.0314e+05
9.0761e+05
9.1198e+05
9.1623e+05
9.2037e+05
9.2438e+05
9.2828e+05
9.3205e+05
9.357e+05
9.3922e+05
9.4261e+05
9.4586e+05
9.4899e+05
9.5198e+05
9.5484e+05
9.5756e+05
9.6015e+05
9.626e+05
9.6492e+05
9.6709e+05
9.6914e+05
9.7104e+05
9.7282e+05
9.7445e+05
9.7595e+05
9.7732e+05
9.7855e+05
9.7965e+05
9.8062e+05
9.8146e+05
9.8217e+05
9.8274e+05
9.8319e+05
9.8351e+05
9.8371e+05
9.8378e+05
9.8372e+05
9.8354e+05
9.8324e+05
9.8282e+05
9.8228e+05
9.8162e+05
9.8084e+05
9.7994e+05
9.7893e+05
9.778e+05
9.7656e+05
9.7521e+05
9.7374e+05
9.7217e+05
9.7049e+05
9.687e+05
9.668e+05
9.6479e+05
9.6269e+05
9.6048e+05
9.5816e+05
9.5575e+05
9.5324e+05
9.5062e+05
9.4792e+05
9.4511e+05
9.4221e+05
9.3922e+05
9.3614e+05
9.3297e+05
9.2971e+05
9.2636e+05
9.2293e+05
9.1942e+05
9.1582e+05
9.1214e+05
9.0839e+05
9.0456e+05
9.0065e+05
8.9668e+05
8.9263e+05
8.8852e+05
8.8434e+05
8.8009e+05
8.7579e+05
8.7143e+05
8.67e+05
8.6253e+05
8.58e+05
8.5342e+05
8.488e+05
8.4413e+05
8.3942e+05
8.3467e+05
8.2988e+05
8.2506e+05
8.2021e+05
8.1533e+05
8.1042e+05
8.0548e+05
8.0053e+05
7.9556e+05
7.9057e+05
7.8557e+05
7.8056e+05
7.7554e+05
7.7052e+05
7.6549e+05
7.6047e+05
7.5544e+05
7.5042e+05
7.4541e+05
7.4042e+05
7.3543e+05
7.3046e+05
7.255e+05
7.2057e+05
7.1566e+05
7.1077e+05
7.0591e+05
7.0108e+05
6.9628e+05
6.9151e+05
6.8678e+05
6.8208e+05
6.7743e+05
6.7281e+05
6.6824e+05
6.6372e+05
6.5924e+05
6.548e+05
6.5042e+05
6.4609e+05
6.4181e+05
6.3759e+05
6.3342e+05
6.2931e+05
6.2526e+05
6.2127e+05
6.1734e+05
6.1347e+05
6.0966e+05
6.0592e+05
6.0225e+05
5.9864e+05
5.9509e+05
5.9162e+05
5.8822e+05
5.8488e+05
5.8162e+05
5.7843e+05
5.7531e+05
5.7226e+05
5.6928e+05
5.6638e+05
5.6356e+05
5.6081e+05
5.5813e+05
5.5553e+05
5.53e+05
5.5056e+05
5.4818e+05
5.4589e+05
5.4367e+05
5.4153e+05
5.3946e+05
5.3747e+05
5.3556e+05
5.3372e+05
5.3196e+05
5.3028e+05
5.2867e+05
5.2714e+05
5.2569e+05
5.2431e+05
5.23e+05
5.2177e+05
5.2061e+05
5.1953e+05
5.1852e+05
5.1758e+05
5.1671e+05
5.1591e+05
5.1518e+05
5.1452e+05
5.1393e+05
5.1341e+05
5.1295e+05
5.1256e+05
5.1223e+05
5.1196e+05
5.1175e+05
5.1161e+05
5.1152e+05
5.1149e+05
5.1152e+05
5.1161e+05
5.1174e+05
5.1193e+05
5.1217e+05
5.1246e+05
5.128e+05
5.1319e+05
5.1361e+05
5.1409e+05
5.146e+05
5.1515e+05
5.1575e+05
5.1637e+05
5.1704e+05
5.1773e+05
5.1846e+05
5.1922e+05
5.2001e+05
5.2082e+05
5.2166e+05
5.2252e+05
5.2341e+05
5.2431e+05
5.2523e+05
5.2617e+05
5.2713e+05
5.281e+05
5.2908e+05
5.3007e+05
5.3108e+05
5.3209e+05
5.3311e+05
5.3413e+05
5.3516e+05
5.3619e+05
5.3723e+05
5.3826e+05
5.393e+05
5.4034e+05
5.4137e+05
5.424e+05
5.4343e+05
5.4446e+05
5.4548e+05
5.4649e+05
5.4751e+05
5.4851e+05
5.4951e+05
5.505e+05
5.5149e+05
5.5246e+05
5.5344e+05
5.544e+05
5.5536e+05
5.5631e+05
5.5725e+05
5.5819e+05
5.5913e+05
5.6005e+05
5.6098e+05
5.6189e+05
5.6281e+05
5.6372e+05
5.6463e+05
5.6554e+05
5.6644e+05
5.6735e+05
5.6826e+05
5.6917e+05
5.7008e+05
5.71e+05
5.7192e+05
5.7285e+05
5.7379e+05
5.7473e+05
5.7569e+05
5.7665e+05
5.7763e+05
5.7863e+05
5.7963e+05
5.8066e+05
5.817e+05
5.8276e+05
5.8384e+05
5.8494e+05
5.8607e+05
5.8722e+05
5.8839e+05
5.8959e+05
5.9082e+05
5.9208e+05
5.9337e+05
5.9468e+05
5.9603e+05
5.9742e+05
5.9884e+05
6.0029e+05
6.0178e+05
6.033e+05
6.0486e+05
6.0646e+05
6.081e+05
6.0978e+05
6.115e+05
6.1326e+05
6.1505e+05
6.1689e+05
6.1877e+05
6.2069e+05
6.2266e+05
6.2466e+05
6.267e+05
6.2879e+05
6.3091e+05
6.3308e+05
6.3528e+05
6.3753e+05
6.3981e+05
6.4213e+05
6.4448e+05
6.4687e+05
6.493e+05
6.5176e+05
6.5426e+05
6.5678e+05
6.5934e+05
6.6192e+05
6.6454e+05
6.6717e+05
6.6984e+05
6.7252e+05
6.7523e+05
6.7796e+05
6.8071e+05
6.8347e+05
6.8624e+05
6.8903e+05
6.9183e+05
6.9464e+05
6.9745e+05
7.0027e+05
7.0309e+05
7.0591e+05
7.0872e+05
7.1154e+05
7.1434e+05
7.1714e+05
7.1993e+05
7.227e+05
7.2546e+05
7.282e+05
7.3093e+05
7.3363e+05
7.363e+05
7.3896e+05
7.4158e+05
7.4417e+05
7.4674e+05
7.4927e+05
7.5176e+05
7.5422e+05
7.5663e+05
7.5901e+05
7.6134e+05
7.6363e+05
7.6588e+05
7.6807e+05
7.7022e+05
7.7232e+05
7.7437e+05
7.7636e+05
7.783e+05
7.8019e+05
7.8202e+05
7.8379e+05
7.8551e+05
7.8716e+05
7.8876e+05
7.903e+05
7.9178e+05
7.932e+05
7.9456e+05
7.9586e+05
7.9709e+05
7.9827e+05
7.9938e+05
8.0043e+05
8.0142e+05
8.0235e+05
8.0321e+05
8.0402e+05
8.0477e+05
8.0545e+05
8.0608e+05
8.0665e+05
8.0716e+05
8.0761e+05
8.08e+05
8.0834e+05
8.0862e+05
8.0884e+05
8.0902e+05
8.0913e+05
8.092e+05
8.0921e+05
8.0918e+05
8.0909e+05
8.0896e+05
8.0877e+05
8.0854e+05
8.0827e+05
8.0794e+05
8.0758e+05
8.0717e+05
8.0672e+05
8.0623e+05
8.057e+05
8.0512e+05
8.0451e+05
8.0387e+05
8.0318e+05
8.0246e+05
8.017e+05
8.0091e+05
8.0009e+05
7.9923e+05
7.9834e+05
7.9741e+05
7.9646e+05
7.9547e+05
7.9446e+05
7.9341e+05
7.9233e+05
7.9123e+05
7.9009e+05
7.8893e+05
7.8774e+05
7.8652e+05
7.8527e+05
7.8399e+05
7.8268e+05
7.8135e+05
7.7998e+05
7.7859e+05
7.7717e+05
7.7572e+05
7.7424e+05
7.7274e+05
7.712e+05
7.6963e+05
7.6803e+05
7.6641e+05
7.6475e+05
7.6306e+05
7.6134e+05
7.5958e+05
7.578e+05
7.5598e+05
7.5413e+05
7.5224e+05
7.5032e+05
7.4837e+05
7.4638e+05
7.4435e+05
7.4229e+05
7.4019e+05
7.3805e+05
7.3588e+05
7.3367e+05
7.3142e+05
7.2913e+05
7.268e+05
7.2444e+05
7.2203e+05
7.1958e+05
7.171e+05
7.1457e+05
7.12e+05
7.0939e+05
7.0674e+05
7.0405e+05
7.0132e+05
6.9854e+05
6.9573e+05
6.9287e+05
6.8998e+05
6.8704e+05
6.8406e+05
6.8104e+05
6.7798e+05
6.7488e+05
6.7174e+05
6.6857e+05
6.6535e+05
6.6209e+05
6.588e+05
6.5547e+05
6.521e+05
6.4869e+05
6.4525e+05
6.4178e+05
6.3827e+05
6.3473e+05
6.3115e+05
6.2754e+05
6.239e+05
6.2023e+05
6.1653e+05
6.128e+05
6.0904e+05
6.0526e+05
6.0145e+05
5.9761e+05
5.9376e+05
5.8987e+05
5.8597e+05
5.8204e+05
5.781e+05
5.7413e+05
5.7015e+05
5.6615e+05
5.6213e+05
5.581e+05
5.5405e+05
5.4999e+05
5.4592e+05
5.4184e+05
5.3775e+05
5.3365e+05
5.2954e+05
5.2543e+05
5.213e+05
5.1718e+05
5.1305e+05
5.0891e+05
5.0478e+05
5.0064e+05
4.965e+05
4.9236e+05
4.8822e+05
4.8409e+05
4.7995e+05
4.7582e+05
4.717e+05
4.6758e+05
4.6346e+05
4.5935e+05
4.5525e+05
4.5115e+05
4.4706e+05
4.4298e+05
4.3891e+05
4.3485e+05
4.308e+05
4.2676e+05
4.2274e+05
4.1872e+05
4.1471e+05
4.1072e+05
4.0674e+05
4.0277e+05
3.9881e+05
3.9487e+05
3.9094e+05
3.8702e+05
3.8312e+05
3.7924e+05
3.7536e+05
3.715e+05
3.6766e+05
3.6383e+05
3.6002e+05
3.5622e+05
3.5243e+05
3.4866e+05
3.449e+05
3.4116e+05
3.3744e+05
3.3372e+05
3.3003e+05
3.2634e+05
3.2268e+05
3.1902e+05
3.1538e+05
3.1176e+05
3.0815e+05
3.0455e+05
3.0097e+05
2.974e+05
2.9384e+05
2.903e+05
2.8677e+05
2.8326e+05
2.7975e+05
2.7626e+05
2.7278e+05
2.6932e+05
2.6587e+05
2.6243e+05
2.59e+05
2.5558e+05
2.5217e+05
2.4878e+05
2.454e+05
2.4202e+05
2.3866e+05
2.3531e+05
2.3197e+05
2.2864e+05
2.2533e+05
2.2202e+05
2.1872e+05
2.1543e+05
2.1215e+05
2.0888e+05
2.0563e+05
2.0238e+05
1.9914e+05
1.9591e+05
1.9269e+05
1.8948e+05
1.8628e+05
1.8309e+05
1.7991e+05
1.7673e+05
1.7357e+05
1.7042e+05
1.6728e+05
1.6415e+05
1.6102e+05
1.5791e+05
1.5481e+05
1.5172e+05
1.4863e+05
1.4556e+05
1.425e+05
1.3945e+05
1.3642e+05
1.3339e+05
1.3037e+05
1.2737e+05
1.2438e+05
1.214e+05
1.1843e+05
1.1548e+05
1.1254e+05
1.0961e+05
1.0669e+05
1.0379e+05
1.009e+05
98032
95174
92331
89503
86690
83894
81113
78349
75601
72871
70157
67461
64783
62123
59482
56859
54254
51669
49104
46558
44031
41525
39039
36574
34128
31704
29301
26918
24557
22217
19898
17601
15325
13071
10839
8627.6
6438.3
4270.6
2124.5
0
