29839
32184
34817
37735
40937
44420
48181
52216
56518
61084
65904
70973
76281
81820
87581
93552
99723
1.0608e+05
1.1262e+05
1.1932e+05
1.2617e+05
1.3315e+05
1.4026e+05
1.4748e+05
1.5479e+05
1.6218e+05
1.6963e+05
1.7713e+05
1.8466e+05
1.9221e+05
1.9976e+05
2.0729e+05
2.1479e+05
2.2225e+05
2.2964e+05
2.3695e+05
2.4417e+05
2.5127e+05
2.5825e+05
2.651e+05
2.7178e+05
2.783e+05
2.8464e+05
2.9078e+05
2.9671e+05
3.0242e+05
3.079e+05
3.1314e+05
3.1812e+05
3.2283e+05
3.2728e+05
3.3144e+05
3.353e+05
3.3888e+05
3.4214e+05
3.451e+05
3.4774e+05
3.5006e+05
3.5205e+05
3.5372e+05
3.5506e+05
3.5607e+05
3.5675e+05
3.571e+05
3.5712e+05
3.5681e+05
3.5618e+05
3.5522e+05
3.5395e+05
3.5236e+05
3.5047e+05
3.4828e+05
3.4579e+05
3.4301e+05
3.3995e+05
3.3663e+05
3.3304e+05
3.2921e+05
3.2513e+05
3.2082e+05
3.163e+05
3.1157e+05
3.0664e+05
3.0153e+05
2.9626e+05
2.9083e+05
2.8525e+05
2.7955e+05
2.7374e+05
2.6782e+05
2.6182e+05
2.5574e+05
2.4961e+05
2.4343e+05
2.3723e+05
2.3101e+05
2.2478e+05
2.1857e+05
2.1238e+05
2.0624e+05
2.0014e+05
1.9411e+05
1.8816e+05
1.823e+05
1.7654e+05
1.7089e+05
1.6536e+05
1.5997e+05
1.5473e+05
1.4964e+05
1.4471e+05
1.3995e+05
1.3537e+05
1.3098e+05
1.2678e+05
1.2279e+05
1.19e+05
1.1541e+05
1.1205e+05
1.089e+05
1.0598e+05
1.0328e+05
1.0081e+05
98566
96554
94771
93220
91897
90803
89936
89293
88872
88669
88682
88905
89335
89966
90794
91812
93016
94398
95953
97674
99554
1.0159e+05
1.0376e+05
1.0608e+05
1.0852e+05
1.1108e+05
1.1376e+05
1.1655e+05
1.1943e+05
1.224e+05
1.2546e+05
1.2859e+05
1.3179e+05
1.3505e+05
1.3836e+05
1.4171e+05
1.451e+05
1.4852e+05
1.5195e+05
1.554e+05
1.5886e+05
1.6232e+05
1.6577e+05
1.6921e+05
1.7262e+05
1.7601e+05
1.7937e+05
1.8269e+05
1.8596e+05
1.8918e+05
1.9235e+05
1.9545e+05
1.9849e+05
2.0146e+05
2.0435e+05
2.0716e+05
2.0989e+05
2.1253e+05
2.1507e+05
2.1752e+05
2.1987e+05
2.2212e+05
2.2426e+05
2.2629e+05
2.2821e+05
2.3001e+05
2.3169e+05
2.3326e+05
2.347e+05
2.3603e+05
2.3722e+05
2.3829e+05
2.3923e+05
2.4004e+05
2.4071e+05
2.4126e+05
2.4168e+05
2.4196e+05
2.421e+05
2.4212e+05
2.4199e+05
2.4174e+05
2.4135e+05
2.4083e+05
2.4017e+05
2.3939e+05
2.3847e+05
2.3743e+05
2.3625e+05
2.3495e+05
2.3352e+05
2.3197e+05
2.303e+05
2.2852e+05
2.2661e+05
2.2459e+05
2.2246e+05
2.2023e+05
2.1788e+05
2.1544e+05
2.129e+05
2.1027e+05
2.0754e+05
2.0473e+05
2.0184e+05
1.9887e+05
1.9582e+05
1.9271e+05
1.8953e+05
1.863e+05
1.83e+05
1.7966e+05
1.7627e+05
1.7285e+05
1.6938e+05
1.6589e+05
1.6237e+05
1.5883e+05
1.5528e+05
1.5172e+05
1.4815e+05
1.4459e+05
1.4103e+05
1.3748e+05
1.3394e+05
1.3042e+05
1.2693e+05
1.2347e+05
1.2003e+05
1.1664e+05
1.1328e+05
1.0997e+05
1.067e+05
1.0349e+05
1.0033e+05
97226
94181
91197
88277
85423
82635
79916
77267
74688
72179
69743
67377
65083
62861
60708
58625
56611
54665
52785
50969
49216
47525
45892
44317
42797
41329
39911
38542
37218
35937
34697
33495
32330
31198
30097
29027
27983
26965
25971
24999
24047
23115
22201
21304
20423
19558
18709
17875
17056
16253
15465
14694
13940
13205
12489
11793
11120
10471
9846.9
9250.5
8683.5
8147.9
7645.8
7179.5
6751.1
6362.8
6016.8
5715.3
5460.3
5253.9
5098.1
4994.6
4945.1
4951.2
5014.2
5135.2
5315.2
5554.8
5854.6
6214.7
6635
7115.1
7654.4
8251.8
8906.1
9615.5
10378
11192
12054
12961
13910
14898
15920
16972
18051
19150
20266
21392
22524
23655
24780
25894
26989
28060
29101
30105
31067
31980
32838
33636
34368
35028
35611
36112
36527
36851
37081
37213
37244
37172
36995
36711
36320
35823
35218
34508
33695
32781
31770
30666
29474
28199
26848
25429
23949
22416
20842
19235
17607
15969
14334
12715
11125
9579.5
8092.1
6678.6
5354.7
4136.7
3041
2084.7
1285
659.18
224.96
0
2.032
248.78
757.89
1546.9
2633
4033.3
5764.4
7842.5
10284
13103
16315
19933
23972
28443
33359
38729
44564
50872
57660
64937
72707
80973
89740
99009
1.0878e+05
1.1905e+05
1.2983e+05
1.4109e+05
1.5285e+05
1.651e+05
1.7782e+05
1.9101e+05
2.0465e+05
2.1875e+05
2.3327e+05
2.4822e+05
2.6356e+05
2.7929e+05
2.9539e+05
3.1184e+05
3.2861e+05
3.4569e+05
3.6305e+05
3.8067e+05
3.9852e+05
4.1658e+05
4.3482e+05
4.5321e+05
4.7173e+05
4.9035e+05
5.0903e+05
5.2775e+05
5.4647e+05
5.6518e+05
5.8382e+05
6.0238e+05
6.2082e+05
6.3911e+05
6.5722e+05
6.7512e+05
6.9277e+05
7.1015e+05
7.2723e+05
7.4397e+05
7.6035e+05
7.7633e+05
7.919e+05
8.0701e+05
8.2165e+05
8.3579e+05
8.494e+05
8.6247e+05
8.7496e+05
8.8685e+05
8.9814e+05
9.0878e+05
9.1878e+05
9.2811e+05
9.3676e+05
9.447e+05
9.5194e+05
9.5846e+05
9.6424e+05
9.6929e+05
9.7359e+05
9.7714e+05
9.7993e+05
9.8197e+05
9.8325e+05
9.8378e+05
9.8355e+05
9.8257e+05
9.8084e+05
9.7838e+05
9.7518e+05
9.7127e+05
9.6664e+05
9.6132e+05
9.5531e+05
9.4863e+05
9.4129e+05
9.3331e+05
9.2472e+05
9.1552e+05
9.0574e+05
8.954e+05
8.8452e+05
8.7312e+05
8.6123e+05
8.4886e+05
8.3605e+05
8.2281e+05
8.0918e+05
7.9518e+05
7.8083e+05
7.6616e+05
7.5119e+05
7.3596e+05
7.2049e+05
7.048e+05
6.8893e+05
6.7289e+05
6.5672e+05
6.4044e+05
6.2407e+05
6.0765e+05
5.9119e+05
5.7472e+05
5.5827e+05
5.4185e+05
5.2549e+05
5.0922e+05
4.9305e+05
4.77e+05
4.611e+05
4.4537e+05
4.2981e+05
4.1446e+05
3.9932e+05
3.8441e+05
3.6975e+05
3.5536e+05
3.4123e+05
3.274e+05
3.1386e+05
3.0063e+05
2.8772e+05
2.7514e+05
2.629e+05
2.5099e+05
2.3943e+05
2.2823e+05
2.1738e+05
2.0689e+05
1.9676e+05
1.87e+05
1.776e+05
1.6857e+05
1.599e+05
1.5159e+05
1.4365e+05
1.3606e+05
1.2882e+05
1.2193e+05
1.1539e+05
1.0918e+05
1.0331e+05
97762
92536
87622
83012
78699
74674
70928
67451
64236
61272
58550
56060
53791
51735
49880
48218
46737
45428
44280
43285
42432
41711
41113
40629
40249
39965
39768
39649
39600
39614
39681
39796
39952
40140
40355
40591
40842
41102
41367
41631
41890
42140
42377
42597
42798
42977
43131
43257
43355
43422
43457
43459
43427
43361
43260
43125
42956
42753
42516
42247
41947
41616
41256
40869
40456
40018
39558
39077
38578
38062
37531
36989
36435
35874
35307
34736
34164
33592
33022
32458
31899
31350
30811
30284
29771
29273
28793
28330
27888
27466
27067
26690
26337
26009
25705
25427
25175
24950
24750
24577
24430
24308
24212
24141
24095
24072
24072
24094
24137
24200
24282
24381
24497
24628
24772
24928
25095
25271
25454
25643
25837
26033
26230
26427
26621
26812
26997
27176
27346
27507
27656
27793
27915
28023
28115
28189
28245
28282
28298
28294
28268
28220
28149
28056
27938
27798
27633
27445
27232
26997
26737
26455
26151
25824
25475
25106
24716
24307
23880
23435
22973
22496
22005
