59857
63234
66890
70823
75030
79509
84255
89262
94524
1.0003e+05
1.0578e+05
1.1176e+05
1.1795e+05
1.2435e+05
1.3095e+05
1.3772e+05
1.4466e+05
1.5176e+05
1.5899e+05
1.6635e+05
1.7381e+05
1.8135e+05
1.8897e+05
1.9664e+05
2.0434e+05
2.1206e+05
2.1977e+05
2.2746e+05
2.3512e+05
2.4271e+05
2.5022e+05
2.5764e+05
2.6494e+05
2.7211e+05
2.7913e+05
2.8597e+05
2.9264e+05
2.991e+05
3.0534e+05
3.1134e+05
3.171e+05
3.226e+05
3.2782e+05
3.3275e+05
3.3738e+05
3.417e+05
3.457e+05
3.4937e+05
3.527e+05
3.5568e+05
3.5831e+05
3.6058e+05
3.6249e+05
3.6404e+05
3.6521e+05
3.6602e+05
3.6645e+05
3.6652e+05
3.6622e+05
3.6554e+05
3.6451e+05
3.6312e+05
3.6137e+05
3.5927e+05
3.5683e+05
3.5405e+05
3.5095e+05
3.4753e+05
3.438e+05
3.3977e+05
3.3545e+05
3.3085e+05
3.2599e+05
3.2088e+05
3.1552e+05
3.0994e+05
3.0415e+05
2.9815e+05
2.9197e+05
2.8561e+05
2.791e+05
2.7244e+05
2.6566e+05
2.5876e+05
2.5176e+05
2.4468e+05
2.3752e+05
2.3032e+05
2.2307e+05
2.1579e+05
2.085e+05
2.0121e+05
1.9394e+05
1.867e+05
1.795e+05
1.7235e+05
1.6527e+05
1.5827e+05
1.5136e+05
1.4455e+05
1.3785e+05
1.3129e+05
1.2485e+05
1.1856e+05
1.1243e+05
1.0645e+05
1.0065e+05
95031
89597
84358
79321
74492
69876
65480
61308
57365
53655
50182
46949
43958
41212
38713
36463
34462
32711
31210
29960
28959
28206
27701
27441
27424
27648
28109
28804
29729
30881
32254
33844
35646
37654
39862
42264
44854
47624
50568
53677
56945
60364
63925
67619
71438
75374
79417
83558
87787
92095
96473
1.0091e+05
1.054e+05
1.0993e+05
1.1449e+05
1.1906e+05
1.2365e+05
1.2825e+05
1.3283e+05
1.374e+05
1.4193e+05
1.4643e+05
1.5089e+05
1.5529e+05
1.5963e+05
1.639e+05
1.6809e+05
1.7219e+05
1.7619e+05
1.8009e+05
1.8389e+05
1.8757e+05
1.9112e+05
1.9455e+05
1.9785e+05
2.0101e+05
2.0402e+05
2.0689e+05
2.0961e+05
2.1218e+05
2.1459e+05
2.1684e+05
2.1893e+05
2.2086e+05
2.2262e+05
2.2422e+05
2.2566e+05
2.2693e+05
2.2803e+05
2.2898e+05
2.2976e+05
2.3038e+05
2.3084e+05
2.3115e+05
2.313e+05
2.313e+05
2.3115e+05
2.3086e+05
2.3042e+05
2.2985e+05
2.2913e+05
2.2829e+05
2.2732e+05
2.2623e+05
2.2502e+05
2.2369e+05
2.2225e+05
2.207e+05
2.1905e+05
2.173e+05
2.1545e+05
2.1351e+05
2.1149e+05
2.0938e+05
2.0719e+05
2.0492e+05
2.0259e+05
2.0018e+05
1.977e+05
1.9517e+05
1.9257e+05
1.8991e+05
1.872e+05
1.8444e+05
1.8163e+05
1.7877e+05
1.7587e+05
1.7293e+05
1.6994e+05
1.6692e+05
1.6387e+05
1.6078e+05
1.5765e+05
1.545e+05
1.5132e+05
1.4811e+05
1.4488e+05
1.4163e+05
1.3836e+05
1.3507e+05
1.3177e+05
1.2845e+05
1.2513e+05
1.2179e+05
1.1845e+05
1.151e+05
1.1176e+05
1.0841e+05
1.0507e+05
1.0174e+05
98423
95118
91830
88563
85321
82106
78923
75776
72667
69601
66581
63611
60694
57835
55037
52302
49635
47039
44517
42071
39704
37420
35220
33106
31080
29143
27298
25544
23883
22315
20840
19457
18167
16968
15858
14837
13902
13052
12283
11593
10980
10438
9966.2
9559.3
9213.9
8925.6
8690.2
8503.4
8360.6
8257.2
8188.6
8150.1
8137.2
8145.3
8169.8
8206.4
8250.7
8298.8
8346.6
8390.5
8426.9
8452.7
8464.8
8460.8
8438.2
8395.2
8329.9
8241.2
8128.1
7990.2
7827.1
7639.1
7426.7
7190.9
6933
6654.5
6357.4
6043.9
5716.7
5378.4
5032.2
4681.4
4329.4
3979.8
3636.4
3303.1
2983.8
2682.4
2402.8
2148.9
1924.6
1733.6
1579.2
1465
1394
1369.1
1392.8
1467.4
1594.8
1776.6
2013.8
2307.2
2657.2
3063.4
3525.4
4042
4611.7
5232.5
5901.9
6616.9
7374.2
8169.9
8999.8
9859.4
10743
11647
12564
13489
14415
15337
16248
17141
18010
18849
19651
20409
21118
21771
22364
22891
23347
23727
24029
24249
24384
24433
24394
24268
24054
23755
23372
22908
22369
21759
21084
20352
19571
18749
17898
17028
16152
15283
14435
13623
12863
12172
11566
11065
10687
10451
10377
10485
10797
11333
12114
13161
14495
16138
18111
20433
23125
26207
29698
33616
37980
42804
48106
53900
60200
67017
74363
82247
90678
99661
1.092e+05
1.193e+05
1.2997e+05
1.412e+05
1.5298e+05
1.6532e+05
1.7822e+05
1.9165e+05
2.0562e+05
2.2011e+05
2.3511e+05
2.5061e+05
2.6658e+05
2.83e+05
2.9986e+05
3.1714e+05
3.3481e+05
3.5284e+05
3.7121e+05
3.8989e+05
4.0885e+05
4.2805e+05
4.4746e+05
4.6706e+05
4.868e+05
5.0665e+05
5.2656e+05
5.4652e+05
5.6646e+05
5.8637e+05
6.0618e+05
6.2588e+05
6.4541e+05
6.6474e+05
6.8383e+05
7.0264e+05
7.2112e+05
7.3924e+05
7.5697e+05
7.7426e+05
7.9108e+05
8.0738e+05
8.2315e+05
8.3834e+05
8.5291e+05
8.6685e+05
8.8012e+05
8.9269e+05
9.0453e+05
9.1562e+05
9.2594e+05
9.3547e+05
9.4418e+05
9.5207e+05
9.591e+05
9.6528e+05
9.7058e+05
9.7501e+05
9.7854e+05
9.8118e+05
9.8293e+05
9.8378e+05
9.8373e+05
9.8279e+05
9.8096e+05
9.7825e+05
9.7467e+05
9.7023e+05
9.6494e+05
9.5882e+05
9.5188e+05
9.4415e+05
9.3564e+05
9.2637e+05
9.1637e+05
9.0567e+05
8.9428e+05
8.8224e+05
8.6957e+05
8.563e+05
8.4247e+05
8.2809e+05
8.1322e+05
7.9787e+05
7.8209e+05
7.659e+05
7.4934e+05
7.3245e+05
7.1525e+05
6.9778e+05
6.8008e+05
6.6219e+05
6.4413e+05
6.2594e+05
6.0765e+05
5.8929e+05
5.7091e+05
5.5253e+05
5.3418e+05
5.1589e+05
4.9769e+05
4.7961e+05
4.6169e+05
4.4393e+05
4.2638e+05
4.0905e+05
3.9198e+05
3.7517e+05
3.5866e+05
3.4245e+05
3.2658e+05
3.1106e+05
2.959e+05
2.8111e+05
2.6672e+05
2.5274e+05
2.3916e+05
2.2602e+05
2.133e+05
2.0102e+05
1.8919e+05
1.778e+05
1.6687e+05
1.5639e+05
1.4636e+05
1.3679e+05
1.2767e+05
1.19e+05
1.1078e+05
1.03e+05
95652
88735
82241
76162
70487
65209
60317
55799
51646
47845
44383
41249
38429
35910
33679
31722
30025
28574
27356
26356
25560
24955
24527
24262
24147
24169
24315
24572
24928
25371
25890
26473
27110
27790
28503
29241
29993
30752
31510
32259
32992
33703
34386
35035
35646
36214
36735
37206
37623
37984
38288
38532
38715
38837
38897
38895
38831
38707
38523
38280
37981
37626
37218
36760
36254
35702
35108
34474
33803
33099
32366
31605
30821
30018
29197
28364
27520
26670
25817
24963
24112
23266
22429
21603
20791
19995
19217
18460
17724
17013
16328
15669
15039
14438
13867
13326
12817
12339
11893
11479
11096
10744
10423
10132
9870.5
9637
9430.8
9250.8
9095.8
8964.5
8855.4
8767
8697.9
8646.5
8611
8589.9
8581.4
8583.9
8595.6
8614.8
8639.9
8669.1
8700.9
8733.6
8765.7
8795.7
8822.2
8843.8
8859.2
8867.2
8866.7
8856.7
8836.1
8804.2
8760.1
8703.3
8633.1
8549.2
8451.1
8338.6
8211.6
8069.9
7913.7
7743
7558.1
7359.4
7147.1
6921.7
6683.9
6434.3
6173.4
5902.2
5621.3
5331.6
5034
4729.5
4419
4103.5
3783.9
3461.4
3136.9
2811.4
2486
2161.7
1839.4
1520.1
1204.7
894.17
589.33
291.02
0
