34879
38139
41614
45298
49188
53277
57560
62031
66682
71508
76499
81649
86950
92392
97968
1.0367e+05
1.0948e+05
1.154e+05
1.2142e+05
1.2752e+05
1.337e+05
1.3994e+05
1.4625e+05
1.5259e+05
1.5897e+05
1.6538e+05
1.718e+05
1.7822e+05
1.8464e+05
1.9104e+05
1.9742e+05
2.0376e+05
2.1005e+05
2.1629e+05
2.2246e+05
2.2856e+05
2.3457e+05
2.405e+05
2.4631e+05
2.5202e+05
2.5762e+05
2.6308e+05
2.6842e+05
2.7361e+05
2.7866e+05
2.8355e+05
2.8829e+05
2.9286e+05
2.9726e+05
3.0148e+05
3.0552e+05
3.0938e+05
3.1306e+05
3.1654e+05
3.1983e+05
3.2292e+05
3.2581e+05
3.285e+05
3.3099e+05
3.3328e+05
3.3537e+05
3.3725e+05
3.3893e+05
3.4041e+05
3.4168e+05
3.4276e+05
3.4364e+05
3.4433e+05
3.4482e+05
3.4512e+05
3.4523e+05
3.4516e+05
3.4492e+05
3.4449e+05
3.439e+05
3.4314e+05
3.4222e+05
3.4114e+05
3.3991e+05
3.3854e+05
3.3703e+05
3.3538e+05
3.3361e+05
3.3172e+05
3.2971e+05
3.276e+05
3.2539e+05
3.2308e+05
3.2069e+05
3.1821e+05
3.1567e+05
3.1306e+05
3.1039e+05
3.0767e+05
3.049e+05
3.021e+05
2.9927e+05
2.9641e+05
2.9354e+05
2.9066e+05
2.8778e+05
2.849e+05
2.8203e+05
2.7918e+05
2.7635e+05
2.7355e+05
2.7079e+05
2.6806e+05
2.6539e+05
2.6276e+05
2.602e+05
2.5769e+05
2.5525e+05
2.5288e+05
2.5059e+05
2.4837e+05
2.4624e+05
2.442e+05
2.4224e+05
2.4037e+05
2.386e+05
2.3693e+05
2.3536e+05
2.3388e+05
2.3251e+05
2.3124e+05
2.3008e+05
2.2902e+05
2.2806e+05
2.2722e+05
2.2647e+05
2.2583e+05
2.2529e+05
2.2486e+05
2.2453e+05
2.2429e+05
2.2415e+05
2.2411e+05
2.2416e+05
2.243e+05
2.2453e+05
2.2485e+05
2.2524e+05
2.2571e+05
2.2626e+05
2.2687e+05
2.2756e+05
2.283e+05
2.291e+05
2.2996e+05
2.3086e+05
2.3181e+05
2.3279e+05
2.3381e+05
2.3486e+05
2.3594e+05
2.3703e+05
2.3814e+05
2.3925e+05
2.4037e+05
2.4149e+05
2.4261e+05
2.4371e+05
2.448e+05
2.4586e+05
2.469e+05
2.4791e+05
2.4888e+05
2.4982e+05
2.5071e+05
2.5155e+05
2.5234e+05
2.5307e+05
2.5374e+05
2.5435e+05
2.5489e+05
2.5535e+05
2.5575e+05
2.5606e+05
2.563e+05
2.5646e+05
2.5653e+05
2.5651e+05
2.564e+05
2.5621e+05
2.5592e+05
2.5554e+05
2.5507e+05
2.5451e+05
2.5384e+05
2.5309e+05
2.5224e+05
2.5129e+05
2.5025e+05
2.4912e+05
2.4789e+05
2.4657e+05
2.4516e+05
2.4367e+05
2.4208e+05
2.4041e+05
2.3866e+05
2.3683e+05
2.3491e+05
2.3293e+05
2.3086e+05
2.2873e+05
2.2653e+05
2.2426e+05
2.2193e+05
2.1954e+05
2.1709e+05
2.146e+05
2.1205e+05
2.0945e+05
2.0682e+05
2.0414e+05
2.0143e+05
1.9869e+05
1.9591e+05
1.9311e+05
1.9029e+05
1.8744e+05
1.8458e+05
1.8171e+05
1.7883e+05
1.7594e+05
1.7304e+05
1.7014e+05
1.6725e+05
1.6435e+05
1.6146e+05
1.5858e+05
1.5571e+05
1.5285e+05
1.5001e+05
1.4718e+05
1.4436e+05
1.4157e+05
1.388e+05
1.3604e+05
1.3331e+05
1.3061e+05
1.2792e+05
1.2527e+05
1.2263e+05
1.2003e+05
1.1745e+05
1.1489e+05
1.1236e+05
1.0986e+05
1.0739e+05
1.0494e+05
1.0252e+05
1.0012e+05
97751
95405
93084
90786
88513
86262
84034
81828
79643
77479
75335
73212
71107
69022
66956
64908
62878
60866
58873
56897
54940
53001
51081
49180
47299
45438
43598
41779
39984
38211
36464
34743
33048
31382
29747
28142
26571
25035
23535
22074
20652
19273
17937
16647
15404
14211
13069
11981
10947
9969.2
9050.2
8190.9
7393.1
6658.1
5987.2
5381.7
4842.5
4370.7
3967
3632.1
3366.4
3170.2
3043.7
2986.8
2999.2
3080.4
3229.8
3446.5
3729.4
4077.2
4488.3
4961.1
5493.5
6083.4
6728.4
7425.9
8173.1
8967
9804.3
10682
11596
12542
13518
14518
15539
16576
17625
18681
19740
20797
21847
22885
23908
24909
25885
26830
27740
28610
29436
30214
30939
31607
32215
32759
33235
33641
33973
34229
34406
34503
34518
34449
34296
34058
33735
33327
32836
32261
31604
30869
30056
29169
28212
27187
26100
24956
23758
22514
21230
19911
18565
17200
15823
14443
13069
11708
10372
9069.6
7811
6606.5
5467
4403.3
3426.7
2548.4
1780.1
1133.4
620.1
252.14
41.449
0
139.76
472.66
1010.5
1765.2
2748.1
3970.9
5444.6
7180.4
9188.8
11480
14065
16952
20152
23673
27523
31710
36241
41124
46365
51968
57940
64284
71004
78104
85584
93447
1.0169e+05
1.1032e+05
1.1934e+05
1.2873e+05
1.385e+05
1.4865e+05
1.5917e+05
1.7006e+05
1.8131e+05
1.9291e+05
2.0486e+05
2.1715e+05
2.2977e+05
2.4272e+05
2.5597e+05
2.6953e+05
2.8337e+05
2.9749e+05
3.1187e+05
3.265e+05
3.4137e+05
3.5645e+05
3.7174e+05
3.8722e+05
4.0286e+05
4.1866e+05
4.346e+05
4.5065e+05
4.668e+05
4.8302e+05
4.9931e+05
5.1564e+05
5.3198e+05
5.4832e+05
5.6465e+05
5.8093e+05
5.9715e+05
6.1328e+05
6.2931e+05
6.4521e+05
6.6097e+05
6.7656e+05
6.9196e+05
7.0715e+05
7.2212e+05
7.3684e+05
7.5129e+05
7.6545e+05
7.793e+05
7.9283e+05
8.0602e+05
8.1884e+05
8.3129e+05
8.4334e+05
8.5499e+05
8.662e+05
8.7698e+05
8.873e+05
8.9715e+05
9.0653e+05
9.1541e+05
9.2378e+05
9.3164e+05
9.3898e+05
9.4578e+05
9.5204e+05
9.5776e+05
9.6292e+05
9.6751e+05
9.7155e+05
9.7502e+05
9.7791e+05
9.8023e+05
9.8198e+05
9.8315e+05
9.8375e+05
9.8378e+05
9.8323e+05
9.8212e+05
9.8045e+05
9.7821e+05
9.7543e+05
9.721e+05
9.6823e+05
9.6382e+05
9.589e+05
9.5346e+05
9.4752e+05
9.4108e+05
9.3417e+05
9.2678e+05
9.1893e+05
9.1065e+05
9.0193e+05
8.9279e+05
8.8325e+05
8.7333e+05
8.6303e+05
8.5238e+05
8.4138e+05
8.3006e+05
8.1844e+05
8.0652e+05
7.9432e+05
7.8187e+05
7.6919e+05
7.5627e+05
7.4316e+05
7.2985e+05
7.1638e+05
7.0275e+05
6.8899e+05
6.7511e+05
6.6112e+05
6.4706e+05
6.3292e+05
6.1874e+05
6.0452e+05
5.9029e+05
5.7605e+05
5.6182e+05
5.4762e+05
5.3347e+05
5.1937e+05
5.0535e+05
4.9141e+05
4.7757e+05
4.6384e+05
4.5024e+05
4.3677e+05
4.2345e+05
4.1029e+05
3.973e+05
3.8448e+05
3.7186e+05
3.5943e+05
3.4721e+05
3.352e+05
3.2342e+05
3.1186e+05
3.0054e+05
2.8945e+05
2.7862e+05
2.6803e+05
2.577e+05
2.4763e+05
2.3782e+05
2.2827e+05
2.1899e+05
2.0998e+05
2.0124e+05
1.9277e+05
1.8457e+05
1.7664e+05
1.6899e+05
1.616e+05
1.5448e+05
1.4763e+05
1.4105e+05
1.3473e+05
1.2866e+05
1.2286e+05
1.173e+05
1.12e+05
1.0695e+05
1.0213e+05
97556
93212
89096
85203
81527
78063
74805
71749
68887
66214
63724
61410
59267
57288
55468
53799
52275
50890
49638
48513
47508
46617
45834
45153
44568
44073
43662
43331
43072
42881
42752
42680
42661
42688
42758
42866
43007
43177
43372
43587
43820
44066
44322
44585
44850
45117
45380
45639
45889
46130
46359
46573
46771
46951
47112
47252
47369
47464
47534
47578
47597
47590
47555
47493
47403
47286
47140
46967
46766
46537
46282
45999
45691
45356
44997
44613
44206
43776
43323
42850
42357
41844
41313
40766
40202
39623
39030
38424
37807
37180
36542
35897
35245
34586
33923
33256
32586
31915
31243
30571
29901
29233
28569
27908
27253
26604
25962
25327
24700
24083
23474
22876
22289
21713
21149
20597
20058
19531
19018
18518
18031
17559
17101
16656
16226
15809
15407
15019
14644
14284
13936
13602
13281
12973
12677
12393
12121
11860
11609
11369
11139
10919
10707
10503
10308
