33952
36213
38739
41528
44578
47887
51450
55263
59321
63616
68143
72894
77860
83033
88402
93958
99690
1.0559e+05
1.1164e+05
1.1782e+05
1.2414e+05
1.3057e+05
1.3711e+05
1.4373e+05
1.5042e+05
1.5717e+05
1.6397e+05
1.7079e+05
1.7763e+05
1.8448e+05
1.913e+05
1.981e+05
2.0486e+05
2.1155e+05
2.1817e+05
2.2471e+05
2.3114e+05
2.3746e+05
2.4365e+05
2.497e+05
2.556e+05
2.6132e+05
2.6687e+05
2.7223e+05
2.7739e+05
2.8233e+05
2.8706e+05
2.9155e+05
2.958e+05
2.998e+05
3.0355e+05
3.0703e+05
3.1024e+05
3.1318e+05
3.1584e+05
3.1822e+05
3.203e+05
3.221e+05
3.236e+05
3.2481e+05
3.2572e+05
3.2633e+05
3.2665e+05
3.2668e+05
3.2641e+05
3.2586e+05
3.2501e+05
3.2389e+05
3.2249e+05
3.2081e+05
3.1886e+05
3.1666e+05
3.142e+05
3.1149e+05
3.0854e+05
3.0536e+05
3.0196e+05
2.9835e+05
2.9453e+05
2.9052e+05
2.8632e+05
2.8195e+05
2.7742e+05
2.7274e+05
2.6792e+05
2.6297e+05
2.579e+05
2.5273e+05
2.4747e+05
2.4213e+05
2.3672e+05
2.3126e+05
2.2575e+05
2.2021e+05
2.1465e+05
2.0908e+05
2.0352e+05
1.9797e+05
1.9245e+05
1.8697e+05
1.8153e+05
1.7616e+05
1.7086e+05
1.6564e+05
1.6051e+05
1.5547e+05
1.5055e+05
1.4575e+05
1.4107e+05
1.3652e+05
1.3212e+05
1.2786e+05
1.2376e+05
1.1982e+05
1.1605e+05
1.1245e+05
1.0903e+05
1.0579e+05
1.0273e+05
99867
97192
94711
92425
90338
88449
86759
85269
83978
82885
81990
81291
80786
80472
80349
80411
80657
81082
81683
82456
83395
84497
85757
87169
88728
90429
92266
94233
96325
98534
1.0086e+05
1.0328e+05
1.0581e+05
1.0843e+05
1.1113e+05
1.1392e+05
1.1678e+05
1.1971e+05
1.2269e+05
1.2574e+05
1.2883e+05
1.3196e+05
1.3512e+05
1.3831e+05
1.4153e+05
1.4476e+05
1.48e+05
1.5125e+05
1.5449e+05
1.5772e+05
1.6094e+05
1.6414e+05
1.6732e+05
1.7046e+05
1.7357e+05
1.7664e+05
1.7966e+05
1.8263e+05
1.8555e+05
1.884e+05
1.9119e+05
1.939e+05
1.9655e+05
1.9911e+05
2.016e+05
2.0399e+05
2.063e+05
2.0851e+05
2.1063e+05
2.1264e+05
2.1456e+05
2.1636e+05
2.1806e+05
2.1964e+05
2.2111e+05
2.2247e+05
2.237e+05
2.2481e+05
2.2581e+05
2.2667e+05
2.2742e+05
2.2803e+05
2.2852e+05
2.2887e+05
2.291e+05
2.292e+05
2.2917e+05
2.2901e+05
2.2872e+05
2.2829e+05
2.2774e+05
2.2706e+05
2.2625e+05
2.2532e+05
2.2426e+05
2.2308e+05
2.2177e+05
2.2034e+05
2.188e+05
2.1714e+05
2.1537e+05
2.1348e+05
2.1149e+05
2.094e+05
2.072e+05
2.049e+05
2.0252e+05
2.0004e+05
1.9747e+05
1.9482e+05
1.9209e+05
1.8929e+05
1.8642e+05
1.8348e+05
1.8049e+05
1.7743e+05
1.7433e+05
1.7118e+05
1.6798e+05
1.6475e+05
1.6149e+05
1.582e+05
1.5489e+05
1.5156e+05
1.4822e+05
1.4487e+05
1.4151e+05
1.3816e+05
1.3481e+05
1.3148e+05
1.2815e+05
1.2485e+05
1.2157e+05
1.1831e+05
1.1509e+05
1.1189e+05
1.0874e+05
1.0562e+05
1.0255e+05
99521
96541
93613
90737
87916
85151
82444
79795
77207
74680
72215
69811
67469
65190
62973
60817
58722
56688
54713
52797
50939
49136
47389
45694
44052
42461
40918
39422
37971
36565
35200
33876
32591
31343
30131
28953
27808
26695
25612
24559
23534
22537
21568
20625
19708
18817
17952
17113
16300
15514
14755
14024
13321
12648
12005
11394
10815
10271
9762.2
9290.5
8857.4
8464.4
8113.1
7805.1
7541.9
7325
7156
7036.2
6967.1
6949.8
6985.5
7075.2
7219.7
7419.7
7675.7
7988
8356.7
8781.6
9262.4
9798.4
10389
11033
11728
12474
13268
14107
14990
15914
16875
17870
18895
19947
21022
22114
23219
24333
25450
26565
27674
28769
29846
30900
31924
32912
33860
34761
35609
36400
37127
37786
38372
38879
39304
39642
39889
40043
40099
40056
39910
39662
39309
38850
38287
37620
36849
35977
35007
33942
32785
31542
30218
28819
27352
25825
24245
22622
20965
19285
17593
15901
14221
12565
10948
9382.5
7884.2
6467.8
5148.6
3942.4
2865.3
1933.9
1164.8
574.71
180.77
0
49.496
346.31
907.39
1749.5
2889.4
4343.1
6126.8
8256
10746
13611
16865
20521
24593
29091
34028
39413
45255
51563
58345
65605
73350
81584
90308
99526
1.0924e+05
1.1944e+05
1.3013e+05
1.4131e+05
1.5298e+05
1.6511e+05
1.7772e+05
1.9079e+05
2.043e+05
2.1826e+05
2.3264e+05
2.4743e+05
2.6262e+05
2.7818e+05
2.9411e+05
3.1039e+05
3.2699e+05
3.4389e+05
3.6107e+05
3.785e+05
3.9618e+05
4.1405e+05
4.3212e+05
4.5033e+05
4.6868e+05
4.8712e+05
5.0564e+05
5.242e+05
5.4277e+05
5.6133e+05
5.7984e+05
5.9827e+05
6.1659e+05
6.3477e+05
6.5279e+05
6.706e+05
6.8818e+05
7.0551e+05
7.2254e+05
7.3925e+05
7.5561e+05
7.7159e+05
7.8717e+05
8.0231e+05
8.17e+05
8.312e+05
8.4489e+05
8.5805e+05
8.7065e+05
8.8267e+05
8.941e+05
9.0491e+05
9.1508e+05
9.246e+05
9.3345e+05
9.4162e+05
9.491e+05
9.5587e+05
9.6192e+05
9.6724e+05
9.7184e+05
9.7569e+05
9.788e+05
9.8116e+05
9.8278e+05
9.8365e+05
9.8378e+05
9.8316e+05
9.818e+05
9.7971e+05
9.769e+05
9.7337e+05
9.6913e+05
9.642e+05
9.5858e+05
9.523e+05
9.4536e+05
9.3778e+05
9.2958e+05
9.2077e+05
9.1138e+05
9.0142e+05
8.9092e+05
8.799e+05
8.6837e+05
8.5637e+05
8.4391e+05
8.3102e+05
8.1772e+05
8.0405e+05
7.9002e+05
7.7565e+05
7.6099e+05
7.4604e+05
7.3084e+05
7.1542e+05
6.9979e+05
6.84e+05
6.6805e+05
6.5198e+05
6.3581e+05
6.1957e+05
6.0328e+05
5.8697e+05
5.7066e+05
5.5437e+05
5.3813e+05
5.2196e+05
5.0588e+05
4.8991e+05
4.7407e+05
4.5838e+05
4.4286e+05
4.2752e+05
4.1239e+05
3.9748e+05
3.8281e+05
3.6838e+05
3.5422e+05
3.4033e+05
3.2673e+05
3.1343e+05
3.0043e+05
2.8776e+05
2.754e+05
2.6338e+05
2.517e+05
2.4037e+05
2.2938e+05
2.1874e+05
2.0845e+05
1.9853e+05
1.8896e+05
1.7975e+05
1.7089e+05
1.624e+05
1.5425e+05
1.4646e+05
1.3902e+05
1.3192e+05
1.2517e+05
1.1875e+05
1.1265e+05
1.0689e+05
1.0144e+05
96295
91458
86915
82660
78683
74975
71529
68334
65382
62662
60166
57883
55805
53920
52220
50694
49333
48127
47067
46143
45347
44668
44098
43628
43250
42956
42737
42585
42494
42455
42462
42508
42587
42693
42820
42962
43115
43274
43433
43589
43739
43878
44003
44112
44202
44269
44313
44332
44324
44287
44221
44125
43998
43840
43652
43432
43182
42902
42592
42254
41888
41495
41077
40635
40170
39684
39178
38654
38113
37558
36991
36412
35824
35229
34628
34023
33417
32810
32205
31603
31006
30415
29832
29259
28697
28146
27609
27087
26580
26090
25617
25163
24727
24311
23916
23541
23186
22853
22542
22251
21983
21735
21509
21303
21118
20952
20807
20680
20572
20481
20407
20350
20307
20279
20265
20263
20272
20292
20321
20358
20403
20453
20509
20569
20632
20696
20761
20826
20890
20951
21010
21064
21112
21155
21192
21220
21241
21253
21255
21247
21228
21199
21158
21105
21040
20963
20873
20771
20656
20528
20388
20236
20071
19894
19705
19505
19293
19071
18838
18596
18345
