35691
39362
43281
47443
51843
56474
61329
66401
71683
77166
82842
88701
94735
1.0093e+05
1.0728e+05
1.1378e+05
1.2041e+05
1.2716e+05
1.3402e+05
1.4098e+05
1.4803e+05
1.5516e+05
1.6235e+05
1.6959e+05
1.7687e+05
1.8418e+05
1.9151e+05
1.9884e+05
2.0616e+05
2.1346e+05
2.2073e+05
2.2796e+05
2.3513e+05
2.4224e+05
2.4927e+05
2.5621e+05
2.6306e+05
2.6979e+05
2.7641e+05
2.8289e+05
2.8924e+05
2.9544e+05
3.0148e+05
3.0736e+05
3.1307e+05
3.1859e+05
3.2393e+05
3.2907e+05
3.3401e+05
3.3875e+05
3.4327e+05
3.4758e+05
3.5166e+05
3.5552e+05
3.5915e+05
3.6255e+05
3.6572e+05
3.6864e+05
3.7133e+05
3.7378e+05
3.7599e+05
3.7796e+05
3.7969e+05
3.8118e+05
3.8243e+05
3.8345e+05
3.8423e+05
3.8478e+05
3.851e+05
3.8519e+05
3.8507e+05
3.8472e+05
3.8417e+05
3.834e+05
3.8244e+05
3.8127e+05
3.7991e+05
3.7837e+05
3.7665e+05
3.7476e+05
3.727e+05
3.7049e+05
3.6812e+05
3.6561e+05
3.6297e+05
3.602e+05
3.5731e+05
3.5431e+05
3.5121e+05
3.4802e+05
3.4474e+05
3.4138e+05
3.3796e+05
3.3448e+05
3.3094e+05
3.2737e+05
3.2376e+05
3.2012e+05
3.1647e+05
3.1282e+05
3.0916e+05
3.0551e+05
3.0188e+05
2.9827e+05
2.9469e+05
2.9116e+05
2.8766e+05
2.8423e+05
2.8085e+05
2.7754e+05
2.7431e+05
2.7115e+05
2.6808e+05
2.651e+05
2.6222e+05
2.5943e+05
2.5676e+05
2.5419e+05
2.5174e+05
2.494e+05
2.4719e+05
2.4509e+05
2.4313e+05
2.4129e+05
2.3959e+05
2.3801e+05
2.3657e+05
2.3526e+05
2.3409e+05
2.3305e+05
2.3215e+05
2.3138e+05
2.3075e+05
2.3024e+05
2.2987e+05
2.2962e+05
2.295e+05
2.295e+05
2.2963e+05
2.2987e+05
2.3022e+05
2.3069e+05
2.3126e+05
2.3194e+05
2.3271e+05
2.3358e+05
2.3453e+05
2.3557e+05
2.3669e+05
2.3788e+05
2.3913e+05
2.4045e+05
2.4183e+05
2.4325e+05
2.4472e+05
2.4623e+05
2.4777e+05
2.4933e+05
2.5092e+05
2.5251e+05
2.5412e+05
2.5572e+05
2.5732e+05
2.5891e+05
2.6048e+05
2.6203e+05
2.6354e+05
2.6503e+05
2.6647e+05
2.6787e+05
2.6921e+05
2.705e+05
2.7172e+05
2.7288e+05
2.7397e+05
2.7499e+05
2.7592e+05
2.7677e+05
2.7754e+05
2.7821e+05
2.7879e+05
2.7927e+05
2.7965e+05
2.7993e+05
2.8011e+05
2.8018e+05
2.8014e+05
2.7999e+05
2.7973e+05
2.7936e+05
2.7888e+05
2.7829e+05
2.7759e+05
2.7677e+05
2.7584e+05
2.748e+05
2.7366e+05
2.724e+05
2.7104e+05
2.6957e+05
2.6799e+05
2.6632e+05
2.6454e+05
2.6267e+05
2.6071e+05
2.5865e+05
2.565e+05
2.5427e+05
2.5195e+05
2.4956e+05
2.4709e+05
2.4454e+05
2.4193e+05
2.3925e+05
2.3651e+05
2.3371e+05
2.3086e+05
2.2795e+05
2.25e+05
2.2201e+05
2.1897e+05
2.159e+05
2.1279e+05
2.0965e+05
2.0649e+05
2.0331e+05
2.0011e+05
1.9689e+05
1.9365e+05
1.9041e+05
1.8716e+05
1.839e+05
1.8065e+05
1.7739e+05
1.7414e+05
1.7089e+05
1.6765e+05
1.6441e+05
1.6119e+05
1.5798e+05
1.5479e+05
1.5161e+05
1.4845e+05
1.4531e+05
1.4218e+05
1.3908e+05
1.3599e+05
1.3293e+05
1.2989e+05
1.2687e+05
1.2387e+05
1.209e+05
1.1795e+05
1.1503e+05
1.1213e+05
1.0925e+05
1.0639e+05
1.0356e+05
1.0076e+05
97973
95212
92475
89760
87069
84401
81755
79133
76534
73958
71405
68876
66371
63890
61435
59005
56601
54225
51876
49557
47267
45009
42783
40592
38436
36317
34237
32197
30201
28248
26342
24484
22678
20923
19224
17583
16000
14480
13024
11634
10312
9061.6
7883.7
6780.7
5754.6
4807.4
3940.7
3156.4
2455.9
1840.7
1312.1
871.14
518.79
255.81
82.758
0
7.6798
105.72
293.83
571.47
937.85
1391.9
1932.5
2558
3266.6
4056.2
4924.7
5869.4
6887.5
7975.9
9131.4
10350
11629
12963
14349
15781
17256
18768
20313
21885
23479
25089
26710
28337
29963
31582
33190
34779
36344
37880
39381
40840
42253
43613
44916
46156
47328
48428
49451
50392
51248
52015
52690
53269
53750
54131
54409
54584
54654
54618
54477
54231
53880
53427
52872
52219
51470
50628
49698
48683
47590
46423
45188
43892
42543
41147
39712
38248
36762
35265
33766
32276
30805
29363
27963
26616
25333
24128
23011
21997
21096
20324
19691
19211
18898
18764
18823
19086
19567
20278
21233
22442
23918
25673
27718
30063
32719
35696
39003
42651
46646
50997
55711
60795
66255
72096
78323
84939
91947
99351
1.0715e+05
1.1535e+05
1.2394e+05
1.3293e+05
1.4231e+05
1.5209e+05
1.6225e+05
1.7279e+05
1.8372e+05
1.9501e+05
2.0667e+05
2.1869e+05
2.3106e+05
2.4376e+05
2.568e+05
2.7015e+05
2.8381e+05
2.9776e+05
3.1199e+05
3.2649e+05
3.4123e+05
3.5621e+05
3.7142e+05
3.8682e+05
4.0241e+05
4.1816e+05
4.3406e+05
4.5009e+05
4.6623e+05
4.8246e+05
4.9877e+05
5.1512e+05
5.3149e+05
5.4788e+05
5.6425e+05
5.8059e+05
5.9687e+05
6.1307e+05
6.2917e+05
6.4514e+05
6.6098e+05
6.7665e+05
6.9213e+05
7.074e+05
7.2245e+05
7.3725e+05
7.5177e+05
7.6601e+05
7.7994e+05
7.9354e+05
8.0679e+05
8.1967e+05
8.3217e+05
8.4427e+05
8.5596e+05
8.6721e+05
8.7802e+05
8.8836e+05
8.9822e+05
9.076e+05
9.1648e+05
9.2484e+05
9.3268e+05
9.3999e+05
9.4675e+05
9.5297e+05
9.5863e+05
9.6373e+05
9.6825e+05
9.7221e+05
9.7559e+05
9.7839e+05
9.8061e+05
9.8224e+05
9.833e+05
9.8378e+05
9.8367e+05
9.83e+05
9.8174e+05
9.7993e+05
9.7754e+05
9.7461e+05
9.7112e+05
9.6709e+05
9.6253e+05
9.5744e+05
9.5184e+05
9.4574e+05
9.3914e+05
9.3206e+05
9.2452e+05
9.1651e+05
9.0807e+05
8.992e+05
8.8992e+05
8.8023e+05
8.7017e+05
8.5974e+05
8.4895e+05
8.3783e+05
8.264e+05
8.1466e+05
8.0264e+05
7.9035e+05
7.7782e+05
7.6505e+05
7.5207e+05
7.3889e+05
7.2553e+05
7.1201e+05
6.9835e+05
6.8456e+05
6.7066e+05
6.5667e+05
6.426e+05
6.2848e+05
6.1431e+05
6.0012e+05
5.8592e+05
5.7172e+05
5.5755e+05
5.4341e+05
5.2932e+05
5.153e+05
5.0135e+05
4.8749e+05
4.7374e+05
4.6011e+05
4.4661e+05
4.3324e+05
4.2003e+05
4.0697e+05
3.9409e+05
3.8139e+05
3.6888e+05
3.5657e+05
3.4446e+05
3.3256e+05
3.2089e+05
3.0944e+05
2.9822e+05
2.8724e+05
2.765e+05
2.6601e+05
2.5576e+05
2.4577e+05
2.3603e+05
2.2655e+05
2.1733e+05
2.0837e+05
1.9967e+05
1.9124e+05
1.8306e+05
1.7514e+05
1.6749e+05
1.6009e+05
1.5295e+05
1.4606e+05
1.3943e+05
1.3305e+05
1.2691e+05
1.2102e+05
1.1537e+05
1.0995e+05
1.0477e+05
99818
95088
90577
86281
82194
78311
74627
71136
67834
64714
61771
58999
56392
53945
51652
49508
47505
45639
43904
42293
40803
39426
38157
36992
35924
34948
34060
33253
32524
31868
31278
30752
30285
29872
29510
29193
28919
28684
28483
28314
28174
28058
27965
27891
27833
27790
27758
27735
27720
27709
27702
27697
27691
27684
27674
27660
27641
27615
27582
27541
27491
27431
27362
27283
27193
27092
26979
26856
26721
26575
26418
26250
26070
25880
25680
25470
25250
25020
24782
24535
24280
24018
23749
23474
23192
22906
22615
22319
22020
21718
21414
21108
20800
20492
20184
19877
19570
19265
18961
18661
18363
18069
17778
17492
17211
16935
16664
16399
16139
15887
15641
15401
15169
14944
14726
14516
14314
14119
13932
13753
13581
13417
13261
13113
12972
12839
12712
12593
12481
12376
12277
12184
12098
12017
11941
11870
11804
11743
11686
11632
11581
11533
11488
11445
11403
11363
11323
11284
