24350
26835
29594
32625
35926
39494
43324
47412
51753
56339
61165
66221
71501
76994
82690
88581
94653
1.009e+05
1.073e+05
1.1385e+05
1.2053e+05
1.2733e+05
1.3424e+05
1.4124e+05
1.4832e+05
1.5546e+05
1.6266e+05
1.6988e+05
1.7713e+05
1.8437e+05
1.9161e+05
1.9882e+05
2.0599e+05
2.131e+05
2.2014e+05
2.2709e+05
2.3394e+05
2.4068e+05
2.4728e+05
2.5375e+05
2.6005e+05
2.6619e+05
2.7215e+05
2.7791e+05
2.8346e+05
2.888e+05
2.9391e+05
2.9878e+05
3.034e+05
3.0777e+05
3.1187e+05
3.157e+05
3.1924e+05
3.2251e+05
3.2548e+05
3.2815e+05
3.3052e+05
3.3259e+05
3.3435e+05
3.358e+05
3.3694e+05
3.3777e+05
3.3829e+05
3.3849e+05
3.3839e+05
3.3797e+05
3.3725e+05
3.3623e+05
3.3492e+05
3.3331e+05
3.3141e+05
3.2924e+05
3.2678e+05
3.2407e+05
3.2109e+05
3.1786e+05
3.1439e+05
3.1069e+05
3.0677e+05
3.0263e+05
2.9829e+05
2.9376e+05
2.8905e+05
2.8417e+05
2.7914e+05
2.7397e+05
2.6866e+05
2.6323e+05
2.577e+05
2.5208e+05
2.4637e+05
2.406e+05
2.3477e+05
2.2891e+05
2.2301e+05
2.171e+05
2.1119e+05
2.0528e+05
1.994e+05
1.9355e+05
1.8775e+05
1.8201e+05
1.7634e+05
1.7074e+05
1.6524e+05
1.5984e+05
1.5455e+05
1.4939e+05
1.4435e+05
1.3945e+05
1.347e+05
1.3011e+05
1.2568e+05
1.2141e+05
1.1733e+05
1.1342e+05
1.0971e+05
1.0618e+05
1.0285e+05
99726
96802
94084
91575
89277
87190
85316
83655
82207
80971
79946
79130
78522
78119
77918
77917
78112
78498
79072
79830
80765
81875
83152
84593
86190
87938
89831
91863
94027
96317
98726
1.0125e+05
1.0387e+05
1.066e+05
1.0942e+05
1.1232e+05
1.153e+05
1.1835e+05
1.2147e+05
1.2464e+05
1.2787e+05
1.3114e+05
1.3444e+05
1.3778e+05
1.4114e+05
1.4452e+05
1.4791e+05
1.513e+05
1.5469e+05
1.5808e+05
1.6145e+05
1.6481e+05
1.6814e+05
1.7143e+05
1.747e+05
1.7792e+05
1.8109e+05
1.8422e+05
1.8729e+05
1.9029e+05
1.9323e+05
1.9611e+05
1.989e+05
2.0162e+05
2.0426e+05
2.0681e+05
2.0927e+05
2.1163e+05
2.139e+05
2.1607e+05
2.1813e+05
2.2009e+05
2.2194e+05
2.2367e+05
2.2529e+05
2.2679e+05
2.2817e+05
2.2943e+05
2.3057e+05
2.3158e+05
2.3246e+05
2.3322e+05
2.3384e+05
2.3433e+05
2.3469e+05
2.3492e+05
2.3502e+05
2.3498e+05
2.348e+05
2.345e+05
2.3406e+05
2.3348e+05
2.3278e+05
2.3194e+05
2.3097e+05
2.2987e+05
2.2864e+05
2.2729e+05
2.2581e+05
2.2421e+05
2.2248e+05
2.2065e+05
2.1869e+05
2.1662e+05
2.1445e+05
2.1216e+05
2.0978e+05
2.0729e+05
2.0471e+05
2.0204e+05
1.9928e+05
1.9644e+05
1.9352e+05
1.9053e+05
1.8747e+05
1.8434e+05
1.8115e+05
1.7791e+05
1.7462e+05
1.7128e+05
1.6791e+05
1.645e+05
1.6106e+05
1.576e+05
1.5412e+05
1.5063e+05
1.4713e+05
1.4362e+05
1.4012e+05
1.3662e+05
1.3314e+05
1.2967e+05
1.2622e+05
1.228e+05
1.194e+05
1.1605e+05
1.1272e+05
1.0944e+05
1.0621e+05
1.0302e+05
99886
96805
93781
90815
87912
85072
82296
79588
76946
74374
71870
69437
67073
64778
62553
60397
58309
56288
54333
52442
50615
48849
47143
45494
43901
42362
40874
39434
38042
36693
35386
34119
32888
31692
30528
29395
28289
27209
26152
25118
24103
23108
22129
21166
20219
19285
18364
17456
16560
15676
14804
13944
13097
12264
11444
10640
9851.1
9079.9
8327.4
7595
6884.6
6197.7
5536.3
4902.3
4297.6
3724.2
3184.3
2679.8
2212.8
1785.2
1399.1
1056.2
758.45
507.47
304.8
151.87
49.911
0
3.0067
59.593
170.19
335.01
554
826.84
1153
1531.5
1961.4
2441.1
2969
3543.1
4161
4820.3
5518.1
6251.3
7016.5
7810.1
8628.2
9466.7
10321
11188
12061
12937
13810
14675
15527
16362
17174
17957
18708
19420
20089
20711
21280
21793
22245
22633
22953
23203
23378
23478
23499
23442
23304
23086
22788
22410
21954
21422
20817
20142
19400
18597
17738
16829
15876
14886
13869
12832
11785
10738
9702.1
8687.6
7706.7
6771.9
5896.1
5092.7
4375.5
3758.9
3257.5
2886.4
2660.8
2596.3
2708.7
3013.9
3527.9
4266.6
5246.2
6482.6
7991.5
9788.5
11889
14308
17060
20160
23621
27456
31679
36300
41331
46782
52663
58983
65750
72969
80648
88790
97399
1.0648e+05
1.1603e+05
1.2605e+05
1.3654e+05
1.475e+05
1.5892e+05
1.708e+05
1.8314e+05
1.9592e+05
2.0914e+05
2.2278e+05
2.3684e+05
2.513e+05
2.6615e+05
2.8138e+05
2.9696e+05
3.1288e+05
3.2913e+05
3.4568e+05
3.6251e+05
3.796e+05
3.9692e+05
4.1446e+05
4.3219e+05
4.5008e+05
4.6811e+05
4.8624e+05
5.0446e+05
5.2274e+05
5.4104e+05
5.5934e+05
5.776e+05
5.9581e+05
6.1392e+05
6.3191e+05
6.4974e+05
6.674e+05
6.8484e+05
7.0204e+05
7.1896e+05
7.3559e+05
7.5189e+05
7.6782e+05
7.8337e+05
7.9851e+05
8.1321e+05
8.2744e+05
8.4118e+05
8.544e+05
8.6709e+05
8.7921e+05
8.9075e+05
9.0169e+05
9.1201e+05
9.217e+05
9.3072e+05
9.3908e+05
9.4675e+05
9.5372e+05
9.5999e+05
9.6554e+05
9.7036e+05
9.7445e+05
9.7781e+05
9.8042e+05
9.8228e+05
9.834e+05
9.8378e+05
9.8341e+05
9.823e+05
9.8045e+05
9.7788e+05
9.7458e+05
9.7057e+05
9.6585e+05
9.6045e+05
9.5436e+05
9.4761e+05
9.4021e+05
9.3217e+05
9.2351e+05
9.1426e+05
9.0442e+05
8.9402e+05
8.8309e+05
8.7163e+05
8.5968e+05
8.4726e+05
8.3439e+05
8.2109e+05
8.0739e+05
7.9332e+05
7.789e+05
7.6415e+05
7.491e+05
7.3379e+05
7.1822e+05
7.0244e+05
6.8646e+05
6.7032e+05
6.5404e+05
6.3764e+05
6.2115e+05
6.0459e+05
5.88e+05
5.7139e+05
5.5479e+05
5.3822e+05
5.2171e+05
5.0527e+05
4.8893e+05
4.7272e+05
4.5664e+05
4.4072e+05
4.2498e+05
4.0944e+05
3.9411e+05
3.7902e+05
3.6416e+05
3.4957e+05
3.3525e+05
3.2122e+05
3.0749e+05
2.9406e+05
2.8096e+05
2.6818e+05
2.5574e+05
2.4365e+05
2.319e+05
2.2051e+05
2.0948e+05
1.9881e+05
1.8851e+05
1.7858e+05
1.6901e+05
1.5982e+05
1.51e+05
1.4254e+05
1.3445e+05
1.2672e+05
1.1936e+05
1.1235e+05
1.0569e+05
99377
93405
87768
82458
77469
72792
68420
64344
60555
57045
53804
50822
48091
45599
43338
41297
39465
37833
36390
35126
34032
33096
32309
31661
31143
30744
30455
30268
30173
30161
30224
30353
30542
30781
31063
31383
31732
32104
32494
32894
33301
33709
34112
34507
34890
35256
35602
35925
36222
36491
36730
36935
37107
37243
37343
37406
37430
37417
37365
37275
37147
36982
36781
36544
36273
35969
35633
35266
34871
34449
34001
33531
33038
32527
31998
31453
30896
30327
29749
29164
28574
27981
27387
26795
26205
25620
25041
24471
23910
23361
22825
22302
21795
21305
20833
20378
19944
19529
19136
18764
18413
18085
17779
17495
17233
16994
16777
16582
16408
16255
16122
16009
15915
15840
15781
15739
15712
15700
15701
15714
15738
15772
15815
15865
15921
15982
16046
16113
16181
16249
16315
16379
16439
16494
16543
16585
16619
16643
16658
16662
16654
16634
16600
16553
16492
16415
16324
16216
16093
15954
15799
15627
15440
15236
15015
14779
14528
14261
13979
13683
13373
13049
12713
