1.9366e+05
1.9899e+05
2.0432e+05
2.0964e+05
2.1494e+05
2.2021e+05
2.2545e+05
2.3065e+05
2.3581e+05
2.4091e+05
2.4596e+05
2.5094e+05
2.5586e+05
2.6069e+05
2.6545e+05
2.7013e+05
2.7471e+05
2.7919e+05
2.8358e+05
2.8786e+05
2.9203e+05
2.961e+05
3.0004e+05
3.0386e+05
3.0757e+05
3.1114e+05
3.1459e+05
3.1791e+05
3.211e+05
3.2415e+05
3.2706e+05
3.2984e+05
3.3248e+05
3.3498e+05
3.3734e+05
3.3956e+05
3.4165e+05
3.4359e+05
3.4539e+05
3.4706e+05
3.4859e+05
3.4999e+05
3.5125e+05
3.5238e+05
3.5338e+05
3.5425e+05
3.55e+05
3.5563e+05
3.5613e+05
3.5652e+05
3.568e+05
3.5697e+05
3.5704e+05
3.57e+05
3.5687e+05
3.5664e+05
3.5633e+05
3.5593e+05
3.5545e+05
3.549e+05
3.5427e+05
3.5358e+05
3.5283e+05
3.5203e+05
3.5118e+05
3.5028e+05
3.4934e+05
3.4837e+05
3.4736e+05
3.4634e+05
3.4529e+05
3.4423e+05
3.4317e+05
3.421e+05
3.4103e+05
3.3997e+05
3.3892e+05
3.3788e+05
3.3687e+05
3.3589e+05
3.3493e+05
3.3401e+05
3.3313e+05
3.323e+05
3.3151e+05
3.3077e+05
3.3009e+05
3.2947e+05
3.2891e+05
3.2842e+05
3.28e+05
3.2765e+05
3.2737e+05
3.2717e+05
3.2705e+05
3.2701e+05
3.2705e+05
3.2718e+05
3.274e+05
3.277e+05
3.2809e+05
3.2857e+05
3.2915e+05
3.2981e+05
3.3056e+05
3.3141e+05
3.3234e+05
3.3337e+05
3.3448e+05
3.3569e+05
3.3698e+05
3.3835e+05
3.3981e+05
3.4136e+05
3.4298e+05
3.4468e+05
3.4646e+05
3.4832e+05
3.5024e+05
3.5224e+05
3.543e+05
3.5642e+05
3.586e+05
3.6083e+05
3.6312e+05
3.6546e+05
3.6784e+05
3.7027e+05
3.7272e+05
3.7522e+05
3.7774e+05
3.8028e+05
3.8285e+05
3.8543e+05
3.8802e+05
3.9062e+05
3.9322e+05
3.9582e+05
3.9841e+05
4.0099e+05
4.0355e+05
4.0609e+05
4.0861e+05
4.1109e+05
4.1354e+05
4.1596e+05
4.1833e+05
4.2065e+05
4.2292e+05
4.2513e+05
4.2728e+05
4.2937e+05
4.3139e+05
4.3334e+05
4.3521e+05
4.37e+05
4.3871e+05
4.4033e+05
4.4187e+05
4.4331e+05
4.4465e+05
4.4589e+05
4.4704e+05
4.4808e+05
4.4901e+05
4.4983e+05
4.5055e+05
4.5115e+05
4.5164e+05
4.5201e+05
4.5227e+05
4.524e+05
4.5242e+05
4.5232e+05
4.5209e+05
4.5175e+05
4.5128e+05
4.507e+05
4.4999e+05
4.4916e+05
4.4821e+05
4.4714e+05
4.4595e+05
4.4464e+05
4.4321e+05
4.4167e+05
4.4001e+05
4.3824e+05
4.3635e+05
4.3436e+05
4.3226e+05
4.3005e+05
4.2774e+05
4.2533e+05
4.2282e+05
4.2021e+05
4.1751e+05
4.1472e+05
4.1184e+05
4.0887e+05
4.0583e+05
4.027e+05
3.995e+05
3.9623e+05
3.9289e+05
3.8948e+05
3.8602e+05
3.8249e+05
3.7891e+05
3.7528e+05
3.716e+05
3.6787e+05
3.6411e+05
3.6031e+05
3.5648e+05
3.5261e+05
3.4873e+05
3.4482e+05
3.4089e+05
3.3694e+05
3.3298e+05
3.2902e+05
3.2505e+05
3.2108e+05
3.1711e+05
3.1314e+05
3.0918e+05
3.0524e+05
3.0131e+05
2.9739e+05
2.9349e+05
2.8962e+05
2.8577e+05
2.8195e+05
2.7816e+05
2.744e+05
2.7067e+05
2.6698e+05
2.6333e+05
2.5971e+05
2.5614e+05
2.5261e+05
2.4913e+05
2.4569e+05
2.423e+05
2.3896e+05
2.3567e+05
2.3242e+05
2.2923e+05
2.2609e+05
2.23e+05
2.1996e+05
2.1697e+05
2.1404e+05
2.1116e+05
2.0833e+05
2.0555e+05
2.0283e+05
2.0015e+05
1.9752e+05
1.9495e+05
1.9242e+05
1.8994e+05
1.8751e+05
1.8512e+05
1.8278e+05
1.8048e+05
1.7823e+05
1.7601e+05
1.7383e+05
1.717e+05
1.6959e+05
1.6752e+05
1.6549e+05
1.6348e+05
1.615e+05
1.5956e+05
1.5763e+05
1.5573e+05
1.5385e+05
1.5199e+05
1.5015e+05
1.4832e+05
1.4651e+05
1.4471e+05
1.4292e+05
1.4113e+05
1.3936e+05
1.3758e+05
1.3581e+05
1.3404e+05
1.3227e+05
1.305e+05
1.2872e+05
1.2693e+05
1.2514e+05
1.2334e+05
1.2153e+05
1.197e+05
1.1787e+05
1.1602e+05
1.1415e+05
1.1227e+05
1.1037e+05
1.0845e+05
1.0652e+05
1.0456e+05
1.0259e+05
1.006e+05
98585
96552
94498
92425
90332
88220
86089
83940
81773
79590
77390
75177
72950
70711
68462
66204
63939
61669
59396
57121
54848
52578
50314
48059
45814
43584
41370
39176
37005
34859
32743
30659
28612
26603
24638
22719
20850
19035
17278
15582
13952
12391
10904
9493.2
8163.9
6919.9
5765
4703.4
3739
2875.8
2117.8
1469.1
933.44
514.85
217.2
44.318
0
87.985
311.96
675.53
1182.3
1835.6
2639
3595.7
4708.9
5981.9
7417.5
9018.8
10788
12729
14844
17134
19603
22253
25086
28103
31306
34698
38279
42051
46015
50172
54523
59068
63808
68744
73875
79202
84725
90442
96354
1.0246e+05
1.0876e+05
1.1525e+05
1.2193e+05
1.288e+05
1.3586e+05
1.431e+05
1.5053e+05
1.5814e+05
1.6593e+05
1.7389e+05
1.8203e+05
1.9034e+05
1.9882e+05
2.0747e+05
2.1628e+05
2.2524e+05
2.3436e+05
2.4363e+05
2.5305e+05
2.6261e+05
2.7231e+05
2.8214e+05
2.921e+05
3.0219e+05
3.1239e+05
3.2271e+05
3.3314e+05
3.4367e+05
3.5431e+05
3.6503e+05
3.7584e+05
3.8674e+05
3.9771e+05
4.0875e+05
4.1985e+05
4.3101e+05
4.4223e+05
4.5349e+05
4.6478e+05
4.7611e+05
4.8747e+05
4.9884e+05
5.1023e+05
5.2163e+05
5.3302e+05
5.444e+05
5.5578e+05
5.6713e+05
5.7845e+05
5.8974e+05
6.0098e+05
6.1218e+05
6.2333e+05
6.3441e+05
6.4542e+05
6.5636e+05
6.6722e+05
6.7799e+05
6.8866e+05
6.9923e+05
7.0969e+05
7.2004e+05
7.3026e+05
7.4036e+05
7.5033e+05
7.6015e+05
7.6983e+05
7.7936e+05
7.8873e+05
7.9794e+05
8.0697e+05
8.1584e+05
8.2452e+05
8.3302e+05
8.4132e+05
8.4943e+05
8.5734e+05
8.6505e+05
8.7254e+05
8.7982e+05
8.8689e+05
8.9373e+05
9.0034e+05
9.0672e+05
9.1287e+05
9.1878e+05
9.2445e+05
9.2987e+05
9.3505e+05
9.3997e+05
9.4465e+05
9.4907e+05
9.5323e+05
9.5713e+05
9.6077e+05
9.6415e+05
9.6726e+05
9.701e+05
9.7268e+05
9.75e+05
9.7704e+05
9.7881e+05
9.8031e+05
9.8155e+05
9.8251e+05
9.832e+05
9.8362e+05
9.8378e+05
9.8366e+05
9.8328e+05
9.8263e+05
9.8172e+05
9.8054e+05
9.791e+05
9.774e+05
9.7544e+05
9.7323e+05
9.7076e+05
9.6803e+05
9.6506e+05
9.6185e+05
9.5839e+05
9.5469e+05
9.5075e+05
9.4658e+05
9.4218e+05
9.3755e+05
9.3269e+05
9.2762e+05
9.2234e+05
9.1684e+05
9.1113e+05
9.0523e+05
8.9912e+05
8.9282e+05
8.8633e+05
8.7966e+05
8.728e+05
8.6578e+05
8.5858e+05
8.5122e+05
8.4369e+05
8.3602e+05
8.2819e+05
8.2022e+05
8.1211e+05
8.0387e+05
7.955e+05
7.8701e+05
7.784e+05
7.6968e+05
7.6085e+05
7.5192e+05
7.429e+05
7.3379e+05
7.2459e+05
7.1532e+05
7.0598e+05
6.9656e+05
6.8709e+05
6.7756e+05
6.6798e+05
6.5835e+05
6.4869e+05
6.3899e+05
6.2926e+05
6.1951e+05
6.0974e+05
5.9996e+05
5.9017e+05
5.8037e+05
5.7058e+05
5.608e+05
5.5103e+05
5.4128e+05
5.3154e+05
5.2184e+05
5.1216e+05
5.0253e+05
4.9293e+05
4.8337e+05
4.7387e+05
4.6442e+05
4.5502e+05
4.4569e+05
4.3642e+05
4.2722e+05
4.181e+05
4.0905e+05
4.0007e+05
3.9119e+05
3.8238e+05
3.7367e+05
3.6505e+05
3.5653e+05
3.481e+05
3.3977e+05
3.3155e+05
3.2343e+05
3.1543e+05
3.0753e+05
2.9974e+05
2.9207e+05
2.8452e+05
2.7708e+05
2.6977e+05
2.6257e+05
2.555e+05
2.4855e+05
2.4173e+05
2.3504e+05
2.2847e+05
2.2203e+05
2.1572e+05
2.0955e+05
2.035e+05
1.9758e+05
1.9179e+05
1.8614e+05
1.8061e+05
1.7522e+05
1.6996e+05
1.6483e+05
1.5984e+05
1.5497e+05
1.5023e+05
1.4562e+05
1.4115e+05
1.368e+05
1.3257e+05
1.2848e+05
1.2451e+05
1.2066e+05
1.1694e+05
1.1334e+05
1.0986e+05
1.065e+05
1.0326e+05
1.0014e+05
97130
94234
91451
88777
86212
83754
81400
79150
77000
74949
72994
71135
69368
67692
66104
64602
63185
61849
60592
59413
58309
57277
56316
55423
54596
53832
53130
52487
51900
51367
50887
50456
50073
49736
49441
49187
48972
48794
48650
48539
48458
48405
48378
48375
48395
48435
48494
48569
48659
48762
48877
49001
49133
49272
49415
49562
49711
49860
50008
50154
50296
50434
50566
50690
50806
50914
51010
51096
51169
51230
51277
51309
51326
51327
51312
51279
51229
51161
51075
50969
50844
50700
50535
50351
50147
49922
49676
49411
49124
48817
48490
48142
47774
47386
46978
46550
46103
45636
45151
44647
44125
43585
