5.4059e+05
5.4426e+05
5.48e+05
5.5182e+05
5.5573e+05
5.5975e+05
5.6387e+05
5.681e+05
5.7245e+05
5.7693e+05
5.8153e+05
5.8627e+05
5.9115e+05
5.9616e+05
6.0131e+05
6.0659e+05
6.1202e+05
6.1759e+05
6.2329e+05
6.2913e+05
6.351e+05
6.412e+05
6.4742e+05
6.5376e+05
6.6022e+05
6.6678e+05
6.7345e+05
6.8021e+05
6.8706e+05
6.9399e+05
7.0099e+05
7.0806e+05
7.1518e+05
7.2235e+05
7.2955e+05
7.3679e+05
7.4404e+05
7.5131e+05
7.5858e+05
7.6584e+05
7.7308e+05
7.8029e+05
7.8747e+05
7.946e+05
8.0168e+05
8.0869e+05
8.1564e+05
8.2251e+05
8.2929e+05
8.3597e+05
8.4255e+05
8.4903e+05
8.5539e+05
8.6162e+05
8.6773e+05
8.737e+05
8.7954e+05
8.8523e+05
8.9078e+05
8.9617e+05
9.0141e+05
9.0649e+05
9.1141e+05
9.1616e+05
9.2075e+05
9.2517e+05
9.2942e+05
9.3351e+05
9.3742e+05
9.4116e+05
9.4473e+05
9.4814e+05
9.5137e+05
9.5443e+05
9.5733e+05
9.6006e+05
9.6263e+05
9.6504e+05
9.6729e+05
9.6938e+05
9.7131e+05
9.731e+05
9.7473e+05
9.7622e+05
9.7756e+05
9.7876e+05
9.7983e+05
9.8076e+05
9.8156e+05
9.8223e+05
9.8278e+05
9.832e+05
9.8351e+05
9.837e+05
9.8378e+05
9.8375e+05
9.8361e+05
9.8337e+05
9.8302e+05
9.8258e+05
9.8204e+05
9.8141e+05
9.8069e+05
9.7988e+05
9.7898e+05
9.78e+05
9.7694e+05
9.7579e+05
9.7456e+05
9.7326e+05
9.7188e+05
9.7043e+05
9.689e+05
9.6729e+05
9.6562e+05
9.6387e+05
9.6206e+05
9.6017e+05
9.5821e+05
9.5619e+05
9.541e+05
9.5193e+05
9.4971e+05
9.4741e+05
9.4504e+05
9.4261e+05
9.4011e+05
9.3755e+05
9.3492e+05
9.3221e+05
9.2945e+05
9.2661e+05
9.2371e+05
9.2074e+05
9.1771e+05
9.146e+05
9.1143e+05
9.082e+05
9.0489e+05
9.0152e+05
8.9808e+05
8.9458e+05
8.9101e+05
8.8738e+05
8.8368e+05
8.7992e+05
8.7609e+05
8.722e+05
8.6825e+05
8.6423e+05
8.6016e+05
8.5602e+05
8.5183e+05
8.4758e+05
8.4327e+05
8.3891e+05
8.3449e+05
8.3002e+05
8.255e+05
8.2094e+05
8.1632e+05
8.1166e+05
8.0695e+05
8.022e+05
7.9741e+05
7.9259e+05
7.8772e+05
7.8282e+05
7.7789e+05
7.7294e+05
7.6795e+05
7.6294e+05
7.579e+05
7.5285e+05
7.4777e+05
7.4268e+05
7.3758e+05
7.3247e+05
7.2735e+05
7.2222e+05
7.1709e+05
7.1196e+05
7.0683e+05
7.0171e+05
6.9659e+05
6.9149e+05
6.8639e+05
6.8132e+05
6.7626e+05
6.7122e+05
6.662e+05
6.6121e+05
6.5624e+05
6.5131e+05
6.464e+05
6.4153e+05
6.367e+05
6.3191e+05
6.2716e+05
6.2245e+05
6.1779e+05
6.1318e+05
6.0862e+05
6.0411e+05
5.9965e+05
5.9525e+05
5.909e+05
5.8662e+05
5.824e+05
5.7823e+05
5.7414e+05
5.701e+05
5.6614e+05
5.6224e+05
5.5842e+05
5.5466e+05
5.5097e+05
5.4736e+05
5.4382e+05
5.4036e+05
5.3697e+05
5.3366e+05
5.3043e+05
5.2727e+05
5.242e+05
5.212e+05
5.1828e+05
5.1544e+05
5.1268e+05
5.1e+05
5.074e+05
5.0489e+05
5.0245e+05
5.0009e+05
4.9782e+05
4.9562e+05
4.9351e+05
4.9148e+05
4.8952e+05
4.8765e+05
4.8585e+05
4.8414e+05
4.825e+05
4.8094e+05
4.7946e+05
4.7805e+05
4.7672e+05
4.7547e+05
4.7429e+05
4.7318e+05
4.7215e+05
4.7119e+05
4.703e+05
4.6948e+05
4.6873e+05
4.6805e+05
4.6744e+05
4.669e+05
4.6642e+05
4.6601e+05
4.6566e+05
4.6538e+05
4.6515e+05
4.6499e+05
4.6489e+05
4.6484e+05
4.6486e+05
4.6493e+05
4.6506e+05
4.6524e+05
4.6547e+05
4.6576e+05
4.661e+05
4.6649e+05
4.6692e+05
4.6741e+05
4.6794e+05
4.6852e+05
4.6914e+05
4.6981e+05
4.7052e+05
4.7127e+05
4.7206e+05
4.7289e+05
4.7376e+05
4.7466e+05
4.7561e+05
4.7658e+05
4.776e+05
4.7864e+05
4.7972e+05
4.8083e+05
4.8196e+05
4.8313e+05
4.8433e+05
4.8555e+05
4.868e+05
4.8808e+05
4.8938e+05
4.907e+05
4.9205e+05
4.9342e+05
4.9481e+05
4.9622e+05
4.9765e+05
4.991e+05
5.0057e+05
5.0206e+05
5.0356e+05
5.0508e+05
5.0661e+05
5.0816e+05
5.0973e+05
5.113e+05
5.129e+05
5.145e+05
5.1612e+05
5.1774e+05
5.1938e+05
5.2103e+05
5.2269e+05
5.2436e+05
5.2604e+05
5.2773e+05
5.2943e+05
5.3114e+05
5.3285e+05
5.3457e+05
5.3631e+05
5.3805e+05
5.398e+05
5.4155e+05
5.4332e+05
5.4509e+05
5.4687e+05
5.4865e+05
5.5045e+05
5.5225e+05
5.5406e+05
5.5588e+05
5.577e+05
5.5954e+05
5.6138e+05
5.6323e+05
5.6509e+05
5.6695e+05
5.6883e+05
5.7071e+05
5.7261e+05
5.7451e+05
5.7643e+05
5.7835e+05
5.8028e+05
5.8223e+05
5.8418e+05
5.8615e+05
5.8812e+05
5.9011e+05
5.9211e+05
5.9412e+05
5.9614e+05
5.9817e+05
6.0021e+05
6.0227e+05
6.0434e+05
6.0642e+05
6.0851e+05
6.1061e+05
6.1272e+05
6.1485e+05
6.1698e+05
6.1913e+05
6.2129e+05
6.2345e+05
6.2563e+05
6.2782e+05
6.3002e+05
6.3222e+05
6.3443e+05
6.3666e+05
6.3888e+05
6.4112e+05
6.4336e+05
6.456e+05
6.4785e+05
6.501e+05
6.5236e+05
6.5461e+05
6.5687e+05
6.5913e+05
6.6138e+05
6.6363e+05
6.6588e+05
6.6812e+05
6.7035e+05
6.7258e+05
6.748e+05
6.7701e+05
6.792e+05
6.8138e+05
6.8355e+05
6.857e+05
6.8784e+05
6.8995e+05
6.9205e+05
6.9412e+05
6.9617e+05
6.9819e+05
7.0019e+05
7.0216e+05
7.041e+05
7.0601e+05
7.0789e+05
7.0974e+05
7.1155e+05
7.1332e+05
7.1505e+05
7.1675e+05
7.1841e+05
7.2002e+05
7.2159e+05
7.2312e+05
7.246e+05
7.2604e+05
7.2743e+05
7.2877e+05
7.3006e+05
7.313e+05
7.325e+05
7.3364e+05
7.3473e+05
7.3576e+05
7.3675e+05
7.3768e+05
7.3856e+05
7.3938e+05
7.4015e+05
7.4086e+05
7.4152e+05
7.4212e+05
7.4267e+05
7.4317e+05
7.4361e+05
7.44e+05
7.4433e+05
7.4461e+05
7.4484e+05
7.4501e+05
7.4513e+05
7.4521e+05
7.4523e+05
7.452e+05
7.4512e+05
7.4499e+05
7.4481e+05
7.4459e+05
7.4432e+05
7.4401e+05
7.4365e+05
7.4325e+05
7.4281e+05
7.4232e+05
7.418e+05
7.4124e+05
7.4064e+05
7.4e+05
7.3933e+05
7.3862e+05
7.3788e+05
7.3711e+05
7.363e+05
7.3547e+05
7.3461e+05
7.3372e+05
7.328e+05
7.3185e+05
7.3088e+05
7.2989e+05
7.2887e+05
7.2783e+05
7.2676e+05
7.2568e+05
7.2457e+05
7.2345e+05
7.2231e+05
7.2114e+05
7.1996e+05
7.1877e+05
7.1755e+05
7.1632e+05
7.1507e+05
7.1381e+05
7.1253e+05
7.1123e+05
7.0992e+05
7.086e+05
7.0726e+05
7.059e+05
7.0453e+05
7.0314e+05
7.0174e+05
7.0032e+05
6.9888e+05
6.9743e+05
6.9596e+05
6.9448e+05
6.9298e+05
6.9145e+05
6.8992e+05
6.8836e+05
6.8678e+05
6.8519e+05
6.8357e+05
6.8193e+05
6.8027e+05
6.7859e+05
6.7689e+05
6.7517e+05
6.7341e+05
6.7164e+05
6.6984e+05
6.6802e+05
6.6616e+05
6.6429e+05
6.6238e+05
6.6045e+05
6.5848e+05
6.5649e+05
6.5447e+05
6.5242e+05
6.5033e+05
6.4822e+05
6.4607e+05
6.439e+05
6.4168e+05
6.3944e+05
6.3716e+05
6.3485e+05
6.3251e+05
6.3013e+05
6.2772e+05
6.2527e+05
6.2279e+05
6.2027e+05
6.1772e+05
6.1513e+05
6.1251e+05
6.0985e+05
6.0716e+05
6.0443e+05
6.0167e+05
5.9887e+05
5.9604e+05
5.9318e+05
5.9028e+05
5.8735e+05
5.8438e+05
5.8138e+05
5.7835e+05
5.7529e+05
5.722e+05
5.6907e+05
5.6592e+05
5.6273e+05
5.5952e+05
5.5627e+05
5.53e+05
5.497e+05
5.4637e+05
5.4302e+05
5.3964e+05
5.3624e+05
5.3281e+05
5.2935e+05
5.2588e+05
5.2238e+05
5.1886e+05
5.1531e+05
5.1175e+05
5.0817e+05
5.0457e+05
5.0095e+05
4.9731e+05
4.9366e+05
4.8999e+05
4.863e+05
4.826e+05
4.7889e+05
4.7516e+05
4.7142e+05
4.6767e+05
4.6391e+05
4.6014e+05
4.5636e+05
4.5256e+05
4.4876e+05
4.4496e+05
4.4114e+05
4.3732e+05
4.3349e+05
4.2966e+05
4.2582e+05
4.2198e+05
4.1813e+05
4.1428e+05
4.1043e+05
4.0658e+05
4.0273e+05
3.9887e+05
3.9502e+05
3.9116e+05
3.8731e+05
3.8346e+05
3.7961e+05
3.7576e+05
3.7192e+05
3.6807e+05
3.6424e+05
3.604e+05
3.5658e+05
3.5275e+05
3.4893e+05
3.4512e+05
3.4132e+05
3.3752e+05
3.3373e+05
3.2995e+05
3.2617e+05
3.2241e+05
3.1865e+05
3.149e+05
3.1117e+05
3.0744e+05
3.0372e+05
3.0002e+05
2.9632e+05
2.9264e+05
2.8897e+05
2.8531e+05
2.8167e+05
2.7803e+05
2.7441e+05
2.7081e+05
2.6722e+05
2.6364e+05
2.6008e+05
2.5653e+05
2.53e+05
2.4949e+05
2.4599e+05
2.425e+05
2.3904e+05
2.3559e+05
2.3215e+05
2.2874e+05
2.2534e+05
2.2196e+05
2.1859e+05
2.1525e+05
2.1192e+05
2.0861e+05
2.0532e+05
2.0204e+05
1.9879e+05
1.9556e+05
1.9234e+05
1.8914e+05
1.8597e+05
1.8281e+05
1.7967e+05
1.7655e+05
1.7345e+05
1.7037e+05
1.6731e+05
1.6427e+05
1.6125e+05
1.5825e+05
1.5527e+05
1.5231e+05
1.4937e+05
1.4645e+05
1.4355e+05
1.4066e+05
1.378e+05
1.3496e+05
1.3214e+05
1.2933e+05
1.2655e+05
1.2378e+05
1.2103e+05
1.1831e+05
1.156e+05
1.1291e+05
1.1024e+05
1.0758e+05
1.0495e+05
1.0233e+05
99731
97150
94587
92041
89512
87000
84505
82027
79565
77119
74690
72276
69878
67495
65127
62775
60437
58113
55804
53509
51227
48959
46704
44463
42234
40017
37813
35622
33442
31273
29117
26971
24836
22712
20599
18496
16403
14320
12246
10183
8128.1
6082.8
4046.4
2018.9
0
