9.8378e+05
9.7986e+05
9.7586e+05
9.718e+05
9.6766e+05
9.6345e+05
9.5917e+05
9.5482e+05
9.504e+05
9.4592e+05
9.4137e+05
9.3676e+05
9.3209e+05
9.2736e+05
9.2256e+05
9.1771e+05
9.128e+05
9.0783e+05
9.028e+05
8.9773e+05
8.926e+05
8.8742e+05
8.8218e+05
8.769e+05
8.7158e+05
8.662e+05
8.6078e+05
8.5531e+05
8.4981e+05
8.4426e+05
8.3867e+05
8.3304e+05
8.2737e+05
8.2166e+05
8.1592e+05
8.1015e+05
8.0434e+05
7.985e+05
7.9262e+05
7.8672e+05
7.8079e+05
7.7483e+05
7.6885e+05
7.6284e+05
7.568e+05
7.5074e+05
7.4466e+05
7.3856e+05
7.3244e+05
7.2631e+05
7.2015e+05
7.1398e+05
7.0779e+05
7.0159e+05
6.9538e+05
6.8915e+05
6.8291e+05
6.7667e+05
6.7041e+05
6.6415e+05
6.5788e+05
6.516e+05
6.4532e+05
6.3903e+05
6.3275e+05
6.2646e+05
6.2017e+05
6.1388e+05
6.0759e+05
6.0131e+05
5.9503e+05
5.8875e+05
5.8248e+05
5.7621e+05
5.6995e+05
5.637e+05
5.5746e+05
5.5122e+05
5.45e+05
5.3879e+05
5.3259e+05
5.264e+05
5.2023e+05
5.1407e+05
5.0793e+05
5.018e+05
4.957e+05
4.8961e+05
4.8353e+05
4.7748e+05
4.7145e+05
4.6544e+05
4.5945e+05
4.5348e+05
4.4754e+05
4.4162e+05
4.3573e+05
4.2986e+05
4.2402e+05
4.182e+05
4.1241e+05
4.0665e+05
4.0092e+05
3.9521e+05
3.8954e+05
3.839e+05
3.7829e+05
3.7271e+05
3.6716e+05
3.6165e+05
3.5616e+05
3.5072e+05
3.453e+05
3.3993e+05
3.3458e+05
3.2928e+05
3.2401e+05
3.1878e+05
3.1358e+05
3.0842e+05
3.033e+05
2.9822e+05
2.9318e+05
2.8818e+05
2.8322e+05
2.783e+05
2.7342e+05
2.6858e+05
2.6379e+05
2.5903e+05
2.5432e+05
2.4965e+05
2.4503e+05
2.4044e+05
2.359e+05
2.3141e+05
2.2696e+05
2.2255e+05
2.1819e+05
2.1388e+05
2.096e+05
2.0538e+05
2.012e+05
1.9707e+05
1.9298e+05
1.8894e+05
1.8495e+05
1.81e+05
1.771e+05
1.7325e+05
1.6945e+05
1.6569e+05
1.6198e+05
1.5832e+05
1.5471e+05
1.5115e+05
1.4763e+05
1.4416e+05
1.4075e+05
1.3738e+05
1.3405e+05
1.3078e+05
1.2756e+05
1.2438e+05
1.2126e+05
1.1818e+05
1.1515e+05
1.1218e+05
1.0925e+05
1.0637e+05
1.0354e+05
1.0075e+05
98021
95338
92703
90118
87581
85094
82656
80266
77925
75633
73390
71195
69049
66951
64901
62899
60946
59040
57183
55373
53610
51895
50227
48606
47032
45504
44024
42589
41201
39859
38563
37312
36106
34946
33831
32760
31734
30752
29815
28921
28070
27263
26499
25778
25100
24463
23869
23317
22805
22336
21907
21518
21170
20862
20594
20365
20175
20024
19912
19838
19801
19803
19841
19916
20028
20176
20361
20580
20835
21125
21449
21808
22201
22627
23086
23578
24102
24659
25247
25867
26518
27199
27911
28652
29424
30224
31053
31911
32797
33710
34651
35619
36613
37634
38680
39752
40849
41970
43116
44286
45479
46696
47935
49197
50481
51786
53112
54460
55828
57216
58624
60051
61497
62961
64444
65944
67462
68997
70549
72117
73701
75300
76915
78544
80188
81845
83516
85201
86898
88608
90330
92064
93809
95565
97332
99110
1.009e+05
1.0269e+05
1.045e+05
1.0631e+05
1.0814e+05
1.0997e+05
1.1181e+05
1.1365e+05
1.1551e+05
1.1737e+05
1.1923e+05
1.2111e+05
1.2299e+05
1.2487e+05
1.2676e+05
1.2865e+05
1.3055e+05
1.3245e+05
1.3435e+05
1.3626e+05
1.3817e+05
1.4009e+05
1.42e+05
1.4392e+05
1.4584e+05
1.4776e+05
1.4968e+05
1.5161e+05
1.5353e+05
1.5545e+05
1.5737e+05
1.593e+05
1.6122e+05
1.6314e+05
1.6506e+05
1.6697e+05
1.6889e+05
1.708e+05
1.7271e+05
1.7462e+05
1.7652e+05
1.7842e+05
1.8031e+05
1.822e+05
1.8409e+05
1.8597e+05
1.8785e+05
1.8972e+05
1.9159e+05
1.9345e+05
1.9531e+05
1.9715e+05
1.99e+05
2.0083e+05
2.0266e+05
2.0448e+05
2.0629e+05
2.081e+05
2.0989e+05
2.1168e+05
2.1346e+05
2.1523e+05
2.1699e+05
2.1875e+05
2.2049e+05
2.2222e+05
2.2395e+05
2.2566e+05
2.2736e+05
2.2906e+05
2.3074e+05
2.3241e+05
2.3407e+05
2.3572e+05
2.3735e+05
2.3898e+05
2.4059e+05
2.4219e+05
2.4378e+05
2.4535e+05
2.4692e+05
2.4846e+05
2.5e+05
2.5152e+05
2.5303e+05
2.5453e+05
2.5601e+05
2.5748e+05
2.5893e+05
2.6037e+05
2.618e+05
2.6321e+05
2.646e+05
2.6598e+05
2.6735e+05
2.687e+05
2.7003e+05
2.7135e+05
2.7266e+05
2.7394e+05
2.7522e+05
2.7647e+05
2.7771e+05
2.7894e+05
2.8014e+05
2.8133e+05
2.8251e+05
2.8367e+05
2.8481e+05
2.8593e+05
2.8704e+05
2.8813e+05
2.892e+05
2.9025e+05
2.9129e+05
2.9231e+05
2.9331e+05
2.943e+05
2.9526e+05
2.9621e+05
2.9715e+05
2.9806e+05
2.9895e+05
2.9983e+05
3.0069e+05
3.0153e+05
3.0235e+05
3.0316e+05
3.0394e+05
3.0471e+05
3.0546e+05
3.0619e+05
3.069e+05
3.076e+05
3.0827e+05
3.0893e+05
3.0956e+05
3.1018e+05
3.1078e+05
3.1136e+05
3.1192e+05
3.1247e+05
3.1299e+05
3.135e+05
3.1398e+05
3.1445e+05
3.149e+05
3.1533e+05
3.1574e+05
3.1613e+05
3.165e+05
3.1686e+05
3.1719e+05
3.1751e+05
3.1781e+05
3.1808e+05
3.1834e+05
3.1858e+05
3.1881e+05
3.1901e+05
3.1919e+05
3.1936e+05
3.195e+05
3.1963e+05
3.1974e+05
3.1983e+05
3.199e+05
3.1995e+05
3.1999e+05
3.2e+05
3.2e+05
3.1998e+05
3.1994e+05
3.1988e+05
3.198e+05
3.1971e+05
3.196e+05
3.1946e+05
3.1932e+05
3.1915e+05
3.1896e+05
3.1876e+05
3.1854e+05
3.183e+05
3.1804e+05
3.1777e+05
3.1748e+05
3.1717e+05
3.1684e+05
3.1649e+05
3.1613e+05
3.1575e+05
3.1536e+05
3.1494e+05
3.1451e+05
3.1407e+05
3.136e+05
3.1312e+05
3.1262e+05
3.1211e+05
3.1158e+05
3.1103e+05
3.1047e+05
3.0989e+05
3.093e+05
3.0868e+05
3.0806e+05
3.0741e+05
3.0675e+05
3.0608e+05
3.0539e+05
3.0468e+05
3.0396e+05
3.0323e+05
3.0248e+05
3.0171e+05
3.0093e+05
3.0013e+05
2.9932e+05
2.985e+05
2.9766e+05
2.968e+05
2.9594e+05
2.9505e+05
2.9416e+05
2.9325e+05
2.9233e+05
2.9139e+05
2.9044e+05
2.8947e+05
2.885e+05
2.8751e+05
2.865e+05
2.8549e+05
2.8446e+05
2.8341e+05
2.8236e+05
2.8129e+05
2.8021e+05
2.7912e+05
2.7802e+05
2.7691e+05
2.7578e+05
2.7464e+05
2.7349e+05
2.7233e+05
2.7116e+05
2.6997e+05
2.6878e+05
2.6757e+05
2.6636e+05
2.6513e+05
2.639e+05
2.6265e+05
2.6139e+05
2.6012e+05
2.5885e+05
2.5756e+05
2.5626e+05
2.5496e+05
2.5364e+05
2.5232e+05
2.5098e+05
2.4964e+05
2.4829e+05
2.4693e+05
2.4556e+05
2.4419e+05
2.428e+05
2.4141e+05
2.4001e+05
2.386e+05
2.3718e+05
2.3576e+05
2.3433e+05
2.3289e+05
2.3144e+05
2.2999e+05
2.2853e+05
2.2706e+05
2.2559e+05
2.2411e+05
2.2263e+05
2.2114e+05
2.1964e+05
2.1814e+05
2.1663e+05
2.1511e+05
2.1359e+05
2.1207e+05
2.1054e+05
2.09e+05
2.0746e+05
2.0592e+05
2.0437e+05
2.0281e+05
2.0125e+05
1.9969e+05
1.9813e+05
1.9655e+05
1.9498e+05
1.934e+05
1.9182e+05
1.9024e+05
1.8865e+05
1.8706e+05
1.8546e+05
1.8387e+05
1.8227e+05
1.8067e+05
1.7906e+05
1.7746e+05
1.7585e+05
1.7424e+05
1.7262e+05
1.7101e+05
1.6939e+05
1.6778e+05
1.6616e+05
1.6454e+05
1.6292e+05
1.613e+05
1.5967e+05
1.5805e+05
1.5643e+05
1.548e+05
1.5318e+05
1.5155e+05
1.4993e+05
1.483e+05
1.4668e+05
1.4505e+05
1.4343e+05
1.418e+05
1.4018e+05
1.3856e+05
1.3694e+05
1.3532e+05
1.337e+05
1.3208e+05
1.3047e+05
1.2885e+05
1.2724e+05
1.2563e+05
1.2402e+05
1.2241e+05
1.208e+05
1.192e+05
1.176e+05
1.16e+05
1.144e+05
1.1281e+05
1.1122e+05
1.0963e+05
1.0805e+05
1.0647e+05
1.0489e+05
1.0331e+05
1.0174e+05
1.0017e+05
98609
97048
95491
93938
92389
90843
89303
87766
86234
84706
83183
81665
80152
78643
77139
75641
74147
72659
71176
69699
68227
66760
65300
63845
62396
60952
59515
58084
56659
55240
53828
52422
51022
49629
48243
46863
45490
44124
42765
41413
40068
38729
37398
36075
34758
33449
32147
30853
29567
28288
27016
25752
24496
23248
22008
20775
19551
18335
17126
15926
14734
13550
12375
11207
10048
8897.9
7755.8
6622.1
5497
4380.4
3272.3
2172.9
1082.1
0
