4.9151e+05
4.971e+05
5.0253e+05
5.0781e+05
5.1292e+05
5.1787e+05
5.2265e+05
5.2726e+05
5.3169e+05
5.3594e+05
5.4002e+05
5.4391e+05
5.4762e+05
5.5114e+05
5.5448e+05
5.5763e+05
5.6059e+05
5.6336e+05
5.6594e+05
5.6833e+05
5.7053e+05
5.7254e+05
5.7435e+05
5.7598e+05
5.7742e+05
5.7867e+05
5.7973e+05
5.806e+05
5.8129e+05
5.818e+05
5.8213e+05
5.8227e+05
5.8224e+05
5.8204e+05
5.8166e+05
5.8112e+05
5.8041e+05
5.7954e+05
5.785e+05
5.7732e+05
5.7597e+05
5.7449e+05
5.7285e+05
5.7108e+05
5.6917e+05
5.6712e+05
5.6495e+05
5.6266e+05
5.6024e+05
5.5772e+05
5.5508e+05
5.5234e+05
5.495e+05
5.4657e+05
5.4354e+05
5.4044e+05
5.3725e+05
5.34e+05
5.3067e+05
5.2728e+05
5.2384e+05
5.2034e+05
5.168e+05
5.1321e+05
5.096e+05
5.0595e+05
5.0227e+05
4.9858e+05
4.9488e+05
4.9116e+05
4.8745e+05
4.8373e+05
4.8003e+05
4.7633e+05
4.7266e+05
4.6901e+05
4.6538e+05
4.6179e+05
4.5824e+05
4.5472e+05
4.5126e+05
4.4784e+05
4.4449e+05
4.4119e+05
4.3795e+05
4.3479e+05
4.3169e+05
4.2867e+05
4.2573e+05
4.2288e+05
4.2011e+05
4.1743e+05
4.1484e+05
4.1234e+05
4.0995e+05
4.0765e+05
4.0546e+05
4.0337e+05
4.0139e+05
3.9952e+05
3.9776e+05
3.9611e+05
3.9458e+05
3.9316e+05
3.9186e+05
3.9067e+05
3.896e+05
3.8866e+05
3.8782e+05
3.8711e+05
3.8652e+05
3.8605e+05
3.8569e+05
3.8546e+05
3.8534e+05
3.8534e+05
3.8545e+05
3.8568e+05
3.8602e+05
3.8647e+05
3.8704e+05
3.8771e+05
3.885e+05
3.8938e+05
3.9037e+05
3.9146e+05
3.9265e+05
3.9394e+05
3.9532e+05
3.9679e+05
3.9835e+05
3.9999e+05
4.0172e+05
4.0352e+05
4.054e+05
4.0736e+05
4.0938e+05
4.1147e+05
4.1362e+05
4.1583e+05
4.1809e+05
4.2041e+05
4.2277e+05
4.2518e+05
4.2762e+05
4.301e+05
4.3262e+05
4.3516e+05
4.3772e+05
4.403e+05
4.429e+05
4.4552e+05
4.4814e+05
4.5076e+05
4.5338e+05
4.56e+05
4.5861e+05
4.612e+05
4.6378e+05
4.6634e+05
4.6887e+05
4.7138e+05
4.7385e+05
4.7629e+05
4.7868e+05
4.8103e+05
4.8334e+05
4.8559e+05
4.8779e+05
4.8993e+05
4.9201e+05
4.9402e+05
4.9596e+05
4.9783e+05
4.9963e+05
5.0135e+05
5.0299e+05
5.0454e+05
5.0601e+05
5.0739e+05
5.0867e+05
5.0986e+05
5.1095e+05
5.1195e+05
5.1284e+05
5.1363e+05
5.1431e+05
5.1488e+05
5.1535e+05
5.157e+05
5.1594e+05
5.1606e+05
5.1607e+05
5.1596e+05
5.1573e+05
5.1538e+05
5.1491e+05
5.1432e+05
5.1361e+05
5.1277e+05
5.1181e+05
5.1073e+05
5.0952e+05
5.0819e+05
5.0673e+05
5.0515e+05
5.0344e+05
5.0161e+05
4.9966e+05
4.9758e+05
4.9538e+05
4.9306e+05
4.9061e+05
4.8805e+05
4.8537e+05
4.8256e+05
4.7964e+05
4.7661e+05
4.7346e+05
4.702e+05
4.6682e+05
4.6334e+05
4.5974e+05
4.5605e+05
4.5224e+05
4.4834e+05
4.4433e+05
4.4023e+05
4.3603e+05
4.3174e+05
4.2735e+05
4.2288e+05
4.1832e+05
4.1368e+05
4.0896e+05
4.0416e+05
3.9929e+05
3.9434e+05
3.8933e+05
3.8425e+05
3.791e+05
3.739e+05
3.6864e+05
3.6333e+05
3.5796e+05
3.5255e+05
3.471e+05
3.4161e+05
3.3608e+05
3.3052e+05
3.2493e+05
3.1931e+05
3.1367e+05
3.0801e+05
3.0234e+05
2.9665e+05
2.9096e+05
2.8526e+05
2.7956e+05
2.7387e+05
2.6818e+05
2.6251e+05
2.5684e+05
2.512e+05
2.4558e+05
2.3998e+05
2.3442e+05
2.2888e+05
2.2339e+05
2.1793e+05
2.1252e+05
2.0715e+05
2.0184e+05
1.9658e+05
1.9138e+05
1.8625e+05
1.8118e+05
1.7617e+05
1.7125e+05
1.6639e+05
1.6162e+05
1.5693e+05
1.5232e+05
1.4781e+05
1.4339e+05
1.3906e+05
1.3483e+05
1.3071e+05
1.2669e+05
1.2278e+05
1.1898e+05
1.1529e+05
1.1172e+05
1.0827e+05
1.0494e+05
1.0174e+05
98661
95715
92901
90222
87680
85277
83015
80896
78923
77097
75420
73894
72521
71301
70237
69330
68581
67992
67564
67297
67193
67253
67478
67868
68424
69146
70035
71092
72316
73709
75269
76997
78893
80957
83188
85587
88152
90884
93781
96844
1.0007e+05
1.0346e+05
1.0701e+05
1.1073e+05
1.146e+05
1.1863e+05
1.2282e+05
1.2717e+05
1.3167e+05
1.3633e+05
1.4113e+05
1.4609e+05
1.512e+05
1.5645e+05
1.6184e+05
1.6738e+05
1.7306e+05
1.7888e+05
1.8483e+05
1.9092e+05
1.9714e+05
2.0349e+05
2.0996e+05
2.1656e+05
2.2328e+05
2.3012e+05
2.3708e+05
2.4415e+05
2.5133e+05
2.5861e+05
2.66e+05
2.7349e+05
2.8108e+05
2.8877e+05
2.9655e+05
3.0442e+05
3.1237e+05
3.2041e+05
3.2852e+05
3.3671e+05
3.4497e+05
3.5331e+05
3.617e+05
3.7017e+05
3.7868e+05
3.8726e+05
3.9588e+05
4.0456e+05
4.1328e+05
4.2204e+05
4.3083e+05
4.3967e+05
4.4853e+05
4.5741e+05
4.6632e+05
4.7525e+05
4.842e+05
4.9316e+05
5.0212e+05
5.1109e+05
5.2007e+05
5.2903e+05
5.38e+05
5.4695e+05
5.5589e+05
5.6481e+05
5.7372e+05
5.826e+05
5.9145e+05
6.0027e+05
6.0906e+05
6.178e+05
6.2651e+05
6.3518e+05
6.4379e+05
6.5236e+05
6.6087e+05
6.6932e+05
6.7771e+05
6.8604e+05
6.943e+05
7.025e+05
7.1061e+05
7.1866e+05
7.2662e+05
7.345e+05
7.423e+05
7.5001e+05
7.5763e+05
7.6516e+05
7.7259e+05
7.7993e+05
7.8716e+05
7.9429e+05
8.0132e+05
8.0824e+05
8.1505e+05
8.2175e+05
8.2833e+05
8.348e+05
8.4115e+05
8.4738e+05
8.5348e+05
8.5946e+05
8.6532e+05
8.7105e+05
8.7665e+05
8.8212e+05
8.8746e+05
8.9266e+05
8.9773e+05
9.0266e+05
9.0746e+05
9.1211e+05
9.1663e+05
9.21e+05
9.2523e+05
9.2932e+05
9.3327e+05
9.3707e+05
9.4072e+05
9.4423e+05
9.4759e+05
9.508e+05
9.5387e+05
9.5678e+05
9.5955e+05
9.6217e+05
9.6464e+05
9.6696e+05
9.6913e+05
9.7114e+05
9.7301e+05
9.7473e+05
9.763e+05
9.7772e+05
9.7899e+05
9.801e+05
9.8107e+05
9.8189e+05
9.8257e+05
9.8309e+05
9.8347e+05
9.8369e+05
9.8378e+05
9.8371e+05
9.835e+05
9.8315e+05
9.8265e+05
9.8201e+05
9.8123e+05
9.8031e+05
9.7924e+05
9.7804e+05
9.767e+05
9.7522e+05
9.736e+05
9.7186e+05
9.6997e+05
9.6796e+05
9.6581e+05
9.6353e+05
9.6113e+05
9.5859e+05
9.5593e+05
9.5315e+05
9.5024e+05
9.4721e+05
9.4407e+05
9.408e+05
9.3742e+05
9.3392e+05
9.303e+05
9.2658e+05
9.2274e+05
9.188e+05
9.1475e+05
9.1059e+05
9.0633e+05
9.0197e+05
8.9751e+05
8.9295e+05
8.8829e+05
8.8354e+05
8.7869e+05
8.7376e+05
8.6874e+05
8.6363e+05
8.5843e+05
8.5315e+05
8.4779e+05
8.4235e+05
8.3684e+05
8.3125e+05
8.2558e+05
8.1985e+05
8.1404e+05
8.0817e+05
8.0223e+05
7.9623e+05
7.9017e+05
7.8405e+05
7.7787e+05
7.7164e+05
7.6536e+05
7.5902e+05
7.5263e+05
7.462e+05
7.3972e+05
7.332e+05
7.2664e+05
7.2004e+05
7.134e+05
7.0672e+05
7.0002e+05
6.9328e+05
6.8652e+05
6.7972e+05
6.7291e+05
6.6606e+05
6.592e+05
6.5232e+05
6.4542e+05
6.3851e+05
6.3158e+05
6.2464e+05
6.1769e+05
6.1074e+05
6.0378e+05
5.9681e+05
5.8984e+05
5.8287e+05
5.759e+05
5.6894e+05
5.6198e+05
5.5502e+05
5.4807e+05
5.4114e+05
5.3421e+05
5.273e+05
5.204e+05
5.1352e+05
5.0666e+05
4.9981e+05
4.9299e+05
4.8619e+05
4.7941e+05
4.7265e+05
4.6593e+05
4.5923e+05
4.5256e+05
4.4592e+05
4.3932e+05
4.3274e+05
4.262e+05
4.197e+05
4.1324e+05
4.0681e+05
4.0042e+05
3.9407e+05
3.8776e+05
3.815e+05
3.7528e+05
3.691e+05
3.6297e+05
3.5688e+05
3.5085e+05
3.4486e+05
3.3891e+05
3.3302e+05
3.2718e+05
3.2139e+05
3.1566e+05
3.0997e+05
3.0434e+05
2.9876e+05
2.9324e+05
2.8777e+05
2.8236e+05
2.77e+05
2.717e+05
2.6646e+05
2.6127e+05
2.5615e+05
2.5108e+05
2.4607e+05
2.4112e+05
2.3622e+05
2.3139e+05
2.2662e+05
2.2191e+05
2.1725e+05
2.1266e+05
2.0813e+05
2.0365e+05
1.9924e+05
1.9489e+05
1.906e+05
1.8637e+05
1.822e+05
1.7809e+05
1.7404e+05
1.7005e+05
1.6612e+05
1.6225e+05
1.5844e+05
1.5469e+05
1.51e+05
1.4737e+05
1.438e+05
1.4029e+05
1.3683e+05
1.3343e+05
1.3009e+05
1.2681e+05
1.2359e+05
1.2042e+05
1.1731e+05
1.1425e+05
1.1125e+05
1.083e+05
1.0541e+05
1.0258e+05
99792
97062
94385
91760
89187
86665
84193
81772
79400
77078
74804
72577
70398
68266
66180
64140
62144
60193
58285
56421
54599
52819
51081
49383
47725
46107
44527
42986
41482
40015
38584
37190
35830
34504
33213
31955
30729
29536
28374
27242
26141
25070
24028
23014
22027
21069
20137
19231
18350
17495
16664
15857
15074
14313
13574
12858
12162
11488
10834
10199
9583.6
8987.1
8408.8
7848.3
7305.2
6779
6269.2
5775.4
5297.1
4833.9
4385.4
3951.1
3530.6
3123.6
2729.6
2348.2
1979.1
1621.8
1275.9
941.21
617.21
303.59
0
