9.8378e+05
9.8131e+05
9.7876e+05
9.7614e+05
9.7345e+05
9.7068e+05
9.6785e+05
9.6494e+05
9.6197e+05
9.5892e+05
9.5581e+05
9.5264e+05
9.494e+05
9.4609e+05
9.4272e+05
9.3929e+05
9.358e+05
9.3225e+05
9.2864e+05
9.2497e+05
9.2124e+05
9.1746e+05
9.1362e+05
9.0973e+05
9.0578e+05
9.0178e+05
8.9773e+05
8.9364e+05
8.8949e+05
8.8529e+05
8.8105e+05
8.7676e+05
8.7242e+05
8.6805e+05
8.6362e+05
8.5916e+05
8.5466e+05
8.5011e+05
8.4553e+05
8.4091e+05
8.3625e+05
8.3156e+05
8.2683e+05
8.2207e+05
8.1727e+05
8.1244e+05
8.0758e+05
8.027e+05
7.9778e+05
7.9284e+05
7.8786e+05
7.8287e+05
7.7784e+05
7.728e+05
7.6773e+05
7.6264e+05
7.5753e+05
7.5239e+05
7.4724e+05
7.4207e+05
7.3689e+05
7.3168e+05
7.2646e+05
7.2123e+05
7.1599e+05
7.1073e+05
7.0546e+05
7.0018e+05
6.9488e+05
6.8958e+05
6.8428e+05
6.7896e+05
6.7364e+05
6.6831e+05
6.6298e+05
6.5765e+05
6.5231e+05
6.4697e+05
6.4163e+05
6.3629e+05
6.3095e+05
6.2561e+05
6.2028e+05
6.1494e+05
6.0961e+05
6.0429e+05
5.9897e+05
5.9365e+05
5.8835e+05
5.8305e+05
5.7776e+05
5.7247e+05
5.672e+05
5.6194e+05
5.5669e+05
5.5145e+05
5.4623e+05
5.4102e+05
5.3582e+05
5.3064e+05
5.2547e+05
5.2032e+05
5.1519e+05
5.1007e+05
5.0497e+05
4.9989e+05
4.9483e+05
4.8979e+05
4.8477e+05
4.7977e+05
4.7479e+05
4.6984e+05
4.6491e+05
4.6e+05
4.5511e+05
4.5025e+05
4.4542e+05
4.4061e+05
4.3583e+05
4.3107e+05
4.2634e+05
4.2164e+05
4.1696e+05
4.1232e+05
4.077e+05
4.0311e+05
3.9856e+05
3.9403e+05
3.8953e+05
3.8507e+05
3.8064e+05
3.7623e+05
3.7186e+05
3.6753e+05
3.6322e+05
3.5895e+05
3.5472e+05
3.5052e+05
3.4635e+05
3.4221e+05
3.3812e+05
3.3405e+05
3.3003e+05
3.2604e+05
3.2208e+05
3.1816e+05
3.1428e+05
3.1044e+05
3.0663e+05
3.0286e+05
2.9913e+05
2.9544e+05
2.9178e+05
2.8817e+05
2.8459e+05
2.8105e+05
2.7755e+05
2.7409e+05
2.7067e+05
2.6728e+05
2.6394e+05
2.6064e+05
2.5738e+05
2.5415e+05
2.5097e+05
2.4783e+05
2.4473e+05
2.4166e+05
2.3864e+05
2.3566e+05
2.3272e+05
2.2982e+05
2.2697e+05
2.2415e+05
2.2137e+05
2.1864e+05
2.1594e+05
2.1329e+05
2.1068e+05
2.081e+05
2.0557e+05
2.0308e+05
2.0064e+05
1.9823e+05
1.9586e+05
1.9354e+05
1.9125e+05
1.8901e+05
1.868e+05
1.8464e+05
1.8252e+05
1.8044e+05
1.7839e+05
1.7639e+05
1.7443e+05
1.7251e+05
1.7063e+05
1.6879e+05
1.6699e+05
1.6523e+05
1.6351e+05
1.6183e+05
1.6019e+05
1.5858e+05
1.5702e+05
1.5549e+05
1.5401e+05
1.5256e+05
1.5115e+05
1.4978e+05
1.4844e+05
1.4715e+05
1.4589e+05
1.4467e+05
1.4349e+05
1.4234e+05
1.4123e+05
1.4016e+05
1.3912e+05
1.3812e+05
1.3716e+05
1.3623e+05
1.3534e+05
1.3448e+05
1.3366e+05
1.3288e+05
1.3212e+05
1.314e+05
1.3072e+05
1.3007e+05
1.2945e+05
1.2887e+05
1.2832e+05
1.278e+05
1.2732e+05
1.2687e+05
1.2645e+05
1.2606e+05
1.257e+05
1.2538e+05
1.2508e+05
1.2482e+05
1.2458e+05
1.2438e+05
1.242e+05
1.2406e+05
1.2394e+05
1.2385e+05
1.238e+05
1.2377e+05
1.2376e+05
1.2379e+05
1.2384e+05
1.2392e+05
1.2403e+05
1.2416e+05
1.2432e+05
1.245e+05
1.2471e+05
1.2494e+05
1.252e+05
1.2548e+05
1.2579e+05
1.2612e+05
1.2648e+05
1.2686e+05
1.2726e+05
1.2768e+05
1.2812e+05
1.2859e+05
1.2908e+05
1.2959e+05
1.3012e+05
1.3067e+05
1.3124e+05
1.3183e+05
1.3244e+05
1.3307e+05
1.3372e+05
1.3439e+05
1.3507e+05
1.3577e+05
1.3649e+05
1.3723e+05
1.3799e+05
1.3876e+05
1.3954e+05
1.4035e+05
1.4116e+05
1.42e+05
1.4284e+05
1.4371e+05
1.4458e+05
1.4547e+05
1.4638e+05
1.473e+05
1.4823e+05
1.4917e+05
1.5013e+05
1.5109e+05
1.5207e+05
1.5306e+05
1.5406e+05
1.5507e+05
1.561e+05
1.5713e+05
1.5817e+05
1.5922e+05
1.6028e+05
1.6135e+05
1.6243e+05
1.6351e+05
1.6461e+05
1.6571e+05
1.6682e+05
1.6793e+05
1.6906e+05
1.7018e+05
1.7132e+05
1.7246e+05
1.7361e+05
1.7476e+05
1.7591e+05
1.7707e+05
1.7824e+05
1.7941e+05
1.8058e+05
1.8176e+05
1.8294e+05
1.8412e+05
1.853e+05
1.8649e+05
1.8768e+05
1.8887e+05
1.9007e+05
1.9126e+05
1.9246e+05
1.9366e+05
1.9485e+05
1.9605e+05
1.9725e+05
1.9845e+05
1.9964e+05
2.0084e+05
2.0203e+05
2.0323e+05
2.0442e+05
2.0561e+05
2.068e+05
2.0799e+05
2.0918e+05
2.1036e+05
2.1154e+05
2.1272e+05
2.1389e+05
2.1506e+05
2.1623e+05
2.1739e+05
2.1855e+05
2.197e+05
2.2085e+05
2.22e+05
2.2314e+05
2.2428e+05
2.2541e+05
2.2653e+05
2.2765e+05
2.2876e+05
2.2987e+05
2.3097e+05
2.3207e+05
2.3315e+05
2.3424e+05
2.3531e+05
2.3638e+05
2.3744e+05
2.3849e+05
2.3954e+05
2.4057e+05
2.416e+05
2.4263e+05
2.4364e+05
2.4464e+05
2.4564e+05
2.4663e+05
2.4761e+05
2.4858e+05
2.4954e+05
2.5049e+05
2.5143e+05
2.5237e+05
2.5329e+05
2.542e+05
2.5511e+05
2.56e+05
2.5688e+05
2.5776e+05
2.5862e+05
2.5947e+05
2.6032e+05
2.6115e+05
2.6197e+05
2.6278e+05
2.6358e+05
2.6436e+05
2.6514e+05
2.6591e+05
2.6666e+05
2.674e+05
2.6813e+05
2.6885e+05
2.6956e+05
2.7025e+05
2.7094e+05
2.7161e+05
2.7227e+05
2.7292e+05
2.7355e+05
2.7418e+05
2.7479e+05
2.7538e+05
2.7597e+05
2.7654e+05
2.771e+05
2.7765e+05
2.7819e+05
2.7871e+05
2.7922e+05
2.7972e+05
2.802e+05
2.8067e+05
2.8113e+05
2.8158e+05
2.8201e+05
2.8243e+05
2.8283e+05
2.8323e+05
2.8361e+05
2.8397e+05
2.8432e+05
2.8466e+05
2.8499e+05
2.853e+05
2.856e+05
2.8589e+05
2.8616e+05
2.8642e+05
2.8667e+05
2.869e+05
2.8712e+05
2.8732e+05
2.8752e+05
2.8769e+05
2.8786e+05
2.8801e+05
2.8815e+05
2.8827e+05
2.8838e+05
2.8848e+05
2.8856e+05
2.8863e+05
2.8869e+05
2.8873e+05
2.8876e+05
2.8878e+05
2.8878e+05
2.8877e+05
2.8875e+05
2.8871e+05
2.8866e+05
2.886e+05
2.8852e+05
2.8843e+05
2.8832e+05
2.8821e+05
2.8807e+05
2.8793e+05
2.8777e+05
2.876e+05
2.8742e+05
2.8722e+05
2.8701e+05
2.8679e+05
2.8655e+05
2.863e+05
2.8604e+05
2.8576e+05
2.8548e+05
2.8518e+05
2.8486e+05
2.8453e+05
2.842e+05
2.8384e+05
2.8348e+05
2.831e+05
2.8271e+05
2.8231e+05
2.8189e+05
2.8147e+05
2.8103e+05
2.8057e+05
2.8011e+05
2.7963e+05
2.7914e+05
2.7864e+05
2.7813e+05
2.7761e+05
2.7707e+05
2.7652e+05
2.7596e+05
2.7539e+05
2.748e+05
2.7421e+05
2.736e+05
2.7298e+05
2.7235e+05
2.7171e+05
2.7106e+05
2.7039e+05
2.6972e+05
2.6903e+05
2.6833e+05
2.6762e+05
2.669e+05
2.6617e+05
2.6543e+05
2.6468e+05
2.6391e+05
2.6314e+05
2.6236e+05
2.6156e+05
2.6076e+05
2.5994e+05
2.5912e+05
2.5828e+05
2.5743e+05
2.5658e+05
2.5571e+05
2.5484e+05
2.5395e+05
2.5306e+05
2.5215e+05
2.5124e+05
2.5031e+05
2.4938e+05
2.4844e+05
2.4749e+05
2.4653e+05
2.4556e+05
2.4458e+05
2.4359e+05
2.4259e+05
2.4159e+05
2.4057e+05
2.3955e+05
2.3852e+05
2.3748e+05
2.3643e+05
2.3537e+05
2.3431e+05
2.3324e+05
2.3216e+05
2.3107e+05
2.2997e+05
2.2887e+05
2.2776e+05
2.2664e+05
2.2551e+05
2.2438e+05
2.2324e+05
2.2209e+05
2.2093e+05
2.1977e+05
2.186e+05
2.1743e+05
2.1624e+05
2.1505e+05
2.1386e+05
2.1266e+05
2.1145e+05
2.1023e+05
2.0901e+05
2.0778e+05
2.0655e+05
2.0531e+05
2.0407e+05
2.0281e+05
2.0156e+05
2.003e+05
1.9903e+05
1.9776e+05
1.9648e+05
1.9519e+05
1.9391e+05
1.9261e+05
1.9131e+05
1.9001e+05
1.887e+05
1.8739e+05
1.8608e+05
1.8475e+05
1.8343e+05
1.821e+05
1.8077e+05
1.7943e+05
1.7809e+05
1.7674e+05
1.7539e+05
1.7404e+05
1.7268e+05
1.7133e+05
1.6996e+05
1.686e+05
1.6723e+05
1.6586e+05
1.6448e+05
1.631e+05
1.6172e+05
1.6034e+05
1.5895e+05
1.5756e+05
1.5617e+05
1.5478e+05
1.5339e+05
1.5199e+05
1.5059e+05
1.4919e+05
1.4779e+05
1.4638e+05
1.4498e+05
1.4357e+05
1.4216e+05
1.4075e+05
1.3934e+05
1.3793e+05
1.3651e+05
1.351e+05
1.3369e+05
1.3227e+05
1.3085e+05
1.2944e+05
1.2802e+05
1.266e+05
1.2519e+05
1.2377e+05
1.2235e+05
1.2093e+05
1.1952e+05
1.181e+05
1.1668e+05
1.1527e+05
1.1385e+05
1.1244e+05
1.1102e+05
1.0961e+05
1.082e+05
1.0679e+05
1.0538e+05
1.0397e+05
1.0256e+05
1.0116e+05
99753
98350
96949
95550
94153
92758
91365
89974
88586
87199
85816
84434
83056
81680
80307
78937
77570
76206
74845
73488
72133
70782
69435
68092
66752
65415
64083
62755
61430
60110
58794
57482
56175
54872
53574
52280
50991
49706
48427
47152
45882
44618
43358
42104
40855
39612
38374
37141
35914
34693
33477
32267
31064
29866
28674
27488
26308
25135
23967
22806
21652
20504
19363
18228
17099
15978
14863
13755
12654
11560
10473
9393.2
8320.4
7254.7
6196.2
5145
4101.2
3064.7
2035.6
1014
0
