1.5613e+05
1.6113e+05
1.6615e+05
1.7119e+05
1.7625e+05
1.8132e+05
1.8639e+05
1.9145e+05
1.9651e+05
2.0155e+05
2.0656e+05
2.1155e+05
2.165e+05
2.2141e+05
2.2628e+05
2.3109e+05
2.3585e+05
2.4054e+05
2.4517e+05
2.4972e+05
2.542e+05
2.5859e+05
2.629e+05
2.6712e+05
2.7125e+05
2.7527e+05
2.792e+05
2.8302e+05
2.8673e+05
2.9033e+05
2.9382e+05
2.9719e+05
3.0044e+05
3.0358e+05
3.0659e+05
3.0947e+05
3.1224e+05
3.1487e+05
3.1738e+05
3.1977e+05
3.2202e+05
3.2415e+05
3.2615e+05
3.2803e+05
3.2978e+05
3.314e+05
3.329e+05
3.3428e+05
3.3553e+05
3.3667e+05
3.3769e+05
3.3859e+05
3.3938e+05
3.4006e+05
3.4063e+05
3.411e+05
3.4147e+05
3.4173e+05
3.419e+05
3.4198e+05
3.4197e+05
3.4187e+05
3.417e+05
3.4145e+05
3.4112e+05
3.4072e+05
3.4026e+05
3.3974e+05
3.3917e+05
3.3854e+05
3.3786e+05
3.3715e+05
3.3639e+05
3.356e+05
3.3478e+05
3.3393e+05
3.3306e+05
3.3218e+05
3.3128e+05
3.3038e+05
3.2947e+05
3.2857e+05
3.2766e+05
3.2677e+05
3.2589e+05
3.2502e+05
3.2418e+05
3.2336e+05
3.2257e+05
3.218e+05
3.2108e+05
3.2038e+05
3.1973e+05
3.1912e+05
3.1856e+05
3.1805e+05
3.1758e+05
3.1717e+05
3.1681e+05
3.1651e+05
3.1626e+05
3.1608e+05
3.1595e+05
3.1589e+05
3.1589e+05
3.1595e+05
3.1608e+05
3.1627e+05
3.1653e+05
3.1685e+05
3.1724e+05
3.1769e+05
3.182e+05
3.1877e+05
3.1941e+05
3.2011e+05
3.2087e+05
3.2168e+05
3.2255e+05
3.2348e+05
3.2446e+05
3.2549e+05
3.2657e+05
3.2769e+05
3.2886e+05
3.3008e+05
3.3133e+05
3.3261e+05
3.3393e+05
3.3528e+05
3.3666e+05
3.3806e+05
3.3948e+05
3.4092e+05
3.4237e+05
3.4384e+05
3.4531e+05
3.4678e+05
3.4826e+05
3.4973e+05
3.5119e+05
3.5264e+05
3.5408e+05
3.555e+05
3.569e+05
3.5827e+05
3.5961e+05
3.6092e+05
3.622e+05
3.6344e+05
3.6463e+05
3.6578e+05
3.6688e+05
3.6792e+05
3.6891e+05
3.6984e+05
3.7071e+05
3.7152e+05
3.7226e+05
3.7293e+05
3.7352e+05
3.7405e+05
3.7449e+05
3.7486e+05
3.7515e+05
3.7535e+05
3.7547e+05
3.755e+05
3.7545e+05
3.753e+05
3.7507e+05
3.7474e+05
3.7433e+05
3.7382e+05
3.7321e+05
3.7252e+05
3.7173e+05
3.7084e+05
3.6987e+05
3.6879e+05
3.6763e+05
3.6637e+05
3.6502e+05
3.6358e+05
3.6205e+05
3.6043e+05
3.5872e+05
3.5692e+05
3.5504e+05
3.5307e+05
3.5103e+05
3.489e+05
3.4669e+05
3.4441e+05
3.4205e+05
3.3963e+05
3.3713e+05
3.3456e+05
3.3193e+05
3.2924e+05
3.2649e+05
3.2369e+05
3.2083e+05
3.1792e+05
3.1496e+05
3.1196e+05
3.0891e+05
3.0583e+05
3.0271e+05
2.9956e+05
2.9638e+05
2.9318e+05
2.8995e+05
2.867e+05
2.8344e+05
2.8016e+05
2.7687e+05
2.7358e+05
2.7028e+05
2.6698e+05
2.6368e+05
2.6038e+05
2.571e+05
2.5382e+05
2.5056e+05
2.4732e+05
2.4409e+05
2.4088e+05
2.377e+05
2.3454e+05
2.3141e+05
2.2832e+05
2.2525e+05
2.2222e+05
2.1922e+05
2.1627e+05
2.1335e+05
2.1048e+05
2.0764e+05
2.0485e+05
2.0211e+05
1.9942e+05
1.9677e+05
1.9417e+05
1.9162e+05
1.8912e+05
1.8667e+05
1.8427e+05
1.8192e+05
1.7962e+05
1.7737e+05
1.7518e+05
1.7303e+05
1.7094e+05
1.6889e+05
1.669e+05
1.6495e+05
1.6305e+05
1.612e+05
1.594e+05
1.5764e+05
1.5592e+05
1.5425e+05
1.5262e+05
1.5103e+05
1.4947e+05
1.4796e+05
1.4648e+05
1.4503e+05
1.4361e+05
1.4223e+05
1.4087e+05
1.3954e+05
1.3823e+05
1.3695e+05
1.3568e+05
1.3443e+05
1.332e+05
1.3198e+05
1.3078e+05
1.2958e+05
1.2839e+05
1.2721e+05
1.2602e+05
1.2484e+05
1.2366e+05
1.2248e+05
1.2129e+05
1.2009e+05
1.1889e+05
1.1767e+05
1.1644e+05
1.152e+05
1.1394e+05
1.1266e+05
1.1136e+05
1.1004e+05
1.087e+05
1.0734e+05
1.0595e+05
1.0453e+05
1.0309e+05
1.0162e+05
1.0012e+05
98595
97038
95449
93831
92181
90499
88787
87044
85270
83466
81632
79769
77878
75959
74014
72044
70051
68035
65998
63943
61871
59784
57683
55573
53454
51330
49202
47075
44950
42830
40719
38621
36537
34472
32429
30411
28423
26468
24549
22672
20839
19055
17323
15649
14035
12487
11008
9603
8275.9
7031.2
5873.2
4806
3834.2
2961.9
2193.4
1533
985.03
553.58
242.85
56.969
0
75.959
288.79
642.39
1140.5
1787
2585.4
3539.2
4652
5927
7367.5
8976.7
10757
12713
14845
17158
19652
22332
25198
28253
31500
34938
38571
42399
46424
50647
55068
59689
64510
69531
74752
80174
85796
91618
97639
1.0386e+05
1.1028e+05
1.1689e+05
1.237e+05
1.307e+05
1.379e+05
1.4528e+05
1.5285e+05
1.6061e+05
1.6855e+05
1.7667e+05
1.8497e+05
1.9344e+05
2.0208e+05
2.109e+05
2.1987e+05
2.2901e+05
2.383e+05
2.4775e+05
2.5734e+05
2.6708e+05
2.7696e+05
2.8697e+05
2.9711e+05
3.0738e+05
3.1777e+05
3.2827e+05
3.3888e+05
3.4959e+05
3.604e+05
3.7131e+05
3.8229e+05
3.9336e+05
4.0451e+05
4.1571e+05
4.2699e+05
4.3831e+05
4.4968e+05
4.611e+05
4.7255e+05
4.8403e+05
4.9553e+05
5.0704e+05
5.1856e+05
5.3009e+05
5.416e+05
5.5311e+05
5.6459e+05
5.7605e+05
5.8747e+05
5.9885e+05
6.1019e+05
6.2147e+05
6.3268e+05
6.4383e+05
6.549e+05
6.6589e+05
6.7678e+05
6.8758e+05
6.9828e+05
7.0887e+05
7.1934e+05
7.2968e+05
7.399e+05
7.4998e+05
7.5992e+05
7.6971e+05
7.7934e+05
7.8881e+05
7.9811e+05
8.0725e+05
8.162e+05
8.2497e+05
8.3355e+05
8.4193e+05
8.5011e+05
8.5809e+05
8.6586e+05
8.7341e+05
8.8074e+05
8.8785e+05
8.9474e+05
9.0138e+05
9.078e+05
9.1397e+05
9.199e+05
9.2558e+05
9.3101e+05
9.3619e+05
9.4112e+05
9.4578e+05
9.5018e+05
9.5432e+05
9.5819e+05
9.618e+05
9.6513e+05
9.682e+05
9.7099e+05
9.7351e+05
9.7575e+05
9.7772e+05
9.7942e+05
9.8083e+05
9.8197e+05
9.8284e+05
9.8343e+05
9.8374e+05
9.8378e+05
9.8354e+05
9.8303e+05
9.8225e+05
9.8119e+05
9.7987e+05
9.7828e+05
9.7642e+05
9.743e+05
9.7191e+05
9.6927e+05
9.6637e+05
9.6322e+05
9.5981e+05
9.5616e+05
9.5226e+05
9.4812e+05
9.4375e+05
9.3913e+05
9.3429e+05
9.2922e+05
9.2393e+05
9.1841e+05
9.1269e+05
9.0675e+05
9.0061e+05
8.9426e+05
8.8772e+05
8.8099e+05
8.7407e+05
8.6697e+05
8.5969e+05
8.5225e+05
8.4463e+05
8.3686e+05
8.2892e+05
8.2084e+05
8.1262e+05
8.0425e+05
7.9575e+05
7.8713e+05
7.7838e+05
7.6951e+05
7.6054e+05
7.5146e+05
7.4227e+05
7.33e+05
7.2364e+05
7.142e+05
7.0468e+05
6.9508e+05
6.8543e+05
6.7572e+05
6.6595e+05
6.5613e+05
6.4628e+05
6.3638e+05
6.2646e+05
6.1651e+05
6.0654e+05
5.9656e+05
5.8657e+05
5.7658e+05
5.6658e+05
5.566e+05
5.4663e+05
5.3667e+05
5.2674e+05
5.1683e+05
5.0696e+05
4.9712e+05
4.8732e+05
4.7757e+05
4.6788e+05
4.5823e+05
4.4865e+05
4.3913e+05
4.2967e+05
4.2029e+05
4.1098e+05
4.0176e+05
3.9261e+05
3.8355e+05
3.7459e+05
3.6571e+05
3.5693e+05
3.4825e+05
3.3967e+05
3.312e+05
3.2284e+05
3.1458e+05
3.0644e+05
2.9841e+05
2.9051e+05
2.8272e+05
2.7505e+05
2.675e+05
2.6009e+05
2.5279e+05
2.4563e+05
2.386e+05
2.3169e+05
2.2492e+05
2.1828e+05
2.1178e+05
2.0541e+05
1.9918e+05
1.9308e+05
1.8712e+05
1.8129e+05
1.756e+05
1.7005e+05
1.6464e+05
1.5936e+05
1.5422e+05
1.4921e+05
1.4435e+05
1.3961e+05
1.3501e+05
1.3055e+05
1.2622e+05
1.2202e+05
1.1795e+05
1.1402e+05
1.1021e+05
1.0653e+05
1.0298e+05
99547
96243
93060
89999
87057
84231
81522
78925
76441
74067
71800
69639
67582
65626
63769
62010
60346
58775
57293
55900
54593
53369
52227
51163
50175
49261
48418
47645
46938
46295
45714
45193
44729
44319
43961
43654
43393
43179
43007
42875
42782
42725
42703
42712
42750
42816
42908
43022
43159
43314
43488
43677
43879
44094
44319
44552
44792
45037
45286
45537
45789
46040
46289
46534
46774
47009
47236
47454
47664
47863
48050
48225
48387
48534
48667
48784
48885
48969
49036
49084
49114
49125
49117
49089
49041
48972
48883
48774
48644
48493
48321
48128
47914
47679
47424
47148
46852
46535
46199
45842
45467
45072
44659
44227
43778
43311
42827
42326
41810
