5.9696e+05
5.9924e+05
6.0144e+05
6.0355e+05
6.0559e+05
6.0754e+05
6.0941e+05
6.1119e+05
6.129e+05
6.1452e+05
6.1607e+05
6.1753e+05
6.1892e+05
6.2023e+05
6.2145e+05
6.226e+05
6.2368e+05
6.2467e+05
6.2559e+05
6.2644e+05
6.2721e+05
6.2791e+05
6.2853e+05
6.2908e+05
6.2956e+05
6.2998e+05
6.3032e+05
6.3059e+05
6.308e+05
6.3093e+05
6.3101e+05
6.3101e+05
6.3096e+05
6.3084e+05
6.3066e+05
6.3041e+05
6.3011e+05
6.2975e+05
6.2933e+05
6.2885e+05
6.2832e+05
6.2773e+05
6.2708e+05
6.2639e+05
6.2564e+05
6.2484e+05
6.2399e+05
6.2309e+05
6.2215e+05
6.2116e+05
6.2012e+05
6.1903e+05
6.179e+05
6.1673e+05
6.1552e+05
6.1426e+05
6.1297e+05
6.1163e+05
6.1026e+05
6.0885e+05
6.074e+05
6.0592e+05
6.0441e+05
6.0285e+05
6.0127e+05
5.9965e+05
5.9801e+05
5.9633e+05
5.9462e+05
5.9289e+05
5.9112e+05
5.8933e+05
5.8751e+05
5.8566e+05
5.8379e+05
5.819e+05
5.7998e+05
5.7804e+05
5.7607e+05
5.7409e+05
5.7208e+05
5.7005e+05
5.68e+05
5.6593e+05
5.6384e+05
5.6174e+05
5.5961e+05
5.5747e+05
5.5531e+05
5.5313e+05
5.5093e+05
5.4872e+05
5.465e+05
5.4425e+05
5.42e+05
5.3972e+05
5.3744e+05
5.3514e+05
5.3282e+05
5.3049e+05
5.2815e+05
5.2579e+05
5.2342e+05
5.2104e+05
5.1865e+05
5.1624e+05
5.1382e+05
5.1138e+05
5.0894e+05
5.0648e+05
5.0401e+05
5.0153e+05
4.9903e+05
4.9653e+05
4.9401e+05
4.9148e+05
4.8893e+05
4.8638e+05
4.8381e+05
4.8123e+05
4.7864e+05
4.7604e+05
4.7342e+05
4.7079e+05
4.6815e+05
4.655e+05
4.6283e+05
4.6015e+05
4.5746e+05
4.5476e+05
4.5204e+05
4.4931e+05
4.4657e+05
4.4381e+05
4.4105e+05
4.3826e+05
4.3547e+05
4.3266e+05
4.2983e+05
4.27e+05
4.2415e+05
4.2128e+05
4.184e+05
4.1551e+05
4.126e+05
4.0968e+05
4.0675e+05
4.038e+05
4.0083e+05
3.9786e+05
3.9486e+05
3.9186e+05
3.8884e+05
3.858e+05
3.8275e+05
3.7968e+05
3.766e+05
3.7351e+05
3.704e+05
3.6728e+05
3.6414e+05
3.6099e+05
3.5783e+05
3.5465e+05
3.5146e+05
3.4826e+05
3.4504e+05
3.4181e+05
3.3856e+05
3.353e+05
3.3203e+05
3.2875e+05
3.2546e+05
3.2215e+05
3.1884e+05
3.1551e+05
3.1217e+05
3.0882e+05
3.0546e+05
3.0209e+05
2.9872e+05
2.9533e+05
2.9193e+05
2.8853e+05
2.8512e+05
2.8171e+05
2.7828e+05
2.7486e+05
2.7142e+05
2.6799e+05
2.6455e+05
2.611e+05
2.5765e+05
2.542e+05
2.5075e+05
2.473e+05
2.4385e+05
2.404e+05
2.3696e+05
2.3351e+05
2.3007e+05
2.2663e+05
2.232e+05
2.1978e+05
2.1636e+05
2.1295e+05
2.0954e+05
2.0615e+05
2.0277e+05
1.994e+05
1.9604e+05
1.9269e+05
1.8936e+05
1.8605e+05
1.8275e+05
1.7947e+05
1.7621e+05
1.7297e+05
1.6975e+05
1.6655e+05
1.6337e+05
1.6022e+05
1.571e+05
1.54e+05
1.5093e+05
1.4789e+05
1.4487e+05
1.4189e+05
1.3895e+05
1.3603e+05
1.3315e+05
1.3031e+05
1.2751e+05
1.2474e+05
1.2201e+05
1.1933e+05
1.1669e+05
1.1409e+05
1.1153e+05
1.0902e+05
1.0656e+05
1.0415e+05
1.0179e+05
99481
97222
95018
92868
90775
88739
86762
84844
82988
81193
79462
77796
76195
74662
73196
71800
70474
69219
68037
66929
65895
64937
64056
63252
62528
61883
61319
60836
60436
60120
59888
59741
59680
59707
59820
60022
60314
60695
61166
61729
62384
63130
63970
64904
65931
67053
68270
69582
70990
72494
74094
75792
77586
79477
81466
83553
85737
88019
90399
92877
95452
98126
1.009e+05
1.0377e+05
1.0673e+05
1.098e+05
1.1296e+05
1.1622e+05
1.1957e+05
1.2302e+05
1.2657e+05
1.3021e+05
1.3395e+05
1.3778e+05
1.417e+05
1.4572e+05
1.4983e+05
1.5404e+05
1.5834e+05
1.6272e+05
1.672e+05
1.7177e+05
1.7642e+05
1.8117e+05
1.86e+05
1.9092e+05
1.9592e+05
2.0101e+05
2.0618e+05
2.1143e+05
2.1676e+05
2.2218e+05
2.2767e+05
2.3324e+05
2.3889e+05
2.4461e+05
2.5041e+05
2.5628e+05
2.6222e+05
2.6823e+05
2.7431e+05
2.8046e+05
2.8667e+05
2.9295e+05
2.9929e+05
3.057e+05
3.1216e+05
3.1868e+05
3.2526e+05
3.319e+05
3.3859e+05
3.4533e+05
3.5212e+05
3.5896e+05
3.6584e+05
3.7277e+05
3.7975e+05
3.8677e+05
3.9382e+05
4.0092e+05
4.0805e+05
4.1521e+05
4.2241e+05
4.2963e+05
4.3689e+05
4.4417e+05
4.5148e+05
4.5881e+05
4.6616e+05
4.7353e+05
4.8092e+05
4.8832e+05
4.9573e+05
5.0316e+05
5.1059e+05
5.1803e+05
5.2548e+05
5.3292e+05
5.4037e+05
5.4782e+05
5.5526e+05
5.627e+05
5.7013e+05
5.7756e+05
5.8497e+05
5.9236e+05
5.9974e+05
6.071e+05
6.1445e+05
6.2177e+05
6.2906e+05
6.3633e+05
6.4358e+05
6.5079e+05
6.5797e+05
6.6512e+05
6.7223e+05
6.793e+05
6.8633e+05
6.9332e+05
7.0027e+05
7.0717e+05
7.1402e+05
7.2082e+05
7.2758e+05
7.3427e+05
7.4092e+05
7.475e+05
7.5403e+05
7.6049e+05
7.669e+05
7.7323e+05
7.7951e+05
7.8571e+05
7.9184e+05
7.9791e+05
8.039e+05
8.0981e+05
8.1565e+05
8.2141e+05
8.2709e+05
8.3269e+05
8.3821e+05
8.4364e+05
8.4899e+05
8.5425e+05
8.5942e+05
8.6451e+05
8.695e+05
8.744e+05
8.792e+05
8.8391e+05
8.8852e+05
8.9304e+05
8.9746e+05
9.0177e+05
9.0599e+05
9.101e+05
9.1412e+05
9.1802e+05
9.2182e+05
9.2552e+05
9.2911e+05
9.3259e+05
9.3596e+05
9.3922e+05
9.4237e+05
9.4541e+05
9.4834e+05
9.5115e+05
9.5386e+05
9.5644e+05
9.5892e+05
9.6128e+05
9.6352e+05
9.6565e+05
9.6766e+05
9.6955e+05
9.7133e+05
9.7299e+05
9.7453e+05
9.7595e+05
9.7726e+05
9.7844e+05
9.7951e+05
9.8046e+05
9.8129e+05
9.82e+05
9.8259e+05
9.8307e+05
9.8342e+05
9.8366e+05
9.8378e+05
9.8378e+05
9.8366e+05
9.8342e+05
9.8306e+05
9.8259e+05
9.82e+05
9.813e+05
9.8047e+05
9.7953e+05
9.7848e+05
9.7731e+05
9.7603e+05
9.7463e+05
9.7312e+05
9.715e+05
9.6976e+05
9.6792e+05
9.6596e+05
9.6389e+05
9.6172e+05
9.5943e+05
9.5704e+05
9.5454e+05
9.5194e+05
9.4923e+05
9.4641e+05
9.435e+05
9.4048e+05
9.3736e+05
9.3414e+05
9.3083e+05
9.2741e+05
9.239e+05
9.2029e+05
9.1659e+05
9.128e+05
9.0891e+05
9.0493e+05
9.0087e+05
8.9671e+05
8.9247e+05
8.8814e+05
8.8373e+05
8.7924e+05
8.7466e+05
8.7001e+05
8.6527e+05
8.6046e+05
8.5557e+05
8.506e+05
8.4557e+05
8.4046e+05
8.3528e+05
8.3003e+05
8.2472e+05
8.1934e+05
8.1389e+05
8.0839e+05
8.0282e+05
7.9719e+05
7.915e+05
7.8576e+05
7.7996e+05
7.7411e+05
7.6821e+05
7.6225e+05
7.5625e+05
7.502e+05
7.4411e+05
7.3797e+05
7.3179e+05
7.2557e+05
7.1931e+05
7.1301e+05
7.0667e+05
7.0031e+05
6.9391e+05
6.8747e+05
6.8101e+05
6.7452e+05
6.6801e+05
6.6147e+05
6.549e+05
6.4832e+05
6.4172e+05
6.3509e+05
6.2845e+05
6.218e+05
6.1513e+05
6.0845e+05
6.0176e+05
5.9506e+05
5.8835e+05
5.8164e+05
5.7492e+05
5.682e+05
5.6147e+05
5.5475e+05
5.4803e+05
5.4131e+05
5.346e+05
5.2789e+05
5.2119e+05
5.145e+05
5.0781e+05
5.0114e+05
4.9448e+05
4.8784e+05
4.8121e+05
4.7459e+05
4.68e+05
4.6142e+05
4.5487e+05
4.4833e+05
4.4182e+05
4.3534e+05
4.2888e+05
4.2244e+05
4.1603e+05
4.0965e+05
4.0331e+05
3.9699e+05
3.907e+05
3.8445e+05
3.7823e+05
3.7205e+05
3.659e+05
3.5979e+05
3.5372e+05
3.4769e+05
3.417e+05
3.3575e+05
3.2984e+05
3.2397e+05
3.1815e+05
3.1237e+05
3.0663e+05
3.0094e+05
2.953e+05
2.8971e+05
2.8416e+05
2.7866e+05
2.7322e+05
2.6782e+05
2.6247e+05
2.5718e+05
2.5193e+05
2.4674e+05
2.416e+05
2.3652e+05
2.3149e+05
2.2651e+05
2.2159e+05
2.1672e+05
2.1191e+05
2.0716e+05
2.0246e+05
1.9782e+05
1.9323e+05
1.887e+05
1.8424e+05
1.7982e+05
1.7547e+05
1.7118e+05
1.6694e+05
1.6276e+05
1.5864e+05
1.5459e+05
1.5058e+05
1.4664e+05
1.4276e+05
1.3894e+05
1.3518e+05
1.3147e+05
1.2783e+05
1.2424e+05
1.2072e+05
1.1725e+05
1.1385e+05
1.105e+05
1.0721e+05
1.0398e+05
1.0081e+05
97694
94639
91642
88704
85822
82999
80232
77523
74869
72272
69731
67246
64816
62440
60119
57852
55639
53479
51372
49317
47314
45362
43461
41611
39810
38059
36357
34703
33097
31539
30027
28561
27140
25765
24434
23147
21903
20701
19542
18423
17346
16308
15310
14351
13429
12545
11698
10887
10112
9371.4
8664.9
7991.9
7351.7
6743.6
6166.9
5621
5105.3
4618.9
4161.2
3731.6
3329.4
2953.9
2604.5
2280.3
1980.9
1705.4
1453.3
1223.9
1016.5
830.38
664.97
519.59
393.58
286.3
197.09
125.33
70.368
31.576
8.3277
0
5.9762
25.645
58.399
