55958
58839
61984
65392
69062
72990
77172
81603
86277
91187
96324
1.0168e+05
1.0724e+05
1.1301e+05
1.1895e+05
1.2507e+05
1.3136e+05
1.3778e+05
1.4434e+05
1.5101e+05
1.5779e+05
1.6464e+05
1.7157e+05
1.7854e+05
1.8555e+05
1.9257e+05
1.9958e+05
2.0658e+05
2.1354e+05
2.2044e+05
2.2726e+05
2.34e+05
2.4062e+05
2.4712e+05
2.5347e+05
2.5967e+05
2.6569e+05
2.7151e+05
2.7713e+05
2.8253e+05
2.877e+05
2.9262e+05
2.9728e+05
3.0167e+05
3.0577e+05
3.0959e+05
3.1311e+05
3.1632e+05
3.1921e+05
3.2178e+05
3.2402e+05
3.2594e+05
3.2751e+05
3.2876e+05
3.2966e+05
3.3022e+05
3.3044e+05
3.3032e+05
3.2987e+05
3.2908e+05
3.2797e+05
3.2653e+05
3.2476e+05
3.2269e+05
3.2031e+05
3.1763e+05
3.1465e+05
3.114e+05
3.0787e+05
3.0408e+05
3.0004e+05
2.9575e+05
2.9124e+05
2.8651e+05
2.8157e+05
2.7644e+05
2.7113e+05
2.6565e+05
2.6001e+05
2.5424e+05
2.4834e+05
2.4232e+05
2.3621e+05
2.3001e+05
2.2373e+05
2.1739e+05
2.1101e+05
2.0459e+05
1.9815e+05
1.9171e+05
1.8527e+05
1.7884e+05
1.7244e+05
1.6609e+05
1.5978e+05
1.5354e+05
1.4738e+05
1.4129e+05
1.353e+05
1.2942e+05
1.2364e+05
1.1799e+05
1.1246e+05
1.0708e+05
1.0184e+05
96748
91818
87053
82459
78041
73805
69755
65895
62229
58761
55493
52428
49569
46918
44475
42242
40221
38411
36812
35425
34249
33283
32526
31977
31633
31493
31555
31815
32272
32921
33759
34782
35987
37370
38924
40647
42532
44575
46770
49111
51592
54207
56950
59815
62793
65880
69066
72346
75712
79155
82670
86247
89880
93560
97279
1.0103e+05
1.048e+05
1.0859e+05
1.1239e+05
1.1619e+05
1.1998e+05
1.2375e+05
1.275e+05
1.3122e+05
1.349e+05
1.3853e+05
1.4212e+05
1.4564e+05
1.491e+05
1.5248e+05
1.5579e+05
1.5901e+05
1.6214e+05
1.6518e+05
1.6811e+05
1.7094e+05
1.7366e+05
1.7627e+05
1.7876e+05
1.8113e+05
1.8337e+05
1.8549e+05
1.8748e+05
1.8934e+05
1.9106e+05
1.9265e+05
1.9411e+05
1.9543e+05
1.9661e+05
1.9766e+05
1.9857e+05
1.9935e+05
1.9999e+05
2.005e+05
2.0088e+05
2.0113e+05
2.0125e+05
2.0124e+05
2.0111e+05
2.0086e+05
2.0049e+05
2e+05
1.994e+05
1.9869e+05
1.9788e+05
1.9695e+05
1.9593e+05
1.9481e+05
1.9359e+05
1.9228e+05
1.9088e+05
1.8939e+05
1.8782e+05
1.8618e+05
1.8445e+05
1.8265e+05
1.8078e+05
1.7884e+05
1.7683e+05
1.7476e+05
1.7263e+05
1.7044e+05
1.6819e+05
1.6589e+05
1.6353e+05
1.6113e+05
1.5867e+05
1.5617e+05
1.5362e+05
1.5104e+05
1.484e+05
1.4573e+05
1.4303e+05
1.4028e+05
1.375e+05
1.3469e+05
1.3185e+05
1.2898e+05
1.2608e+05
1.2315e+05
1.2021e+05
1.1724e+05
1.1425e+05
1.1125e+05
1.0823e+05
1.0521e+05
1.0217e+05
99128
96084
93041
90001
86968
83945
80937
77946
74976
72031
69116
66232
63386
60580
57819
55106
52446
49841
47296
44815
42400
40056
37785
35590
33474
31439
29489
27624
25846
24158
22559
21051
19635
18310
17076
15932
14879
13913
13034
12240
11528
10896
10340
9858.1
9446.1
9100.2
8816.5
8590.6
8418.2
8294.6
8215.1
8174.8
8168.7
8192.1
8239.7
8306.8
8388.3
8479.5
8575.6
8672.1
8764.6
8849.1
8921.5
8978.2
9015.9
9031.7
9022.8
8986.9
8922.2
8827.1
8700.5
8541.7
8350.6
8127.2
7872.3
7586.8
7272.2
6930.4
6563.7
6174.8
5766.6
5342.6
4906.5
4462.2
4014
3566.3
3123.8
2691.3
2273.7
1876.1
1503.5
1160.8
853.01
585.05
361.6
187.21
66.18
2.5347
0
61.946
191.36
390.79
662.35
1007.7
1427.8
1923.4
2494.4
3140.4
3860.1
4651.8
5513.3
6441.6
7433.2
8484.1
9589.7
10745
11944
13180
14448
15740
17048
18365
19683
20994
22289
23560
24798
25994
27141
28230
29253
30201
31068
31847
32531
33114
33591
33958
34209
34344
34358
34252
34025
33678
33212
32631
31939
31141
30244
29255
28183
27038
25832
24577
23286
21974
20657
19352
18076
16848
15689
14617
13655
12825
12148
11648
11348
11272
11443
11886
12625
13682
15082
16848
19003
21569
24567
28018
31942
36357
41282
46732
52723
59268
66380
74069
82344
91213
1.0068e+05
1.1075e+05
1.2142e+05
1.3269e+05
1.4457e+05
1.5704e+05
1.701e+05
1.8374e+05
1.9796e+05
2.1272e+05
2.2804e+05
2.4387e+05
2.6022e+05
2.7704e+05
2.9433e+05
3.1206e+05
3.302e+05
3.4873e+05
3.676e+05
3.868e+05
4.0628e+05
4.2602e+05
4.4598e+05
4.6611e+05
4.8639e+05
5.0678e+05
5.2722e+05
5.4769e+05
5.6814e+05
5.8853e+05
6.0882e+05
6.2896e+05
6.4892e+05
6.6865e+05
6.881e+05
7.0724e+05
7.2603e+05
7.4443e+05
7.6239e+05
7.7988e+05
7.9685e+05
8.1328e+05
8.2912e+05
8.4435e+05
8.5892e+05
8.7281e+05
8.8599e+05
8.9843e+05
9.101e+05
9.2098e+05
9.3104e+05
9.4028e+05
9.4866e+05
9.5617e+05
9.628e+05
9.6854e+05
9.7337e+05
9.7729e+05
9.8029e+05
9.8237e+05
9.8353e+05
9.8378e+05
9.831e+05
9.8152e+05
9.7903e+05
9.7565e+05
9.7139e+05
9.6626e+05
9.6028e+05
9.5346e+05
9.4583e+05
9.3741e+05
9.2821e+05
9.1827e+05
9.0761e+05
8.9625e+05
8.8422e+05
8.7156e+05
8.5829e+05
8.4444e+05
8.3005e+05
8.1515e+05
7.9978e+05
7.8396e+05
7.6773e+05
7.5113e+05
7.3419e+05
7.1694e+05
6.9943e+05
6.8169e+05
6.6375e+05
6.4565e+05
6.2741e+05
6.0909e+05
5.907e+05
5.7229e+05
5.5388e+05
5.3551e+05
5.172e+05
4.99e+05
4.8092e+05
4.6299e+05
4.4524e+05
4.277e+05
4.1039e+05
3.9334e+05
3.7656e+05
3.6008e+05
3.4392e+05
3.281e+05
3.1263e+05
2.9753e+05
2.8282e+05
2.685e+05
2.546e+05
2.4111e+05
2.2805e+05
2.1543e+05
2.0326e+05
1.9153e+05
1.8026e+05
1.6945e+05
1.5909e+05
1.4919e+05
1.3976e+05
1.3078e+05
1.2225e+05
1.1418e+05
1.0655e+05
99360
92607
86280
80372
74874
69776
65067
60738
56777
53171
49909
46977
44362
42052
40032
38288
36806
35572
34573
33793
33218
32834
32627
32582
32687
32928
33290
33762
34329
34981
35704
36487
37318
38188
39084
39998
40920
41840
42751
43645
44513
45349
46146
46899
47603
48252
48842
49369
49831
50224
50546
50795
50971
51071
51097
51047
50922
50724
50453
50110
49699
49220
48677
48071
47407
46687
45915
45095
44229
43322
42377
41400
40394
39362
38310
37241
36160
35069
33975
32879
31787
30702
29627
28565
27521
26496
25495
24519
23571
22653
21768
20916
20101
19322
18582
17881
17220
16600
16019
15480
14981
14522
14102
13721
13378
13071
12800
12562
12357
12182
12037
11918
11824
11752
11702
11670
11654
11652
11663
11682
11710
11742
11778
11814
11850
11882
11910
11932
11945
11948
11940
11920
11886
11837
11773
11692
11595
11479
11346
11195
11025
10838
10632
10409
10168
9911.2
9638
9349.7
9047
8730.9
8402.4
8062.8
7713.2
7354.8
6988.9
6617
6240.3
5860.3
5478.4
5095.9
4714.5
4335.3
3959.8
3589.4
3225.4
2868.9
2521.4
2183.8
1857.3
1542.9
1241.5
953.96
681.1
