1.6006e+05
1.6335e+05
1.6666e+05
1.6998e+05
1.7332e+05
1.7667e+05
1.8003e+05
1.8339e+05
1.8675e+05
1.9011e+05
1.9347e+05
1.9682e+05
2.0017e+05
2.035e+05
2.0682e+05
2.1012e+05
2.1341e+05
2.1667e+05
2.1991e+05
2.2312e+05
2.263e+05
2.2945e+05
2.3257e+05
2.3565e+05
2.3869e+05
2.417e+05
2.4466e+05
2.4757e+05
2.5044e+05
2.5327e+05
2.5604e+05
2.5876e+05
2.6143e+05
2.6404e+05
2.666e+05
2.691e+05
2.7155e+05
2.7393e+05
2.7625e+05
2.7851e+05
2.807e+05
2.8283e+05
2.849e+05
2.869e+05
2.8884e+05
2.9071e+05
2.9251e+05
2.9425e+05
2.9591e+05
2.9751e+05
2.9905e+05
3.0051e+05
3.0191e+05
3.0324e+05
3.045e+05
3.057e+05
3.0683e+05
3.0789e+05
3.0889e+05
3.0982e+05
3.107e+05
3.115e+05
3.1225e+05
3.1294e+05
3.1356e+05
3.1413e+05
3.1464e+05
3.1509e+05
3.1549e+05
3.1583e+05
3.1613e+05
3.1637e+05
3.1656e+05
3.1671e+05
3.168e+05
3.1686e+05
3.1687e+05
3.1684e+05
3.1677e+05
3.1666e+05
3.1652e+05
3.1634e+05
3.1613e+05
3.1589e+05
3.1563e+05
3.1533e+05
3.1501e+05
3.1466e+05
3.143e+05
3.1391e+05
3.1351e+05
3.1309e+05
3.1265e+05
3.1221e+05
3.1175e+05
3.1128e+05
3.1081e+05
3.1032e+05
3.0984e+05
3.0935e+05
3.0885e+05
3.0836e+05
3.0787e+05
3.0738e+05
3.069e+05
3.0642e+05
3.0594e+05
3.0547e+05
3.0502e+05
3.0457e+05
3.0412e+05
3.037e+05
3.0328e+05
3.0287e+05
3.0248e+05
3.021e+05
3.0173e+05
3.0138e+05
3.0105e+05
3.0072e+05
3.0042e+05
3.0013e+05
2.9985e+05
2.9959e+05
2.9934e+05
2.9911e+05
2.989e+05
2.9869e+05
2.9851e+05
2.9833e+05
2.9817e+05
2.9802e+05
2.9789e+05
2.9776e+05
2.9764e+05
2.9754e+05
2.9744e+05
2.9735e+05
2.9727e+05
2.9719e+05
2.9712e+05
2.9705e+05
2.9698e+05
2.9692e+05
2.9685e+05
2.9678e+05
2.9671e+05
2.9664e+05
2.9656e+05
2.9647e+05
2.9638e+05
2.9627e+05
2.9615e+05
2.9602e+05
2.9588e+05
2.9572e+05
2.9554e+05
2.9535e+05
2.9514e+05
2.949e+05
2.9464e+05
2.9436e+05
2.9405e+05
2.9371e+05
2.9335e+05
2.9295e+05
2.9253e+05
2.9207e+05
2.9158e+05
2.9105e+05
2.9049e+05
2.8989e+05
2.8926e+05
2.8859e+05
2.8787e+05
2.8712e+05
2.8632e+05
2.8548e+05
2.846e+05
2.8368e+05
2.8271e+05
2.817e+05
2.8064e+05
2.7954e+05
2.7839e+05
2.772e+05
2.7596e+05
2.7467e+05
2.7334e+05
2.7196e+05
2.7054e+05
2.6907e+05
2.6756e+05
2.66e+05
2.644e+05
2.6275e+05
2.6106e+05
2.5933e+05
2.5756e+05
2.5574e+05
2.5388e+05
2.5199e+05
2.5006e+05
2.4809e+05
2.4608e+05
2.4404e+05
2.4196e+05
2.3985e+05
2.3771e+05
2.3554e+05
2.3334e+05
2.3112e+05
2.2887e+05
2.2659e+05
2.2429e+05
2.2197e+05
2.1963e+05
2.1728e+05
2.1491e+05
2.1252e+05
2.1012e+05
2.0771e+05
2.0529e+05
2.0286e+05
2.0043e+05
1.9799e+05
1.9555e+05
1.9311e+05
1.9067e+05
1.8824e+05
1.858e+05
1.8338e+05
1.8096e+05
1.7855e+05
1.7615e+05
1.7376e+05
1.7139e+05
1.6903e+05
1.6669e+05
1.6436e+05
1.6206e+05
1.5977e+05
1.5751e+05
1.5527e+05
1.5305e+05
1.5085e+05
1.4869e+05
1.4655e+05
1.4443e+05
1.4235e+05
1.4029e+05
1.3826e+05
1.3626e+05
1.343e+05
1.3236e+05
1.3045e+05
1.2858e+05
1.2674e+05
1.2493e+05
1.2315e+05
1.214e+05
1.1968e+05
1.18e+05
1.1634e+05
1.1472e+05
1.1312e+05
1.1156e+05
1.1002e+05
1.0852e+05
1.0704e+05
1.0559e+05
1.0417e+05
1.0277e+05
1.0139e+05
1.0004e+05
98717
97412
96128
94863
93617
92389
91176
89978
88794
87622
86462
85311
84168
83033
81904
80779
79657
78538
77419
76300
75179
74055
72927
71794
70655
69508
68354
67190
66017
64833
63638
62430
61210
59977
58731
57471
56196
54908
53606
52289
50958
49614
48256
46885
45502
44107
42702
41286
39861
38428
36989
35545
34096
32645
31194
29744
28297
26856
25421
23997
22584
21186
19804
18443
17104
15790
14504
13250
12031
10849
9708.8
8612.8
7564.8
6568.4
5627.2
4744.8
3925
3171.5
2488.3
1879.1
1347.8
898.54
535.11
261.54
81.834
0
20.047
145.98
381.8
731.49
1199
1788.3
2503.2
3347.6
4325.4
5440.2
6695.8
8095.8
9643.8
11343
13197
15210
17383
19722
22227
24903
27752
30777
33980
37363
40930
44681
48619
52746
57063
61571
66273
71168
76259
81545
87027
92706
98581
1.0465e+05
1.1092e+05
1.1739e+05
1.2405e+05
1.309e+05
1.3795e+05
1.4519e+05
1.5263e+05
1.6025e+05
1.6806e+05
1.7605e+05
1.8423e+05
1.9259e+05
2.0113e+05
2.0984e+05
2.1872e+05
2.2778e+05
2.37e+05
2.4638e+05
2.5591e+05
2.6561e+05
2.7545e+05
2.8543e+05
2.9556e+05
3.0582e+05
3.1621e+05
3.2673e+05
3.3737e+05
3.4812e+05
3.5898e+05
3.6995e+05
3.8101e+05
3.9216e+05
4.034e+05
4.1472e+05
4.261e+05
4.3755e+05
4.4906e+05
4.6062e+05
4.7223e+05
4.8387e+05
4.9555e+05
5.0724e+05
5.1895e+05
5.3067e+05
5.4239e+05
5.5411e+05
5.658e+05
5.7748e+05
5.8913e+05
6.0074e+05
6.123e+05
6.2381e+05
6.3526e+05
6.4664e+05
6.5795e+05
6.6917e+05
6.8031e+05
6.9134e+05
7.0227e+05
7.1308e+05
7.2377e+05
7.3434e+05
7.4476e+05
7.5505e+05
7.6518e+05
7.7516e+05
7.8498e+05
7.9462e+05
8.0409e+05
8.1337e+05
8.2246e+05
8.3135e+05
8.4004e+05
8.4853e+05
8.5679e+05
8.6484e+05
8.7266e+05
8.8025e+05
8.8761e+05
8.9472e+05
9.0159e+05
9.082e+05
9.1456e+05
9.2067e+05
9.265e+05
9.3207e+05
9.3738e+05
9.424e+05
9.4715e+05
9.5162e+05
9.5581e+05
9.5971e+05
9.6333e+05
9.6665e+05
9.6968e+05
9.7243e+05
9.7487e+05
9.7702e+05
9.7888e+05
9.8044e+05
9.817e+05
9.8266e+05
9.8333e+05
9.837e+05
9.8378e+05
9.8356e+05
9.8304e+05
9.8223e+05
9.8113e+05
9.7974e+05
9.7806e+05
9.7609e+05
9.7384e+05
9.713e+05
9.6849e+05
9.654e+05
9.6204e+05
9.5841e+05
9.5452e+05
9.5036e+05
9.4594e+05
9.4127e+05
9.3634e+05
9.3117e+05
9.2576e+05
9.2011e+05
9.1423e+05
9.0812e+05
9.0179e+05
8.9525e+05
8.8849e+05
8.8152e+05
8.7436e+05
8.67e+05
8.5945e+05
8.5172e+05
8.4381e+05
8.3573e+05
8.2748e+05
8.1907e+05
8.1052e+05
8.0181e+05
7.9297e+05
7.84e+05
7.7489e+05
7.6567e+05
7.5633e+05
7.4689e+05
7.3734e+05
7.277e+05
7.1797e+05
7.0817e+05
6.9828e+05
6.8833e+05
6.7832e+05
6.6825e+05
6.5814e+05
6.4798e+05
6.3778e+05
6.2756e+05
6.1731e+05
6.0705e+05
5.9677e+05
5.8649e+05
5.7621e+05
5.6594e+05
5.5568e+05
5.4544e+05
5.3522e+05
5.2503e+05
5.1488e+05
5.0477e+05
4.947e+05
4.8468e+05
4.7472e+05
4.6482e+05
4.5499e+05
4.4522e+05
4.3553e+05
4.2591e+05
4.1638e+05
4.0694e+05
3.9758e+05
3.8832e+05
3.7916e+05
3.701e+05
3.6114e+05
3.523e+05
3.4356e+05
3.3494e+05
3.2643e+05
3.1805e+05
3.0978e+05
3.0165e+05
2.9363e+05
2.8575e+05
2.78e+05
2.7038e+05
2.6289e+05
2.5554e+05
2.4833e+05
2.4125e+05
2.3431e+05
2.2752e+05
2.2086e+05
2.1435e+05
2.0798e+05
2.0175e+05
1.9566e+05
1.8972e+05
1.8392e+05
1.7826e+05
1.7275e+05
1.6738e+05
1.6215e+05
1.5706e+05
1.5211e+05
1.473e+05
1.4263e+05
1.381e+05
1.3371e+05
1.2945e+05
1.2532e+05
1.2133e+05
1.1747e+05
1.1374e+05
1.1014e+05
1.0667e+05
1.0332e+05
1.001e+05
96997
94015
91149
88400
85764
83240
80824
78516
76313
74212
72212
70309
68501
66787
65163
63628
62178
60811
59525
58318
57186
56128
55140
54221
53368
52579
51850
51180
50567
50007
49499
49040
48628
48261
47936
47651
47404
47193
47016
46870
46754
46666
46603
46563
46546
46549
46569
46606
46658
46723
46800
46886
46981
47083
47191
47302
47417
47533
47650
47765
47879
47990
48097
48199
48295
48384
48466
48539
48603
48658
48702
48734
48755
48764
48760
48743
48712
48668
48609
48536
48448
48345
48227
48093
47945
47780
47600
47405
47194
46968
46726
46468
46196
45908
45605
45288
44956
44610
44249
43875
43487
43086
42672
42245
41806
41355
40893
40419
39934
39439
38934
38419
37895
