86743
91235
95978
1.0097e+05
1.062e+05
1.1166e+05
1.1734e+05
1.2325e+05
1.2935e+05
1.3565e+05
1.4213e+05
1.4878e+05
1.5558e+05
1.6253e+05
1.696e+05
1.7678e+05
1.8406e+05
1.9142e+05
1.9884e+05
2.063e+05
2.1379e+05
2.2129e+05
2.2879e+05
2.3625e+05
2.4367e+05
2.5103e+05
2.5831e+05
2.655e+05
2.7256e+05
2.795e+05
2.8628e+05
2.929e+05
2.9934e+05
3.0558e+05
3.116e+05
3.174e+05
3.2296e+05
3.2826e+05
3.333e+05
3.3805e+05
3.4252e+05
3.4669e+05
3.5054e+05
3.5408e+05
3.5729e+05
3.6017e+05
3.6271e+05
3.6491e+05
3.6676e+05
3.6826e+05
3.6941e+05
3.702e+05
3.7063e+05
3.7072e+05
3.7044e+05
3.6982e+05
3.6885e+05
3.6753e+05
3.6588e+05
3.6388e+05
3.6156e+05
3.5892e+05
3.5597e+05
3.527e+05
3.4914e+05
3.4529e+05
3.4117e+05
3.3677e+05
3.3212e+05
3.2722e+05
3.2208e+05
3.1673e+05
3.1116e+05
3.0539e+05
2.9944e+05
2.9332e+05
2.8704e+05
2.8061e+05
2.7405e+05
2.6737e+05
2.6059e+05
2.5371e+05
2.4676e+05
2.3974e+05
2.3267e+05
2.2556e+05
2.1842e+05
2.1127e+05
2.0412e+05
1.9698e+05
1.8987e+05
1.8279e+05
1.7576e+05
1.6879e+05
1.6189e+05
1.5507e+05
1.4835e+05
1.4173e+05
1.3521e+05
1.2882e+05
1.2257e+05
1.1645e+05
1.1048e+05
1.0466e+05
99013
93535
88235
83121
78198
73473
68951
64638
60537
56653
52991
49554
46346
43368
40624
38115
35844
33812
32019
30466
29154
28081
27248
26654
26296
26174
26284
26625
27194
27987
29000
30230
31671
33320
35171
37218
39456
41878
44478
47250
50185
53278
56519
59901
63417
67057
70812
74676
78637
82688
86818
91020
95283
99598
1.0395e+05
1.0835e+05
1.1276e+05
1.1719e+05
1.2162e+05
1.2605e+05
1.3047e+05
1.3486e+05
1.3922e+05
1.4354e+05
1.4782e+05
1.5203e+05
1.5619e+05
1.6027e+05
1.6427e+05
1.6818e+05
1.7201e+05
1.7573e+05
1.7935e+05
1.8285e+05
1.8624e+05
1.8951e+05
1.9265e+05
1.9566e+05
1.9854e+05
2.0128e+05
2.0388e+05
2.0634e+05
2.0865e+05
2.1082e+05
2.1283e+05
2.147e+05
2.1642e+05
2.1798e+05
2.194e+05
2.2066e+05
2.2178e+05
2.2274e+05
2.2356e+05
2.2423e+05
2.2476e+05
2.2514e+05
2.2538e+05
2.2549e+05
2.2545e+05
2.2529e+05
2.2499e+05
2.2456e+05
2.24e+05
2.2332e+05
2.2252e+05
2.2161e+05
2.2058e+05
2.1943e+05
2.1818e+05
2.1682e+05
2.1536e+05
2.138e+05
2.1214e+05
2.1039e+05
2.0854e+05
2.066e+05
2.0458e+05
2.0248e+05
2.0029e+05
1.9802e+05
1.9568e+05
1.9326e+05
1.9076e+05
1.882e+05
1.8557e+05
1.8287e+05
1.8011e+05
1.7729e+05
1.7441e+05
1.7147e+05
1.6848e+05
1.6543e+05
1.6234e+05
1.5919e+05
1.56e+05
1.5277e+05
1.495e+05
1.4619e+05
1.4284e+05
1.3947e+05
1.3606e+05
1.3263e+05
1.2918e+05
1.2571e+05
1.2223e+05
1.1873e+05
1.1523e+05
1.1172e+05
1.0821e+05
1.0471e+05
1.0122e+05
97739
94278
90840
87428
84047
80703
77398
74139
70929
67772
64673
61636
58665
55764
52937
50186
47515
44928
42427
40014
37691
35461
33326
31285
29341
27493
25742
24088
22530
21068
19700
18424
17240
16143
15133
14205
13358
12587
11890
11261
10697
10195
9748.3
9354
9007.1
8703.1
8437.2
8204.8
8001.4
7822.4
7663.4
7520.2
7388.5
7264.5
7144.5
7024.9
6902.7
6774.9
6638.9
6492.5
6333.8
6161.3
5973.9
5770.7
5551.4
5316.1
5065.1
4799.2
4519.7
4228.1
3926.3
3616.6
3301.6
2984.2
2667.6
2355.1
2050.6
1757.7
1480.6
1223.3
990.17
785.34
613.15
477.83
383.57
334.43
334.32
386.94
495.8
664.08
894.69
1190.2
1552.7
1984
2485.5
3057.9
3701.7
4416.6
5202
6056.6
6978.7
7965.9
9015.4
10124
11287
12500
13758
15056
16387
17746
19124
20516
21912
23306
24689
26053
27389
28688
29942
31143
32282
33350
34340
35244
36054
36763
37366
37855
38226
38474
38595
38587
38446
38172
37765
37224
36553
35753
34829
33785
32628
31366
30006
28558
27034
25445
23804
22126
20426
18720
17025
15361
13745
12198
10741
9394.8
8181.8
7124.4
6245.6
5568.7
5117.2
4915
4985.7
5353.1
6040.7
7071.9
8469.5
10256
12454
15083
18165
21718
25762
30314
35389
41004
47170
53901
61207
69097
77578
86655
96332
1.0661e+05
1.1749e+05
1.2897e+05
1.4105e+05
1.5372e+05
1.6697e+05
1.8079e+05
1.9517e+05
2.101e+05
2.2556e+05
2.4153e+05
2.5799e+05
2.7493e+05
2.9232e+05
3.1012e+05
3.2833e+05
3.469e+05
3.6581e+05
3.8503e+05
4.0452e+05
4.2425e+05
4.4419e+05
4.6429e+05
4.8452e+05
5.0485e+05
5.2523e+05
5.4563e+05
5.66e+05
5.863e+05
6.065e+05
6.2655e+05
6.4641e+05
6.6604e+05
6.854e+05
7.0445e+05
7.2315e+05
7.4147e+05
7.5936e+05
7.7678e+05
7.937e+05
8.1009e+05
8.259e+05
8.4111e+05
8.5569e+05
8.696e+05
8.8282e+05
8.9531e+05
9.0706e+05
9.1804e+05
9.2823e+05
9.3761e+05
9.4615e+05
9.5385e+05
9.6069e+05
9.6666e+05
9.7175e+05
9.7595e+05
9.7926e+05
9.8166e+05
9.8317e+05
9.8378e+05
9.8349e+05
9.823e+05
9.8024e+05
9.7729e+05
9.7348e+05
9.6881e+05
9.6331e+05
9.5698e+05
9.4984e+05
9.4191e+05
9.3322e+05
9.2379e+05
9.1363e+05
9.0278e+05
8.9126e+05
8.791e+05
8.6632e+05
8.5296e+05
8.3905e+05
8.2462e+05
8.097e+05
7.9431e+05
7.7851e+05
7.6231e+05
7.4576e+05
7.2888e+05
7.1171e+05
6.9429e+05
6.7665e+05
6.5882e+05
6.4084e+05
6.2274e+05
6.0455e+05
5.863e+05
5.6804e+05
5.4978e+05
5.3157e+05
5.1343e+05
4.9538e+05
4.7746e+05
4.597e+05
4.4212e+05
4.2475e+05
4.0761e+05
3.9072e+05
3.7411e+05
3.578e+05
3.418e+05
3.2615e+05
3.1084e+05
2.959e+05
2.8135e+05
2.6719e+05
2.5344e+05
2.4011e+05
2.2721e+05
2.1475e+05
2.0273e+05
1.9116e+05
1.8004e+05
1.6938e+05
1.5918e+05
1.4944e+05
1.4016e+05
1.3134e+05
1.2297e+05
1.1506e+05
1.0759e+05
1.0056e+05
93968
87803
82057
76721
71785
67239
63071
59270
55823
52718
49941
47480
45319
43444
41842
40496
39394
38519
37857
37392
37110
36997
37037
37215
37519
37934
38445
39041
39707
40431
41202
42007
42836
43677
44520
45357
46176
46971
47734
48456
49131
49753
50316
50816
51247
51607
51892
52099
52227
52273
52237
52118
51917
51633
51268
50824
50302
49704
49033
48292
47484
46613
45683
44697
43660
42576
41450
40287
39091
37867
36621
35356
34078
32792
31503
30215
28933
27661
26403
25164
23948
22759
21599
20472
19382
18331
17322
16356
15437
14565
13742
12970
12248
11579
10961
10396
9882.8
9421.2
9010.4
8649.6
8337.7
8073.1
7854.4
7679.8
7547.4
7455
7400.5
7381.5
7395.4
7439.8
7512
7609.1
7728.6
7867.5
8023
8192.4
8372.9
8561.6
8755.9
8953.1
9150.5
9345.8
9536.5
9720.3
9895.1
10059
10209
10345
10465
10566
10649
10711
10752
10771
10767
10740
10689
10615
10518
10397
10253
10086
9897.8
9688.2
9458.1
9208.8
8941.1
8656.4
8355.9
8041
7713
7373.4
7023.8
6665.7
6300.7
5930.4
5556.3
5180.1
4803.3
4427.5
4054.2
3684.8
3320.7
2963.4
2614
2273.9
1944
1625.6
1319.5
1026.5
747.47
483.03
233.72
0
