6.2317e+05
6.2422e+05
6.2516e+05
6.2598e+05
6.2669e+05
6.2727e+05
6.2774e+05
6.281e+05
6.2834e+05
6.2846e+05
6.2848e+05
6.2838e+05
6.2817e+05
6.2785e+05
6.2743e+05
6.2689e+05
6.2625e+05
6.2551e+05
6.2466e+05
6.2371e+05
6.2266e+05
6.2152e+05
6.2027e+05
6.1893e+05
6.175e+05
6.1597e+05
6.1435e+05
6.1264e+05
6.1085e+05
6.0897e+05
6.07e+05
6.0496e+05
6.0283e+05
6.0062e+05
5.9834e+05
5.9599e+05
5.9356e+05
5.9106e+05
5.8849e+05
5.8585e+05
5.8315e+05
5.8039e+05
5.7756e+05
5.7468e+05
5.7174e+05
5.6874e+05
5.6569e+05
5.6259e+05
5.5944e+05
5.5625e+05
5.5301e+05
5.4972e+05
5.464e+05
5.4303e+05
5.3963e+05
5.3619e+05
5.3272e+05
5.2922e+05
5.2569e+05
5.2213e+05
5.1855e+05
5.1494e+05
5.1131e+05
5.0766e+05
5.04e+05
5.0031e+05
4.9662e+05
4.929e+05
4.8918e+05
4.8545e+05
4.8171e+05
4.7797e+05
4.7422e+05
4.7047e+05
4.6671e+05
4.6296e+05
4.5921e+05
4.5546e+05
4.5172e+05
4.4798e+05
4.4425e+05
4.4053e+05
4.3682e+05
4.3312e+05
4.2944e+05
4.2577e+05
4.2211e+05
4.1847e+05
4.1485e+05
4.1124e+05
4.0766e+05
4.041e+05
4.0056e+05
3.9704e+05
3.9354e+05
3.9007e+05
3.8663e+05
3.8321e+05
3.7981e+05
3.7645e+05
3.7311e+05
3.698e+05
3.6652e+05
3.6327e+05
3.6005e+05
3.5686e+05
3.5371e+05
3.5058e+05
3.4749e+05
3.4443e+05
3.414e+05
3.3841e+05
3.3545e+05
3.3252e+05
3.2962e+05
3.2676e+05
3.2394e+05
3.2115e+05
3.1839e+05
3.1566e+05
3.1297e+05
3.1032e+05
3.077e+05
3.0511e+05
3.0255e+05
3.0003e+05
2.9754e+05
2.9509e+05
2.9267e+05
2.9028e+05
2.8792e+05
2.8559e+05
2.833e+05
2.8104e+05
2.788e+05
2.766e+05
2.7443e+05
2.7229e+05
2.7018e+05
2.6809e+05
2.6603e+05
2.64e+05
2.62e+05
2.6002e+05
2.5807e+05
2.5615e+05
2.5425e+05
2.5237e+05
2.5052e+05
2.4869e+05
2.4688e+05
2.4509e+05
2.4332e+05
2.4158e+05
2.3985e+05
2.3814e+05
2.3645e+05
2.3477e+05
2.3312e+05
2.3148e+05
2.2985e+05
2.2824e+05
2.2664e+05
2.2506e+05
2.2349e+05
2.2193e+05
2.2038e+05
2.1884e+05
2.1732e+05
2.158e+05
2.1429e+05
2.1279e+05
2.1129e+05
2.098e+05
2.0832e+05
2.0685e+05
2.0537e+05
2.0391e+05
2.0244e+05
2.0098e+05
1.9953e+05
1.9807e+05
1.9662e+05
1.9517e+05
1.9371e+05
1.9226e+05
1.9081e+05
1.8936e+05
1.879e+05
1.8645e+05
1.8499e+05
1.8353e+05
1.8207e+05
1.8061e+05
1.7914e+05
1.7767e+05
1.762e+05
1.7472e+05
1.7324e+05
1.7176e+05
1.7027e+05
1.6878e+05
1.6728e+05
1.6578e+05
1.6427e+05
1.6276e+05
1.6125e+05
1.5973e+05
1.5821e+05
1.5668e+05
1.5515e+05
1.5362e+05
1.5208e+05
1.5054e+05
1.4899e+05
1.4744e+05
1.4589e+05
1.4434e+05
1.4278e+05
1.4122e+05
1.3966e+05
1.381e+05
1.3654e+05
1.3498e+05
1.3342e+05
1.3186e+05
1.303e+05
1.2875e+05
1.2719e+05
1.2564e+05
1.241e+05
1.2255e+05
1.2102e+05
1.1949e+05
1.1796e+05
1.1644e+05
1.1493e+05
1.1343e+05
1.1194e+05
1.1046e+05
1.0899e+05
1.0753e+05
1.0608e+05
1.0465e+05
1.0323e+05
1.0183e+05
1.0045e+05
99079
97730
96400
95091
93803
92538
91296
90079
88888
87723
86586
85478
84400
83352
82337
81356
80408
79497
78621
77784
76985
76227
75510
74835
74203
73616
73075
72580
72134
71736
71389
71093
70849
70659
70523
70443
70419
70454
70547
70700
70913
71189
71527
71929
72396
72928
73527
74194
74928
75733
76607
77552
78569
79658
80821
82058
83369
84756
86219
87759
89376
91071
92844
94697
96629
98642
1.0073e+05
1.0291e+05
1.0516e+05
1.075e+05
1.0992e+05
1.1242e+05
1.15e+05
1.1767e+05
1.2042e+05
1.2325e+05
1.2617e+05
1.2917e+05
1.3225e+05
1.3542e+05
1.3867e+05
1.42e+05
1.4542e+05
1.4892e+05
1.5251e+05
1.5618e+05
1.5993e+05
1.6376e+05
1.6768e+05
1.7167e+05
1.7575e+05
1.7992e+05
1.8416e+05
1.8848e+05
1.9289e+05
1.9737e+05
2.0193e+05
2.0658e+05
2.113e+05
2.1609e+05
2.2097e+05
2.2592e+05
2.3094e+05
2.3604e+05
2.4121e+05
2.4646e+05
2.5178e+05
2.5717e+05
2.6262e+05
2.6815e+05
2.7375e+05
2.7941e+05
2.8514e+05
2.9094e+05
2.9679e+05
3.0272e+05
3.087e+05
3.1474e+05
3.2084e+05
3.27e+05
3.3321e+05
3.3948e+05
3.4581e+05
3.5218e+05
3.5861e+05
3.6509e+05
3.7161e+05
3.7818e+05
3.848e+05
3.9146e+05
3.9816e+05
4.049e+05
4.1168e+05
4.1849e+05
4.2534e+05
4.3223e+05
4.3914e+05
4.4609e+05
4.5307e+05
4.6007e+05
4.6709e+05
4.7414e+05
4.8121e+05
4.8831e+05
4.9541e+05
5.0254e+05
5.0968e+05
5.1683e+05
5.2399e+05
5.3115e+05
5.3833e+05
5.4551e+05
5.5269e+05
5.5987e+05
5.6705e+05
5.7423e+05
5.814e+05
5.8857e+05
5.9573e+05
6.0287e+05
6.1e+05
6.1712e+05
6.2422e+05
6.313e+05
6.3836e+05
6.454e+05
6.5241e+05
6.594e+05
6.6635e+05
6.7328e+05
6.8017e+05
6.8703e+05
6.9385e+05
7.0064e+05
7.0738e+05
7.1408e+05
7.2074e+05
7.2735e+05
7.3391e+05
7.4042e+05
7.4688e+05
7.5329e+05
7.5964e+05
7.6594e+05
7.7217e+05
7.7835e+05
7.8446e+05
7.9051e+05
7.9649e+05
8.024e+05
8.0825e+05
8.1402e+05
8.1972e+05
8.2535e+05
8.309e+05
8.3637e+05
8.4176e+05
8.4707e+05
8.523e+05
8.5745e+05
8.6251e+05
8.6748e+05
8.7236e+05
8.7716e+05
8.8186e+05
8.8648e+05
8.91e+05
8.9542e+05
8.9975e+05
9.0398e+05
9.0811e+05
9.1214e+05
9.1607e+05
9.199e+05
9.2363e+05
9.2725e+05
9.3077e+05
9.3418e+05
9.3748e+05
9.4068e+05
9.4376e+05
9.4674e+05
9.4961e+05
9.5236e+05
9.5501e+05
9.5754e+05
9.5996e+05
9.6226e+05
9.6445e+05
9.6652e+05
9.6848e+05
9.7032e+05
9.7205e+05
9.7366e+05
9.7515e+05
9.7652e+05
9.7777e+05
9.7891e+05
9.7993e+05
9.8083e+05
9.816e+05
9.8227e+05
9.8281e+05
9.8323e+05
9.8353e+05
9.8371e+05
9.8378e+05
9.8372e+05
9.8355e+05
9.8325e+05
9.8284e+05
9.8231e+05
9.8166e+05
9.8089e+05
9.8001e+05
9.79e+05
9.7788e+05
9.7665e+05
9.7529e+05
9.7383e+05
9.7224e+05
9.7055e+05
9.6873e+05
9.6681e+05
9.6477e+05
9.6262e+05
9.6036e+05
9.5799e+05
9.5551e+05
9.5292e+05
9.5022e+05
9.4742e+05
9.4451e+05
9.4149e+05
9.3837e+05
9.3515e+05
9.3182e+05
9.2839e+05
9.2486e+05
9.2124e+05
9.1751e+05
9.1369e+05
9.0977e+05
9.0576e+05
9.0165e+05
8.9745e+05
8.9316e+05
8.8879e+05
8.8432e+05
8.7977e+05
8.7513e+05
8.704e+05
8.656e+05
8.6071e+05
8.5574e+05
8.5069e+05
8.4557e+05
8.4037e+05
8.351e+05
8.2975e+05
8.2434e+05
8.1885e+05
8.1329e+05
8.0767e+05
8.0199e+05
7.9624e+05
7.9043e+05
7.8455e+05
7.7862e+05
7.7264e+05
7.666e+05
7.605e+05
7.5435e+05
7.4815e+05
7.4191e+05
7.3561e+05
7.2927e+05
7.2289e+05
7.1647e+05
7.1e+05
7.035e+05
6.9696e+05
6.9038e+05
6.8377e+05
6.7713e+05
6.7046e+05
6.6376e+05
6.5703e+05
6.5028e+05
6.435e+05
6.367e+05
6.2989e+05
6.2305e+05
6.162e+05
6.0933e+05
6.0245e+05
5.9556e+05
5.8865e+05
5.8174e+05
5.7482e+05
5.679e+05
5.6097e+05
5.5404e+05
5.4711e+05
5.4018e+05
5.3325e+05
5.2633e+05
5.1941e+05
5.125e+05
5.056e+05
4.9871e+05
4.9183e+05
4.8497e+05
4.7812e+05
4.7128e+05
4.6447e+05
4.5767e+05
4.5089e+05
4.4413e+05
4.374e+05
4.3069e+05
4.2401e+05
4.1735e+05
4.1072e+05
4.0412e+05
3.9756e+05
3.9102e+05
3.8452e+05
3.7805e+05
3.7162e+05
3.6522e+05
3.5887e+05
3.5255e+05
3.4627e+05
3.4003e+05
3.3384e+05
3.2768e+05
3.2158e+05
3.1551e+05
3.095e+05
3.0353e+05
2.9761e+05
2.9173e+05
2.8591e+05
2.8014e+05
2.7442e+05
2.6875e+05
2.6313e+05
2.5757e+05
2.5206e+05
2.4661e+05
2.4121e+05
2.3587e+05
2.3059e+05
2.2536e+05
2.202e+05
2.1509e+05
2.1004e+05
2.0504e+05
2.0011e+05
1.9525e+05
1.9044e+05
1.8569e+05
1.81e+05
1.7638e+05
1.7182e+05
1.6732e+05
1.6289e+05
1.5852e+05
1.5421e+05
1.4997e+05
1.4579e+05
1.4167e+05
1.3762e+05
1.3363e+05
1.2971e+05
1.2585e+05
1.2206e+05
1.1833e+05
1.1467e+05
1.1107e+05
1.0754e+05
1.0407e+05
1.0066e+05
97324
94048
90836
87689
84605
81585
78629
75735
72905
70138
67432
64789
62208
59689
57230
54832
52494
50216
47998
45839
43738
41696
39711
37783
35912
34097
32338
30633
28983
27387
25844
24354
22916
21529
20193
18907
17671
16484
15345
14253
13208
12210
11256
10348
9483.5
8662.4
7883.8
7147.1
6451.5
5796.3
5180.7
4603.9
4065.3
3564.1
3099.4
2670.6
2276.9
1917.4
1591.5
1298.4
1037.3
807.43
608
438.26
297.42
184.73
99.409
40.692
7.8107
0
16.497
