34975
37138
39558
42234
45163
48344
51772
55444
59356
63500
67872
72464
77268
82277
87481
92870
98435
1.0417e+05
1.1005e+05
1.1608e+05
1.2223e+05
1.2851e+05
1.3489e+05
1.4136e+05
1.4791e+05
1.5452e+05
1.6119e+05
1.6789e+05
1.7461e+05
1.8135e+05
1.8807e+05
1.9478e+05
2.0145e+05
2.0807e+05
2.1463e+05
2.2111e+05
2.275e+05
2.3378e+05
2.3995e+05
2.4598e+05
2.5187e+05
2.576e+05
2.6317e+05
2.6855e+05
2.7374e+05
2.7873e+05
2.8351e+05
2.8806e+05
2.9238e+05
2.9646e+05
3.003e+05
3.0387e+05
3.0719e+05
3.1023e+05
3.13e+05
3.1549e+05
3.177e+05
3.1962e+05
3.2125e+05
3.2259e+05
3.2364e+05
3.2439e+05
3.2485e+05
3.2501e+05
3.2488e+05
3.2447e+05
3.2376e+05
3.2277e+05
3.215e+05
3.1995e+05
3.1813e+05
3.1605e+05
3.137e+05
3.1111e+05
3.0827e+05
3.0519e+05
3.0189e+05
2.9836e+05
2.9463e+05
2.907e+05
2.8657e+05
2.8227e+05
2.778e+05
2.7317e+05
2.6839e+05
2.6348e+05
2.5844e+05
2.533e+05
2.4805e+05
2.4272e+05
2.3731e+05
2.3184e+05
2.2633e+05
2.2077e+05
2.1519e+05
2.0959e+05
2.04e+05
1.9842e+05
1.9286e+05
1.8733e+05
1.8185e+05
1.7643e+05
1.7107e+05
1.6579e+05
1.6061e+05
1.5552e+05
1.5054e+05
1.4568e+05
1.4094e+05
1.3634e+05
1.3188e+05
1.2758e+05
1.2343e+05
1.1944e+05
1.1563e+05
1.1199e+05
1.0853e+05
1.0527e+05
1.0219e+05
99302
96615
94129
91846
89768
87896
86231
84773
83523
82480
81643
81010
80581
80352
80322
80486
80843
81389
82119
83029
84115
85371
86794
88377
90115
92002
94032
96199
98497
1.0092e+05
1.0346e+05
1.0611e+05
1.0887e+05
1.1172e+05
1.1466e+05
1.1769e+05
1.208e+05
1.2397e+05
1.2721e+05
1.305e+05
1.3385e+05
1.3723e+05
1.4065e+05
1.441e+05
1.4757e+05
1.5105e+05
1.5455e+05
1.5804e+05
1.6153e+05
1.6501e+05
1.6848e+05
1.7192e+05
1.7533e+05
1.787e+05
1.8204e+05
1.8533e+05
1.8856e+05
1.9175e+05
1.9486e+05
1.9792e+05
2.009e+05
2.038e+05
2.0662e+05
2.0936e+05
2.1201e+05
2.1456e+05
2.1702e+05
2.1937e+05
2.2162e+05
2.2377e+05
2.258e+05
2.2772e+05
2.2952e+05
2.312e+05
2.3276e+05
2.342e+05
2.3551e+05
2.3669e+05
2.3775e+05
2.3867e+05
2.3946e+05
2.4012e+05
2.4064e+05
2.4103e+05
2.4128e+05
2.414e+05
2.4138e+05
2.4122e+05
2.4093e+05
2.405e+05
2.3994e+05
2.3925e+05
2.3843e+05
2.3747e+05
2.3638e+05
2.3517e+05
2.3383e+05
2.3237e+05
2.3079e+05
2.2909e+05
2.2727e+05
2.2534e+05
2.233e+05
2.2116e+05
2.1891e+05
2.1656e+05
2.1411e+05
2.1157e+05
2.0895e+05
2.0624e+05
2.0345e+05
2.0058e+05
1.9765e+05
1.9464e+05
1.9158e+05
1.8846e+05
1.8528e+05
1.8206e+05
1.7879e+05
1.7549e+05
1.7215e+05
1.6879e+05
1.654e+05
1.6199e+05
1.5857e+05
1.5514e+05
1.517e+05
1.4826e+05
1.4483e+05
1.4141e+05
1.38e+05
1.346e+05
1.3123e+05
1.2788e+05
1.2456e+05
1.2126e+05
1.1801e+05
1.1479e+05
1.1162e+05
1.0848e+05
1.054e+05
1.0236e+05
99371
96436
93555
90730
87961
85251
82599
80007
77475
75002
72590
70238
67945
65712
63537
61419
59359
57354
55403
53506
51661
49865
48119
46420
44766
43156
41589
40062
38574
37123
35708
34327
32979
31662
30375
29116
27885
26681
25503
24349
23220
22114
21032
19973
18937
17924
16935
15969
15028
14111
13220
12354
11517
10707
9926.6
9176.9
8459.1
7774.5
7124.4
6510.4
5933.7
5395.8
4898.1
4442
4028.7
3659.6
3335.9
3058.5
2828.5
2646.7
2513.9
2430.6
2397.2
2413.8
2480.7
2597.4
2763.8
2979
3242.4
3552.9
3909.1
4309.5
4752.2
5235.4
5756.6
6313.3
6902.9
7522.3
8168.4
8837.6
9526.5
10231
10948
11672
12400
13127
13848
14560
15257
15935
16589
17215
17809
18365
18879
19348
19768
20133
20442
20691
20876
20996
21047
21028
20938
20775
20539
20230
19849
19395
18872
18280
17623
16904
16127
15297
14419
13498
12541
11556
10549
9530.3
8507.8
7491.3
6491
5517.8
4582.9
3698.2
2876.1
2129.3
1471.2
915.34
475.82
166.96
3.3966
0
171.83
534.1
1102.1
1891.2
2916.7
4193.9
5738
7563.9
9686.3
12120
14878
17976
21425
25240
29431
34011
38991
44380
50188
56423
63094
70206
77766
85779
94247
1.0317e+05
1.1256e+05
1.2241e+05
1.3272e+05
1.4348e+05
1.547e+05
1.6637e+05
1.7849e+05
1.9104e+05
2.0403e+05
2.1743e+05
2.3124e+05
2.4546e+05
2.6005e+05
2.7502e+05
2.9035e+05
3.0601e+05
3.22e+05
3.3829e+05
3.5486e+05
3.717e+05
3.8878e+05
4.0607e+05
4.2356e+05
4.4123e+05
4.5903e+05
4.7696e+05
4.9498e+05
5.1307e+05
5.312e+05
5.4933e+05
5.6745e+05
5.8553e+05
6.0353e+05
6.2142e+05
6.3918e+05
6.5678e+05
6.7419e+05
6.9137e+05
7.0831e+05
7.2497e+05
7.4132e+05
7.5734e+05
7.7299e+05
7.8826e+05
8.0311e+05
8.1752e+05
8.3147e+05
8.4493e+05
8.5787e+05
8.7028e+05
8.8213e+05
8.9341e+05
9.041e+05
9.1417e+05
9.2361e+05
9.3241e+05
9.4054e+05
9.4801e+05
9.5479e+05
9.6088e+05
9.6626e+05
9.7093e+05
9.7488e+05
9.7812e+05
9.8062e+05
9.824e+05
9.8345e+05
9.8378e+05
9.8337e+05
9.8225e+05
9.8041e+05
9.7786e+05
9.746e+05
9.7065e+05
9.6601e+05
9.607e+05
9.5473e+05
9.4811e+05
9.4086e+05
9.33e+05
9.2453e+05
9.1548e+05
9.0586e+05
8.957e+05
8.8502e+05
8.7383e+05
8.6216e+05
8.5003e+05
8.3746e+05
8.2449e+05
8.1112e+05
7.9739e+05
7.8331e+05
7.6892e+05
7.5424e+05
7.393e+05
7.2411e+05
7.0871e+05
6.9312e+05
6.7737e+05
6.6148e+05
6.4547e+05
6.2937e+05
6.1321e+05
5.97e+05
5.8078e+05
5.6456e+05
5.4837e+05
5.3223e+05
5.1616e+05
5.0018e+05
4.8431e+05
4.6857e+05
4.5299e+05
4.3757e+05
4.2234e+05
4.0731e+05
3.9249e+05
3.7791e+05
3.6358e+05
3.495e+05
3.357e+05
3.2218e+05
3.0895e+05
2.9603e+05
2.8342e+05
2.7113e+05
2.5916e+05
2.4753e+05
2.3624e+05
2.2529e+05
2.1469e+05
2.0444e+05
1.9454e+05
1.8499e+05
1.7579e+05
1.6695e+05
1.5846e+05
1.5032e+05
1.4252e+05
1.3507e+05
1.2797e+05
1.212e+05
1.1476e+05
1.0864e+05
1.0285e+05
97377
92208
87341
82766
78478
74466
70724
67242
64012
61024
58269
55738
53421
51310
49393
47663
46109
44721
43491
42409
41465
40651
39958
39376
38898
38514
38216
37998
37849
37765
37736
37756
37819
37917
38046
38199
38370
38555
38749
38946
39144
39337
39523
39698
39858
40002
40127
40230
40309
40364
40393
40394
40367
40310
40225
40110
39966
39792
39589
39358
39099
38814
38503
38167
37807
37426
37024
36603
36164
35709
35240
34758
34266
33765
33256
32742
32224
31704
31184
30666
30150
29639
29134
28637
28149
27671
27205
26752
26312
25888
25479
25087
24713
24356
24019
23700
23401
23121
22861
22621
22401
22201
22020
21859
21716
21592
21486
21398
21326
21270
21229
21203
21190
21189
21200
21222
21253
21292
21339
21392
21449
21511
21575
21641
21708
21773
21837
21898
21955
22008
22054
22093
22125
22148
22161
22164
22156
22136
22104
22060
22001
21929
21843
21742
21627
21497
21351
21191
21016
20825
20620
20400
20165
19917
19654
19379
19090
18789
18476
18152
17817
17473
17119
