13427
15124
17086
19313
21805
24561
27577
30852
34380
38158
42180
46440
50930
55644
60573
65708
71039
76556
82249
88105
94114
1.0026e+05
1.0654e+05
1.1293e+05
1.1942e+05
1.26e+05
1.3265e+05
1.3935e+05
1.4611e+05
1.5289e+05
1.5968e+05
1.6648e+05
1.7326e+05
1.8001e+05
1.8671e+05
1.9336e+05
1.9993e+05
2.0641e+05
2.1279e+05
2.1905e+05
2.2518e+05
2.3117e+05
2.37e+05
2.4267e+05
2.4815e+05
2.5344e+05
2.5853e+05
2.634e+05
2.6805e+05
2.7246e+05
2.7663e+05
2.8055e+05
2.8422e+05
2.8761e+05
2.9074e+05
2.9359e+05
2.9615e+05
2.9843e+05
3.0042e+05
3.0212e+05
3.0352e+05
3.0463e+05
3.0544e+05
3.0595e+05
3.0617e+05
3.061e+05
3.0573e+05
3.0507e+05
3.0413e+05
3.0291e+05
3.0141e+05
2.9964e+05
2.976e+05
2.9531e+05
2.9277e+05
2.8998e+05
2.8696e+05
2.8372e+05
2.8026e+05
2.7659e+05
2.7273e+05
2.6868e+05
2.6445e+05
2.6006e+05
2.5552e+05
2.5084e+05
2.4603e+05
2.4111e+05
2.3607e+05
2.3095e+05
2.2575e+05
2.2048e+05
2.1516e+05
2.0979e+05
2.0439e+05
1.9898e+05
1.9356e+05
1.8815e+05
1.8275e+05
1.7739e+05
1.7207e+05
1.668e+05
1.6159e+05
1.5646e+05
1.5141e+05
1.4646e+05
1.4161e+05
1.3687e+05
1.3226e+05
1.2778e+05
1.2343e+05
1.1923e+05
1.1518e+05
1.1129e+05
1.0756e+05
1.0401e+05
1.0062e+05
97422
94403
91571
88928
86478
84222
82161
80297
78631
77161
75889
74813
73932
73244
72747
72440
72318
72379
72620
73037
73626
74382
75300
76377
77606
78983
80502
82158
83944
85855
87885
90028
92278
94628
97071
99603
1.0222e+05
1.049e+05
1.0766e+05
1.1048e+05
1.1335e+05
1.1628e+05
1.1925e+05
1.2225e+05
1.2529e+05
1.2835e+05
1.3143e+05
1.3453e+05
1.3763e+05
1.4074e+05
1.4384e+05
1.4693e+05
1.5001e+05
1.5307e+05
1.5611e+05
1.5911e+05
1.6209e+05
1.6502e+05
1.6791e+05
1.7076e+05
1.7355e+05
1.7628e+05
1.7896e+05
1.8157e+05
1.8411e+05
1.8658e+05
1.8897e+05
1.9129e+05
1.9352e+05
1.9566e+05
1.9772e+05
1.9969e+05
2.0156e+05
2.0333e+05
2.05e+05
2.0658e+05
2.0804e+05
2.094e+05
2.1065e+05
2.1178e+05
2.1281e+05
2.1372e+05
2.1451e+05
2.1518e+05
2.1574e+05
2.1617e+05
2.1649e+05
2.1668e+05
2.1675e+05
2.1669e+05
2.1652e+05
2.1622e+05
2.1579e+05
2.1524e+05
2.1457e+05
2.1378e+05
2.1287e+05
2.1184e+05
2.1069e+05
2.0942e+05
2.0803e+05
2.0654e+05
2.0493e+05
2.0321e+05
2.0138e+05
1.9945e+05
1.9742e+05
1.9529e+05
1.9307e+05
1.9075e+05
1.8835e+05
1.8586e+05
1.8329e+05
1.8064e+05
1.7793e+05
1.7514e+05
1.723e+05
1.6939e+05
1.6643e+05
1.6342e+05
1.6037e+05
1.5728e+05
1.5415e+05
1.51e+05
1.4782e+05
1.4462e+05
1.4141e+05
1.3819e+05
1.3497e+05
1.3174e+05
1.2853e+05
1.2532e+05
1.2213e+05
1.1896e+05
1.1582e+05
1.127e+05
1.0962e+05
1.0657e+05
1.0356e+05
1.006e+05
97686
94821
92010
89255
86558
83922
81349
78839
76395
74017
71707
69464
67289
65183
63144
61173
59268
57430
55655
53944
52294
50703
49171
47693
46269
44896
43571
42291
41055
39858
38699
37575
36482
35418
34380
33365
32371
31396
30436
29489
28554
27628
26709
25796
24887
23981
23076
22173
21270
20368
19465
18562
17660
16759
15859
14962
14070
13183
12304
11433
10575
9729.8
8901
8090.9
7302.2
6537.9
5800.8
5093.9
4420.2
3782.8
3184.8
2629.1
2118.9
1657
1246.4
889.6
589.39
348.16
168.18
51.513
0
15.241
98.576
251.07
473.48
766.27
1129.6
1563.2
2066.6
2638.9
3278.8
3984.7
4754.6
5586.3
6476.9
7423.5
8422.6
9470.5
10563
11696
12865
14064
15289
16534
17793
19060
20330
21596
22853
24093
25310
26499
27652
28764
29828
30839
31790
32677
33494
34236
34898
35477
35969
36369
36676
36888
37002
37017
36934
36751
36471
36093
35622
35060
34410
33676
32865
31982
31035
30029
28974
27880
26754
25609
24455
23305
22170
21064
20001
18994
18060
17213
16468
15843
15353
15015
14847
14864
15085
15527
16207
17143
18350
19847
21650
23775
26237
29053
32238
35804
39767
44139
48931
54156
59824
65944
72525
79573
87096
95099
1.0358e+05
1.1256e+05
1.2202e+05
1.3196e+05
1.424e+05
1.5332e+05
1.6472e+05
1.7659e+05
1.8894e+05
2.0174e+05
2.15e+05
2.287e+05
2.4283e+05
2.5737e+05
2.7232e+05
2.8765e+05
3.0336e+05
3.1941e+05
3.3579e+05
3.5249e+05
3.6947e+05
3.8672e+05
4.042e+05
4.2191e+05
4.398e+05
4.5786e+05
4.7606e+05
4.9436e+05
5.1274e+05
5.3117e+05
5.4962e+05
5.6806e+05
5.8646e+05
6.0478e+05
6.23e+05
6.4109e+05
6.5901e+05
6.7673e+05
6.9422e+05
7.1145e+05
7.2839e+05
7.4501e+05
7.6127e+05
7.7716e+05
7.9263e+05
8.0767e+05
8.2225e+05
8.3633e+05
8.4989e+05
8.6292e+05
8.7537e+05
8.8724e+05
8.985e+05
9.0913e+05
9.1912e+05
9.2843e+05
9.3707e+05
9.4501e+05
9.5223e+05
9.5874e+05
9.6451e+05
9.6953e+05
9.7381e+05
9.7733e+05
9.8009e+05
9.8208e+05
9.8331e+05
9.8378e+05
9.8348e+05
9.8241e+05
9.806e+05
9.7803e+05
9.7472e+05
9.7067e+05
9.659e+05
9.6041e+05
9.5423e+05
9.4736e+05
9.3983e+05
9.3163e+05
9.2281e+05
9.1336e+05
9.0332e+05
8.9271e+05
8.8154e+05
8.6983e+05
8.5762e+05
8.4493e+05
8.3177e+05
8.1818e+05
8.0418e+05
7.898e+05
7.7506e+05
7.6e+05
7.4463e+05
7.2899e+05
7.131e+05
6.97e+05
6.807e+05
6.6423e+05
6.4763e+05
6.3092e+05
6.1413e+05
5.9728e+05
5.8039e+05
5.6351e+05
5.4664e+05
5.2982e+05
5.1306e+05
4.964e+05
4.7985e+05
4.6344e+05
4.4718e+05
4.3111e+05
4.1523e+05
3.9956e+05
3.8413e+05
3.6895e+05
3.5404e+05
3.394e+05
3.2506e+05
3.1103e+05
2.9732e+05
2.8394e+05
2.7091e+05
2.5822e+05
2.4589e+05
2.3393e+05
2.2233e+05
2.1112e+05
2.0028e+05
1.8983e+05
1.7977e+05
1.7009e+05
1.608e+05
1.519e+05
1.4338e+05
1.3525e+05
1.275e+05
1.2013e+05
1.1314e+05
1.0651e+05
1.0024e+05
94336
88778
83562
78682
74128
69891
65963
62333
58992
55929
53134
50597
48305
46249
44417
42797
41379
40151
39102
38220
37495
36915
36469
36147
35938
35831
35817
35885
36027
36232
36491
36796
37139
37512
37906
38314
38730
39148
39560
39961
40346
40710
41048
41356
41631
41868
42065
42219
42328
42391
42404
42368
42282
42144
41955
41714
41422
41081
40689
40249
39763
39230
38654
38037
37379
36685
35955
35193
34402
33583
32740
31876
30993
30095
29185
28265
27338
26408
25477
24548
23624
22708
21802
20909
20032
19172
18333
17515
16722
15955
15216
14507
13828
13182
12569
11990
11447
10940
10469
10036
9639.2
9280.2
8958.4
8673.8
8425.9
8214.3
8038.5
7897.6
7790.9
7717.3
7675.8
7665.3
7684.4
7731.7
7805.9
7905.4
8028.5
8173.7
8339.1
8523.1
8723.9
8939.5
9168.2
9408.1
9657.2
9913.8
10176
10442
10709
10977
11243
11505
11762
12013
12255
12487
12708
12916
13110
13289
13452
13597
13724
13832
13920
13988
14034
14059
14061
14042
14000
13936
13849
13740
13608
13455
13280
13084
12868
12632
12376
12102
