6.1226e+05
6.1949e+05
6.2654e+05
6.3339e+05
6.4004e+05
6.465e+05
6.5274e+05
6.5878e+05
6.646e+05
6.7021e+05
6.756e+05
6.8077e+05
6.8572e+05
6.9045e+05
6.9495e+05
6.9922e+05
7.0326e+05
7.0708e+05
7.1066e+05
7.1402e+05
7.1714e+05
7.2004e+05
7.227e+05
7.2514e+05
7.2735e+05
7.2933e+05
7.3108e+05
7.3262e+05
7.3393e+05
7.3501e+05
7.3589e+05
7.3654e+05
7.3699e+05
7.3722e+05
7.3725e+05
7.3707e+05
7.3669e+05
7.3612e+05
7.3535e+05
7.3439e+05
7.3325e+05
7.3193e+05
7.3044e+05
7.2877e+05
7.2693e+05
7.2494e+05
7.2278e+05
7.2048e+05
7.1803e+05
7.1543e+05
7.1271e+05
7.0985e+05
7.0687e+05
7.0376e+05
7.0055e+05
6.9723e+05
6.9381e+05
6.9029e+05
6.8669e+05
6.83e+05
6.7923e+05
6.754e+05
6.715e+05
6.6754e+05
6.6353e+05
6.5947e+05
6.5538e+05
6.5125e+05
6.471e+05
6.4292e+05
6.3873e+05
6.3453e+05
6.3032e+05
6.2612e+05
6.2193e+05
6.1775e+05
6.136e+05
6.0947e+05
6.0537e+05
6.0131e+05
5.9729e+05
5.9332e+05
5.894e+05
5.8554e+05
5.8174e+05
5.7801e+05
5.7435e+05
5.7077e+05
5.6727e+05
5.6386e+05
5.6053e+05
5.573e+05
5.5416e+05
5.5113e+05
5.482e+05
5.4538e+05
5.4267e+05
5.4007e+05
5.3758e+05
5.3522e+05
5.3298e+05
5.3086e+05
5.2886e+05
5.2699e+05
5.2525e+05
5.2364e+05
5.2216e+05
5.2082e+05
5.1961e+05
5.1853e+05
5.1758e+05
5.1677e+05
5.1609e+05
5.1555e+05
5.1514e+05
5.1487e+05
5.1473e+05
5.1472e+05
5.1484e+05
5.1509e+05
5.1547e+05
5.1598e+05
5.1661e+05
5.1737e+05
5.1825e+05
5.1924e+05
5.2036e+05
5.2158e+05
5.2292e+05
5.2437e+05
5.2592e+05
5.2757e+05
5.2933e+05
5.3118e+05
5.3312e+05
5.3515e+05
5.3727e+05
5.3946e+05
5.4174e+05
5.4408e+05
5.465e+05
5.4898e+05
5.5152e+05
5.5411e+05
5.5676e+05
5.5946e+05
5.6219e+05
5.6497e+05
5.6778e+05
5.7061e+05
5.7347e+05
5.7635e+05
5.7924e+05
5.8215e+05
5.8505e+05
5.8796e+05
5.9086e+05
5.9375e+05
5.9662e+05
5.9948e+05
6.023e+05
6.051e+05
6.0787e+05
6.1059e+05
6.1328e+05
6.1591e+05
6.1849e+05
6.2101e+05
6.2347e+05
6.2587e+05
6.2819e+05
6.3044e+05
6.326e+05
6.3469e+05
6.3668e+05
6.3859e+05
6.404e+05
6.4211e+05
6.4372e+05
6.4522e+05
6.4661e+05
6.4788e+05
6.4904e+05
6.5009e+05
6.51e+05
6.518e+05
6.5246e+05
6.53e+05
6.534e+05
6.5366e+05
6.5379e+05
6.5378e+05
6.5362e+05
6.5332e+05
6.5288e+05
6.5228e+05
6.5154e+05
6.5065e+05
6.4961e+05
6.4841e+05
6.4707e+05
6.4556e+05
6.4391e+05
6.421e+05
6.4013e+05
6.3801e+05
6.3574e+05
6.333e+05
6.3072e+05
6.2798e+05
6.2508e+05
6.2203e+05
6.1883e+05
6.1548e+05
6.1198e+05
6.0833e+05
6.0453e+05
6.0058e+05
5.9649e+05
5.9225e+05
5.8788e+05
5.8336e+05
5.7871e+05
5.7392e+05
5.69e+05
5.6395e+05
5.5877e+05
5.5347e+05
5.4804e+05
5.425e+05
5.3684e+05
5.3106e+05
5.2518e+05
5.1919e+05
5.1309e+05
5.0689e+05
5.006e+05
4.9422e+05
4.8774e+05
4.8119e+05
4.7454e+05
4.6783e+05
4.6103e+05
4.5417e+05
4.4725e+05
4.4026e+05
4.3321e+05
4.2612e+05
4.1897e+05
4.1178e+05
4.0455e+05
3.9729e+05
3.9e+05
3.8268e+05
3.7533e+05
3.6798e+05
3.6061e+05
3.5323e+05
3.4585e+05
3.3847e+05
3.311e+05
3.2374e+05
3.164e+05
3.0908e+05
3.0178e+05
2.9451e+05
2.8728e+05
2.8009e+05
2.7294e+05
2.6584e+05
2.588e+05
2.5181e+05
2.4488e+05
2.3803e+05
2.3124e+05
2.2453e+05
2.1791e+05
2.1136e+05
2.0491e+05
1.9855e+05
1.9229e+05
1.8613e+05
1.8008e+05
1.7414e+05
1.6831e+05
1.626e+05
1.5701e+05
1.5155e+05
1.4622e+05
1.4103e+05
1.3597e+05
1.3105e+05
1.2627e+05
1.2165e+05
1.1717e+05
1.1285e+05
1.0868e+05
1.0468e+05
1.0084e+05
97160
93652
90316
87153
84167
81359
78731
76287
74027
71953
70069
68374
66871
65561
64446
63526
62803
62278
61951
61824
61897
62171
62646
63322
64200
65279
66560
68042
69725
71609
73694
75977
78460
81141
84018
87092
90360
93822
97476
1.0132e+05
1.0535e+05
1.0957e+05
1.1398e+05
1.1857e+05
1.2334e+05
1.2829e+05
1.3342e+05
1.3872e+05
1.4419e+05
1.4983e+05
1.5564e+05
1.6162e+05
1.6775e+05
1.7405e+05
1.805e+05
1.871e+05
1.9385e+05
2.0075e+05
2.0779e+05
2.1498e+05
2.2229e+05
2.2974e+05
2.3732e+05
2.4503e+05
2.5285e+05
2.608e+05
2.6886e+05
2.7702e+05
2.853e+05
2.9368e+05
3.0215e+05
3.1072e+05
3.1938e+05
3.2813e+05
3.3696e+05
3.4587e+05
3.5485e+05
3.639e+05
3.7301e+05
3.8219e+05
3.9142e+05
4.007e+05
4.1003e+05
4.194e+05
4.2882e+05
4.3826e+05
4.4774e+05
4.5724e+05
4.6677e+05
4.7631e+05
4.8586e+05
4.9542e+05
5.0499e+05
5.1456e+05
5.2412e+05
5.3367e+05
5.432e+05
5.5272e+05
5.6222e+05
5.7169e+05
5.8113e+05
5.9054e+05
5.9991e+05
6.0924e+05
6.1852e+05
6.2775e+05
6.3692e+05
6.4604e+05
6.5509e+05
6.6408e+05
6.73e+05
6.8185e+05
6.9062e+05
6.9931e+05
7.0791e+05
7.1643e+05
7.2486e+05
7.332e+05
7.4143e+05
7.4957e+05
7.5761e+05
7.6554e+05
7.7336e+05
7.8106e+05
7.8866e+05
7.9613e+05
8.0349e+05
8.1072e+05
8.1783e+05
8.2482e+05
8.3167e+05
8.3839e+05
8.4497e+05
8.5142e+05
8.5773e+05
8.6391e+05
8.6994e+05
8.7582e+05
8.8156e+05
8.8716e+05
8.926e+05
8.979e+05
9.0304e+05
9.0804e+05
9.1288e+05
9.1756e+05
9.2209e+05
9.2646e+05
9.3067e+05
9.3473e+05
9.3862e+05
9.4236e+05
9.4594e+05
9.4935e+05
9.5261e+05
9.557e+05
9.5863e+05
9.614e+05
9.64e+05
9.6645e+05
9.6873e+05
9.7085e+05
9.728e+05
9.746e+05
9.7623e+05
9.7771e+05
9.7902e+05
9.8017e+05
9.8116e+05
9.8199e+05
9.8266e+05
9.8318e+05
9.8353e+05
9.8373e+05
9.8378e+05
9.8367e+05
9.834e+05
9.8298e+05
9.8242e+05
9.817e+05
9.8083e+05
9.7981e+05
9.7864e+05
9.7733e+05
9.7587e+05
9.7427e+05
9.7253e+05
9.7065e+05
9.6863e+05
9.6647e+05
9.6417e+05
9.6174e+05
9.5918e+05
9.5648e+05
9.5366e+05
9.507e+05
9.4762e+05
9.4442e+05
9.4109e+05
9.3764e+05
9.3408e+05
9.3039e+05
9.2659e+05
9.2267e+05
9.1865e+05
9.1451e+05
9.1026e+05
9.0591e+05
9.0145e+05
8.969e+05
8.9224e+05
8.8748e+05
8.8262e+05
8.7768e+05
8.7264e+05
8.675e+05
8.6228e+05
8.5698e+05
8.5159e+05
8.4612e+05
8.4056e+05
8.3493e+05
8.2923e+05
8.2345e+05
8.176e+05
8.1168e+05
8.0569e+05
7.9964e+05
7.9352e+05
7.8734e+05
7.8111e+05
7.7481e+05
7.6847e+05
7.6207e+05
7.5562e+05
7.4912e+05
7.4257e+05
7.3598e+05
7.2935e+05
7.2268e+05
7.1597e+05
7.0923e+05
7.0245e+05
6.9564e+05
6.888e+05
6.8194e+05
6.7504e+05
6.6813e+05
6.6119e+05
6.5424e+05
6.4726e+05
6.4028e+05
6.3327e+05
6.2626e+05
6.1924e+05
6.1221e+05
6.0517e+05
5.9814e+05
5.9109e+05
5.8405e+05
5.7702e+05
5.6998e+05
5.6295e+05
5.5593e+05
5.4892e+05
5.4192e+05
5.3493e+05
5.2795e+05
5.21e+05
5.1406e+05
5.0713e+05
5.0023e+05
4.9336e+05
4.865e+05
4.7968e+05
4.7288e+05
4.661e+05
4.5936e+05
4.5265e+05
4.4597e+05
4.3933e+05
4.3272e+05
4.2615e+05
4.1962e+05
4.1313e+05
4.0668e+05
4.0026e+05
3.939e+05
3.8757e+05
3.813e+05
3.7506e+05
3.6888e+05
3.6274e+05
3.5665e+05
3.5062e+05
3.4463e+05
3.387e+05
3.3282e+05
3.2699e+05
3.2121e+05
3.1549e+05
3.0983e+05
3.0422e+05
2.9867e+05
2.9318e+05
2.8775e+05
2.8237e+05
2.7705e+05
2.7179e+05
2.666e+05
2.6146e+05
2.5638e+05
2.5137e+05
2.4641e+05
2.4152e+05
2.3669e+05
2.3192e+05
2.2721e+05
2.2257e+05
2.1798e+05
2.1346e+05
2.09e+05
2.0461e+05
2.0028e+05
1.96e+05
1.918e+05
1.8765e+05
1.8357e+05
1.7955e+05
1.7559e+05
1.7169e+05
1.6785e+05
1.6408e+05
1.6036e+05
1.5671e+05
1.5311e+05
1.4958e+05
1.4611e+05
1.4269e+05
1.3934e+05
1.3604e+05
1.328e+05
1.2962e+05
1.265e+05
1.2343e+05
1.2042e+05
1.1747e+05
1.1457e+05
1.1172e+05
1.0893e+05
1.062e+05
1.0351e+05
1.0088e+05
98305
95777
93301
90874
88498
86170
83890
81658
79473
77335
75242
73194
71190
69231
67314
65439
63607
61815
60064
58352
56679
55044
53447
51887
50363
48875
47421
46002
44616
43263
41943
40653
39395
38167
36968
35798
34657
33543
32456
31395
30360
29350
28365
27404
26465
25550
24657
23785
22934
22103
21292
20501
19728
18973
18236
17517
16813
16126
15454
14798
14156
13528
12914
12313
11725
11149
10585
10032
9490.4
8959.3
8438.4
7927.3
7425.6
6932.9
6448.9
5973.1
5505.3
5045.1
4592.1
4146
3706.6
3273.4
2846.2
2424.8
2008.7
1597.7
1191.7
790.18
393.04
0
