6.517e+05
6.5655e+05
6.6134e+05
6.661e+05
6.7082e+05
6.7551e+05
6.8019e+05
6.8485e+05
6.8949e+05
6.9413e+05
6.9877e+05
7.0341e+05
7.0805e+05
7.1271e+05
7.1738e+05
7.2206e+05
7.2676e+05
7.3148e+05
7.3622e+05
7.4098e+05
7.4576e+05
7.5057e+05
7.554e+05
7.6025e+05
7.6513e+05
7.7003e+05
7.7494e+05
7.7988e+05
7.8483e+05
7.8979e+05
7.9477e+05
7.9976e+05
8.0475e+05
8.0975e+05
8.1474e+05
8.1974e+05
8.2472e+05
8.297e+05
8.3466e+05
8.396e+05
8.4453e+05
8.4942e+05
8.5428e+05
8.5911e+05
8.639e+05
8.6865e+05
8.7335e+05
8.7799e+05
8.8259e+05
8.8712e+05
8.9158e+05
8.9598e+05
9.003e+05
9.0455e+05
9.0872e+05
9.1281e+05
9.168e+05
9.2071e+05
9.2452e+05
9.2823e+05
9.3185e+05
9.3536e+05
9.3876e+05
9.4205e+05
9.4523e+05
9.483e+05
9.5125e+05
9.5408e+05
9.5679e+05
9.5938e+05
9.6185e+05
9.6418e+05
9.6639e+05
9.6848e+05
9.7043e+05
9.7225e+05
9.7394e+05
9.755e+05
9.7692e+05
9.7821e+05
9.7937e+05
9.8039e+05
9.8127e+05
9.8203e+05
9.8265e+05
9.8313e+05
9.8348e+05
9.8369e+05
9.8378e+05
9.8373e+05
9.8354e+05
9.8323e+05
9.8278e+05
9.8221e+05
9.815e+05
9.8067e+05
9.7971e+05
9.7862e+05
9.7741e+05
9.7608e+05
9.7462e+05
9.7304e+05
9.7134e+05
9.6953e+05
9.6759e+05
9.6554e+05
9.6338e+05
9.611e+05
9.5871e+05
9.5621e+05
9.536e+05
9.5089e+05
9.4807e+05
9.4515e+05
9.4213e+05
9.3901e+05
9.3579e+05
9.3247e+05
9.2906e+05
9.2556e+05
9.2196e+05
9.1828e+05
9.1451e+05
9.1065e+05
9.0671e+05
9.0269e+05
8.9859e+05
8.9441e+05
8.9015e+05
8.8582e+05
8.8142e+05
8.7694e+05
8.724e+05
8.6779e+05
8.6312e+05
8.5838e+05
8.5358e+05
8.4872e+05
8.4381e+05
8.3884e+05
8.3381e+05
8.2874e+05
8.2361e+05
8.1844e+05
8.1322e+05
8.0795e+05
8.0265e+05
7.973e+05
7.9191e+05
7.8649e+05
7.8103e+05
7.7554e+05
7.7002e+05
7.6447e+05
7.5889e+05
7.5329e+05
7.4766e+05
7.4201e+05
7.3634e+05
7.3065e+05
7.2494e+05
7.1922e+05
7.1349e+05
7.0775e+05
7.0199e+05
6.9623e+05
6.9047e+05
6.8469e+05
6.7892e+05
6.7315e+05
6.6738e+05
6.6161e+05
6.5584e+05
6.5009e+05
6.4434e+05
6.386e+05
6.3287e+05
6.2716e+05
6.2146e+05
6.1578e+05
6.1011e+05
6.0447e+05
5.9885e+05
5.9326e+05
5.8768e+05
5.8214e+05
5.7663e+05
5.7114e+05
5.6569e+05
5.6027e+05
5.5489e+05
5.4954e+05
5.4424e+05
5.3897e+05
5.3374e+05
5.2856e+05
5.2343e+05
5.1833e+05
5.1329e+05
5.083e+05
5.0336e+05
4.9846e+05
4.9363e+05
4.8885e+05
4.8412e+05
4.7945e+05
4.7485e+05
4.703e+05
4.6581e+05
4.6139e+05
4.5703e+05
4.5274e+05
4.4851e+05
4.4435e+05
4.4026e+05
4.3624e+05
4.323e+05
4.2842e+05
4.2462e+05
4.2089e+05
4.1724e+05
4.1366e+05
4.1016e+05
4.0674e+05
4.0339e+05
4.0013e+05
3.9694e+05
3.9384e+05
3.9082e+05
3.8788e+05
3.8502e+05
3.8225e+05
3.7956e+05
3.7695e+05
3.7443e+05
3.72e+05
3.6965e+05
3.6738e+05
3.6521e+05
3.6312e+05
3.6112e+05
3.592e+05
3.5737e+05
3.5563e+05
3.5398e+05
3.5242e+05
3.5094e+05
3.4955e+05
3.4825e+05
3.4704e+05
3.4592e+05
3.4488e+05
3.4393e+05
3.4307e+05
3.423e+05
3.4161e+05
3.4101e+05
3.405e+05
3.4008e+05
3.3973e+05
3.3948e+05
3.3931e+05
3.3922e+05
3.3922e+05
3.393e+05
3.3946e+05
3.3971e+05
3.4004e+05
3.4045e+05
3.4094e+05
3.4151e+05
3.4215e+05
3.4288e+05
3.4368e+05
3.4456e+05
3.4551e+05
3.4654e+05
3.4764e+05
3.4882e+05
3.5007e+05
3.5138e+05
3.5277e+05
3.5423e+05
3.5575e+05
3.5734e+05
3.59e+05
3.6072e+05
3.625e+05
3.6434e+05
3.6625e+05
3.6821e+05
3.7024e+05
3.7232e+05
3.7446e+05
3.7665e+05
3.7889e+05
3.8119e+05
3.8354e+05
3.8594e+05
3.8839e+05
3.9089e+05
3.9343e+05
3.9602e+05
3.9865e+05
4.0132e+05
4.0404e+05
4.068e+05
4.0959e+05
4.1243e+05
4.153e+05
4.1821e+05
4.2115e+05
4.2413e+05
4.2714e+05
4.3019e+05
4.3326e+05
4.3636e+05
4.395e+05
4.4266e+05
4.4585e+05
4.4907e+05
4.5231e+05
4.5558e+05
4.5887e+05
4.6219e+05
4.6553e+05
4.6889e+05
4.7228e+05
4.7568e+05
4.7911e+05
4.8256e+05
4.8603e+05
4.8951e+05
4.9302e+05
4.9655e+05
5.0009e+05
5.0365e+05
5.0723e+05
5.1083e+05
5.1444e+05
5.1807e+05
5.2172e+05
5.2538e+05
5.2906e+05
5.3276e+05
5.3647e+05
5.402e+05
5.4394e+05
5.477e+05
5.5147e+05
5.5526e+05
5.5906e+05
5.6287e+05
5.667e+05
5.7055e+05
5.744e+05
5.7827e+05
5.8216e+05
5.8605e+05
5.8996e+05
5.9388e+05
5.9781e+05
6.0175e+05
6.057e+05
6.0966e+05
6.1364e+05
6.1762e+05
6.216e+05
6.256e+05
6.296e+05
6.3361e+05
6.3762e+05
6.4164e+05
6.4566e+05
6.4968e+05
6.5371e+05
6.5773e+05
6.6176e+05
6.6578e+05
6.698e+05
6.7381e+05
6.7782e+05
6.8183e+05
6.8582e+05
6.8981e+05
6.9378e+05
6.9774e+05
7.0169e+05
7.0562e+05
7.0954e+05
7.1343e+05
7.1731e+05
7.2116e+05
7.2499e+05
7.288e+05
7.3258e+05
7.3633e+05
7.4005e+05
7.4374e+05
7.4739e+05
7.5101e+05
7.5459e+05
7.5813e+05
7.6163e+05
7.6509e+05
7.685e+05
7.7187e+05
7.7519e+05
7.7846e+05
7.8168e+05
7.8485e+05
7.8796e+05
7.9102e+05
7.9402e+05
7.9697e+05
7.9985e+05
8.0267e+05
8.0543e+05
8.0813e+05
8.1076e+05
8.1332e+05
8.1582e+05
8.1825e+05
8.2061e+05
8.229e+05
8.2513e+05
8.2727e+05
8.2935e+05
8.3135e+05
8.3328e+05
8.3514e+05
8.3692e+05
8.3863e+05
8.4026e+05
8.4182e+05
8.433e+05
8.4471e+05
8.4604e+05
8.4729e+05
8.4847e+05
8.4958e+05
8.5061e+05
8.5156e+05
8.5244e+05
8.5325e+05
8.5398e+05
8.5464e+05
8.5523e+05
8.5574e+05
8.5619e+05
8.5656e+05
8.5687e+05
8.571e+05
8.5727e+05
8.5737e+05
8.574e+05
8.5737e+05
8.5727e+05
8.5711e+05
8.5689e+05
8.5661e+05
8.5626e+05
8.5586e+05
8.5539e+05
8.5487e+05
8.5429e+05
8.5366e+05
8.5297e+05
8.5223e+05
8.5144e+05
8.5059e+05
8.497e+05
8.4875e+05
8.4776e+05
8.4672e+05
8.4563e+05
8.445e+05
8.4332e+05
8.421e+05
8.4083e+05
8.3952e+05
8.3818e+05
8.3679e+05
8.3536e+05
8.3389e+05
8.3239e+05
8.3084e+05
8.2926e+05
8.2764e+05
8.2599e+05
8.243e+05
8.2258e+05
8.2082e+05
8.1903e+05
8.172e+05
8.1534e+05
8.1345e+05
8.1152e+05
8.0957e+05
8.0758e+05
8.0556e+05
8.035e+05
8.0142e+05
7.993e+05
7.9716e+05
7.9498e+05
7.9277e+05
7.9053e+05
7.8826e+05
7.8595e+05
7.8362e+05
7.8126e+05
7.7886e+05
7.7644e+05
7.7398e+05
7.7149e+05
7.6898e+05
7.6643e+05
7.6385e+05
7.6123e+05
7.5859e+05
7.5592e+05
7.5321e+05
7.5047e+05
7.4771e+05
7.4491e+05
7.4208e+05
7.3921e+05
7.3632e+05
7.3339e+05
7.3044e+05
7.2745e+05
7.2443e+05
7.2138e+05
7.1829e+05
7.1518e+05
7.1203e+05
7.0886e+05
7.0565e+05
7.0241e+05
6.9914e+05
6.9584e+05
6.9251e+05
6.8915e+05
6.8575e+05
6.8233e+05
6.7888e+05
6.754e+05
6.7189e+05
6.6835e+05
6.6479e+05
6.6119e+05
6.5757e+05
6.5392e+05
6.5024e+05
6.4654e+05
6.4281e+05
6.3905e+05
6.3527e+05
6.3146e+05
6.2763e+05
6.2377e+05
6.1989e+05
6.1598e+05
6.1206e+05
6.0811e+05
6.0414e+05
6.0015e+05
5.9613e+05
5.921e+05
5.8805e+05
5.8397e+05
5.7988e+05
5.7577e+05
5.7165e+05
5.675e+05
5.6334e+05
5.5917e+05
5.5497e+05
5.5077e+05
5.4655e+05
5.4232e+05
5.3807e+05
5.3381e+05
5.2954e+05
5.2526e+05
5.2097e+05
5.1666e+05
5.1235e+05
5.0803e+05
5.037e+05
4.9937e+05
4.9503e+05
4.9068e+05
4.8632e+05
4.8196e+05
4.776e+05
4.7323e+05
4.6886e+05
4.6448e+05
4.601e+05
4.5572e+05
4.5134e+05
4.4696e+05
4.4258e+05
4.382e+05
4.3382e+05
4.2944e+05
4.2507e+05
4.207e+05
4.1633e+05
4.1196e+05
4.076e+05
4.0324e+05
3.9889e+05
3.9455e+05
3.9021e+05
3.8588e+05
3.8156e+05
3.7724e+05
3.7294e+05
3.6864e+05
3.6436e+05
3.6008e+05
3.5581e+05
3.5156e+05
3.4731e+05
3.4308e+05
3.3887e+05
3.3466e+05
3.3047e+05
3.2629e+05
3.2213e+05
3.1798e+05
3.1384e+05
3.0973e+05
3.0562e+05
3.0154e+05
2.9747e+05
2.9342e+05
2.8938e+05
2.8537e+05
2.8137e+05
2.7739e+05
2.7343e+05
2.6949e+05
2.6557e+05
2.6166e+05
2.5778e+05
2.5392e+05
2.5008e+05
2.4626e+05
2.4246e+05
2.3869e+05
2.3493e+05
2.312e+05
2.2749e+05
2.238e+05
2.2013e+05
2.1649e+05
2.1287e+05
2.0927e+05
2.0569e+05
2.0214e+05
1.9861e+05
1.9511e+05
1.9163e+05
1.8817e+05
1.8474e+05
1.8133e+05
1.7794e+05
1.7458e+05
1.7124e+05
1.6793e+05
1.6464e+05
1.6138e+05
1.5814e+05
1.5492e+05
1.5173e+05
1.4856e+05
1.4542e+05
1.4231e+05
1.3921e+05
1.3614e+05
1.331e+05
1.3008e+05
1.2709e+05
1.2412e+05
1.2117e+05
1.1825e+05
1.1536e+05
1.1249e+05
1.0964e+05
1.0682e+05
1.0402e+05
1.0125e+05
98505
95782
93084
90410
87762
85138
82538
79963
77413
74887
72386
69909
67457
65029
62626
60247
57893
55563
53258
50976
48720
46487
44278
42094
39934
37798
35686
33598
31534
29493
27476
25483
23514
21568
19645
17745
15869
14015
12185
10377
8591.9
6829.2
5088.8
3370.6
1674.4
0
