25510
27962
30723
33791
37164
40839
44810
49074
53623
58451
63551
68914
74529
80388
86480
92792
99314
1.0603e+05
1.1293e+05
1.2e+05
1.2722e+05
1.3458e+05
1.4207e+05
1.4967e+05
1.5735e+05
1.6512e+05
1.7294e+05
1.8081e+05
1.887e+05
1.966e+05
2.045e+05
2.1237e+05
2.2019e+05
2.2797e+05
2.3566e+05
2.4327e+05
2.5076e+05
2.5813e+05
2.6537e+05
2.7245e+05
2.7936e+05
2.8608e+05
2.9261e+05
2.9892e+05
3.0501e+05
3.1087e+05
3.1647e+05
3.2181e+05
3.2688e+05
3.3167e+05
3.3617e+05
3.4037e+05
3.4426e+05
3.4784e+05
3.511e+05
3.5403e+05
3.5663e+05
3.589e+05
3.6082e+05
3.6241e+05
3.6366e+05
3.6456e+05
3.6512e+05
3.6533e+05
3.6521e+05
3.6474e+05
3.6395e+05
3.6282e+05
3.6136e+05
3.5958e+05
3.5749e+05
3.5508e+05
3.5238e+05
3.4938e+05
3.461e+05
3.4254e+05
3.3871e+05
3.3463e+05
3.303e+05
3.2574e+05
3.2096e+05
3.1596e+05
3.1077e+05
3.054e+05
2.9985e+05
2.9414e+05
2.8829e+05
2.8231e+05
2.7621e+05
2.7e+05
2.6371e+05
2.5734e+05
2.5091e+05
2.4444e+05
2.3793e+05
2.314e+05
2.2487e+05
2.1834e+05
2.1184e+05
2.0538e+05
1.9896e+05
1.926e+05
1.8632e+05
1.8012e+05
1.7402e+05
1.6803e+05
1.6216e+05
1.5642e+05
1.5082e+05
1.4537e+05
1.4008e+05
1.3496e+05
1.3001e+05
1.2525e+05
1.2067e+05
1.1629e+05
1.1212e+05
1.0816e+05
1.044e+05
1.0087e+05
97556
94468
91607
88976
86576
84409
82474
80772
79303
78066
77059
76281
75729
75401
75293
75402
75725
76256
76992
77927
79057
80376
81878
83558
85408
87423
89596
91921
94390
96996
99733
1.0259e+05
1.0557e+05
1.0865e+05
1.1183e+05
1.1511e+05
1.1848e+05
1.2192e+05
1.2543e+05
1.29e+05
1.3263e+05
1.3631e+05
1.4003e+05
1.4378e+05
1.4756e+05
1.5135e+05
1.5516e+05
1.5897e+05
1.6278e+05
1.6658e+05
1.7036e+05
1.7412e+05
1.7785e+05
1.8154e+05
1.8519e+05
1.8879e+05
1.9234e+05
1.9583e+05
1.9925e+05
2.026e+05
2.0587e+05
2.0906e+05
2.1216e+05
2.1516e+05
2.1807e+05
2.2088e+05
2.2358e+05
2.2617e+05
2.2864e+05
2.31e+05
2.3323e+05
2.3534e+05
2.3731e+05
2.3916e+05
2.4086e+05
2.4243e+05
2.4386e+05
2.4515e+05
2.4629e+05
2.4728e+05
2.4812e+05
2.4882e+05
2.4936e+05
2.4975e+05
2.4999e+05
2.5008e+05
2.5001e+05
2.4979e+05
2.4942e+05
2.4889e+05
2.4821e+05
2.4739e+05
2.4641e+05
2.4529e+05
2.4403e+05
2.4262e+05
2.4107e+05
2.3938e+05
2.3755e+05
2.356e+05
2.3352e+05
2.3131e+05
2.2898e+05
2.2654e+05
2.2398e+05
2.2131e+05
2.1854e+05
2.1567e+05
2.1271e+05
2.0966e+05
2.0653e+05
2.0331e+05
2.0003e+05
1.9667e+05
1.9326e+05
1.8979e+05
1.8627e+05
1.827e+05
1.791e+05
1.7546e+05
1.718e+05
1.6811e+05
1.6441e+05
1.607e+05
1.5698e+05
1.5327e+05
1.4956e+05
1.4586e+05
1.4218e+05
1.3852e+05
1.3489e+05
1.3129e+05
1.2772e+05
1.2419e+05
1.207e+05
1.1726e+05
1.1387e+05
1.1053e+05
1.0724e+05
1.0402e+05
1.0085e+05
97748
94709
91736
88830
85992
83222
80521
77890
75327
72834
70409
68052
65761
63536
61374
59276
57238
55260
53339
51473
49660
47898
46185
44518
42896
41315
39774
38271
36803
35368
33964
32590
31243
29923
28627
27354
26104
24875
23666
22477
21308
20158
19028
17917
16827
15757
14710
13685
12684
11709
10762
9843.7
8956.5
8102.5
7284.1
6503.4
5763.1
5065.5
4413.2
3808.9
3255.1
2754.4
2309.3
1922.5
1596.2
1332.9
1134.6
1003.6
941.65
950.45
1031.5
1186.1
1415.2
1719.6
2099.7
2555.7
3087.3
3694.2
4375.4
5129.9
5955.9
6851.7
7814.8
8842.8
9932.5
11081
12283
13536
14836
16176
17552
18960
20392
21843
23307
24777
26247
27709
29158
30585
31984
33348
34669
35940
37155
38306
39387
40390
41310
42141
42877
43512
44042
44462
44767
44955
45023
44967
44786
44479
44046
43486
42801
41992
41062
40013
38851
37579
36203
34731
33168
31524
29806
28026
26192
24317
22411
20489
18564
16648
14758
12908
11114
9392
7759.3
6233
4830.5
3569.6
2468.3
1545.1
818.17
306.06
27.201
0
242.72
773.43
1609.9
2769.8
4269.9
6127.1
8357.4
10976
13999
17439
21309
25624
30393
35628
41339
47533
54219
61402
69088
77282
85984
95198
1.0492e+05
1.1516e+05
1.259e+05
1.3714e+05
1.4888e+05
1.6111e+05
1.7383e+05
1.8701e+05
2.0066e+05
2.1476e+05
2.293e+05
2.4425e+05
2.5962e+05
2.7537e+05
2.9148e+05
3.0795e+05
3.2474e+05
3.4184e+05
3.5923e+05
3.7687e+05
3.9474e+05
4.1282e+05
4.3108e+05
4.4949e+05
4.6803e+05
4.8666e+05
5.0536e+05
5.2409e+05
5.4283e+05
5.6154e+05
5.8019e+05
5.9876e+05
6.1721e+05
6.3551e+05
6.5363e+05
6.7154e+05
6.8921e+05
7.066e+05
7.2369e+05
7.4045e+05
7.5685e+05
7.7286e+05
7.8845e+05
8.036e+05
8.1828e+05
8.3247e+05
8.4613e+05
8.5926e+05
8.7182e+05
8.8379e+05
8.9516e+05
9.0591e+05
9.1601e+05
9.2546e+05
9.3424e+05
9.4233e+05
9.4973e+05
9.5642e+05
9.6239e+05
9.6764e+05
9.7216e+05
9.7595e+05
9.7899e+05
9.813e+05
9.8286e+05
9.8369e+05
9.8378e+05
9.8313e+05
9.8176e+05
9.7967e+05
9.7686e+05
9.7335e+05
9.6914e+05
9.6425e+05
9.587e+05
9.5249e+05
9.4564e+05
9.3816e+05
9.3008e+05
9.2141e+05
9.1217e+05
9.0238e+05
8.9206e+05
8.8124e+05
8.6992e+05
8.5815e+05
8.4593e+05
8.333e+05
8.2028e+05
8.0688e+05
7.9315e+05
7.7909e+05
7.6474e+05
7.5012e+05
7.3526e+05
7.2018e+05
7.0491e+05
6.8946e+05
6.7387e+05
6.5817e+05
6.4237e+05
6.2649e+05
6.1057e+05
5.9462e+05
5.7867e+05
5.6274e+05
5.4685e+05
5.3102e+05
5.1528e+05
4.9963e+05
4.8411e+05
4.6872e+05
4.5349e+05
4.3843e+05
4.2356e+05
4.089e+05
3.9445e+05
3.8023e+05
3.6626e+05
3.5254e+05
3.3909e+05
3.2591e+05
3.1302e+05
3.0043e+05
2.8813e+05
2.7614e+05
2.6447e+05
2.5312e+05
2.4209e+05
2.3139e+05
2.2101e+05
2.1097e+05
2.0126e+05
1.9189e+05
1.8284e+05
1.7413e+05
1.6575e+05
1.577e+05
1.4998e+05
1.4258e+05
1.355e+05
1.2873e+05
1.2227e+05
1.1612e+05
1.1027e+05
1.0471e+05
99437
94445
89727
85275
81081
77138
73438
69972
66733
63712
60901
58292
55875
53642
51585
49696
47965
46384
44946
43642
42464
41404
40455
39608
38857
38195
37613
37107
36668
36291
35970
35699
35473
35285
35132
35007
34908
34828
34765
34715
34674
34639
34606
34574
34539
34500
34454
34399
34335
34259
34170
34067
33951
33819
33672
33509
33330
33135
32925
32700
32460
32206
31938
31658
31365
31062
30748
30426
30095
29758
29416
29069
28719
28367
28014
27663
27313
26966
26624
26287
25957
25634
25320
25017
24724
24443
24174
23919
23678
23451
23240
23045
22867
22705
22559
22432
22321
22228
22152
22094
22053
22028
22020
22029
22053
22093
22147
22216
22298
22392
22498
22616
22743
22880
23025
23177
23336
23500
23667
23838
24011
24185
24358
24530
24699
24865
25026
25181
25330
25470
25602
25724
25836
25935
26023
26097
26157
26202
26232
26245
26243
26223
26186
26131
26057
25966
25855
25726
25579
25412
25227
25023
24800
24560
24301
24025
23732
23422
23096
