0
553.3
1164.4
1833.5
2561
3347.1
4191.8
5095.2
6057.4
7078.2
8157.7
9295.5
10491
11745
13056
14425
15849
17330
18866
20457
22102
23800
25550
27352
29204
31107
33057
35055
37100
39189
41323
43499
45716
47974
50270
52604
54974
57378
59815
62283
64781
67308
69861
72440
75042
77665
80309
82972
85652
88347
91055
93775
96506
99245
1.0199e+05
1.0474e+05
1.075e+05
1.1026e+05
1.1301e+05
1.1577e+05
1.1852e+05
1.2127e+05
1.2401e+05
1.2675e+05
1.2948e+05
1.3219e+05
1.3489e+05
1.3758e+05
1.4026e+05
1.4292e+05
1.4556e+05
1.4818e+05
1.5078e+05
1.5337e+05
1.5592e+05
1.5846e+05
1.6097e+05
1.6345e+05
1.659e+05
1.6833e+05
1.7073e+05
1.7309e+05
1.7543e+05
1.7773e+05
1.8e+05
1.8224e+05
1.8444e+05
1.8661e+05
1.8874e+05
1.9084e+05
1.9289e+05
1.9491e+05
1.9689e+05
1.9884e+05
2.0074e+05
2.026e+05
2.0443e+05
2.0621e+05
2.0795e+05
2.0965e+05
2.1131e+05
2.1293e+05
2.1451e+05
2.1605e+05
2.1754e+05
2.19e+05
2.2041e+05
2.2178e+05
2.231e+05
2.2439e+05
2.2564e+05
2.2684e+05
2.28e+05
2.2912e+05
2.302e+05
2.3124e+05
2.3224e+05
2.332e+05
2.3412e+05
2.3499e+05
2.3583e+05
2.3663e+05
2.3739e+05
2.3811e+05
2.388e+05
2.3944e+05
2.4005e+05
2.4062e+05
2.4116e+05
2.4165e+05
2.4211e+05
2.4254e+05
2.4293e+05
2.4328e+05
2.436e+05
2.4388e+05
2.4413e+05
2.4435e+05
2.4453e+05
2.4468e+05
2.448e+05
2.4488e+05
2.4493e+05
2.4495e+05
2.4494e+05
2.449e+05
2.4482e+05
2.4471e+05
2.4458e+05
2.4441e+05
2.4421e+05
2.4398e+05
2.4373e+05
2.4344e+05
2.4312e+05
2.4278e+05
2.424e+05
2.42e+05
2.4156e+05
2.411e+05
2.4061e+05
2.4009e+05
2.3954e+05
2.3897e+05
2.3836e+05
2.3773e+05
2.3707e+05
2.3638e+05
2.3566e+05
2.3492e+05
2.3415e+05
2.3335e+05
2.3252e+05
2.3167e+05
2.3078e+05
2.2987e+05
2.2894e+05
2.2797e+05
2.2698e+05
2.2596e+05
2.2491e+05
2.2384e+05
2.2274e+05
2.2161e+05
2.2046e+05
2.1928e+05
2.1807e+05
2.1684e+05
2.1558e+05
2.1429e+05
2.1298e+05
2.1164e+05
2.1028e+05
2.0889e+05
2.0748e+05
2.0604e+05
2.0458e+05
2.0309e+05
2.0158e+05
2.0005e+05
1.985e+05
1.9692e+05
1.9532e+05
1.9369e+05
1.9205e+05
1.9039e+05
1.887e+05
1.87e+05
1.8528e+05
1.8353e+05
1.8177e+05
1.8e+05
1.782e+05
1.7639e+05
1.7457e+05
1.7273e+05
1.7087e+05
1.6901e+05
1.6713e+05
1.6523e+05
1.6333e+05
1.6142e+05
1.595e+05
1.5757e+05
1.5563e+05
1.5369e+05
1.5174e+05
1.4979e+05
1.4783e+05
1.4587e+05
1.4391e+05
1.4195e+05
1.3999e+05
1.3802e+05
1.3607e+05
1.3411e+05
1.3216e+05
1.3021e+05
1.2827e+05
1.2634e+05
1.2441e+05
1.2249e+05
1.2059e+05
1.1869e+05
1.1681e+05
1.1494e+05
1.1308e+05
1.1124e+05
1.0941e+05
1.076e+05
1.058e+05
1.0403e+05
1.0227e+05
1.0054e+05
98820
97125
95452
93803
92176
90574
88996
87444
85917
84417
82944
81498
80079
78689
77327
75993
74689
73414
72168
70951
69764
68607
67479
66381
65313
64274
63264
62284
61333
60410
59516
58650
57812
57001
56217
55460
54729
54024
53343
52687
52055
51447
50861
50297
49754
49233
48731
48248
47784
47338
46909
46497
46100
45718
45351
44996
44655
44326
44008
43700
43403
43115
42836
42565
42302
42046
41796
41553
41315
41083
40855
40632
40413
40198
39988
39781
39578
39378
39183
38991
38803
38619
38440
38266
38097
37934
37777
37627
37485
37351
37226
37112
37008
36916
36838
36774
36725
36694
36680
36687
36715
36766
36841
36943
37072
37232
37424
37649
37911
38210
38550
38932
39358
39832
40355
40930
41559
42244
42989
43795
44666
45603
46610
47689
48843
50074
51386
52780
54260
55828
57486
59238
61087
63034
65082
67234
69493
71860
74339
76932
79640
82468
85416
88487
91682
95005
98457
1.0204e+05
1.0576e+05
1.0961e+05
1.1359e+05
1.1772e+05
1.2198e+05
1.2638e+05
1.3093e+05
1.3562e+05
1.4045e+05
1.4543e+05
1.5055e+05
1.5582e+05
1.6123e+05
1.668e+05
1.7251e+05
1.7837e+05
1.8437e+05
1.9052e+05
1.9682e+05
2.0327e+05
2.0987e+05
2.1661e+05
2.2349e+05
2.3052e+05
2.3769e+05
2.45e+05
2.5245e+05
2.6004e+05
2.6777e+05
2.7563e+05
2.8363e+05
2.9175e+05
3.0001e+05
3.0839e+05
3.1689e+05
3.2551e+05
3.3425e+05
3.4311e+05
3.5207e+05
3.6114e+05
3.7032e+05
3.796e+05
3.8897e+05
3.9844e+05
4.0799e+05
4.1763e+05
4.2735e+05
4.3714e+05
4.4701e+05
4.5694e+05
4.6693e+05
4.7698e+05
4.8708e+05
4.9723e+05
5.0742e+05
5.1764e+05
5.2789e+05
5.3817e+05
5.4847e+05
5.5878e+05
5.691e+05
5.7942e+05
5.8973e+05
6.0004e+05
6.1033e+05
6.2059e+05
6.3083e+05
6.4104e+05
6.512e+05
6.6132e+05
6.7138e+05
6.8139e+05
6.9133e+05
7.012e+05
7.1099e+05
7.2069e+05
7.3031e+05
7.3983e+05
7.4925e+05
7.5856e+05
7.6775e+05
7.7683e+05
7.8577e+05
7.9459e+05
8.0326e+05
8.118e+05
8.2018e+05
8.2841e+05
8.3647e+05
8.4437e+05
8.521e+05
8.5965e+05
8.6702e+05
8.7421e+05
8.812e+05
8.8799e+05
8.9459e+05
9.0097e+05
9.0715e+05
9.1311e+05
9.1886e+05
9.2438e+05
9.2968e+05
9.3474e+05
9.3957e+05
9.4417e+05
9.4853e+05
9.5264e+05
9.5651e+05
9.6013e+05
9.635e+05
9.6662e+05
9.6948e+05
9.7209e+05
9.7444e+05
9.7652e+05
9.7835e+05
9.7992e+05
9.8122e+05
9.8225e+05
9.8303e+05
9.8353e+05
9.8378e+05
9.8375e+05
9.8347e+05
9.8292e+05
9.821e+05
9.8102e+05
9.7968e+05
9.7808e+05
9.7622e+05
9.741e+05
9.7172e+05
9.6909e+05
9.6621e+05
9.6308e+05
9.597e+05
9.5608e+05
9.5221e+05
9.481e+05
9.4376e+05
9.3918e+05
9.3438e+05
9.2935e+05
9.2409e+05
9.1862e+05
9.1294e+05
9.0704e+05
9.0094e+05
8.9463e+05
8.8813e+05
8.8143e+05
8.7455e+05
8.6749e+05
8.6024e+05
8.5283e+05
8.4524e+05
8.3749e+05
8.2959e+05
8.2153e+05
8.1333e+05
8.0498e+05
7.965e+05
7.8789e+05
7.7916e+05
7.703e+05
7.6134e+05
7.5227e+05
7.4309e+05
7.3382e+05
7.2446e+05
7.1502e+05
7.055e+05
6.9591e+05
6.8625e+05
6.7653e+05
6.6676e+05
6.5693e+05
6.4707e+05
6.3717e+05
6.2723e+05
6.1728e+05
6.073e+05
5.973e+05
5.873e+05
5.773e+05
5.6729e+05
5.573e+05
5.4731e+05
5.3735e+05
5.274e+05
5.1749e+05
5.0761e+05
4.9776e+05
4.8796e+05
4.782e+05
4.685e+05
4.5885e+05
4.4927e+05
4.3974e+05
4.3029e+05
4.2091e+05
4.1161e+05
4.0238e+05
3.9324e+05
3.8419e+05
3.7523e+05
3.6636e+05
3.5759e+05
3.4892e+05
3.4036e+05
3.319e+05
3.2355e+05
3.1531e+05
3.0718e+05
2.9917e+05
2.9128e+05
2.835e+05
2.7585e+05
2.6832e+05
2.6092e+05
2.5364e+05
2.4649e+05
2.3947e+05
2.3258e+05
2.2582e+05
2.1919e+05
2.127e+05
2.0633e+05
2.001e+05
1.9401e+05
1.8804e+05
1.8221e+05
1.7652e+05
1.7095e+05
1.6552e+05
1.6023e+05
1.5506e+05
1.5003e+05
1.4513e+05
1.4036e+05
1.3571e+05
1.312e+05
1.2681e+05
1.2255e+05
1.1842e+05
1.144e+05
1.1051e+05
1.0675e+05
1.031e+05
99563
96146
92844
89654
86574
83602
80738
77978
75320
72763
70304
67941
65672
63494
61407
59406
57490
55657
53904
52229
50630
49104
47649
46263
44943
43687
42492
41357
40279
39256
38285
37365
36493
35666
34884
34143
33441
32777
32149
31554
30991
30457
29951
29470
29014
28580
28167
27773
27396
27035
26688
26354
26031
25719
25415
25118
24828
24542
24261
23982
23705
23429
23153
22876
22597
22315
22031
21742
21448
21149
20845
20534
20217
19892
19560
19221
18873
18516
18152
17778
17396
17004
16604
16195
15776
15349
14913
14468
14014
13551
