6.9096e+05
6.9761e+05
7.0421e+05
7.1077e+05
7.1728e+05
7.2374e+05
7.3015e+05
7.3651e+05
7.4283e+05
7.4911e+05
7.5534e+05
7.6151e+05
7.6765e+05
7.7373e+05
7.7976e+05
7.8575e+05
7.9168e+05
7.9755e+05
8.0337e+05
8.0914e+05
8.1484e+05
8.2049e+05
8.2607e+05
8.3159e+05
8.3704e+05
8.4242e+05
8.4773e+05
8.5296e+05
8.5812e+05
8.6319e+05
8.6819e+05
8.731e+05
8.7793e+05
8.8267e+05
8.8731e+05
8.9186e+05
8.9632e+05
9.0068e+05
9.0494e+05
9.091e+05
9.1316e+05
9.1711e+05
9.2095e+05
9.2469e+05
9.2832e+05
9.3183e+05
9.3523e+05
9.3852e+05
9.417e+05
9.4476e+05
9.4771e+05
9.5053e+05
9.5325e+05
9.5584e+05
9.5832e+05
9.6068e+05
9.6292e+05
9.6505e+05
9.6705e+05
9.6894e+05
9.7072e+05
9.7237e+05
9.7392e+05
9.7534e+05
9.7665e+05
9.7785e+05
9.7894e+05
9.7991e+05
9.8077e+05
9.8152e+05
9.8216e+05
9.827e+05
9.8312e+05
9.8344e+05
9.8366e+05
9.8377e+05
9.8378e+05
9.8368e+05
9.8349e+05
9.8319e+05
9.828e+05
9.8231e+05
9.8172e+05
9.8104e+05
9.8026e+05
9.7939e+05
9.7843e+05
9.7738e+05
9.7624e+05
9.7501e+05
9.7369e+05
9.7229e+05
9.7079e+05
9.6922e+05
9.6756e+05
9.6582e+05
9.6399e+05
9.6209e+05
9.601e+05
9.5804e+05
9.559e+05
9.5368e+05
9.5138e+05
9.4901e+05
9.4656e+05
9.4404e+05
9.4145e+05
9.3878e+05
9.3605e+05
9.3324e+05
9.3036e+05
9.2742e+05
9.2441e+05
9.2133e+05
9.1819e+05
9.1498e+05
9.1171e+05
9.0837e+05
9.0497e+05
9.0152e+05
8.98e+05
8.9442e+05
8.9079e+05
8.871e+05
8.8335e+05
8.7955e+05
8.757e+05
8.7179e+05
8.6783e+05
8.6383e+05
8.5977e+05
8.5566e+05
8.5151e+05
8.4731e+05
8.4306e+05
8.3878e+05
8.3445e+05
8.3007e+05
8.2566e+05
8.2121e+05
8.1672e+05
8.122e+05
8.0764e+05
8.0304e+05
7.9841e+05
7.9375e+05
7.8906e+05
7.8434e+05
7.7959e+05
7.7482e+05
7.7001e+05
7.6519e+05
7.6034e+05
7.5547e+05
7.5057e+05
7.4566e+05
7.4073e+05
7.3579e+05
7.3082e+05
7.2585e+05
7.2086e+05
7.1586e+05
7.1085e+05
7.0583e+05
7.008e+05
6.9577e+05
6.9073e+05
6.8569e+05
6.8065e+05
6.7561e+05
6.7057e+05
6.6553e+05
6.605e+05
6.5547e+05
6.5046e+05
6.4545e+05
6.4045e+05
6.3547e+05
6.305e+05
6.2554e+05
6.2061e+05
6.1569e+05
6.108e+05
6.0593e+05
6.0108e+05
5.9626e+05
5.9147e+05
5.8671e+05
5.8198e+05
5.7728e+05
5.7262e+05
5.68e+05
5.6342e+05
5.5888e+05
5.5438e+05
5.4992e+05
5.4551e+05
5.4115e+05
5.3684e+05
5.3258e+05
5.2838e+05
5.2423e+05
5.2013e+05
5.161e+05
5.1212e+05
5.0821e+05
5.0435e+05
5.0057e+05
4.9684e+05
4.9319e+05
4.896e+05
4.8608e+05
4.8264e+05
4.7926e+05
4.7596e+05
4.7273e+05
4.6958e+05
4.665e+05
4.635e+05
4.6058e+05
4.5774e+05
4.5498e+05
4.523e+05
4.497e+05
4.4718e+05
4.4474e+05
4.4238e+05
4.4011e+05
4.3792e+05
4.3581e+05
4.3379e+05
4.3185e+05
4.2999e+05
4.2822e+05
4.2653e+05
4.2492e+05
4.234e+05
4.2196e+05
4.2061e+05
4.1934e+05
4.1814e+05
4.1704e+05
4.1601e+05
4.1507e+05
4.142e+05
4.1342e+05
4.1271e+05
4.1209e+05
4.1154e+05
4.1107e+05
4.1068e+05
4.1037e+05
4.1013e+05
4.0997e+05
4.0988e+05
4.0986e+05
4.0992e+05
4.1005e+05
4.1025e+05
4.1052e+05
4.1086e+05
4.1127e+05
4.1175e+05
4.1229e+05
4.129e+05
4.1357e+05
4.1431e+05
4.1511e+05
4.1598e+05
4.169e+05
4.1789e+05
4.1893e+05
4.2003e+05
4.2119e+05
4.2241e+05
4.2368e+05
4.2501e+05
4.2639e+05
4.2782e+05
4.293e+05
4.3084e+05
4.3242e+05
4.3405e+05
4.3573e+05
4.3746e+05
4.3923e+05
4.4104e+05
4.429e+05
4.448e+05
4.4674e+05
4.4872e+05
4.5074e+05
4.528e+05
4.5489e+05
4.5702e+05
4.5918e+05
4.6138e+05
4.6361e+05
4.6587e+05
4.6816e+05
4.7048e+05
4.7282e+05
4.7519e+05
4.7759e+05
4.8001e+05
4.8246e+05
4.8493e+05
4.8742e+05
4.8992e+05
4.9245e+05
4.95e+05
4.9756e+05
5.0014e+05
5.0273e+05
5.0534e+05
5.0795e+05
5.1059e+05
5.1323e+05
5.1588e+05
5.1854e+05
5.2121e+05
5.2389e+05
5.2657e+05
5.2926e+05
5.3196e+05
5.3466e+05
5.3736e+05
5.4007e+05
5.4278e+05
5.455e+05
5.4821e+05
5.5093e+05
5.5364e+05
5.5636e+05
5.5908e+05
5.618e+05
5.6452e+05
5.6723e+05
5.6995e+05
5.7266e+05
5.7538e+05
5.7809e+05
5.808e+05
5.8351e+05
5.8622e+05
5.8893e+05
5.9164e+05
5.9435e+05
5.9705e+05
5.9976e+05
6.0246e+05
6.0516e+05
6.0787e+05
6.1057e+05
6.1327e+05
6.1598e+05
6.1868e+05
6.2139e+05
6.2409e+05
6.268e+05
6.2951e+05
6.3222e+05
6.3493e+05
6.3764e+05
6.4036e+05
6.4308e+05
6.458e+05
6.4852e+05
6.5124e+05
6.5397e+05
6.567e+05
6.5943e+05
6.6216e+05
6.6489e+05
6.6763e+05
6.7036e+05
6.731e+05
6.7583e+05
6.7857e+05
6.8131e+05
6.8404e+05
6.8678e+05
6.8951e+05
6.9224e+05
6.9496e+05
6.9768e+05
7.0039e+05
7.031e+05
7.058e+05
7.085e+05
7.1118e+05
7.1385e+05
7.1652e+05
7.1916e+05
7.218e+05
7.2442e+05
7.2702e+05
7.2961e+05
7.3217e+05
7.3471e+05
7.3724e+05
7.3973e+05
7.4221e+05
7.4465e+05
7.4707e+05
7.4945e+05
7.5181e+05
7.5413e+05
7.5641e+05
7.5866e+05
7.6088e+05
7.6305e+05
7.6518e+05
7.6726e+05
7.6931e+05
7.713e+05
7.7325e+05
7.7515e+05
7.77e+05
7.788e+05
7.8054e+05
7.8223e+05
7.8387e+05
7.8544e+05
7.8696e+05
7.8842e+05
7.8982e+05
7.9115e+05
7.9243e+05
7.9364e+05
7.9478e+05
7.9586e+05
7.9688e+05
7.9783e+05
7.9871e+05
7.9952e+05
8.0027e+05
8.0095e+05
8.0155e+05
8.0209e+05
8.0256e+05
8.0296e+05
8.033e+05
8.0356e+05
8.0375e+05
8.0387e+05
8.0393e+05
8.0392e+05
8.0384e+05
8.0369e+05
8.0347e+05
8.0319e+05
8.0284e+05
8.0243e+05
8.0195e+05
8.0141e+05
8.008e+05
8.0014e+05
7.9941e+05
7.9862e+05
7.9777e+05
7.9686e+05
7.959e+05
7.9488e+05
7.938e+05
7.9267e+05
7.9149e+05
7.9025e+05
7.8896e+05
7.8763e+05
7.8624e+05
7.8481e+05
7.8333e+05
7.8181e+05
7.8024e+05
7.7863e+05
7.7698e+05
7.7528e+05
7.7355e+05
7.7178e+05
7.6997e+05
7.6813e+05
7.6625e+05
7.6433e+05
7.6238e+05
7.604e+05
7.5839e+05
7.5635e+05
7.5427e+05
7.5217e+05
7.5004e+05
7.4788e+05
7.457e+05
7.4349e+05
7.4126e+05
7.39e+05
7.3671e+05
7.344e+05
7.3207e+05
7.2972e+05
7.2734e+05
7.2494e+05
7.2253e+05
7.2009e+05
7.1762e+05
7.1514e+05
7.1264e+05
7.1012e+05
7.0758e+05
7.0502e+05
7.0244e+05
6.9984e+05
6.9722e+05
6.9459e+05
6.9193e+05
6.8926e+05
6.8656e+05
6.8385e+05
6.8112e+05
6.7837e+05
6.756e+05
6.7281e+05
6.7001e+05
6.6718e+05
6.6434e+05
6.6147e+05
6.5859e+05
6.5569e+05
6.5277e+05
6.4983e+05
6.4688e+05
6.439e+05
6.409e+05
6.3789e+05
6.3486e+05
6.318e+05
6.2873e+05
6.2564e+05
6.2253e+05
6.194e+05
6.1625e+05
6.1309e+05
6.099e+05
6.067e+05
6.0348e+05
6.0024e+05
5.9698e+05
5.937e+05
5.9041e+05
5.871e+05
5.8377e+05
5.8042e+05
5.7706e+05
5.7368e+05
5.7029e+05
5.6687e+05
5.6345e+05
5.6e+05
5.5654e+05
5.5307e+05
5.4958e+05
5.4608e+05
5.4256e+05
5.3904e+05
5.3549e+05
5.3194e+05
5.2837e+05
5.2479e+05
5.212e+05
5.176e+05
5.1398e+05
5.1036e+05
5.0673e+05
5.0308e+05
4.9943e+05
4.9577e+05
4.921e+05
4.8842e+05
4.8474e+05
4.8105e+05
4.7735e+05
4.7365e+05
4.6994e+05
4.6622e+05
4.625e+05
4.5878e+05
4.5505e+05
4.5132e+05
4.4758e+05
4.4384e+05
4.401e+05
4.3636e+05
4.3262e+05
4.2887e+05
4.2512e+05
4.2137e+05
4.1762e+05
4.1388e+05
4.1013e+05
4.0638e+05
4.0263e+05
3.9889e+05
3.9514e+05
3.914e+05
3.8766e+05
3.8393e+05
3.8019e+05
3.7646e+05
3.7273e+05
3.6901e+05
3.6529e+05
3.6157e+05
3.5786e+05
3.5415e+05
3.5045e+05
3.4675e+05
3.4306e+05
3.3938e+05
3.357e+05
3.3203e+05
3.2836e+05
3.247e+05
3.2105e+05
3.1741e+05
3.1377e+05
3.1014e+05
3.0652e+05
3.0291e+05
2.9931e+05
2.9572e+05
2.9213e+05
2.8856e+05
2.8499e+05
2.8144e+05
2.779e+05
2.7436e+05
2.7084e+05
2.6733e+05
2.6383e+05
2.6034e+05
2.5687e+05
2.534e+05
2.4995e+05
2.4651e+05
2.4309e+05
2.3968e+05
2.3628e+05
2.3289e+05
2.2953e+05
2.2617e+05
2.2283e+05
2.195e+05
2.1619e+05
2.129e+05
2.0962e+05
2.0636e+05
2.0311e+05
1.9988e+05
1.9667e+05
1.9348e+05
1.903e+05
1.8714e+05
1.8399e+05
1.8087e+05
1.7776e+05
1.7467e+05
1.716e+05
1.6855e+05
1.6552e+05
1.625e+05
1.5951e+05
1.5653e+05
1.5358e+05
1.5064e+05
1.4773e+05
1.4483e+05
1.4195e+05
1.391e+05
1.3626e+05
1.3345e+05
1.3066e+05
1.2788e+05
1.2513e+05
1.224e+05
1.1969e+05
1.17e+05
1.1433e+05
1.1168e+05
1.0906e+05
1.0645e+05
1.0387e+05
1.013e+05
98763
96243
93744
91267
88811
86377
83964
81572
79201
76852
74524
72218
69932
67668
65425
63204
61003
58824
56666
54529
52412
50317
48243
46190
44157
42146
40155
38185
36236
34307
32399
30512
28645
26798
24972
23166
21381
19616
17871
16147
14443
12758
11094
9449.6
7825.3
6220.7
4636
3071
1525.7
0
