41962
45220
48555
51963
55440
58982
62584
66243
69954
73712
77513
81352
85225
89126
93052
96998
1.0096e+05
1.0493e+05
1.089e+05
1.1288e+05
1.1685e+05
1.2081e+05
1.2476e+05
1.2868e+05
1.3259e+05
1.3647e+05
1.4032e+05
1.4413e+05
1.479e+05
1.5162e+05
1.553e+05
1.5892e+05
1.6249e+05
1.66e+05
1.6944e+05
1.7282e+05
1.7613e+05
1.7936e+05
1.8252e+05
1.8561e+05
1.8861e+05
1.9152e+05
1.9436e+05
1.971e+05
1.9975e+05
2.0232e+05
2.0479e+05
2.0717e+05
2.0945e+05
2.1164e+05
2.1374e+05
2.1573e+05
2.1763e+05
2.1943e+05
2.2114e+05
2.2275e+05
2.2426e+05
2.2568e+05
2.27e+05
2.2823e+05
2.2936e+05
2.3041e+05
2.3136e+05
2.3223e+05
2.33e+05
2.337e+05
2.3431e+05
2.3484e+05
2.3529e+05
2.3566e+05
2.3596e+05
2.3619e+05
2.3635e+05
2.3645e+05
2.3648e+05
2.3645e+05
2.3636e+05
2.3622e+05
2.3603e+05
2.3579e+05
2.355e+05
2.3517e+05
2.348e+05
2.344e+05
2.3396e+05
2.335e+05
2.33e+05
2.3248e+05
2.3195e+05
2.3139e+05
2.3082e+05
2.3024e+05
2.2964e+05
2.2905e+05
2.2845e+05
2.2784e+05
2.2724e+05
2.2665e+05
2.2606e+05
2.2548e+05
2.2491e+05
2.2435e+05
2.2381e+05
2.2329e+05
2.2278e+05
2.223e+05
2.2184e+05
2.214e+05
2.2099e+05
2.2061e+05
2.2025e+05
2.1992e+05
2.1962e+05
2.1935e+05
2.1911e+05
2.189e+05
2.1873e+05
2.1858e+05
2.1847e+05
2.1839e+05
2.1835e+05
2.1833e+05
2.1835e+05
2.184e+05
2.1848e+05
2.1859e+05
2.1873e+05
2.1891e+05
2.1911e+05
2.1933e+05
2.1959e+05
2.1987e+05
2.2018e+05
2.2051e+05
2.2086e+05
2.2123e+05
2.2163e+05
2.2204e+05
2.2247e+05
2.2291e+05
2.2337e+05
2.2384e+05
2.2433e+05
2.2482e+05
2.2532e+05
2.2583e+05
2.2634e+05
2.2686e+05
2.2738e+05
2.279e+05
2.2841e+05
2.2893e+05
2.2944e+05
2.2994e+05
2.3044e+05
2.3092e+05
2.314e+05
2.3186e+05
2.3232e+05
2.3275e+05
2.3317e+05
2.3357e+05
2.3396e+05
2.3432e+05
2.3466e+05
2.3498e+05
2.3527e+05
2.3554e+05
2.3579e+05
2.36e+05
2.3619e+05
2.3635e+05
2.3648e+05
2.3658e+05
2.3665e+05
2.3669e+05
2.3669e+05
2.3666e+05
2.366e+05
2.365e+05
2.3636e+05
2.3619e+05
2.3598e+05
2.3573e+05
2.3545e+05
2.3513e+05
2.3477e+05
2.3437e+05
2.3394e+05
2.3346e+05
2.3295e+05
2.3239e+05
2.318e+05
2.3117e+05
2.3049e+05
2.2978e+05
2.2902e+05
2.2823e+05
2.2739e+05
2.2652e+05
2.256e+05
2.2465e+05
2.2365e+05
2.2261e+05
2.2154e+05
2.2042e+05
2.1926e+05
2.1806e+05
2.1683e+05
2.1555e+05
2.1423e+05
2.1288e+05
2.1148e+05
2.1005e+05
2.0858e+05
2.0706e+05
2.0551e+05
2.0393e+05
2.023e+05
2.0064e+05
1.9894e+05
1.9721e+05
1.9544e+05
1.9363e+05
1.9179e+05
1.8991e+05
1.88e+05
1.8606e+05
1.8408e+05
1.8207e+05
1.8003e+05
1.7796e+05
1.7585e+05
1.7372e+05
1.7156e+05
1.6937e+05
1.6715e+05
1.6491e+05
1.6264e+05
1.6035e+05
1.5804e+05
1.557e+05
1.5334e+05
1.5097e+05
1.4857e+05
1.4615e+05
1.4372e+05
1.4128e+05
1.3882e+05
1.3635e+05
1.3387e+05
1.3138e+05
1.2888e+05
1.2638e+05
1.2387e+05
1.2136e+05
1.1884e+05
1.1633e+05
1.1382e+05
1.1131e+05
1.0881e+05
1.0632e+05
1.0383e+05
1.0136e+05
98894
96446
94014
91599
89205
86831
84481
82156
79857
77586
75346
73137
70961
68819
66715
64647
62619
60632
58686
56783
54925
53111
51345
49625
47954
46332
44759
43237
41765
40345
38977
37660
36395
35183
34022
32914
31857
30851
29896
28991
28135
27329
26570
25858
25192
24571
23993
23458
22963
22507
22089
21707
21359
21043
20758
20502
20272
20068
19885
19724
19580
19454
19341
19241
19150
19067
18990
18917
18845
18773
18698
18619
18534
18440
18337
18223
18096
17954
17797
17623
17432
17221
16991
16740
16469
16176
15862
15527
15170
14792
14393
13975
13537
13082
12610
12123
11622
11109
10586
10057
9521.6
8984.2
8447.4
7914.1
7387.6
6871.4
6369
5884.4
5421.6
4984.7
4578.1
4206.5
3874.4
3586.7
3348.6
3165.1
3041.5
2983.3
2996
3085.2
3256.7
3516.4
3870.1
4323.9
4883.7
5555.7
6345.9
7260.6
8305.8
9487.6
10812
12286
13914
15704
17660
19789
22096
24587
27268
30143
33219
36499
39990
43695
47619
51766
56141
60747
65587
70665
75984
81547
87355
93411
99717
1.0627e+05
1.1308e+05
1.2014e+05
1.2746e+05
1.3503e+05
1.4285e+05
1.5092e+05
1.5925e+05
1.6782e+05
1.7665e+05
1.8572e+05
1.9503e+05
2.0458e+05
2.1437e+05
2.2439e+05
2.3464e+05
2.4512e+05
2.5581e+05
2.6672e+05
2.7783e+05
2.8915e+05
3.0067e+05
3.1237e+05
3.2425e+05
3.3631e+05
3.4854e+05
3.6092e+05
3.7345e+05
3.8612e+05
3.9892e+05
4.1185e+05
4.2489e+05
4.3802e+05
4.5125e+05
4.6456e+05
4.7794e+05
4.9138e+05
5.0487e+05
5.1839e+05
5.3194e+05
5.455e+05
5.5906e+05
5.7261e+05
5.8613e+05
5.9962e+05
6.1306e+05
6.2644e+05
6.3975e+05
6.5297e+05
6.6609e+05
6.791e+05
6.9199e+05
7.0474e+05
7.1734e+05
7.2978e+05
7.4205e+05
7.5413e+05
7.6602e+05
7.7769e+05
7.8915e+05
8.0037e+05
8.1135e+05
8.2208e+05
8.3253e+05
8.4272e+05
8.5262e+05
8.6222e+05
8.7151e+05
8.8049e+05
8.8914e+05
8.9747e+05
9.0544e+05
9.1307e+05
9.2034e+05
9.2725e+05
9.3379e+05
9.3994e+05
9.4571e+05
9.5109e+05
9.5608e+05
9.6067e+05
9.6485e+05
9.6862e+05
9.7198e+05
9.7493e+05
9.7746e+05
9.7956e+05
9.8125e+05
9.8252e+05
9.8336e+05
9.8378e+05
9.8377e+05
9.8335e+05
9.825e+05
9.8123e+05
9.7954e+05
9.7744e+05
9.7493e+05
9.7201e+05
9.6868e+05
9.6496e+05
9.6084e+05
9.5632e+05
9.5143e+05
9.4615e+05
9.405e+05
9.3448e+05
9.281e+05
9.2137e+05
9.143e+05
9.0689e+05
8.9915e+05
8.9109e+05
8.8273e+05
8.7405e+05
8.6509e+05
8.5585e+05
8.4633e+05
8.3655e+05
8.2652e+05
8.1624e+05
8.0574e+05
7.9501e+05
7.8407e+05
7.7294e+05
7.6162e+05
7.5012e+05
7.3845e+05
7.2664e+05
7.1468e+05
7.0259e+05
6.9038e+05
6.7806e+05
6.6565e+05
6.5315e+05
6.4057e+05
6.2793e+05
6.1525e+05
6.0252e+05
5.8976e+05
5.7698e+05
5.6419e+05
5.5141e+05
5.3864e+05
5.2589e+05
5.1317e+05
5.005e+05
4.8787e+05
4.7531e+05
4.6282e+05
4.5042e+05
4.3809e+05
4.2587e+05
4.1375e+05
4.0175e+05
3.8986e+05
3.781e+05
3.6648e+05
3.55e+05
3.4367e+05
3.325e+05
3.2148e+05
3.1064e+05
2.9996e+05
2.8946e+05
2.7914e+05
2.6901e+05
2.5907e+05
2.4933e+05
2.3978e+05
2.3043e+05
2.2129e+05
2.1235e+05
2.0362e+05
1.951e+05
1.868e+05
1.787e+05
1.7083e+05
1.6317e+05
1.5572e+05
1.4849e+05
1.4148e+05
1.3469e+05
1.2811e+05
1.2175e+05
1.156e+05
1.0967e+05
1.0394e+05
98430
93126
88028
83134
78442
73949
69652
65548
61635
57908
54365
51001
47814
44799
41953
39271
36750
34386
32173
30108
28187
26405
24758
23240
21849
20579
19425
18384
17450
16619
15887
15250
14702
14239
13858
13553
13320
13156
13056
13016
13031
13099
13215
13376
13577
13815
14087
14390
14719
15072
15445
15836
16241
16659
17085
17518
17955
18393
18831
19266
19695
20118
20532
20936
21327
21705
22067
22413
22741
23050
23339
23607
23853
24077
24277
24453
24605
24732
24833
24909
24958
24982
24980
24951
24897
24816
24710
24577
24420
24237
24030
23798
23543
23264
22962
22638
22292
21924
21537
21129
20702
20257
19794
19313
18817
18304
17777
17236
16682
16115
15536
14946
14346
13736
13118
12492
11858
11218
10573
9922.1
9267
8608.3
7946.6
7282.7
6617.1
5950.4
5283.4
4616.5
3950.4
3285.6
2622.7
1962.2
1304.6
650.38
0
