7.2385e+05
7.2631e+05
7.2866e+05
7.3089e+05
7.33e+05
7.35e+05
7.3689e+05
7.3866e+05
7.4032e+05
7.4187e+05
7.433e+05
7.4463e+05
7.4584e+05
7.4695e+05
7.4794e+05
7.4883e+05
7.4961e+05
7.5029e+05
7.5086e+05
7.5133e+05
7.517e+05
7.5197e+05
7.5214e+05
7.5221e+05
7.5218e+05
7.5206e+05
7.5185e+05
7.5154e+05
7.5114e+05
7.5065e+05
7.5008e+05
7.4942e+05
7.4867e+05
7.4784e+05
7.4693e+05
7.4594e+05
7.4487e+05
7.4372e+05
7.425e+05
7.4121e+05
7.3984e+05
7.384e+05
7.369e+05
7.3533e+05
7.3369e+05
7.3199e+05
7.3023e+05
7.2841e+05
7.2653e+05
7.246e+05
7.2261e+05
7.2057e+05
7.1847e+05
7.1633e+05
7.1413e+05
7.1189e+05
7.0961e+05
7.0728e+05
7.0492e+05
7.0251e+05
7.0006e+05
6.9757e+05
6.9506e+05
6.925e+05
6.8992e+05
6.873e+05
6.8465e+05
6.8198e+05
6.7928e+05
6.7655e+05
6.738e+05
6.7103e+05
6.6824e+05
6.6542e+05
6.6259e+05
6.5974e+05
6.5687e+05
6.5399e+05
6.511e+05
6.4819e+05
6.4527e+05
6.4234e+05
6.394e+05
6.3645e+05
6.3349e+05
6.3053e+05
6.2756e+05
6.2458e+05
6.216e+05
6.1862e+05
6.1563e+05
6.1265e+05
6.0966e+05
6.0667e+05
6.0368e+05
6.0069e+05
5.977e+05
5.9472e+05
5.9173e+05
5.8875e+05
5.8577e+05
5.828e+05
5.7983e+05
5.7686e+05
5.739e+05
5.7094e+05
5.6799e+05
5.6504e+05
5.621e+05
5.5916e+05
5.5623e+05
5.5331e+05
5.5039e+05
5.4748e+05
5.4457e+05
5.4167e+05
5.3878e+05
5.3589e+05
5.3301e+05
5.3013e+05
5.2726e+05
5.244e+05
5.2154e+05
5.1869e+05
5.1584e+05
5.1299e+05
5.1016e+05
5.0732e+05
5.0449e+05
5.0167e+05
4.9884e+05
4.9602e+05
4.9321e+05
4.904e+05
4.8758e+05
4.8478e+05
4.8197e+05
4.7916e+05
4.7636e+05
4.7355e+05
4.7075e+05
4.6794e+05
4.6514e+05
4.6233e+05
4.5952e+05
4.5671e+05
4.539e+05
4.5109e+05
4.4827e+05
4.4545e+05
4.4262e+05
4.3979e+05
4.3695e+05
4.3411e+05
4.3127e+05
4.2841e+05
4.2555e+05
4.2269e+05
4.1981e+05
4.1693e+05
4.1404e+05
4.1115e+05
4.0824e+05
4.0533e+05
4.024e+05
3.9947e+05
3.9652e+05
3.9357e+05
3.906e+05
3.8763e+05
3.8464e+05
3.8164e+05
3.7864e+05
3.7562e+05
3.7258e+05
3.6954e+05
3.6648e+05
3.6342e+05
3.6034e+05
3.5724e+05
3.5414e+05
3.5102e+05
3.4789e+05
3.4475e+05
3.416e+05
3.3843e+05
3.3526e+05
3.3207e+05
3.2886e+05
3.2565e+05
3.2243e+05
3.1919e+05
3.1595e+05
3.1269e+05
3.0942e+05
3.0615e+05
3.0286e+05
2.9956e+05
2.9626e+05
2.9294e+05
2.8962e+05
2.8629e+05
2.8296e+05
2.7962e+05
2.7627e+05
2.7291e+05
2.6955e+05
2.6619e+05
2.6282e+05
2.5945e+05
2.5608e+05
2.5271e+05
2.4934e+05
2.4596e+05
2.4259e+05
2.3922e+05
2.3585e+05
2.3249e+05
2.2913e+05
2.2577e+05
2.2242e+05
2.1908e+05
2.1575e+05
2.1242e+05
2.0911e+05
2.058e+05
2.0251e+05
1.9923e+05
1.9597e+05
1.9272e+05
1.8949e+05
1.8628e+05
1.8308e+05
1.7991e+05
1.7676e+05
1.7363e+05
1.7052e+05
1.6744e+05
1.6438e+05
1.6135e+05
1.5836e+05
1.5539e+05
1.5245e+05
1.4954e+05
1.4667e+05
1.4384e+05
1.4104e+05
1.3827e+05
1.3555e+05
1.3287e+05
1.3023e+05
1.2763e+05
1.2508e+05
1.2257e+05
1.2011e+05
1.177e+05
1.1534e+05
1.1303e+05
1.1077e+05
1.0857e+05
1.0642e+05
1.0433e+05
1.023e+05
1.0032e+05
98406
96553
94763
93037
91377
89783
88257
86801
85415
84100
82858
81690
80597
79580
78641
77780
76998
76297
75677
75140
74686
74317
74032
73835
73724
73701
73767
73923
74169
74506
74935
75457
76071
76780
77583
78481
79474
80563
81749
83032
84412
85889
87465
89139
90911
92782
94752
96822
98990
1.0126e+05
1.0362e+05
1.0609e+05
1.0866e+05
1.1132e+05
1.1409e+05
1.1695e+05
1.1991e+05
1.2297e+05
1.2613e+05
1.2939e+05
1.3274e+05
1.362e+05
1.3975e+05
1.4339e+05
1.4713e+05
1.5097e+05
1.549e+05
1.5893e+05
1.6305e+05
1.6727e+05
1.7157e+05
1.7597e+05
1.8046e+05
1.8504e+05
1.8971e+05
1.9446e+05
1.9931e+05
2.0424e+05
2.0925e+05
2.1435e+05
2.1954e+05
2.248e+05
2.3015e+05
2.3558e+05
2.4108e+05
2.4667e+05
2.5233e+05
2.5806e+05
2.6387e+05
2.6975e+05
2.7571e+05
2.8173e+05
2.8782e+05
2.9398e+05
3.002e+05
3.0648e+05
3.1283e+05
3.1924e+05
3.2571e+05
3.3223e+05
3.3881e+05
3.4545e+05
3.5213e+05
3.5887e+05
3.6566e+05
3.7249e+05
3.7937e+05
3.8629e+05
3.9325e+05
4.0026e+05
4.073e+05
4.1438e+05
4.2149e+05
4.2863e+05
4.3581e+05
4.4301e+05
4.5024e+05
4.5749e+05
4.6477e+05
4.7206e+05
4.7938e+05
4.8671e+05
4.9405e+05
5.0141e+05
5.0878e+05
5.1616e+05
5.2354e+05
5.3093e+05
5.3832e+05
5.4571e+05
5.531e+05
5.6048e+05
5.6786e+05
5.7523e+05
5.8259e+05
5.8993e+05
5.9727e+05
6.0458e+05
6.1188e+05
6.1916e+05
6.2642e+05
6.3365e+05
6.4085e+05
6.4803e+05
6.5517e+05
6.6228e+05
6.6936e+05
6.764e+05
6.8341e+05
6.9037e+05
6.9729e+05
7.0416e+05
7.1099e+05
7.1777e+05
7.245e+05
7.3118e+05
7.3781e+05
7.4438e+05
7.5089e+05
7.5734e+05
7.6373e+05
7.7006e+05
7.7632e+05
7.8252e+05
7.8865e+05
7.9471e+05
8.0069e+05
8.0661e+05
8.1245e+05
8.1821e+05
8.239e+05
8.295e+05
8.3503e+05
8.4047e+05
8.4583e+05
8.511e+05
8.5629e+05
8.6139e+05
8.664e+05
8.7132e+05
8.7615e+05
8.8088e+05
8.8552e+05
8.9006e+05
8.9451e+05
8.9886e+05
9.0311e+05
9.0726e+05
9.1131e+05
9.1526e+05
9.191e+05
9.2284e+05
9.2648e+05
9.3e+05
9.3343e+05
9.3674e+05
9.3995e+05
9.4305e+05
9.4603e+05
9.4891e+05
9.5168e+05
9.5433e+05
9.5688e+05
9.5931e+05
9.6162e+05
9.6383e+05
9.6592e+05
9.6789e+05
9.6975e+05
9.715e+05
9.7313e+05
9.7465e+05
9.7604e+05
9.7733e+05
9.785e+05
9.7955e+05
9.8048e+05
9.813e+05
9.82e+05
9.8259e+05
9.8306e+05
9.8341e+05
9.8365e+05
9.8377e+05
9.8378e+05
9.8367e+05
9.8344e+05
9.8311e+05
9.8265e+05
9.8208e+05
9.814e+05
9.8061e+05
9.797e+05
9.7868e+05
9.7755e+05
9.7631e+05
9.7496e+05
9.735e+05
9.7192e+05
9.7024e+05
9.6845e+05
9.6656e+05
9.6456e+05
9.6245e+05
9.6023e+05
9.5792e+05
9.555e+05
9.5297e+05
9.5035e+05
9.4763e+05
9.448e+05
9.4188e+05
9.3886e+05
9.3574e+05
9.3253e+05
9.2923e+05
9.2583e+05
9.2234e+05
9.1875e+05
9.1508e+05
9.1132e+05
9.0747e+05
9.0354e+05
8.9952e+05
8.9542e+05
8.9123e+05
8.8697e+05
8.8262e+05
8.782e+05
8.7369e+05
8.6912e+05
8.6447e+05
8.5974e+05
8.5494e+05
8.5008e+05
8.4514e+05
8.4014e+05
8.3507e+05
8.2994e+05
8.2474e+05
8.1948e+05
8.1416e+05
8.0879e+05
8.0335e+05
7.9786e+05
7.9232e+05
7.8672e+05
7.8108e+05
7.7538e+05
7.6963e+05
7.6384e+05
7.58e+05
7.5212e+05
7.462e+05
7.4024e+05
7.3424e+05
7.282e+05
7.2212e+05
7.1601e+05
7.0987e+05
7.0369e+05
6.9749e+05
6.9126e+05
6.85e+05
6.7871e+05
6.7241e+05
6.6608e+05
6.5972e+05
6.5335e+05
6.4697e+05
6.4056e+05
6.3414e+05
6.2771e+05
6.2126e+05
6.1481e+05
6.0834e+05
6.0187e+05
5.9539e+05
5.8891e+05
5.8242e+05
5.7594e+05
5.6945e+05
5.6296e+05
5.5647e+05
5.4999e+05
5.4351e+05
5.3704e+05
5.3057e+05
5.2412e+05
5.1767e+05
5.1124e+05
5.0481e+05
4.984e+05
4.9201e+05
4.8563e+05
4.7927e+05
4.7293e+05
4.666e+05
4.603e+05
4.5402e+05
4.4776e+05
4.4153e+05
4.3532e+05
4.2913e+05
4.2298e+05
4.1685e+05
4.1075e+05
4.0468e+05
3.9864e+05
3.9263e+05
3.8666e+05
3.8072e+05
3.7481e+05
3.6894e+05
3.6311e+05
3.5731e+05
3.5155e+05
3.4583e+05
3.4015e+05
3.345e+05
3.289e+05
3.2334e+05
3.1782e+05
3.1235e+05
3.0692e+05
3.0153e+05
2.9619e+05
2.9089e+05
2.8564e+05
2.8043e+05
2.7527e+05
2.7016e+05
2.6509e+05
2.6008e+05
2.5511e+05
2.5019e+05
2.4532e+05
2.405e+05
2.3573e+05
2.3101e+05
2.2634e+05
2.2173e+05
2.1716e+05
2.1265e+05
2.0818e+05
2.0377e+05
1.9941e+05
1.951e+05
1.9085e+05
1.8665e+05
1.825e+05
1.784e+05
1.7436e+05
1.7037e+05
1.6643e+05
1.6255e+05
1.5872e+05
1.5494e+05
1.5121e+05
1.4754e+05
1.4392e+05
1.4035e+05
1.3684e+05
1.3338e+05
1.2997e+05
1.2661e+05
1.2331e+05
1.2005e+05
1.1685e+05
1.137e+05
1.1061e+05
1.0756e+05
1.0457e+05
1.0162e+05
98728
95885
93091
90347
87652
85007
82410
79861
77360
74907
72501
70142
67829
65562
63341
61165
59034
56947
54904
52904
50947
49033
47160
45329
43539
41790
40080
38410
36779
35186
33631
32114
30633
29189
27780
26407
25068
23764
22493
21255
20049
18876
17734
16622
15541
14489
13467
12473
11507
10569
9657.2
8771.9
7912.4
7078.1
6268.4
5482.9
4720.8
3981.8
3265.2
2570.5
1897.2
1244.7
612.45
0
