5.8106e+05
5.8759e+05
5.9394e+05
6.0009e+05
6.0604e+05
6.1179e+05
6.1734e+05
6.2267e+05
6.278e+05
6.3271e+05
6.3741e+05
6.4189e+05
6.4615e+05
6.5018e+05
6.5399e+05
6.5758e+05
6.6094e+05
6.6408e+05
6.6699e+05
6.6967e+05
6.7213e+05
6.7436e+05
6.7637e+05
6.7814e+05
6.797e+05
6.8103e+05
6.8214e+05
6.8304e+05
6.8371e+05
6.8417e+05
6.8441e+05
6.8445e+05
6.8427e+05
6.839e+05
6.8331e+05
6.8253e+05
6.8156e+05
6.8039e+05
6.7904e+05
6.775e+05
6.7578e+05
6.7388e+05
6.7182e+05
6.6959e+05
6.6719e+05
6.6464e+05
6.6194e+05
6.5909e+05
6.561e+05
6.5297e+05
6.4971e+05
6.4632e+05
6.4282e+05
6.392e+05
6.3547e+05
6.3164e+05
6.2771e+05
6.237e+05
6.1959e+05
6.1541e+05
6.1115e+05
6.0683e+05
6.0245e+05
5.9801e+05
5.9352e+05
5.8899e+05
5.8443e+05
5.7983e+05
5.7521e+05
5.7057e+05
5.6592e+05
5.6126e+05
5.5661e+05
5.5196e+05
5.4731e+05
5.4269e+05
5.3809e+05
5.3352e+05
5.2898e+05
5.2448e+05
5.2003e+05
5.1563e+05
5.1128e+05
5.0699e+05
5.0277e+05
4.9862e+05
4.9454e+05
4.9054e+05
4.8662e+05
4.8279e+05
4.7906e+05
4.7542e+05
4.7188e+05
4.6844e+05
4.6511e+05
4.6189e+05
4.5878e+05
4.5579e+05
4.5292e+05
4.5017e+05
4.4755e+05
4.4505e+05
4.4268e+05
4.4044e+05
4.3834e+05
4.3637e+05
4.3453e+05
4.3283e+05
4.3127e+05
4.2985e+05
4.2856e+05
4.2742e+05
4.2642e+05
4.2556e+05
4.2483e+05
4.2425e+05
4.2381e+05
4.2351e+05
4.2334e+05
4.2331e+05
4.2342e+05
4.2366e+05
4.2404e+05
4.2455e+05
4.2519e+05
4.2595e+05
4.2684e+05
4.2786e+05
4.29e+05
4.3025e+05
4.3162e+05
4.3311e+05
4.347e+05
4.364e+05
4.3821e+05
4.4011e+05
4.4212e+05
4.4421e+05
4.464e+05
4.4867e+05
4.5102e+05
4.5346e+05
4.5596e+05
4.5854e+05
4.6118e+05
4.6388e+05
4.6664e+05
4.6946e+05
4.7232e+05
4.7522e+05
4.7817e+05
4.8115e+05
4.8416e+05
4.8719e+05
4.9025e+05
4.9332e+05
4.964e+05
4.9949e+05
5.0258e+05
5.0567e+05
5.0875e+05
5.1182e+05
5.1487e+05
5.179e+05
5.2091e+05
5.2388e+05
5.2682e+05
5.2972e+05
5.3258e+05
5.3538e+05
5.3814e+05
5.4084e+05
5.4347e+05
5.4605e+05
5.4855e+05
5.5098e+05
5.5333e+05
5.556e+05
5.5778e+05
5.5988e+05
5.6189e+05
5.638e+05
5.6561e+05
5.6732e+05
5.6892e+05
5.7042e+05
5.718e+05
5.7307e+05
5.7423e+05
5.7526e+05
5.7617e+05
5.7696e+05
5.7763e+05
5.7816e+05
5.7857e+05
5.7884e+05
5.7898e+05
5.7898e+05
5.7884e+05
5.7857e+05
5.7816e+05
5.7761e+05
5.7691e+05
5.7607e+05
5.7509e+05
5.7397e+05
5.727e+05
5.7129e+05
5.6973e+05
5.6803e+05
5.6618e+05
5.6419e+05
5.6205e+05
5.5977e+05
5.5735e+05
5.5478e+05
5.5208e+05
5.4923e+05
5.4624e+05
5.4312e+05
5.3985e+05
5.3646e+05
5.3292e+05
5.2926e+05
5.2546e+05
5.2154e+05
5.1748e+05
5.1331e+05
5.0901e+05
5.0459e+05
5.0005e+05
4.9539e+05
4.9063e+05
4.8575e+05
4.8077e+05
4.7568e+05
4.7049e+05
4.652e+05
4.5981e+05
4.5433e+05
4.4877e+05
4.4311e+05
4.3738e+05
4.3156e+05
4.2567e+05
4.1971e+05
4.1368e+05
4.0758e+05
4.0143e+05
3.9521e+05
3.8895e+05
3.8263e+05
3.7627e+05
3.6987e+05
3.6343e+05
3.5696e+05
3.5046e+05
3.4393e+05
3.3738e+05
3.3082e+05
3.2424e+05
3.1766e+05
3.1107e+05
3.0448e+05
2.979e+05
2.9132e+05
2.8476e+05
2.7821e+05
2.7169e+05
2.6519e+05
2.5872e+05
2.5229e+05
2.4589e+05
2.3954e+05
2.3324e+05
2.2698e+05
2.2078e+05
2.1464e+05
2.0856e+05
2.0255e+05
1.9661e+05
1.9075e+05
1.8496e+05
1.7926e+05
1.7365e+05
1.6812e+05
1.627e+05
1.5736e+05
1.5214e+05
1.4701e+05
1.42e+05
1.371e+05
1.3231e+05
1.2764e+05
1.231e+05
1.1868e+05
1.1439e+05
1.1023e+05
1.0621e+05
1.0232e+05
98580
94979
91525
88219
85065
82065
79220
76535
74009
71647
69449
67418
65555
63862
62341
60993
59821
58824
58004
57363
56902
56621
56521
56603
56868
57316
57948
58764
59764
60948
62317
63870
65607
67529
69634
71922
74392
77045
79878
82892
86085
89456
93004
96728
1.0063e+05
1.047e+05
1.0894e+05
1.1335e+05
1.1794e+05
1.2268e+05
1.276e+05
1.3267e+05
1.3791e+05
1.433e+05
1.4885e+05
1.5455e+05
1.6041e+05
1.6641e+05
1.7256e+05
1.7885e+05
1.8529e+05
1.9186e+05
1.9857e+05
2.0541e+05
2.1238e+05
2.1948e+05
2.267e+05
2.3405e+05
2.415e+05
2.4908e+05
2.5676e+05
2.6455e+05
2.7244e+05
2.8044e+05
2.8853e+05
2.9671e+05
3.0499e+05
3.1335e+05
3.2179e+05
3.3031e+05
3.3891e+05
3.4757e+05
3.5631e+05
3.651e+05
3.7396e+05
3.8287e+05
3.9183e+05
4.0085e+05
4.099e+05
4.19e+05
4.2813e+05
4.3729e+05
4.4648e+05
4.557e+05
4.6493e+05
4.7418e+05
4.8345e+05
4.9272e+05
5.02e+05
5.1127e+05
5.2054e+05
5.2981e+05
5.3907e+05
5.483e+05
5.5752e+05
5.6672e+05
5.7589e+05
5.8503e+05
5.9414e+05
6.0321e+05
6.1224e+05
6.2122e+05
6.3015e+05
6.3903e+05
6.4786e+05
6.5663e+05
6.6533e+05
6.7397e+05
6.8254e+05
6.9104e+05
6.9946e+05
7.078e+05
7.1606e+05
7.2424e+05
7.3233e+05
7.4032e+05
7.4823e+05
7.5603e+05
7.6374e+05
7.7135e+05
7.7885e+05
7.8625e+05
7.9353e+05
8.007e+05
8.0776e+05
8.1471e+05
8.2153e+05
8.2823e+05
8.3481e+05
8.4127e+05
8.476e+05
8.538e+05
8.5987e+05
8.658e+05
8.716e+05
8.7727e+05
8.828e+05
8.882e+05
8.9345e+05
8.9856e+05
9.0353e+05
9.0836e+05
9.1304e+05
9.1757e+05
9.2196e+05
9.2621e+05
9.303e+05
9.3425e+05
9.3804e+05
9.4169e+05
9.4518e+05
9.4853e+05
9.5172e+05
9.5476e+05
9.5765e+05
9.6039e+05
9.6298e+05
9.6541e+05
9.6769e+05
9.6982e+05
9.718e+05
9.7362e+05
9.7529e+05
9.7681e+05
9.7818e+05
9.794e+05
9.8047e+05
9.8139e+05
9.8215e+05
9.8277e+05
9.8325e+05
9.8357e+05
9.8375e+05
9.8378e+05
9.8366e+05
9.834e+05
9.83e+05
9.8246e+05
9.8177e+05
9.8094e+05
9.7998e+05
9.7887e+05
9.7763e+05
9.7625e+05
9.7474e+05
9.7309e+05
9.7131e+05
9.694e+05
9.6736e+05
9.6519e+05
9.6289e+05
9.6047e+05
9.5793e+05
9.5526e+05
9.5247e+05
9.4956e+05
9.4653e+05
9.4339e+05
9.4013e+05
9.3676e+05
9.3327e+05
9.2967e+05
9.2597e+05
9.2216e+05
9.1824e+05
9.1422e+05
9.101e+05
9.0588e+05
9.0156e+05
8.9714e+05
8.9263e+05
8.8803e+05
8.8333e+05
8.7854e+05
8.7367e+05
8.6871e+05
8.6367e+05
8.5854e+05
8.5334e+05
8.4805e+05
8.4269e+05
8.3725e+05
8.3174e+05
8.2616e+05
8.2051e+05
8.148e+05
8.0902e+05
8.0317e+05
7.9726e+05
7.9129e+05
7.8527e+05
7.7919e+05
7.7305e+05
7.6686e+05
7.6062e+05
7.5434e+05
7.48e+05
7.4162e+05
7.352e+05
7.2874e+05
7.2224e+05
7.157e+05
7.0912e+05
7.0252e+05
6.9588e+05
6.8921e+05
6.8251e+05
6.7579e+05
6.6904e+05
6.6227e+05
6.5548e+05
6.4867e+05
6.4184e+05
6.35e+05
6.2814e+05
6.2127e+05
6.1439e+05
6.075e+05
6.0061e+05
5.9371e+05
5.8681e+05
5.799e+05
5.73e+05
5.661e+05
5.592e+05
5.523e+05
5.4542e+05
5.3854e+05
5.3167e+05
5.2481e+05
5.1796e+05
5.1113e+05
5.0431e+05
4.9751e+05
4.9073e+05
4.8397e+05
4.7723e+05
4.7052e+05
4.6382e+05
4.5716e+05
4.5051e+05
4.439e+05
4.3732e+05
4.3077e+05
4.2425e+05
4.1776e+05
4.113e+05
4.0489e+05
3.985e+05
3.9216e+05
3.8585e+05
3.7959e+05
3.7336e+05
3.6718e+05
3.6103e+05
3.5494e+05
3.4888e+05
3.4287e+05
3.3691e+05
3.3099e+05
3.2513e+05
3.1931e+05
3.1354e+05
3.0782e+05
3.0215e+05
2.9653e+05
2.9096e+05
2.8545e+05
2.7999e+05
2.7458e+05
2.6923e+05
2.6393e+05
2.5869e+05
2.535e+05
2.4837e+05
2.433e+05
2.3828e+05
2.3332e+05
2.2842e+05
2.2357e+05
2.1879e+05
2.1406e+05
2.0939e+05
2.0478e+05
2.0023e+05
1.9573e+05
1.913e+05
1.8693e+05
1.8261e+05
1.7836e+05
1.7416e+05
1.7002e+05
1.6595e+05
1.6193e+05
1.5797e+05
1.5407e+05
1.5023e+05
1.4645e+05
1.4273e+05
1.3907e+05
1.3547e+05
1.3192e+05
1.2844e+05
1.2501e+05
1.2164e+05
1.1833e+05
1.1507e+05
1.1187e+05
1.0873e+05
1.0565e+05
1.0262e+05
99646
96729
93867
91061
88309
85610
82966
80375
77837
75351
72917
70535
68204
65923
63693
61512
59380
57297
55263
53276
51336
49442
47595
45794
44037
42325
40657
39032
37450
35911
34413
32956
31540
30164
28827
27530
26270
25049
23864
22716
21604
20528
19486
18478
17505
16564
15656
14780
13935
13120
12336
11582
10856
10159
9490
8848
8232.7
7643.5
7079.8
6541.1
6026.7
5536.2
5068.9
4624.3
4201.7
3800.8
3420.8
3061.3
2721.7
2401.4
2099.8
1816.6
1551
1302.6
1070.8
855.16
655.06
470.01
299.5
143
0
