15043
17864
20896
24134
27575
31212
35042
39057
43253
47623
52159
56854
61700
66690
71815
77067
82437
87915
93492
99160
1.0491e+05
1.1073e+05
1.166e+05
1.2253e+05
1.285e+05
1.345e+05
1.4052e+05
1.4655e+05
1.5258e+05
1.586e+05
1.646e+05
1.7056e+05
1.7649e+05
1.8237e+05
1.8819e+05
1.9394e+05
1.9961e+05
2.052e+05
2.1069e+05
2.1608e+05
2.2136e+05
2.2652e+05
2.3155e+05
2.3644e+05
2.412e+05
2.4581e+05
2.5026e+05
2.5455e+05
2.5868e+05
2.6264e+05
2.6642e+05
2.7003e+05
2.7345e+05
2.7668e+05
2.7972e+05
2.8257e+05
2.8523e+05
2.8768e+05
2.8994e+05
2.92e+05
2.9386e+05
2.9552e+05
2.9698e+05
2.9823e+05
2.9929e+05
3.0015e+05
3.0081e+05
3.0128e+05
3.0155e+05
3.0164e+05
3.0153e+05
3.0125e+05
3.0078e+05
3.0014e+05
2.9932e+05
2.9834e+05
2.972e+05
2.9589e+05
2.9444e+05
2.9284e+05
2.9109e+05
2.8922e+05
2.8721e+05
2.8507e+05
2.8283e+05
2.8047e+05
2.78e+05
2.7544e+05
2.7279e+05
2.7006e+05
2.6725e+05
2.6437e+05
2.6142e+05
2.5843e+05
2.5538e+05
2.523e+05
2.4918e+05
2.4603e+05
2.4286e+05
2.3968e+05
2.365e+05
2.3331e+05
2.3013e+05
2.2697e+05
2.2383e+05
2.2071e+05
2.1762e+05
2.1458e+05
2.1158e+05
2.0863e+05
2.0573e+05
2.029e+05
2.0013e+05
1.9743e+05
1.9481e+05
1.9227e+05
1.8981e+05
1.8744e+05
1.8517e+05
1.8298e+05
1.809e+05
1.7891e+05
1.7703e+05
1.7526e+05
1.7359e+05
1.7204e+05
1.7059e+05
1.6926e+05
1.6804e+05
1.6694e+05
1.6595e+05
1.6507e+05
1.6431e+05
1.6367e+05
1.6314e+05
1.6272e+05
1.6241e+05
1.6222e+05
1.6213e+05
1.6215e+05
1.6227e+05
1.625e+05
1.6282e+05
1.6325e+05
1.6376e+05
1.6437e+05
1.6506e+05
1.6584e+05
1.6669e+05
1.6763e+05
1.6863e+05
1.697e+05
1.7083e+05
1.7203e+05
1.7327e+05
1.7457e+05
1.7591e+05
1.7729e+05
1.787e+05
1.8014e+05
1.8161e+05
1.831e+05
1.846e+05
1.8611e+05
1.8763e+05
1.8915e+05
1.9066e+05
1.9216e+05
1.9365e+05
1.9512e+05
1.9656e+05
1.9797e+05
1.9935e+05
2.007e+05
2.02e+05
2.0325e+05
2.0446e+05
2.0561e+05
2.067e+05
2.0774e+05
2.0871e+05
2.0961e+05
2.1044e+05
2.112e+05
2.1189e+05
2.125e+05
2.1303e+05
2.1347e+05
2.1384e+05
2.1412e+05
2.1431e+05
2.1442e+05
2.1444e+05
2.1438e+05
2.1422e+05
2.1398e+05
2.1364e+05
2.1322e+05
2.1272e+05
2.1212e+05
2.1144e+05
2.1068e+05
2.0983e+05
2.089e+05
2.0788e+05
2.0679e+05
2.0562e+05
2.0438e+05
2.0306e+05
2.0167e+05
2.0021e+05
1.9869e+05
1.9711e+05
1.9546e+05
1.9375e+05
1.9199e+05
1.9018e+05
1.8831e+05
1.864e+05
1.8445e+05
1.8245e+05
1.8042e+05
1.7835e+05
1.7625e+05
1.7412e+05
1.7197e+05
1.6978e+05
1.6758e+05
1.6536e+05
1.6313e+05
1.6088e+05
1.5861e+05
1.5634e+05
1.5407e+05
1.5179e+05
1.495e+05
1.4722e+05
1.4494e+05
1.4266e+05
1.4038e+05
1.3811e+05
1.3585e+05
1.336e+05
1.3135e+05
1.2912e+05
1.2689e+05
1.2468e+05
1.2248e+05
1.203e+05
1.1812e+05
1.1596e+05
1.1382e+05
1.1168e+05
1.0956e+05
1.0746e+05
1.0537e+05
1.0329e+05
1.0122e+05
99165
97123
95092
93072
91063
89064
87074
85093
83121
81156
79200
77250
75308
73371
71442
69518
67600
65688
63782
61882
59988
58101
56221
54349
52485
50630
48785
46950
45128
43318
41522
39743
37980
36236
34513
32811
31134
29482
27858
26264
24702
23174
21683
20229
18816
17446
16121
14843
13614
12437
11313
10245
9234.3
8282.7
7392
6564
5800.2
5101.9
4470.4
3906.9
3412.3
2987.3
2632.6
2348.6
2135.6
1993.5
1922.3
1921.5
1990.6
2128.7
2334.8
2607.8
2946
3347.9
3811.5
4334.6
4914.9
5549.9
6236.7
6972.4
7753.7
8577.4
9439.8
10337
11266
12221
13200
14197
15208
16229
17256
18282
19305
20318
21318
22300
23258
24188
25087
25948
26769
27544
28269
28941
29556
30109
30599
31022
31375
31656
31861
31991
32042
32014
31907
31719
31450
31101
30673
30167
29585
28929
28200
27404
26542
25618
24639
23607
22528
21409
20256
19074
17872
16657
15436
14218
13013
11828
10674
9559.8
8496
7493
6561.2
5711.7
4955.5
4303.9
3768.4
3360.6
3092.2
2974.9
3020.6
3241
3648.1
4253.4
5068.8
6105.7
7375.6
8889.6
10659
12694
15005
17603
20496
23696
27210
31047
35214
39721
44573
49777
55339
61263
67556
74220
81258
88674
96469
1.0464e+05
1.132e+05
1.2213e+05
1.3145e+05
1.4114e+05
1.512e+05
1.6164e+05
1.7244e+05
1.836e+05
1.9511e+05
2.0698e+05
2.1918e+05
2.3172e+05
2.4457e+05
2.5774e+05
2.7122e+05
2.8498e+05
2.9902e+05
3.1333e+05
3.2788e+05
3.4268e+05
3.5769e+05
3.7292e+05
3.8833e+05
4.0392e+05
4.1966e+05
4.3555e+05
4.5155e+05
4.6766e+05
4.8385e+05
5.001e+05
5.164e+05
5.3272e+05
5.4904e+05
5.6534e+05
5.8161e+05
5.9782e+05
6.1395e+05
6.2997e+05
6.4588e+05
6.6164e+05
6.7723e+05
6.9264e+05
7.0785e+05
7.2283e+05
7.3756e+05
7.5203e+05
7.662e+05
7.8008e+05
7.9363e+05
8.0683e+05
8.1968e+05
8.3214e+05
8.4421e+05
8.5587e+05
8.671e+05
8.7789e+05
8.8822e+05
8.9807e+05
9.0744e+05
9.1632e+05
9.2468e+05
9.3253e+05
9.3985e+05
9.4662e+05
9.5285e+05
9.5852e+05
9.6364e+05
9.6818e+05
9.7215e+05
9.7554e+05
9.7836e+05
9.8059e+05
9.8224e+05
9.833e+05
9.8378e+05
9.8367e+05
9.8299e+05
9.8172e+05
9.7989e+05
9.7748e+05
9.7451e+05
9.7098e+05
9.669e+05
9.6228e+05
9.5713e+05
9.5145e+05
9.4525e+05
9.3855e+05
9.3136e+05
9.2369e+05
9.1555e+05
9.0696e+05
8.9792e+05
8.8846e+05
8.7859e+05
8.6832e+05
8.5767e+05
8.4665e+05
8.3529e+05
8.2359e+05
8.1158e+05
7.9927e+05
7.8668e+05
7.7383e+05
7.6074e+05
7.4741e+05
7.3388e+05
7.2016e+05
7.0627e+05
6.9222e+05
6.7804e+05
6.6373e+05
6.4933e+05
6.3484e+05
6.2029e+05
6.0569e+05
5.9105e+05
5.7641e+05
5.6176e+05
5.4713e+05
5.3254e+05
5.18e+05
5.0352e+05
4.8912e+05
4.7481e+05
4.6061e+05
4.4654e+05
4.3259e+05
4.1879e+05
4.0515e+05
3.9168e+05
3.7839e+05
3.6529e+05
3.5239e+05
3.397e+05
3.2723e+05
3.1499e+05
3.0298e+05
2.9122e+05
2.797e+05
2.6843e+05
2.5743e+05
2.4669e+05
2.3622e+05
2.2602e+05
2.1609e+05
2.0645e+05
1.9708e+05
1.88e+05
1.792e+05
1.7068e+05
1.6245e+05
1.545e+05
1.4684e+05
1.3945e+05
1.3235e+05
1.2552e+05
1.1897e+05
1.127e+05
1.0669e+05
1.0095e+05
95467
90246
85279
80560
76085
71848
67845
64069
60514
57175
54045
51118
48387
45846
43489
41308
39297
37448
35756
34213
32813
31549
30413
29400
28502
27714
27028
26438
25939
25523
25185
24919
24719
24580
24495
24461
24471
24521
24607
24722
24864
25027
25209
25404
25610
25822
26038
26255
26470
26679
26882
27074
27254
27421
27572
27706
27821
27917
27991
28043
28073
28079
28061
28019
27952
27860
27744
27603
27438
27249
27035
26799
26540
26258
25956
25632
25289
24927
24547
24150
23737
23309
22867
22412
21945
21467
20980
20484
19981
19471
18956
18437
17914
17389
16863
16337
15812
15288
14767
14249
13735
13226
12722
12225
11735
11252
10777
10311
9853.9
9406.2
8968.2
8540.3
8122.8
7715.9
7319.9
6934.8
6560.8
6197.9
5846.3
5505.8
5176.4
4858.1
4550.7
4254.1
3968.1
3692.5
3427.1
3171.6
2925.7
2689.1
2461.5
2242.5
2031.8
1829.1
1633.7
1445.5
1264
1088.7
919.24
755.15
596
441.35
290.76
143.79
0
