9.8378e+05
9.8038e+05
9.7694e+05
9.7344e+05
9.6988e+05
9.6628e+05
9.6263e+05
9.5893e+05
9.5518e+05
9.5138e+05
9.4754e+05
9.4366e+05
9.3974e+05
9.3577e+05
9.3177e+05
9.2772e+05
9.2364e+05
9.1952e+05
9.1537e+05
9.1118e+05
9.0697e+05
9.0272e+05
8.9844e+05
8.9413e+05
8.8979e+05
8.8543e+05
8.8104e+05
8.7663e+05
8.7219e+05
8.6773e+05
8.6325e+05
8.5875e+05
8.5423e+05
8.497e+05
8.4515e+05
8.4058e+05
8.3599e+05
8.314e+05
8.2679e+05
8.2217e+05
8.1754e+05
8.129e+05
8.0825e+05
8.0359e+05
7.9893e+05
7.9426e+05
7.8959e+05
7.8492e+05
7.8024e+05
7.7556e+05
7.7088e+05
7.662e+05
7.6152e+05
7.5684e+05
7.5216e+05
7.4749e+05
7.4282e+05
7.3816e+05
7.335e+05
7.2885e+05
7.2421e+05
7.1958e+05
7.1496e+05
7.1034e+05
7.0574e+05
7.0115e+05
6.9657e+05
6.92e+05
6.8745e+05
6.8291e+05
6.7839e+05
6.7388e+05
6.6939e+05
6.6491e+05
6.6045e+05
6.5602e+05
6.516e+05
6.472e+05
6.4281e+05
6.3845e+05
6.3412e+05
6.298e+05
6.255e+05
6.2123e+05
6.1698e+05
6.1276e+05
6.0856e+05
6.0438e+05
6.0023e+05
5.9611e+05
5.9201e+05
5.8793e+05
5.8389e+05
5.7987e+05
5.7588e+05
5.7192e+05
5.6799e+05
5.6408e+05
5.6021e+05
5.5636e+05
5.5255e+05
5.4876e+05
5.4501e+05
5.4129e+05
5.3759e+05
5.3393e+05
5.3031e+05
5.2671e+05
5.2315e+05
5.1962e+05
5.1612e+05
5.1265e+05
5.0922e+05
5.0582e+05
5.0246e+05
4.9913e+05
4.9583e+05
4.9257e+05
4.8934e+05
4.8615e+05
4.8299e+05
4.7987e+05
4.7678e+05
4.7373e+05
4.7071e+05
4.6773e+05
4.6478e+05
4.6187e+05
4.59e+05
4.5616e+05
4.5335e+05
4.5058e+05
4.4785e+05
4.4515e+05
4.4249e+05
4.3987e+05
4.3728e+05
4.3473e+05
4.3221e+05
4.2973e+05
4.2729e+05
4.2488e+05
4.225e+05
4.2017e+05
4.1787e+05
4.156e+05
4.1337e+05
4.1118e+05
4.0902e+05
4.069e+05
4.0481e+05
4.0276e+05
4.0074e+05
3.9876e+05
3.9681e+05
3.949e+05
3.9303e+05
3.9119e+05
3.8938e+05
3.8761e+05
3.8587e+05
3.8417e+05
3.825e+05
3.8086e+05
3.7926e+05
3.7769e+05
3.7616e+05
3.7466e+05
3.7319e+05
3.7175e+05
3.7035e+05
3.6898e+05
3.6765e+05
3.6634e+05
3.6507e+05
3.6383e+05
3.6262e+05
3.6144e+05
3.603e+05
3.5918e+05
3.581e+05
3.5704e+05
3.5602e+05
3.5503e+05
3.5406e+05
3.5313e+05
3.5222e+05
3.5135e+05
3.505e+05
3.4969e+05
3.489e+05
3.4814e+05
3.474e+05
3.467e+05
3.4602e+05
3.4537e+05
3.4475e+05
3.4415e+05
3.4358e+05
3.4304e+05
3.4252e+05
3.4203e+05
3.4156e+05
3.4112e+05
3.407e+05
3.4031e+05
3.3994e+05
3.3959e+05
3.3927e+05
3.3897e+05
3.387e+05
3.3845e+05
3.3822e+05
3.3801e+05
3.3783e+05
3.3766e+05
3.3752e+05
3.374e+05
3.373e+05
3.3722e+05
3.3716e+05
3.3712e+05
3.371e+05
3.371e+05
3.3712e+05
3.3716e+05
3.3722e+05
3.3729e+05
3.3738e+05
3.3749e+05
3.3762e+05
3.3776e+05
3.3792e+05
3.381e+05
3.3829e+05
3.385e+05
3.3872e+05
3.3896e+05
3.3921e+05
3.3948e+05
3.3976e+05
3.4006e+05
3.4037e+05
3.4069e+05
3.4103e+05
3.4138e+05
3.4174e+05
3.4212e+05
3.425e+05
3.429e+05
3.4331e+05
3.4373e+05
3.4416e+05
3.446e+05
3.4505e+05
3.4551e+05
3.4598e+05
3.4646e+05
3.4695e+05
3.4744e+05
3.4795e+05
3.4846e+05
3.4898e+05
3.4951e+05
3.5005e+05
3.5059e+05
3.5114e+05
3.517e+05
3.5226e+05
3.5283e+05
3.534e+05
3.5398e+05
3.5457e+05
3.5516e+05
3.5575e+05
3.5635e+05
3.5695e+05
3.5756e+05
3.5817e+05
3.5878e+05
3.5939e+05
3.6001e+05
3.6063e+05
3.6125e+05
3.6188e+05
3.625e+05
3.6313e+05
3.6376e+05
3.6439e+05
3.6502e+05
3.6565e+05
3.6628e+05
3.6691e+05
3.6754e+05
3.6817e+05
3.688e+05
3.6943e+05
3.7006e+05
3.7068e+05
3.7131e+05
3.7193e+05
3.7255e+05
3.7317e+05
3.7378e+05
3.7439e+05
3.75e+05
3.7561e+05
3.7621e+05
3.7681e+05
3.7741e+05
3.78e+05
3.7858e+05
3.7917e+05
3.7974e+05
3.8032e+05
3.8088e+05
3.8145e+05
3.82e+05
3.8255e+05
3.831e+05
3.8364e+05
3.8417e+05
3.847e+05
3.8522e+05
3.8573e+05
3.8624e+05
3.8674e+05
3.8723e+05
3.8772e+05
3.882e+05
3.8867e+05
3.8913e+05
3.8958e+05
3.9003e+05
3.9047e+05
3.909e+05
3.9132e+05
3.9173e+05
3.9213e+05
3.9252e+05
3.9291e+05
3.9328e+05
3.9365e+05
3.94e+05
3.9435e+05
3.9469e+05
3.9501e+05
3.9533e+05
3.9564e+05
3.9593e+05
3.9622e+05
3.9649e+05
3.9675e+05
3.9701e+05
3.9725e+05
3.9748e+05
3.977e+05
3.9791e+05
3.9811e+05
3.9829e+05
3.9847e+05
3.9863e+05
3.9878e+05
3.9892e+05
3.9904e+05
3.9916e+05
3.9926e+05
3.9935e+05
3.9943e+05
3.995e+05
3.9955e+05
3.996e+05
3.9962e+05
3.9964e+05
3.9965e+05
3.9964e+05
3.9962e+05
3.9958e+05
3.9953e+05
3.9947e+05
3.994e+05
3.9932e+05
3.9922e+05
3.9911e+05
3.9898e+05
3.9884e+05
3.9869e+05
3.9853e+05
3.9835e+05
3.9816e+05
3.9795e+05
3.9773e+05
3.975e+05
3.9726e+05
3.97e+05
3.9673e+05
3.9645e+05
3.9615e+05
3.9584e+05
3.9551e+05
3.9517e+05
3.9482e+05
3.9445e+05
3.9407e+05
3.9368e+05
3.9328e+05
3.9286e+05
3.9242e+05
3.9198e+05
3.9152e+05
3.9104e+05
3.9056e+05
3.9006e+05
3.8954e+05
3.8902e+05
3.8848e+05
3.8792e+05
3.8736e+05
3.8678e+05
3.8618e+05
3.8558e+05
3.8496e+05
3.8432e+05
3.8368e+05
3.8302e+05
3.8235e+05
3.8166e+05
3.8096e+05
3.8025e+05
3.7953e+05
3.7879e+05
3.7804e+05
3.7728e+05
3.7651e+05
3.7572e+05
3.7492e+05
3.7411e+05
3.7328e+05
3.7245e+05
3.716e+05
3.7074e+05
3.6986e+05
3.6898e+05
3.6808e+05
3.6717e+05
3.6625e+05
3.6531e+05
3.6437e+05
3.6341e+05
3.6244e+05
3.6146e+05
3.6047e+05
3.5947e+05
3.5846e+05
3.5743e+05
3.5639e+05
3.5535e+05
3.5429e+05
3.5322e+05
3.5214e+05
3.5105e+05
3.4995e+05
3.4884e+05
3.4771e+05
3.4658e+05
3.4544e+05
3.4429e+05
3.4312e+05
3.4195e+05
3.4077e+05
3.3958e+05
3.3837e+05
3.3716e+05
3.3594e+05
3.3471e+05
3.3347e+05
3.3222e+05
3.3097e+05
3.297e+05
3.2842e+05
3.2714e+05
3.2585e+05
3.2455e+05
3.2324e+05
3.2192e+05
3.2059e+05
3.1926e+05
3.1792e+05
3.1657e+05
3.1521e+05
3.1385e+05
3.1247e+05
3.1109e+05
3.0971e+05
3.0831e+05
3.0691e+05
3.055e+05
3.0409e+05
3.0267e+05
3.0124e+05
2.998e+05
2.9836e+05
2.9692e+05
2.9546e+05
2.94e+05
2.9254e+05
2.9107e+05
2.8959e+05
2.8811e+05
2.8662e+05
2.8513e+05
2.8363e+05
2.8213e+05
2.8062e+05
2.7911e+05
2.776e+05
2.7607e+05
2.7455e+05
2.7302e+05
2.7148e+05
2.6995e+05
2.684e+05
2.6686e+05
2.6531e+05
2.6376e+05
2.622e+05
2.6064e+05
2.5908e+05
2.5751e+05
2.5594e+05
2.5437e+05
2.528e+05
2.5122e+05
2.4964e+05
2.4806e+05
2.4648e+05
2.4489e+05
2.433e+05
2.4171e+05
2.4012e+05
2.3853e+05
2.3693e+05
2.3534e+05
2.3374e+05
2.3214e+05
2.3054e+05
2.2894e+05
2.2734e+05
2.2574e+05
2.2413e+05
2.2253e+05
2.2093e+05
2.1932e+05
2.1772e+05
2.1612e+05
2.1451e+05
2.1291e+05
2.1131e+05
2.097e+05
2.081e+05
2.065e+05
2.049e+05
2.033e+05
2.017e+05
2.001e+05
1.9851e+05
1.9691e+05
1.9532e+05
1.9373e+05
1.9214e+05
1.9055e+05
1.8896e+05
1.8738e+05
1.8579e+05
1.8421e+05
1.8263e+05
1.8106e+05
1.7948e+05
1.7791e+05
1.7634e+05
1.7478e+05
1.7321e+05
1.7165e+05
1.701e+05
1.6854e+05
1.6699e+05
1.6544e+05
1.639e+05
1.6236e+05
1.6082e+05
1.5929e+05
1.5776e+05
1.5623e+05
1.5471e+05
1.5319e+05
1.5167e+05
1.5016e+05
1.4866e+05
1.4716e+05
1.4566e+05
1.4417e+05
1.4268e+05
1.412e+05
1.3972e+05
1.3824e+05
1.3677e+05
1.3531e+05
1.3385e+05
1.324e+05
1.3095e+05
1.295e+05
1.2806e+05
1.2663e+05
1.252e+05
1.2378e+05
1.2236e+05
1.2095e+05
1.1955e+05
1.1815e+05
1.1675e+05
1.1537e+05
1.1398e+05
1.1261e+05
1.1124e+05
1.0987e+05
1.0852e+05
1.0717e+05
1.0582e+05
1.0448e+05
1.0315e+05
1.0182e+05
1.005e+05
99190
97883
96583
95290
94003
92723
91450
90184
88924
87672
86426
85187
83956
82731
81514
80304
79101
77905
76716
75534
74360
73193
72034
70882
69737
68600
67470
66347
65232
64125
63025
61932
60848
59770
58701
57638
56584
55537
54498
53466
52442
51426
50417
49417
48423
47438
46460
45490
44528
43573
42626
41687
40755
39831
38915
38007
37106
36213
35327
34450
33580
32717
31863
31016
30176
29345
28520
27704
26895
26093
25300
24513
23735
22963
22199
21443
20694
19953
19219
18492
17773
17061
16357
15659
14969
14287
13611
12943
12282
11628
10981
10341
9708.2
9082.4
8463.7
7851.9
7247.1
6649.2
6058.1
5473.9
4896.5
4325.8
3761.9
3204.7
2654.1
2110.2
1572.9
1042.1
517.8
0
