6.4713e+05
6.5448e+05
6.6165e+05
6.6864e+05
6.7546e+05
6.8208e+05
6.8852e+05
6.9477e+05
7.0082e+05
7.0666e+05
7.1231e+05
7.1774e+05
7.2297e+05
7.2799e+05
7.3278e+05
7.3737e+05
7.4173e+05
7.4588e+05
7.498e+05
7.535e+05
7.5697e+05
7.6022e+05
7.6324e+05
7.6604e+05
7.6862e+05
7.7096e+05
7.7308e+05
7.7498e+05
7.7665e+05
7.781e+05
7.7933e+05
7.8033e+05
7.8112e+05
7.8169e+05
7.8205e+05
7.8219e+05
7.8213e+05
7.8185e+05
7.8137e+05
7.8069e+05
7.7981e+05
7.7874e+05
7.7747e+05
7.7602e+05
7.7438e+05
7.7256e+05
7.7057e+05
7.6841e+05
7.6608e+05
7.6358e+05
7.6093e+05
7.5813e+05
7.5518e+05
7.5209e+05
7.4886e+05
7.455e+05
7.4202e+05
7.3841e+05
7.3469e+05
7.3086e+05
7.2692e+05
7.2289e+05
7.1877e+05
7.1456e+05
7.1027e+05
7.0591e+05
7.0148e+05
6.9698e+05
6.9244e+05
6.8784e+05
6.832e+05
6.7852e+05
6.7381e+05
6.6907e+05
6.6432e+05
6.5955e+05
6.5477e+05
6.4999e+05
6.4521e+05
6.4045e+05
6.3569e+05
6.3096e+05
6.2626e+05
6.2158e+05
6.1694e+05
6.1234e+05
6.0779e+05
6.0329e+05
5.9884e+05
5.9446e+05
5.9014e+05
5.8589e+05
5.8171e+05
5.7761e+05
5.7359e+05
5.6965e+05
5.6581e+05
5.6205e+05
5.5839e+05
5.5483e+05
5.5137e+05
5.4801e+05
5.4476e+05
5.4162e+05
5.3858e+05
5.3566e+05
5.3286e+05
5.3017e+05
5.2759e+05
5.2514e+05
5.228e+05
5.2059e+05
5.1849e+05
5.1652e+05
5.1466e+05
5.1293e+05
5.1133e+05
5.0984e+05
5.0847e+05
5.0723e+05
5.061e+05
5.0509e+05
5.042e+05
5.0343e+05
5.0277e+05
5.0222e+05
5.0178e+05
5.0146e+05
5.0124e+05
5.0112e+05
5.0111e+05
5.012e+05
5.0139e+05
5.0167e+05
5.0205e+05
5.0251e+05
5.0306e+05
5.0369e+05
5.044e+05
5.0519e+05
5.0605e+05
5.0698e+05
5.0797e+05
5.0903e+05
5.1014e+05
5.1131e+05
5.1253e+05
5.138e+05
5.1511e+05
5.1645e+05
5.1783e+05
5.1924e+05
5.2068e+05
5.2213e+05
5.2361e+05
5.251e+05
5.2659e+05
5.281e+05
5.296e+05
5.311e+05
5.3259e+05
5.3407e+05
5.3553e+05
5.3698e+05
5.384e+05
5.3979e+05
5.4115e+05
5.4248e+05
5.4376e+05
5.45e+05
5.4619e+05
5.4734e+05
5.4842e+05
5.4945e+05
5.5042e+05
5.5132e+05
5.5216e+05
5.5292e+05
5.5361e+05
5.5422e+05
5.5475e+05
5.5519e+05
5.5555e+05
5.5582e+05
5.56e+05
5.5608e+05
5.5607e+05
5.5596e+05
5.5574e+05
5.5543e+05
5.5501e+05
5.5448e+05
5.5385e+05
5.531e+05
5.5224e+05
5.5128e+05
5.5019e+05
5.4899e+05
5.4768e+05
5.4625e+05
5.447e+05
5.4304e+05
5.4125e+05
5.3935e+05
5.3733e+05
5.3519e+05
5.3293e+05
5.3055e+05
5.2805e+05
5.2544e+05
5.227e+05
5.1985e+05
5.1689e+05
5.1381e+05
5.1061e+05
5.073e+05
5.0388e+05
5.0035e+05
4.967e+05
4.9295e+05
4.891e+05
4.8514e+05
4.8107e+05
4.7691e+05
4.7265e+05
4.6829e+05
4.6383e+05
4.5929e+05
4.5466e+05
4.4994e+05
4.4513e+05
4.4024e+05
4.3528e+05
4.3024e+05
4.2513e+05
4.1994e+05
4.1469e+05
4.0938e+05
4.0401e+05
3.9858e+05
3.9309e+05
3.8756e+05
3.8198e+05
3.7636e+05
3.707e+05
3.65e+05
3.5927e+05
3.5351e+05
3.4773e+05
3.4193e+05
3.3611e+05
3.3028e+05
3.2444e+05
3.1859e+05
3.1275e+05
3.069e+05
3.0107e+05
2.9524e+05
2.8943e+05
2.8364e+05
2.7787e+05
2.7214e+05
2.6643e+05
2.6076e+05
2.5512e+05
2.4953e+05
2.4399e+05
2.385e+05
2.3307e+05
2.277e+05
2.2239e+05
2.1714e+05
2.1197e+05
2.0688e+05
2.0186e+05
1.9693e+05
1.9208e+05
1.8732e+05
1.8266e+05
1.781e+05
1.7364e+05
1.6928e+05
1.6503e+05
1.6089e+05
1.5687e+05
1.5297e+05
1.4919e+05
1.4553e+05
1.42e+05
1.386e+05
1.3534e+05
1.3221e+05
1.2923e+05
1.2638e+05
1.2368e+05
1.2113e+05
1.1873e+05
1.1648e+05
1.1438e+05
1.1244e+05
1.1066e+05
1.0905e+05
1.0759e+05
1.063e+05
1.0517e+05
1.0422e+05
1.0343e+05
1.0282e+05
1.0238e+05
1.0211e+05
1.0201e+05
1.021e+05
1.0236e+05
1.0279e+05
1.0341e+05
1.042e+05
1.0518e+05
1.0633e+05
1.0767e+05
1.0918e+05
1.1088e+05
1.1275e+05
1.1481e+05
1.1705e+05
1.1947e+05
1.2206e+05
1.2484e+05
1.278e+05
1.3093e+05
1.3424e+05
1.3772e+05
1.4138e+05
1.4521e+05
1.4922e+05
1.534e+05
1.5774e+05
1.6226e+05
1.6694e+05
1.7178e+05
1.7679e+05
1.8196e+05
1.8728e+05
1.9277e+05
1.984e+05
2.0419e+05
2.1013e+05
2.1622e+05
2.2245e+05
2.2882e+05
2.3533e+05
2.4197e+05
2.4875e+05
2.5566e+05
2.627e+05
2.6986e+05
2.7714e+05
2.8454e+05
2.9206e+05
2.9968e+05
3.0741e+05
3.1525e+05
3.2318e+05
3.3121e+05
3.3934e+05
3.4755e+05
3.5585e+05
3.6423e+05
3.7269e+05
3.8122e+05
3.8982e+05
3.9849e+05
4.0722e+05
4.16e+05
4.2484e+05
4.3373e+05
4.4267e+05
4.5164e+05
4.6066e+05
4.697e+05
4.7878e+05
4.8787e+05
4.9699e+05
5.0613e+05
5.1527e+05
5.2443e+05
5.3359e+05
5.4274e+05
5.519e+05
5.6104e+05
5.7017e+05
5.7928e+05
5.8837e+05
5.9744e+05
6.0648e+05
6.1548e+05
6.2445e+05
6.3337e+05
6.4225e+05
6.5108e+05
6.5985e+05
6.6857e+05
6.7723e+05
6.8582e+05
6.9435e+05
7.028e+05
7.1118e+05
7.1948e+05
7.277e+05
7.3583e+05
7.4388e+05
7.5183e+05
7.5969e+05
7.6744e+05
7.751e+05
7.8265e+05
7.901e+05
7.9743e+05
8.0466e+05
8.1176e+05
8.1875e+05
8.2562e+05
8.3236e+05
8.3898e+05
8.4547e+05
8.5183e+05
8.5806e+05
8.6415e+05
8.7011e+05
8.7593e+05
8.8161e+05
8.8714e+05
8.9254e+05
8.9778e+05
9.0288e+05
9.0784e+05
9.1264e+05
9.1729e+05
9.2179e+05
9.2614e+05
9.3034e+05
9.3438e+05
9.3826e+05
9.4198e+05
9.4555e+05
9.4896e+05
9.5222e+05
9.5531e+05
9.5824e+05
9.6102e+05
9.6363e+05
9.6609e+05
9.6838e+05
9.7052e+05
9.7249e+05
9.743e+05
9.7596e+05
9.7745e+05
9.7879e+05
9.7996e+05
9.8098e+05
9.8184e+05
9.8254e+05
9.8308e+05
9.8347e+05
9.837e+05
9.8378e+05
9.837e+05
9.8347e+05
9.8309e+05
9.8255e+05
9.8187e+05
9.8104e+05
9.8005e+05
9.7893e+05
9.7765e+05
9.7624e+05
9.7467e+05
9.7297e+05
9.7113e+05
9.6915e+05
9.6702e+05
9.6477e+05
9.6238e+05
9.5985e+05
9.572e+05
9.5441e+05
9.515e+05
9.4846e+05
9.453e+05
9.4201e+05
9.386e+05
9.3507e+05
9.3142e+05
9.2766e+05
9.2378e+05
9.1979e+05
9.1569e+05
9.1148e+05
9.0716e+05
9.0274e+05
8.9821e+05
8.9359e+05
8.8886e+05
8.8404e+05
8.7912e+05
8.7411e+05
8.6901e+05
8.6382e+05
8.5854e+05
8.5317e+05
8.4773e+05
8.422e+05
8.3659e+05
8.3091e+05
8.2515e+05
8.1932e+05
8.1341e+05
8.0744e+05
8.014e+05
7.953e+05
7.8913e+05
7.8291e+05
7.7662e+05
7.7028e+05
7.6389e+05
7.5744e+05
7.5095e+05
7.444e+05
7.3781e+05
7.3118e+05
7.245e+05
7.1779e+05
7.1104e+05
7.0425e+05
6.9743e+05
6.9058e+05
6.837e+05
6.7679e+05
6.6986e+05
6.629e+05
6.5592e+05
6.4893e+05
6.4191e+05
6.3489e+05
6.2785e+05
6.2079e+05
6.1373e+05
6.0666e+05
5.9959e+05
5.9252e+05
5.8544e+05
5.7836e+05
5.7129e+05
5.6422e+05
5.5715e+05
5.501e+05
5.4305e+05
5.3602e+05
5.2899e+05
5.2199e+05
5.15e+05
5.0803e+05
5.0108e+05
4.9415e+05
4.8724e+05
4.8036e+05
4.7351e+05
4.6669e+05
4.5989e+05
4.5313e+05
4.464e+05
4.397e+05
4.3304e+05
4.2641e+05
4.1983e+05
4.1328e+05
4.0678e+05
4.0031e+05
3.9389e+05
3.8752e+05
3.8119e+05
3.7491e+05
3.6867e+05
3.6249e+05
3.5635e+05
3.5027e+05
3.4424e+05
3.3826e+05
3.3234e+05
3.2647e+05
3.2065e+05
3.1489e+05
3.0919e+05
3.0355e+05
2.9796e+05
2.9244e+05
2.8697e+05
2.8157e+05
2.7622e+05
2.7094e+05
2.6571e+05
2.6055e+05
2.5545e+05
2.5042e+05
2.4545e+05
2.4054e+05
2.3569e+05
2.3091e+05
2.2619e+05
2.2154e+05
2.1695e+05
2.1242e+05
2.0796e+05
2.0356e+05
1.9923e+05
1.9496e+05
1.9076e+05
1.8662e+05
1.8254e+05
1.7852e+05
1.7457e+05
1.7069e+05
1.6686e+05
1.631e+05
1.594e+05
1.5576e+05
1.5219e+05
1.4867e+05
1.4522e+05
1.4182e+05
1.3849e+05
1.3522e+05
1.32e+05
1.2884e+05
1.2574e+05
1.227e+05
1.1972e+05
1.1679e+05
1.1392e+05
1.111e+05
1.0833e+05
1.0563e+05
1.0297e+05
1.0037e+05
97813
95313
92863
90463
88113
85811
83557
81350
79190
77076
75007
72982
71001
69063
67168
65314
63501
61729
59996
58302
56646
55028
53446
51901
50392
48917
47476
46069
44695
43353
42042
40763
39514
38295
37105
35943
34810
33704
32625
31572
30544
29542
28565
27611
26682
25775
24890
24028
23188
22368
21569
20790
20031
19291
18570
17867
17182
16514
15864
15230
14612
14010
13424
12853
12296
11754
11226
10711
10209
9720.8
9244.7
8780.8
8328.9
7888.4
7459.2
7040.8
6633.1
6235.6
5848.1
5470.2
5101.7
4742.3
4391.6
4049.5
3715.6
3389.6
3071.2
2760.3
2456.4
2159.5
1869.1
1585
1307.1
1035
768.46
507.28
251.2
0
