5.1175e+05
5.1727e+05
5.2263e+05
5.2783e+05
5.3286e+05
5.3773e+05
5.4243e+05
5.4695e+05
5.513e+05
5.5547e+05
5.5947e+05
5.6328e+05
5.6691e+05
5.7036e+05
5.7363e+05
5.7671e+05
5.796e+05
5.8231e+05
5.8483e+05
5.8717e+05
5.8932e+05
5.9128e+05
5.9306e+05
5.9466e+05
5.9607e+05
5.973e+05
5.9835e+05
5.9922e+05
5.9992e+05
6.0043e+05
6.0078e+05
6.0096e+05
6.0096e+05
6.008e+05
6.0048e+05
6e+05
5.9937e+05
5.9858e+05
5.9764e+05
5.9655e+05
5.9532e+05
5.9396e+05
5.9245e+05
5.9082e+05
5.8907e+05
5.8719e+05
5.8519e+05
5.8308e+05
5.8087e+05
5.7855e+05
5.7613e+05
5.7362e+05
5.7102e+05
5.6834e+05
5.6558e+05
5.6274e+05
5.5984e+05
5.5688e+05
5.5385e+05
5.5078e+05
5.4766e+05
5.445e+05
5.413e+05
5.3807e+05
5.3481e+05
5.3154e+05
5.2825e+05
5.2495e+05
5.2164e+05
5.1834e+05
5.1504e+05
5.1175e+05
5.0848e+05
5.0523e+05
5.02e+05
4.988e+05
4.9564e+05
4.9252e+05
4.8945e+05
4.8642e+05
4.8344e+05
4.8052e+05
4.7767e+05
4.7487e+05
4.7215e+05
4.695e+05
4.6692e+05
4.6443e+05
4.6201e+05
4.5968e+05
4.5745e+05
4.553e+05
4.5325e+05
4.5129e+05
4.4943e+05
4.4768e+05
4.4602e+05
4.4448e+05
4.4304e+05
4.417e+05
4.4048e+05
4.3937e+05
4.3837e+05
4.3748e+05
4.3671e+05
4.3605e+05
4.355e+05
4.3507e+05
4.3475e+05
4.3455e+05
4.3446e+05
4.3448e+05
4.3462e+05
4.3487e+05
4.3522e+05
4.3569e+05
4.3626e+05
4.3694e+05
4.3773e+05
4.3862e+05
4.3961e+05
4.4069e+05
4.4188e+05
4.4316e+05
4.4453e+05
4.4599e+05
4.4754e+05
4.4917e+05
4.5088e+05
4.5266e+05
4.5453e+05
4.5646e+05
4.5846e+05
4.6053e+05
4.6265e+05
4.6484e+05
4.6707e+05
4.6936e+05
4.7169e+05
4.7407e+05
4.7648e+05
4.7893e+05
4.814e+05
4.839e+05
4.8643e+05
4.8897e+05
4.9152e+05
4.9409e+05
4.9665e+05
4.9922e+05
5.0179e+05
5.0435e+05
5.0689e+05
5.0943e+05
5.1194e+05
5.1442e+05
5.1688e+05
5.1931e+05
5.2169e+05
5.2404e+05
5.2635e+05
5.286e+05
5.308e+05
5.3295e+05
5.3504e+05
5.3706e+05
5.3902e+05
5.409e+05
5.4271e+05
5.4445e+05
5.461e+05
5.4767e+05
5.4915e+05
5.5054e+05
5.5183e+05
5.5303e+05
5.5413e+05
5.5513e+05
5.5603e+05
5.5681e+05
5.5749e+05
5.5806e+05
5.5851e+05
5.5885e+05
5.5907e+05
5.5917e+05
5.5915e+05
5.59e+05
5.5873e+05
5.5834e+05
5.5781e+05
5.5716e+05
5.5638e+05
5.5548e+05
5.5443e+05
5.5326e+05
5.5196e+05
5.5052e+05
5.4895e+05
5.4725e+05
5.4542e+05
5.4345e+05
5.4135e+05
5.3911e+05
5.3675e+05
5.3425e+05
5.3162e+05
5.2886e+05
5.2597e+05
5.2296e+05
5.1981e+05
5.1654e+05
5.1315e+05
5.0963e+05
5.0599e+05
5.0224e+05
4.9836e+05
4.9436e+05
4.9026e+05
4.8603e+05
4.817e+05
4.7726e+05
4.7272e+05
4.6807e+05
4.6332e+05
4.5847e+05
4.5353e+05
4.485e+05
4.4337e+05
4.3816e+05
4.3286e+05
4.2748e+05
4.2203e+05
4.165e+05
4.109e+05
4.0523e+05
3.9949e+05
3.937e+05
3.8785e+05
3.8194e+05
3.7599e+05
3.6998e+05
3.6394e+05
3.5785e+05
3.5173e+05
3.4558e+05
3.3941e+05
3.332e+05
3.2698e+05
3.2074e+05
3.145e+05
3.0824e+05
3.0198e+05
2.9572e+05
2.8947e+05
2.8322e+05
2.7699e+05
2.7077e+05
2.6457e+05
2.584e+05
2.5226e+05
2.4616e+05
2.4008e+05
2.3406e+05
2.2807e+05
2.2214e+05
2.1626e+05
2.1044e+05
2.0467e+05
1.9898e+05
1.9335e+05
1.878e+05
1.8232e+05
1.7693e+05
1.7162e+05
1.664e+05
1.6127e+05
1.5623e+05
1.513e+05
1.4646e+05
1.4174e+05
1.3712e+05
1.3262e+05
1.2823e+05
1.2396e+05
1.1982e+05
1.158e+05
1.1191e+05
1.0815e+05
1.0453e+05
1.0105e+05
97701
94499
91442
88533
85775
83169
80719
78426
76292
74319
72509
70865
69387
68077
66937
65968
65172
64550
64103
63831
63737
63820
64082
64523
65144
65945
66927
68089
69433
70957
72663
74549
76616
78863
81290
83896
86681
89644
92784
96100
99591
1.0326e+05
1.0709e+05
1.111e+05
1.1528e+05
1.1963e+05
1.2415e+05
1.2883e+05
1.3367e+05
1.3868e+05
1.4384e+05
1.4917e+05
1.5464e+05
1.6028e+05
1.6606e+05
1.7199e+05
1.7807e+05
1.843e+05
1.9066e+05
1.9717e+05
2.0381e+05
2.1058e+05
2.1748e+05
2.2451e+05
2.3167e+05
2.3895e+05
2.4634e+05
2.5385e+05
2.6147e+05
2.6921e+05
2.7704e+05
2.8498e+05
2.9302e+05
3.0115e+05
3.0937e+05
3.1768e+05
3.2608e+05
3.3456e+05
3.4311e+05
3.5173e+05
3.6043e+05
3.6919e+05
3.7801e+05
3.8689e+05
3.9583e+05
4.0481e+05
4.1384e+05
4.2292e+05
4.3203e+05
4.4117e+05
4.5035e+05
4.5955e+05
4.6878e+05
4.7802e+05
4.8728e+05
4.9654e+05
5.0582e+05
5.1509e+05
5.2437e+05
5.3364e+05
5.429e+05
5.5214e+05
5.6137e+05
5.7058e+05
5.7977e+05
5.8892e+05
5.9804e+05
6.0713e+05
6.1617e+05
6.2517e+05
6.3412e+05
6.4303e+05
6.5187e+05
6.6066e+05
6.6939e+05
6.7805e+05
6.8664e+05
6.9516e+05
7.036e+05
7.1197e+05
7.2025e+05
7.2845e+05
7.3655e+05
7.4457e+05
7.5249e+05
7.6032e+05
7.6804e+05
7.7566e+05
7.8318e+05
7.9058e+05
7.9788e+05
8.0506e+05
8.1212e+05
8.1907e+05
8.2589e+05
8.3259e+05
8.3917e+05
8.4561e+05
8.5193e+05
8.5812e+05
8.6417e+05
8.7009e+05
8.7587e+05
8.8151e+05
8.8701e+05
8.9236e+05
8.9758e+05
9.0265e+05
9.0757e+05
9.1234e+05
9.1697e+05
9.2145e+05
9.2577e+05
9.2994e+05
9.3397e+05
9.3783e+05
9.4155e+05
9.451e+05
9.4851e+05
9.5175e+05
9.5485e+05
9.5778e+05
9.6056e+05
9.6318e+05
9.6564e+05
9.6795e+05
9.7009e+05
9.7208e+05
9.7392e+05
9.7559e+05
9.7711e+05
9.7847e+05
9.7968e+05
9.8073e+05
9.8162e+05
9.8236e+05
9.8294e+05
9.8337e+05
9.8365e+05
9.8378e+05
9.8375e+05
9.8357e+05
9.8325e+05
9.8277e+05
9.8214e+05
9.8137e+05
9.8045e+05
9.7939e+05
9.7819e+05
9.7684e+05
9.7535e+05
9.7372e+05
9.7195e+05
9.7004e+05
9.68e+05
9.6582e+05
9.6351e+05
9.6106e+05
9.5849e+05
9.5579e+05
9.5296e+05
9.5e+05
9.4692e+05
9.4372e+05
9.4039e+05
9.3695e+05
9.3339e+05
9.2971e+05
9.2592e+05
9.2202e+05
9.1801e+05
9.1388e+05
9.0965e+05
9.0532e+05
9.0088e+05
8.9634e+05
8.917e+05
8.8696e+05
8.8213e+05
8.772e+05
8.7218e+05
8.6707e+05
8.6187e+05
8.5658e+05
8.5121e+05
8.4576e+05
8.4023e+05
8.3462e+05
8.2893e+05
8.2317e+05
8.1733e+05
8.1142e+05
8.0545e+05
7.9941e+05
7.933e+05
7.8713e+05
7.8091e+05
7.7462e+05
7.6827e+05
7.6187e+05
7.5542e+05
7.4892e+05
7.4237e+05
7.3577e+05
7.2913e+05
7.2245e+05
7.1572e+05
7.0896e+05
7.0216e+05
6.9533e+05
6.8846e+05
6.8156e+05
6.7463e+05
6.6768e+05
6.607e+05
6.537e+05
6.4668e+05
6.3964e+05
6.3258e+05
6.2551e+05
6.1843e+05
6.1133e+05
6.0422e+05
5.9711e+05
5.8999e+05
5.8287e+05
5.7574e+05
5.6861e+05
5.6149e+05
5.5437e+05
5.4725e+05
5.4014e+05
5.3304e+05
5.2595e+05
5.1887e+05
5.1181e+05
5.0476e+05
4.9772e+05
4.9071e+05
4.8371e+05
4.7674e+05
4.6979e+05
4.6286e+05
4.5596e+05
4.4909e+05
4.4225e+05
4.3543e+05
4.2865e+05
4.219e+05
4.1519e+05
4.0851e+05
4.0187e+05
3.9527e+05
3.887e+05
3.8218e+05
3.757e+05
3.6926e+05
3.6287e+05
3.5652e+05
3.5022e+05
3.4396e+05
3.3776e+05
3.316e+05
3.2549e+05
3.1943e+05
3.1343e+05
3.0748e+05
3.0158e+05
2.9573e+05
2.8994e+05
2.8421e+05
2.7853e+05
2.7291e+05
2.6735e+05
2.6185e+05
2.564e+05
2.5102e+05
2.4569e+05
2.4042e+05
2.3522e+05
2.3008e+05
2.2499e+05
2.1997e+05
2.1502e+05
2.1012e+05
2.0529e+05
2.0052e+05
1.9581e+05
1.9117e+05
1.8659e+05
1.8208e+05
1.7763e+05
1.7324e+05
1.6891e+05
1.6466e+05
1.6046e+05
1.5633e+05
1.5226e+05
1.4826e+05
1.4432e+05
1.4045e+05
1.3663e+05
1.3289e+05
1.292e+05
1.2558e+05
1.2202e+05
1.1853e+05
1.1509e+05
1.1172e+05
1.0842e+05
1.0517e+05
1.0198e+05
98858
95794
92791
89847
86964
84139
81374
78666
76017
73425
70890
68412
65990
63623
61312
59055
56852
54703
52607
50563
48571
46631
44741
42901
41111
39370
37677
36032
34434
32883
31378
29918
28503
27132
25804
24519
23276
22075
20914
19794
18713
17671
16667
15700
14771
13877
13019
12196
11407
10652
9929.1
9238.4
8579.1
7950.5
7352
6782.8
6242.3
5729.7
5244.5
4785.8
4353.1
3945.6
3562.7
3203.7
2867.8
2554.5
2263
1992.8
1743
1513
1302.3
1110
935.58
778.36
637.68
512.89
403.36
308.44
227.49
159.89
105.01
62.237
30.953
10.551
0.43207
0
8.6675
25.854
50.985
83.496
122.83
168.43
219.76
276.28
337.47
402.82
471.81
543.95
618.75
