9.8378e+05
9.7986e+05
9.7586e+05
9.718e+05
9.6766e+05
9.6346e+05
9.5918e+05
9.5484e+05
9.5043e+05
9.4596e+05
9.4143e+05
9.3683e+05
9.3217e+05
9.2745e+05
9.2267e+05
9.1784e+05
9.1295e+05
9.08e+05
9.03e+05
8.9795e+05
8.9285e+05
8.877e+05
8.8249e+05
8.7725e+05
8.7195e+05
8.6661e+05
8.6123e+05
8.558e+05
8.5033e+05
8.4482e+05
8.3928e+05
8.3369e+05
8.2807e+05
8.2241e+05
8.1672e+05
8.11e+05
8.0524e+05
7.9946e+05
7.9364e+05
7.878e+05
7.8193e+05
7.7603e+05
7.7011e+05
7.6417e+05
7.582e+05
7.5221e+05
7.4621e+05
7.4018e+05
7.3414e+05
7.2807e+05
7.22e+05
7.1591e+05
7.098e+05
7.0369e+05
6.9756e+05
6.9142e+05
6.8527e+05
6.7912e+05
6.7296e+05
6.6679e+05
6.6062e+05
6.5444e+05
6.4826e+05
6.4208e+05
6.359e+05
6.2972e+05
6.2354e+05
6.1736e+05
6.1119e+05
6.0502e+05
5.9885e+05
5.9269e+05
5.8654e+05
5.804e+05
5.7426e+05
5.6813e+05
5.6202e+05
5.5592e+05
5.4982e+05
5.4375e+05
5.3768e+05
5.3163e+05
5.256e+05
5.1958e+05
5.1358e+05
5.076e+05
5.0164e+05
4.957e+05
4.8978e+05
4.8388e+05
4.78e+05
4.7214e+05
4.6631e+05
4.605e+05
4.5472e+05
4.4896e+05
4.4323e+05
4.3753e+05
4.3185e+05
4.262e+05
4.2058e+05
4.15e+05
4.0944e+05
4.0391e+05
3.9841e+05
3.9295e+05
3.8752e+05
3.8212e+05
3.7675e+05
3.7142e+05
3.6613e+05
3.6087e+05
3.5564e+05
3.5046e+05
3.4531e+05
3.4019e+05
3.3512e+05
3.3008e+05
3.2508e+05
3.2012e+05
3.152e+05
3.1032e+05
3.0549e+05
3.0069e+05
2.9593e+05
2.9122e+05
2.8655e+05
2.8192e+05
2.7733e+05
2.7279e+05
2.6829e+05
2.6383e+05
2.5942e+05
2.5505e+05
2.5073e+05
2.4645e+05
2.4221e+05
2.3803e+05
2.3388e+05
2.2979e+05
2.2574e+05
2.2174e+05
2.1778e+05
2.1387e+05
2.1001e+05
2.0619e+05
2.0243e+05
1.9871e+05
1.9504e+05
1.9141e+05
1.8783e+05
1.8431e+05
1.8083e+05
1.774e+05
1.7401e+05
1.7068e+05
1.674e+05
1.6416e+05
1.6097e+05
1.5783e+05
1.5474e+05
1.517e+05
1.4871e+05
1.4577e+05
1.4288e+05
1.4003e+05
1.3724e+05
1.3449e+05
1.318e+05
1.2915e+05
1.2655e+05
1.24e+05
1.215e+05
1.1905e+05
1.1665e+05
1.1429e+05
1.1199e+05
1.0973e+05
1.0752e+05
1.0536e+05
1.0325e+05
1.0119e+05
99178
97211
95293
93423
91601
89826
88098
86418
84784
83198
81658
80165
78718
77318
75963
74654
73391
72173
71000
69873
68789
67751
66756
65806
64899
64036
63216
62439
61704
61012
60362
59755
59188
58663
58179
57736
57333
56970
56647
56364
56119
55914
55747
55619
55528
55475
55459
55480
55538
55632
55762
55928
56128
56364
56634
56938
57276
57648
58053
58490
58960
59462
59995
60560
61155
61782
62438
63124
63839
64584
65357
66159
66988
67845
68729
69640
70577
71540
72528
73542
74581
75644
76731
77842
78976
80133
81312
82514
83737
84982
86247
87533
88839
90165
91511
92875
94258
95659
97078
98515
99968
1.0144e+05
1.0292e+05
1.0443e+05
1.0594e+05
1.0748e+05
1.0903e+05
1.1059e+05
1.1216e+05
1.1375e+05
1.1536e+05
1.1697e+05
1.186e+05
1.2024e+05
1.2189e+05
1.2356e+05
1.2523e+05
1.2692e+05
1.2861e+05
1.3032e+05
1.3203e+05
1.3376e+05
1.3549e+05
1.3723e+05
1.3898e+05
1.4074e+05
1.425e+05
1.4427e+05
1.4605e+05
1.4784e+05
1.4963e+05
1.5142e+05
1.5322e+05
1.5503e+05
1.5684e+05
1.5866e+05
1.6048e+05
1.623e+05
1.6413e+05
1.6595e+05
1.6779e+05
1.6962e+05
1.7146e+05
1.7329e+05
1.7513e+05
1.7697e+05
1.7881e+05
1.8065e+05
1.8249e+05
1.8433e+05
1.8617e+05
1.8801e+05
1.8985e+05
1.9169e+05
1.9352e+05
1.9536e+05
1.9719e+05
1.9901e+05
2.0084e+05
2.0266e+05
2.0448e+05
2.0629e+05
2.081e+05
2.0991e+05
2.1171e+05
2.1351e+05
2.153e+05
2.1708e+05
2.1886e+05
2.2064e+05
2.2241e+05
2.2417e+05
2.2592e+05
2.2767e+05
2.2941e+05
2.3115e+05
2.3287e+05
2.3459e+05
2.363e+05
2.38e+05
2.397e+05
2.4138e+05
2.4306e+05
2.4472e+05
2.4638e+05
2.4803e+05
2.4966e+05
2.5129e+05
2.5291e+05
2.5451e+05
2.5611e+05
2.5769e+05
2.5926e+05
2.6083e+05
2.6238e+05
2.6392e+05
2.6544e+05
2.6696e+05
2.6846e+05
2.6995e+05
2.7143e+05
2.7289e+05
2.7435e+05
2.7579e+05
2.7721e+05
2.7862e+05
2.8002e+05
2.8141e+05
2.8278e+05
2.8414e+05
2.8548e+05
2.8681e+05
2.8812e+05
2.8942e+05
2.9071e+05
2.9198e+05
2.9323e+05
2.9447e+05
2.957e+05
2.969e+05
2.981e+05
2.9928e+05
3.0044e+05
3.0159e+05
3.0272e+05
3.0383e+05
3.0493e+05
3.0601e+05
3.0708e+05
3.0813e+05
3.0916e+05
3.1018e+05
3.1118e+05
3.1216e+05
3.1313e+05
3.1408e+05
3.1501e+05
3.1592e+05
3.1682e+05
3.177e+05
3.1856e+05
3.1941e+05
3.2024e+05
3.2105e+05
3.2184e+05
3.2262e+05
3.2338e+05
3.2412e+05
3.2484e+05
3.2554e+05
3.2623e+05
3.269e+05
3.2755e+05
3.2818e+05
3.288e+05
3.2939e+05
3.2997e+05
3.3053e+05
3.3107e+05
3.316e+05
3.321e+05
3.3259e+05
3.3306e+05
3.3351e+05
3.3395e+05
3.3436e+05
3.3476e+05
3.3513e+05
3.3549e+05
3.3584e+05
3.3616e+05
3.3646e+05
3.3675e+05
3.3702e+05
3.3727e+05
3.375e+05
3.3771e+05
3.3791e+05
3.3809e+05
3.3825e+05
3.3839e+05
3.3851e+05
3.3861e+05
3.387e+05
3.3877e+05
3.3882e+05
3.3885e+05
3.3886e+05
3.3886e+05
3.3884e+05
3.388e+05
3.3874e+05
3.3867e+05
3.3857e+05
3.3846e+05
3.3833e+05
3.3819e+05
3.3802e+05
3.3784e+05
3.3764e+05
3.3742e+05
3.3719e+05
3.3694e+05
3.3667e+05
3.3639e+05
3.3608e+05
3.3576e+05
3.3543e+05
3.3507e+05
3.347e+05
3.3431e+05
3.3391e+05
3.3349e+05
3.3305e+05
3.3259e+05
3.3212e+05
3.3164e+05
3.3113e+05
3.3061e+05
3.3008e+05
3.2952e+05
3.2896e+05
3.2837e+05
3.2777e+05
3.2716e+05
3.2653e+05
3.2588e+05
3.2522e+05
3.2454e+05
3.2384e+05
3.2314e+05
3.2241e+05
3.2167e+05
3.2092e+05
3.2015e+05
3.1937e+05
3.1857e+05
3.1776e+05
3.1693e+05
3.1609e+05
3.1524e+05
3.1437e+05
3.1348e+05
3.1259e+05
3.1168e+05
3.1075e+05
3.0981e+05
3.0886e+05
3.0789e+05
3.0692e+05
3.0592e+05
3.0492e+05
3.039e+05
3.0287e+05
3.0183e+05
3.0077e+05
2.997e+05
2.9862e+05
2.9753e+05
2.9642e+05
2.9531e+05
2.9418e+05
2.9304e+05
2.9188e+05
2.9072e+05
2.8954e+05
2.8836e+05
2.8716e+05
2.8595e+05
2.8473e+05
2.835e+05
2.8226e+05
2.81e+05
2.7974e+05
2.7847e+05
2.7718e+05
2.7589e+05
2.7459e+05
2.7327e+05
2.7195e+05
2.7062e+05
2.6928e+05
2.6793e+05
2.6657e+05
2.652e+05
2.6382e+05
2.6243e+05
2.6104e+05
2.5963e+05
2.5822e+05
2.568e+05
2.5537e+05
2.5393e+05
2.5249e+05
2.5103e+05
2.4957e+05
2.4811e+05
2.4663e+05
2.4515e+05
2.4366e+05
2.4216e+05
2.4066e+05
2.3915e+05
2.3763e+05
2.3611e+05
2.3458e+05
2.3304e+05
2.315e+05
2.2996e+05
2.284e+05
2.2684e+05
2.2528e+05
2.2371e+05
2.2213e+05
2.2055e+05
2.1897e+05
2.1738e+05
2.1579e+05
2.1419e+05
2.1258e+05
2.1097e+05
2.0936e+05
2.0775e+05
2.0613e+05
2.045e+05
2.0288e+05
2.0125e+05
1.9961e+05
1.9797e+05
1.9633e+05
1.9469e+05
1.9304e+05
1.9139e+05
1.8974e+05
1.8809e+05
1.8643e+05
1.8477e+05
1.8311e+05
1.8145e+05
1.7978e+05
1.7812e+05
1.7645e+05
1.7478e+05
1.7311e+05
1.7144e+05
1.6976e+05
1.6809e+05
1.6642e+05
1.6474e+05
1.6306e+05
1.6139e+05
1.5971e+05
1.5803e+05
1.5636e+05
1.5468e+05
1.53e+05
1.5133e+05
1.4965e+05
1.4798e+05
1.463e+05
1.4463e+05
1.4295e+05
1.4128e+05
1.3961e+05
1.3794e+05
1.3627e+05
1.3461e+05
1.3294e+05
1.3128e+05
1.2962e+05
1.2796e+05
1.263e+05
1.2464e+05
1.2299e+05
1.2134e+05
1.1969e+05
1.1805e+05
1.164e+05
1.1476e+05
1.1313e+05
1.1149e+05
1.0986e+05
1.0824e+05
1.0661e+05
1.0499e+05
1.0337e+05
1.0176e+05
1.0015e+05
98546
96944
95347
93754
92165
90581
89001
87426
85855
84289
82728
81173
79622
78076
76536
75001
73472
71948
70429
68917
67410
65909
64414
62925
61442
59966
58496
57032
55574
54124
52679
51242
49811
48387
46970
45561
44158
42762
41373
39992
38618
37252
35893
34541
33198
31861
30533
29212
27900
26595
25298
24009
22729
21456
20192
18935
17688
16448
15217
13995
12781
11575
10378
9189.9
8010.3
6839.4
5677.4
4524.1
3379.7
2244.2
1117.6
0
