6.903e+05
6.962e+05
7.0209e+05
7.0798e+05
7.1387e+05
7.1977e+05
7.2567e+05
7.3158e+05
7.375e+05
7.4342e+05
7.4935e+05
7.5528e+05
7.6122e+05
7.6717e+05
7.7311e+05
7.7906e+05
7.85e+05
7.9093e+05
7.9686e+05
8.0277e+05
8.0866e+05
8.1453e+05
8.2038e+05
8.2619e+05
8.3197e+05
8.3771e+05
8.4341e+05
8.4905e+05
8.5464e+05
8.6016e+05
8.6562e+05
8.7101e+05
8.7632e+05
8.8155e+05
8.8668e+05
8.9173e+05
8.9667e+05
9.0152e+05
9.0625e+05
9.1087e+05
9.1537e+05
9.1975e+05
9.2401e+05
9.2813e+05
9.3212e+05
9.3598e+05
9.3969e+05
9.4326e+05
9.4669e+05
9.4997e+05
9.531e+05
9.5608e+05
9.589e+05
9.6157e+05
9.6409e+05
9.6645e+05
9.6866e+05
9.7071e+05
9.7261e+05
9.7435e+05
9.7594e+05
9.7738e+05
9.7867e+05
9.798e+05
9.8079e+05
9.8164e+05
9.8234e+05
9.829e+05
9.8332e+05
9.836e+05
9.8375e+05
9.8378e+05
9.8367e+05
9.8344e+05
9.8309e+05
9.8263e+05
9.8204e+05
9.8135e+05
9.8055e+05
9.7965e+05
9.7865e+05
9.7755e+05
9.7636e+05
9.7507e+05
9.7371e+05
9.7225e+05
9.7072e+05
9.6911e+05
9.6742e+05
9.6567e+05
9.6385e+05
9.6196e+05
9.6001e+05
9.58e+05
9.5593e+05
9.5381e+05
9.5163e+05
9.494e+05
9.4713e+05
9.448e+05
9.4244e+05
9.4002e+05
9.3757e+05
9.3508e+05
9.3254e+05
9.2997e+05
9.2737e+05
9.2472e+05
9.2204e+05
9.1933e+05
9.1658e+05
9.138e+05
9.1099e+05
9.0814e+05
9.0526e+05
9.0236e+05
8.9942e+05
8.9645e+05
8.9344e+05
8.9041e+05
8.8735e+05
8.8426e+05
8.8114e+05
8.7798e+05
8.748e+05
8.7159e+05
8.6834e+05
8.6507e+05
8.6177e+05
8.5843e+05
8.5507e+05
8.5168e+05
8.4826e+05
8.4481e+05
8.4133e+05
8.3783e+05
8.343e+05
8.3073e+05
8.2715e+05
8.2353e+05
8.1989e+05
8.1623e+05
8.1254e+05
8.0883e+05
8.0509e+05
8.0134e+05
7.9756e+05
7.9376e+05
7.8995e+05
7.8611e+05
7.8226e+05
7.784e+05
7.7452e+05
7.7063e+05
7.6673e+05
7.6282e+05
7.589e+05
7.5498e+05
7.5105e+05
7.4712e+05
7.4318e+05
7.3925e+05
7.3532e+05
7.3139e+05
7.2747e+05
7.2355e+05
7.1964e+05
7.1575e+05
7.1186e+05
7.0799e+05
7.0414e+05
7.003e+05
6.9648e+05
6.9269e+05
6.8892e+05
6.8517e+05
6.8145e+05
6.7775e+05
6.7409e+05
6.7046e+05
6.6686e+05
6.6329e+05
6.5976e+05
6.5627e+05
6.5282e+05
6.4941e+05
6.4604e+05
6.4271e+05
6.3942e+05
6.3619e+05
6.33e+05
6.2985e+05
6.2676e+05
6.2371e+05
6.2072e+05
6.1778e+05
6.1489e+05
6.1205e+05
6.0927e+05
6.0654e+05
6.0387e+05
6.0126e+05
5.987e+05
5.962e+05
5.9375e+05
5.9137e+05
5.8904e+05
5.8677e+05
5.8456e+05
5.8241e+05
5.8031e+05
5.7828e+05
5.7631e+05
5.7439e+05
5.7254e+05
5.7074e+05
5.69e+05
5.6733e+05
5.6571e+05
5.6415e+05
5.6264e+05
5.612e+05
5.5981e+05
5.5848e+05
5.5721e+05
5.5599e+05
5.5483e+05
5.5373e+05
5.5268e+05
5.5168e+05
5.5074e+05
5.4985e+05
5.4901e+05
5.4823e+05
5.475e+05
5.4682e+05
5.4619e+05
5.4561e+05
5.4507e+05
5.4459e+05
5.4415e+05
5.4376e+05
5.4342e+05
5.4312e+05
5.4287e+05
5.4266e+05
5.4249e+05
5.4236e+05
5.4228e+05
5.4224e+05
5.4224e+05
5.4227e+05
5.4235e+05
5.4246e+05
5.4261e+05
5.428e+05
5.4302e+05
5.4327e+05
5.4356e+05
5.4388e+05
5.4424e+05
5.4462e+05
5.4504e+05
5.4548e+05
5.4596e+05
5.4646e+05
5.4699e+05
5.4755e+05
5.4813e+05
5.4874e+05
5.4938e+05
5.5004e+05
5.5072e+05
5.5142e+05
5.5215e+05
5.529e+05
5.5367e+05
5.5446e+05
5.5527e+05
5.561e+05
5.5694e+05
5.5781e+05
5.5869e+05
5.5959e+05
5.6051e+05
5.6144e+05
5.6239e+05
5.6335e+05
5.6433e+05
5.6533e+05
5.6634e+05
5.6736e+05
5.684e+05
5.6945e+05
5.7052e+05
5.7159e+05
5.7269e+05
5.7379e+05
5.7491e+05
5.7604e+05
5.7719e+05
5.7834e+05
5.7951e+05
5.807e+05
5.819e+05
5.8311e+05
5.8433e+05
5.8557e+05
5.8683e+05
5.881e+05
5.8938e+05
5.9068e+05
5.9199e+05
5.9332e+05
5.9467e+05
5.9603e+05
5.9741e+05
5.9881e+05
6.0023e+05
6.0166e+05
6.0312e+05
6.0459e+05
6.0609e+05
6.076e+05
6.0914e+05
6.107e+05
6.1228e+05
6.1389e+05
6.1552e+05
6.1717e+05
6.1885e+05
6.2056e+05
6.2229e+05
6.2404e+05
6.2583e+05
6.2764e+05
6.2948e+05
6.3135e+05
6.3325e+05
6.3518e+05
6.3713e+05
6.3912e+05
6.4114e+05
6.4319e+05
6.4527e+05
6.4738e+05
6.4953e+05
6.517e+05
6.5391e+05
6.5614e+05
6.5841e+05
6.6071e+05
6.6304e+05
6.654e+05
6.678e+05
6.7022e+05
6.7267e+05
6.7515e+05
6.7766e+05
6.802e+05
6.8276e+05
6.8536e+05
6.8797e+05
6.9062e+05
6.9328e+05
6.9597e+05
6.9868e+05
7.0141e+05
7.0416e+05
7.0693e+05
7.0971e+05
7.1251e+05
7.1533e+05
7.1815e+05
7.2099e+05
7.2383e+05
7.2668e+05
7.2954e+05
7.324e+05
7.3527e+05
7.3813e+05
7.4099e+05
7.4385e+05
7.467e+05
7.4954e+05
7.5237e+05
7.5519e+05
7.58e+05
7.6079e+05
7.6356e+05
7.6631e+05
7.6904e+05
7.7174e+05
7.7442e+05
7.7707e+05
7.7969e+05
7.8227e+05
7.8482e+05
7.8734e+05
7.8981e+05
7.9225e+05
7.9464e+05
7.9698e+05
7.9928e+05
8.0153e+05
8.0374e+05
8.0589e+05
8.0799e+05
8.1003e+05
8.1202e+05
8.1395e+05
8.1582e+05
8.1763e+05
8.1938e+05
8.2107e+05
8.2269e+05
8.2425e+05
8.2575e+05
8.2718e+05
8.2854e+05
8.2983e+05
8.3106e+05
8.3222e+05
8.3331e+05
8.3434e+05
8.3529e+05
8.3617e+05
8.3699e+05
8.3774e+05
8.3841e+05
8.3902e+05
8.3956e+05
8.4003e+05
8.4044e+05
8.4078e+05
8.4105e+05
8.4125e+05
8.4139e+05
8.4147e+05
8.4148e+05
8.4143e+05
8.4131e+05
8.4114e+05
8.4091e+05
8.4061e+05
8.4026e+05
8.3986e+05
8.394e+05
8.3888e+05
8.3831e+05
8.3769e+05
8.3702e+05
8.363e+05
8.3554e+05
8.3473e+05
8.3387e+05
8.3297e+05
8.3203e+05
8.3105e+05
8.3002e+05
8.2896e+05
8.2787e+05
8.2673e+05
8.2557e+05
8.2437e+05
8.2313e+05
8.2187e+05
8.2058e+05
8.1926e+05
8.1791e+05
8.1654e+05
8.1514e+05
8.1372e+05
8.1228e+05
8.1081e+05
8.0932e+05
8.0781e+05
8.0628e+05
8.0474e+05
8.0317e+05
8.0159e+05
7.9999e+05
7.9837e+05
7.9674e+05
7.9509e+05
7.9342e+05
7.9174e+05
7.9005e+05
7.8834e+05
7.8662e+05
7.8489e+05
7.8314e+05
7.8137e+05
7.7959e+05
7.778e+05
7.76e+05
7.7418e+05
7.7235e+05
7.705e+05
7.6864e+05
7.6676e+05
7.6487e+05
7.6297e+05
7.6105e+05
7.5911e+05
7.5716e+05
7.5519e+05
7.5321e+05
7.5121e+05
7.4919e+05
7.4715e+05
7.4509e+05
7.4302e+05
7.4093e+05
7.3882e+05
7.3668e+05
7.3453e+05
7.3236e+05
7.3016e+05
7.2795e+05
7.2571e+05
7.2345e+05
7.2116e+05
7.1886e+05
7.1653e+05
7.1417e+05
7.1179e+05
7.0939e+05
7.0696e+05
7.0451e+05
7.0203e+05
6.9952e+05
6.9699e+05
6.9443e+05
6.9184e+05
6.8923e+05
6.8659e+05
6.8393e+05
6.8123e+05
6.7851e+05
6.7576e+05
6.7299e+05
6.7018e+05
6.6735e+05
6.6449e+05
6.616e+05
6.5868e+05
6.5574e+05
6.5277e+05
6.4977e+05
6.4674e+05
6.4369e+05
6.4061e+05
6.375e+05
6.3436e+05
6.312e+05
6.2801e+05
6.2479e+05
6.2155e+05
6.1828e+05
6.1498e+05
6.1166e+05
6.0832e+05
6.0495e+05
6.0155e+05
5.9813e+05
5.9469e+05
5.9122e+05
5.8772e+05
5.8421e+05
5.8067e+05
5.7711e+05
5.7353e+05
5.6992e+05
5.663e+05
5.6265e+05
5.5898e+05
5.5529e+05
5.5158e+05
5.4786e+05
5.4411e+05
5.4035e+05
5.3657e+05
5.3277e+05
5.2895e+05
5.2511e+05
5.2126e+05
5.174e+05
5.1352e+05
5.0962e+05
5.0571e+05
5.0179e+05
4.9785e+05
4.939e+05
4.8994e+05
4.8597e+05
4.8199e+05
4.7799e+05
4.7399e+05
4.6997e+05
4.6595e+05
4.6192e+05
4.5788e+05
4.5383e+05
4.4978e+05
4.4572e+05
4.4165e+05
4.3758e+05
4.3351e+05
4.2943e+05
4.2535e+05
4.2127e+05
4.1718e+05
4.131e+05
4.0901e+05
4.0492e+05
4.0083e+05
3.9675e+05
3.9266e+05
3.8858e+05
3.845e+05
3.8042e+05
3.7635e+05
3.7228e+05
3.6822e+05
3.6416e+05
3.6011e+05
3.5607e+05
3.5203e+05
3.48e+05
3.4398e+05
3.3997e+05
3.3597e+05
3.3198e+05
3.2799e+05
3.2402e+05
3.2006e+05
3.1611e+05
3.1218e+05
3.0825e+05
3.0434e+05
3.0045e+05
2.9656e+05
2.9269e+05
2.8884e+05
2.85e+05
2.8117e+05
2.7736e+05
2.7357e+05
2.6979e+05
2.6603e+05
2.6228e+05
2.5856e+05
2.5484e+05
2.5115e+05
2.4747e+05
2.4381e+05
2.4017e+05
2.3655e+05
2.3294e+05
2.2935e+05
2.2578e+05
2.2223e+05
2.187e+05
2.1518e+05
2.1168e+05
2.082e+05
2.0474e+05
2.013e+05
1.9788e+05
1.9447e+05
1.9108e+05
1.8771e+05
1.8436e+05
1.8103e+05
1.7772e+05
1.7442e+05
1.7115e+05
1.6789e+05
1.6465e+05
1.6142e+05
1.5822e+05
1.5503e+05
1.5186e+05
1.4871e+05
1.4558e+05
1.4247e+05
1.3937e+05
1.3629e+05
1.3323e+05
1.3019e+05
1.2716e+05
1.2416e+05
1.2117e+05
1.182e+05
1.1524e+05
1.1231e+05
1.0939e+05
1.0649e+05
1.0361e+05
1.0075e+05
97900
95073
92264
89473
86701
83947
81212
78495
75797
73118
70458
67817
65195
62592
60009
57445
54901
52377
49872
47387
44923
42479
40055
37651
35268
32906
30564
28243
25944
23665
21407
19170
16955
14761
12588
10436
8306.1
6197.4
4110.2
2044.4
0
