1.2906e+05
1.3198e+05
1.3493e+05
1.3793e+05
1.4097e+05
1.4405e+05
1.4715e+05
1.503e+05
1.5347e+05
1.5666e+05
1.5989e+05
1.6313e+05
1.664e+05
1.6969e+05
1.7299e+05
1.763e+05
1.7962e+05
1.8295e+05
1.8629e+05
1.8963e+05
1.9297e+05
1.9631e+05
1.9965e+05
2.0298e+05
2.063e+05
2.0961e+05
2.129e+05
2.1618e+05
2.1944e+05
2.2268e+05
2.2589e+05
2.2908e+05
2.3224e+05
2.3538e+05
2.3848e+05
2.4154e+05
2.4458e+05
2.4757e+05
2.5052e+05
2.5343e+05
2.563e+05
2.5912e+05
2.6189e+05
2.6462e+05
2.673e+05
2.6992e+05
2.7249e+05
2.7501e+05
2.7747e+05
2.7987e+05
2.8222e+05
2.845e+05
2.8673e+05
2.8889e+05
2.9099e+05
2.9303e+05
2.9501e+05
2.9692e+05
2.9877e+05
3.0055e+05
3.0227e+05
3.0392e+05
3.0551e+05
3.0703e+05
3.0848e+05
3.0987e+05
3.1119e+05
3.1245e+05
3.1364e+05
3.1477e+05
3.1583e+05
3.1683e+05
3.1777e+05
3.1864e+05
3.1945e+05
3.2019e+05
3.2088e+05
3.2151e+05
3.2208e+05
3.2259e+05
3.2304e+05
3.2344e+05
3.2378e+05
3.2407e+05
3.2431e+05
3.2449e+05
3.2463e+05
3.2472e+05
3.2476e+05
3.2475e+05
3.247e+05
3.2461e+05
3.2448e+05
3.2431e+05
3.2409e+05
3.2385e+05
3.2356e+05
3.2325e+05
3.229e+05
3.2252e+05
3.2211e+05
3.2168e+05
3.2121e+05
3.2073e+05
3.2022e+05
3.1969e+05
3.1914e+05
3.1857e+05
3.1798e+05
3.1738e+05
3.1676e+05
3.1613e+05
3.1549e+05
3.1484e+05
3.1417e+05
3.135e+05
3.1283e+05
3.1214e+05
3.1145e+05
3.1076e+05
3.1006e+05
3.0936e+05
3.0866e+05
3.0796e+05
3.0726e+05
3.0656e+05
3.0586e+05
3.0516e+05
3.0447e+05
3.0377e+05
3.0308e+05
3.024e+05
3.0171e+05
3.0103e+05
3.0035e+05
2.9968e+05
2.9901e+05
2.9834e+05
2.9768e+05
2.9701e+05
2.9636e+05
2.957e+05
2.9505e+05
2.9439e+05
2.9374e+05
2.9309e+05
2.9244e+05
2.9179e+05
2.9113e+05
2.9048e+05
2.8982e+05
2.8916e+05
2.8849e+05
2.8782e+05
2.8714e+05
2.8646e+05
2.8576e+05
2.8506e+05
2.8434e+05
2.8362e+05
2.8288e+05
2.8213e+05
2.8136e+05
2.8058e+05
2.7978e+05
2.7896e+05
2.7813e+05
2.7727e+05
2.7639e+05
2.755e+05
2.7457e+05
2.7362e+05
2.7265e+05
2.7165e+05
2.7063e+05
2.6957e+05
2.6849e+05
2.6737e+05
2.6622e+05
2.6505e+05
2.6384e+05
2.6259e+05
2.6131e+05
2.6e+05
2.5865e+05
2.5727e+05
2.5585e+05
2.5439e+05
2.5289e+05
2.5136e+05
2.4979e+05
2.4818e+05
2.4653e+05
2.4484e+05
2.4312e+05
2.4136e+05
2.3955e+05
2.3772e+05
2.3584e+05
2.3392e+05
2.3197e+05
2.2998e+05
2.2796e+05
2.259e+05
2.238e+05
2.2167e+05
2.195e+05
2.1731e+05
2.1508e+05
2.1282e+05
2.1053e+05
2.0821e+05
2.0586e+05
2.0349e+05
2.0109e+05
1.9867e+05
1.9622e+05
1.9375e+05
1.9126e+05
1.8876e+05
1.8623e+05
1.8369e+05
1.8114e+05
1.7858e+05
1.76e+05
1.7341e+05
1.7082e+05
1.6822e+05
1.6562e+05
1.6301e+05
1.604e+05
1.578e+05
1.5519e+05
1.5259e+05
1.5e+05
1.4742e+05
1.4484e+05
1.4228e+05
1.3972e+05
1.3719e+05
1.3467e+05
1.3216e+05
1.2968e+05
1.2722e+05
1.2478e+05
1.2236e+05
1.1997e+05
1.1761e+05
1.1527e+05
1.1297e+05
1.1069e+05
1.0845e+05
1.0624e+05
1.0406e+05
1.0192e+05
99811
97742
95711
93718
91764
89849
87975
86142
84350
82599
80890
79222
77597
76013
74471
72971
71512
70095
68718
67382
66085
64828
63610
62430
61286
60179
59108
58071
57068
56097
55158
54248
53368
52515
51689
50888
50111
49356
48622
47907
47211
46531
45867
45216
44578
43950
43332
42721
42117
41518
40923
40330
39737
39145
38550
37953
37352
36746
36134
35514
34887
34250
33604
32948
32280
31601
30909
30206
29489
28760
28017
27262
26494
25713
24920
24114
23298
22470
21633
20787
19932
19071
18204
17332
16457
15581
14705
13831
12962
12098
11242
10397
9564.1
8746.6
7947
7167.7
6411.6
5681.6
4980.6
4311.6
3677.8
3082.4
2528.7
2020.1
1560
1151.9
799.41
506.16
275.84
112.18
18.961
0
59.149
200.29
427.31
744.14
1154.7
1662.9
2272.7
2988.1
3812.8
4750.9
5806.1
6982.3
8283.4
9712.9
11275
12972
14809
16789
18916
21192
23621
26206
28951
31857
34928
38168
41577
45159
48916
52850
56964
61259
65737
70399
75247
80282
85505
90917
96520
1.0231e+05
1.0829e+05
1.1447e+05
1.2083e+05
1.2739e+05
1.3413e+05
1.4107e+05
1.4819e+05
1.555e+05
1.63e+05
1.7068e+05
1.7854e+05
1.8659e+05
1.9481e+05
2.0321e+05
2.1179e+05
2.2053e+05
2.2945e+05
2.3853e+05
2.4777e+05
2.5717e+05
2.6673e+05
2.7643e+05
2.8629e+05
2.9628e+05
3.0641e+05
3.1668e+05
3.2708e+05
3.3759e+05
3.4823e+05
3.5898e+05
3.6983e+05
3.8079e+05
3.9184e+05
4.0298e+05
4.142e+05
4.255e+05
4.3687e+05
4.483e+05
4.5979e+05
4.7132e+05
4.8291e+05
4.9452e+05
5.0617e+05
5.1783e+05
5.2951e+05
5.412e+05
5.5288e+05
5.6455e+05
5.7621e+05
5.8785e+05
5.9945e+05
6.1101e+05
6.2253e+05
6.3399e+05
6.4538e+05
6.5671e+05
6.6795e+05
6.7911e+05
6.9018e+05
7.0114e+05
7.12e+05
7.2273e+05
7.3334e+05
7.4382e+05
7.5416e+05
7.6435e+05
7.7439e+05
7.8427e+05
7.9397e+05
8.035e+05
8.1285e+05
8.2201e+05
8.3097e+05
8.3973e+05
8.4828e+05
8.5661e+05
8.6473e+05
8.7262e+05
8.8027e+05
8.8769e+05
8.9486e+05
9.0179e+05
9.0846e+05
9.1487e+05
9.2102e+05
9.269e+05
9.3252e+05
9.3785e+05
9.4291e+05
9.4768e+05
9.5217e+05
9.5638e+05
9.6029e+05
9.639e+05
9.6722e+05
9.7024e+05
9.7296e+05
9.7538e+05
9.775e+05
9.7931e+05
9.8081e+05
9.8201e+05
9.8291e+05
9.835e+05
9.8378e+05
9.8375e+05
9.8342e+05
9.8279e+05
9.8185e+05
9.8061e+05
9.7907e+05
9.7723e+05
9.7509e+05
9.7266e+05
9.6994e+05
9.6692e+05
9.6363e+05
9.6004e+05
9.5618e+05
9.5204e+05
9.4763e+05
9.4294e+05
9.38e+05
9.3279e+05
9.2732e+05
9.2161e+05
9.1564e+05
9.0944e+05
9.03e+05
8.9633e+05
8.8943e+05
8.8231e+05
8.7497e+05
8.6743e+05
8.5969e+05
8.5175e+05
8.4361e+05
8.353e+05
8.268e+05
8.1814e+05
8.0931e+05
8.0032e+05
7.9118e+05
7.819e+05
7.7247e+05
7.6292e+05
7.5324e+05
7.4345e+05
7.3355e+05
7.2354e+05
7.1344e+05
7.0325e+05
6.9297e+05
6.8262e+05
6.722e+05
6.6173e+05
6.5119e+05
6.4061e+05
6.2999e+05
6.1934e+05
6.0866e+05
5.9796e+05
5.8724e+05
5.7652e+05
5.658e+05
5.5509e+05
5.4438e+05
5.337e+05
5.2304e+05
5.1241e+05
5.0181e+05
4.9126e+05
4.8076e+05
4.7031e+05
4.5992e+05
4.496e+05
4.3934e+05
4.2916e+05
4.1906e+05
4.0904e+05
3.9911e+05
3.8928e+05
3.7954e+05
3.699e+05
3.6037e+05
3.5096e+05
3.4165e+05
3.3246e+05
3.2339e+05
3.1445e+05
3.0563e+05
2.9695e+05
2.8839e+05
2.7997e+05
2.7169e+05
2.6355e+05
2.5555e+05
2.477e+05
2.3999e+05
2.3243e+05
2.2501e+05
2.1775e+05
2.1064e+05
2.0368e+05
1.9688e+05
1.9022e+05
1.8373e+05
1.7738e+05
1.712e+05
1.6517e+05
1.5929e+05
1.5357e+05
1.48e+05
1.4259e+05
1.3733e+05
1.3222e+05
1.2727e+05
1.2246e+05
1.1781e+05
1.1331e+05
1.0895e+05
1.0474e+05
1.0068e+05
96758
92978
89338
85836
82470
79238
76138
73167
70324
67606
65010
62535
60177
57935
55805
53786
51873
50066
48360
46753
45243
43827
42501
41263
40110
39040
38049
37135
36295
35526
34824
34189
33616
33102
32646
32245
31895
31594
31340
31129
30961
30830
30737
30677
30649
30650
30678
30731
30807
30903
31017
31148
31293
31451
31620
31797
31981
32171
32365
32561
32758
32955
33149
33340
33527
33708
33882
34048
34205
34353
34489
34614
34727
34826
34912
34983
35039
35080
35105
35113
35105
35080
35037
34977
34900
34804
34691
34560
34410
34243
34058
33856
33635
33398
33143
32871
32582
32277
31956
31619
31267
30899
30517
30120
29710
29286
28849
28400
27939
27467
26983
26489
