43110
46024
49241
52758
56572
60678
65070
69743
74689
79900
85366
91079
97028
1.032e+05
1.0959e+05
1.1618e+05
1.2295e+05
1.299e+05
1.3701e+05
1.4426e+05
1.5165e+05
1.5915e+05
1.6675e+05
1.7443e+05
1.8218e+05
1.8998e+05
1.9781e+05
2.0567e+05
2.1352e+05
2.2135e+05
2.2915e+05
2.3691e+05
2.4459e+05
2.5219e+05
2.597e+05
2.6709e+05
2.7434e+05
2.8145e+05
2.884e+05
2.9518e+05
3.0176e+05
3.0814e+05
3.143e+05
3.2023e+05
3.2592e+05
3.3136e+05
3.3653e+05
3.4143e+05
3.4605e+05
3.5037e+05
3.5439e+05
3.581e+05
3.615e+05
3.6457e+05
3.6732e+05
3.6974e+05
3.7182e+05
3.7357e+05
3.7498e+05
3.7604e+05
3.7677e+05
3.7715e+05
3.7719e+05
3.769e+05
3.7627e+05
3.7531e+05
3.7402e+05
3.724e+05
3.7047e+05
3.6822e+05
3.6567e+05
3.6283e+05
3.5969e+05
3.5627e+05
3.5258e+05
3.4863e+05
3.4443e+05
3.3999e+05
3.3532e+05
3.3043e+05
3.2533e+05
3.2004e+05
3.1457e+05
3.0893e+05
3.0314e+05
2.9721e+05
2.9115e+05
2.8498e+05
2.7871e+05
2.7235e+05
2.6593e+05
2.5944e+05
2.5292e+05
2.4636e+05
2.3979e+05
2.3322e+05
2.2666e+05
2.2013e+05
2.1364e+05
2.072e+05
2.0082e+05
1.9452e+05
1.8831e+05
1.8221e+05
1.7621e+05
1.7034e+05
1.646e+05
1.59e+05
1.5355e+05
1.4827e+05
1.4316e+05
1.3822e+05
1.3347e+05
1.2891e+05
1.2455e+05
1.204e+05
1.1645e+05
1.1272e+05
1.092e+05
1.0591e+05
1.0284e+05
99994
97377
94990
92833
90905
89207
87737
86495
85477
84682
84107
83749
83603
83666
83934
84401
85062
85912
86945
88155
89536
91081
92783
94636
96633
98766
1.0103e+05
1.0341e+05
1.0591e+05
1.0852e+05
1.1122e+05
1.1402e+05
1.169e+05
1.1985e+05
1.2288e+05
1.2597e+05
1.2911e+05
1.323e+05
1.3552e+05
1.3879e+05
1.4207e+05
1.4538e+05
1.487e+05
1.5202e+05
1.5534e+05
1.5865e+05
1.6196e+05
1.6524e+05
1.6849e+05
1.7172e+05
1.7491e+05
1.7806e+05
1.8116e+05
1.8421e+05
1.872e+05
1.9013e+05
1.93e+05
1.958e+05
1.9852e+05
2.0117e+05
2.0373e+05
2.0621e+05
2.0861e+05
2.1091e+05
2.1311e+05
2.1522e+05
2.1723e+05
2.1914e+05
2.2094e+05
2.2263e+05
2.2422e+05
2.2569e+05
2.2705e+05
2.2829e+05
2.2942e+05
2.3042e+05
2.3131e+05
2.3208e+05
2.3272e+05
2.3324e+05
2.3363e+05
2.339e+05
2.3405e+05
2.3407e+05
2.3396e+05
2.3372e+05
2.3336e+05
2.3288e+05
2.3227e+05
2.3153e+05
2.3067e+05
2.2968e+05
2.2857e+05
2.2734e+05
2.2599e+05
2.2453e+05
2.2294e+05
2.2124e+05
2.1942e+05
2.175e+05
2.1546e+05
2.1332e+05
2.1108e+05
2.0873e+05
2.0629e+05
2.0375e+05
2.0112e+05
1.9841e+05
1.9561e+05
1.9273e+05
1.8978e+05
1.8675e+05
1.8366e+05
1.805e+05
1.7728e+05
1.7401e+05
1.707e+05
1.6733e+05
1.6393e+05
1.6049e+05
1.5702e+05
1.5353e+05
1.5002e+05
1.4649e+05
1.4295e+05
1.3941e+05
1.3586e+05
1.3233e+05
1.288e+05
1.2528e+05
1.2179e+05
1.1831e+05
1.1487e+05
1.1145e+05
1.0808e+05
1.0474e+05
1.0145e+05
98199
95003
91861
88775
85749
82784
79884
77049
74282
71584
68957
66401
63917
61506
59168
56903
54710
52590
50540
48562
46653
44812
43037
41328
39682
38096
36570
35101
33687
32324
31012
29747
28527
27349
26212
25112
24046
23014
22012
21039
20092
19169
18269
17389
16529
15687
14862
14053
13260
12481
11716
10966
10230
9508.7
8802.3
8111.6
7437.6
6781.2
6143.7
5526.4
4931.1
4359.3
3813
3294
2804.5
2346.6
1922.6
1534.6
1184.9
875.96
609.93
389.09
215.63
91.638
19.136
0
35.968
128.61
279.32
489.26
759.41
1090.5
1482.9
1936.8
2452.2
3028.6
3665.3
4361.2
5115
5924.9
6788.9
7704.6
8669.2
9679.7
10733
11824
12951
14107
15290
16493
17711
18940
20173
21405
22630
23841
25032
26197
27331
28425
29474
30472
31413
32290
33098
33831
34484
35052
35530
35913
36199
36383
36463
36435
36300
36054
35697
35230
34654
33969
33177
32283
31288
30199
29019
27755
26415
25004
23533
22009
20443
18846
17229
15605
13985
12385
10817
9296.8
7839.7
6461.5
5178.7
4007.8
2966.2
2071.3
1340.8
792.68
445.1
316.25
424.34
787.57
1424
2351.6
3588
5150.5
7056.2
9321.6
11963
14995
18433
22291
26582
31319
36513
42175
48314
54939
62058
69676
77798
86428
95569
1.0522e+05
1.1539e+05
1.2606e+05
1.3724e+05
1.4892e+05
1.611e+05
1.7377e+05
1.8692e+05
2.0054e+05
2.1462e+05
2.2914e+05
2.441e+05
2.5947e+05
2.7524e+05
2.914e+05
3.0791e+05
3.2476e+05
3.4193e+05
3.5939e+05
3.7713e+05
3.9511e+05
4.1331e+05
4.3169e+05
4.5025e+05
4.6893e+05
4.8772e+05
5.0658e+05
5.2549e+05
5.4441e+05
5.6331e+05
5.8216e+05
6.0092e+05
6.1957e+05
6.3806e+05
6.5638e+05
6.7448e+05
6.9234e+05
7.0992e+05
7.2718e+05
7.4411e+05
7.6067e+05
7.7683e+05
7.9255e+05
8.0782e+05
8.226e+05
8.3687e+05
8.5059e+05
8.6376e+05
8.7634e+05
8.883e+05
8.9964e+05
9.1033e+05
9.2034e+05
9.2967e+05
9.383e+05
9.4621e+05
9.5339e+05
9.5982e+05
9.6551e+05
9.7044e+05
9.746e+05
9.7799e+05
9.806e+05
9.8244e+05
9.8349e+05
9.8378e+05
9.8328e+05
9.8202e+05
9.8e+05
9.7721e+05
9.7368e+05
9.6941e+05
9.6441e+05
9.587e+05
9.5229e+05
9.4519e+05
9.3743e+05
9.2901e+05
9.1997e+05
9.1031e+05
9.0006e+05
8.8924e+05
8.7788e+05
8.6599e+05
8.536e+05
8.4074e+05
8.2743e+05
8.1369e+05
7.9956e+05
7.8506e+05
7.7022e+05
7.5506e+05
7.3962e+05
7.2391e+05
7.0797e+05
6.9182e+05
6.755e+05
6.5903e+05
6.4243e+05
6.2574e+05
6.0897e+05
5.9216e+05
5.7534e+05
5.5852e+05
5.4173e+05
5.25e+05
5.0834e+05
4.9179e+05
4.7536e+05
4.5907e+05
4.4295e+05
4.2701e+05
4.1127e+05
3.9576e+05
3.8048e+05
3.6545e+05
3.507e+05
3.3622e+05
3.2204e+05
3.0817e+05
2.9462e+05
2.814e+05
2.6851e+05
2.5597e+05
2.4378e+05
2.3196e+05
2.205e+05
2.094e+05
1.9869e+05
1.8834e+05
1.7838e+05
1.6879e+05
1.5958e+05
1.5075e+05
1.423e+05
1.3422e+05
1.2651e+05
1.1917e+05
1.1219e+05
1.0557e+05
99301
93379
87798
82549
77625
73018
68720
64722
61014
57589
54435
51543
48904
46506
44341
42397
40663
39131
37789
36626
35634
34800
34116
33571
33156
32860
32675
32590
32597
32688
32853
33084
33374
33715
34098
34518
34967
35439
35928
36428
36933
37439
37940
38432
38911
39373
39814
40232
40622
40984
41314
41611
41873
42097
42284
42432
42541
42610
42638
42627
42576
42485
42355
42187
41982
41740
41464
41154
40811
40438
40036
39606
39151
38672
38172
37651
37112
36557
35989
35408
34817
34218
33613
33004
32392
31780
31169
30561
29957
29360
28770
28190
27620
27062
26517
25986
25470
24971
24488
24022
23575
23147
22738
22348
21979
21629
21299
20990
20700
20430
20180
19948
19735
19541
19363
19203
19059
18931
18817
18716
18629
18553
18488
18433
18387
18349
18317
18290
18268
18250
18233
18218
18202
18186
18167
18145
18119
18088
18051
18007
17955
17895
17825
17745
17655
17553
17440
17314
17175
17024
16860
16681
16490
16284
16065
15833
15586
15327
15054
14769
14471
14161
13839
