2.0603e+05
2.1106e+05
2.1605e+05
2.2102e+05
2.2595e+05
2.3084e+05
2.3567e+05
2.4045e+05
2.4518e+05
2.4983e+05
2.5441e+05
2.5892e+05
2.6335e+05
2.6769e+05
2.7194e+05
2.761e+05
2.8016e+05
2.8411e+05
2.8796e+05
2.9171e+05
2.9534e+05
2.9885e+05
3.0225e+05
3.0553e+05
3.0869e+05
3.1172e+05
3.1463e+05
3.1742e+05
3.2008e+05
3.2261e+05
3.2501e+05
3.2729e+05
3.2944e+05
3.3146e+05
3.3335e+05
3.3511e+05
3.3675e+05
3.3827e+05
3.3967e+05
3.4094e+05
3.4209e+05
3.4313e+05
3.4405e+05
3.4486e+05
3.4556e+05
3.4616e+05
3.4665e+05
3.4704e+05
3.4733e+05
3.4754e+05
3.4765e+05
3.4767e+05
3.4761e+05
3.4748e+05
3.4727e+05
3.4699e+05
3.4665e+05
3.4624e+05
3.4578e+05
3.4527e+05
3.4471e+05
3.441e+05
3.4346e+05
3.4279e+05
3.4208e+05
3.4135e+05
3.406e+05
3.3984e+05
3.3906e+05
3.3828e+05
3.3749e+05
3.3671e+05
3.3593e+05
3.3517e+05
3.3442e+05
3.3369e+05
3.3298e+05
3.323e+05
3.3165e+05
3.3103e+05
3.3045e+05
3.2991e+05
3.2942e+05
3.2897e+05
3.2857e+05
3.2823e+05
3.2794e+05
3.277e+05
3.2753e+05
3.2742e+05
3.2737e+05
3.2739e+05
3.2748e+05
3.2763e+05
3.2785e+05
3.2815e+05
3.2851e+05
3.2895e+05
3.2945e+05
3.3003e+05
3.3069e+05
3.3141e+05
3.3221e+05
3.3307e+05
3.3401e+05
3.3502e+05
3.3609e+05
3.3724e+05
3.3845e+05
3.3972e+05
3.4106e+05
3.4245e+05
3.4391e+05
3.4542e+05
3.4698e+05
3.486e+05
3.5027e+05
3.5198e+05
3.5374e+05
3.5553e+05
3.5737e+05
3.5924e+05
3.6114e+05
3.6306e+05
3.6502e+05
3.6699e+05
3.6898e+05
3.7098e+05
3.73e+05
3.7502e+05
3.7704e+05
3.7906e+05
3.8108e+05
3.8309e+05
3.8508e+05
3.8706e+05
3.8902e+05
3.9096e+05
3.9287e+05
3.9474e+05
3.9659e+05
3.9839e+05
4.0015e+05
4.0187e+05
4.0353e+05
4.0514e+05
4.067e+05
4.082e+05
4.0963e+05
4.11e+05
4.1231e+05
4.1354e+05
4.1469e+05
4.1577e+05
4.1677e+05
4.1769e+05
4.1852e+05
4.1927e+05
4.1993e+05
4.205e+05
4.2098e+05
4.2136e+05
4.2165e+05
4.2184e+05
4.2194e+05
4.2193e+05
4.2183e+05
4.2163e+05
4.2132e+05
4.2091e+05
4.2041e+05
4.1979e+05
4.1908e+05
4.1827e+05
4.1735e+05
4.1633e+05
4.1522e+05
4.14e+05
4.1268e+05
4.1126e+05
4.0975e+05
4.0814e+05
4.0644e+05
4.0464e+05
4.0275e+05
4.0077e+05
3.987e+05
3.9655e+05
3.9431e+05
3.9199e+05
3.8959e+05
3.8711e+05
3.8456e+05
3.8193e+05
3.7923e+05
3.7647e+05
3.7364e+05
3.7075e+05
3.6779e+05
3.6479e+05
3.6172e+05
3.5861e+05
3.5545e+05
3.5224e+05
3.4899e+05
3.457e+05
3.4238e+05
3.3902e+05
3.3563e+05
3.3221e+05
3.2877e+05
3.2531e+05
3.2183e+05
3.1834e+05
3.1483e+05
3.1132e+05
3.0779e+05
3.0426e+05
3.0074e+05
2.9721e+05
2.9368e+05
2.9017e+05
2.8666e+05
2.8316e+05
2.7968e+05
2.7621e+05
2.7276e+05
2.6933e+05
2.6592e+05
2.6254e+05
2.5918e+05
2.5585e+05
2.5255e+05
2.4928e+05
2.4604e+05
2.4284e+05
2.3967e+05
2.3653e+05
2.3344e+05
2.3038e+05
2.2735e+05
2.2437e+05
2.2143e+05
2.1852e+05
2.1566e+05
2.1284e+05
2.1006e+05
2.0732e+05
2.0462e+05
2.0196e+05
1.9934e+05
1.9677e+05
1.9423e+05
1.9173e+05
1.8927e+05
1.8685e+05
1.8447e+05
1.8212e+05
1.7981e+05
1.7754e+05
1.753e+05
1.7309e+05
1.7091e+05
1.6876e+05
1.6664e+05
1.6455e+05
1.6248e+05
1.6044e+05
1.5842e+05
1.5643e+05
1.5445e+05
1.5249e+05
1.5055e+05
1.4863e+05
1.4672e+05
1.4482e+05
1.4293e+05
1.4106e+05
1.3919e+05
1.3732e+05
1.3547e+05
1.3361e+05
1.3176e+05
1.299e+05
1.2805e+05
1.2619e+05
1.2433e+05
1.2246e+05
1.2059e+05
1.1871e+05
1.1682e+05
1.1492e+05
1.1301e+05
1.1109e+05
1.0916e+05
1.0722e+05
1.0526e+05
1.0329e+05
1.013e+05
99296
97279
95246
93198
91135
89056
86963
84855
82733
80597
78448
76288
74116
71934
69744
67546
65341
63132
60919
58706
56492
54281
52074
49874
47682
45502
43335
41185
39053
36943
34857
32799
30771
28776
26818
24900
23025
21197
19419
17694
16026
14419
12876
11401
9997.9
8670.2
7421.6
6256.1
5177.4
4189.2
3295.5
2500
1806.6
1219
741.04
376.45
128.96
2.255
0
125.8
383.22
775.75
1306.8
1979.9
2798.2
3764.9
4883.3
6156.4
7587.1
9178.4
10933
12854
14943
17203
19636
22245
25032
27998
31145
34475
37990
41691
45580
49656
53921
58377
63023
67860
72889
78109
83520
89122
94916
1.009e+05
1.0707e+05
1.1343e+05
1.1998e+05
1.2672e+05
1.3364e+05
1.4074e+05
1.4803e+05
1.5549e+05
1.6313e+05
1.7095e+05
1.7894e+05
1.871e+05
1.9542e+05
2.0391e+05
2.1256e+05
2.2137e+05
2.3033e+05
2.3945e+05
2.4871e+05
2.5811e+05
2.6765e+05
2.7733e+05
2.8713e+05
2.9706e+05
3.0711e+05
3.1728e+05
3.2756e+05
3.3794e+05
3.4843e+05
3.5901e+05
3.6967e+05
3.8043e+05
3.9126e+05
4.0216e+05
4.1314e+05
4.2417e+05
4.3526e+05
4.4639e+05
4.5757e+05
4.6879e+05
4.8003e+05
4.913e+05
5.0259e+05
5.1388e+05
5.2518e+05
5.3648e+05
5.4777e+05
5.5904e+05
5.703e+05
5.8152e+05
5.927e+05
6.0385e+05
6.1494e+05
6.2598e+05
6.3696e+05
6.4787e+05
6.587e+05
6.6945e+05
6.8011e+05
6.9068e+05
7.0115e+05
7.115e+05
7.2175e+05
7.3187e+05
7.4187e+05
7.5173e+05
7.6146e+05
7.7104e+05
7.8047e+05
7.8974e+05
7.9886e+05
8.078e+05
8.1658e+05
8.2517e+05
8.3358e+05
8.4181e+05
8.4984e+05
8.5768e+05
8.6531e+05
8.7273e+05
8.7995e+05
8.8695e+05
8.9373e+05
9.0028e+05
9.0661e+05
9.1271e+05
9.1858e+05
9.2421e+05
9.296e+05
9.3474e+05
9.3964e+05
9.4429e+05
9.487e+05
9.5284e+05
9.5674e+05
9.6037e+05
9.6375e+05
9.6687e+05
9.6973e+05
9.7232e+05
9.7465e+05
9.7672e+05
9.7852e+05
9.8006e+05
9.8134e+05
9.8234e+05
9.8309e+05
9.8356e+05
9.8378e+05
9.8373e+05
9.8341e+05
9.8284e+05
9.82e+05
9.8091e+05
9.7956e+05
9.7795e+05
9.7609e+05
9.7397e+05
9.7161e+05
9.6899e+05
9.6614e+05
9.6303e+05
9.5969e+05
9.5612e+05
9.5231e+05
9.4826e+05
9.4399e+05
9.395e+05
9.3479e+05
9.2986e+05
9.2471e+05
9.1936e+05
9.138e+05
9.0805e+05
9.0209e+05
8.9595e+05
8.8961e+05
8.8309e+05
8.764e+05
8.6953e+05
8.6249e+05
8.5529e+05
8.4792e+05
8.4041e+05
8.3274e+05
8.2493e+05
8.1698e+05
8.089e+05
8.0068e+05
7.9235e+05
7.839e+05
7.7533e+05
7.6666e+05
7.5788e+05
7.4901e+05
7.4005e+05
7.31e+05
7.2187e+05
7.1267e+05
7.0339e+05
6.9406e+05
6.8466e+05
6.7521e+05
6.6572e+05
6.5618e+05
6.466e+05
6.3699e+05
6.2736e+05
6.177e+05
6.0803e+05
5.9834e+05
5.8865e+05
5.7896e+05
5.6927e+05
5.5959e+05
5.4993e+05
5.4028e+05
5.3066e+05
5.2106e+05
5.1149e+05
5.0196e+05
4.9248e+05
4.8303e+05
4.7364e+05
4.643e+05
4.5501e+05
4.4579e+05
4.3663e+05
4.2755e+05
4.1853e+05
4.0959e+05
4.0073e+05
3.9195e+05
3.8326e+05
3.7466e+05
3.6615e+05
3.5773e+05
3.4941e+05
3.412e+05
3.3308e+05
3.2507e+05
3.1717e+05
3.0938e+05
3.017e+05
2.9414e+05
2.8669e+05
2.7936e+05
2.7215e+05
2.6506e+05
2.5809e+05
2.5125e+05
2.4453e+05
2.3794e+05
2.3147e+05
2.2514e+05
2.1893e+05
2.1285e+05
2.069e+05
2.0109e+05
1.954e+05
1.8985e+05
1.8442e+05
1.7913e+05
1.7397e+05
1.6895e+05
1.6405e+05
1.5928e+05
1.5465e+05
1.5014e+05
1.4577e+05
1.4152e+05
1.374e+05
1.3341e+05
1.2954e+05
1.258e+05
1.2218e+05
1.1869e+05
1.1532e+05
1.1207e+05
1.0894e+05
1.0592e+05
1.0302e+05
1.0024e+05
97569
95010
92561
90220
87985
85854
83826
81898
80069
78336
76698
75152
73696
72329
71047
69849
68733
67696
66737
65852
65040
64298
63624
63016
62472
61989
61565
61197
60884
60624
60413
60250
60132
60057
60024
60029
60071
60148
60257
60397
60565
60759
60978
61218
61479
61759
62055
62366
62690
63025
63369
63721
64080
64442
64808
65174
65541
65906
66268
66626
66978
67323
67660
67987
68304
68609
68902
69181
69445
69694
69927
70142
70339
70518
70677
70816
70934
71032
71108
71161
71192
71200
71185
71147
71084
70998
70887
70753
70593
70410
70202
69969
69713
69432
69127
68798
68445
68069
67669
67247
66802
66334
65845
65334
64802
64249
