2.083e+05
2.1391e+05
2.1953e+05
2.2514e+05
2.3074e+05
2.3631e+05
2.4185e+05
2.4736e+05
2.5282e+05
2.5824e+05
2.636e+05
2.6889e+05
2.7412e+05
2.7928e+05
2.8436e+05
2.8935e+05
2.9425e+05
2.9906e+05
3.0377e+05
3.0837e+05
3.1286e+05
3.1725e+05
3.2151e+05
3.2565e+05
3.2967e+05
3.3357e+05
3.3733e+05
3.4096e+05
3.4446e+05
3.4782e+05
3.5104e+05
3.5412e+05
3.5706e+05
3.5985e+05
3.625e+05
3.6501e+05
3.6738e+05
3.696e+05
3.7167e+05
3.7361e+05
3.754e+05
3.7705e+05
3.7856e+05
3.7993e+05
3.8116e+05
3.8226e+05
3.8323e+05
3.8406e+05
3.8477e+05
3.8535e+05
3.8582e+05
3.8616e+05
3.8639e+05
3.865e+05
3.8651e+05
3.8641e+05
3.8621e+05
3.8592e+05
3.8553e+05
3.8506e+05
3.845e+05
3.8387e+05
3.8315e+05
3.8237e+05
3.8153e+05
3.8062e+05
3.7966e+05
3.7865e+05
3.7759e+05
3.765e+05
3.7536e+05
3.742e+05
3.73e+05
3.7179e+05
3.7056e+05
3.6932e+05
3.6807e+05
3.6682e+05
3.6557e+05
3.6433e+05
3.6309e+05
3.6187e+05
3.6067e+05
3.595e+05
3.5835e+05
3.5723e+05
3.5614e+05
3.551e+05
3.5409e+05
3.5313e+05
3.5221e+05
3.5135e+05
3.5054e+05
3.4978e+05
3.4908e+05
3.4844e+05
3.4787e+05
3.4735e+05
3.4691e+05
3.4653e+05
3.4621e+05
3.4597e+05
3.458e+05
3.4569e+05
3.4566e+05
3.457e+05
3.4581e+05
3.46e+05
3.4625e+05
3.4658e+05
3.4697e+05
3.4744e+05
3.4797e+05
3.4857e+05
3.4923e+05
3.4996e+05
3.5076e+05
3.5161e+05
3.5252e+05
3.5349e+05
3.5452e+05
3.5559e+05
3.5672e+05
3.579e+05
3.5911e+05
3.6037e+05
3.6167e+05
3.6301e+05
3.6437e+05
3.6577e+05
3.6719e+05
3.6864e+05
3.701e+05
3.7158e+05
3.7307e+05
3.7457e+05
3.7608e+05
3.7759e+05
3.7909e+05
3.8059e+05
3.8208e+05
3.8356e+05
3.8503e+05
3.8647e+05
3.8789e+05
3.8928e+05
3.9064e+05
3.9197e+05
3.9326e+05
3.9451e+05
3.9571e+05
3.9687e+05
3.9798e+05
3.9904e+05
4.0004e+05
4.0098e+05
4.0186e+05
4.0268e+05
4.0343e+05
4.0411e+05
4.0472e+05
4.0526e+05
4.0572e+05
4.0611e+05
4.0641e+05
4.0664e+05
4.0679e+05
4.0685e+05
4.0683e+05
4.0672e+05
4.0652e+05
4.0624e+05
4.0588e+05
4.0542e+05
4.0487e+05
4.0424e+05
4.0352e+05
4.027e+05
4.018e+05
4.0082e+05
3.9974e+05
3.9858e+05
3.9733e+05
3.9599e+05
3.9457e+05
3.9307e+05
3.9148e+05
3.8981e+05
3.8807e+05
3.8624e+05
3.8434e+05
3.8237e+05
3.8032e+05
3.782e+05
3.7601e+05
3.7376e+05
3.7144e+05
3.6906e+05
3.6661e+05
3.6411e+05
3.6156e+05
3.5895e+05
3.5629e+05
3.5359e+05
3.5084e+05
3.4804e+05
3.4521e+05
3.4234e+05
3.3943e+05
3.365e+05
3.3353e+05
3.3054e+05
3.2752e+05
3.2448e+05
3.2142e+05
3.1834e+05
3.1526e+05
3.1216e+05
3.0905e+05
3.0593e+05
3.0281e+05
2.9969e+05
2.9657e+05
2.9346e+05
2.9034e+05
2.8724e+05
2.8414e+05
2.8106e+05
2.7798e+05
2.7493e+05
2.7188e+05
2.6886e+05
2.6586e+05
2.6287e+05
2.5991e+05
2.5697e+05
2.5406e+05
2.5117e+05
2.4831e+05
2.4548e+05
2.4267e+05
2.399e+05
2.3715e+05
2.3444e+05
2.3175e+05
2.2909e+05
2.2647e+05
2.2388e+05
2.2131e+05
2.1878e+05
2.1628e+05
2.1381e+05
2.1137e+05
2.0896e+05
2.0658e+05
2.0423e+05
2.0191e+05
1.9961e+05
1.9734e+05
1.9509e+05
1.9288e+05
1.9068e+05
1.8851e+05
1.8635e+05
1.8422e+05
1.8211e+05
1.8002e+05
1.7794e+05
1.7588e+05
1.7383e+05
1.718e+05
1.6977e+05
1.6776e+05
1.6575e+05
1.6376e+05
1.6176e+05
1.5978e+05
1.5779e+05
1.5581e+05
1.5383e+05
1.5184e+05
1.4986e+05
1.4786e+05
1.4587e+05
1.4387e+05
1.4186e+05
1.3984e+05
1.3781e+05
1.3578e+05
1.3373e+05
1.3166e+05
1.2959e+05
1.275e+05
1.2539e+05
1.2327e+05
1.2114e+05
1.1898e+05
1.1681e+05
1.1462e+05
1.1242e+05
1.102e+05
1.0796e+05
1.057e+05
1.0342e+05
1.0113e+05
98821
96495
94154
91798
89429
87046
84650
82244
79828
77404
74973
72536
70096
67654
65212
62773
60337
57908
55487
53078
50682
48303
45942
43603
41289
39002
36746
34524
32338
30193
28091
26035
24031
22079
20186
18353
16584
14884
13255
11702
10229
8838.3
7534.7
6321.6
5203
4182.5
3263.9
2451.1
1747.6
1157.2
683.68
330.56
101.48
0
29.623
193.8
495.93
939.34
1527.3
2262.9
3149.4
4189.7
5386.7
6743.4
8262.3
9946.3
11798
13819
16012
18380
20924
23647
26550
29634
32902
36355
39993
43819
47832
52034
56426
61008
65780
70742
75894
81237
86770
92493
98404
1.045e+05
1.1079e+05
1.1726e+05
1.2392e+05
1.3076e+05
1.3778e+05
1.4498e+05
1.5236e+05
1.5991e+05
1.6764e+05
1.7553e+05
1.836e+05
1.9183e+05
2.0022e+05
2.0878e+05
2.1748e+05
2.2634e+05
2.3535e+05
2.4451e+05
2.538e+05
2.6323e+05
2.728e+05
2.825e+05
2.9231e+05
3.0225e+05
3.1231e+05
3.2247e+05
3.3274e+05
3.4311e+05
3.5357e+05
3.6413e+05
3.7477e+05
3.8549e+05
3.9628e+05
4.0714e+05
4.1806e+05
4.2904e+05
4.4007e+05
4.5114e+05
4.6225e+05
4.7339e+05
4.8456e+05
4.9575e+05
5.0695e+05
5.1816e+05
5.2937e+05
5.4058e+05
5.5177e+05
5.6295e+05
5.741e+05
5.8522e+05
5.963e+05
6.0733e+05
6.1832e+05
6.2925e+05
6.4012e+05
6.5092e+05
6.6164e+05
6.7227e+05
6.8282e+05
6.9328e+05
7.0363e+05
7.1388e+05
7.2401e+05
7.3403e+05
7.4391e+05
7.5367e+05
7.6329e+05
7.7277e+05
7.8209e+05
7.9127e+05
8.0028e+05
8.0913e+05
8.1781e+05
8.2632e+05
8.3464e+05
8.4278e+05
8.5073e+05
8.5849e+05
8.6604e+05
8.7339e+05
8.8054e+05
8.8747e+05
8.9419e+05
9.0069e+05
9.0696e+05
9.1301e+05
9.1882e+05
9.2441e+05
9.2975e+05
9.3486e+05
9.3973e+05
9.4435e+05
9.4872e+05
9.5284e+05
9.5672e+05
9.6033e+05
9.637e+05
9.6681e+05
9.6965e+05
9.7224e+05
9.7457e+05
9.7664e+05
9.7845e+05
9.7999e+05
9.8128e+05
9.823e+05
9.8305e+05
9.8355e+05
9.8378e+05
9.8375e+05
9.8346e+05
9.829e+05
9.8209e+05
9.8103e+05
9.797e+05
9.7812e+05
9.7629e+05
9.7421e+05
9.7187e+05
9.6929e+05
9.6647e+05
9.634e+05
9.601e+05
9.5655e+05
9.5277e+05
9.4877e+05
9.4453e+05
9.4007e+05
9.3539e+05
9.3049e+05
9.2538e+05
9.2006e+05
9.1453e+05
9.088e+05
9.0287e+05
8.9675e+05
8.9044e+05
8.8394e+05
8.7727e+05
8.7042e+05
8.634e+05
8.5621e+05
8.4886e+05
8.4136e+05
8.337e+05
8.259e+05
8.1795e+05
8.0987e+05
8.0166e+05
7.9333e+05
7.8487e+05
7.763e+05
7.6762e+05
7.5884e+05
7.4995e+05
7.4098e+05
7.3191e+05
7.2276e+05
7.1354e+05
7.0424e+05
6.9488e+05
6.8546e+05
6.7598e+05
6.6645e+05
6.5687e+05
6.4726e+05
6.3761e+05
6.2793e+05
6.1823e+05
6.0851e+05
5.9878e+05
5.8904e+05
5.793e+05
5.6955e+05
5.5982e+05
5.5009e+05
5.4039e+05
5.307e+05
5.2104e+05
5.114e+05
5.0181e+05
4.9225e+05
4.8273e+05
4.7327e+05
4.6385e+05
4.5449e+05
4.4519e+05
4.3596e+05
4.2679e+05
4.1769e+05
4.0867e+05
3.9973e+05
3.9086e+05
3.8209e+05
3.734e+05
3.648e+05
3.5629e+05
3.4789e+05
3.3958e+05
3.3137e+05
3.2327e+05
3.1528e+05
3.074e+05
2.9963e+05
2.9197e+05
2.8443e+05
2.77e+05
2.697e+05
2.6251e+05
2.5545e+05
2.4851e+05
2.417e+05
2.3501e+05
2.2845e+05
2.2202e+05
2.1572e+05
2.0955e+05
2.0351e+05
1.976e+05
1.9182e+05
1.8618e+05
1.8066e+05
1.7528e+05
1.7003e+05
1.6492e+05
1.5993e+05
1.5508e+05
1.5035e+05
1.4576e+05
1.413e+05
1.3697e+05
1.3277e+05
1.2869e+05
1.2474e+05
1.2092e+05
1.1723e+05
1.1366e+05
1.1021e+05
1.0688e+05
1.0368e+05
1.0059e+05
97618
94765
92025
89398
86883
84476
82178
79984
77895
75907
74020
72230
70536
68936
67427
66008
64676
63429
62264
61181
60176
59247
58392
57608
56894
56247
55664
55143
54683
54280
53933
53639
53396
53201
53053
52948
52886
52863
52878
52928
53011
53125
53268
53438
53633
53851
54089
54347
54621
54911
55214
55529
55853
56186
56525
56868
57215
57564
57912
58260
58605
58945
59280
59609
59930
60241
60543
60833
61111
61375
61626
61861
62080
62283
62468
62635
62782
62911
63019
63107
63174
63220
63243
63245
63224
63181
63114
63025
62912
62776
62617
62435
62229
62000
61748
61473
61176
60856
60513
60149
59763
59355
58926
58477
58008
57518
