1.7964e+05
1.8395e+05
1.8826e+05
1.9254e+05
1.9681e+05
2.0104e+05
2.0525e+05
2.0941e+05
2.1353e+05
2.1761e+05
2.2163e+05
2.2559e+05
2.295e+05
2.3333e+05
2.371e+05
2.4079e+05
2.4441e+05
2.4794e+05
2.5139e+05
2.5475e+05
2.5802e+05
2.612e+05
2.6428e+05
2.6727e+05
2.7016e+05
2.7295e+05
2.7563e+05
2.7822e+05
2.8069e+05
2.8307e+05
2.8534e+05
2.875e+05
2.8956e+05
2.9151e+05
2.9336e+05
2.951e+05
2.9675e+05
2.9829e+05
2.9972e+05
3.0107e+05
3.0231e+05
3.0346e+05
3.0451e+05
3.0548e+05
3.0635e+05
3.0714e+05
3.0785e+05
3.0848e+05
3.0904e+05
3.0952e+05
3.0993e+05
3.1027e+05
3.1055e+05
3.1078e+05
3.1095e+05
3.1107e+05
3.1114e+05
3.1117e+05
3.1116e+05
3.1112e+05
3.1105e+05
3.1095e+05
3.1083e+05
3.107e+05
3.1055e+05
3.104e+05
3.1024e+05
3.1008e+05
3.0993e+05
3.0979e+05
3.0966e+05
3.0955e+05
3.0946e+05
3.0939e+05
3.0936e+05
3.0936e+05
3.0939e+05
3.0947e+05
3.0959e+05
3.0976e+05
3.0997e+05
3.1025e+05
3.1057e+05
3.1096e+05
3.1141e+05
3.1192e+05
3.125e+05
3.1314e+05
3.1386e+05
3.1465e+05
3.1551e+05
3.1645e+05
3.1746e+05
3.1855e+05
3.1971e+05
3.2096e+05
3.2228e+05
3.2368e+05
3.2516e+05
3.2672e+05
3.2836e+05
3.3007e+05
3.3186e+05
3.3373e+05
3.3567e+05
3.3768e+05
3.3976e+05
3.4191e+05
3.4413e+05
3.4642e+05
3.4877e+05
3.5118e+05
3.5364e+05
3.5616e+05
3.5874e+05
3.6136e+05
3.6403e+05
3.6674e+05
3.6948e+05
3.7227e+05
3.7508e+05
3.7793e+05
3.808e+05
3.8368e+05
3.8659e+05
3.895e+05
3.9242e+05
3.9535e+05
3.9827e+05
4.0119e+05
4.041e+05
4.0699e+05
4.0987e+05
4.1272e+05
4.1554e+05
4.1833e+05
4.2109e+05
4.238e+05
4.2647e+05
4.2908e+05
4.3165e+05
4.3415e+05
4.3659e+05
4.3897e+05
4.4127e+05
4.435e+05
4.4565e+05
4.4772e+05
4.4971e+05
4.516e+05
4.534e+05
4.551e+05
4.5671e+05
4.5821e+05
4.5961e+05
4.609e+05
4.6208e+05
4.6314e+05
4.6409e+05
4.6493e+05
4.6564e+05
4.6623e+05
4.667e+05
4.6705e+05
4.6727e+05
4.6736e+05
4.6733e+05
4.6717e+05
4.6688e+05
4.6646e+05
4.6591e+05
4.6523e+05
4.6442e+05
4.6349e+05
4.6242e+05
4.6123e+05
4.5991e+05
4.5847e+05
4.569e+05
4.5521e+05
4.534e+05
4.5146e+05
4.4941e+05
4.4725e+05
4.4496e+05
4.4257e+05
4.4007e+05
4.3746e+05
4.3475e+05
4.3193e+05
4.2902e+05
4.2601e+05
4.2291e+05
4.1973e+05
4.1645e+05
4.1309e+05
4.0966e+05
4.0615e+05
4.0256e+05
3.9891e+05
3.952e+05
3.9142e+05
3.8759e+05
3.8371e+05
3.7977e+05
3.7579e+05
3.7177e+05
3.6772e+05
3.6363e+05
3.5951e+05
3.5536e+05
3.5119e+05
3.4701e+05
3.4281e+05
3.386e+05
3.3439e+05
3.3017e+05
3.2595e+05
3.2174e+05
3.1754e+05
3.1334e+05
3.0917e+05
3.05e+05
3.0086e+05
2.9675e+05
2.9266e+05
2.886e+05
2.8458e+05
2.8059e+05
2.7663e+05
2.7272e+05
2.6885e+05
2.6503e+05
2.6125e+05
2.5752e+05
2.5384e+05
2.5022e+05
2.4664e+05
2.4312e+05
2.3966e+05
2.3626e+05
2.3291e+05
2.2962e+05
2.264e+05
2.2323e+05
2.2012e+05
2.1708e+05
2.1409e+05
2.1117e+05
2.0831e+05
2.0551e+05
2.0277e+05
2.0008e+05
1.9746e+05
1.949e+05
1.9239e+05
1.8995e+05
1.8755e+05
1.8521e+05
1.8293e+05
1.807e+05
1.7851e+05
1.7638e+05
1.7429e+05
1.7225e+05
1.7025e+05
1.6829e+05
1.6638e+05
1.645e+05
1.6265e+05
1.6084e+05
1.5906e+05
1.5731e+05
1.5559e+05
1.5389e+05
1.5221e+05
1.5056e+05
1.4892e+05
1.4729e+05
1.4568e+05
1.4409e+05
1.425e+05
1.4091e+05
1.3933e+05
1.3776e+05
1.3618e+05
1.346e+05
1.3302e+05
1.3143e+05
1.2983e+05
1.2822e+05
1.266e+05
1.2497e+05
1.2332e+05
1.2165e+05
1.1997e+05
1.1826e+05
1.1654e+05
1.1479e+05
1.1303e+05
1.1123e+05
1.0942e+05
1.0757e+05
1.057e+05
1.0381e+05
1.0188e+05
99935
97958
95954
93923
91866
89782
87673
85539
83381
81200
78998
76775
74533
72274
69999
67711
65410
63100
60783
58460
56135
53810
51488
49172
46865
44569
42289
40027
37786
35572
33386
31233
29116
27040
25008
23024
21092
19217
17403
15653
13973
12366
10836
9388.9
8027.9
6757.6
5582.5
4506.8
3535
2671.3
1920.1
1285.7
772.26
384.08
125.29
0
12.266
166.07
465.32
913.86
1515.4
2273.7
3192.2
4274.5
5523.8
6943.5
8536.6
10306
12255
14386
16702
19204
21897
24781
27858
31131
34601
38270
42139
46209
50482
54957
59636
64520
69607
74900
80396
86097
92002
98109
1.0442e+05
1.1093e+05
1.1764e+05
1.2455e+05
1.3165e+05
1.3895e+05
1.4645e+05
1.5413e+05
1.62e+05
1.7006e+05
1.783e+05
1.8672e+05
1.9531e+05
2.0408e+05
2.1302e+05
2.2212e+05
2.3139e+05
2.4081e+05
2.5039e+05
2.6012e+05
2.6999e+05
2.8e+05
2.9014e+05
3.0042e+05
3.1082e+05
3.2134e+05
3.3197e+05
3.4271e+05
3.5356e+05
3.645e+05
3.7553e+05
3.8664e+05
3.9783e+05
4.091e+05
4.2043e+05
4.3182e+05
4.4326e+05
4.5474e+05
4.6627e+05
4.7783e+05
4.8941e+05
5.0101e+05
5.1262e+05
5.2423e+05
5.3585e+05
5.4745e+05
5.5903e+05
5.7059e+05
5.8212e+05
5.9361e+05
6.0505e+05
6.1644e+05
6.2777e+05
6.3903e+05
6.5022e+05
6.6132e+05
6.7234e+05
6.8326e+05
6.9408e+05
7.0478e+05
7.1538e+05
7.2584e+05
7.3618e+05
7.4638e+05
7.5644e+05
7.6635e+05
7.7611e+05
7.857e+05
7.9512e+05
8.0437e+05
8.1344e+05
8.2233e+05
8.3102e+05
8.3952e+05
8.4781e+05
8.559e+05
8.6378e+05
8.7144e+05
8.7888e+05
8.8609e+05
8.9307e+05
8.9982e+05
9.0633e+05
9.126e+05
9.1862e+05
9.2439e+05
9.299e+05
9.3517e+05
9.4017e+05
9.4491e+05
9.4939e+05
9.536e+05
9.5754e+05
9.6121e+05
9.6461e+05
9.6773e+05
9.7058e+05
9.7316e+05
9.7545e+05
9.7747e+05
9.7921e+05
9.8067e+05
9.8185e+05
9.8275e+05
9.8337e+05
9.8371e+05
9.8378e+05
9.8356e+05
9.8308e+05
9.8231e+05
9.8128e+05
9.7997e+05
9.7839e+05
9.7654e+05
9.7443e+05
9.7205e+05
9.6941e+05
9.6651e+05
9.6336e+05
9.5995e+05
9.5629e+05
9.5239e+05
9.4824e+05
9.4385e+05
9.3923e+05
9.3438e+05
9.2929e+05
9.2399e+05
9.1846e+05
9.1272e+05
9.0677e+05
9.0061e+05
8.9425e+05
8.8769e+05
8.8094e+05
8.7401e+05
8.6689e+05
8.596e+05
8.5214e+05
8.4451e+05
8.3672e+05
8.2877e+05
8.2068e+05
8.1244e+05
8.0407e+05
7.9556e+05
7.8693e+05
7.7817e+05
7.693e+05
7.6033e+05
7.5124e+05
7.4207e+05
7.328e+05
7.2344e+05
7.14e+05
7.0449e+05
6.9492e+05
6.8528e+05
6.7558e+05
6.6583e+05
6.5604e+05
6.4621e+05
6.3635e+05
6.2646e+05
6.1655e+05
6.0662e+05
5.9668e+05
5.8673e+05
5.7679e+05
5.6685e+05
5.5692e+05
5.47e+05
5.3711e+05
5.2724e+05
5.174e+05
5.076e+05
4.9784e+05
4.8813e+05
4.7846e+05
4.6885e+05
4.593e+05
4.4981e+05
4.4039e+05
4.3104e+05
4.2176e+05
4.1257e+05
4.0345e+05
3.9443e+05
3.8549e+05
3.7665e+05
3.679e+05
3.5925e+05
3.5071e+05
3.4227e+05
3.3394e+05
3.2572e+05
3.1761e+05
3.0963e+05
3.0176e+05
2.9401e+05
2.8638e+05
2.7888e+05
2.715e+05
2.6426e+05
2.5714e+05
2.5015e+05
2.433e+05
2.3658e+05
2.3e+05
2.2355e+05
2.1723e+05
2.1106e+05
2.0502e+05
1.9912e+05
1.9336e+05
1.8774e+05
1.8226e+05
1.7692e+05
1.7171e+05
1.6665e+05
1.6172e+05
1.5693e+05
1.5228e+05
1.4777e+05
1.4339e+05
1.3915e+05
1.3504e+05
1.3107e+05
1.2723e+05
1.2352e+05
1.1994e+05
1.1649e+05
1.1317e+05
1.0997e+05
1.069e+05
1.0395e+05
1.0112e+05
98415
95825
93351
90992
88744
86607
84577
82654
80834
79116
77497
75975
74548
73213
71968
70811
69739
68750
67842
67011
66256
65574
64962
64419
63941
63526
63172
62876
62635
62448
62312
62224
62182
62183
62226
62308
62426
62578
62763
62977
63218
63485
63775
64087
64417
64764
65126
65501
65888
66283
66686
67095
67507
67922
68338
68752
69164
69572
69974
70370
70757
71134
71501
71856
72198
72526
72838
73134
73413
73674
73916
74139
74341
74522
74681
74818
74932
75022
75089
75132
75150
75144
75112
75055
74972
74864
74731
74571
74386
74175
73939
73677
73390
73077
72740
72378
71992
71581
71147
70689
70209
69706
69180
68634
68066
67477
66869
66241
65594
