42544
45520
48583
51732
54962
58271
61654
65109
68631
72217
75862
79563
83315
87115
90957
94838
98754
1.027e+05
1.0667e+05
1.1066e+05
1.1467e+05
1.1868e+05
1.2271e+05
1.2674e+05
1.3077e+05
1.3479e+05
1.3879e+05
1.4279e+05
1.4676e+05
1.5071e+05
1.5464e+05
1.5853e+05
1.6238e+05
1.662e+05
1.6997e+05
1.7369e+05
1.7736e+05
1.8098e+05
1.8454e+05
1.8804e+05
1.9148e+05
1.9484e+05
1.9814e+05
2.0137e+05
2.0452e+05
2.0759e+05
2.1059e+05
2.135e+05
2.1634e+05
2.1908e+05
2.2174e+05
2.2432e+05
2.268e+05
2.292e+05
2.3151e+05
2.3372e+05
2.3585e+05
2.3788e+05
2.3983e+05
2.4168e+05
2.4344e+05
2.4512e+05
2.467e+05
2.4819e+05
2.496e+05
2.5092e+05
2.5215e+05
2.533e+05
2.5436e+05
2.5535e+05
2.5625e+05
2.5708e+05
2.5783e+05
2.5851e+05
2.5911e+05
2.5965e+05
2.6011e+05
2.6052e+05
2.6086e+05
2.6114e+05
2.6136e+05
2.6153e+05
2.6164e+05
2.617e+05
2.6172e+05
2.6169e+05
2.6162e+05
2.6151e+05
2.6137e+05
2.6119e+05
2.6098e+05
2.6074e+05
2.6047e+05
2.6018e+05
2.5987e+05
2.5954e+05
2.592e+05
2.5884e+05
2.5847e+05
2.5809e+05
2.577e+05
2.5731e+05
2.5691e+05
2.5652e+05
2.5612e+05
2.5573e+05
2.5534e+05
2.5495e+05
2.5458e+05
2.5421e+05
2.5385e+05
2.535e+05
2.5317e+05
2.5284e+05
2.5253e+05
2.5224e+05
2.5196e+05
2.5169e+05
2.5144e+05
2.5121e+05
2.5099e+05
2.5079e+05
2.5061e+05
2.5044e+05
2.5029e+05
2.5016e+05
2.5004e+05
2.4994e+05
2.4985e+05
2.4978e+05
2.4972e+05
2.4967e+05
2.4964e+05
2.4962e+05
2.4961e+05
2.4961e+05
2.4961e+05
2.4963e+05
2.4965e+05
2.4968e+05
2.4971e+05
2.4974e+05
2.4978e+05
2.4982e+05
2.4985e+05
2.4989e+05
2.4992e+05
2.4995e+05
2.4997e+05
2.4998e+05
2.4999e+05
2.4999e+05
2.4997e+05
2.4994e+05
2.499e+05
2.4985e+05
2.4978e+05
2.4969e+05
2.4959e+05
2.4946e+05
2.4932e+05
2.4915e+05
2.4896e+05
2.4875e+05
2.4851e+05
2.4825e+05
2.4796e+05
2.4764e+05
2.473e+05
2.4693e+05
2.4652e+05
2.4609e+05
2.4563e+05
2.4514e+05
2.4461e+05
2.4406e+05
2.4347e+05
2.4284e+05
2.4219e+05
2.415e+05
2.4078e+05
2.4002e+05
2.3923e+05
2.384e+05
2.3754e+05
2.3664e+05
2.3571e+05
2.3475e+05
2.3374e+05
2.3271e+05
2.3164e+05
2.3053e+05
2.2939e+05
2.2822e+05
2.2701e+05
2.2577e+05
2.2449e+05
2.2318e+05
2.2184e+05
2.2046e+05
2.1905e+05
2.1761e+05
2.1614e+05
2.1463e+05
2.1309e+05
2.1152e+05
2.0992e+05
2.0828e+05
2.0662e+05
2.0493e+05
2.0321e+05
2.0145e+05
1.9967e+05
1.9786e+05
1.9602e+05
1.9416e+05
1.9226e+05
1.9034e+05
1.884e+05
1.8642e+05
1.8442e+05
1.824e+05
1.8035e+05
1.7828e+05
1.7618e+05
1.7406e+05
1.7191e+05
1.6975e+05
1.6756e+05
1.6535e+05
1.6312e+05
1.6087e+05
1.5861e+05
1.5632e+05
1.5401e+05
1.5169e+05
1.4935e+05
1.47e+05
1.4463e+05
1.4225e+05
1.3985e+05
1.3744e+05
1.3502e+05
1.3259e+05
1.3015e+05
1.277e+05
1.2525e+05
1.2278e+05
1.2032e+05
1.1784e+05
1.1537e+05
1.1289e+05
1.1041e+05
1.0793e+05
1.0546e+05
1.0298e+05
1.0051e+05
98050
95594
93146
90709
88283
85869
83470
81087
78721
76374
74047
71742
69460
67203
64973
62770
60596
58453
56343
54265
52223
50217
48249
46319
44430
42582
40776
39014
37296
35624
33999
32421
30891
29409
27977
26596
25264
23984
22754
21577
20450
19376
18352
17381
16460
15591
14771
14002
13282
12611
11988
11412
10882
10396
9955
9556.2
9198.7
8881.1
8601.8
8359.5
8152.4
7978.9
7837.2
7725.5
7642.1
7584.8
7552
7541.4
7551.2
7579.3
7623.6
7682.1
7752.6
7833.2
7921.7
8016
8114.2
8214.1
8313.9
8411.6
8505.3
8593.1
8673.3
8744.3
8804.3
8851.9
8885.6
8904.1
8906.1
8890.6
8856.4
8802.9
8729.1
8634.6
8518.8
8381.6
8222.6
8042
7839.9
7616.8
7373
7109.4
6826.9
6526.4
6209.3
5877.1
5531.3
5173.9
4806.9
4432.5
4053.1
3671.4
3290.2
2912.5
2541.6
2180.7
1833.4
1503.6
1195.2
912.26
659.05
440.03
259.79
123.09
34.818
0
23.797
111.49
268.46
500.22
812.35
1210.5
1700.5
2288.1
2979.1
3779.5
4695.2
5732.2
6896.4
8193.8
9630.3
11212
12944
14833
16885
19105
21498
24070
26827
29774
32915
36256
39801
43555
47522
51706
56112
60743
65601
70692
76017
81578
87380
93422
99708
1.0624e+05
1.1301e+05
1.2004e+05
1.2731e+05
1.3482e+05
1.4258e+05
1.5059e+05
1.5885e+05
1.6735e+05
1.7609e+05
1.8507e+05
1.9428e+05
2.0373e+05
2.1342e+05
2.2333e+05
2.3346e+05
2.4382e+05
2.5439e+05
2.6517e+05
2.7615e+05
2.8733e+05
2.9871e+05
3.1027e+05
3.22e+05
3.3391e+05
3.4599e+05
3.5822e+05
3.706e+05
3.8311e+05
3.9576e+05
4.0853e+05
4.2141e+05
4.3439e+05
4.4746e+05
4.6062e+05
4.7385e+05
4.8713e+05
5.0047e+05
5.1385e+05
5.2725e+05
5.4067e+05
5.541e+05
5.6752e+05
5.8091e+05
5.9428e+05
6.0761e+05
6.2088e+05
6.3408e+05
6.472e+05
6.6023e+05
6.7316e+05
6.8597e+05
6.9866e+05
7.112e+05
7.2359e+05
7.3582e+05
7.4788e+05
7.5974e+05
7.7141e+05
7.8286e+05
7.941e+05
8.051e+05
8.1586e+05
8.2636e+05
8.366e+05
8.4657e+05
8.5625e+05
8.6563e+05
8.7472e+05
8.8349e+05
8.9194e+05
9.0006e+05
9.0784e+05
9.1528e+05
9.2236e+05
9.2909e+05
9.3545e+05
9.4144e+05
9.4705e+05
9.5227e+05
9.5711e+05
9.6156e+05
9.6561e+05
9.6926e+05
9.7251e+05
9.7535e+05
9.7778e+05
9.7981e+05
9.8142e+05
9.8262e+05
9.834e+05
9.8378e+05
9.8374e+05
9.8328e+05
9.8242e+05
9.8115e+05
9.7947e+05
9.7739e+05
9.7491e+05
9.7202e+05
9.6875e+05
9.6508e+05
9.6103e+05
9.566e+05
9.518e+05
9.4662e+05
9.4108e+05
9.3519e+05
9.2895e+05
9.2236e+05
9.1544e+05
9.0819e+05
9.0063e+05
8.9275e+05
8.8457e+05
8.761e+05
8.6734e+05
8.5831e+05
8.4901e+05
8.3946e+05
8.2966e+05
8.1962e+05
8.0936e+05
7.9889e+05
7.8821e+05
7.7734e+05
7.6628e+05
7.5506e+05
7.4367e+05
7.3213e+05
7.2045e+05
7.0864e+05
6.9671e+05
6.8468e+05
6.7255e+05
6.6034e+05
6.4805e+05
6.357e+05
6.233e+05
6.1085e+05
5.9837e+05
5.8588e+05
5.7337e+05
5.6085e+05
5.4835e+05
5.3587e+05
5.2342e+05
5.11e+05
4.9863e+05
4.8631e+05
4.7406e+05
4.6189e+05
4.4979e+05
4.3779e+05
4.2588e+05
4.1408e+05
4.0239e+05
3.9082e+05
3.7938e+05
3.6807e+05
3.569e+05
3.4588e+05
3.35e+05
3.2429e+05
3.1373e+05
3.0334e+05
2.9313e+05
2.8308e+05
2.7322e+05
2.6354e+05
2.5405e+05
2.4475e+05
2.3564e+05
2.2672e+05
2.18e+05
2.0949e+05
2.0117e+05
1.9305e+05
1.8514e+05
1.7744e+05
1.6993e+05
1.6264e+05
1.5555e+05
1.4867e+05
1.4199e+05
1.3551e+05
1.2924e+05
1.2318e+05
1.1731e+05
1.1165e+05
1.0618e+05
1.0091e+05
95837
90956
86264
81761
77443
73307
69350
65570
61962
58525
55253
52145
49195
46401
43759
41264
38913
36702
34627
32684
30869
29177
27605
26148
24803
23565
22429
21393
20452
19601
18837
18156
17553
17026
16569
16180
15854
15588
15378
15221
15113
15050
15030
15049
15104
15193
15311
15456
15625
15816
16025
16251
16491
16742
17003
17271
17543
17819
18096
18372
18646
18916
19180
19437
19687
19926
20155
20372
20576
20766
20942
21102
21247
21374
21484
21576
21650
21705
21741
21758
21755
21733
21691
21630
21548
21447
21327
21187
21027
20849
20652
20436
20202
19950
19680
19394
19090
18770
18434
18083
17717
17336
16941
16533
16111
15678
15232
14775
14307
13829
13341
12844
12338
11824
11303
10774
10239
9698.2
9151.8
8600.4
8044.6
7484.8
6921.6
6355.5
5786.9
5216.2
4644.1
4070.8
