80853
84034
87299
90644
94065
97558
1.0112e+05
1.0474e+05
1.0843e+05
1.1217e+05
1.1596e+05
1.1979e+05
1.2367e+05
1.2758e+05
1.3153e+05
1.355e+05
1.3949e+05
1.435e+05
1.4752e+05
1.5154e+05
1.5557e+05
1.596e+05
1.6362e+05
1.6762e+05
1.7161e+05
1.7558e+05
1.7951e+05
1.8342e+05
1.8729e+05
1.9112e+05
1.9491e+05
1.9865e+05
2.0233e+05
2.0596e+05
2.0952e+05
2.1303e+05
2.1646e+05
2.1982e+05
2.2311e+05
2.2632e+05
2.2945e+05
2.3249e+05
2.3545e+05
2.3833e+05
2.4111e+05
2.438e+05
2.4639e+05
2.4889e+05
2.5129e+05
2.5359e+05
2.5579e+05
2.579e+05
2.599e+05
2.618e+05
2.6359e+05
2.6529e+05
2.6688e+05
2.6837e+05
2.6975e+05
2.7104e+05
2.7223e+05
2.7331e+05
2.743e+05
2.7519e+05
2.7599e+05
2.7669e+05
2.773e+05
2.7782e+05
2.7824e+05
2.7859e+05
2.7884e+05
2.7902e+05
2.7911e+05
2.7913e+05
2.7907e+05
2.7894e+05
2.7874e+05
2.7847e+05
2.7814e+05
2.7774e+05
2.7729e+05
2.7678e+05
2.7622e+05
2.7561e+05
2.7496e+05
2.7426e+05
2.7351e+05
2.7274e+05
2.7192e+05
2.7108e+05
2.702e+05
2.693e+05
2.6838e+05
2.6743e+05
2.6647e+05
2.6549e+05
2.645e+05
2.635e+05
2.625e+05
2.6149e+05
2.6047e+05
2.5945e+05
2.5844e+05
2.5743e+05
2.5642e+05
2.5543e+05
2.5444e+05
2.5346e+05
2.5249e+05
2.5154e+05
2.506e+05
2.4968e+05
2.4878e+05
2.4789e+05
2.4703e+05
2.4618e+05
2.4536e+05
2.4455e+05
2.4377e+05
2.4301e+05
2.4227e+05
2.4156e+05
2.4086e+05
2.4019e+05
2.3955e+05
2.3892e+05
2.3832e+05
2.3774e+05
2.3718e+05
2.3665e+05
2.3613e+05
2.3564e+05
2.3516e+05
2.347e+05
2.3426e+05
2.3384e+05
2.3343e+05
2.3304e+05
2.3266e+05
2.323e+05
2.3195e+05
2.3161e+05
2.3128e+05
2.3097e+05
2.3065e+05
2.3035e+05
2.3005e+05
2.2976e+05
2.2948e+05
2.2919e+05
2.2891e+05
2.2863e+05
2.2834e+05
2.2806e+05
2.2778e+05
2.2749e+05
2.2719e+05
2.269e+05
2.2659e+05
2.2628e+05
2.2596e+05
2.2563e+05
2.2529e+05
2.2495e+05
2.2459e+05
2.2422e+05
2.2383e+05
2.2343e+05
2.2302e+05
2.226e+05
2.2216e+05
2.217e+05
2.2123e+05
2.2074e+05
2.2024e+05
2.1971e+05
2.1917e+05
2.1861e+05
2.1804e+05
2.1744e+05
2.1682e+05
2.1619e+05
2.1553e+05
2.1486e+05
2.1417e+05
2.1345e+05
2.1272e+05
2.1196e+05
2.1118e+05
2.1039e+05
2.0957e+05
2.0873e+05
2.0787e+05
2.0698e+05
2.0608e+05
2.0515e+05
2.0421e+05
2.0324e+05
2.0224e+05
2.0123e+05
2.0019e+05
1.9914e+05
1.9806e+05
1.9695e+05
1.9583e+05
1.9468e+05
1.9351e+05
1.9231e+05
1.911e+05
1.8985e+05
1.8859e+05
1.873e+05
1.8599e+05
1.8466e+05
1.833e+05
1.8192e+05
1.8051e+05
1.7908e+05
1.7762e+05
1.7615e+05
1.7464e+05
1.7312e+05
1.7156e+05
1.6999e+05
1.6839e+05
1.6676e+05
1.6511e+05
1.6344e+05
1.6174e+05
1.6002e+05
1.5828e+05
1.5651e+05
1.5472e+05
1.5291e+05
1.5107e+05
1.4921e+05
1.4733e+05
1.4543e+05
1.4351e+05
1.4157e+05
1.396e+05
1.3762e+05
1.3562e+05
1.3361e+05
1.3157e+05
1.2952e+05
1.2746e+05
1.2538e+05
1.2329e+05
1.2118e+05
1.1907e+05
1.1695e+05
1.1482e+05
1.1268e+05
1.1053e+05
1.0838e+05
1.0623e+05
1.0408e+05
1.0193e+05
99775
97627
95485
93349
91221
89103
86997
84905
82828
80769
78728
76709
74712
72739
70793
68875
66987
65130
63307
61519
59767
58054
56380
54749
53160
51615
50116
48663
47259
45904
44599
43346
42144
40995
39899
38857
37870
36937
36060
35237
34470
33757
33099
32495
31945
31449
31004
30612
30270
29978
29734
29537
29385
29278
29213
29188
29203
29254
29339
29457
29605
29782
29983
30207
30452
30715
30992
31282
31582
31888
32199
32510
32820
33126
33425
33713
33989
34249
34491
34713
34911
35083
35227
35341
35422
35468
35477
35448
35379
35267
35113
34914
34669
34378
34039
33653
33218
32736
32205
31626
31000
30328
29609
28846
28040
27193
26306
25381
24422
23430
22408
21360
20288
19197
18090
16971
15845
14715
13587
12466
11355
10262
9191.3
8148.4
7139.3
6170.1
5247
4376.3
3564.4
2817.9
2143.6
1548.3
1038.8
622.13
305.38
95.622
0
25.683
179.85
469.69
902.36
1485
2224.7
3128.4
4203.2
5455.8
6893.1
8521.6
10348
12378
14619
17076
19755
22661
25801
29178
32799
36667
40787
45163
49799
54698
59863
65297
71002
76980
83234
89764
96571
1.0366e+05
1.1102e+05
1.1866e+05
1.2658e+05
1.3477e+05
1.4324e+05
1.5197e+05
1.6098e+05
1.7026e+05
1.798e+05
1.896e+05
1.9966e+05
2.0997e+05
2.2052e+05
2.3132e+05
2.4235e+05
2.5361e+05
2.6509e+05
2.7679e+05
2.887e+05
3.0081e+05
3.1311e+05
3.256e+05
3.3826e+05
3.5108e+05
3.6406e+05
3.7719e+05
3.9045e+05
4.0384e+05
4.1735e+05
4.3096e+05
4.4466e+05
4.5844e+05
4.7229e+05
4.8619e+05
5.0014e+05
5.1412e+05
5.2812e+05
5.4213e+05
5.5613e+05
5.7012e+05
5.8407e+05
5.9797e+05
6.1182e+05
6.2559e+05
6.3928e+05
6.5287e+05
6.6634e+05
6.797e+05
6.9291e+05
7.0597e+05
7.1887e+05
7.3159e+05
7.4413e+05
7.5645e+05
7.6857e+05
7.8046e+05
7.921e+05
8.035e+05
8.1464e+05
8.255e+05
8.3607e+05
8.4635e+05
8.5633e+05
8.6599e+05
8.7532e+05
8.8432e+05
8.9298e+05
9.0128e+05
9.0923e+05
9.168e+05
9.24e+05
9.3081e+05
9.3724e+05
9.4327e+05
9.4889e+05
9.5411e+05
9.5892e+05
9.6332e+05
9.6729e+05
9.7084e+05
9.7397e+05
9.7666e+05
9.7893e+05
9.8076e+05
9.8217e+05
9.8314e+05
9.8367e+05
9.8378e+05
9.8345e+05
9.8269e+05
9.8151e+05
9.799e+05
9.7786e+05
9.7541e+05
9.7254e+05
9.6926e+05
9.6558e+05
9.6149e+05
9.57e+05
9.5213e+05
9.4687e+05
9.4124e+05
9.3524e+05
9.2887e+05
9.2215e+05
9.1508e+05
9.0767e+05
8.9994e+05
8.9188e+05
8.8352e+05
8.7485e+05
8.6589e+05
8.5665e+05
8.4714e+05
8.3737e+05
8.2735e+05
8.1709e+05
8.066e+05
7.959e+05
7.8499e+05
7.7389e+05
7.626e+05
7.5114e+05
7.3953e+05
7.2777e+05
7.1587e+05
7.0384e+05
6.9171e+05
6.7947e+05
6.6715e+05
6.5474e+05
6.4227e+05
6.2975e+05
6.1718e+05
6.0458e+05
5.9196e+05
5.7933e+05
5.6671e+05
5.5409e+05
5.4149e+05
5.2893e+05
5.1641e+05
5.0394e+05
4.9153e+05
4.7919e+05
4.6694e+05
4.5477e+05
4.427e+05
4.3074e+05
4.1889e+05
4.0717e+05
3.9557e+05
3.8411e+05
3.728e+05
3.6163e+05
3.5063e+05
3.3979e+05
3.2911e+05
3.1861e+05
3.083e+05
2.9816e+05
2.8822e+05
2.7846e+05
2.6891e+05
2.5956e+05
2.5041e+05
2.4146e+05
2.3273e+05
2.2421e+05
2.159e+05
2.0781e+05
1.9993e+05
1.9227e+05
1.8483e+05
1.7761e+05
1.7061e+05
1.6383e+05
1.5727e+05
1.5093e+05
1.4481e+05
1.389e+05
1.332e+05
1.2773e+05
1.2246e+05
1.174e+05
1.1255e+05
1.0791e+05
1.0347e+05
99232
95189
91340
87683
84212
80925
77818
74888
72129
69539
67112
64845
62734
60773
58959
57287
55752
54349
53075
51924
50891
49973
49164
48459
47854
47345
46926
46593
46342
46167
46065
46031
46061
46150
46294
46490
46733
47018
47344
47704
48097
48517
48963
49430
49915
50415
50926
51447
51974
52504
53035
53564
54089
54608
55118
55618
56105
56578
57034
57473
57893
58293
58671
59025
59356
59662
59942
60196
60422
60621
60791
60932
61045
61128
61182
61206
61201
61166
61102
61009
60887
60737
60558
60352
60118
59858
59571
59259
58922
58561
58176
57769
57339
56888
56417
55927
55417
54890
54346
53785
53210
52620
52017
51402
50774
50137
49489
48832
48168
47496
46818
46135
45447
44755
44061
43364
42666
41967
41268
40569
39873
39178
38486
37798
37113
