1.4049e+05
1.4297e+05
1.4547e+05
1.4799e+05
1.5053e+05
1.5309e+05
1.5566e+05
1.5824e+05
1.6084e+05
1.6344e+05
1.6605e+05
1.6867e+05
1.7129e+05
1.7391e+05
1.7653e+05
1.7915e+05
1.8176e+05
1.8437e+05
1.8697e+05
1.8956e+05
1.9214e+05
1.9471e+05
1.9726e+05
1.9979e+05
2.0231e+05
2.0481e+05
2.0728e+05
2.0974e+05
2.1217e+05
2.1457e+05
2.1694e+05
2.1929e+05
2.2161e+05
2.2389e+05
2.2615e+05
2.2837e+05
2.3055e+05
2.327e+05
2.3481e+05
2.3689e+05
2.3892e+05
2.4092e+05
2.4288e+05
2.4479e+05
2.4666e+05
2.4849e+05
2.5028e+05
2.5202e+05
2.5372e+05
2.5538e+05
2.5699e+05
2.5855e+05
2.6007e+05
2.6155e+05
2.6297e+05
2.6436e+05
2.6569e+05
2.6699e+05
2.6823e+05
2.6943e+05
2.7059e+05
2.717e+05
2.7276e+05
2.7378e+05
2.7476e+05
2.757e+05
2.7659e+05
2.7744e+05
2.7824e+05
2.7901e+05
2.7974e+05
2.8042e+05
2.8107e+05
2.8168e+05
2.8225e+05
2.8279e+05
2.8329e+05
2.8375e+05
2.8418e+05
2.8458e+05
2.8495e+05
2.8528e+05
2.8559e+05
2.8586e+05
2.8611e+05
2.8633e+05
2.8653e+05
2.867e+05
2.8684e+05
2.8697e+05
2.8707e+05
2.8715e+05
2.8721e+05
2.8725e+05
2.8728e+05
2.8729e+05
2.8728e+05
2.8726e+05
2.8722e+05
2.8717e+05
2.8711e+05
2.8704e+05
2.8695e+05
2.8686e+05
2.8676e+05
2.8665e+05
2.8653e+05
2.864e+05
2.8627e+05
2.8614e+05
2.86e+05
2.8585e+05
2.857e+05
2.8555e+05
2.8539e+05
2.8523e+05
2.8507e+05
2.849e+05
2.8474e+05
2.8457e+05
2.844e+05
2.8422e+05
2.8405e+05
2.8387e+05
2.837e+05
2.8352e+05
2.8334e+05
2.8315e+05
2.8296e+05
2.8278e+05
2.8258e+05
2.8239e+05
2.8219e+05
2.8198e+05
2.8177e+05
2.8156e+05
2.8133e+05
2.8111e+05
2.8087e+05
2.8063e+05
2.8038e+05
2.8011e+05
2.7984e+05
2.7956e+05
2.7927e+05
2.7896e+05
2.7864e+05
2.783e+05
2.7795e+05
2.7759e+05
2.772e+05
2.768e+05
2.7638e+05
2.7595e+05
2.7549e+05
2.75e+05
2.745e+05
2.7397e+05
2.7342e+05
2.7285e+05
2.7224e+05
2.7161e+05
2.7096e+05
2.7027e+05
2.6956e+05
2.6881e+05
2.6804e+05
2.6723e+05
2.6639e+05
2.6552e+05
2.6462e+05
2.6368e+05
2.627e+05
2.617e+05
2.6065e+05
2.5957e+05
2.5846e+05
2.5731e+05
2.5612e+05
2.5489e+05
2.5363e+05
2.5233e+05
2.5099e+05
2.4962e+05
2.4821e+05
2.4676e+05
2.4527e+05
2.4375e+05
2.4219e+05
2.406e+05
2.3897e+05
2.373e+05
2.356e+05
2.3387e+05
2.321e+05
2.303e+05
2.2847e+05
2.266e+05
2.2471e+05
2.2279e+05
2.2084e+05
2.1886e+05
2.1685e+05
2.1482e+05
2.1276e+05
2.1068e+05
2.0858e+05
2.0646e+05
2.0432e+05
2.0216e+05
1.9998e+05
1.9779e+05
1.9558e+05
1.9337e+05
1.9114e+05
1.889e+05
1.8665e+05
1.844e+05
1.8214e+05
1.7988e+05
1.7761e+05
1.7535e+05
1.7309e+05
1.7083e+05
1.6857e+05
1.6632e+05
1.6408e+05
1.6184e+05
1.5962e+05
1.5741e+05
1.5521e+05
1.5303e+05
1.5086e+05
1.4871e+05
1.4658e+05
1.4447e+05
1.4238e+05
1.4031e+05
1.3826e+05
1.3625e+05
1.3425e+05
1.3229e+05
1.3035e+05
1.2844e+05
1.2656e+05
1.2471e+05
1.2289e+05
1.2111e+05
1.1935e+05
1.1763e+05
1.1595e+05
1.1429e+05
1.1268e+05
1.1109e+05
1.0954e+05
1.0803e+05
1.0655e+05
1.0511e+05
1.037e+05
1.0232e+05
1.0098e+05
99678
98407
97169
95964
94791
93650
92540
91461
90410
89389
88395
87428
86486
85569
84676
83804
82954
82123
81310
80514
79734
78968
78215
77473
76740
76016
75299
74587
73879
73174
72469
71763
71055
70344
69627
68904
68173
67433
66683
65921
65145
64356
63552
62731
61893
61037
60162
59268
58352
57416
56458
55479
54476
53452
52404
51334
50241
49126
47988
46828
45647
44444
43222
41980
40720
39443
38149
36841
35519
34185
32841
31489
30129
28766
27400
26033
24669
23309
21957
20615
19285
17971
16675
15402
14153
12932
11743
10589
9474.2
8401.3
7374.3
6397.1
5473.6
4607.5
3802.9
3063.7
2394.1
1798
1279.7
843.29
492.9
232.76
67.053
0
35.803
178.66
432.76
802.25
1291.3
1904
2644.4
3516.5
4524.3
5671.8
6962.7
8400.8
9989.8
11733
13635
15698
17926
20322
22889
25630
28548
31645
34925
38389
42040
45881
49912
54136
58555
63169
67980
72990
78199
83608
89217
95027
1.0104e+05
1.0725e+05
1.1366e+05
1.2027e+05
1.2709e+05
1.341e+05
1.413e+05
1.4871e+05
1.5631e+05
1.641e+05
1.7208e+05
1.8025e+05
1.886e+05
1.9714e+05
2.0586e+05
2.1476e+05
2.2384e+05
2.3308e+05
2.4249e+05
2.5206e+05
2.618e+05
2.7169e+05
2.8173e+05
2.9191e+05
3.0224e+05
3.127e+05
3.2329e+05
3.3401e+05
3.4485e+05
3.558e+05
3.6685e+05
3.7802e+05
3.8927e+05
4.0062e+05
4.1204e+05
4.2355e+05
4.3512e+05
4.4675e+05
4.5844e+05
4.7018e+05
4.8196e+05
4.9377e+05
5.056e+05
5.1745e+05
5.2932e+05
5.4118e+05
5.5304e+05
5.6489e+05
5.7672e+05
5.8852e+05
6.0028e+05
6.1199e+05
6.2365e+05
6.3526e+05
6.4679e+05
6.5825e+05
6.6962e+05
6.8089e+05
6.9207e+05
7.0314e+05
7.1409e+05
7.2492e+05
7.3562e+05
7.4618e+05
7.5659e+05
7.6684e+05
7.7694e+05
7.8686e+05
7.9661e+05
8.0618e+05
8.1555e+05
8.2473e+05
8.3371e+05
8.4247e+05
8.5102e+05
8.5935e+05
8.6745e+05
8.7531e+05
8.8294e+05
8.9032e+05
8.9745e+05
9.0433e+05
9.1094e+05
9.1729e+05
9.2338e+05
9.2919e+05
9.3472e+05
9.3997e+05
9.4494e+05
9.4961e+05
9.54e+05
9.581e+05
9.619e+05
9.654e+05
9.686e+05
9.7149e+05
9.7409e+05
9.7637e+05
9.7836e+05
9.8003e+05
9.814e+05
9.8245e+05
9.832e+05
9.8364e+05
9.8378e+05
9.836e+05
9.8312e+05
9.8234e+05
9.8125e+05
9.7985e+05
9.7816e+05
9.7617e+05
9.7388e+05
9.713e+05
9.6843e+05
9.6527e+05
9.6182e+05
9.5809e+05
9.5409e+05
9.4981e+05
9.4526e+05
9.4045e+05
9.3537e+05
9.3004e+05
9.2445e+05
9.1862e+05
9.1254e+05
9.0623e+05
8.9968e+05
8.9291e+05
8.8592e+05
8.7872e+05
8.713e+05
8.6369e+05
8.5587e+05
8.4787e+05
8.3968e+05
8.3132e+05
8.2278e+05
8.1408e+05
8.0522e+05
7.9622e+05
7.8706e+05
7.7778e+05
7.6836e+05
7.5882e+05
7.4916e+05
7.3939e+05
7.2952e+05
7.1956e+05
7.0951e+05
6.9938e+05
6.8917e+05
6.789e+05
6.6857e+05
6.5818e+05
6.4775e+05
6.3729e+05
6.2678e+05
6.1626e+05
6.0571e+05
5.9516e+05
5.846e+05
5.7404e+05
5.6348e+05
5.5294e+05
5.4243e+05
5.3193e+05
5.2147e+05
5.1105e+05
5.0067e+05
4.9035e+05
4.8007e+05
4.6986e+05
4.5971e+05
4.4964e+05
4.3964e+05
4.2972e+05
4.1989e+05
4.1015e+05
4.005e+05
3.9095e+05
3.8151e+05
3.7217e+05
3.6294e+05
3.5383e+05
3.4483e+05
3.3596e+05
3.2721e+05
3.1859e+05
3.101e+05
3.0174e+05
2.9352e+05
2.8544e+05
2.775e+05
2.6969e+05
2.6204e+05
2.5453e+05
2.4716e+05
2.3995e+05
2.3288e+05
2.2597e+05
2.192e+05
2.1259e+05
2.0613e+05
1.9983e+05
1.9368e+05
1.8769e+05
1.8184e+05
1.7616e+05
1.7062e+05
1.6524e+05
1.6001e+05
1.5493e+05
1.5001e+05
1.4523e+05
1.4061e+05
1.3613e+05
1.318e+05
1.2761e+05
1.2357e+05
1.1967e+05
1.1591e+05
1.1229e+05
1.0881e+05
1.0546e+05
1.0224e+05
99155
96199
93368
90662
88077
85611
83262
81027
78903
76889
74980
73174
71470
69863
68351
66931
65601
64357
63197
62117
61116
60189
59335
58551
57832
57178
56584
56049
55569
55141
54763
54433
54147
53904
53699
53532
53399
53298
53227
53183
53164
53168
53193
53236
53295
53369
53455
53551
53656
53768
53885
54006
54128
54251
54373
54492
54607
54717
54821
54917
55004
55082
55149
55204
55247
55276
55292
55292
55278
55247
55200
55137
55055
54957
54840
54705
54552
54380
54189
53979
53751
53504
53238
52954
52650
52329
51990
51632
51257
50865
50455
50029
49586
49128
48654
48165
47662
47144
46613
46069
45512
44943
44363
43772
43170
42559
41939
41310
40673
40029
39378
38721
38058
37390
