80611
83962
87389
90890
94460
98095
1.0179e+05
1.0554e+05
1.0934e+05
1.1319e+05
1.1708e+05
1.2101e+05
1.2496e+05
1.2895e+05
1.3295e+05
1.3698e+05
1.4101e+05
1.4506e+05
1.491e+05
1.5314e+05
1.5717e+05
1.6119e+05
1.6519e+05
1.6917e+05
1.7312e+05
1.7704e+05
1.8092e+05
1.8476e+05
1.8856e+05
1.923e+05
1.9599e+05
1.9962e+05
2.0319e+05
2.0669e+05
2.1013e+05
2.1349e+05
2.1677e+05
2.1998e+05
2.231e+05
2.2614e+05
2.2908e+05
2.3194e+05
2.3471e+05
2.3738e+05
2.3995e+05
2.4243e+05
2.4481e+05
2.4708e+05
2.4926e+05
2.5133e+05
2.533e+05
2.5516e+05
2.5692e+05
2.5858e+05
2.6013e+05
2.6158e+05
2.6292e+05
2.6417e+05
2.6531e+05
2.6635e+05
2.6729e+05
2.6813e+05
2.6888e+05
2.6953e+05
2.7009e+05
2.7056e+05
2.7095e+05
2.7124e+05
2.7145e+05
2.7158e+05
2.7163e+05
2.7161e+05
2.7151e+05
2.7134e+05
2.7111e+05
2.7081e+05
2.7045e+05
2.7003e+05
2.6956e+05
2.6903e+05
2.6846e+05
2.6785e+05
2.6719e+05
2.665e+05
2.6577e+05
2.6501e+05
2.6422e+05
2.6341e+05
2.6257e+05
2.6172e+05
2.6085e+05
2.5998e+05
2.5909e+05
2.5819e+05
2.573e+05
2.564e+05
2.5551e+05
2.5462e+05
2.5374e+05
2.5287e+05
2.5201e+05
2.5117e+05
2.5034e+05
2.4953e+05
2.4875e+05
2.4798e+05
2.4724e+05
2.4653e+05
2.4584e+05
2.4519e+05
2.4456e+05
2.4396e+05
2.4339e+05
2.4286e+05
2.4236e+05
2.4189e+05
2.4146e+05
2.4105e+05
2.4069e+05
2.4036e+05
2.4006e+05
2.3979e+05
2.3956e+05
2.3936e+05
2.392e+05
2.3906e+05
2.3896e+05
2.3888e+05
2.3884e+05
2.3882e+05
2.3883e+05
2.3887e+05
2.3893e+05
2.3901e+05
2.3912e+05
2.3925e+05
2.3939e+05
2.3955e+05
2.3973e+05
2.3992e+05
2.4013e+05
2.4034e+05
2.4057e+05
2.408e+05
2.4103e+05
2.4127e+05
2.4152e+05
2.4176e+05
2.42e+05
2.4224e+05
2.4247e+05
2.427e+05
2.4292e+05
2.4312e+05
2.4332e+05
2.435e+05
2.4367e+05
2.4383e+05
2.4396e+05
2.4407e+05
2.4417e+05
2.4424e+05
2.4429e+05
2.4431e+05
2.4431e+05
2.4428e+05
2.4423e+05
2.4414e+05
2.4403e+05
2.4388e+05
2.437e+05
2.4349e+05
2.4324e+05
2.4296e+05
2.4265e+05
2.423e+05
2.4192e+05
2.4149e+05
2.4104e+05
2.4054e+05
2.4001e+05
2.3943e+05
2.3882e+05
2.3818e+05
2.3749e+05
2.3676e+05
2.36e+05
2.352e+05
2.3436e+05
2.3348e+05
2.3256e+05
2.316e+05
2.3061e+05
2.2958e+05
2.2851e+05
2.274e+05
2.2625e+05
2.2507e+05
2.2385e+05
2.226e+05
2.213e+05
2.1998e+05
2.1861e+05
2.1722e+05
2.1578e+05
2.1432e+05
2.1282e+05
2.1128e+05
2.0972e+05
2.0812e+05
2.0649e+05
2.0482e+05
2.0313e+05
2.014e+05
1.9965e+05
1.9787e+05
1.9605e+05
1.9421e+05
1.9234e+05
1.9045e+05
1.8852e+05
1.8657e+05
1.8459e+05
1.8259e+05
1.8057e+05
1.7852e+05
1.7644e+05
1.7435e+05
1.7223e+05
1.7009e+05
1.6793e+05
1.6575e+05
1.6355e+05
1.6133e+05
1.5909e+05
1.5684e+05
1.5457e+05
1.5228e+05
1.4998e+05
1.4767e+05
1.4535e+05
1.4301e+05
1.4066e+05
1.3831e+05
1.3594e+05
1.3357e+05
1.3119e+05
1.2881e+05
1.2642e+05
1.2403e+05
1.2164e+05
1.1925e+05
1.1686e+05
1.1447e+05
1.1209e+05
1.0971e+05
1.0734e+05
1.0498e+05
1.0263e+05
1.0029e+05
97958
95644
93346
91065
88804
86562
84343
82148
79978
77835
75720
73635
71581
69561
67575
65624
63711
61837
60003
58210
56459
54753
53091
51475
49906
48385
46913
45490
44118
42796
41527
40309
39144
38031
36971
35964
35011
34110
33262
32466
31722
31030
30388
29797
29255
28761
28315
27914
27559
27247
26977
26748
26558
26405
26287
26203
26150
26126
26130
26159
26211
26283
26374
26480
26600
26731
26870
27015
27163
27312
27460
27604
27741
27869
27986
28089
28176
28245
28293
28319
28320
28296
28243
28160
28046
27899
27718
27502
27249
26960
26633
26268
25865
25423
24942
24423
23867
23273
22643
21979
21280
20549
19787
18997
18181
17341
16479
15599
14703
13796
12880
11959
11038
10120
9210
8312.3
7431.8
6573.5
5742.5
4944.2
4184
3467.8
2801.2
2190.3
1641.2
1160.1
753.29
427.31
188.67
44.007
0
63.401
241
539.63
966.12
1527.3
2230
3081.1
4087.3
5255.3
6591.8
8103.3
9796.4
11677
13752
16027
18509
21202
24112
27246
30607
34201
38033
42107
46427
50998
55822
60903
66244
71847
77716
83851
90255
96929
1.0387e+05
1.1109e+05
1.1858e+05
1.2633e+05
1.3436e+05
1.4266e+05
1.5123e+05
1.6006e+05
1.6915e+05
1.7851e+05
1.8812e+05
1.9798e+05
2.081e+05
2.1846e+05
2.2907e+05
2.399e+05
2.5097e+05
2.6226e+05
2.7377e+05
2.8549e+05
2.9741e+05
3.0952e+05
3.2183e+05
3.3431e+05
3.4696e+05
3.5977e+05
3.7274e+05
3.8584e+05
3.9908e+05
4.1244e+05
4.2591e+05
4.3947e+05
4.5313e+05
4.6686e+05
4.8066e+05
4.945e+05
5.0839e+05
5.2231e+05
5.3624e+05
5.5018e+05
5.641e+05
5.78e+05
5.9187e+05
6.0569e+05
6.1944e+05
6.3312e+05
6.4671e+05
6.602e+05
6.7357e+05
6.8682e+05
6.9992e+05
7.1287e+05
7.2565e+05
7.3825e+05
7.5066e+05
7.6286e+05
7.7484e+05
7.8659e+05
7.981e+05
8.0936e+05
8.2035e+05
8.3106e+05
8.4148e+05
8.5161e+05
8.6143e+05
8.7092e+05
8.8009e+05
8.8892e+05
8.974e+05
9.0553e+05
9.1329e+05
9.2068e+05
9.2768e+05
9.3431e+05
9.4053e+05
9.4636e+05
9.5178e+05
9.5679e+05
9.6139e+05
9.6557e+05
9.6932e+05
9.7264e+05
9.7554e+05
9.78e+05
9.8003e+05
9.8162e+05
9.8278e+05
9.8349e+05
9.8378e+05
9.8362e+05
9.8303e+05
9.8201e+05
9.8055e+05
9.7867e+05
9.7636e+05
9.7362e+05
9.7047e+05
9.669e+05
9.6293e+05
9.5854e+05
9.5376e+05
9.4859e+05
9.4303e+05
9.3709e+05
9.3078e+05
9.241e+05
9.1707e+05
9.0968e+05
9.0196e+05
8.9391e+05
8.8553e+05
8.7685e+05
8.6786e+05
8.5858e+05
8.4902e+05
8.3918e+05
8.2909e+05
8.1874e+05
8.0816e+05
7.9735e+05
7.8633e+05
7.751e+05
7.6367e+05
7.5207e+05
7.403e+05
7.2837e+05
7.1629e+05
7.0408e+05
6.9176e+05
6.7932e+05
6.6678e+05
6.5416e+05
6.4146e+05
6.287e+05
6.159e+05
6.0305e+05
5.9017e+05
5.7728e+05
5.6439e+05
5.515e+05
5.3863e+05
5.2578e+05
5.1298e+05
5.0022e+05
4.8752e+05
4.7489e+05
4.6233e+05
4.4987e+05
4.375e+05
4.2523e+05
4.1308e+05
4.0105e+05
3.8915e+05
3.7739e+05
3.6577e+05
3.5431e+05
3.43e+05
3.3186e+05
3.2089e+05
3.1009e+05
2.9948e+05
2.8906e+05
2.7883e+05
2.688e+05
2.5897e+05
2.4934e+05
2.3993e+05
2.3072e+05
2.2173e+05
2.1296e+05
2.044e+05
1.9607e+05
1.8796e+05
1.8008e+05
1.7242e+05
1.6499e+05
1.5779e+05
1.5081e+05
1.4406e+05
1.3753e+05
1.3123e+05
1.2515e+05
1.193e+05
1.1367e+05
1.0826e+05
1.0307e+05
98097
93335
88785
84443
80306
76372
72637
69097
65749
62589
59613
56817
54197
51749
49469
47351
45391
43585
41928
40416
39043
37805
36697
35714
34851
34103
33466
32935
32504
32169
31926
31769
31693
31695
31770
31912
32118
32383
32703
33073
33490
33949
34447
34979
35542
36132
36746
37380
38030
38694
39369
40051
40737
41425
42112
42795
43473
44142
44801
45448
46080
46696
47293
47871
48428
48963
49473
49958
50418
50850
51254
51630
51976
52292
52578
52833
53056
53248
53408
53537
53634
53699
53732
53734
53705
53645
53555
53435
53285
53106
52898
52663
52400
52111
51796
51455
51090
50702
50291
49858
49403
48929
48435
47922
47392
46845
46282
45704
45113
44508
43890
43262
42622
41974
41316
40650
39978
39299
38614
37925
37232
36536
35838
35138
34437
33735
33034
32334
31636
30939
30246
29556
