5.0968e+05
5.1079e+05
5.1185e+05
5.1284e+05
5.1378e+05
5.1466e+05
5.1549e+05
5.1625e+05
5.1697e+05
5.1762e+05
5.1823e+05
5.1877e+05
5.1927e+05
5.1971e+05
5.201e+05
5.2044e+05
5.2073e+05
5.2097e+05
5.2116e+05
5.213e+05
5.2139e+05
5.2144e+05
5.2144e+05
5.214e+05
5.2131e+05
5.2118e+05
5.2101e+05
5.2079e+05
5.2053e+05
5.2024e+05
5.199e+05
5.1953e+05
5.1911e+05
5.1867e+05
5.1818e+05
5.1766e+05
5.1711e+05
5.1652e+05
5.1591e+05
5.1526e+05
5.1458e+05
5.1386e+05
5.1313e+05
5.1236e+05
5.1156e+05
5.1074e+05
5.099e+05
5.0902e+05
5.0813e+05
5.0721e+05
5.0627e+05
5.053e+05
5.0432e+05
5.0331e+05
5.0229e+05
5.0124e+05
5.0018e+05
4.991e+05
4.9801e+05
4.9689e+05
4.9576e+05
4.9462e+05
4.9346e+05
4.9229e+05
4.9111e+05
4.8991e+05
4.887e+05
4.8747e+05
4.8624e+05
4.85e+05
4.8374e+05
4.8248e+05
4.812e+05
4.7992e+05
4.7862e+05
4.7732e+05
4.7601e+05
4.747e+05
4.7337e+05
4.7204e+05
4.707e+05
4.6935e+05
4.68e+05
4.6664e+05
4.6528e+05
4.639e+05
4.6253e+05
4.6114e+05
4.5975e+05
4.5836e+05
4.5696e+05
4.5555e+05
4.5414e+05
4.5272e+05
4.513e+05
4.4987e+05
4.4844e+05
4.47e+05
4.4555e+05
4.441e+05
4.4264e+05
4.4118e+05
4.3971e+05
4.3823e+05
4.3675e+05
4.3526e+05
4.3376e+05
4.3226e+05
4.3075e+05
4.2923e+05
4.277e+05
4.2617e+05
4.2462e+05
4.2307e+05
4.2151e+05
4.1994e+05
4.1836e+05
4.1677e+05
4.1517e+05
4.1356e+05
4.1194e+05
4.103e+05
4.0866e+05
4.0701e+05
4.0534e+05
4.0366e+05
4.0196e+05
4.0026e+05
3.9854e+05
3.9681e+05
3.9506e+05
3.933e+05
3.9152e+05
3.8973e+05
3.8792e+05
3.861e+05
3.8426e+05
3.824e+05
3.8053e+05
3.7864e+05
3.7673e+05
3.748e+05
3.7286e+05
3.709e+05
3.6892e+05
3.6692e+05
3.649e+05
3.6286e+05
3.608e+05
3.5872e+05
3.5663e+05
3.5451e+05
3.5237e+05
3.5021e+05
3.4803e+05
3.4583e+05
3.4361e+05
3.4137e+05
3.391e+05
3.3682e+05
3.3451e+05
3.3218e+05
3.2983e+05
3.2746e+05
3.2507e+05
3.2266e+05
3.2022e+05
3.1777e+05
3.1529e+05
3.1279e+05
3.1027e+05
3.0773e+05
3.0517e+05
3.0259e+05
2.9999e+05
2.9737e+05
2.9473e+05
2.9206e+05
2.8939e+05
2.8669e+05
2.8397e+05
2.8124e+05
2.7848e+05
2.7571e+05
2.7293e+05
2.7013e+05
2.6731e+05
2.6447e+05
2.6163e+05
2.5876e+05
2.5589e+05
2.53e+05
2.501e+05
2.4719e+05
2.4426e+05
2.4133e+05
2.3838e+05
2.3543e+05
2.3247e+05
2.295e+05
2.2653e+05
2.2355e+05
2.2057e+05
2.1758e+05
2.1459e+05
2.1159e+05
2.086e+05
2.056e+05
2.0261e+05
1.9962e+05
1.9663e+05
1.9364e+05
1.9066e+05
1.8769e+05
1.8472e+05
1.8177e+05
1.7882e+05
1.7588e+05
1.7295e+05
1.7004e+05
1.6714e+05
1.6425e+05
1.6138e+05
1.5853e+05
1.557e+05
1.5289e+05
1.501e+05
1.4733e+05
1.4458e+05
1.4187e+05
1.3917e+05
1.3651e+05
1.3387e+05
1.3127e+05
1.287e+05
1.2616e+05
1.2365e+05
1.2118e+05
1.1875e+05
1.1636e+05
1.14e+05
1.1169e+05
1.0942e+05
1.0719e+05
1.0501e+05
1.0288e+05
1.0079e+05
98752
96765
94830
92948
91121
89349
87635
85980
84384
82849
81376
79967
78622
77344
76133
74990
73917
72914
71984
71126
70343
69635
69003
68449
67973
67576
67260
67025
66873
66804
66819
66919
67105
67378
67738
68186
68724
69351
70068
70877
71777
72770
73855
75034
76307
77674
79135
80692
82344
84092
85937
87877
89915
92049
94280
96608
99034
1.0156e+05
1.0418e+05
1.0689e+05
1.0971e+05
1.1262e+05
1.1563e+05
1.1873e+05
1.2193e+05
1.2523e+05
1.2863e+05
1.3212e+05
1.357e+05
1.3938e+05
1.4316e+05
1.4703e+05
1.5099e+05
1.5504e+05
1.5919e+05
1.6343e+05
1.6776e+05
1.7219e+05
1.767e+05
1.813e+05
1.8599e+05
1.9076e+05
1.9562e+05
2.0057e+05
2.0561e+05
2.1072e+05
2.1592e+05
2.212e+05
2.2657e+05
2.3201e+05
2.3753e+05
2.4312e+05
2.488e+05
2.5454e+05
2.6036e+05
2.6626e+05
2.7222e+05
2.7825e+05
2.8436e+05
2.9052e+05
2.9676e+05
3.0305e+05
3.0941e+05
3.1583e+05
3.2231e+05
3.2885e+05
3.3544e+05
3.4208e+05
3.4878e+05
3.5553e+05
3.6233e+05
3.6918e+05
3.7607e+05
3.83e+05
3.8998e+05
3.97e+05
4.0406e+05
4.1115e+05
4.1828e+05
4.2544e+05
4.3263e+05
4.3985e+05
4.471e+05
4.5437e+05
4.6167e+05
4.6898e+05
4.7632e+05
4.8367e+05
4.9104e+05
4.9842e+05
5.0581e+05
5.1322e+05
5.2063e+05
5.2804e+05
5.3546e+05
5.4287e+05
5.5029e+05
5.577e+05
5.6511e+05
5.7251e+05
5.7991e+05
5.8729e+05
5.9465e+05
6.02e+05
6.0934e+05
6.1665e+05
6.2394e+05
6.3121e+05
6.3845e+05
6.4566e+05
6.5285e+05
6.6e+05
6.6712e+05
6.742e+05
6.8124e+05
6.8825e+05
6.9521e+05
7.0213e+05
7.09e+05
7.1582e+05
7.226e+05
7.2932e+05
7.3599e+05
7.4261e+05
7.4916e+05
7.5566e+05
7.621e+05
7.6847e+05
7.7478e+05
7.8102e+05
7.872e+05
7.933e+05
7.9934e+05
8.053e+05
8.1118e+05
8.1699e+05
8.2272e+05
8.2838e+05
8.3395e+05
8.3944e+05
8.4484e+05
8.5016e+05
8.5539e+05
8.6053e+05
8.6559e+05
8.7055e+05
8.7542e+05
8.8019e+05
8.8488e+05
8.8946e+05
8.9395e+05
8.9834e+05
9.0262e+05
9.0681e+05
9.109e+05
9.1488e+05
9.1876e+05
9.2253e+05
9.262e+05
9.2976e+05
9.3321e+05
9.3655e+05
9.3979e+05
9.4291e+05
9.4593e+05
9.4883e+05
9.5162e+05
9.543e+05
9.5686e+05
9.5931e+05
9.6164e+05
9.6386e+05
9.6596e+05
9.6795e+05
9.6982e+05
9.7158e+05
9.7321e+05
9.7474e+05
9.7614e+05
9.7742e+05
9.7859e+05
9.7964e+05
9.8057e+05
9.8138e+05
9.8208e+05
9.8265e+05
9.8311e+05
9.8345e+05
9.8367e+05
9.8378e+05
9.8376e+05
9.8363e+05
9.8338e+05
9.8302e+05
9.8254e+05
9.8194e+05
9.8123e+05
9.804e+05
9.7945e+05
9.7839e+05
9.7722e+05
9.7594e+05
9.7454e+05
9.7303e+05
9.714e+05
9.6967e+05
9.6783e+05
9.6587e+05
9.6381e+05
9.6164e+05
9.5937e+05
9.5698e+05
9.5449e+05
9.519e+05
9.492e+05
9.464e+05
9.435e+05
9.405e+05
9.374e+05
9.342e+05
9.309e+05
9.2751e+05
9.2402e+05
9.2043e+05
9.1676e+05
9.1299e+05
9.0913e+05
9.0518e+05
9.0114e+05
8.9702e+05
8.9281e+05
8.8851e+05
8.8414e+05
8.7968e+05
8.7514e+05
8.7052e+05
8.6583e+05
8.6105e+05
8.5621e+05
8.5129e+05
8.463e+05
8.4123e+05
8.361e+05
8.309e+05
8.2564e+05
8.2031e+05
8.1492e+05
8.0946e+05
8.0395e+05
7.9837e+05
7.9274e+05
7.8706e+05
7.8132e+05
7.7553e+05
7.6968e+05
7.6379e+05
7.5785e+05
7.5187e+05
7.4584e+05
7.3976e+05
7.3365e+05
7.275e+05
7.213e+05
7.1507e+05
7.0881e+05
7.0251e+05
6.9618e+05
6.8982e+05
6.8343e+05
6.7702e+05
6.7058e+05
6.6411e+05
6.5762e+05
6.5111e+05
6.4459e+05
6.3804e+05
6.3148e+05
6.249e+05
6.1831e+05
6.1171e+05
6.0509e+05
5.9847e+05
5.9184e+05
5.8521e+05
5.7857e+05
5.7193e+05
5.6528e+05
5.5864e+05
5.52e+05
5.4536e+05
5.3872e+05
5.3209e+05
5.2547e+05
5.1885e+05
5.1225e+05
5.0565e+05
4.9907e+05
4.925e+05
4.8595e+05
4.7941e+05
4.7289e+05
4.6639e+05
4.5991e+05
4.5345e+05
4.4701e+05
4.406e+05
4.3421e+05
4.2784e+05
4.215e+05
4.1519e+05
4.0891e+05
4.0266e+05
3.9644e+05
3.9025e+05
3.841e+05
3.7798e+05
3.7189e+05
3.6584e+05
3.5983e+05
3.5386e+05
3.4792e+05
3.4202e+05
3.3617e+05
3.3035e+05
3.2458e+05
3.1885e+05
3.1316e+05
3.0752e+05
3.0192e+05
2.9637e+05
2.9087e+05
2.8541e+05
2.8e+05
2.7464e+05
2.6932e+05
2.6406e+05
2.5885e+05
2.5368e+05
2.4857e+05
2.4351e+05
2.385e+05
2.3355e+05
2.2865e+05
2.238e+05
2.19e+05
2.1426e+05
2.0958e+05
2.0494e+05
2.0037e+05
1.9585e+05
1.9138e+05
1.8697e+05
1.8262e+05
1.7832e+05
1.7408e+05
1.6989e+05
1.6577e+05
1.617e+05
1.5768e+05
1.5373e+05
1.4983e+05
1.4599e+05
1.422e+05
1.3848e+05
1.3481e+05
1.312e+05
1.2764e+05
1.2414e+05
1.207e+05
1.1732e+05
1.1399e+05
1.1072e+05
1.0751e+05
1.0435e+05
1.0125e+05
98211
95223
92291
89414
86593
83827
81116
78459
75857
73308
70813
68371
65982
63645
61360
59127
56946
54815
52735
50705
48725
46793
44911
43076
41289
39550
37857
36211
34610
33054
31544
30077
28654
27274
25936
24640
23386
22172
20999
19865
18771
17714
16696
15715
14770
13862
12989
12150
11346
10576
9838.1
9132.8
8459.3
7816.9
7204.9
6622.8
6069.9
5545.6
5049.3
4580.4
4138.2
3722.1
3331.4
2965.7
2624.2
2306.3
2011.5
1739.1
1488.5
1259
1050.2
861.4
691.98
541.37
408.98
294.23
196.53
115.3
49.984
0
