1.6828e+05
1.7274e+05
1.772e+05
1.8168e+05
1.8616e+05
1.9063e+05
1.9509e+05
1.9954e+05
2.0398e+05
2.0838e+05
2.1276e+05
2.171e+05
2.214e+05
2.2566e+05
2.2987e+05
2.3402e+05
2.3812e+05
2.4216e+05
2.4613e+05
2.5003e+05
2.5386e+05
2.5761e+05
2.6129e+05
2.6488e+05
2.6838e+05
2.718e+05
2.7513e+05
2.7837e+05
2.8151e+05
2.8456e+05
2.8751e+05
2.9036e+05
2.9311e+05
2.9576e+05
2.9831e+05
3.0076e+05
3.0311e+05
3.0536e+05
3.075e+05
3.0955e+05
3.115e+05
3.1334e+05
3.1509e+05
3.1674e+05
3.1829e+05
3.1976e+05
3.2113e+05
3.224e+05
3.236e+05
3.247e+05
3.2572e+05
3.2666e+05
3.2753e+05
3.2831e+05
3.2903e+05
3.2968e+05
3.3026e+05
3.3078e+05
3.3123e+05
3.3164e+05
3.3199e+05
3.3229e+05
3.3255e+05
3.3277e+05
3.3295e+05
3.3309e+05
3.3321e+05
3.333e+05
3.3337e+05
3.3342e+05
3.3345e+05
3.3348e+05
3.335e+05
3.3351e+05
3.3353e+05
3.3355e+05
3.3358e+05
3.3362e+05
3.3367e+05
3.3375e+05
3.3384e+05
3.3396e+05
3.3411e+05
3.3429e+05
3.345e+05
3.3475e+05
3.3503e+05
3.3536e+05
3.3573e+05
3.3614e+05
3.3661e+05
3.3712e+05
3.3768e+05
3.383e+05
3.3897e+05
3.3969e+05
3.4047e+05
3.4131e+05
3.422e+05
3.4316e+05
3.4417e+05
3.4523e+05
3.4636e+05
3.4755e+05
3.4879e+05
3.5009e+05
3.5144e+05
3.5285e+05
3.5432e+05
3.5583e+05
3.574e+05
3.5902e+05
3.6069e+05
3.624e+05
3.6416e+05
3.6596e+05
3.678e+05
3.6968e+05
3.7159e+05
3.7353e+05
3.7551e+05
3.7751e+05
3.7953e+05
3.8157e+05
3.8364e+05
3.8571e+05
3.878e+05
3.8989e+05
3.9198e+05
3.9408e+05
3.9617e+05
3.9826e+05
4.0033e+05
4.0239e+05
4.0443e+05
4.0645e+05
4.0845e+05
4.1041e+05
4.1234e+05
4.1424e+05
4.1609e+05
4.179e+05
4.1966e+05
4.2137e+05
4.2303e+05
4.2462e+05
4.2616e+05
4.2763e+05
4.2903e+05
4.3036e+05
4.3162e+05
4.328e+05
4.339e+05
4.3492e+05
4.3585e+05
4.3669e+05
4.3745e+05
4.3811e+05
4.3868e+05
4.3915e+05
4.3952e+05
4.398e+05
4.3997e+05
4.4004e+05
4.4001e+05
4.3987e+05
4.3962e+05
4.3927e+05
4.3881e+05
4.3825e+05
4.3757e+05
4.3679e+05
4.359e+05
4.349e+05
4.3379e+05
4.3258e+05
4.3126e+05
4.2983e+05
4.283e+05
4.2666e+05
4.2493e+05
4.2309e+05
4.2115e+05
4.1911e+05
4.1698e+05
4.1475e+05
4.1243e+05
4.1002e+05
4.0753e+05
4.0494e+05
4.0227e+05
3.9953e+05
3.967e+05
3.938e+05
3.9083e+05
3.8778e+05
3.8467e+05
3.815e+05
3.7827e+05
3.7497e+05
3.7163e+05
3.6823e+05
3.6479e+05
3.613e+05
3.5777e+05
3.5421e+05
3.5061e+05
3.4697e+05
3.4331e+05
3.3963e+05
3.3593e+05
3.3221e+05
3.2847e+05
3.2473e+05
3.2097e+05
3.1722e+05
3.1346e+05
3.097e+05
3.0595e+05
3.0221e+05
2.9847e+05
2.9475e+05
2.9105e+05
2.8737e+05
2.8371e+05
2.8007e+05
2.7646e+05
2.7288e+05
2.6934e+05
2.6582e+05
2.6234e+05
2.589e+05
2.555e+05
2.5214e+05
2.4882e+05
2.4555e+05
2.4232e+05
2.3914e+05
2.3601e+05
2.3292e+05
2.2989e+05
2.2691e+05
2.2397e+05
2.2109e+05
2.1826e+05
2.1549e+05
2.1276e+05
2.1009e+05
2.0747e+05
2.049e+05
2.0239e+05
1.9992e+05
1.9751e+05
1.9515e+05
1.9283e+05
1.9057e+05
1.8835e+05
1.8618e+05
1.8405e+05
1.8197e+05
1.7993e+05
1.7793e+05
1.7597e+05
1.7405e+05
1.7217e+05
1.7032e+05
1.6851e+05
1.6672e+05
1.6497e+05
1.6324e+05
1.6154e+05
1.5986e+05
1.5821e+05
1.5657e+05
1.5495e+05
1.5335e+05
1.5176e+05
1.5018e+05
1.4861e+05
1.4705e+05
1.4549e+05
1.4394e+05
1.4239e+05
1.4083e+05
1.3928e+05
1.3772e+05
1.3615e+05
1.3458e+05
1.3299e+05
1.3139e+05
1.2978e+05
1.2816e+05
1.2652e+05
1.2486e+05
1.2318e+05
1.2148e+05
1.1976e+05
1.1802e+05
1.1625e+05
1.1446e+05
1.1264e+05
1.108e+05
1.0894e+05
1.0704e+05
1.0512e+05
1.0317e+05
1.012e+05
99193
97163
95107
93025
90917
88784
86627
84446
82244
80021
77779
75518
73241
70950
68646
66331
64007
61677
59342
57006
54671
52340
50015
47700
45396
43109
40840
38592
36371
34178
32017
29893
27808
25767
23773
21831
19944
18115
16350
14652
13026
11475
10003
8615.5
7315.7
6107.9
4996.4
3985.2
3078.6
2280.6
1595.3
1026.7
578.99
256.01
61.723
0
74.649
289.41
647.96
1153.9
1810.7
2621.8
3590.6
4720.2
6013.8
7474.5
9105
10908
12887
15043
17380
19900
22604
25494
28574
31843
35304
38959
42807
46851
51091
55529
60163
64996
70027
75256
80682
86307
92129
98147
1.0436e+05
1.1077e+05
1.1737e+05
1.2416e+05
1.3115e+05
1.3832e+05
1.4568e+05
1.5322e+05
1.6094e+05
1.6885e+05
1.7693e+05
1.8518e+05
1.9361e+05
2.022e+05
2.1096e+05
2.1988e+05
2.2895e+05
2.3818e+05
2.4756e+05
2.5708e+05
2.6674e+05
2.7654e+05
2.8647e+05
2.9653e+05
3.0671e+05
3.17e+05
3.2741e+05
3.3792e+05
3.4853e+05
3.5924e+05
3.7004e+05
3.8092e+05
3.9188e+05
4.0291e+05
4.1401e+05
4.2517e+05
4.3638e+05
4.4764e+05
4.5894e+05
4.7027e+05
4.8163e+05
4.9301e+05
5.0441e+05
5.1581e+05
5.2721e+05
5.3861e+05
5.5e+05
5.6137e+05
5.7271e+05
5.8402e+05
5.9529e+05
6.0651e+05
6.1768e+05
6.2879e+05
6.3984e+05
6.5081e+05
6.617e+05
6.725e+05
6.8321e+05
6.9383e+05
7.0433e+05
7.1472e+05
7.25e+05
7.3515e+05
7.4516e+05
7.5504e+05
7.6478e+05
7.7437e+05
7.838e+05
7.9307e+05
8.0217e+05
8.111e+05
8.1986e+05
8.2843e+05
8.3682e+05
8.4501e+05
8.53e+05
8.6079e+05
8.6838e+05
8.7575e+05
8.8291e+05
8.8984e+05
8.9656e+05
9.0305e+05
9.093e+05
9.1532e+05
9.2111e+05
9.2665e+05
9.3195e+05
9.37e+05
9.418e+05
9.4636e+05
9.5065e+05
9.547e+05
9.5848e+05
9.62e+05
9.6527e+05
9.6827e+05
9.7101e+05
9.7348e+05
9.7569e+05
9.7763e+05
9.7931e+05
9.8072e+05
9.8186e+05
9.8274e+05
9.8335e+05
9.837e+05
9.8378e+05
9.8359e+05
9.8315e+05
9.8244e+05
9.8148e+05
9.8025e+05
9.7877e+05
9.7703e+05
9.7504e+05
9.728e+05
9.7031e+05
9.6758e+05
9.646e+05
9.6138e+05
9.5792e+05
9.5424e+05
9.5031e+05
9.4617e+05
9.4179e+05
9.372e+05
9.3239e+05
9.2737e+05
9.2214e+05
9.167e+05
9.1107e+05
9.0523e+05
8.9921e+05
8.93e+05
8.866e+05
8.8003e+05
8.7329e+05
8.6637e+05
8.593e+05
8.5206e+05
8.4467e+05
8.3714e+05
8.2945e+05
8.2164e+05
8.1368e+05
8.0561e+05
7.974e+05
7.8909e+05
7.8066e+05
7.7212e+05
7.6348e+05
7.5475e+05
7.4593e+05
7.3702e+05
7.2803e+05
7.1897e+05
7.0985e+05
7.0065e+05
6.9141e+05
6.821e+05
6.7276e+05
6.6337e+05
6.5394e+05
6.4448e+05
6.35e+05
6.2549e+05
6.1597e+05
6.0644e+05
5.969e+05
5.8736e+05
5.7783e+05
5.683e+05
5.5878e+05
5.4929e+05
5.3981e+05
5.3037e+05
5.2095e+05
5.1157e+05
5.0223e+05
4.9293e+05
4.8368e+05
4.7449e+05
4.6534e+05
4.5626e+05
4.4724e+05
4.3829e+05
4.2941e+05
4.206e+05
4.1187e+05
4.0321e+05
3.9464e+05
3.8616e+05
3.7777e+05
3.6946e+05
3.6125e+05
3.5314e+05
3.4513e+05
3.3721e+05
3.294e+05
3.217e+05
3.141e+05
3.0661e+05
2.9924e+05
2.9197e+05
2.8482e+05
2.7779e+05
2.7087e+05
2.6407e+05
2.5739e+05
2.5083e+05
2.4439e+05
2.3807e+05
2.3188e+05
2.2581e+05
2.1986e+05
2.1403e+05
2.0833e+05
2.0275e+05
1.973e+05
1.9197e+05
1.8677e+05
1.8169e+05
1.7673e+05
1.719e+05
1.6719e+05
1.626e+05
1.5813e+05
1.5378e+05
1.4956e+05
1.4545e+05
1.4146e+05
1.3759e+05
1.3384e+05
1.302e+05
1.2667e+05
1.2326e+05
1.1996e+05
1.1676e+05
1.1368e+05
1.107e+05
1.0783e+05
1.0506e+05
1.024e+05
99835
97369
95000
92727
90547
88459
86460
84550
82725
80984
79324
77745
76244
74818
73466
72186
70976
69833
68756
67742
66790
65897
65061
64281
63554
62877
62250
61670
61135
60643
60193
59781
59407
59068
58763
58489
58245
58030
57840
57675
57533
57412
57310
57227
57159
57107
57067
57040
57023
57015
57015
57021
57032
57047
57065
57084
57103
57122
57139
57154
57165
57172
57173
57168
57155
57136
57107
57070
57023
56966
56898
56819
56728
56625
56509
56380
56239
56083
55914
55731
55534
55323
55097
54857
54602
54333
54050
53752
53440
53113
52772
52417
52049
51667
51271
50863
50441
50007
49560
49102
