84127
87339
90624
93978
97398
1.0088e+05
1.0442e+05
1.0801e+05
1.1165e+05
1.1533e+05
1.1905e+05
1.2281e+05
1.266e+05
1.3041e+05
1.3424e+05
1.3809e+05
1.4195e+05
1.4582e+05
1.4969e+05
1.5356e+05
1.5742e+05
1.6126e+05
1.6509e+05
1.689e+05
1.7268e+05
1.7644e+05
1.8016e+05
1.8384e+05
1.8747e+05
1.9106e+05
1.946e+05
1.9809e+05
2.0152e+05
2.0488e+05
2.0818e+05
2.1142e+05
2.1458e+05
2.1767e+05
2.2068e+05
2.2361e+05
2.2646e+05
2.2923e+05
2.3191e+05
2.345e+05
2.37e+05
2.3941e+05
2.4173e+05
2.4396e+05
2.4609e+05
2.4813e+05
2.5007e+05
2.5191e+05
2.5366e+05
2.5531e+05
2.5686e+05
2.5832e+05
2.5969e+05
2.6095e+05
2.6213e+05
2.6321e+05
2.642e+05
2.651e+05
2.6591e+05
2.6663e+05
2.6727e+05
2.6782e+05
2.6829e+05
2.6869e+05
2.69e+05
2.6924e+05
2.694e+05
2.695e+05
2.6952e+05
2.6949e+05
2.6939e+05
2.6923e+05
2.6901e+05
2.6874e+05
2.6841e+05
2.6804e+05
2.6763e+05
2.6717e+05
2.6667e+05
2.6614e+05
2.6557e+05
2.6498e+05
2.6435e+05
2.637e+05
2.6303e+05
2.6235e+05
2.6164e+05
2.6093e+05
2.602e+05
2.5946e+05
2.5872e+05
2.5798e+05
2.5724e+05
2.565e+05
2.5576e+05
2.5503e+05
2.5431e+05
2.536e+05
2.529e+05
2.5222e+05
2.5156e+05
2.5091e+05
2.5028e+05
2.4967e+05
2.4908e+05
2.4851e+05
2.4797e+05
2.4746e+05
2.4697e+05
2.465e+05
2.4607e+05
2.4566e+05
2.4527e+05
2.4492e+05
2.446e+05
2.443e+05
2.4403e+05
2.4379e+05
2.4358e+05
2.4339e+05
2.4324e+05
2.431e+05
2.43e+05
2.4292e+05
2.4287e+05
2.4284e+05
2.4283e+05
2.4285e+05
2.4289e+05
2.4294e+05
2.4302e+05
2.4311e+05
2.4323e+05
2.4335e+05
2.435e+05
2.4365e+05
2.4382e+05
2.44e+05
2.4418e+05
2.4438e+05
2.4458e+05
2.4479e+05
2.45e+05
2.4521e+05
2.4542e+05
2.4564e+05
2.4585e+05
2.4605e+05
2.4625e+05
2.4645e+05
2.4664e+05
2.4682e+05
2.4699e+05
2.4715e+05
2.4729e+05
2.4742e+05
2.4754e+05
2.4764e+05
2.4772e+05
2.4779e+05
2.4783e+05
2.4786e+05
2.4786e+05
2.4784e+05
2.4779e+05
2.4772e+05
2.4763e+05
2.4751e+05
2.4736e+05
2.4719e+05
2.4698e+05
2.4675e+05
2.4648e+05
2.4619e+05
2.4586e+05
2.455e+05
2.4511e+05
2.4469e+05
2.4423e+05
2.4374e+05
2.4321e+05
2.4265e+05
2.4206e+05
2.4142e+05
2.4076e+05
2.4005e+05
2.3931e+05
2.3853e+05
2.3772e+05
2.3687e+05
2.3598e+05
2.3505e+05
2.3409e+05
2.3308e+05
2.3204e+05
2.3096e+05
2.2984e+05
2.2869e+05
2.2749e+05
2.2626e+05
2.2499e+05
2.2368e+05
2.2233e+05
2.2094e+05
2.1952e+05
2.1806e+05
2.1655e+05
2.1502e+05
2.1344e+05
2.1182e+05
2.1017e+05
2.0849e+05
2.0676e+05
2.05e+05
2.032e+05
2.0137e+05
1.995e+05
1.976e+05
1.9566e+05
1.937e+05
1.9169e+05
1.8966e+05
1.8759e+05
1.8549e+05
1.8337e+05
1.8121e+05
1.7903e+05
1.7681e+05
1.7457e+05
1.7231e+05
1.7002e+05
1.6771e+05
1.6537e+05
1.6302e+05
1.6064e+05
1.5825e+05
1.5583e+05
1.5341e+05
1.5096e+05
1.4851e+05
1.4604e+05
1.4357e+05
1.4108e+05
1.3859e+05
1.361e+05
1.336e+05
1.311e+05
1.286e+05
1.261e+05
1.2361e+05
1.2112e+05
1.1864e+05
1.1617e+05
1.1372e+05
1.1127e+05
1.0885e+05
1.0644e+05
1.0405e+05
1.0168e+05
99334
97016
94725
92463
90234
88037
85876
83751
81666
79621
77618
75658
73744
71877
70057
68287
66568
64901
63286
61726
60220
58770
57376
56039
54759
53537
52372
51266
50218
49228
48295
47420
46601
45839
45132
44480
43882
43336
42841
42397
42001
41652
41348
41088
40870
40690
40549
40442
40369
40326
40311
40322
40356
40410
40482
40568
40667
40775
40890
41008
41127
41243
41355
41459
41552
41632
41696
41741
41765
41765
41738
41683
41597
41478
41324
41133
40904
40634
40322
39968
39570
39126
38637
38102
37520
36891
36216
35494
34727
33914
33057
32157
31216
30234
29215
28160
27071
25952
24805
23633
22440
21230
20005
18771
17531
16290
15053
13825
12611
11417
10247
9108.3
8006.3
6947.3
5937.4
4983.1
4091.1
3267.9
2520.4
1855.6
1280.4
802.03
427.55
164.21
19.263
0
113.71
367.67
769.16
1325.4
2043.6
2930.8
3994.2
5240.6
6676.8
8309.7
10146
12191
14452
16935
19646
22590
25772
29199
32873
36801
40987
45434
50146
55127
60380
65906
71709
77791
84153
90796
97721
1.0493e+05
1.1242e+05
1.2019e+05
1.2824e+05
1.3657e+05
1.4518e+05
1.5407e+05
1.6323e+05
1.7266e+05
1.8236e+05
1.9231e+05
2.0253e+05
2.13e+05
2.2372e+05
2.3468e+05
2.4588e+05
2.5731e+05
2.6896e+05
2.8083e+05
2.9291e+05
3.0518e+05
3.1765e+05
3.303e+05
3.4313e+05
3.5611e+05
3.6925e+05
3.8254e+05
3.9596e+05
4.095e+05
4.2315e+05
4.369e+05
4.5074e+05
4.6465e+05
4.7863e+05
4.9265e+05
5.0672e+05
5.2081e+05
5.3492e+05
5.4902e+05
5.6311e+05
5.7717e+05
5.912e+05
6.0517e+05
6.1907e+05
6.3289e+05
6.4662e+05
6.6024e+05
6.7373e+05
6.871e+05
7.0031e+05
7.1337e+05
7.2625e+05
7.3894e+05
7.5143e+05
7.6371e+05
7.7576e+05
7.8757e+05
7.9914e+05
8.1044e+05
8.2147e+05
8.3222e+05
8.4267e+05
8.5281e+05
8.6264e+05
8.7214e+05
8.8131e+05
8.9013e+05
8.9859e+05
9.067e+05
9.1443e+05
9.2178e+05
9.2875e+05
9.3533e+05
9.4151e+05
9.4728e+05
9.5265e+05
9.576e+05
9.6213e+05
9.6624e+05
9.6992e+05
9.7317e+05
9.7599e+05
9.7838e+05
9.8033e+05
9.8185e+05
9.8293e+05
9.8357e+05
9.8378e+05
9.8355e+05
9.8289e+05
9.8179e+05
9.8027e+05
9.7832e+05
9.7595e+05
9.7316e+05
9.6995e+05
9.6634e+05
9.6232e+05
9.579e+05
9.5309e+05
9.4789e+05
9.4232e+05
9.3637e+05
9.3006e+05
9.2339e+05
9.1637e+05
9.0901e+05
9.0132e+05
8.9331e+05
8.8499e+05
8.7636e+05
8.6745e+05
8.5825e+05
8.4878e+05
8.3904e+05
8.2906e+05
8.1884e+05
8.0839e+05
7.9773e+05
7.8686e+05
7.758e+05
7.6455e+05
7.5314e+05
7.4156e+05
7.2984e+05
7.1799e+05
7.0601e+05
6.9392e+05
6.8173e+05
6.6945e+05
6.571e+05
6.4468e+05
6.3221e+05
6.197e+05
6.0715e+05
5.9459e+05
5.8202e+05
5.6945e+05
5.5689e+05
5.4435e+05
5.3185e+05
5.1939e+05
5.0698e+05
4.9464e+05
4.8237e+05
4.7018e+05
4.5808e+05
4.4607e+05
4.3418e+05
4.2239e+05
4.1073e+05
3.992e+05
3.878e+05
3.7655e+05
3.6545e+05
3.545e+05
3.4372e+05
3.331e+05
3.2265e+05
3.1239e+05
3.023e+05
2.924e+05
2.8269e+05
2.7317e+05
2.6385e+05
2.5473e+05
2.4582e+05
2.371e+05
2.286e+05
2.203e+05
2.1222e+05
2.0434e+05
1.9668e+05
1.8923e+05
1.8199e+05
1.7497e+05
1.6816e+05
1.6156e+05
1.5517e+05
1.49e+05
1.4303e+05
1.3727e+05
1.3172e+05
1.2638e+05
1.2123e+05
1.1629e+05
1.1154e+05
1.0699e+05
1.0263e+05
98459
94474
90673
87051
83605
80331
77226
74285
71505
68881
66410
64087
61908
59869
57965
56193
54548
53024
51619
50328
49146
48069
47092
46212
45423
44722
44105
43567
43105
42713
42389
42129
41927
41782
41689
41644
41644
41685
41765
41880
42027
42203
42404
42629
42874
43136
43414
43705
44005
44314
44629
44948
45269
45591
45911
46227
46539
46845
47144
47434
47714
47983
48241
48485
48716
48933
49134
49320
49490
49643
49779
49898
49999
50082
50147
50194
50224
50234
50227
50202
50159
50098
50020
49924
49811
49682
49536
49374
49196
49003
48794
48571
48334
48083
47819
47542
47252
46950
46637
46313
45978
45633
45279
44915
44542
44161
43772
43376
42973
42563
42147
41725
41298
40866
40429
39988
39544
39096
38644
38190
37734
37275
36814
36352
35889
35425
34960
34494
34029
33563
33098
32633
32169
