1.5433e+05
1.5854e+05
1.6276e+05
1.6698e+05
1.7119e+05
1.7539e+05
1.7958e+05
1.8375e+05
1.8789e+05
1.92e+05
1.9608e+05
2.0012e+05
2.0411e+05
2.0806e+05
2.1195e+05
2.1579e+05
2.1956e+05
2.2327e+05
2.2691e+05
2.3048e+05
2.3398e+05
2.3739e+05
2.4073e+05
2.4398e+05
2.4715e+05
2.5023e+05
2.5322e+05
2.5611e+05
2.5892e+05
2.6163e+05
2.6424e+05
2.6676e+05
2.6917e+05
2.7149e+05
2.7372e+05
2.7584e+05
2.7787e+05
2.7979e+05
2.8162e+05
2.8336e+05
2.8499e+05
2.8653e+05
2.8798e+05
2.8934e+05
2.9061e+05
2.9178e+05
2.9287e+05
2.9388e+05
2.9481e+05
2.9565e+05
2.9642e+05
2.9711e+05
2.9774e+05
2.9829e+05
2.9878e+05
2.9921e+05
2.9957e+05
2.9989e+05
3.0015e+05
3.0036e+05
3.0053e+05
3.0066e+05
3.0075e+05
3.008e+05
3.0083e+05
3.0083e+05
3.0081e+05
3.0077e+05
3.0072e+05
3.0066e+05
3.0059e+05
3.0051e+05
3.0044e+05
3.0037e+05
3.0032e+05
3.0027e+05
3.0024e+05
3.0022e+05
3.0023e+05
3.0027e+05
3.0033e+05
3.0043e+05
3.0056e+05
3.0072e+05
3.0093e+05
3.0118e+05
3.0148e+05
3.0182e+05
3.0221e+05
3.0266e+05
3.0316e+05
3.0371e+05
3.0432e+05
3.0499e+05
3.0572e+05
3.0651e+05
3.0737e+05
3.0828e+05
3.0926e+05
3.103e+05
3.114e+05
3.1257e+05
3.1381e+05
3.151e+05
3.1646e+05
3.1788e+05
3.1936e+05
3.2091e+05
3.2251e+05
3.2417e+05
3.2589e+05
3.2766e+05
3.2949e+05
3.3136e+05
3.3329e+05
3.3527e+05
3.3729e+05
3.3935e+05
3.4145e+05
3.4359e+05
3.4576e+05
3.4797e+05
3.502e+05
3.5246e+05
3.5474e+05
3.5705e+05
3.5936e+05
3.6169e+05
3.6403e+05
3.6637e+05
3.6872e+05
3.7106e+05
3.734e+05
3.7573e+05
3.7804e+05
3.8034e+05
3.8262e+05
3.8487e+05
3.871e+05
3.8929e+05
3.9145e+05
3.9358e+05
3.9565e+05
3.9769e+05
3.9967e+05
4.016e+05
4.0347e+05
4.0529e+05
4.0704e+05
4.0873e+05
4.1034e+05
4.1189e+05
4.1336e+05
4.1475e+05
4.1607e+05
4.173e+05
4.1844e+05
4.195e+05
4.2046e+05
4.2134e+05
4.2212e+05
4.2281e+05
4.234e+05
4.2389e+05
4.2428e+05
4.2457e+05
4.2476e+05
4.2485e+05
4.2483e+05
4.247e+05
4.2448e+05
4.2414e+05
4.237e+05
4.2316e+05
4.2251e+05
4.2176e+05
4.209e+05
4.1994e+05
4.1887e+05
4.1771e+05
4.1644e+05
4.1507e+05
4.136e+05
4.1204e+05
4.1038e+05
4.0862e+05
4.0677e+05
4.0484e+05
4.0281e+05
4.007e+05
3.985e+05
3.9622e+05
3.9386e+05
3.9143e+05
3.8892e+05
3.8634e+05
3.8369e+05
3.8097e+05
3.7819e+05
3.7535e+05
3.7245e+05
3.695e+05
3.665e+05
3.6344e+05
3.6035e+05
3.5721e+05
3.5403e+05
3.5082e+05
3.4757e+05
3.443e+05
3.4099e+05
3.3767e+05
3.3432e+05
3.3096e+05
3.2759e+05
3.242e+05
3.2081e+05
3.1741e+05
3.1401e+05
3.1061e+05
3.0721e+05
3.0382e+05
3.0044e+05
2.9708e+05
2.9372e+05
2.9038e+05
2.8706e+05
2.8377e+05
2.8049e+05
2.7724e+05
2.7402e+05
2.7083e+05
2.6767e+05
2.6454e+05
2.6144e+05
2.5839e+05
2.5536e+05
2.5238e+05
2.4943e+05
2.4653e+05
2.4367e+05
2.4085e+05
2.3807e+05
2.3533e+05
2.3264e+05
2.2999e+05
2.2738e+05
2.2482e+05
2.2231e+05
2.1983e+05
2.174e+05
2.1502e+05
2.1268e+05
2.1037e+05
2.0811e+05
2.059e+05
2.0372e+05
2.0158e+05
1.9948e+05
1.9741e+05
1.9538e+05
1.9339e+05
1.9142e+05
1.8949e+05
1.8759e+05
1.8572e+05
1.8388e+05
1.8206e+05
1.8026e+05
1.7849e+05
1.7674e+05
1.75e+05
1.7329e+05
1.7158e+05
1.6989e+05
1.6821e+05
1.6654e+05
1.6488e+05
1.6322e+05
1.6156e+05
1.5991e+05
1.5825e+05
1.566e+05
1.5493e+05
1.5327e+05
1.5159e+05
1.4991e+05
1.4821e+05
1.4651e+05
1.4478e+05
1.4305e+05
1.4129e+05
1.3952e+05
1.3772e+05
1.3591e+05
1.3407e+05
1.3221e+05
1.3033e+05
1.2842e+05
1.2649e+05
1.2452e+05
1.2254e+05
1.2052e+05
1.1848e+05
1.1641e+05
1.1431e+05
1.1218e+05
1.1002e+05
1.0784e+05
1.0563e+05
1.0339e+05
1.0113e+05
98836
96521
94181
91819
89435
87031
84607
82167
79710
77240
74758
72267
69767
67263
64755
62248
59742
57241
54749
52267
49799
47348
44917
42510
40130
37780
35465
33187
30950
28759
26616
24526
22493
20521
18613
16775
15009
13319
11711
10189
8754.9
7414.7
6172
5030.9
3995.5
3069.9
2258.2
1564.3
992.19
545.88
229.2
45.99
0
94.934
334.42
722
1261.2
1955.2
2807.6
3821.3
4999.6
6345.4
7861.5
9550.7
11416
13459
15683
18089
20681
23460
26427
29585
32935
36478
40215
44148
48278
52604
57129
61851
66772
71891
77208
82723
88436
94345
1.0045e+05
1.0675e+05
1.1324e+05
1.1993e+05
1.2681e+05
1.3387e+05
1.4112e+05
1.4856e+05
1.5618e+05
1.6398e+05
1.7196e+05
1.8011e+05
1.8843e+05
1.9693e+05
2.0558e+05
2.144e+05
2.2338e+05
2.3251e+05
2.4179e+05
2.5122e+05
2.6079e+05
2.705e+05
2.8034e+05
2.9031e+05
3.004e+05
3.1062e+05
3.2094e+05
3.3137e+05
3.4191e+05
3.5254e+05
3.6327e+05
3.7408e+05
3.8497e+05
3.9593e+05
4.0697e+05
4.1806e+05
4.2922e+05
4.4042e+05
4.5166e+05
4.6295e+05
4.7426e+05
4.856e+05
4.9696e+05
5.0833e+05
5.197e+05
5.3107e+05
5.4243e+05
5.5378e+05
5.651e+05
5.764e+05
5.8766e+05
5.9888e+05
6.1005e+05
6.2116e+05
6.3221e+05
6.432e+05
6.541e+05
6.6493e+05
6.7567e+05
6.8631e+05
6.9685e+05
7.0728e+05
7.176e+05
7.278e+05
7.3787e+05
7.4781e+05
7.5761e+05
7.6727e+05
7.7677e+05
7.8612e+05
7.9531e+05
8.0433e+05
8.1318e+05
8.2186e+05
8.3035e+05
8.3865e+05
8.4676e+05
8.5467e+05
8.6238e+05
8.6988e+05
8.7718e+05
8.8426e+05
8.9112e+05
8.9776e+05
9.0417e+05
9.1035e+05
9.163e+05
9.2202e+05
9.2749e+05
9.3272e+05
9.3771e+05
9.4245e+05
9.4694e+05
9.5118e+05
9.5517e+05
9.589e+05
9.6238e+05
9.6559e+05
9.6855e+05
9.7125e+05
9.7368e+05
9.7586e+05
9.7777e+05
9.7941e+05
9.808e+05
9.8192e+05
9.8278e+05
9.8337e+05
9.837e+05
9.8378e+05
9.8359e+05
9.8314e+05
9.8244e+05
9.8147e+05
9.8025e+05
9.7878e+05
9.7706e+05
9.7509e+05
9.7287e+05
9.7041e+05
9.677e+05
9.6475e+05
9.6157e+05
9.5815e+05
9.545e+05
9.5062e+05
9.4652e+05
9.422e+05
9.3766e+05
9.3291e+05
9.2794e+05
9.2277e+05
9.174e+05
9.1183e+05
9.0606e+05
9.0011e+05
8.9397e+05
8.8765e+05
8.8116e+05
8.7449e+05
8.6766e+05
8.6066e+05
8.5351e+05
8.462e+05
8.3875e+05
8.3115e+05
8.2342e+05
8.1556e+05
8.0757e+05
7.9946e+05
7.9123e+05
7.8289e+05
7.7444e+05
7.6589e+05
7.5725e+05
7.4851e+05
7.397e+05
7.308e+05
7.2182e+05
7.1278e+05
7.0367e+05
6.9451e+05
6.8529e+05
6.7602e+05
6.6671e+05
6.5736e+05
6.4798e+05
6.3857e+05
6.2914e+05
6.1968e+05
6.1022e+05
6.0075e+05
5.9127e+05
5.8179e+05
5.7232e+05
5.6286e+05
5.5342e+05
5.4399e+05
5.3459e+05
5.2522e+05
5.1588e+05
5.0657e+05
4.9731e+05
4.8809e+05
4.7892e+05
4.698e+05
4.6074e+05
4.5173e+05
4.4279e+05
4.3392e+05
4.2512e+05
4.1639e+05
4.0773e+05
3.9916e+05
3.9066e+05
3.8226e+05
3.7394e+05
3.6571e+05
3.5757e+05
3.4953e+05
3.4159e+05
3.3375e+05
3.2601e+05
3.1837e+05
3.1084e+05
3.0342e+05
2.9611e+05
2.8891e+05
2.8182e+05
2.7485e+05
2.6799e+05
2.6125e+05
2.5462e+05
2.4812e+05
2.4173e+05
2.3546e+05
2.2932e+05
2.2329e+05
2.1739e+05
2.1161e+05
2.0595e+05
2.0042e+05
1.9501e+05
1.8972e+05
1.8455e+05
1.7951e+05
1.7459e+05
1.6979e+05
1.6511e+05
1.6056e+05
1.5612e+05
1.5181e+05
1.4761e+05
1.4353e+05
1.3957e+05
1.3573e+05
1.32e+05
1.2838e+05
1.2488e+05
1.215e+05
1.1822e+05
1.1505e+05
1.1199e+05
1.0904e+05
1.0619e+05
1.0344e+05
1.008e+05
98259
95816
93470
91220
89063
86998
85023
83136
81335
79619
77984
76431
74955
73557
72232
70980
69798
68685
67637
66654
65733
64873
64070
63323
62630
61989
61398
60855
60357
59904
59492
59120
58786
58488
58225
57993
57792
57620
57474
57354
57256
57180
57124
57087
57065
57059
57066
57085
57114
57152
57198
57250
57307
57367
57430
57494
57557
57620
57680
57736
57789
57835
57876
57909
57935
57951
57958
57954
57940
57914
57875
57824
57759
57681
57588
57481
57359
57221
57068
56899
56714
56512
56294
56060
55809
55541
55257
54956
54639
54305
53955
53589
53206
52808
52394
51965
51521
