9.8378e+05
9.8112e+05
9.7838e+05
9.7556e+05
9.7266e+05
9.6968e+05
9.6663e+05
9.635e+05
9.6029e+05
9.5701e+05
9.5366e+05
9.5023e+05
9.4673e+05
9.4317e+05
9.3953e+05
9.3583e+05
9.3206e+05
9.2823e+05
9.2433e+05
9.2037e+05
9.1635e+05
9.1227e+05
9.0812e+05
9.0392e+05
8.9967e+05
8.9536e+05
8.9099e+05
8.8657e+05
8.8209e+05
8.7757e+05
8.7299e+05
8.6837e+05
8.637e+05
8.5898e+05
8.5422e+05
8.4941e+05
8.4456e+05
8.3966e+05
8.3473e+05
8.2976e+05
8.2474e+05
8.197e+05
8.1461e+05
8.0949e+05
8.0433e+05
7.9915e+05
7.9393e+05
7.8868e+05
7.834e+05
7.7809e+05
7.7276e+05
7.6739e+05
7.6201e+05
7.566e+05
7.5117e+05
7.4571e+05
7.4024e+05
7.3474e+05
7.2923e+05
7.237e+05
7.1815e+05
7.1259e+05
7.0701e+05
7.0142e+05
6.9582e+05
6.9021e+05
6.8458e+05
6.7895e+05
6.7331e+05
6.6766e+05
6.6201e+05
6.5635e+05
6.5069e+05
6.4502e+05
6.3935e+05
6.3369e+05
6.2802e+05
6.2235e+05
6.1668e+05
6.1102e+05
6.0536e+05
5.997e+05
5.9405e+05
5.884e+05
5.8277e+05
5.7714e+05
5.7152e+05
5.6591e+05
5.6031e+05
5.5472e+05
5.4914e+05
5.4358e+05
5.3803e+05
5.3249e+05
5.2697e+05
5.2147e+05
5.1599e+05
5.1052e+05
5.0507e+05
4.9964e+05
4.9423e+05
4.8884e+05
4.8348e+05
4.7813e+05
4.7281e+05
4.6751e+05
4.6224e+05
4.5699e+05
4.5177e+05
4.4658e+05
4.4141e+05
4.3627e+05
4.3116e+05
4.2607e+05
4.2102e+05
4.16e+05
4.1101e+05
4.0605e+05
4.0112e+05
3.9622e+05
3.9136e+05
3.8653e+05
3.8174e+05
3.7698e+05
3.7226e+05
3.6757e+05
3.6292e+05
3.583e+05
3.5373e+05
3.4919e+05
3.4469e+05
3.4022e+05
3.358e+05
3.3142e+05
3.2707e+05
3.2277e+05
3.1851e+05
3.1429e+05
3.1011e+05
3.0597e+05
3.0187e+05
2.9782e+05
2.9381e+05
2.8985e+05
2.8592e+05
2.8205e+05
2.7821e+05
2.7442e+05
2.7068e+05
2.6698e+05
2.6333e+05
2.5972e+05
2.5616e+05
2.5264e+05
2.4917e+05
2.4575e+05
2.4238e+05
2.3905e+05
2.3577e+05
2.3254e+05
2.2935e+05
2.2621e+05
2.2313e+05
2.2008e+05
2.1709e+05
2.1415e+05
2.1125e+05
2.0841e+05
2.0561e+05
2.0286e+05
2.0016e+05
1.9751e+05
1.9491e+05
1.9236e+05
1.8986e+05
1.8741e+05
1.8501e+05
1.8265e+05
1.8035e+05
1.781e+05
1.7589e+05
1.7374e+05
1.7163e+05
1.6958e+05
1.6757e+05
1.6562e+05
1.6371e+05
1.6185e+05
1.6005e+05
1.5829e+05
1.5658e+05
1.5492e+05
1.5332e+05
1.5176e+05
1.5025e+05
1.4878e+05
1.4737e+05
1.4601e+05
1.4469e+05
1.4343e+05
1.4221e+05
1.4104e+05
1.3992e+05
1.3884e+05
1.3782e+05
1.3684e+05
1.3591e+05
1.3503e+05
1.342e+05
1.3341e+05
1.3267e+05
1.3197e+05
1.3133e+05
1.3073e+05
1.3017e+05
1.2966e+05
1.292e+05
1.2878e+05
1.2841e+05
1.2808e+05
1.278e+05
1.2756e+05
1.2737e+05
1.2722e+05
1.2711e+05
1.2705e+05
1.2703e+05
1.2705e+05
1.2712e+05
1.2723e+05
1.2738e+05
1.2757e+05
1.2781e+05
1.2808e+05
1.284e+05
1.2876e+05
1.2915e+05
1.2959e+05
1.3007e+05
1.3058e+05
1.3114e+05
1.3173e+05
1.3237e+05
1.3304e+05
1.3375e+05
1.3449e+05
1.3527e+05
1.3609e+05
1.3695e+05
1.3784e+05
1.3877e+05
1.3973e+05
1.4073e+05
1.4176e+05
1.4282e+05
1.4392e+05
1.4505e+05
1.4622e+05
1.4742e+05
1.4865e+05
1.4991e+05
1.512e+05
1.5253e+05
1.5388e+05
1.5527e+05
1.5668e+05
1.5813e+05
1.596e+05
1.611e+05
1.6263e+05
1.6419e+05
1.6577e+05
1.6739e+05
1.6902e+05
1.7069e+05
1.7238e+05
1.7409e+05
1.7584e+05
1.776e+05
1.7939e+05
1.812e+05
1.8304e+05
1.849e+05
1.8678e+05
1.8868e+05
1.9061e+05
1.9255e+05
1.9452e+05
1.965e+05
1.9851e+05
2.0053e+05
2.0258e+05
2.0464e+05
2.0672e+05
2.0882e+05
2.1094e+05
2.1307e+05
2.1522e+05
2.1738e+05
2.1956e+05
2.2176e+05
2.2397e+05
2.2619e+05
2.2843e+05
2.3068e+05
2.3294e+05
2.3522e+05
2.3751e+05
2.3981e+05
2.4212e+05
2.4444e+05
2.4677e+05
2.4912e+05
2.5147e+05
2.5383e+05
2.562e+05
2.5857e+05
2.6096e+05
2.6335e+05
2.6575e+05
2.6816e+05
2.7057e+05
2.7299e+05
2.7541e+05
2.7784e+05
2.8027e+05
2.8271e+05
2.8515e+05
2.8759e+05
2.9003e+05
2.9248e+05
2.9493e+05
2.9739e+05
2.9984e+05
3.0229e+05
3.0475e+05
3.072e+05
3.0966e+05
3.1211e+05
3.1456e+05
3.1701e+05
3.1946e+05
3.2191e+05
3.2435e+05
3.2679e+05
3.2923e+05
3.3166e+05
3.3409e+05
3.3652e+05
3.3894e+05
3.4135e+05
3.4376e+05
3.4616e+05
3.4856e+05
3.5095e+05
3.5333e+05
3.5571e+05
3.5808e+05
3.6044e+05
3.6279e+05
3.6513e+05
3.6746e+05
3.6979e+05
3.721e+05
3.7441e+05
3.767e+05
3.7898e+05
3.8125e+05
3.8351e+05
3.8576e+05
3.88e+05
3.9022e+05
3.9244e+05
3.9463e+05
3.9682e+05
3.9899e+05
4.0115e+05
4.0329e+05
4.0542e+05
4.0754e+05
4.0964e+05
4.1172e+05
4.1379e+05
4.1585e+05
4.1788e+05
4.1991e+05
4.2191e+05
4.239e+05
4.2587e+05
4.2782e+05
4.2976e+05
4.3168e+05
4.3358e+05
4.3546e+05
4.3732e+05
4.3916e+05
4.4099e+05
4.428e+05
4.4458e+05
4.4635e+05
4.481e+05
4.4982e+05
4.5153e+05
4.5322e+05
4.5488e+05
4.5652e+05
4.5815e+05
4.5975e+05
4.6133e+05
4.6289e+05
4.6443e+05
4.6594e+05
4.6743e+05
4.689e+05
4.7035e+05
4.7178e+05
4.7318e+05
4.7456e+05
4.7591e+05
4.7724e+05
4.7855e+05
4.7984e+05
4.811e+05
4.8234e+05
4.8355e+05
4.8474e+05
4.859e+05
4.8705e+05
4.8816e+05
4.8925e+05
4.9032e+05
4.9136e+05
4.9238e+05
4.9337e+05
4.9433e+05
4.9528e+05
4.9619e+05
4.9708e+05
4.9795e+05
4.9879e+05
4.996e+05
5.0039e+05
5.0115e+05
5.0188e+05
5.0259e+05
5.0328e+05
5.0393e+05
5.0456e+05
5.0517e+05
5.0575e+05
5.063e+05
5.0683e+05
5.0732e+05
5.078e+05
5.0824e+05
5.0866e+05
5.0906e+05
5.0942e+05
5.0976e+05
5.1008e+05
5.1037e+05
5.1063e+05
5.1086e+05
5.1107e+05
5.1125e+05
5.114e+05
5.1153e+05
5.1163e+05
5.117e+05
5.1175e+05
5.1177e+05
5.1176e+05
5.1173e+05
5.1167e+05
5.1159e+05
5.1148e+05
5.1134e+05
5.1117e+05
5.1098e+05
5.1076e+05
5.1052e+05
5.1025e+05
5.0996e+05
5.0963e+05
5.0928e+05
5.0891e+05
5.0851e+05
5.0808e+05
5.0763e+05
5.0716e+05
5.0665e+05
5.0612e+05
5.0557e+05
5.0499e+05
5.0438e+05
5.0375e+05
5.031e+05
5.0242e+05
5.0171e+05
5.0098e+05
5.0023e+05
4.9945e+05
4.9864e+05
4.9781e+05
4.9696e+05
4.9608e+05
4.9518e+05
4.9426e+05
4.9331e+05
4.9233e+05
4.9134e+05
4.9032e+05
4.8927e+05
4.882e+05
4.8711e+05
4.86e+05
4.8486e+05
4.837e+05
4.8252e+05
4.8132e+05
4.8009e+05
4.7884e+05
4.7757e+05
4.7628e+05
4.7496e+05
4.7362e+05
4.7227e+05
4.7089e+05
4.6949e+05
4.6807e+05
4.6662e+05
4.6516e+05
4.6368e+05
4.6217e+05
4.6065e+05
4.591e+05
4.5754e+05
4.5596e+05
4.5435e+05
4.5273e+05
4.5109e+05
4.4943e+05
4.4775e+05
4.4605e+05
4.4433e+05
4.426e+05
4.4084e+05
4.3907e+05
4.3728e+05
4.3548e+05
4.3365e+05
4.3181e+05
4.2995e+05
4.2808e+05
4.2619e+05
4.2428e+05
4.2236e+05
4.2042e+05
4.1846e+05
4.1649e+05
4.145e+05
4.125e+05
4.1048e+05
4.0845e+05
4.064e+05
4.0434e+05
4.0227e+05
4.0018e+05
3.9807e+05
3.9596e+05
3.9383e+05
3.9168e+05
3.8953e+05
3.8736e+05
3.8518e+05
3.8298e+05
3.8078e+05
3.7856e+05
3.7633e+05
3.7408e+05
3.7183e+05
3.6957e+05
3.6729e+05
3.6501e+05
3.6271e+05
3.604e+05
3.5809e+05
3.5576e+05
3.5342e+05
3.5108e+05
3.4872e+05
3.4636e+05
3.4399e+05
3.416e+05
3.3921e+05
3.3682e+05
3.3441e+05
3.32e+05
3.2957e+05
3.2715e+05
3.2471e+05
3.2227e+05
3.1982e+05
3.1736e+05
3.149e+05
3.1243e+05
3.0996e+05
3.0748e+05
3.0499e+05
3.025e+05
3.0001e+05
2.9751e+05
2.95e+05
2.925e+05
2.8998e+05
2.8747e+05
2.8495e+05
2.8242e+05
2.7989e+05
2.7736e+05
2.7483e+05
2.7229e+05
2.6975e+05
2.6721e+05
2.6467e+05
2.6212e+05
2.5958e+05
2.5703e+05
2.5448e+05
2.5193e+05
2.4938e+05
2.4682e+05
2.4427e+05
2.4172e+05
2.3917e+05
2.3661e+05
2.3406e+05
2.3151e+05
2.2896e+05
2.2641e+05
2.2386e+05
2.2131e+05
2.1876e+05
2.1621e+05
2.1367e+05
2.1113e+05
2.0859e+05
2.0605e+05
2.0352e+05
2.0099e+05
1.9846e+05
1.9593e+05
1.9341e+05
1.9089e+05
1.8838e+05
1.8586e+05
1.8336e+05
1.8085e+05
1.7835e+05
1.7586e+05
1.7337e+05
1.7088e+05
1.684e+05
1.6593e+05
1.6346e+05
1.6099e+05
1.5854e+05
1.5608e+05
1.5364e+05
1.512e+05
1.4876e+05
1.4633e+05
1.4391e+05
1.415e+05
1.3909e+05
1.3669e+05
1.343e+05
1.3191e+05
1.2953e+05
1.2716e+05
1.248e+05
1.2244e+05
1.2009e+05
1.1776e+05
1.1542e+05
1.131e+05
1.1079e+05
1.0848e+05
1.0619e+05
1.039e+05
1.0162e+05
99354
97095
94845
92605
90374
88153
85942
83742
81551
79371
77201
75042
72893
70755
68628
66512
64407
62313
60230
58159
56099
54050
52013
49988
47974
45973
43983
42005
40040
38086
36145
34216
32300
30396
28505
26626
24760
22907
21066
19238
17424
15622
13833
12058
10295
8546.2
6810.2
5087.6
3378.3
1682.4
0
