2.3368e+05
2.3725e+05
2.4085e+05
2.4447e+05
2.4811e+05
2.5177e+05
2.5545e+05
2.5914e+05
2.6285e+05
2.6657e+05
2.703e+05
2.7404e+05
2.7779e+05
2.8153e+05
2.8529e+05
2.8904e+05
2.9279e+05
2.9654e+05
3.0028e+05
3.0401e+05
3.0774e+05
3.1145e+05
3.1515e+05
3.1884e+05
3.2251e+05
3.2617e+05
3.298e+05
3.3342e+05
3.3701e+05
3.4057e+05
3.4411e+05
3.4762e+05
3.511e+05
3.5455e+05
3.5797e+05
3.6135e+05
3.647e+05
3.6801e+05
3.7128e+05
3.7451e+05
3.777e+05
3.8084e+05
3.8394e+05
3.87e+05
3.9e+05
3.9296e+05
3.9587e+05
3.9873e+05
4.0153e+05
4.0428e+05
4.0698e+05
4.0962e+05
4.122e+05
4.1473e+05
4.1719e+05
4.196e+05
4.2194e+05
4.2422e+05
4.2644e+05
4.286e+05
4.3069e+05
4.3271e+05
4.3467e+05
4.3656e+05
4.3838e+05
4.4014e+05
4.4182e+05
4.4344e+05
4.4498e+05
4.4646e+05
4.4786e+05
4.4919e+05
4.5044e+05
4.5163e+05
4.5274e+05
4.5378e+05
4.5474e+05
4.5563e+05
4.5645e+05
4.5719e+05
4.5785e+05
4.5844e+05
4.5896e+05
4.594e+05
4.5977e+05
4.6006e+05
4.6027e+05
4.6042e+05
4.6048e+05
4.6048e+05
4.6039e+05
4.6024e+05
4.6001e+05
4.5971e+05
4.5933e+05
4.5888e+05
4.5836e+05
4.5777e+05
4.5711e+05
4.5638e+05
4.5558e+05
4.547e+05
4.5376e+05
4.5276e+05
4.5168e+05
4.5054e+05
4.4933e+05
4.4806e+05
4.4672e+05
4.4532e+05
4.4386e+05
4.4234e+05
4.4076e+05
4.3911e+05
4.3741e+05
4.3566e+05
4.3384e+05
4.3198e+05
4.3005e+05
4.2808e+05
4.2606e+05
4.2398e+05
4.2186e+05
4.1969e+05
4.1747e+05
4.1521e+05
4.129e+05
4.1055e+05
4.0816e+05
4.0573e+05
4.0327e+05
4.0076e+05
3.9822e+05
3.9565e+05
3.9305e+05
3.9041e+05
3.8775e+05
3.8505e+05
3.8233e+05
3.7959e+05
3.7682e+05
3.7403e+05
3.7122e+05
3.6839e+05
3.6554e+05
3.6268e+05
3.598e+05
3.5691e+05
3.5401e+05
3.5109e+05
3.4817e+05
3.4524e+05
3.4231e+05
3.3937e+05
3.3643e+05
3.3349e+05
3.3054e+05
3.276e+05
3.2466e+05
3.2172e+05
3.1879e+05
3.1587e+05
3.1295e+05
3.1004e+05
3.0714e+05
3.0426e+05
3.0138e+05
2.9852e+05
2.9568e+05
2.9285e+05
2.9003e+05
2.8724e+05
2.8446e+05
2.8171e+05
2.7897e+05
2.7626e+05
2.7356e+05
2.709e+05
2.6825e+05
2.6563e+05
2.6304e+05
2.6047e+05
2.5793e+05
2.5541e+05
2.5293e+05
2.5047e+05
2.4804e+05
2.4564e+05
2.4327e+05
2.4093e+05
2.3862e+05
2.3634e+05
2.3409e+05
2.3187e+05
2.2968e+05
2.2752e+05
2.254e+05
2.233e+05
2.2124e+05
2.192e+05
2.172e+05
2.1523e+05
2.1328e+05
2.1137e+05
2.0949e+05
2.0764e+05
2.0581e+05
2.0402e+05
2.0225e+05
2.0051e+05
1.988e+05
1.9711e+05
1.9545e+05
1.9382e+05
1.9221e+05
1.9062e+05
1.8906e+05
1.8752e+05
1.86e+05
1.845e+05
1.8303e+05
1.8157e+05
1.8013e+05
1.7871e+05
1.773e+05
1.7591e+05
1.7454e+05
1.7318e+05
1.7183e+05
1.705e+05
1.6917e+05
1.6786e+05
1.6656e+05
1.6526e+05
1.6397e+05
1.6268e+05
1.614e+05
1.6013e+05
1.5885e+05
1.5758e+05
1.5631e+05
1.5504e+05
1.5377e+05
1.5249e+05
1.5122e+05
1.4993e+05
1.4865e+05
1.4735e+05
1.4605e+05
1.4475e+05
1.4343e+05
1.421e+05
1.4077e+05
1.3942e+05
1.3806e+05
1.3668e+05
1.353e+05
1.3389e+05
1.3248e+05
1.3105e+05
1.296e+05
1.2814e+05
1.2665e+05
1.2516e+05
1.2364e+05
1.221e+05
1.2055e+05
1.1898e+05
1.1738e+05
1.1577e+05
1.1414e+05
1.1249e+05
1.1082e+05
1.0913e+05
1.0742e+05
1.0569e+05
1.0394e+05
1.0217e+05
1.0039e+05
98583
96760
94919
93060
91185
89295
87388
85467
83532
81584
79624
77653
75672
73681
71683
69677
67667
65651
63633
61614
59594
57576
55560
53549
51545
49548
47561
45586
43623
41676
39746
37836
35946
34079
32237
30423
28638
26885
25166
23482
21837
20233
18672
17155
15687
14268
12902
11590
10336
9141
8008
6939.5
5937.7
5005.1
4144.2
3357.3
2646.9
2015.3
1464.9
998.17
617.36
324.84
122.92
13.882
0
83.508
266.61
551.48
940.26
1435.1
2037.9
2750.9
3575.9
4514.9
5569.8
6742.5
8034.6
9447.9
10984
12645
14432
16346
18390
20563
22869
25307
27879
30586
33430
36410
39528
42785
46182
49718
53395
57212
61171
65272
69514
73899
78425
83093
87902
92853
97945
1.0318e+05
1.0855e+05
1.1406e+05
1.1971e+05
1.255e+05
1.3143e+05
1.3749e+05
1.4369e+05
1.5002e+05
1.5648e+05
1.6307e+05
1.6979e+05
1.7665e+05
1.8362e+05
1.9073e+05
1.9795e+05
2.053e+05
2.1276e+05
2.2034e+05
2.2804e+05
2.3585e+05
2.4377e+05
2.5179e+05
2.5992e+05
2.6815e+05
2.7649e+05
2.8492e+05
2.9344e+05
3.0205e+05
3.1076e+05
3.1954e+05
3.2841e+05
3.3736e+05
3.4638e+05
3.5548e+05
3.6464e+05
3.7387e+05
3.8316e+05
3.9251e+05
4.0191e+05
4.1136e+05
4.2086e+05
4.3041e+05
4.3999e+05
4.4961e+05
4.5925e+05
4.6893e+05
4.7863e+05
4.8835e+05
4.9808e+05
5.0782e+05
5.1757e+05
5.2733e+05
5.3708e+05
5.4682e+05
5.5656e+05
5.6628e+05
5.7598e+05
5.8566e+05
5.9531e+05
6.0494e+05
6.1452e+05
6.2407e+05
6.3357e+05
6.4302e+05
6.5242e+05
6.6176e+05
6.7104e+05
6.8026e+05
6.8941e+05
6.9848e+05
7.0747e+05
7.1639e+05
7.2521e+05
7.3395e+05
7.4259e+05
7.5113e+05
7.5957e+05
7.6791e+05
7.7613e+05
7.8424e+05
7.9224e+05
8.0011e+05
8.0786e+05
8.1548e+05
8.2297e+05
8.3032e+05
8.3753e+05
8.4461e+05
8.5153e+05
8.5831e+05
8.6494e+05
8.7141e+05
8.7773e+05
8.8388e+05
8.8987e+05
8.957e+05
9.0136e+05
9.0684e+05
9.1216e+05
9.173e+05
9.2226e+05
9.2703e+05
9.3163e+05
9.3605e+05
9.4027e+05
9.4431e+05
9.4816e+05
9.5182e+05
9.5529e+05
9.5856e+05
9.6164e+05
9.6452e+05
9.672e+05
9.6968e+05
9.7197e+05
9.7405e+05
9.7593e+05
9.7762e+05
9.7909e+05
9.8037e+05
9.8145e+05
9.8232e+05
9.8299e+05
9.8345e+05
9.8372e+05
9.8378e+05
9.8364e+05
9.8329e+05
9.8275e+05
9.82e+05
9.8106e+05
9.7992e+05
9.7858e+05
9.7704e+05
9.7531e+05
9.7338e+05
9.7126e+05
9.6895e+05
9.6644e+05
9.6375e+05
9.6088e+05
9.5781e+05
9.5457e+05
9.5114e+05
9.4753e+05
9.4375e+05
9.3979e+05
9.3566e+05
9.3136e+05
9.2689e+05
9.2226e+05
9.1747e+05
9.1251e+05
9.074e+05
9.0213e+05
8.9671e+05
8.9114e+05
8.8543e+05
8.7957e+05
8.7358e+05
8.6745e+05
8.6118e+05
8.5478e+05
8.4826e+05
8.4162e+05
8.3485e+05
8.2797e+05
8.2097e+05
8.1387e+05
8.0666e+05
7.9934e+05
7.9193e+05
7.8442e+05
7.7682e+05
7.6913e+05
7.6136e+05
7.535e+05
7.4557e+05
7.3757e+05
7.2949e+05
7.2135e+05
7.1315e+05
7.0489e+05
6.9657e+05
6.882e+05
6.7979e+05
6.7133e+05
6.6283e+05
6.543e+05
6.4573e+05
6.3713e+05
6.2851e+05
6.1986e+05
6.112e+05
6.0252e+05
5.9383e+05
5.8514e+05
5.7644e+05
5.6774e+05
5.5904e+05
5.5035e+05
5.4167e+05
5.33e+05
5.2435e+05
5.1571e+05
5.071e+05
4.9852e+05
4.8996e+05
4.8143e+05
4.7294e+05
4.6449e+05
4.5608e+05
4.4771e+05
4.3939e+05
4.3112e+05
4.229e+05
4.1473e+05
4.0662e+05
3.9857e+05
3.9058e+05
3.8265e+05
3.7479e+05
3.67e+05
3.5928e+05
3.5164e+05
3.4407e+05
3.3657e+05
3.2915e+05
3.2182e+05
3.1456e+05
3.0739e+05
3.0031e+05
2.9331e+05
2.864e+05
2.7958e+05
2.7286e+05
2.6622e+05
2.5968e+05
2.5324e+05
2.4689e+05
2.4063e+05
2.3448e+05
2.2842e+05
2.2246e+05
2.1661e+05
2.1085e+05
2.052e+05
1.9965e+05
1.942e+05
1.8885e+05
1.8361e+05
1.7847e+05
1.7343e+05
1.685e+05
1.6367e+05
1.5894e+05
1.5432e+05
1.498e+05
1.4538e+05
1.4107e+05
1.3686e+05
1.3276e+05
1.2875e+05
1.2485e+05
1.2105e+05
1.1734e+05
1.1374e+05
1.1024e+05
1.0683e+05
1.0353e+05
1.0032e+05
97203
94184
91259
88427
85687
83038
80479
78009
75626
73330
71119
68992
66947
64984
63101
61296
59568
57916
56338
54833
53400
52036
50740
49511
48348
47248
46211
45234
44316
43455
42650
41900
41202
40556
39959
39409
38907
38449
38034
37661
37328
37033
36775
36553
36365
36210
36085
35990
35922
35882
35866
35874
35905
35957
36028
36117
36224
36346
36482
36632
36794
36966
37148
37338
37536
37740
37950
38163
38380
38598
38818
39038
39258
39476
39691
39904
40112
40316
40514
40707
40892
41070
41240
41401
41553
41695
