1.7215e+05
1.7522e+05
1.7832e+05
1.8144e+05
1.8457e+05
1.8773e+05
1.9089e+05
1.9407e+05
1.9726e+05
2.0046e+05
2.0365e+05
2.0685e+05
2.1005e+05
2.1324e+05
2.1642e+05
2.196e+05
2.2276e+05
2.2591e+05
2.2904e+05
2.3216e+05
2.3525e+05
2.3831e+05
2.4135e+05
2.4436e+05
2.4734e+05
2.5029e+05
2.532e+05
2.5607e+05
2.5891e+05
2.617e+05
2.6444e+05
2.6715e+05
2.698e+05
2.724e+05
2.7496e+05
2.7746e+05
2.7991e+05
2.823e+05
2.8463e+05
2.8691e+05
2.8913e+05
2.9128e+05
2.9338e+05
2.9541e+05
2.9738e+05
2.9928e+05
3.0112e+05
3.0289e+05
3.046e+05
3.0623e+05
3.078e+05
3.093e+05
3.1074e+05
3.121e+05
3.134e+05
3.1463e+05
3.1579e+05
3.1688e+05
3.179e+05
3.1885e+05
3.1974e+05
3.2056e+05
3.2131e+05
3.22e+05
3.2262e+05
3.2317e+05
3.2367e+05
3.2409e+05
3.2446e+05
3.2477e+05
3.2501e+05
3.252e+05
3.2532e+05
3.254e+05
3.2541e+05
3.2537e+05
3.2528e+05
3.2514e+05
3.2494e+05
3.247e+05
3.2441e+05
3.2407e+05
3.2369e+05
3.2327e+05
3.2281e+05
3.223e+05
3.2176e+05
3.2118e+05
3.2057e+05
3.1993e+05
3.1925e+05
3.1854e+05
3.1781e+05
3.1704e+05
3.1626e+05
3.1545e+05
3.1461e+05
3.1376e+05
3.1289e+05
3.12e+05
3.1109e+05
3.1017e+05
3.0924e+05
3.0829e+05
3.0734e+05
3.0637e+05
3.054e+05
3.0442e+05
3.0344e+05
3.0245e+05
3.0145e+05
3.0046e+05
2.9946e+05
2.9847e+05
2.9747e+05
2.9648e+05
2.9548e+05
2.9449e+05
2.9351e+05
2.9252e+05
2.9154e+05
2.9057e+05
2.896e+05
2.8864e+05
2.8768e+05
2.8673e+05
2.8578e+05
2.8484e+05
2.8391e+05
2.8298e+05
2.8206e+05
2.8114e+05
2.8023e+05
2.7933e+05
2.7843e+05
2.7753e+05
2.7664e+05
2.7575e+05
2.7487e+05
2.7398e+05
2.731e+05
2.7222e+05
2.7135e+05
2.7047e+05
2.6959e+05
2.6871e+05
2.6783e+05
2.6694e+05
2.6605e+05
2.6516e+05
2.6425e+05
2.6335e+05
2.6243e+05
2.6151e+05
2.6057e+05
2.5963e+05
2.5867e+05
2.577e+05
2.5672e+05
2.5573e+05
2.5471e+05
2.5369e+05
2.5264e+05
2.5158e+05
2.505e+05
2.494e+05
2.4827e+05
2.4713e+05
2.4597e+05
2.4478e+05
2.4357e+05
2.4233e+05
2.4107e+05
2.3979e+05
2.3848e+05
2.3714e+05
2.3578e+05
2.3439e+05
2.3297e+05
2.3153e+05
2.3006e+05
2.2856e+05
2.2703e+05
2.2548e+05
2.239e+05
2.2229e+05
2.2065e+05
2.1899e+05
2.173e+05
2.1558e+05
2.1384e+05
2.1207e+05
2.1028e+05
2.0847e+05
2.0663e+05
2.0476e+05
2.0288e+05
2.0097e+05
1.9905e+05
1.971e+05
1.9514e+05
1.9316e+05
1.9116e+05
1.8915e+05
1.8712e+05
1.8508e+05
1.8304e+05
1.8098e+05
1.7891e+05
1.7684e+05
1.7476e+05
1.7267e+05
1.7059e+05
1.685e+05
1.6641e+05
1.6433e+05
1.6225e+05
1.6017e+05
1.581e+05
1.5604e+05
1.5399e+05
1.5195e+05
1.4992e+05
1.4791e+05
1.4592e+05
1.4394e+05
1.4198e+05
1.4004e+05
1.3813e+05
1.3623e+05
1.3437e+05
1.3252e+05
1.3071e+05
1.2893e+05
1.2717e+05
1.2545e+05
1.2376e+05
1.221e+05
1.2047e+05
1.1889e+05
1.1733e+05
1.1582e+05
1.1434e+05
1.129e+05
1.115e+05
1.1014e+05
1.0881e+05
1.0753e+05
1.0629e+05
1.0509e+05
1.0393e+05
1.0281e+05
1.0173e+05
1.007e+05
99697
98739
97821
96941
96100
95297
94531
93801
93107
92447
91820
91226
90663
90129
89624
89145
88692
88263
87857
87471
87104
86755
86421
86101
85792
85493
85202
84918
84637
84358
84079
83799
83514
83223
82924
82616
82295
81960
81610
81242
80855
80446
80014
79558
79075
78564
78024
77453
76849
76213
75541
74834
74090
73309
72489
71630
70732
69793
68814
67795
66735
65634
64492
63311
62090
60829
59531
58195
56822
55414
53972
52497
50992
49457
47895
46307
44696
43065
41415
39749
38070
36382
34686
32986
31285
29587
27896
26214
24546
22896
21267
19664
18090
16551
15051
13593
12183
10825
9524.3
8285
7112.1
6010.5
4985
4040.5
3182.1
2414.7
1743.2
1172.7
708.19
354.59
116.88
0
8.8648
148.34
423.24
838.34
1398.3
2107.9
2971.5
3993.6
5178.7
6531.1
8054.7
9753.8
11632
13694
15942
18381
21013
23843
26872
30104
33542
37187
41043
45111
49394
53893
58609
63545
68700
74076
79674
85493
91535
97798
1.0428e+05
1.1099e+05
1.1792e+05
1.2506e+05
1.3243e+05
1.4001e+05
1.478e+05
1.5581e+05
1.6402e+05
1.7245e+05
1.8108e+05
1.8991e+05
1.9894e+05
2.0817e+05
2.1759e+05
2.2719e+05
2.3698e+05
2.4694e+05
2.5708e+05
2.6739e+05
2.7787e+05
2.885e+05
2.9928e+05
3.1021e+05
3.2128e+05
3.3249e+05
3.4382e+05
3.5527e+05
3.6684e+05
3.7852e+05
3.903e+05
4.0217e+05
4.1413e+05
4.2616e+05
4.3827e+05
4.5043e+05
4.6265e+05
4.7492e+05
4.8723e+05
4.9956e+05
5.1191e+05
5.2428e+05
5.3665e+05
5.4902e+05
5.6137e+05
5.737e+05
5.86e+05
5.9825e+05
6.1046e+05
6.2261e+05
6.3469e+05
6.467e+05
6.5862e+05
6.7045e+05
6.8217e+05
6.9378e+05
7.0527e+05
7.1664e+05
7.2786e+05
7.3894e+05
7.4987e+05
7.6063e+05
7.7122e+05
7.8163e+05
7.9186e+05
8.0189e+05
8.1172e+05
8.2133e+05
8.3073e+05
8.3991e+05
8.4885e+05
8.5756e+05
8.6602e+05
8.7423e+05
8.8218e+05
8.8986e+05
8.9728e+05
9.0442e+05
9.1128e+05
9.1786e+05
9.2414e+05
9.3013e+05
9.3582e+05
9.4121e+05
9.4629e+05
9.5105e+05
9.5551e+05
9.5964e+05
9.6346e+05
9.6695e+05
9.7012e+05
9.7296e+05
9.7547e+05
9.7765e+05
9.7951e+05
9.8102e+05
9.8221e+05
9.8307e+05
9.8359e+05
9.8378e+05
9.8363e+05
9.8316e+05
9.8236e+05
9.8123e+05
9.7977e+05
9.7799e+05
9.7588e+05
9.7346e+05
9.7071e+05
9.6766e+05
9.6429e+05
9.6061e+05
9.5664e+05
9.5236e+05
9.4778e+05
9.4292e+05
9.3777e+05
9.3234e+05
9.2663e+05
9.2065e+05
9.1441e+05
9.079e+05
9.0114e+05
8.9414e+05
8.8689e+05
8.7941e+05
8.7169e+05
8.6376e+05
8.5561e+05
8.4725e+05
8.387e+05
8.2994e+05
8.2101e+05
8.1189e+05
8.026e+05
7.9314e+05
7.8353e+05
7.7377e+05
7.6387e+05
7.5384e+05
7.4368e+05
7.334e+05
7.2302e+05
7.1253e+05
7.0195e+05
6.9128e+05
6.8054e+05
6.6972e+05
6.5885e+05
6.4792e+05
6.3694e+05
6.2592e+05
6.1488e+05
6.0381e+05
5.9272e+05
5.8163e+05
5.7053e+05
5.5944e+05
5.4837e+05
5.3732e+05
5.2629e+05
5.153e+05
5.0435e+05
4.9345e+05
4.8261e+05
4.7183e+05
4.6111e+05
4.5047e+05
4.399e+05
4.2942e+05
4.1904e+05
4.0875e+05
3.9856e+05
3.8848e+05
3.785e+05
3.6865e+05
3.5892e+05
3.4931e+05
3.3983e+05
3.3049e+05
3.2128e+05
3.1222e+05
3.033e+05
2.9452e+05
2.859e+05
2.7744e+05
2.6913e+05
2.6097e+05
2.5298e+05
2.4516e+05
2.375e+05
2.3e+05
2.2268e+05
2.1552e+05
2.0854e+05
2.0173e+05
1.9509e+05
1.8863e+05
1.8234e+05
1.7622e+05
1.7028e+05
1.6451e+05
1.5892e+05
1.535e+05
1.4825e+05
1.4318e+05
1.3828e+05
1.3355e+05
1.2898e+05
1.2459e+05
1.2036e+05
1.163e+05
1.124e+05
1.0866e+05
1.0508e+05
1.0165e+05
98386
95270
92305
89487
86814
84283
81891
79636
77515
75524
73661
71922
70304
68804
67419
66145
64978
63917
62956
62093
61324
60646
60054
59547
59120
58769
58492
58285
58144
58066
58047
58085
58176
58316
58502
58732
59002
59308
59649
60020
60419
60843
61289
61754
62236
62732
63240
63756
64279
64806
65335
65863
66389
66911
67426
67933
68430
68915
69387
69843
70283
70705
71108
71490
71851
72189
72503
72792
73056
73294
73504
73687
73842
73969
74066
74134
74172
74180
74159
74107
74025
73913
73771
73600
73398
73168
72908
72620
72303
71959
71587
71188
70763
70313
69838
69338
68814
68268
67699
67110
66499
65869
65220
64552
63868
63167
62451
61720
60975
60218
59448
58668
57878
57078
56271
55456
54634
53807
52975
52140
51301
50460
49618
48775
47933
47092
