75719
78643
81650
84735
87895
91127
94427
97791
1.0122e+05
1.047e+05
1.0823e+05
1.1181e+05
1.1544e+05
1.191e+05
1.228e+05
1.2653e+05
1.3029e+05
1.3407e+05
1.3787e+05
1.4168e+05
1.455e+05
1.4933e+05
1.5315e+05
1.5697e+05
1.6078e+05
1.6458e+05
1.6836e+05
1.7212e+05
1.7586e+05
1.7956e+05
1.8323e+05
1.8687e+05
1.9046e+05
1.9401e+05
1.9751e+05
2.0096e+05
2.0436e+05
2.0769e+05
2.1097e+05
2.1418e+05
2.1733e+05
2.2041e+05
2.2342e+05
2.2635e+05
2.2921e+05
2.3199e+05
2.347e+05
2.3732e+05
2.3986e+05
2.4232e+05
2.4469e+05
2.4698e+05
2.4919e+05
2.5131e+05
2.5334e+05
2.5528e+05
2.5714e+05
2.5892e+05
2.606e+05
2.622e+05
2.6372e+05
2.6515e+05
2.665e+05
2.6777e+05
2.6895e+05
2.7005e+05
2.7108e+05
2.7203e+05
2.729e+05
2.737e+05
2.7443e+05
2.7508e+05
2.7567e+05
2.7619e+05
2.7665e+05
2.7705e+05
2.7739e+05
2.7767e+05
2.7789e+05
2.7807e+05
2.7819e+05
2.7827e+05
2.783e+05
2.7829e+05
2.7824e+05
2.7815e+05
2.7803e+05
2.7787e+05
2.7769e+05
2.7747e+05
2.7724e+05
2.7698e+05
2.767e+05
2.764e+05
2.7608e+05
2.7576e+05
2.7542e+05
2.7507e+05
2.7471e+05
2.7435e+05
2.7399e+05
2.7362e+05
2.7326e+05
2.7289e+05
2.7253e+05
2.7217e+05
2.7182e+05
2.7148e+05
2.7114e+05
2.7082e+05
2.705e+05
2.702e+05
2.699e+05
2.6962e+05
2.6936e+05
2.691e+05
2.6886e+05
2.6864e+05
2.6843e+05
2.6824e+05
2.6806e+05
2.679e+05
2.6775e+05
2.6761e+05
2.675e+05
2.6739e+05
2.673e+05
2.6722e+05
2.6716e+05
2.6711e+05
2.6707e+05
2.6704e+05
2.6702e+05
2.6701e+05
2.6702e+05
2.6702e+05
2.6704e+05
2.6706e+05
2.6709e+05
2.6712e+05
2.6715e+05
2.6719e+05
2.6722e+05
2.6726e+05
2.673e+05
2.6733e+05
2.6736e+05
2.6738e+05
2.674e+05
2.6741e+05
2.6742e+05
2.6741e+05
2.674e+05
2.6737e+05
2.6733e+05
2.6728e+05
2.6721e+05
2.6713e+05
2.6703e+05
2.6692e+05
2.6678e+05
2.6663e+05
2.6645e+05
2.6626e+05
2.6604e+05
2.658e+05
2.6554e+05
2.6525e+05
2.6494e+05
2.646e+05
2.6423e+05
2.6384e+05
2.6342e+05
2.6297e+05
2.625e+05
2.6199e+05
2.6145e+05
2.6088e+05
2.6029e+05
2.5966e+05
2.5899e+05
2.583e+05
2.5758e+05
2.5682e+05
2.5602e+05
2.552e+05
2.5434e+05
2.5345e+05
2.5252e+05
2.5156e+05
2.5056e+05
2.4953e+05
2.4846e+05
2.4736e+05
2.4622e+05
2.4505e+05
2.4385e+05
2.426e+05
2.4133e+05
2.4001e+05
2.3866e+05
2.3728e+05
2.3586e+05
2.3441e+05
2.3292e+05
2.3139e+05
2.2983e+05
2.2824e+05
2.2661e+05
2.2495e+05
2.2325e+05
2.2152e+05
2.1975e+05
2.1795e+05
2.1612e+05
2.1426e+05
2.1236e+05
2.1043e+05
2.0847e+05
2.0647e+05
2.0445e+05
2.0239e+05
2.0031e+05
1.9819e+05
1.9605e+05
1.9388e+05
1.9169e+05
1.8946e+05
1.8721e+05
1.8494e+05
1.8264e+05
1.8031e+05
1.7797e+05
1.756e+05
1.7322e+05
1.7081e+05
1.6839e+05
1.6595e+05
1.6349e+05
1.6102e+05
1.5853e+05
1.5604e+05
1.5353e+05
1.5101e+05
1.4849e+05
1.4596e+05
1.4342e+05
1.4088e+05
1.3834e+05
1.358e+05
1.3325e+05
1.3072e+05
1.2818e+05
1.2566e+05
1.2314e+05
1.2063e+05
1.1813e+05
1.1564e+05
1.1317e+05
1.1072e+05
1.0828e+05
1.0587e+05
1.0347e+05
1.011e+05
98756
96438
94148
91889
89661
87466
85307
83183
81098
79051
77045
75081
73160
71283
69451
67665
65926
64235
62593
61000
59457
57964
56522
55131
53792
52504
51267
50081
48946
47862
46828
45844
44909
44022
43183
42390
41643
40940
40280
39661
39083
38544
38042
37575
37142
36741
36369
36025
35708
35414
35141
34888
34652
34431
34223
34025
33835
33650
33469
33289
33108
32924
32734
32536
32328
32109
31875
31626
31359
31073
30766
30437
30083
29705
29300
28868
28408
27920
27401
26854
26276
25668
25030
24363
23668
22943
22192
21415
20612
19787
18940
18073
17189
16290
15379
14458
13531
12600
11670
10743
9824.1
8917
8026
7155.3
6309.8
5494.1
4713.4
3972.6
3277.1
2632.5
2044.2
1518
1059.7
675.36
371.02
152.84
27.055
0
78.05
267.63
575.21
1007.3
1570.3
2270.8
3115.2
4110
5261.6
6576.3
8060.4
9720.1
11562
13591
15813
18235
20861
23698
26749
30022
33519
37246
41206
45405
49846
54532
59467
64654
70095
75793
81749
87966
94444
1.0119e+05
1.0819e+05
1.1546e+05
1.2299e+05
1.3078e+05
1.3884e+05
1.4716e+05
1.5574e+05
1.6457e+05
1.7366e+05
1.83e+05
1.9259e+05
2.0242e+05
2.125e+05
2.2281e+05
2.3335e+05
2.4412e+05
2.5512e+05
2.6632e+05
2.7774e+05
2.8935e+05
3.0116e+05
3.1316e+05
3.2534e+05
3.3768e+05
3.5019e+05
3.6285e+05
3.7566e+05
3.886e+05
4.0167e+05
4.1485e+05
4.2814e+05
4.4152e+05
4.5498e+05
4.6851e+05
4.8211e+05
4.9575e+05
5.0943e+05
5.2314e+05
5.3686e+05
5.5058e+05
5.6429e+05
5.7798e+05
5.9163e+05
6.0523e+05
6.1877e+05
6.3223e+05
6.4561e+05
6.5889e+05
6.7206e+05
6.8511e+05
6.9802e+05
7.1077e+05
7.2337e+05
7.3579e+05
7.4803e+05
7.6007e+05
7.719e+05
7.835e+05
7.9488e+05
8.0601e+05
8.1688e+05
8.275e+05
8.3783e+05
8.4788e+05
8.5763e+05
8.6707e+05
8.7621e+05
8.8501e+05
8.9349e+05
9.0162e+05
9.0941e+05
9.1684e+05
9.2391e+05
9.3061e+05
9.3693e+05
9.4287e+05
9.4842e+05
9.5358e+05
9.5835e+05
9.6272e+05
9.6668e+05
9.7023e+05
9.7337e+05
9.7611e+05
9.7843e+05
9.8033e+05
9.8181e+05
9.8288e+05
9.8354e+05
9.8378e+05
9.836e+05
9.8301e+05
9.8201e+05
9.806e+05
9.7878e+05
9.7656e+05
9.7394e+05
9.7092e+05
9.6751e+05
9.6372e+05
9.5955e+05
9.55e+05
9.5008e+05
9.448e+05
9.3916e+05
9.3317e+05
9.2684e+05
9.2018e+05
9.1319e+05
9.0589e+05
8.9827e+05
8.9036e+05
8.8215e+05
8.7366e+05
8.649e+05
8.5588e+05
8.4661e+05
8.3709e+05
8.2735e+05
8.1738e+05
8.072e+05
7.9682e+05
7.8625e+05
7.755e+05
7.6458e+05
7.5351e+05
7.4229e+05
7.3094e+05
7.1946e+05
7.0787e+05
6.9618e+05
6.844e+05
6.7254e+05
6.6061e+05
6.4862e+05
6.3658e+05
6.2451e+05
6.1241e+05
6.003e+05
5.8818e+05
5.7606e+05
5.6396e+05
5.5188e+05
5.3983e+05
5.2782e+05
5.1587e+05
5.0397e+05
4.9215e+05
4.804e+05
4.6874e+05
4.5716e+05
4.4569e+05
4.3433e+05
4.2308e+05
4.1196e+05
4.0096e+05
3.901e+05
3.7937e+05
3.688e+05
3.5837e+05
3.481e+05
3.38e+05
3.2805e+05
3.1828e+05
3.0869e+05
2.9927e+05
2.9003e+05
2.8098e+05
2.7211e+05
2.6343e+05
2.5495e+05
2.4665e+05
2.3856e+05
2.3066e+05
2.2295e+05
2.1545e+05
2.0814e+05
2.0104e+05
1.9413e+05
1.8742e+05
1.8091e+05
1.746e+05
1.6849e+05
1.6257e+05
1.5685e+05
1.5132e+05
1.4599e+05
1.4084e+05
1.3588e+05
1.3111e+05
1.2652e+05
1.2211e+05
1.1787e+05
1.1382e+05
1.0993e+05
1.0622e+05
1.0267e+05
99280
96051
92979
90059
87287
84660
82173
79824
77608
75521
73560
71720
69997
68388
66888
65493
64200
63005
61903
60891
59964
59120
58353
57661
57040
56485
55995
55564
55189
54868
54597
54372
54191
54050
53947
53878
53841
53833
53851
53893
53956
54039
54138
54252
54378
54514
54659
54811
54968
55128
55290
55453
55614
55773
55928
56079
56224
56362
56492
56614
56726
56829
56921
57001
57070
57127
57171
57203
57221
57226
57217
57194
57157
57107
57042
56963
56871
56764
56644
56510
56363
56202
56028
55842
55642
55430
55206
54970
54722
54463
54193
53912
53620
53319
53007
52686
52356
52017
51669
51313
50949
50577
50198
49811
49418
49018
48612
48200
47782
47359
46930
46496
46058
45615
45167
44716
44260
43800
43338
42871
42402
41929
41453
40975
40495
40011
39526
39038
38549
