81245
84522
87875
91299
94790
98343
1.0196e+05
1.0562e+05
1.0934e+05
1.131e+05
1.169e+05
1.2074e+05
1.2461e+05
1.2851e+05
1.3243e+05
1.3636e+05
1.4031e+05
1.4427e+05
1.4822e+05
1.5218e+05
1.5613e+05
1.6006e+05
1.6399e+05
1.6789e+05
1.7176e+05
1.756e+05
1.7942e+05
1.8319e+05
1.8692e+05
1.906e+05
1.9423e+05
1.9781e+05
2.0133e+05
2.0479e+05
2.0818e+05
2.115e+05
2.1475e+05
2.1793e+05
2.2103e+05
2.2405e+05
2.2699e+05
2.2984e+05
2.326e+05
2.3528e+05
2.3787e+05
2.4036e+05
2.4276e+05
2.4506e+05
2.4727e+05
2.4938e+05
2.514e+05
2.5331e+05
2.5513e+05
2.5685e+05
2.5847e+05
2.6e+05
2.6142e+05
2.6275e+05
2.6399e+05
2.6512e+05
2.6617e+05
2.6712e+05
2.6797e+05
2.6874e+05
2.6942e+05
2.7001e+05
2.7052e+05
2.7095e+05
2.7129e+05
2.7156e+05
2.7175e+05
2.7186e+05
2.7191e+05
2.7188e+05
2.7179e+05
2.7164e+05
2.7142e+05
2.7115e+05
2.7082e+05
2.7044e+05
2.7001e+05
2.6954e+05
2.6902e+05
2.6846e+05
2.6787e+05
2.6724e+05
2.6658e+05
2.6588e+05
2.6517e+05
2.6443e+05
2.6367e+05
2.6289e+05
2.621e+05
2.613e+05
2.6048e+05
2.5966e+05
2.5884e+05
2.5801e+05
2.5718e+05
2.5635e+05
2.5553e+05
2.5472e+05
2.5391e+05
2.5311e+05
2.5232e+05
2.5155e+05
2.5079e+05
2.5005e+05
2.4932e+05
2.4862e+05
2.4793e+05
2.4726e+05
2.4662e+05
2.4599e+05
2.4539e+05
2.4482e+05
2.4426e+05
2.4374e+05
2.4323e+05
2.4275e+05
2.423e+05
2.4187e+05
2.4146e+05
2.4108e+05
2.4072e+05
2.4039e+05
2.4008e+05
2.3979e+05
2.3953e+05
2.3928e+05
2.3906e+05
2.3885e+05
2.3867e+05
2.385e+05
2.3835e+05
2.3822e+05
2.381e+05
2.38e+05
2.3791e+05
2.3783e+05
2.3776e+05
2.377e+05
2.3765e+05
2.3761e+05
2.3757e+05
2.3754e+05
2.3751e+05
2.3748e+05
2.3745e+05
2.3742e+05
2.3739e+05
2.3736e+05
2.3732e+05
2.3728e+05
2.3723e+05
2.3718e+05
2.3711e+05
2.3704e+05
2.3695e+05
2.3686e+05
2.3674e+05
2.3662e+05
2.3648e+05
2.3632e+05
2.3615e+05
2.3596e+05
2.3575e+05
2.3552e+05
2.3527e+05
2.35e+05
2.347e+05
2.3439e+05
2.3405e+05
2.3369e+05
2.333e+05
2.3289e+05
2.3245e+05
2.3199e+05
2.315e+05
2.3099e+05
2.3044e+05
2.2987e+05
2.2927e+05
2.2865e+05
2.2799e+05
2.2731e+05
2.2659e+05
2.2585e+05
2.2508e+05
2.2428e+05
2.2344e+05
2.2258e+05
2.2169e+05
2.2077e+05
2.1981e+05
2.1883e+05
2.1782e+05
2.1677e+05
2.157e+05
2.1459e+05
2.1345e+05
2.1228e+05
2.1109e+05
2.0986e+05
2.086e+05
2.0731e+05
2.0599e+05
2.0464e+05
2.0325e+05
2.0184e+05
2.004e+05
1.9893e+05
1.9743e+05
1.959e+05
1.9434e+05
1.9275e+05
1.9113e+05
1.8948e+05
1.878e+05
1.861e+05
1.8437e+05
1.8261e+05
1.8082e+05
1.7901e+05
1.7717e+05
1.7531e+05
1.7342e+05
1.715e+05
1.6956e+05
1.676e+05
1.6562e+05
1.6361e+05
1.6158e+05
1.5954e+05
1.5747e+05
1.5538e+05
1.5328e+05
1.5115e+05
1.4902e+05
1.4686e+05
1.447e+05
1.4252e+05
1.4033e+05
1.3813e+05
1.3592e+05
1.337e+05
1.3147e+05
1.2924e+05
1.2701e+05
1.2477e+05
1.2254e+05
1.203e+05
1.1806e+05
1.1583e+05
1.1361e+05
1.1139e+05
1.0918e+05
1.0698e+05
1.0479e+05
1.0262e+05
1.0046e+05
98322
96200
94099
92020
89965
87936
85934
83962
82020
80111
78236
76396
74594
72830
71107
69425
67785
66190
64640
63137
61681
60273
58915
57607
56350
55144
53991
52890
51842
50848
49906
49018
48183
47402
46673
45996
45372
44798
44275
43802
43377
42999
42668
42382
42140
41939
41779
41657
41572
41522
41505
41519
41561
41629
41721
41834
41966
42115
42277
42451
42633
42821
43012
43203
43392
43575
43751
43916
44068
44204
44322
44418
44491
44537
44555
44543
44498
44418
44301
44145
43949
43710
43429
43103
42730
42312
41845
41331
40768
40156
39495
38786
38029
37224
36373
35475
34534
33549
32524
31459
30357
29220
28052
26855
25631
24386
23121
21841
20550
19253
17953
16656
15365
14088
12827
11590
10382
9208.7
8075.7
6989.5
5956.3
4982.6
4074.8
3239.7
2484
1814.5
1238.2
762.05
393.06
138.32
4.927
0
130.65
403.95
826.99
1406.8
2150.3
3064.3
4155.8
5431.3
6897.4
8560.7
10427
12503
14795
17308
20047
23019
26228
29678
33376
37324
41528
45990
50715
55704
60962
66491
72292
78367
84718
91346
98251
1.0543e+05
1.1289e+05
1.2063e+05
1.2864e+05
1.3693e+05
1.4549e+05
1.5432e+05
1.6342e+05
1.7278e+05
1.8241e+05
1.9229e+05
2.0242e+05
2.128e+05
2.2343e+05
2.3429e+05
2.4539e+05
2.5671e+05
2.6825e+05
2.8e+05
2.9195e+05
3.041e+05
3.1644e+05
3.2895e+05
3.4164e+05
3.5449e+05
3.6749e+05
3.8062e+05
3.9389e+05
4.0728e+05
4.2078e+05
4.3438e+05
4.4807e+05
4.6183e+05
4.7565e+05
4.8953e+05
5.0344e+05
5.1738e+05
5.3134e+05
5.453e+05
5.5925e+05
5.7317e+05
5.8706e+05
6.009e+05
6.1467e+05
6.2837e+05
6.4199e+05
6.555e+05
6.6889e+05
6.8216e+05
6.9528e+05
7.0826e+05
7.2106e+05
7.3369e+05
7.4613e+05
7.5836e+05
7.7038e+05
7.8217e+05
7.9372e+05
8.0502e+05
8.1605e+05
8.2682e+05
8.373e+05
8.4748e+05
8.5737e+05
8.6694e+05
8.7618e+05
8.8509e+05
8.9367e+05
9.0189e+05
9.0975e+05
9.1725e+05
9.2438e+05
9.3113e+05
9.3749e+05
9.4346e+05
9.4904e+05
9.5421e+05
9.5898e+05
9.6334e+05
9.6728e+05
9.7081e+05
9.7391e+05
9.766e+05
9.7886e+05
9.8069e+05
9.821e+05
9.8309e+05
9.8364e+05
9.8378e+05
9.8348e+05
9.8277e+05
9.8163e+05
9.8008e+05
9.7811e+05
9.7573e+05
9.7294e+05
9.6975e+05
9.6615e+05
9.6217e+05
9.5779e+05
9.5303e+05
9.479e+05
9.4239e+05
9.3652e+05
9.303e+05
9.2372e+05
9.1681e+05
9.0956e+05
9.0199e+05
8.9411e+05
8.8592e+05
8.7743e+05
8.6866e+05
8.5961e+05
8.503e+05
8.4073e+05
8.3091e+05
8.2085e+05
8.1058e+05
8.0009e+05
7.8939e+05
7.785e+05
7.6744e+05
7.562e+05
7.4481e+05
7.3327e+05
7.2159e+05
7.0979e+05
6.9788e+05
6.8587e+05
6.7376e+05
6.6158e+05
6.4933e+05
6.3702e+05
6.2467e+05
6.1228e+05
5.9987e+05
5.8744e+05
5.7501e+05
5.6259e+05
5.5019e+05
5.3781e+05
5.2547e+05
5.1318e+05
5.0094e+05
4.8877e+05
4.7668e+05
4.6466e+05
4.5274e+05
4.4091e+05
4.292e+05
4.176e+05
4.0612e+05
3.9477e+05
3.8355e+05
3.7248e+05
3.6156e+05
3.5079e+05
3.4018e+05
3.2974e+05
3.1947e+05
3.0937e+05
2.9945e+05
2.8972e+05
2.8018e+05
2.7082e+05
2.6166e+05
2.527e+05
2.4394e+05
2.3538e+05
2.2703e+05
2.1888e+05
2.1094e+05
2.0321e+05
1.9569e+05
1.8838e+05
1.8127e+05
1.7439e+05
1.6771e+05
1.6124e+05
1.5498e+05
1.4893e+05
1.4309e+05
1.3745e+05
1.3202e+05
1.2679e+05
1.2176e+05
1.1693e+05
1.123e+05
1.0786e+05
1.0362e+05
99561
95689
92000
88490
85155
81993
79000
76171
73504
70993
68636
66427
64364
62441
60655
59001
57475
56072
54789
53621
52563
51611
50760
50008
49348
48777
48291
47885
47555
47297
47107
46981
46915
46905
46948
47039
47175
47352
47567
47817
48097
48406
48739
49094
49468
49858
50261
50674
51096
51523
51953
52384
52814
53241
53662
54077
54483
54879
55263
55633
55989
56329
56652
56956
57242
57508
57752
57976
58177
58355
58510
58641
58749
58832
58891
58925
58935
58919
58879
58815
58726
58613
58476
58316
58132
57925
57695
57444
57171
56876
56561
56226
55872
55499
55107
54698
54272
53830
53372
52900
52413
51913
51399
50874
50338
49791
49233
48667
48092
47509
46920
46323
45721
45114
44502
43886
43267
42646
42022
41397
40772
40146
39520
38895
38271
37649
37029
