1.3523e+05
1.3949e+05
1.4378e+05
1.4807e+05
1.5237e+05
1.5667e+05
1.6097e+05
1.6526e+05
1.6953e+05
1.7378e+05
1.7801e+05
1.822e+05
1.8636e+05
1.9048e+05
1.9456e+05
1.9859e+05
2.0256e+05
2.0647e+05
2.1032e+05
2.1411e+05
2.1783e+05
2.2147e+05
2.2504e+05
2.2852e+05
2.3193e+05
2.3525e+05
2.3848e+05
2.4162e+05
2.4467e+05
2.4762e+05
2.5047e+05
2.5323e+05
2.5589e+05
2.5845e+05
2.609e+05
2.6326e+05
2.6551e+05
2.6766e+05
2.6971e+05
2.7165e+05
2.7349e+05
2.7523e+05
2.7686e+05
2.784e+05
2.7983e+05
2.8117e+05
2.8241e+05
2.8356e+05
2.8461e+05
2.8558e+05
2.8645e+05
2.8724e+05
2.8794e+05
2.8856e+05
2.891e+05
2.8956e+05
2.8996e+05
2.9028e+05
2.9054e+05
2.9073e+05
2.9086e+05
2.9094e+05
2.9096e+05
2.9093e+05
2.9086e+05
2.9074e+05
2.9059e+05
2.904e+05
2.9019e+05
2.8994e+05
2.8968e+05
2.8939e+05
2.8909e+05
2.8878e+05
2.8846e+05
2.8813e+05
2.8781e+05
2.8749e+05
2.8718e+05
2.8687e+05
2.8659e+05
2.8632e+05
2.8607e+05
2.8585e+05
2.8565e+05
2.8548e+05
2.8535e+05
2.8525e+05
2.852e+05
2.8518e+05
2.8521e+05
2.8528e+05
2.854e+05
2.8557e+05
2.858e+05
2.8608e+05
2.8641e+05
2.868e+05
2.8725e+05
2.8775e+05
2.8832e+05
2.8895e+05
2.8964e+05
2.9039e+05
2.912e+05
2.9207e+05
2.9301e+05
2.94e+05
2.9506e+05
2.9618e+05
2.9735e+05
2.9859e+05
2.9988e+05
3.0123e+05
3.0264e+05
3.041e+05
3.0561e+05
3.0717e+05
3.0877e+05
3.1043e+05
3.1213e+05
3.1386e+05
3.1564e+05
3.1746e+05
3.1931e+05
3.2119e+05
3.2309e+05
3.2503e+05
3.2698e+05
3.2896e+05
3.3095e+05
3.3295e+05
3.3496e+05
3.3698e+05
3.3901e+05
3.4103e+05
3.4305e+05
3.4506e+05
3.4706e+05
3.4905e+05
3.5101e+05
3.5296e+05
3.5488e+05
3.5678e+05
3.5864e+05
3.6047e+05
3.6226e+05
3.6401e+05
3.6572e+05
3.6738e+05
3.6898e+05
3.7054e+05
3.7204e+05
3.7347e+05
3.7485e+05
3.7616e+05
3.774e+05
3.7857e+05
3.7967e+05
3.807e+05
3.8165e+05
3.8252e+05
3.8331e+05
3.8401e+05
3.8463e+05
3.8517e+05
3.8562e+05
3.8598e+05
3.8625e+05
3.8643e+05
3.8652e+05
3.8651e+05
3.8642e+05
3.8622e+05
3.8594e+05
3.8556e+05
3.8509e+05
3.8452e+05
3.8386e+05
3.831e+05
3.8225e+05
3.8131e+05
3.8028e+05
3.7916e+05
3.7794e+05
3.7664e+05
3.7525e+05
3.7378e+05
3.7221e+05
3.7057e+05
3.6884e+05
3.6704e+05
3.6515e+05
3.6319e+05
3.6116e+05
3.5905e+05
3.5687e+05
3.5463e+05
3.5232e+05
3.4995e+05
3.4751e+05
3.4502e+05
3.4247e+05
3.3987e+05
3.3722e+05
3.3453e+05
3.3178e+05
3.29e+05
3.2617e+05
3.2331e+05
3.2042e+05
3.1749e+05
3.1454e+05
3.1155e+05
3.0855e+05
3.0552e+05
3.0248e+05
2.9942e+05
2.9635e+05
2.9327e+05
2.9018e+05
2.8709e+05
2.84e+05
2.809e+05
2.7781e+05
2.7472e+05
2.7163e+05
2.6856e+05
2.6549e+05
2.6244e+05
2.594e+05
2.5638e+05
2.5338e+05
2.5039e+05
2.4743e+05
2.4449e+05
2.4157e+05
2.3868e+05
2.3581e+05
2.3297e+05
2.3016e+05
2.2738e+05
2.2462e+05
2.219e+05
2.1921e+05
2.1655e+05
2.1392e+05
2.1133e+05
2.0876e+05
2.0623e+05
2.0373e+05
2.0126e+05
1.9883e+05
1.9642e+05
1.9405e+05
1.9171e+05
1.894e+05
1.8711e+05
1.8486e+05
1.8264e+05
1.8044e+05
1.7827e+05
1.7612e+05
1.74e+05
1.7191e+05
1.6983e+05
1.6778e+05
1.6574e+05
1.6373e+05
1.6173e+05
1.5975e+05
1.5778e+05
1.5583e+05
1.5389e+05
1.5196e+05
1.5004e+05
1.4812e+05
1.4622e+05
1.4431e+05
1.4241e+05
1.4052e+05
1.3862e+05
1.3672e+05
1.3483e+05
1.3292e+05
1.3102e+05
1.2911e+05
1.2719e+05
1.2526e+05
1.2333e+05
1.2138e+05
1.1943e+05
1.1746e+05
1.1548e+05
1.1349e+05
1.1148e+05
1.0946e+05
1.0742e+05
1.0537e+05
1.033e+05
1.0122e+05
99124
97010
94880
92735
90574
88399
86209
84005
81788
79560
77320
75069
72810
70543
68270
65991
63710
61427
59145
56865
54589
52320
50059
47810
45574
43355
41154
38975
36820
34693
32596
30532
28505
26518
24574
22677
20830
19036
17299
15622
14010
12466
10993
9595.8
8277.4
7041.9
5893
4834.5
3870.2
3004
2239.5
1580.6
1031
594.45
274.67
75.311
0
52.32
235.8
553.92
1010.1
1607.7
2349.9
3240.1
4281.2
5476.3
6828.5
8340.4
10015
11855
13862
16040
18390
20914
23615
26495
29555
32798
36223
39834
43631
47614
51786
56147
60697
65437
70367
75488
80798
86299
91989
97869
1.0394e+05
1.1019e+05
1.1663e+05
1.2326e+05
1.3007e+05
1.3706e+05
1.4424e+05
1.5159e+05
1.5912e+05
1.6682e+05
1.7469e+05
1.8273e+05
1.9094e+05
1.9932e+05
2.0785e+05
2.1654e+05
2.2539e+05
2.3438e+05
2.4352e+05
2.5281e+05
2.6223e+05
2.7178e+05
2.8147e+05
2.9128e+05
3.0122e+05
3.1127e+05
3.2143e+05
3.317e+05
3.4207e+05
3.5254e+05
3.631e+05
3.7374e+05
3.8447e+05
3.9526e+05
4.0613e+05
4.1706e+05
4.2805e+05
4.3909e+05
4.5018e+05
4.613e+05
4.7246e+05
4.8364e+05
4.9485e+05
5.0607e+05
5.173e+05
5.2853e+05
5.3975e+05
5.5096e+05
5.6216e+05
5.7333e+05
5.8447e+05
5.9557e+05
6.0663e+05
6.1763e+05
6.2858e+05
6.3947e+05
6.5029e+05
6.6103e+05
6.7169e+05
6.8226e+05
6.9273e+05
7.0311e+05
7.1337e+05
7.2352e+05
7.3356e+05
7.4346e+05
7.5324e+05
7.6287e+05
7.7237e+05
7.8171e+05
7.909e+05
7.9993e+05
8.0879e+05
8.1748e+05
8.26e+05
8.3434e+05
8.4249e+05
8.5045e+05
8.5821e+05
8.6578e+05
8.7314e+05
8.8029e+05
8.8724e+05
8.9396e+05
9.0046e+05
9.0675e+05
9.128e+05
9.1862e+05
9.2421e+05
9.2956e+05
9.3468e+05
9.3955e+05
9.4417e+05
9.4855e+05
9.5268e+05
9.5656e+05
9.6019e+05
9.6356e+05
9.6667e+05
9.6953e+05
9.7213e+05
9.7446e+05
9.7654e+05
9.7836e+05
9.7992e+05
9.8121e+05
9.8225e+05
9.8302e+05
9.8353e+05
9.8378e+05
9.8377e+05
9.835e+05
9.8297e+05
9.8218e+05
9.8114e+05
9.7985e+05
9.783e+05
9.765e+05
9.7445e+05
9.7215e+05
9.6961e+05
9.6683e+05
9.6381e+05
9.6055e+05
9.5705e+05
9.5333e+05
9.4938e+05
9.452e+05
9.408e+05
9.3618e+05
9.3135e+05
9.2631e+05
9.2106e+05
9.1561e+05
9.0996e+05
9.0411e+05
8.9807e+05
8.9185e+05
8.8545e+05
8.7887e+05
8.7212e+05
8.652e+05
8.5811e+05
8.5087e+05
8.4348e+05
8.3594e+05
8.2825e+05
8.2043e+05
8.1247e+05
8.0438e+05
7.9618e+05
7.8785e+05
7.7941e+05
7.7087e+05
7.6222e+05
7.5348e+05
7.4465e+05
7.3573e+05
7.2673e+05
7.1765e+05
7.0851e+05
6.993e+05
6.9003e+05
6.8071e+05
6.7134e+05
6.6193e+05
6.5247e+05
6.4299e+05
6.3348e+05
6.2394e+05
6.1439e+05
6.0482e+05
5.9525e+05
5.8567e+05
5.7609e+05
5.6653e+05
5.5697e+05
5.4743e+05
5.3791e+05
5.2841e+05
5.1894e+05
5.0951e+05
5.0012e+05
4.9076e+05
4.8146e+05
4.722e+05
4.63e+05
4.5386e+05
4.4478e+05
4.3576e+05
4.2681e+05
4.1794e+05
4.0914e+05
4.0042e+05
3.9178e+05
3.8323e+05
3.7476e+05
3.6639e+05
3.5811e+05
3.4993e+05
3.4184e+05
3.3386e+05
3.2598e+05
3.182e+05
3.1053e+05
3.0297e+05
2.9553e+05
2.8819e+05
2.8097e+05
2.7387e+05
2.6689e+05
2.6002e+05
2.5327e+05
2.4665e+05
2.4015e+05
2.3377e+05
2.2751e+05
2.2138e+05
2.1538e+05
2.095e+05
2.0375e+05
1.9812e+05
1.9262e+05
1.8724e+05
1.82e+05
1.7687e+05
1.7188e+05
1.6701e+05
1.6227e+05
1.5765e+05
1.5316e+05
1.4879e+05
1.4454e+05
1.4042e+05
1.3641e+05
1.3253e+05
1.2877e+05
1.2512e+05
1.216e+05
1.1819e+05
1.1489e+05
1.1171e+05
1.0864e+05
1.0568e+05
1.0283e+05
1.0009e+05
97453
94920
92491
90162
87932
85799
83761
81817
79964
78201
76525
74934
73427
72001
70655
69385
68190
67068
66017
65034
64118
63266
62476
61745
61073
60456
59893
59381
58918
58502
58131
57803
57516
57267
57055
56878
56734
56621
56536
56478
56445
56436
56448
56479
56529
56594
56674
56767
56871
56985
57106
57235
57368
57506
57646
57786
57927
58066
58203
58335
58463
58585
58700
58807
58905
58993
59070
59136
59190
59231
59258
59271
59269
59252
59219
59169
59103
59020
58919
58801
58664
58509
58336
58144
57934
57705
57457
57190
56904
56600
56277
55936
55576
55198
54802
54388
53957
53509
53044
52562
52064
51550
51021
