6.5485e+05
6.555e+05
6.5604e+05
6.5647e+05
6.5678e+05
6.5698e+05
6.5707e+05
6.5706e+05
6.5693e+05
6.567e+05
6.5636e+05
6.5591e+05
6.5537e+05
6.5472e+05
6.5397e+05
6.5313e+05
6.5219e+05
6.5115e+05
6.5002e+05
6.4879e+05
6.4748e+05
6.4608e+05
6.4459e+05
6.4301e+05
6.4136e+05
6.3962e+05
6.378e+05
6.359e+05
6.3393e+05
6.3188e+05
6.2976e+05
6.2757e+05
6.2532e+05
6.2299e+05
6.2061e+05
6.1816e+05
6.1565e+05
6.1308e+05
6.1045e+05
6.0777e+05
6.0504e+05
6.0226e+05
5.9943e+05
5.9655e+05
5.9363e+05
5.9066e+05
5.8766e+05
5.8462e+05
5.8153e+05
5.7842e+05
5.7527e+05
5.7209e+05
5.6888e+05
5.6565e+05
5.6238e+05
5.591e+05
5.5579e+05
5.5246e+05
5.4912e+05
5.4576e+05
5.4238e+05
5.3899e+05
5.3558e+05
5.3217e+05
5.2875e+05
5.2532e+05
5.2189e+05
5.1845e+05
5.1501e+05
5.1157e+05
5.0813e+05
5.0469e+05
5.0125e+05
4.9782e+05
4.9439e+05
4.9097e+05
4.8756e+05
4.8416e+05
4.8076e+05
4.7738e+05
4.7401e+05
4.7066e+05
4.6732e+05
4.6399e+05
4.6068e+05
4.5739e+05
4.5412e+05
4.5086e+05
4.4763e+05
4.4441e+05
4.4122e+05
4.3804e+05
4.3489e+05
4.3176e+05
4.2866e+05
4.2557e+05
4.2252e+05
4.1948e+05
4.1647e+05
4.1349e+05
4.1053e+05
4.076e+05
4.0469e+05
4.0181e+05
3.9896e+05
3.9613e+05
3.9333e+05
3.9055e+05
3.878e+05
3.8508e+05
3.8239e+05
3.7972e+05
3.7708e+05
3.7446e+05
3.7187e+05
3.6931e+05
3.6677e+05
3.6426e+05
3.6177e+05
3.5931e+05
3.5687e+05
3.5445e+05
3.5206e+05
3.497e+05
3.4736e+05
3.4504e+05
3.4274e+05
3.4046e+05
3.3821e+05
3.3597e+05
3.3376e+05
3.3157e+05
3.2939e+05
3.2724e+05
3.251e+05
3.2298e+05
3.2088e+05
3.1879e+05
3.1672e+05
3.1466e+05
3.1262e+05
3.1059e+05
3.0858e+05
3.0658e+05
3.0459e+05
3.0261e+05
3.0064e+05
2.9868e+05
2.9674e+05
2.948e+05
2.9286e+05
2.9094e+05
2.8902e+05
2.8711e+05
2.8521e+05
2.833e+05
2.8141e+05
2.7951e+05
2.7762e+05
2.7573e+05
2.7385e+05
2.7196e+05
2.7008e+05
2.6819e+05
2.6631e+05
2.6442e+05
2.6253e+05
2.6064e+05
2.5875e+05
2.5685e+05
2.5495e+05
2.5305e+05
2.5114e+05
2.4923e+05
2.4731e+05
2.4539e+05
2.4346e+05
2.4152e+05
2.3958e+05
2.3763e+05
2.3568e+05
2.3371e+05
2.3174e+05
2.2976e+05
2.2778e+05
2.2578e+05
2.2378e+05
2.2177e+05
2.1975e+05
2.1772e+05
2.1568e+05
2.1364e+05
2.1158e+05
2.0952e+05
2.0745e+05
2.0537e+05
2.0328e+05
2.0119e+05
1.9909e+05
1.9698e+05
1.9486e+05
1.9273e+05
1.906e+05
1.8846e+05
1.8632e+05
1.8417e+05
1.8202e+05
1.7986e+05
1.7769e+05
1.7553e+05
1.7335e+05
1.7118e+05
1.69e+05
1.6682e+05
1.6464e+05
1.6246e+05
1.6028e+05
1.581e+05
1.5593e+05
1.5375e+05
1.5158e+05
1.4941e+05
1.4725e+05
1.4509e+05
1.4293e+05
1.4079e+05
1.3865e+05
1.3652e+05
1.344e+05
1.3229e+05
1.302e+05
1.2811e+05
1.2604e+05
1.2399e+05
1.2195e+05
1.1992e+05
1.1792e+05
1.1593e+05
1.1396e+05
1.1202e+05
1.1009e+05
1.0819e+05
1.0632e+05
1.0447e+05
1.0265e+05
1.0085e+05
99083
97347
95642
93970
92332
90729
89163
87634
86143
84693
83284
81917
80594
79316
78083
76899
75762
74676
73640
72657
71727
70851
70031
69268
68563
67918
67332
66808
66347
65949
65616
65349
65149
65017
64953
64960
65037
65187
65409
65705
66076
66523
67046
67646
68324
69081
69918
70836
71834
72915
74077
75323
76653
78067
79566
81150
82821
84577
86421
88351
90369
92475
94670
96952
99324
1.0178e+05
1.0433e+05
1.0697e+05
1.097e+05
1.1252e+05
1.1543e+05
1.1842e+05
1.2151e+05
1.2468e+05
1.2795e+05
1.313e+05
1.3474e+05
1.3828e+05
1.419e+05
1.4561e+05
1.494e+05
1.5329e+05
1.5726e+05
1.6131e+05
1.6546e+05
1.6969e+05
1.74e+05
1.784e+05
1.8289e+05
1.8746e+05
1.9211e+05
1.9684e+05
2.0165e+05
2.0655e+05
2.1152e+05
2.1658e+05
2.2171e+05
2.2692e+05
2.322e+05
2.3757e+05
2.43e+05
2.4851e+05
2.5409e+05
2.5974e+05
2.6546e+05
2.7125e+05
2.7711e+05
2.8304e+05
2.8903e+05
2.9508e+05
3.0119e+05
3.0737e+05
3.1361e+05
3.199e+05
3.2626e+05
3.3266e+05
3.3913e+05
3.4564e+05
3.5221e+05
3.5882e+05
3.6548e+05
3.7219e+05
3.7895e+05
3.8574e+05
3.9258e+05
3.9946e+05
4.0637e+05
4.1333e+05
4.2031e+05
4.2733e+05
4.3438e+05
4.4146e+05
4.4857e+05
4.557e+05
4.6286e+05
4.7003e+05
4.7723e+05
4.8445e+05
4.9168e+05
4.9892e+05
5.0618e+05
5.1345e+05
5.2073e+05
5.2801e+05
5.353e+05
5.4259e+05
5.4988e+05
5.5717e+05
5.6446e+05
5.7174e+05
5.7901e+05
5.8628e+05
5.9353e+05
6.0077e+05
6.08e+05
6.1521e+05
6.224e+05
6.2956e+05
6.3671e+05
6.4383e+05
6.5092e+05
6.5798e+05
6.6501e+05
6.7201e+05
6.7898e+05
6.859e+05
6.9279e+05
6.9964e+05
7.0644e+05
7.132e+05
7.1992e+05
7.2658e+05
7.332e+05
7.3976e+05
7.4627e+05
7.5273e+05
7.5912e+05
7.6546e+05
7.7173e+05
7.7795e+05
7.841e+05
7.9018e+05
7.9619e+05
8.0214e+05
8.0801e+05
8.1381e+05
8.1953e+05
8.2518e+05
8.3075e+05
8.3625e+05
8.4166e+05
8.4699e+05
8.5223e+05
8.5739e+05
8.6246e+05
8.6745e+05
8.7235e+05
8.7715e+05
8.8186e+05
8.8648e+05
8.9101e+05
8.9544e+05
8.9977e+05
9.04e+05
9.0813e+05
9.1217e+05
9.161e+05
9.1993e+05
9.2365e+05
9.2727e+05
9.3079e+05
9.342e+05
9.375e+05
9.4069e+05
9.4378e+05
9.4675e+05
9.4961e+05
9.5237e+05
9.5501e+05
9.5753e+05
9.5995e+05
9.6225e+05
9.6443e+05
9.665e+05
9.6846e+05
9.703e+05
9.7202e+05
9.7363e+05
9.7512e+05
9.7649e+05
9.7774e+05
9.7888e+05
9.799e+05
9.808e+05
9.8158e+05
9.8224e+05
9.8278e+05
9.8321e+05
9.8352e+05
9.8371e+05
9.8378e+05
9.8373e+05
9.8356e+05
9.8328e+05
9.8288e+05
9.8236e+05
9.8172e+05
9.8097e+05
9.801e+05
9.7911e+05
9.7801e+05
9.7679e+05
9.7546e+05
9.7401e+05
9.7245e+05
9.7077e+05
9.6899e+05
9.6709e+05
9.6508e+05
9.6295e+05
9.6072e+05
9.5838e+05
9.5593e+05
9.5338e+05
9.5071e+05
9.4794e+05
9.4507e+05
9.4209e+05
9.3901e+05
9.3582e+05
9.3254e+05
9.2915e+05
9.2566e+05
9.2208e+05
9.184e+05
9.1462e+05
9.1075e+05
9.0679e+05
9.0273e+05
8.9858e+05
8.9435e+05
8.9002e+05
8.856e+05
8.811e+05
8.7652e+05
8.7185e+05
8.671e+05
8.6227e+05
8.5736e+05
8.5237e+05
8.473e+05
8.4216e+05
8.3695e+05
8.3166e+05
8.263e+05
8.2088e+05
8.1538e+05
8.0982e+05
8.0419e+05
7.985e+05
7.9275e+05
7.8694e+05
7.8107e+05
7.7515e+05
7.6917e+05
7.6313e+05
7.5704e+05
7.509e+05
7.4472e+05
7.3848e+05
7.322e+05
7.2588e+05
7.1951e+05
7.131e+05
7.0665e+05
7.0017e+05
6.9365e+05
6.8709e+05
6.805e+05
6.7388e+05
6.6723e+05
6.6056e+05
6.5386e+05
6.4713e+05
6.4038e+05
6.3361e+05
6.2682e+05
6.2001e+05
6.1318e+05
6.0634e+05
5.9949e+05
5.9262e+05
5.8575e+05
5.7887e+05
5.7198e+05
5.6508e+05
5.5818e+05
5.5128e+05
5.4438e+05
5.3748e+05
5.3058e+05
5.2368e+05
5.1679e+05
5.0991e+05
5.0304e+05
4.9617e+05
4.8932e+05
4.8248e+05
4.7565e+05
4.6884e+05
4.6205e+05
4.5528e+05
4.4852e+05
4.4179e+05
4.3507e+05
4.2839e+05
4.2172e+05
4.1509e+05
4.0848e+05
4.019e+05
3.9535e+05
3.8883e+05
3.8234e+05
3.7589e+05
3.6947e+05
3.6309e+05
3.5674e+05
3.5043e+05
3.4416e+05
3.3794e+05
3.3175e+05
3.256e+05
3.195e+05
3.1344e+05
3.0743e+05
3.0147e+05
2.9555e+05
2.8968e+05
2.8385e+05
2.7808e+05
2.7236e+05
2.6669e+05
2.6107e+05
2.555e+05
2.4999e+05
2.4453e+05
2.3913e+05
2.3378e+05
2.2849e+05
2.2325e+05
2.1808e+05
2.1296e+05
2.079e+05
2.029e+05
1.9795e+05
1.9307e+05
1.8825e+05
1.8349e+05
1.7879e+05
1.7415e+05
1.6958e+05
1.6506e+05
1.6061e+05
1.5623e+05
1.519e+05
1.4764e+05
1.4345e+05
1.3931e+05
1.3525e+05
1.3124e+05
1.273e+05
1.2343e+05
1.1962e+05
1.1588e+05
1.122e+05
1.0858e+05
1.0503e+05
1.0155e+05
98128
94774
91484
88259
85099
82003
78972
76005
73102
70263
67487
64775
62127
59541
57017
54556
52157
49820
47544
45328
43173
41079
39044
37068
35151
33292
31491
29748
28061
26431
24857
23337
21873
20463
19106
17802
16550
15350
14202
13104
12055
11056
10105
9202.6
8347
7537.8
6774.5
6056.2
5382.3
4752.1
4164.8
3619.8
3116.2
2653.3
2230.5
1846.9
1501.8
1194.4
924.06
689.9
491.18
327.14
197
99.996
35.346
2.2737
0
27.746
84.731
170.18
283.3
423.32
589.47
780.96
997.01
1236.9
1499.7
1784.8
