1.9921e+05
2.0486e+05
2.1053e+05
2.162e+05
2.2188e+05
2.2755e+05
2.3321e+05
2.3885e+05
2.4446e+05
2.5004e+05
2.5558e+05
2.6107e+05
2.665e+05
2.7187e+05
2.7717e+05
2.824e+05
2.8755e+05
2.926e+05
2.9757e+05
3.0243e+05
3.072e+05
3.1185e+05
3.1639e+05
3.208e+05
3.251e+05
3.2926e+05
3.3329e+05
3.3719e+05
3.4095e+05
3.4456e+05
3.4803e+05
3.5135e+05
3.5452e+05
3.5753e+05
3.6039e+05
3.6309e+05
3.6564e+05
3.6802e+05
3.7025e+05
3.7232e+05
3.7422e+05
3.7597e+05
3.7756e+05
3.7898e+05
3.8026e+05
3.8137e+05
3.8233e+05
3.8313e+05
3.8379e+05
3.843e+05
3.8466e+05
3.8488e+05
3.8495e+05
3.8489e+05
3.847e+05
3.8438e+05
3.8393e+05
3.8336e+05
3.8268e+05
3.8188e+05
3.8097e+05
3.7996e+05
3.7886e+05
3.7766e+05
3.7637e+05
3.75e+05
3.7355e+05
3.7203e+05
3.7044e+05
3.6879e+05
3.6709e+05
3.6533e+05
3.6354e+05
3.617e+05
3.5984e+05
3.5795e+05
3.5603e+05
3.541e+05
3.5217e+05
3.5023e+05
3.4829e+05
3.4635e+05
3.4443e+05
3.4253e+05
3.4065e+05
3.388e+05
3.3699e+05
3.3521e+05
3.3347e+05
3.3178e+05
3.3014e+05
3.2856e+05
3.2704e+05
3.2558e+05
3.2418e+05
3.2286e+05
3.2161e+05
3.2044e+05
3.1935e+05
3.1834e+05
3.1742e+05
3.1658e+05
3.1583e+05
3.1518e+05
3.1461e+05
3.1414e+05
3.1377e+05
3.1349e+05
3.133e+05
3.1321e+05
3.1322e+05
3.1333e+05
3.1353e+05
3.1382e+05
3.1422e+05
3.147e+05
3.1528e+05
3.1595e+05
3.1671e+05
3.1756e+05
3.1849e+05
3.1951e+05
3.2061e+05
3.2178e+05
3.2304e+05
3.2436e+05
3.2576e+05
3.2722e+05
3.2875e+05
3.3034e+05
3.3198e+05
3.3367e+05
3.3542e+05
3.3721e+05
3.3903e+05
3.409e+05
3.428e+05
3.4472e+05
3.4667e+05
3.4864e+05
3.5062e+05
3.5261e+05
3.546e+05
3.566e+05
3.5859e+05
3.6058e+05
3.6255e+05
3.645e+05
3.6644e+05
3.6834e+05
3.7022e+05
3.7205e+05
3.7385e+05
3.7561e+05
3.7732e+05
3.7897e+05
3.8057e+05
3.8211e+05
3.8359e+05
3.85e+05
3.8634e+05
3.876e+05
3.8878e+05
3.8989e+05
3.9091e+05
3.9185e+05
3.9269e+05
3.9345e+05
3.9411e+05
3.9467e+05
3.9514e+05
3.955e+05
3.9577e+05
3.9593e+05
3.9598e+05
3.9593e+05
3.9578e+05
3.9551e+05
3.9514e+05
3.9466e+05
3.9407e+05
3.9337e+05
3.9256e+05
3.9164e+05
3.9062e+05
3.8948e+05
3.8824e+05
3.869e+05
3.8545e+05
3.8389e+05
3.8223e+05
3.8048e+05
3.7862e+05
3.7667e+05
3.7462e+05
3.7248e+05
3.7024e+05
3.6792e+05
3.6552e+05
3.6303e+05
3.6046e+05
3.5781e+05
3.5509e+05
3.523e+05
3.4944e+05
3.4651e+05
3.4352e+05
3.4047e+05
3.3737e+05
3.3421e+05
3.3101e+05
3.2776e+05
3.2447e+05
3.2114e+05
3.1777e+05
3.1437e+05
3.1095e+05
3.075e+05
3.0403e+05
3.0055e+05
2.9705e+05
2.9353e+05
2.9002e+05
2.8649e+05
2.8297e+05
2.7945e+05
2.7593e+05
2.7243e+05
2.6893e+05
2.6545e+05
2.6199e+05
2.5855e+05
2.5513e+05
2.5174e+05
2.4837e+05
2.4504e+05
2.4173e+05
2.3846e+05
2.3523e+05
2.3204e+05
2.2888e+05
2.2577e+05
2.227e+05
2.1967e+05
2.1669e+05
2.1376e+05
2.1088e+05
2.0804e+05
2.0525e+05
2.0252e+05
1.9983e+05
1.972e+05
1.9461e+05
1.9208e+05
1.896e+05
1.8716e+05
1.8478e+05
1.8245e+05
1.8017e+05
1.7794e+05
1.7576e+05
1.7362e+05
1.7153e+05
1.6948e+05
1.6748e+05
1.6552e+05
1.6361e+05
1.6173e+05
1.5989e+05
1.5809e+05
1.5632e+05
1.5459e+05
1.5289e+05
1.5122e+05
1.4958e+05
1.4796e+05
1.4637e+05
1.448e+05
1.4325e+05
1.4171e+05
1.402e+05
1.3869e+05
1.372e+05
1.3572e+05
1.3424e+05
1.3277e+05
1.3131e+05
1.2984e+05
1.2837e+05
1.2691e+05
1.2543e+05
1.2395e+05
1.2246e+05
1.2097e+05
1.1946e+05
1.1793e+05
1.1639e+05
1.1484e+05
1.1327e+05
1.1167e+05
1.1006e+05
1.0843e+05
1.0677e+05
1.0509e+05
1.0339e+05
1.0166e+05
99902
98121
96314
94480
92619
90732
88818
86878
84913
82922
80907
78868
76806
74723
72620
70497
68357
66202
64033
61851
59660
57461
55256
53048
50840
48634
46433
44240
42058
39890
37740
35610
33504
31425
29378
27366
25393
23462
21577
19743
17963
16242
14583
12991
11470
10024
8657.8
7375
6180.1
5077.4
4071.2
3165.7
2365.2
1673.8
1095.8
635.34
296.51
83.391
0
50.296
238.17
567.45
1041.9
1665.1
2440.7
3372.2
4463
5716.2
7135.2
8722.9
10482
12416
14527
16818
19291
21948
24791
27823
31046
34460
38067
41869
45867
50062
54454
59044
63834
68822
74009
79395
84980
90763
96743
1.0292e+05
1.0929e+05
1.1586e+05
1.2262e+05
1.2957e+05
1.3671e+05
1.4404e+05
1.5156e+05
1.5926e+05
1.6714e+05
1.7519e+05
1.8342e+05
1.9183e+05
2.004e+05
2.0914e+05
2.1804e+05
2.271e+05
2.3631e+05
2.4568e+05
2.5519e+05
2.6484e+05
2.7463e+05
2.8455e+05
2.946e+05
3.0477e+05
3.1506e+05
3.2546e+05
3.3596e+05
3.4657e+05
3.5728e+05
3.6807e+05
3.7895e+05
3.8991e+05
4.0094e+05
4.1204e+05
4.232e+05
4.3441e+05
4.4567e+05
4.5697e+05
4.6831e+05
4.7967e+05
4.9105e+05
5.0245e+05
5.1386e+05
5.2527e+05
5.3668e+05
5.4807e+05
5.5944e+05
5.7079e+05
5.8211e+05
5.9338e+05
6.0461e+05
6.1579e+05
6.2691e+05
6.3797e+05
6.4895e+05
6.5985e+05
6.7066e+05
6.8138e+05
6.9201e+05
7.0253e+05
7.1293e+05
7.2322e+05
7.3338e+05
7.4341e+05
7.5331e+05
7.6306e+05
7.7267e+05
7.8212e+05
7.9141e+05
8.0053e+05
8.0948e+05
8.1826e+05
8.2686e+05
8.3526e+05
8.4348e+05
8.515e+05
8.5932e+05
8.6693e+05
8.7434e+05
8.8152e+05
8.885e+05
8.9524e+05
9.0177e+05
9.0806e+05
9.1412e+05
9.1994e+05
9.2552e+05
9.3086e+05
9.3596e+05
9.4081e+05
9.454e+05
9.4975e+05
9.5384e+05
9.5767e+05
9.6125e+05
9.6456e+05
9.6761e+05
9.7041e+05
9.7294e+05
9.752e+05
9.772e+05
9.7894e+05
9.8041e+05
9.8161e+05
9.8255e+05
9.8322e+05
9.8363e+05
9.8378e+05
9.8366e+05
9.8328e+05
9.8264e+05
9.8174e+05
9.8058e+05
9.7916e+05
9.7749e+05
9.7556e+05
9.7339e+05
9.7097e+05
9.683e+05
9.6538e+05
9.6223e+05
9.5884e+05
9.5521e+05
9.5135e+05
9.4726e+05
9.4295e+05
9.3842e+05
9.3366e+05
9.287e+05
9.2352e+05
9.1814e+05
9.1255e+05
9.0677e+05
9.0079e+05
8.9463e+05
8.8827e+05
8.8174e+05
8.7503e+05
8.6816e+05
8.6111e+05
8.5391e+05
8.4654e+05
8.3903e+05
8.3137e+05
8.2357e+05
8.1563e+05
8.0756e+05
7.9937e+05
7.9106e+05
7.8263e+05
7.7409e+05
7.6544e+05
7.567e+05
7.4787e+05
7.3894e+05
7.2993e+05
7.2085e+05
7.1169e+05
7.0246e+05
6.9318e+05
6.8384e+05
6.7444e+05
6.65e+05
6.5552e+05
6.4601e+05
6.3646e+05
6.2689e+05
6.1731e+05
6.077e+05
5.9809e+05
5.8847e+05
5.7885e+05
5.6924e+05
5.5963e+05
5.5004e+05
5.4047e+05
5.3093e+05
5.2141e+05
5.1192e+05
5.0247e+05
4.9307e+05
4.837e+05
4.7439e+05
4.6513e+05
4.5593e+05
4.4678e+05
4.3771e+05
4.287e+05
4.1976e+05
4.109e+05
4.0212e+05
3.9342e+05
3.848e+05
3.7628e+05
3.6784e+05
3.595e+05
3.5125e+05
3.431e+05
3.3506e+05
3.2711e+05
3.1928e+05
3.1155e+05
3.0393e+05
2.9643e+05
2.8904e+05
2.8176e+05
2.7461e+05
2.6757e+05
2.6065e+05
2.5386e+05
2.4718e+05
2.4063e+05
2.3421e+05
2.2791e+05
2.2174e+05
2.1569e+05
2.0977e+05
2.0398e+05
1.9832e+05
1.9279e+05
1.8739e+05
1.8211e+05
1.7697e+05
1.7195e+05
1.6706e+05
1.623e+05
1.5767e+05
1.5316e+05
1.4878e+05
1.4453e+05
1.404e+05
1.364e+05
1.3252e+05
1.2876e+05
1.2513e+05
1.2161e+05
1.1822e+05
1.1494e+05
1.1177e+05
1.0873e+05
1.0579e+05
1.0297e+05
1.0026e+05
97657
95161
92771
90484
88300
86215
84228
82337
80540
78835
77220
75693
74251
72893
71617
70420
69300
68254
67281
66379
65545
64776
64072
63428
62844
62316
61843
61423
61052
60730
60453
60219
60027
59874
59758
59677
59628
59610
59621
59658
59719
59804
59908
60032
60172
60328
60497
60677
60866
61064
61269
61478
61690
61904
62118
62331
62541
62747
62948
63143
63330
63508
63676
63833
63978
64109
64227
64330
64418
64489
64543
64579
64596
64595
64573
64532
64470
64387
64283
64158
64010
63840
63648
63433
63196
62936
62653
62348
62020
61670
61297
60902
60486
60047
59586
59105
58603
58080
57536
