2.8697e+05
2.9029e+05
2.9362e+05
2.9695e+05
3.0028e+05
3.0361e+05
3.0694e+05
3.1026e+05
3.1358e+05
3.1689e+05
3.202e+05
3.2349e+05
3.2677e+05
3.3005e+05
3.333e+05
3.3654e+05
3.3977e+05
3.4297e+05
3.4616e+05
3.4933e+05
3.5247e+05
3.5559e+05
3.5868e+05
3.6175e+05
3.6479e+05
3.678e+05
3.7079e+05
3.7374e+05
3.7666e+05
3.7954e+05
3.8239e+05
3.8521e+05
3.8799e+05
3.9073e+05
3.9343e+05
3.9609e+05
3.9872e+05
4.013e+05
4.0383e+05
4.0633e+05
4.0877e+05
4.1118e+05
4.1353e+05
4.1584e+05
4.181e+05
4.2031e+05
4.2248e+05
4.2459e+05
4.2665e+05
4.2865e+05
4.3061e+05
4.3251e+05
4.3436e+05
4.3615e+05
4.3788e+05
4.3956e+05
4.4118e+05
4.4275e+05
4.4426e+05
4.457e+05
4.4709e+05
4.4842e+05
4.4969e+05
4.509e+05
4.5205e+05
4.5313e+05
4.5416e+05
4.5512e+05
4.5602e+05
4.5685e+05
4.5763e+05
4.5834e+05
4.5898e+05
4.5956e+05
4.6008e+05
4.6053e+05
4.6092e+05
4.6125e+05
4.6151e+05
4.617e+05
4.6183e+05
4.619e+05
4.619e+05
4.6183e+05
4.6171e+05
4.6151e+05
4.6126e+05
4.6093e+05
4.6055e+05
4.601e+05
4.5959e+05
4.5901e+05
4.5837e+05
4.5767e+05
4.5691e+05
4.5608e+05
4.5519e+05
4.5425e+05
4.5324e+05
4.5217e+05
4.5104e+05
4.4985e+05
4.4861e+05
4.4731e+05
4.4595e+05
4.4453e+05
4.4306e+05
4.4154e+05
4.3996e+05
4.3833e+05
4.3665e+05
4.3491e+05
4.3313e+05
4.3129e+05
4.2941e+05
4.2748e+05
4.255e+05
4.2348e+05
4.2141e+05
4.1931e+05
4.1715e+05
4.1496e+05
4.1273e+05
4.1046e+05
4.0815e+05
4.0581e+05
4.0343e+05
4.0102e+05
3.9858e+05
3.961e+05
3.936e+05
3.9106e+05
3.8851e+05
3.8592e+05
3.8331e+05
3.8068e+05
3.7803e+05
3.7535e+05
3.7266e+05
3.6995e+05
3.6723e+05
3.6449e+05
3.6174e+05
3.5898e+05
3.5621e+05
3.5343e+05
3.5064e+05
3.4785e+05
3.4505e+05
3.4225e+05
3.3945e+05
3.3665e+05
3.3385e+05
3.3105e+05
3.2826e+05
3.2548e+05
3.227e+05
3.1993e+05
3.1717e+05
3.1442e+05
3.1168e+05
3.0895e+05
3.0624e+05
3.0355e+05
3.0087e+05
2.9822e+05
2.9558e+05
2.9296e+05
2.9036e+05
2.8779e+05
2.8524e+05
2.8271e+05
2.8021e+05
2.7773e+05
2.7528e+05
2.7286e+05
2.7047e+05
2.6811e+05
2.6578e+05
2.6348e+05
2.6121e+05
2.5897e+05
2.5677e+05
2.546e+05
2.5246e+05
2.5035e+05
2.4828e+05
2.4625e+05
2.4425e+05
2.4228e+05
2.4035e+05
2.3845e+05
2.3659e+05
2.3477e+05
2.3298e+05
2.3122e+05
2.295e+05
2.2782e+05
2.2617e+05
2.2455e+05
2.2297e+05
2.2142e+05
2.1991e+05
2.1842e+05
2.1697e+05
2.1555e+05
2.1417e+05
2.1281e+05
2.1148e+05
2.1019e+05
2.0892e+05
2.0767e+05
2.0646e+05
2.0527e+05
2.0411e+05
2.0297e+05
2.0185e+05
2.0076e+05
1.9968e+05
1.9863e+05
1.9759e+05
1.9658e+05
1.9558e+05
1.9459e+05
1.9362e+05
1.9266e+05
1.9172e+05
1.9078e+05
1.8985e+05
1.8893e+05
1.8802e+05
1.8712e+05
1.8621e+05
1.8532e+05
1.8442e+05
1.8352e+05
1.8262e+05
1.8172e+05
1.8081e+05
1.799e+05
1.7898e+05
1.7806e+05
1.7712e+05
1.7618e+05
1.7522e+05
1.7425e+05
1.7327e+05
1.7227e+05
1.7125e+05
1.7022e+05
1.6917e+05
1.681e+05
1.67e+05
1.6589e+05
1.6475e+05
1.6359e+05
1.624e+05
1.6118e+05
1.5994e+05
1.5868e+05
1.5738e+05
1.5605e+05
1.547e+05
1.5331e+05
1.519e+05
1.5045e+05
1.4897e+05
1.4746e+05
1.4591e+05
1.4433e+05
1.4272e+05
1.4108e+05
1.394e+05
1.3769e+05
1.3594e+05
1.3417e+05
1.3235e+05
1.3051e+05
1.2863e+05
1.2672e+05
1.2478e+05
1.228e+05
1.208e+05
1.1876e+05
1.1669e+05
1.146e+05
1.1248e+05
1.1033e+05
1.0815e+05
1.0595e+05
1.0372e+05
1.0147e+05
99198
96905
94593
92264
89918
87557
85183
82798
80403
78000
75592
73179
70764
68349
65936
63527
61125
58732
56349
53980
51627
49292
46978
44687
42422
40185
37979
35807
33672
31576
29521
27511
25549
23636
21777
19974
18230
16547
14928
13377
11896
10488
9155.3
7901.7
6729.5
5641.6
4640.8
3729.8
2911.4
2188.4
1563.3
1038.9
617.78
302.57
95.803
0
17.629
151.11
402.83
775.09
1270.2
1890.3
2637.6
3514.2
4522.1
5663.2
6939.5
8352.8
9904.8
11597
13432
15410
17532
19802
22218
24784
27499
30366
33384
36554
39878
43356
46988
50775
54718
58816
63070
67479
72044
76764
81639
86669
91854
97192
1.0268e+05
1.0833e+05
1.1412e+05
1.2006e+05
1.2616e+05
1.324e+05
1.3879e+05
1.4532e+05
1.52e+05
1.5882e+05
1.6577e+05
1.7287e+05
1.801e+05
1.8747e+05
1.9497e+05
2.026e+05
2.1035e+05
2.1824e+05
2.2624e+05
2.3436e+05
2.426e+05
2.5096e+05
2.5942e+05
2.68e+05
2.7668e+05
2.8546e+05
2.9434e+05
3.0331e+05
3.1238e+05
3.2153e+05
3.3077e+05
3.4009e+05
3.4949e+05
3.5896e+05
3.685e+05
3.781e+05
3.8777e+05
3.975e+05
4.0728e+05
4.171e+05
4.2698e+05
4.3689e+05
4.4684e+05
4.5682e+05
4.6683e+05
4.7686e+05
4.8692e+05
4.9698e+05
5.0706e+05
5.1714e+05
5.2722e+05
5.373e+05
5.4736e+05
5.5742e+05
5.6746e+05
5.7747e+05
5.8746e+05
5.9742e+05
6.0734e+05
6.1721e+05
6.2705e+05
6.3683e+05
6.4655e+05
6.5622e+05
6.6582e+05
6.7536e+05
6.8482e+05
6.942e+05
7.035e+05
7.1271e+05
7.2184e+05
7.3086e+05
7.3979e+05
7.4861e+05
7.5733e+05
7.6593e+05
7.7441e+05
7.8278e+05
7.9102e+05
7.9913e+05
8.0711e+05
8.1495e+05
8.2265e+05
8.3021e+05
8.3762e+05
8.4488e+05
8.5199e+05
8.5894e+05
8.6572e+05
8.7235e+05
8.788e+05
8.8509e+05
8.912e+05
8.9714e+05
9.029e+05
9.0848e+05
9.1387e+05
9.1908e+05
9.241e+05
9.2893e+05
9.3356e+05
9.38e+05
9.4225e+05
9.4629e+05
9.5014e+05
9.5378e+05
9.5722e+05
9.6045e+05
9.6348e+05
9.663e+05
9.6891e+05
9.7132e+05
9.7351e+05
9.7549e+05
9.7726e+05
9.7882e+05
9.8017e+05
9.813e+05
9.8222e+05
9.8293e+05
9.8342e+05
9.8371e+05
9.8378e+05
9.8364e+05
9.8328e+05
9.8272e+05
9.8194e+05
9.8096e+05
9.7977e+05
9.7837e+05
9.7677e+05
9.7496e+05
9.7295e+05
9.7073e+05
9.6831e+05
9.657e+05
9.6289e+05
9.5988e+05
9.5668e+05
9.5329e+05
9.4971e+05
9.4594e+05
9.4199e+05
9.3785e+05
9.3354e+05
9.2905e+05
9.2438e+05
9.1954e+05
9.1453e+05
9.0936e+05
9.0402e+05
8.9852e+05
8.9287e+05
8.8706e+05
8.8109e+05
8.7498e+05
8.6873e+05
8.6233e+05
8.558e+05
8.4913e+05
8.4233e+05
8.3541e+05
8.2835e+05
8.2118e+05
8.139e+05
8.065e+05
7.9899e+05
7.9137e+05
7.8365e+05
7.7584e+05
7.6793e+05
7.5993e+05
7.5184e+05
7.4368e+05
7.3543e+05
7.2711e+05
7.1872e+05
7.1026e+05
7.0174e+05
6.9316e+05
6.8452e+05
6.7584e+05
6.671e+05
6.5833e+05
6.4951e+05
6.4066e+05
6.3177e+05
6.2286e+05
6.1393e+05
6.0497e+05
5.96e+05
5.8701e+05
5.7802e+05
5.6902e+05
5.6002e+05
5.5102e+05
5.4203e+05
5.3304e+05
5.2407e+05
5.1512e+05
5.0618e+05
4.9726e+05
4.8838e+05
4.7952e+05
4.7069e+05
4.619e+05
4.5315e+05
4.4444e+05
4.3578e+05
4.2716e+05
4.1859e+05
4.1008e+05
4.0162e+05
3.9323e+05
3.8489e+05
3.7662e+05
3.6841e+05
3.6027e+05
3.5221e+05
3.4422e+05
3.363e+05
3.2846e+05
3.207e+05
3.1303e+05
3.0544e+05
2.9793e+05
2.9051e+05
2.8318e+05
2.7594e+05
2.688e+05
2.6175e+05
2.5479e+05
2.4793e+05
2.4117e+05
2.3451e+05
2.2795e+05
2.2149e+05
2.1513e+05
2.0888e+05
2.0273e+05
1.9668e+05
1.9074e+05
1.8491e+05
1.7918e+05
1.7357e+05
1.6805e+05
1.6265e+05
1.5736e+05
1.5217e+05
1.4709e+05
1.4213e+05
1.3727e+05
1.3252e+05
1.2787e+05
1.2334e+05
1.1891e+05
1.146e+05
1.1039e+05
1.0628e+05
1.0229e+05
98397
94613
90933
87357
83885
80515
77247
74080
71013
68044
65174
62401
59723
57140
54650
52253
49946
47729
45600
43559
41603
39731
37941
36233
34605
33055
31582
30183
28859
27606
26424
25311
24265
23284
22367
21513
20719
19984
19307
18685
18117
17601
17135
16719
16350
16027
15747
15510
15313
15156
15036
14952
14902
14884
14898
14941
15013
15110
15233
15380
15548
15737
15945
16171
16413
16671
16942
17226
17521
17825
18139
18460
18787
19120
19457
19796
20138
20481
20823
21164
21504
21840
22173
22501
22824
23140
23449
23751
24044
24328
24602
24866
25119
25360
25590
25806
