1.329e+05
1.3555e+05
1.3823e+05
1.4094e+05
1.4368e+05
1.4644e+05
1.4924e+05
1.5205e+05
1.5489e+05
1.5774e+05
1.6061e+05
1.635e+05
1.6639e+05
1.693e+05
1.7222e+05
1.7514e+05
1.7807e+05
1.81e+05
1.8393e+05
1.8685e+05
1.8978e+05
1.9269e+05
1.956e+05
1.9849e+05
2.0138e+05
2.0424e+05
2.0709e+05
2.0993e+05
2.1274e+05
2.1552e+05
2.1829e+05
2.2102e+05
2.2373e+05
2.2641e+05
2.2906e+05
2.3167e+05
2.3425e+05
2.3679e+05
2.3929e+05
2.4175e+05
2.4417e+05
2.4655e+05
2.4889e+05
2.5118e+05
2.5342e+05
2.5561e+05
2.5776e+05
2.5986e+05
2.619e+05
2.639e+05
2.6584e+05
2.6773e+05
2.6957e+05
2.7135e+05
2.7308e+05
2.7475e+05
2.7637e+05
2.7793e+05
2.7943e+05
2.8088e+05
2.8227e+05
2.836e+05
2.8488e+05
2.861e+05
2.8727e+05
2.8838e+05
2.8943e+05
2.9043e+05
2.9138e+05
2.9227e+05
2.931e+05
2.9388e+05
2.9461e+05
2.9529e+05
2.9592e+05
2.9649e+05
2.9702e+05
2.975e+05
2.9793e+05
2.9831e+05
2.9865e+05
2.9894e+05
2.9919e+05
2.994e+05
2.9957e+05
2.997e+05
2.9978e+05
2.9983e+05
2.9985e+05
2.9983e+05
2.9977e+05
2.9969e+05
2.9957e+05
2.9942e+05
2.9925e+05
2.9904e+05
2.9882e+05
2.9856e+05
2.9829e+05
2.9799e+05
2.9767e+05
2.9734e+05
2.9698e+05
2.9661e+05
2.9623e+05
2.9583e+05
2.9541e+05
2.9499e+05
2.9455e+05
2.9411e+05
2.9365e+05
2.9319e+05
2.9273e+05
2.9225e+05
2.9177e+05
2.9129e+05
2.9081e+05
2.9032e+05
2.8983e+05
2.8934e+05
2.8885e+05
2.8836e+05
2.8787e+05
2.8738e+05
2.8689e+05
2.8641e+05
2.8592e+05
2.8544e+05
2.8496e+05
2.8449e+05
2.8401e+05
2.8354e+05
2.8307e+05
2.8261e+05
2.8214e+05
2.8168e+05
2.8122e+05
2.8076e+05
2.803e+05
2.7984e+05
2.7938e+05
2.7892e+05
2.7846e+05
2.78e+05
2.7754e+05
2.7707e+05
2.766e+05
2.7612e+05
2.7564e+05
2.7515e+05
2.7466e+05
2.7416e+05
2.7365e+05
2.7312e+05
2.7259e+05
2.7205e+05
2.7149e+05
2.7092e+05
2.7034e+05
2.6973e+05
2.6911e+05
2.6848e+05
2.6782e+05
2.6715e+05
2.6645e+05
2.6573e+05
2.6499e+05
2.6422e+05
2.6343e+05
2.6262e+05
2.6177e+05
2.609e+05
2.6e+05
2.5907e+05
2.5811e+05
2.5712e+05
2.561e+05
2.5504e+05
2.5395e+05
2.5283e+05
2.5167e+05
2.5048e+05
2.4925e+05
2.4799e+05
2.4669e+05
2.4536e+05
2.4399e+05
2.4258e+05
2.4113e+05
2.3965e+05
2.3813e+05
2.3658e+05
2.3499e+05
2.3336e+05
2.3169e+05
2.2999e+05
2.2826e+05
2.2649e+05
2.2468e+05
2.2284e+05
2.2097e+05
2.1906e+05
2.1712e+05
2.1515e+05
2.1316e+05
2.1113e+05
2.0907e+05
2.0699e+05
2.0488e+05
2.0274e+05
2.0058e+05
1.984e+05
1.962e+05
1.9398e+05
1.9173e+05
1.8948e+05
1.872e+05
1.8491e+05
1.8261e+05
1.803e+05
1.7798e+05
1.7565e+05
1.7332e+05
1.7098e+05
1.6864e+05
1.663e+05
1.6395e+05
1.6161e+05
1.5928e+05
1.5695e+05
1.5462e+05
1.5231e+05
1.5e+05
1.4771e+05
1.4543e+05
1.4317e+05
1.4093e+05
1.387e+05
1.365e+05
1.3431e+05
1.3215e+05
1.3001e+05
1.279e+05
1.2582e+05
1.2377e+05
1.2174e+05
1.1975e+05
1.1779e+05
1.1586e+05
1.1397e+05
1.1211e+05
1.1029e+05
1.0851e+05
1.0676e+05
1.0505e+05
1.0338e+05
1.0175e+05
1.0016e+05
98613
97104
95637
94210
92824
91480
90177
88914
87692
86511
85369
84267
83203
82178
81190
80240
79325
78445
77598
76785
76004
75253
74532
73839
73172
72531
71914
71319
70745
70191
69654
69133
68627
68133
67651
67178
66712
66252
65797
65344
64891
64438
63982
63521
63055
62580
62097
61603
61096
60576
60040
59488
58918
58329
57720
57089
56436
55760
55060
54334
53583
52806
52002
51171
50312
49426
48512
47571
46602
45605
44582
43533
42458
41358
40233
39086
37916
36726
35516
34288
33044
31785
30514
29231
27940
26643
25341
24038
22735
21437
20144
18861
17591
16336
15099
13885
12696
11537
10409
9318.5
8267.6
7260.6
6301.3
5393.6
4541.7
3749.5
3021.2
2361
1773
1261.5
830.68
484.83
228.25
65.208
0
36.906
180.2
434.12
802.91
1290.8
1901.8
2640.2
3510
4515.1
5659.6
6947.3
8382
9967.4
11707
13605
15663
17887
20278
22840
25576
28488
31580
34854
38312
41956
45789
49812
54028
58437
63042
67843
72842
78038
83434
89030
94825
1.0082e+05
1.0701e+05
1.1341e+05
1.2e+05
1.2679e+05
1.3378e+05
1.4096e+05
1.4834e+05
1.5591e+05
1.6367e+05
1.7162e+05
1.7976e+05
1.8808e+05
1.9659e+05
2.0527e+05
2.1413e+05
2.2316e+05
2.3236e+05
2.4173e+05
2.5125e+05
2.6094e+05
2.7077e+05
2.8076e+05
2.9089e+05
3.0116e+05
3.1156e+05
3.2209e+05
3.3274e+05
3.4351e+05
3.544e+05
3.6539e+05
3.7648e+05
3.8766e+05
3.9893e+05
4.1028e+05
4.2171e+05
4.332e+05
4.4476e+05
4.5637e+05
4.6802e+05
4.7972e+05
4.9145e+05
5.032e+05
5.1497e+05
5.2675e+05
5.3853e+05
5.5031e+05
5.6207e+05
5.7382e+05
5.8553e+05
5.9721e+05
6.0885e+05
6.2044e+05
6.3196e+05
6.4342e+05
6.548e+05
6.661e+05
6.7731e+05
6.8843e+05
6.9943e+05
7.1033e+05
7.211e+05
7.3174e+05
7.4225e+05
7.5262e+05
7.6283e+05
7.7289e+05
7.8278e+05
7.9251e+05
8.0205e+05
8.1141e+05
8.2058e+05
8.2956e+05
8.3832e+05
8.4688e+05
8.5523e+05
8.6335e+05
8.7124e+05
8.7891e+05
8.8633e+05
8.9352e+05
9.0045e+05
9.0714e+05
9.1356e+05
9.1973e+05
9.2563e+05
9.3127e+05
9.3663e+05
9.4171e+05
9.4652e+05
9.5104e+05
9.5528e+05
9.5923e+05
9.629e+05
9.6627e+05
9.6935e+05
9.7213e+05
9.7462e+05
9.7681e+05
9.787e+05
9.803e+05
9.8159e+05
9.8259e+05
9.8328e+05
9.8368e+05
9.8378e+05
9.8358e+05
9.8308e+05
9.8229e+05
9.812e+05
9.7982e+05
9.7815e+05
9.7619e+05
9.7394e+05
9.7141e+05
9.686e+05
9.6551e+05
9.6215e+05
9.5851e+05
9.546e+05
9.5043e+05
9.46e+05
9.4131e+05
9.3637e+05
9.3118e+05
9.2575e+05
9.2007e+05
9.1417e+05
9.0803e+05
9.0167e+05
8.9509e+05
8.883e+05
8.813e+05
8.7409e+05
8.6669e+05
8.591e+05
8.5132e+05
8.4336e+05
8.3524e+05
8.2694e+05
8.1848e+05
8.0987e+05
8.0111e+05
7.9221e+05
7.8318e+05
7.7401e+05
7.6473e+05
7.5533e+05
7.4582e+05
7.3621e+05
7.265e+05
7.167e+05
7.0682e+05
6.9687e+05
6.8684e+05
6.7676e+05
6.6661e+05
6.5642e+05
6.4618e+05
6.3591e+05
6.2561e+05
6.1528e+05
6.0493e+05
5.9457e+05
5.8421e+05
5.7384e+05
5.6349e+05
5.5314e+05
5.4281e+05
5.325e+05
5.2223e+05
5.1198e+05
5.0178e+05
4.9162e+05
4.8151e+05
4.7146e+05
4.6146e+05
4.5153e+05
4.4167e+05
4.3188e+05
4.2217e+05
4.1255e+05
4.03e+05
3.9355e+05
3.842e+05
3.7494e+05
3.6578e+05
3.5672e+05
3.4778e+05
3.3894e+05
3.3022e+05
3.2161e+05
3.1313e+05
3.0476e+05
2.9652e+05
2.8841e+05
2.8042e+05
2.7257e+05
2.6485e+05
2.5726e+05
2.498e+05
2.4249e+05
2.3531e+05
2.2827e+05
2.2137e+05
2.1461e+05
2.0799e+05
2.0152e+05
1.9518e+05
1.8899e+05
1.8295e+05
1.7704e+05
1.7128e+05
1.6566e+05
1.6018e+05
1.5485e+05
1.4965e+05
1.446e+05
1.3968e+05
1.3491e+05
1.3027e+05
1.2577e+05
1.2141e+05
1.1718e+05
1.1308e+05
1.0912e+05
1.0528e+05
1.0158e+05
97998
94545
91215
88007
84918
81948
79093
76352
73723
71202
68790
66482
64277
62172
60165
58254
56437
54710
53072
51520
50052
48665
47356
46124
44966
43880
42862
41911
41024
40199
39434
38725
38071
37470
36919
36415
35957
35543
35169
34835
34537
34275
34045
33847
33677
33534
33416
33321
33248
33195
33159
33140
33136
33145
33166
33197
33237
33284
33337
33396
33458
33522
33588
33654
33719
33782
33843
33900
33953
34001
34042
34077
34105
34124
34135
34137
34129
34111
34083
34044
33994
33932
33859
33773
33675
33565
33443
33308
33160
32999
32826
32640
32441
32230
32006
31770
31521
31261
30988
30703
30407
30100
29781
29451
29111
