1.69e+05
1.7233e+05
1.7568e+05
1.7908e+05
1.825e+05
1.8595e+05
1.8943e+05
1.9293e+05
1.9644e+05
1.9998e+05
2.0353e+05
2.071e+05
2.1067e+05
2.1425e+05
2.1783e+05
2.2141e+05
2.2499e+05
2.2857e+05
2.3214e+05
2.357e+05
2.3924e+05
2.4278e+05
2.4629e+05
2.4978e+05
2.5325e+05
2.5669e+05
2.6011e+05
2.6349e+05
2.6684e+05
2.7016e+05
2.7344e+05
2.7668e+05
2.7987e+05
2.8302e+05
2.8613e+05
2.8919e+05
2.9219e+05
2.9515e+05
2.9805e+05
3.0089e+05
3.0368e+05
3.0641e+05
3.0908e+05
3.1168e+05
3.1423e+05
3.1671e+05
3.1912e+05
3.2147e+05
3.2375e+05
3.2596e+05
3.2811e+05
3.3018e+05
3.3218e+05
3.3411e+05
3.3597e+05
3.3776e+05
3.3948e+05
3.4112e+05
3.427e+05
3.442e+05
3.4562e+05
3.4698e+05
3.4826e+05
3.4948e+05
3.5062e+05
3.5169e+05
3.5269e+05
3.5362e+05
3.5449e+05
3.5528e+05
3.5601e+05
3.5667e+05
3.5727e+05
3.578e+05
3.5827e+05
3.5868e+05
3.5903e+05
3.5932e+05
3.5955e+05
3.5972e+05
3.5984e+05
3.5991e+05
3.5992e+05
3.5988e+05
3.598e+05
3.5966e+05
3.5948e+05
3.5926e+05
3.5899e+05
3.5868e+05
3.5833e+05
3.5795e+05
3.5753e+05
3.5707e+05
3.5658e+05
3.5606e+05
3.5551e+05
3.5494e+05
3.5433e+05
3.537e+05
3.5305e+05
3.5238e+05
3.5168e+05
3.5097e+05
3.5024e+05
3.495e+05
3.4874e+05
3.4797e+05
3.4718e+05
3.4639e+05
3.4558e+05
3.4477e+05
3.4395e+05
3.4313e+05
3.423e+05
3.4146e+05
3.4062e+05
3.3978e+05
3.3894e+05
3.3809e+05
3.3725e+05
3.364e+05
3.3556e+05
3.3471e+05
3.3387e+05
3.3303e+05
3.3219e+05
3.3135e+05
3.3051e+05
3.2968e+05
3.2884e+05
3.2801e+05
3.2718e+05
3.2635e+05
3.2552e+05
3.2469e+05
3.2386e+05
3.2303e+05
3.222e+05
3.2137e+05
3.2053e+05
3.1969e+05
3.1885e+05
3.18e+05
3.1715e+05
3.1629e+05
3.1543e+05
3.1455e+05
3.1367e+05
3.1278e+05
3.1188e+05
3.1096e+05
3.1003e+05
3.0909e+05
3.0813e+05
3.0716e+05
3.0616e+05
3.0515e+05
3.0412e+05
3.0307e+05
3.02e+05
3.0091e+05
2.9979e+05
2.9864e+05
2.9747e+05
2.9628e+05
2.9505e+05
2.938e+05
2.9251e+05
2.912e+05
2.8985e+05
2.8847e+05
2.8706e+05
2.8562e+05
2.8414e+05
2.8262e+05
2.8108e+05
2.7949e+05
2.7787e+05
2.7621e+05
2.7451e+05
2.7278e+05
2.7101e+05
2.692e+05
2.6735e+05
2.6547e+05
2.6355e+05
2.6159e+05
2.5959e+05
2.5756e+05
2.5549e+05
2.5338e+05
2.5124e+05
2.4907e+05
2.4686e+05
2.4461e+05
2.4234e+05
2.4003e+05
2.3769e+05
2.3532e+05
2.3292e+05
2.3049e+05
2.2804e+05
2.2556e+05
2.2306e+05
2.2054e+05
2.1799e+05
2.1543e+05
2.1284e+05
2.1024e+05
2.0763e+05
2.05e+05
2.0236e+05
1.9971e+05
1.9705e+05
1.9439e+05
1.9172e+05
1.8905e+05
1.8638e+05
1.8371e+05
1.8104e+05
1.7838e+05
1.7573e+05
1.7308e+05
1.7044e+05
1.6782e+05
1.6521e+05
1.6262e+05
1.6004e+05
1.5749e+05
1.5496e+05
1.5245e+05
1.4996e+05
1.475e+05
1.4507e+05
1.4267e+05
1.4031e+05
1.3797e+05
1.3567e+05
1.3341e+05
1.3118e+05
1.29e+05
1.2685e+05
1.2474e+05
1.2268e+05
1.2065e+05
1.1867e+05
1.1674e+05
1.1485e+05
1.1301e+05
1.1121e+05
1.0946e+05
1.0776e+05
1.0611e+05
1.045e+05
1.0295e+05
1.0144e+05
99975
98562
97196
95877
94606
93381
92201
91067
89977
88930
87926
86964
86042
85159
84314
83505
82732
81992
81284
80607
79959
79337
78742
78169
77619
77088
76575
76078
75595
75124
74662
74209
73761
73317
72875
72433
71989
71540
71085
70622
70149
69664
69165
68651
68120
67569
66999
66406
65790
65150
64483
63789
63067
62316
61535
60722
59878
59002
58093
57152
56177
55169
54128
53053
51947
50808
49637
48435
47204
45943
44655
43340
41999
40636
39250
37845
36422
34982
33530
32066
30594
29116
27636
26155
24677
23206
21745
20297
18865
17455
16068
14710
13383
12093
10844
9639.1
8483.4
7381.2
6336.9
5355.1
4440.3
3597.2
2830.6
2145
1545.2
1035.9
622.03
308.23
99.297
0
15.078
149.25
407.21
793.6
1313
1970.1
2769.1
3714.7
4811.2
6062.7
7473.5
9047.7
10789
12702
14789
17055
19503
22136
24958
27971
31179
34583
38187
41994
46004
50220
54644
59278
64123
69179
74449
79932
85630
91542
97669
1.0401e+05
1.1057e+05
1.1733e+05
1.2432e+05
1.3151e+05
1.3891e+05
1.4652e+05
1.5434e+05
1.6237e+05
1.7059e+05
1.7902e+05
1.8764e+05
1.9646e+05
2.0547e+05
2.1466e+05
2.2404e+05
2.336e+05
2.4334e+05
2.5325e+05
2.6332e+05
2.7356e+05
2.8395e+05
2.9449e+05
3.0518e+05
3.1601e+05
3.2698e+05
3.3807e+05
3.4928e+05
3.6061e+05
3.7205e+05
3.836e+05
3.9523e+05
4.0696e+05
4.1876e+05
4.3064e+05
4.4259e+05
4.5459e+05
4.6665e+05
4.7875e+05
4.9088e+05
5.0304e+05
5.1521e+05
5.274e+05
5.3959e+05
5.5177e+05
5.6394e+05
5.7608e+05
5.882e+05
6.0027e+05
6.1229e+05
6.2425e+05
6.3615e+05
6.4797e+05
6.5971e+05
6.7136e+05
6.829e+05
6.9434e+05
7.0566e+05
7.1685e+05
7.2791e+05
7.3883e+05
7.496e+05
7.6021e+05
7.7065e+05
7.8092e+05
7.9101e+05
8.0091e+05
8.1061e+05
8.2011e+05
8.294e+05
8.3847e+05
8.4731e+05
8.5593e+05
8.6431e+05
8.7244e+05
8.8033e+05
8.8796e+05
8.9533e+05
9.0244e+05
9.0927e+05
9.1583e+05
9.2211e+05
9.281e+05
9.3381e+05
9.3922e+05
9.4433e+05
9.4914e+05
9.5365e+05
9.5786e+05
9.6175e+05
9.6534e+05
9.6861e+05
9.7156e+05
9.742e+05
9.7652e+05
9.7852e+05
9.802e+05
9.8155e+05
9.8259e+05
9.8331e+05
9.837e+05
9.8378e+05
9.8353e+05
9.8297e+05
9.8209e+05
9.8089e+05
9.7938e+05
9.7756e+05
9.7543e+05
9.7299e+05
9.7024e+05
9.672e+05
9.6386e+05
9.6022e+05
9.5629e+05
9.5208e+05
9.4758e+05
9.4281e+05
9.3776e+05
9.3244e+05
9.2686e+05
9.2102e+05
9.1493e+05
9.0858e+05
9.02e+05
8.9518e+05
8.8813e+05
8.8085e+05
8.7336e+05
8.6565e+05
8.5774e+05
8.4963e+05
8.4133e+05
8.3284e+05
8.2418e+05
8.1534e+05
8.0634e+05
7.9718e+05
7.8788e+05
7.7843e+05
7.6884e+05
7.5913e+05
7.4929e+05
7.3935e+05
7.2929e+05
7.1914e+05
7.089e+05
6.9858e+05
6.8818e+05
6.777e+05
6.6717e+05
6.5659e+05
6.4596e+05
6.3528e+05
6.2458e+05
6.1385e+05
6.031e+05
5.9234e+05
5.8158e+05
5.7082e+05
5.6007e+05
5.4933e+05
5.3862e+05
5.2793e+05
5.1728e+05
5.0668e+05
4.9611e+05
4.856e+05
4.7515e+05
4.6477e+05
4.5445e+05
4.4421e+05
4.3405e+05
4.2397e+05
4.1398e+05
4.0409e+05
3.943e+05
3.8461e+05
3.7503e+05
3.6556e+05
3.5621e+05
3.4698e+05
3.3787e+05
3.2888e+05
3.2003e+05
3.1131e+05
3.0272e+05
2.9428e+05
2.8597e+05
2.7781e+05
2.6979e+05
2.6192e+05
2.542e+05
2.4662e+05
2.3921e+05
2.3194e+05
2.2483e+05
2.1787e+05
2.1107e+05
2.0443e+05
1.9794e+05
1.9161e+05
1.8544e+05
1.7943e+05
1.7357e+05
1.6787e+05
1.6233e+05
1.5694e+05
1.5171e+05
1.4664e+05
1.4171e+05
1.3694e+05
1.3233e+05
1.2786e+05
1.2354e+05
1.1936e+05
1.1533e+05
1.1145e+05
1.077e+05
1.041e+05
1.0063e+05
97302
94104
91036
88097
85283
82593
80023
77572
75235
73012
70899
68892
66990
65189
63487
61880
60366
58941
57603
56348
55175
54079
53057
52108
51227
50412
49661
48969
48334
47754
47226
46746
46312
45922
45573
45261
44985
44742
44530
44345
44187
44051
43938
43842
43764
43701
43650
43611
43580
43556
43538
43523
43510
43498
43485
43469
43449
43425
43394
43356
43309
43252
43185
43107
43016
42912
42794
42662
42515
42352
42174
41979
41767
41538
41291
41028
40746
40447
40129
39794
39441
39071
38683
38277
37854
37414
36957
36484
35994
35489
34969
34433
33883
33319
32742
32151
31548
30932
30306
29668
29021
28363
27696
27021
26338
25648
24951
24248
23540
22827
22110
21389
20665
19939
19212
18483
17754
17024
16295
