1.8776e+05
1.9242e+05
1.9708e+05
2.0172e+05
2.0635e+05
2.1096e+05
2.1554e+05
2.201e+05
2.2461e+05
2.2908e+05
2.3351e+05
2.3789e+05
2.422e+05
2.4646e+05
2.5065e+05
2.5478e+05
2.5883e+05
2.628e+05
2.6669e+05
2.705e+05
2.7422e+05
2.7785e+05
2.8138e+05
2.8482e+05
2.8817e+05
2.9141e+05
2.9455e+05
2.9758e+05
3.0051e+05
3.0333e+05
3.0605e+05
3.0865e+05
3.1115e+05
3.1353e+05
3.1581e+05
3.1797e+05
3.2003e+05
3.2197e+05
3.2381e+05
3.2553e+05
3.2715e+05
3.2867e+05
3.3008e+05
3.3139e+05
3.3259e+05
3.337e+05
3.3471e+05
3.3562e+05
3.3644e+05
3.3718e+05
3.3782e+05
3.3838e+05
3.3886e+05
3.3927e+05
3.3959e+05
3.3985e+05
3.4004e+05
3.4016e+05
3.4022e+05
3.4023e+05
3.4018e+05
3.4008e+05
3.3994e+05
3.3975e+05
3.3953e+05
3.3927e+05
3.3899e+05
3.3867e+05
3.3834e+05
3.3798e+05
3.3761e+05
3.3724e+05
3.3685e+05
3.3646e+05
3.3608e+05
3.3569e+05
3.3532e+05
3.3496e+05
3.3461e+05
3.3428e+05
3.3397e+05
3.3369e+05
3.3344e+05
3.3322e+05
3.3303e+05
3.3288e+05
3.3277e+05
3.327e+05
3.3267e+05
3.3269e+05
3.3276e+05
3.3287e+05
3.3304e+05
3.3326e+05
3.3354e+05
3.3387e+05
3.3426e+05
3.3471e+05
3.3521e+05
3.3578e+05
3.364e+05
3.3708e+05
3.3783e+05
3.3863e+05
3.3949e+05
3.4041e+05
3.4139e+05
3.4242e+05
3.4351e+05
3.4466e+05
3.4586e+05
3.4711e+05
3.4842e+05
3.4977e+05
3.5117e+05
3.5262e+05
3.5411e+05
3.5565e+05
3.5722e+05
3.5883e+05
3.6047e+05
3.6214e+05
3.6384e+05
3.6557e+05
3.6732e+05
3.691e+05
3.7088e+05
3.7269e+05
3.745e+05
3.7632e+05
3.7814e+05
3.7997e+05
3.8179e+05
3.836e+05
3.8541e+05
3.872e+05
3.8898e+05
3.9073e+05
3.9247e+05
3.9417e+05
3.9585e+05
3.9749e+05
3.991e+05
4.0066e+05
4.0218e+05
4.0366e+05
4.0509e+05
4.0646e+05
4.0778e+05
4.0904e+05
4.1023e+05
4.1137e+05
4.1243e+05
4.1343e+05
4.1436e+05
4.1521e+05
4.1598e+05
4.1668e+05
4.1729e+05
4.1783e+05
4.1828e+05
4.1864e+05
4.1891e+05
4.191e+05
4.192e+05
4.192e+05
4.1912e+05
4.1894e+05
4.1866e+05
4.183e+05
4.1783e+05
4.1728e+05
4.1662e+05
4.1588e+05
4.1503e+05
4.141e+05
4.1307e+05
4.1194e+05
4.1072e+05
4.0941e+05
4.0801e+05
4.0652e+05
4.0493e+05
4.0326e+05
4.0151e+05
3.9966e+05
3.9774e+05
3.9573e+05
3.9364e+05
3.9148e+05
3.8924e+05
3.8692e+05
3.8453e+05
3.8208e+05
3.7955e+05
3.7696e+05
3.7431e+05
3.716e+05
3.6883e+05
3.6601e+05
3.6313e+05
3.6021e+05
3.5723e+05
3.5422e+05
3.5116e+05
3.4807e+05
3.4494e+05
3.4178e+05
3.3858e+05
3.3536e+05
3.3212e+05
3.2885e+05
3.2557e+05
3.2227e+05
3.1896e+05
3.1563e+05
3.123e+05
3.0896e+05
3.0563e+05
3.0229e+05
2.9895e+05
2.9561e+05
2.9229e+05
2.8897e+05
2.8566e+05
2.8237e+05
2.7909e+05
2.7583e+05
2.7259e+05
2.6937e+05
2.6617e+05
2.63e+05
2.5985e+05
2.5672e+05
2.5363e+05
2.5057e+05
2.4753e+05
2.4453e+05
2.4156e+05
2.3862e+05
2.3572e+05
2.3285e+05
2.3001e+05
2.2721e+05
2.2445e+05
2.2172e+05
2.1903e+05
2.1637e+05
2.1375e+05
2.1116e+05
2.0861e+05
2.0609e+05
2.0361e+05
2.0116e+05
1.9874e+05
1.9636e+05
1.9401e+05
1.9168e+05
1.8939e+05
1.8713e+05
1.8489e+05
1.8268e+05
1.8049e+05
1.7833e+05
1.7619e+05
1.7408e+05
1.7198e+05
1.699e+05
1.6784e+05
1.6579e+05
1.6376e+05
1.6174e+05
1.5973e+05
1.5773e+05
1.5574e+05
1.5375e+05
1.5177e+05
1.4979e+05
1.4782e+05
1.4585e+05
1.4387e+05
1.4189e+05
1.3991e+05
1.3793e+05
1.3593e+05
1.3393e+05
1.3193e+05
1.2991e+05
1.2788e+05
1.2584e+05
1.2379e+05
1.2172e+05
1.1964e+05
1.1754e+05
1.1543e+05
1.133e+05
1.1116e+05
1.09e+05
1.0682e+05
1.0462e+05
1.0241e+05
1.0018e+05
97936
95673
93394
91100
88790
86467
84130
81780
79420
77049
74670
72283
69891
67495
65097
62699
60303
57910
55524
53147
50780
48427
46091
43774
41479
39209
36966
34756
32579
30440
28343
26290
24285
22332
20434
18595
16819
15109
13470
11905
10419
9014.4
7696
6467.5
5333
4296.3
3361.6
2532.7
1813.5
1208
720.06
353.54
112.26
0
20.494
177.42
474.38
914.95
1502.6
2240.7
3132.7
4181.7
5390.9
6763.3
8301.9
10010
11889
13943
16173
18583
21175
23950
26910
30058
33395
36922
40642
44554
48661
52963
57461
62155
67046
72134
77419
82901
88580
94455
1.0053e+05
1.0679e+05
1.1325e+05
1.199e+05
1.2674e+05
1.3378e+05
1.41e+05
1.484e+05
1.5599e+05
1.6376e+05
1.7171e+05
1.7984e+05
1.8814e+05
1.9661e+05
2.0525e+05
2.1405e+05
2.2302e+05
2.3214e+05
2.4141e+05
2.5083e+05
2.604e+05
2.7011e+05
2.7995e+05
2.8993e+05
3.0003e+05
3.1025e+05
3.2059e+05
3.3105e+05
3.416e+05
3.5226e+05
3.6302e+05
3.7386e+05
3.8479e+05
3.958e+05
4.0687e+05
4.1802e+05
4.2922e+05
4.4048e+05
4.5178e+05
4.6312e+05
4.745e+05
4.8591e+05
4.9733e+05
5.0877e+05
5.2022e+05
5.3167e+05
5.4311e+05
5.5454e+05
5.6595e+05
5.7733e+05
5.8868e+05
5.9999e+05
6.1125e+05
6.2245e+05
6.336e+05
6.4467e+05
6.5567e+05
6.6659e+05
6.7742e+05
6.8816e+05
6.9879e+05
7.0931e+05
7.1972e+05
7.3001e+05
7.4017e+05
7.5019e+05
7.6008e+05
7.6982e+05
7.794e+05
7.8882e+05
7.9808e+05
8.0717e+05
8.1608e+05
8.2482e+05
8.3336e+05
8.4171e+05
8.4986e+05
8.5781e+05
8.6556e+05
8.7309e+05
8.804e+05
8.8749e+05
8.9436e+05
9.0099e+05
9.0739e+05
9.1356e+05
9.1948e+05
9.2516e+05
9.3059e+05
9.3577e+05
9.407e+05
9.4537e+05
9.4978e+05
9.5393e+05
9.5782e+05
9.6144e+05
9.6479e+05
9.6787e+05
9.7069e+05
9.7323e+05
9.755e+05
9.7749e+05
9.7921e+05
9.8066e+05
9.8183e+05
9.8273e+05
9.8335e+05
9.837e+05
9.8378e+05
9.8358e+05
9.8311e+05
9.8237e+05
9.8135e+05
9.8007e+05
9.7852e+05
9.7671e+05
9.7464e+05
9.723e+05
9.697e+05
9.6685e+05
9.6375e+05
9.6039e+05
9.5679e+05
9.5294e+05
9.4885e+05
9.4452e+05
9.3996e+05
9.3517e+05
9.3015e+05
9.2491e+05
9.1945e+05
9.1377e+05
9.0788e+05
9.0179e+05
8.955e+05
8.8901e+05
8.8233e+05
8.7546e+05
8.6841e+05
8.6118e+05
8.5378e+05
8.4622e+05
8.3849e+05
8.3061e+05
8.2258e+05
8.144e+05
8.0608e+05
7.9763e+05
7.8905e+05
7.8035e+05
7.7153e+05
7.626e+05
7.5356e+05
7.4442e+05
7.3519e+05
7.2587e+05
7.1647e+05
7.0699e+05
6.9744e+05
6.8783e+05
6.7816e+05
6.6843e+05
6.5865e+05
6.4883e+05
6.3898e+05
6.2909e+05
6.1918e+05
6.0925e+05
5.993e+05
5.8935e+05
5.7939e+05
5.6943e+05
5.5947e+05
5.4953e+05
5.3961e+05
5.2971e+05
5.1983e+05
5.0999e+05
5.0018e+05
4.9041e+05
4.8069e+05
4.7102e+05
4.614e+05
4.5184e+05
4.4234e+05
4.3291e+05
4.2355e+05
4.1427e+05
4.0506e+05
3.9594e+05
3.869e+05
3.7795e+05
3.6909e+05
3.6033e+05
3.5167e+05
3.431e+05
3.3465e+05
3.2629e+05
3.1805e+05
3.0992e+05
3.0191e+05
2.9401e+05
2.8623e+05
2.7857e+05
2.7103e+05
2.6362e+05
2.5633e+05
2.4917e+05
2.4214e+05
2.3524e+05
2.2847e+05
2.2183e+05
2.1532e+05
2.0895e+05
2.0271e+05
1.9661e+05
1.9064e+05
1.8481e+05
1.7912e+05
1.7356e+05
1.6813e+05
1.6285e+05
1.5769e+05
1.5268e+05
1.4779e+05
1.4305e+05
1.3843e+05
1.3395e+05
1.296e+05
1.2539e+05
1.213e+05
1.1734e+05
1.1352e+05
1.0981e+05
1.0624e+05
1.0279e+05
99459
96252
93166
90198
87346
84610
81987
79474
77072
74776
72586
70499
68514
66628
64838
63144
61542
60030
58607
57269
56014
54841
53746
52728
51784
50911
50108
49372
48700
48090
47540
47048
46611
46226
45892
45606
45366
45169
45013
44897
44817
44772
44760
44778
44824
44897
44993
45112
45251
45409
45583
45772
45973
46186
46408
46638
46873
47114
47357
47602
47847
48091
48332
48569
48802
49027
49246
49455
49655
49845
50023
50188
50340
50478
50601
50709
50800
50875
50932
50972
50993
50995
50978
50942
50886
50810
50714
50598
50461
50304
50126
49927
49709
49469
49209
48930
48630
48310
47971
47612
47234
46838
46424
45991
45541
45074
44590
44090
43575
43044
42498
41939
41366
40779
40181
39570
