22971
25443
28183
31188
34458
37987
41773
45811
50095
54619
59375
64357
69554
74960
80562
86352
92318
98448
1.0473e+05
1.1115e+05
1.177e+05
1.2437e+05
1.3113e+05
1.3798e+05
1.449e+05
1.5187e+05
1.5889e+05
1.6593e+05
1.7299e+05
1.8004e+05
1.8708e+05
1.9408e+05
2.0103e+05
2.0791e+05
2.1472e+05
2.2143e+05
2.2803e+05
2.3452e+05
2.4086e+05
2.4705e+05
2.5308e+05
2.5893e+05
2.6459e+05
2.7005e+05
2.753e+05
2.8032e+05
2.8511e+05
2.8966e+05
2.9394e+05
2.9797e+05
3.0173e+05
3.052e+05
3.084e+05
3.113e+05
3.139e+05
3.1621e+05
3.1821e+05
3.199e+05
3.2128e+05
3.2235e+05
3.2311e+05
3.2355e+05
3.2368e+05
3.235e+05
3.2301e+05
3.2222e+05
3.2112e+05
3.1972e+05
3.1803e+05
3.1605e+05
3.1379e+05
3.1125e+05
3.0845e+05
3.0538e+05
3.0207e+05
2.9851e+05
2.9471e+05
2.907e+05
2.8647e+05
2.8204e+05
2.7741e+05
2.7261e+05
2.6765e+05
2.6253e+05
2.5726e+05
2.5187e+05
2.4636e+05
2.4075e+05
2.3505e+05
2.2927e+05
2.2343e+05
2.1753e+05
2.116e+05
2.0565e+05
1.9969e+05
1.9373e+05
1.8778e+05
1.8187e+05
1.7599e+05
1.7017e+05
1.6441e+05
1.5873e+05
1.5314e+05
1.4764e+05
1.4226e+05
1.37e+05
1.3186e+05
1.2687e+05
1.2202e+05
1.1733e+05
1.128e+05
1.0844e+05
1.0427e+05
1.0027e+05
96471
92864
89458
86257
83264
80483
77916
75565
73431
71516
69820
68343
67085
66043
65217
64605
64204
64012
64025
64239
64651
65256
66049
67025
68180
69506
71000
72653
74461
76417
78514
80746
83104
85584
88177
90876
93674
96564
99540
1.0259e+05
1.0572e+05
1.089e+05
1.1214e+05
1.1544e+05
1.1877e+05
1.2214e+05
1.2554e+05
1.2896e+05
1.3239e+05
1.3584e+05
1.3928e+05
1.4273e+05
1.4616e+05
1.4958e+05
1.5298e+05
1.5635e+05
1.597e+05
1.63e+05
1.6626e+05
1.6948e+05
1.7264e+05
1.7575e+05
1.788e+05
1.8178e+05
1.847e+05
1.8754e+05
1.903e+05
1.9299e+05
1.9559e+05
1.9811e+05
2.0053e+05
2.0287e+05
2.051e+05
2.0724e+05
2.0928e+05
2.1121e+05
2.1304e+05
2.1476e+05
2.1637e+05
2.1787e+05
2.1926e+05
2.2053e+05
2.2168e+05
2.2271e+05
2.2363e+05
2.2442e+05
2.2509e+05
2.2564e+05
2.2607e+05
2.2637e+05
2.2655e+05
2.266e+05
2.2653e+05
2.2633e+05
2.2601e+05
2.2557e+05
2.25e+05
2.2431e+05
2.235e+05
2.2256e+05
2.2151e+05
2.2034e+05
2.1905e+05
2.1765e+05
2.1613e+05
2.145e+05
2.1276e+05
2.1092e+05
2.0897e+05
2.0692e+05
2.0477e+05
2.0252e+05
2.0019e+05
1.9777e+05
1.9526e+05
1.9267e+05
1.9e+05
1.8726e+05
1.8445e+05
1.8158e+05
1.7864e+05
1.7565e+05
1.7261e+05
1.6952e+05
1.6639e+05
1.6322e+05
1.6002e+05
1.568e+05
1.5355e+05
1.5028e+05
1.47e+05
1.4371e+05
1.4042e+05
1.3713e+05
1.3384e+05
1.3057e+05
1.2731e+05
1.2407e+05
1.2085e+05
1.1766e+05
1.1451e+05
1.1139e+05
1.083e+05
1.0526e+05
1.0227e+05
99320
96425
93583
90797
88068
85400
82792
80247
77766
75349
72997
70710
68488
66331
64239
62210
60244
58341
56498
54714
52988
51317
49700
48135
46620
45151
43728
42347
41006
39702
38434
37197
35991
34812
33659
32528
31418
30327
29252
28192
27146
26111
25086
24071
23064
22064
21072
20086
19107
18135
17171
16214
15265
14327
13399
12483
11581
10696
9827.3
8978.8
8152.5
7350.7
6575.8
5830.6
5117.6
4439.5
3799.3
3199.5
2642.9
2132.3
1670.4
1259.7
902.63
601.66
358.96
176.58
56.373
0
8.8779
84.182
226.82
437.43
716.34
1063.6
1478.9
1961.6
2510.7
3125
3802.8
4542.1
5340.5
6195.4
7103.7
8061.9
9066.5
10113
11198
12316
13463
14633
15821
17021
18228
19436
20638
21829
23003
24153
25273
26358
27400
28395
29337
30219
31037
31787
32462
33059
33575
34005
34347
34598
34756
34821
34791
34666
34447
34135
33732
33242
32666
32010
31279
30477
29613
28692
27724
26716
25679
24623
23558
22497
21452
20435
19462
18545
17700
16941
16285
15748
15346
15097
15016
15121
15431
15961
16730
17754
19052
20640
22535
24754
27312
30225
33509
37177
41244
45723
50626
55964
61749
67989
74693
81870
89525
97663
1.0629e+05
1.154e+05
1.2501e+05
1.3511e+05
1.457e+05
1.5678e+05
1.6834e+05
1.8039e+05
1.929e+05
2.0588e+05
2.1931e+05
2.3319e+05
2.475e+05
2.6223e+05
2.7736e+05
2.9288e+05
3.0876e+05
3.25e+05
3.4156e+05
3.5843e+05
3.7559e+05
3.9301e+05
4.1067e+05
4.2854e+05
4.4659e+05
4.648e+05
4.8314e+05
5.0158e+05
5.2009e+05
5.3864e+05
5.572e+05
5.7574e+05
5.9422e+05
6.1262e+05
6.309e+05
6.4903e+05
6.6698e+05
6.8471e+05
7.022e+05
7.1941e+05
7.3632e+05
7.5288e+05
7.6907e+05
7.8487e+05
8.0023e+05
8.1514e+05
8.2956e+05
8.4348e+05
8.5685e+05
8.6967e+05
8.8189e+05
8.9352e+05
9.0451e+05
9.1485e+05
9.2453e+05
9.3352e+05
9.4181e+05
9.4939e+05
9.5623e+05
9.6234e+05
9.677e+05
9.7231e+05
9.7614e+05
9.7921e+05
9.8151e+05
9.8303e+05
9.8378e+05
9.8375e+05
9.8295e+05
9.8138e+05
9.7905e+05
9.7597e+05
9.7214e+05
9.6758e+05
9.6229e+05
9.5629e+05
9.496e+05
9.4223e+05
9.3419e+05
9.255e+05
9.1619e+05
9.0627e+05
8.9577e+05
8.847e+05
8.7309e+05
8.6097e+05
8.4835e+05
8.3526e+05
8.2174e+05
8.0779e+05
7.9346e+05
7.7877e+05
7.6374e+05
7.4841e+05
7.328e+05
7.1694e+05
7.0085e+05
6.8457e+05
6.6812e+05
6.5153e+05
6.3483e+05
6.1804e+05
6.012e+05
5.8432e+05
5.6743e+05
5.5057e+05
5.3375e+05
5.1699e+05
5.0033e+05
4.8377e+05
4.6736e+05
4.511e+05
4.3501e+05
4.1913e+05
4.0345e+05
3.8801e+05
3.7282e+05
3.5789e+05
3.4324e+05
3.2889e+05
3.1484e+05
3.0111e+05
2.877e+05
2.7464e+05
2.6192e+05
2.4955e+05
2.3754e+05
2.2591e+05
2.1464e+05
2.0375e+05
1.9324e+05
1.8311e+05
1.7336e+05
1.6399e+05
1.55e+05
1.4639e+05
1.3816e+05
1.3031e+05
1.2282e+05
1.157e+05
1.0895e+05
1.0255e+05
96494
90785
85411
80365
75637
71221
67105
63282
59741
56473
53467
50714
48201
45920
43859
42007
40355
38890
37602
36482
35517
34698
34015
33456
33014
32677
32436
32282
32206
32200
32254
32362
32514
32704
32925
33170
33431
33704
33983
34262
34535
34800
35050
35282
35493
35680
35838
35966
36062
36122
36147
36134
36082
35990
35858
35685
35472
35218
34924
34591
34219
33809
33363
32881
32365
31817
31238
30630
29995
29335
28651
27947
27224
26484
25729
24962
24185
23400
22609
21814
21018
20223
19430
18641
17860
17086
16323
15572
14834
14112
13406
12717
12048
11400
10772
10167
9585.3
9027.4
8494
7985.8
7503.1
7046.3
6615.6
6211.1
5833
5481
5155
4854.8
4580.1
4330.4
4105.1
3903.7
3725.6
3570
3436
3322.9
3229.6
3155.3
3098.8
3059.2
3035.3
3025.9
3030
3046.2
3073.4
3110.4
3155.9
3208.6
3267.4
3331
3398.2
3467.7
3538.4
3609
3678.5
3745.7
3809.6
3869
3923
3970.7
4011.1
4043.4
4066.7
4080.2
4083.4
4075.6
4056.1
4024.4
3980.1
3922.8
3852.2
3768
3669.9
3557.9
3431.8
3291.7
3137.6
2969.5
2787.7
2592.3
2383.7
2162.1
1928
1681.7
1423.8
