26960
30509
34304
38341
42613
47115
51839
56779
61928
67276
72815
78536
84431
90489
96700
1.0305e+05
1.0954e+05
1.1615e+05
1.2287e+05
1.2969e+05
1.3659e+05
1.4358e+05
1.5062e+05
1.5772e+05
1.6487e+05
1.7204e+05
1.7922e+05
1.8642e+05
1.9361e+05
2.0077e+05
2.0792e+05
2.1501e+05
2.2206e+05
2.2905e+05
2.3596e+05
2.4278e+05
2.4951e+05
2.5614e+05
2.6265e+05
2.6903e+05
2.7528e+05
2.8139e+05
2.8734e+05
2.9314e+05
2.9877e+05
3.0422e+05
3.0949e+05
3.1458e+05
3.1946e+05
3.2415e+05
3.2863e+05
3.329e+05
3.3696e+05
3.408e+05
3.4441e+05
3.478e+05
3.5096e+05
3.5389e+05
3.5659e+05
3.5905e+05
3.6129e+05
3.6328e+05
3.6505e+05
3.6658e+05
3.6788e+05
3.6895e+05
3.6979e+05
3.7041e+05
3.708e+05
3.7097e+05
3.7092e+05
3.7067e+05
3.702e+05
3.6953e+05
3.6866e+05
3.6759e+05
3.6634e+05
3.649e+05
3.6329e+05
3.6151e+05
3.5956e+05
3.5746e+05
3.5521e+05
3.5281e+05
3.5028e+05
3.4763e+05
3.4485e+05
3.4196e+05
3.3896e+05
3.3587e+05
3.3269e+05
3.2943e+05
3.261e+05
3.227e+05
3.1925e+05
3.1575e+05
3.1222e+05
3.0865e+05
3.0506e+05
3.0145e+05
2.9784e+05
2.9422e+05
2.9062e+05
2.8703e+05
2.8347e+05
2.7993e+05
2.7643e+05
2.7298e+05
2.6958e+05
2.6624e+05
2.6296e+05
2.5975e+05
2.5662e+05
2.5356e+05
2.506e+05
2.4772e+05
2.4494e+05
2.4227e+05
2.3969e+05
2.3723e+05
2.3488e+05
2.3264e+05
2.3052e+05
2.2853e+05
2.2665e+05
2.249e+05
2.2328e+05
2.2178e+05
2.2042e+05
2.1918e+05
2.1807e+05
2.171e+05
2.1625e+05
2.1553e+05
2.1494e+05
2.1448e+05
2.1414e+05
2.1392e+05
2.1382e+05
2.1385e+05
2.1398e+05
2.1423e+05
2.146e+05
2.1506e+05
2.1563e+05
2.163e+05
2.1706e+05
2.179e+05
2.1884e+05
2.1985e+05
2.2094e+05
2.221e+05
2.2333e+05
2.2461e+05
2.2595e+05
2.2733e+05
2.2876e+05
2.3022e+05
2.3172e+05
2.3324e+05
2.3478e+05
2.3633e+05
2.3789e+05
2.3946e+05
2.4101e+05
2.4256e+05
2.4409e+05
2.456e+05
2.4709e+05
2.4854e+05
2.4995e+05
2.5132e+05
2.5264e+05
2.5391e+05
2.5512e+05
2.5627e+05
2.5735e+05
2.5836e+05
2.5929e+05
2.6015e+05
2.6093e+05
2.6161e+05
2.6221e+05
2.6272e+05
2.6314e+05
2.6346e+05
2.6367e+05
2.6379e+05
2.6381e+05
2.6372e+05
2.6353e+05
2.6324e+05
2.6283e+05
2.6233e+05
2.6171e+05
2.6099e+05
2.6017e+05
2.5924e+05
2.582e+05
2.5706e+05
2.5582e+05
2.5449e+05
2.5305e+05
2.5152e+05
2.4989e+05
2.4817e+05
2.4636e+05
2.4447e+05
2.4249e+05
2.4043e+05
2.3829e+05
2.3608e+05
2.3379e+05
2.3144e+05
2.2902e+05
2.2655e+05
2.2401e+05
2.2142e+05
2.1878e+05
2.1609e+05
2.1335e+05
2.1058e+05
2.0777e+05
2.0492e+05
2.0205e+05
1.9915e+05
1.9622e+05
1.9328e+05
1.9032e+05
1.8734e+05
1.8436e+05
1.8137e+05
1.7837e+05
1.7536e+05
1.7236e+05
1.6936e+05
1.6637e+05
1.6338e+05
1.604e+05
1.5743e+05
1.5447e+05
1.5153e+05
1.486e+05
1.4569e+05
1.428e+05
1.3992e+05
1.3707e+05
1.3423e+05
1.3142e+05
1.2862e+05
1.2585e+05
1.2311e+05
1.2038e+05
1.1768e+05
1.15e+05
1.1235e+05
1.0972e+05
1.0711e+05
1.0453e+05
1.0197e+05
99426
96910
94417
91946
89497
87070
84664
82281
79919
77579
75260
72963
70688
68435
66205
63998
61814
59654
57519
55409
53325
51269
49241
47243
45275
43340
41438
39572
37742
35951
34200
32492
30827
29208
27638
26117
24649
23235
21877
20577
19338
18161
17048
16002
15023
14115
13279
12515
11826
11213
10678
10220
9842
9543.6
9325.7
9188.5
9132.2
9156.7
9261.9
9447.1
9711.6
10055
10475
10970
11540
12182
12894
13673
14517
15423
16387
17407
18478
19597
20759
21961
23197
24464
25756
27069
28397
29735
31077
32418
33753
35077
36382
37664
38917
40136
41314
42447
43529
44554
45518
46415
47241
47991
48661
49247
49744
50150
50460
50673
50785
50795
50701
50501
50195
49781
49261
48635
47902
47066
46128
45091
43957
42730
41414
40013
38534
36980
35360
33678
31943
30161
28342
26493
24624
22745
20864
18994
17143
15324
13548
11826
10171
8595.3
7110.6
5730
4466.5
3333
2342.6
1508.6
844.13
362.44
76.697
0
145.33
525.52
1153.2
2040.8
3200.6
4644.2
6383.3
8429
10792
13483
16511
19886
23617
27711
32176
37020
42249
47867
53881
60293
67109
74329
81957
89992
98436
1.0729e+05
1.1654e+05
1.2621e+05
1.3627e+05
1.4672e+05
1.5757e+05
1.6881e+05
1.8042e+05
1.9241e+05
2.0475e+05
2.1746e+05
2.305e+05
2.4388e+05
2.5758e+05
2.7158e+05
2.8589e+05
3.0047e+05
3.1532e+05
3.3042e+05
3.4576e+05
3.6131e+05
3.7707e+05
3.9301e+05
4.0911e+05
4.2536e+05
4.4174e+05
4.5822e+05
4.7479e+05
4.9142e+05
5.081e+05
5.248e+05
5.415e+05
5.5818e+05
5.7482e+05
5.914e+05
6.0789e+05
6.2428e+05
6.4053e+05
6.5664e+05
6.7257e+05
6.8831e+05
7.0383e+05
7.1911e+05
7.3414e+05
7.4889e+05
7.6334e+05
7.7747e+05
7.9126e+05
8.047e+05
8.1777e+05
8.3044e+05
8.427e+05
8.5454e+05
8.6594e+05
8.7688e+05
8.8735e+05
8.9733e+05
9.0682e+05
9.158e+05
9.2426e+05
9.3218e+05
9.3957e+05
9.4641e+05
9.5269e+05
9.5841e+05
9.6355e+05
9.6812e+05
9.7212e+05
9.7553e+05
9.7835e+05
9.8059e+05
9.8224e+05
9.833e+05
9.8378e+05
9.8367e+05
9.8298e+05
9.8172e+05
9.7988e+05
9.7748e+05
9.7452e+05
9.71e+05
9.6694e+05
9.6234e+05
9.5722e+05
9.5157e+05
9.4542e+05
9.3878e+05
9.3165e+05
9.2406e+05
9.16e+05
9.0751e+05
8.9858e+05
8.8924e+05
8.795e+05
8.6938e+05
8.5889e+05
8.4805e+05
8.3688e+05
8.2539e+05
8.136e+05
8.0152e+05
7.8918e+05
7.7659e+05
7.6377e+05
7.5074e+05
7.3751e+05
7.241e+05
7.1054e+05
6.9684e+05
6.8301e+05
6.6907e+05
6.5504e+05
6.4094e+05
6.2679e+05
6.126e+05
5.9838e+05
5.8416e+05
5.6995e+05
5.5576e+05
5.4161e+05
5.2751e+05
5.1349e+05
4.9954e+05
4.857e+05
4.7196e+05
4.5834e+05
4.4485e+05
4.3151e+05
4.1832e+05
4.053e+05
3.9246e+05
3.798e+05
3.6734e+05
3.5508e+05
3.4302e+05
3.3119e+05
3.1958e+05
3.082e+05
2.9706e+05
2.8616e+05
2.7551e+05
2.6511e+05
2.5496e+05
2.4507e+05
2.3544e+05
2.2607e+05
2.1696e+05
2.0812e+05
1.9955e+05
1.9124e+05
1.8319e+05
1.7541e+05
1.679e+05
1.6065e+05
1.5366e+05
1.4693e+05
1.4045e+05
1.3423e+05
1.2826e+05
1.2253e+05
1.1705e+05
1.1181e+05
1.068e+05
1.0203e+05
97480
93152
89040
85139
81444
77949
74648
71535
68606
65854
63272
60856
58599
56494
54536
52719
51037
49484
48053
46739
45536
44439
43441
42537
41721
40988
40333
39750
39235
38783
38388
38046
37753
37504
37295
37122
36982
36869
36782
36715
36667
36634
36613
36601
36596
36595
36595
36596
36594
36588
36575
36556
36527
36488
36438
36375
36299
36208
36103
35982
35845
35692
35522
35336
35133
34913
34676
34423
34153
33868
33567
33251
32920
32576
32217
31846
31463
31068
30662
30247
29822
29388
28947
28500
28046
27587
27124
26658
26189
25718
25246
24774
24303
23833
23366
22901
22440
21983
21532
21086
20646
20213
19787
19369
18960
18559
18168
17786
17414
17052
16700
16359
16029
15709
15401
15104
14818
14543
14279
14027
13785
13554
13333
13123
12922
12732
12551
12379
12216
12062
11915
11776
11645
11519
11400
11287
11179
11075
10976
10880
10787
10696
10608
10520
10433
