78409
81561
84803
88130
91539
95024
98583
1.0221e+05
1.059e+05
1.0966e+05
1.1346e+05
1.1732e+05
1.2123e+05
1.2517e+05
1.2915e+05
1.3317e+05
1.3721e+05
1.4127e+05
1.4534e+05
1.4943e+05
1.5352e+05
1.5762e+05
1.6171e+05
1.6579e+05
1.6986e+05
1.7391e+05
1.7793e+05
1.8193e+05
1.8589e+05
1.8982e+05
1.937e+05
1.9754e+05
2.0133e+05
2.0506e+05
2.0873e+05
2.1234e+05
2.1588e+05
2.1936e+05
2.2276e+05
2.2608e+05
2.2932e+05
2.3248e+05
2.3556e+05
2.3854e+05
2.4144e+05
2.4424e+05
2.4695e+05
2.4956e+05
2.5207e+05
2.5449e+05
2.568e+05
2.5901e+05
2.6112e+05
2.6313e+05
2.6503e+05
2.6682e+05
2.6852e+05
2.7011e+05
2.7159e+05
2.7298e+05
2.7426e+05
2.7543e+05
2.7651e+05
2.7749e+05
2.7837e+05
2.7915e+05
2.7984e+05
2.8044e+05
2.8094e+05
2.8136e+05
2.8169e+05
2.8193e+05
2.8209e+05
2.8217e+05
2.8218e+05
2.8211e+05
2.8197e+05
2.8175e+05
2.8148e+05
2.8114e+05
2.8074e+05
2.8028e+05
2.7977e+05
2.7921e+05
2.786e+05
2.7795e+05
2.7725e+05
2.7652e+05
2.7575e+05
2.7495e+05
2.7413e+05
2.7327e+05
2.7239e+05
2.715e+05
2.7058e+05
2.6965e+05
2.6871e+05
2.6777e+05
2.6681e+05
2.6585e+05
2.649e+05
2.6394e+05
2.6298e+05
2.6204e+05
2.611e+05
2.6017e+05
2.5925e+05
2.5834e+05
2.5745e+05
2.5658e+05
2.5572e+05
2.5489e+05
2.5407e+05
2.5328e+05
2.525e+05
2.5176e+05
2.5103e+05
2.5033e+05
2.4966e+05
2.4901e+05
2.4839e+05
2.478e+05
2.4723e+05
2.4668e+05
2.4617e+05
2.4567e+05
2.4521e+05
2.4477e+05
2.4435e+05
2.4396e+05
2.4359e+05
2.4325e+05
2.4292e+05
2.4262e+05
2.4234e+05
2.4207e+05
2.4183e+05
2.416e+05
2.4138e+05
2.4118e+05
2.41e+05
2.4082e+05
2.4066e+05
2.4051e+05
2.4036e+05
2.4022e+05
2.4009e+05
2.3996e+05
2.3984e+05
2.3971e+05
2.3959e+05
2.3946e+05
2.3933e+05
2.3919e+05
2.3905e+05
2.3891e+05
2.3875e+05
2.3859e+05
2.3842e+05
2.3823e+05
2.3803e+05
2.3782e+05
2.3759e+05
2.3734e+05
2.3708e+05
2.368e+05
2.365e+05
2.3618e+05
2.3584e+05
2.3548e+05
2.3509e+05
2.3468e+05
2.3425e+05
2.3379e+05
2.3331e+05
2.328e+05
2.3226e+05
2.317e+05
2.3111e+05
2.3049e+05
2.2984e+05
2.2917e+05
2.2846e+05
2.2773e+05
2.2696e+05
2.2617e+05
2.2535e+05
2.2449e+05
2.2361e+05
2.227e+05
2.2175e+05
2.2078e+05
2.1977e+05
2.1874e+05
2.1767e+05
2.1657e+05
2.1544e+05
2.1429e+05
2.131e+05
2.1188e+05
2.1063e+05
2.0935e+05
2.0804e+05
2.067e+05
2.0533e+05
2.0393e+05
2.025e+05
2.0104e+05
1.9955e+05
1.9804e+05
1.9649e+05
1.9492e+05
1.9331e+05
1.9168e+05
1.9002e+05
1.8834e+05
1.8662e+05
1.8488e+05
1.8311e+05
1.8131e+05
1.7949e+05
1.7764e+05
1.7577e+05
1.7387e+05
1.7194e+05
1.6999e+05
1.6802e+05
1.6602e+05
1.64e+05
1.6196e+05
1.5989e+05
1.5781e+05
1.557e+05
1.5357e+05
1.5142e+05
1.4926e+05
1.4707e+05
1.4487e+05
1.4265e+05
1.4042e+05
1.3817e+05
1.3591e+05
1.3363e+05
1.3135e+05
1.2905e+05
1.2675e+05
1.2444e+05
1.2212e+05
1.1979e+05
1.1746e+05
1.1513e+05
1.128e+05
1.1047e+05
1.0814e+05
1.0581e+05
1.0349e+05
1.0117e+05
98868
96572
94288
92018
89763
87526
85307
83110
80936
78786
76663
74569
72506
70474
68477
66516
64593
62710
60868
59069
57316
55609
53950
52341
50783
49278
47827
46431
45092
43811
42588
41425
40322
39281
38302
37385
36530
35739
35012
34347
33746
33209
32734
32321
31971
31681
31452
31282
31170
31116
31117
31172
31279
31438
31645
31899
32198
32539
32921
33340
33794
34281
34798
35341
35908
36497
37103
37724
38356
38997
39643
40291
40937
41579
42212
42834
43441
44029
44597
45140
45655
46139
46589
47003
47377
47708
47995
48233
48422
48559
48641
48668
48636
48544
48392
48178
47900
47558
47152
46681
46144
45543
44877
44147
43354
42498
41582
40607
39574
38486
37345
36154
34915
33633
32309
30949
29556
28134
26687
25221
23740
22250
20756
19263
17778
16306
14854
13428
12034
10681
9374
8120.7
6928.4
5804.4
4756.1
3791.1
2917.2
2141.9
1473.1
918.52
486.1
183.66
19.015
0
134.39
429.92
894.23
1534.9
2359.4
3375.1
4589.2
6008.7
7640.6
9491.5
11568
13876
16423
19213
22252
25546
29100
32918
37004
41364
45999
50915
56113
61597
67369
73429
79781
86425
93361
1.0059e+05
1.0811e+05
1.1592e+05
1.2403e+05
1.3242e+05
1.411e+05
1.5007e+05
1.5931e+05
1.6884e+05
1.7863e+05
1.887e+05
1.9904e+05
2.0963e+05
2.2048e+05
2.3158e+05
2.4291e+05
2.5449e+05
2.6629e+05
2.7831e+05
2.9054e+05
3.0298e+05
3.1561e+05
3.2843e+05
3.4141e+05
3.5457e+05
3.6788e+05
3.8133e+05
3.9492e+05
4.0863e+05
4.2244e+05
4.3636e+05
4.5036e+05
4.6443e+05
4.7857e+05
4.9275e+05
5.0697e+05
5.2121e+05
5.3546e+05
5.497e+05
5.6393e+05
5.7812e+05
5.9227e+05
6.0636e+05
6.2038e+05
6.3431e+05
6.4813e+05
6.6185e+05
6.7543e+05
6.8888e+05
7.0217e+05
7.1529e+05
7.2823e+05
7.4097e+05
7.5351e+05
7.6583e+05
7.7791e+05
7.8975e+05
8.0133e+05
8.1264e+05
8.2368e+05
8.3442e+05
8.4486e+05
8.5498e+05
8.6478e+05
8.7425e+05
8.8338e+05
8.9215e+05
9.0057e+05
9.0861e+05
9.1628e+05
9.2357e+05
9.3046e+05
9.3696e+05
9.4305e+05
9.4874e+05
9.5401e+05
9.5886e+05
9.6329e+05
9.6729e+05
9.7087e+05
9.7401e+05
9.7671e+05
9.7899e+05
9.8082e+05
9.8222e+05
9.8317e+05
9.8369e+05
9.8378e+05
9.8342e+05
9.8264e+05
9.8142e+05
9.7978e+05
9.7771e+05
9.7521e+05
9.723e+05
9.6898e+05
9.6525e+05
9.6112e+05
9.5659e+05
9.5167e+05
9.4637e+05
9.4069e+05
9.3464e+05
9.2823e+05
9.2147e+05
9.1436e+05
9.0692e+05
8.9915e+05
8.9107e+05
8.8267e+05
8.7398e+05
8.6501e+05
8.5575e+05
8.4623e+05
8.3645e+05
8.2643e+05
8.1617e+05
8.057e+05
7.9501e+05
7.8412e+05
7.7304e+05
7.6179e+05
7.5037e+05
7.3879e+05
7.2708e+05
7.1524e+05
7.0327e+05
6.9121e+05
6.7904e+05
6.668e+05
6.5448e+05
6.421e+05
6.2967e+05
6.1721e+05
6.0472e+05
5.9221e+05
5.797e+05
5.6719e+05
5.547e+05
5.4223e+05
5.2981e+05
5.1742e+05
5.051e+05
4.9283e+05
4.8065e+05
4.6854e+05
4.5653e+05
4.4462e+05
4.3281e+05
4.2112e+05
4.0955e+05
3.9812e+05
3.8682e+05
3.7566e+05
3.6466e+05
3.5381e+05
3.4312e+05
3.326e+05
3.2225e+05
3.1208e+05
3.0209e+05
2.9228e+05
2.8266e+05
2.7324e+05
2.6401e+05
2.5498e+05
2.4615e+05
2.3752e+05
2.291e+05
2.2089e+05
2.1288e+05
2.0508e+05
1.9749e+05
1.9012e+05
1.8295e+05
1.7599e+05
1.6925e+05
1.6271e+05
1.5638e+05
1.5026e+05
1.4434e+05
1.3863e+05
1.3313e+05
1.2782e+05
1.2272e+05
1.1781e+05
1.1309e+05
1.0857e+05
1.0423e+05
1.0008e+05
96112
92324
88711
85270
81997
78889
75942
73152
70515
68026
65681
63477
61409
59473
57664
55978
54411
52958
51615
50377
49240
48201
47254
46395
45620
44925
44306
43758
43278
42862
42506
42205
41957
41757
41602
41489
41414
41374
41365
41385
41430
41498
41586
41691
41811
41942
42084
42232
42386
42543
42701
42858
43013
43164
43309
43447
43576
43695
43804
43901
43984
44054
44109
44149
44173
44180
44170
44142
44097
44034
43952
43853
43734
43597
43442
43269
43077
42868
42641
42396
42135
41856
41562
41251
40926
40585
40230
39861
39479
39084
38677
38258
37829
37389
36940
36481
36014
35539
35057
34569
34075
33575
33070
32562
32050
31535
31018
30499
29978
29457
28936
28415
27895
27376
26858
26343
25830
25320
24814
24311
23812
23317
