5.0214e+05
5.082e+05
5.1412e+05
5.1991e+05
5.2556e+05
5.3107e+05
5.3643e+05
5.4165e+05
5.4671e+05
5.5163e+05
5.5639e+05
5.6099e+05
5.6543e+05
5.6972e+05
5.7384e+05
5.778e+05
5.816e+05
5.8523e+05
5.887e+05
5.9201e+05
5.9515e+05
5.9812e+05
6.0092e+05
6.0356e+05
6.0604e+05
6.0835e+05
6.105e+05
6.1248e+05
6.143e+05
6.1595e+05
6.1745e+05
6.1878e+05
6.1996e+05
6.2099e+05
6.2186e+05
6.2257e+05
6.2314e+05
6.2355e+05
6.2383e+05
6.2395e+05
6.2394e+05
6.2379e+05
6.235e+05
6.2308e+05
6.2254e+05
6.2186e+05
6.2106e+05
6.2015e+05
6.1911e+05
6.1797e+05
6.1671e+05
6.1535e+05
6.1389e+05
6.1233e+05
6.1068e+05
6.0893e+05
6.071e+05
6.0519e+05
6.032e+05
6.0114e+05
5.9901e+05
5.9682e+05
5.9456e+05
5.9225e+05
5.8989e+05
5.8748e+05
5.8503e+05
5.8254e+05
5.8001e+05
5.7746e+05
5.7488e+05
5.7228e+05
5.6967e+05
5.6704e+05
5.644e+05
5.6177e+05
5.5913e+05
5.565e+05
5.5387e+05
5.5127e+05
5.4867e+05
5.461e+05
5.4356e+05
5.4104e+05
5.3856e+05
5.3611e+05
5.3371e+05
5.3135e+05
5.2903e+05
5.2677e+05
5.2456e+05
5.224e+05
5.2031e+05
5.1827e+05
5.163e+05
5.144e+05
5.1258e+05
5.1082e+05
5.0914e+05
5.0753e+05
5.06e+05
5.0456e+05
5.0319e+05
5.0191e+05
5.0072e+05
4.9961e+05
4.9859e+05
4.9766e+05
4.9681e+05
4.9606e+05
4.954e+05
4.9482e+05
4.9434e+05
4.9395e+05
4.9366e+05
4.9345e+05
4.9333e+05
4.9331e+05
4.9337e+05
4.9352e+05
4.9376e+05
4.9409e+05
4.945e+05
4.95e+05
4.9557e+05
4.9623e+05
4.9698e+05
4.9779e+05
4.9869e+05
4.9965e+05
5.0069e+05
5.018e+05
5.0298e+05
5.0422e+05
5.0552e+05
5.0688e+05
5.083e+05
5.0977e+05
5.113e+05
5.1287e+05
5.1448e+05
5.1614e+05
5.1784e+05
5.1957e+05
5.2133e+05
5.2313e+05
5.2495e+05
5.2678e+05
5.2864e+05
5.3051e+05
5.324e+05
5.3429e+05
5.3619e+05
5.3808e+05
5.3997e+05
5.4186e+05
5.4374e+05
5.456e+05
5.4744e+05
5.4926e+05
5.5106e+05
5.5283e+05
5.5457e+05
5.5627e+05
5.5793e+05
5.5955e+05
5.6113e+05
5.6265e+05
5.6412e+05
5.6554e+05
5.6689e+05
5.6819e+05
5.6942e+05
5.7058e+05
5.7167e+05
5.7268e+05
5.7361e+05
5.7447e+05
5.7524e+05
5.7593e+05
5.7653e+05
5.7704e+05
5.7745e+05
5.7777e+05
5.7799e+05
5.7812e+05
5.7814e+05
5.7805e+05
5.7786e+05
5.7757e+05
5.7716e+05
5.7665e+05
5.7602e+05
5.7528e+05
5.7442e+05
5.7345e+05
5.7236e+05
5.7115e+05
5.6982e+05
5.6838e+05
5.6681e+05
5.6513e+05
5.6332e+05
5.6139e+05
5.5934e+05
5.5717e+05
5.5488e+05
5.5247e+05
5.4993e+05
5.4728e+05
5.445e+05
5.416e+05
5.3859e+05
5.3545e+05
5.322e+05
5.2883e+05
5.2535e+05
5.2175e+05
5.1804e+05
5.1422e+05
5.1029e+05
5.0624e+05
5.0209e+05
4.9784e+05
4.9348e+05
4.8902e+05
4.8446e+05
4.7981e+05
4.7505e+05
4.7021e+05
4.6527e+05
4.6025e+05
4.5514e+05
4.4995e+05
4.4467e+05
4.3932e+05
4.3389e+05
4.284e+05
4.2283e+05
4.1719e+05
4.115e+05
4.0574e+05
3.9993e+05
3.9406e+05
3.8814e+05
3.8218e+05
3.7617e+05
3.7012e+05
3.6404e+05
3.5792e+05
3.5177e+05
3.456e+05
3.3941e+05
3.3319e+05
3.2696e+05
3.2072e+05
3.1448e+05
3.0823e+05
3.0197e+05
2.9573e+05
2.8949e+05
2.8326e+05
2.7705e+05
2.7085e+05
2.6468e+05
2.5854e+05
2.5243e+05
2.4635e+05
2.4031e+05
2.3431e+05
2.2836e+05
2.2246e+05
2.1661e+05
2.1081e+05
2.0508e+05
1.9942e+05
1.9382e+05
1.8829e+05
1.8284e+05
1.7747e+05
1.7218e+05
1.6697e+05
1.6186e+05
1.5684e+05
1.5191e+05
1.4708e+05
1.4236e+05
1.3774e+05
1.3323e+05
1.2883e+05
1.2455e+05
1.2039e+05
1.1634e+05
1.1242e+05
1.0863e+05
1.0497e+05
1.0143e+05
98035
94774
91652
88671
85835
83144
80602
78209
75969
73882
71951
70178
68563
67109
65817
64688
63724
62925
62293
61829
61533
61407
61451
61666
62052
62609
63339
64241
65316
66563
67983
69575
71340
73276
75385
77664
80114
82734
85523
88480
91605
94897
98354
1.0198e+05
1.0576e+05
1.0971e+05
1.1381e+05
1.1808e+05
1.225e+05
1.2708e+05
1.3181e+05
1.367e+05
1.4173e+05
1.4691e+05
1.5224e+05
1.5772e+05
1.6333e+05
1.6909e+05
1.7498e+05
1.8101e+05
1.8717e+05
1.9346e+05
1.9988e+05
2.0642e+05
2.1309e+05
2.1988e+05
2.2678e+05
2.338e+05
2.4093e+05
2.4817e+05
2.5551e+05
2.6295e+05
2.705e+05
2.7814e+05
2.8587e+05
2.937e+05
3.0161e+05
3.096e+05
3.1767e+05
3.2582e+05
3.3405e+05
3.4234e+05
3.507e+05
3.5912e+05
3.676e+05
3.7614e+05
3.8474e+05
3.9338e+05
4.0206e+05
4.1079e+05
4.1956e+05
4.2836e+05
4.3719e+05
4.4605e+05
4.5494e+05
4.6384e+05
4.7277e+05
4.817e+05
4.9065e+05
4.996e+05
5.0856e+05
5.1751e+05
5.2646e+05
5.354e+05
5.4434e+05
5.5325e+05
5.6215e+05
5.7103e+05
5.7988e+05
5.887e+05
5.9749e+05
6.0625e+05
6.1496e+05
6.2364e+05
6.3227e+05
6.4085e+05
6.4938e+05
6.5786e+05
6.6628e+05
6.7464e+05
6.8293e+05
6.9116e+05
6.9931e+05
7.074e+05
7.1541e+05
7.2334e+05
7.3119e+05
7.3896e+05
7.4664e+05
7.5423e+05
7.6173e+05
7.6913e+05
7.7644e+05
7.8365e+05
7.9077e+05
7.9777e+05
8.0467e+05
8.1147e+05
8.1815e+05
8.2472e+05
8.3118e+05
8.3752e+05
8.4375e+05
8.4985e+05
8.5584e+05
8.617e+05
8.6744e+05
8.7305e+05
8.7853e+05
8.8389e+05
8.8911e+05
8.9421e+05
8.9917e+05
9.04e+05
9.0869e+05
9.1324e+05
9.1766e+05
9.2194e+05
9.2608e+05
9.3008e+05
9.3395e+05
9.3767e+05
9.4124e+05
9.4468e+05
9.4797e+05
9.5112e+05
9.5412e+05
9.5698e+05
9.597e+05
9.6227e+05
9.6469e+05
9.6697e+05
9.6911e+05
9.711e+05
9.7294e+05
9.7464e+05
9.7619e+05
9.776e+05
9.7886e+05
9.7998e+05
9.8095e+05
9.8178e+05
9.8246e+05
9.8301e+05
9.8341e+05
9.8366e+05
9.8378e+05
9.8375e+05
9.8358e+05
9.8328e+05
9.8283e+05
9.8225e+05
9.8152e+05
9.8067e+05
9.7967e+05
9.7854e+05
9.7728e+05
9.7588e+05
9.7435e+05
9.7269e+05
9.709e+05
9.6899e+05
9.6694e+05
9.6477e+05
9.6247e+05
9.6005e+05
9.575e+05
9.5483e+05
9.5205e+05
9.4914e+05
9.4612e+05
9.4298e+05
9.3972e+05
9.3636e+05
9.3288e+05
9.2929e+05
9.2559e+05
9.2178e+05
9.1787e+05
9.1385e+05
9.0974e+05
9.0552e+05
9.012e+05
8.9678e+05
8.9227e+05
8.8766e+05
8.8296e+05
8.7817e+05
8.7329e+05
8.6833e+05
8.6327e+05
8.5814e+05
8.5292e+05
8.4762e+05
8.4225e+05
8.3679e+05
8.3127e+05
8.2566e+05
8.1999e+05
8.1425e+05
8.0845e+05
8.0257e+05
7.9664e+05
7.9064e+05
7.8458e+05
7.7847e+05
7.723e+05
7.6608e+05
7.598e+05
7.5347e+05
7.471e+05
7.4068e+05
7.3422e+05
7.2772e+05
7.2117e+05
7.1459e+05
7.0797e+05
7.0132e+05
6.9463e+05
6.8792e+05
6.8117e+05
6.744e+05
6.6761e+05
6.6079e+05
6.5396e+05
6.471e+05
6.4023e+05
6.3334e+05
6.2644e+05
6.1953e+05
6.1261e+05
6.0568e+05
5.9875e+05
5.9181e+05
5.8487e+05
5.7793e+05
5.7099e+05
5.6405e+05
5.5712e+05
5.502e+05
5.4328e+05
5.3638e+05
5.2949e+05
5.2261e+05
5.1574e+05
5.0889e+05
5.0206e+05
4.9525e+05
4.8846e+05
4.817e+05
4.7495e+05
4.6824e+05
4.6155e+05
4.5488e+05
4.4825e+05
4.4165e+05
4.3508e+05
4.2855e+05
4.2204e+05
4.1558e+05
4.0915e+05
4.0276e+05
3.9641e+05
3.9011e+05
3.8384e+05
3.7761e+05
3.7143e+05
3.653e+05
3.5921e+05
3.5316e+05
3.4716e+05
3.4122e+05
3.3532e+05
3.2947e+05
3.2367e+05
3.1792e+05
3.1222e+05
3.0658e+05
3.0099e+05
2.9545e+05
2.8997e+05
2.8454e+05
2.7917e+05
2.7386e+05
2.686e+05
2.6339e+05
2.5825e+05
2.5316e+05
2.4813e+05
2.4316e+05
2.3825e+05
2.3339e+05
2.2859e+05
2.2386e+05
2.1918e+05
2.1456e+05
2.1e+05
2.055e+05
2.0106e+05
1.9668e+05
1.9236e+05
1.881e+05
1.839e+05
1.7976e+05
1.7567e+05
1.7165e+05
1.6769e+05
1.6378e+05
1.5994e+05
1.5615e+05
1.5242e+05
1.4875e+05
1.4514e+05
1.4159e+05
1.3809e+05
1.3466e+05
1.3127e+05
1.2795e+05
1.2468e+05
1.2147e+05
1.1832e+05
1.1522e+05
1.1217e+05
1.0918e+05
1.0624e+05
1.0336e+05
1.0053e+05
97755
95032
92360
89740
87171
84653
82185
79767
77398
75077
72805
70580
68402
66271
64185
62145
60150
58200
56292
54429
52607
50828
49090
47393
45736
44118
42540
41001
39499
38034
36606
35214
33858
32537
31249
29996
28775
27587
26431
25306
24212
23147
22113
21107
20129
19179
18256
17360
16489
15644
14824
14027
13254
12505
11777
11072
10388
9724.3
9081.1
8457.5
7853.1
7267.2
6699.3
6149
5615.6
5098.7
4597.7
4112.2
3641.7
3185.6
2743.4
2314.7
1899.1
1496
1105
725.62
357.43
0
