68926
71763
74679
77669
80730
83858
87051
90304
93613
96975
1.0039e+05
1.0384e+05
1.0734e+05
1.1087e+05
1.1443e+05
1.1803e+05
1.2164e+05
1.2528e+05
1.2893e+05
1.326e+05
1.3627e+05
1.3994e+05
1.4361e+05
1.4728e+05
1.5093e+05
1.5458e+05
1.582e+05
1.6181e+05
1.6539e+05
1.6894e+05
1.7245e+05
1.7594e+05
1.7938e+05
1.8278e+05
1.8613e+05
1.8943e+05
1.9269e+05
1.9588e+05
1.9902e+05
2.021e+05
2.0512e+05
2.0807e+05
2.1095e+05
2.1377e+05
2.1651e+05
2.1918e+05
2.2178e+05
2.243e+05
2.2675e+05
2.2912e+05
2.3141e+05
2.3362e+05
2.3576e+05
2.3781e+05
2.3978e+05
2.4167e+05
2.4349e+05
2.4522e+05
2.4687e+05
2.4845e+05
2.4994e+05
2.5136e+05
2.527e+05
2.5397e+05
2.5516e+05
2.5628e+05
2.5733e+05
2.583e+05
2.5921e+05
2.6005e+05
2.6082e+05
2.6154e+05
2.6219e+05
2.6278e+05
2.6331e+05
2.6378e+05
2.6421e+05
2.6458e+05
2.649e+05
2.6518e+05
2.6541e+05
2.656e+05
2.6575e+05
2.6586e+05
2.6594e+05
2.6598e+05
2.6599e+05
2.6598e+05
2.6594e+05
2.6587e+05
2.6578e+05
2.6567e+05
2.6554e+05
2.654e+05
2.6524e+05
2.6508e+05
2.649e+05
2.6471e+05
2.6452e+05
2.6432e+05
2.6411e+05
2.6391e+05
2.637e+05
2.635e+05
2.633e+05
2.631e+05
2.629e+05
2.6271e+05
2.6253e+05
2.6235e+05
2.6218e+05
2.6202e+05
2.6186e+05
2.6172e+05
2.6159e+05
2.6146e+05
2.6135e+05
2.6124e+05
2.6115e+05
2.6106e+05
2.6099e+05
2.6093e+05
2.6087e+05
2.6083e+05
2.6079e+05
2.6076e+05
2.6074e+05
2.6073e+05
2.6073e+05
2.6073e+05
2.6073e+05
2.6075e+05
2.6076e+05
2.6078e+05
2.608e+05
2.6082e+05
2.6085e+05
2.6087e+05
2.6089e+05
2.6091e+05
2.6093e+05
2.6094e+05
2.6095e+05
2.6095e+05
2.6094e+05
2.6093e+05
2.6091e+05
2.6087e+05
2.6083e+05
2.6077e+05
2.607e+05
2.6062e+05
2.6053e+05
2.6041e+05
2.6028e+05
2.6014e+05
2.5997e+05
2.5979e+05
2.5959e+05
2.5937e+05
2.5912e+05
2.5886e+05
2.5857e+05
2.5826e+05
2.5793e+05
2.5757e+05
2.5719e+05
2.5678e+05
2.5635e+05
2.5589e+05
2.5541e+05
2.549e+05
2.5436e+05
2.5379e+05
2.532e+05
2.5258e+05
2.5193e+05
2.5125e+05
2.5055e+05
2.4981e+05
2.4904e+05
2.4825e+05
2.4742e+05
2.4657e+05
2.4569e+05
2.4477e+05
2.4383e+05
2.4285e+05
2.4185e+05
2.4081e+05
2.3974e+05
2.3865e+05
2.3752e+05
2.3636e+05
2.3517e+05
2.3395e+05
2.3269e+05
2.3141e+05
2.301e+05
2.2875e+05
2.2737e+05
2.2596e+05
2.2452e+05
2.2304e+05
2.2154e+05
2.2e+05
2.1843e+05
2.1683e+05
2.152e+05
2.1353e+05
2.1184e+05
2.1011e+05
2.0835e+05
2.0655e+05
2.0473e+05
2.0287e+05
2.0098e+05
1.9906e+05
1.9711e+05
1.9512e+05
1.9311e+05
1.9106e+05
1.8899e+05
1.8688e+05
1.8474e+05
1.8257e+05
1.8038e+05
1.7815e+05
1.759e+05
1.7361e+05
1.713e+05
1.6897e+05
1.666e+05
1.6421e+05
1.618e+05
1.5936e+05
1.569e+05
1.5442e+05
1.5192e+05
1.4939e+05
1.4685e+05
1.4429e+05
1.4171e+05
1.3912e+05
1.3651e+05
1.339e+05
1.3127e+05
1.2863e+05
1.2598e+05
1.2333e+05
1.2067e+05
1.1801e+05
1.1534e+05
1.1268e+05
1.1002e+05
1.0737e+05
1.0472e+05
1.0208e+05
99447
96829
94225
91637
89068
86519
83993
81491
79017
76571
74156
71774
69428
67118
64847
62618
60431
58290
56194
54147
52151
50205
48313
46476
44695
42970
41305
39699
38154
36670
35248
33890
32594
31363
30197
29094
28057
27083
26175
25330
24548
23830
23174
22579
22044
21569
21152
20792
20486
20235
20035
19885
19783
19726
19714
19743
19811
19915
20054
20223
20422
20646
20893
21161
21445
21744
22054
22373
22697
23023
23348
23670
23985
24291
24584
24862
25123
25362
25579
25770
25934
26067
26168
26234
26265
26257
26211
26124
25995
25823
25607
25347
25043
24693
24299
23860
23378
22851
22283
21673
21023
20336
19612
18854
18065
17246
16402
15535
14649
13747
12833
11912
10987
10063
9146.2
8240.2
7350.8
6483.2
5643.3
4836.8
4069.7
3348.3
2678.9
2068
1522.2
1048.2
653.02
343.5
126.73
9.8386
0
104.45
330.45
685.27
1176.2
1810.5
2595.4
3538.1
4645.7
5925.3
7383.9
9028.2
10865
12901
15143
17596
20267
23162
26286
29646
33245
37089
41183
45530
50136
55003
60135
65536
71207
77151
83371
89867
96642
1.0369e+05
1.1103e+05
1.1864e+05
1.2653e+05
1.347e+05
1.4314e+05
1.5186e+05
1.6085e+05
1.7011e+05
1.7964e+05
1.8943e+05
1.9948e+05
2.0979e+05
2.2035e+05
2.3115e+05
2.4219e+05
2.5346e+05
2.6497e+05
2.7669e+05
2.8862e+05
3.0076e+05
3.1309e+05
3.2561e+05
3.3831e+05
3.5118e+05
3.6421e+05
3.7739e+05
3.9071e+05
4.0416e+05
4.1772e+05
4.3139e+05
4.4516e+05
4.5901e+05
4.7293e+05
4.8691e+05
5.0093e+05
5.1499e+05
5.2907e+05
5.4315e+05
5.5723e+05
5.7129e+05
5.8532e+05
5.993e+05
6.1323e+05
6.2708e+05
6.4084e+05
6.5451e+05
6.6805e+05
6.8148e+05
6.9476e+05
7.0789e+05
7.2084e+05
7.3362e+05
7.4621e+05
7.5859e+05
7.7075e+05
7.8267e+05
7.9436e+05
8.0578e+05
8.1694e+05
8.2782e+05
8.3841e+05
8.4869e+05
8.5867e+05
8.6832e+05
8.7764e+05
8.8662e+05
8.9524e+05
9.0351e+05
9.1141e+05
9.1893e+05
9.2607e+05
9.3282e+05
9.3917e+05
9.4511e+05
9.5065e+05
9.5577e+05
9.6048e+05
9.6476e+05
9.6861e+05
9.7203e+05
9.7502e+05
9.7758e+05
9.7969e+05
9.8137e+05
9.8261e+05
9.8341e+05
9.8378e+05
9.837e+05
9.8319e+05
9.8224e+05
9.8086e+05
9.7905e+05
9.7681e+05
9.7415e+05
9.7107e+05
9.6758e+05
9.6368e+05
9.5938e+05
9.5467e+05
9.4958e+05
9.441e+05
9.3825e+05
9.3202e+05
9.2544e+05
9.185e+05
9.1122e+05
9.036e+05
8.9565e+05
8.8739e+05
8.7882e+05
8.6995e+05
8.608e+05
8.5137e+05
8.4168e+05
8.3173e+05
8.2153e+05
8.1111e+05
8.0047e+05
7.8961e+05
7.7856e+05
7.6733e+05
7.5592e+05
7.4435e+05
7.3263e+05
7.2077e+05
7.0879e+05
6.9669e+05
6.8449e+05
6.722e+05
6.5984e+05
6.4741e+05
6.3492e+05
6.2239e+05
6.0983e+05
5.9724e+05
5.8465e+05
5.7206e+05
5.5949e+05
5.4693e+05
5.3441e+05
5.2194e+05
5.0952e+05
4.9716e+05
4.8487e+05
4.7267e+05
4.6056e+05
4.4854e+05
4.3664e+05
4.2485e+05
4.1319e+05
4.0166e+05
3.9026e+05
3.7902e+05
3.6792e+05
3.5699e+05
3.4621e+05
3.3561e+05
3.2519e+05
3.1494e+05
3.0488e+05
2.9501e+05
2.8534e+05
2.7586e+05
2.6658e+05
2.575e+05
2.4863e+05
2.3997e+05
2.3151e+05
2.2327e+05
2.1525e+05
2.0744e+05
1.9984e+05
1.9246e+05
1.8529e+05
1.7834e+05
1.7161e+05
1.6509e+05
1.5878e+05
1.5269e+05
1.4681e+05
1.4114e+05
1.3567e+05
1.3042e+05
1.2536e+05
1.2051e+05
1.1585e+05
1.1139e+05
1.0713e+05
1.0305e+05
99157
95448
91917
88560
85375
82357
79501
76804
74261
71868
69621
67515
65545
63707
61996
60408
58938
57581
56334
55190
54146
53198
52340
51568
50877
50264
49724
49252
48845
48498
48208
47970
47780
47636
47532
47466
47433
47431
47457
47507
47577
47666
47771
47888
48015
48149
48289
48431
48574
48716
48855
48989
49116
49235
49344
49442
49528
49600
49658
49700
49726
49735
49725
49698
49652
49586
49501
49396
49271
49125
48960
48774
48569
48343
48098
47833
47549
47246
46925
46586
46229
45855
45465
45059
44637
44201
43751
43287
42810
42321
41821
41309
40788
40257
39718
39170
38615
38054
37486
36914
36336
35754
35169
34582
33992
33400
32808
32215
31622
31029
30438
29849
29261
28676
28094
27515
26940
26369
25802
25240
24683
24131
23585
23044
22510
21982
21460
20945
20436
19934
19439
