9.8378e+05
9.7941e+05
9.7498e+05
9.7047e+05
9.659e+05
9.6126e+05
9.5655e+05
9.5178e+05
9.4694e+05
9.4204e+05
9.3708e+05
9.3206e+05
9.2699e+05
9.2185e+05
9.1666e+05
9.1141e+05
9.0611e+05
9.0076e+05
8.9536e+05
8.8991e+05
8.8441e+05
8.7886e+05
8.7327e+05
8.6764e+05
8.6196e+05
8.5624e+05
8.5048e+05
8.4467e+05
8.3884e+05
8.3296e+05
8.2705e+05
8.2111e+05
8.1513e+05
8.0912e+05
8.0308e+05
7.9701e+05
7.9092e+05
7.8479e+05
7.7864e+05
7.7247e+05
7.6627e+05
7.6006e+05
7.5382e+05
7.4756e+05
7.4128e+05
7.3499e+05
7.2868e+05
7.2235e+05
7.1601e+05
7.0966e+05
7.033e+05
6.9693e+05
6.9054e+05
6.8415e+05
6.7776e+05
6.7135e+05
6.6494e+05
6.5853e+05
6.5211e+05
6.457e+05
6.3928e+05
6.3286e+05
6.2644e+05
6.2003e+05
6.1362e+05
6.0721e+05
6.0081e+05
5.9442e+05
5.8803e+05
5.8165e+05
5.7528e+05
5.6892e+05
5.6257e+05
5.5623e+05
5.499e+05
5.4359e+05
5.373e+05
5.3101e+05
5.2475e+05
5.185e+05
5.1227e+05
5.0606e+05
4.9987e+05
4.9369e+05
4.8754e+05
4.8141e+05
4.7531e+05
4.6922e+05
4.6316e+05
4.5713e+05
4.5112e+05
4.4514e+05
4.3918e+05
4.3326e+05
4.2736e+05
4.2149e+05
4.1565e+05
4.0984e+05
4.0406e+05
3.9831e+05
3.926e+05
3.8691e+05
3.8126e+05
3.7565e+05
3.7007e+05
3.6452e+05
3.5901e+05
3.5354e+05
3.481e+05
3.427e+05
3.3734e+05
3.3202e+05
3.2673e+05
3.2149e+05
3.1628e+05
3.1111e+05
3.0599e+05
3.009e+05
2.9586e+05
2.9086e+05
2.859e+05
2.8098e+05
2.7611e+05
2.7128e+05
2.6649e+05
2.6175e+05
2.5705e+05
2.5239e+05
2.4778e+05
2.4322e+05
2.387e+05
2.3423e+05
2.298e+05
2.2542e+05
2.2109e+05
2.168e+05
2.1256e+05
2.0837e+05
2.0422e+05
2.0013e+05
1.9608e+05
1.9207e+05
1.8812e+05
1.8422e+05
1.8036e+05
1.7655e+05
1.728e+05
1.6909e+05
1.6543e+05
1.6182e+05
1.5826e+05
1.5475e+05
1.5128e+05
1.4787e+05
1.4451e+05
1.412e+05
1.3793e+05
1.3472e+05
1.3156e+05
1.2844e+05
1.2538e+05
1.2237e+05
1.1941e+05
1.1649e+05
1.1363e+05
1.1082e+05
1.0806e+05
1.0534e+05
1.0268e+05
1.0007e+05
97505
94992
92529
90116
87752
85437
83172
80956
78790
76673
74604
72585
70614
68692
66818
64993
63216
61487
59805
58172
56585
55047
53555
52110
50712
49361
48056
46797
45584
44416
43294
42218
41186
40199
39256
38358
37504
36693
35926
35203
34522
33884
33288
32734
32222
31752
31323
30935
30587
30280
30013
29786
29598
29449
29339
29267
29233
29238
29279
29358
29474
29626
29814
30038
30297
30592
30921
31285
31682
32113
32578
33075
33606
34168
34762
35388
36044
36732
37450
38198
38975
39782
40617
41481
42374
43294
44241
45215
46216
47243
48296
49374
50477
51605
52757
53933
55133
56355
57601
58868
60158
61469
62801
64154
65528
66921
68334
69766
71217
72686
74173
75678
77200
78739
80295
81867
83454
85056
86674
88306
89952
91612
93285
94971
96670
98381
1.001e+05
1.0184e+05
1.0358e+05
1.0534e+05
1.0711e+05
1.0888e+05
1.1067e+05
1.1247e+05
1.1427e+05
1.1608e+05
1.179e+05
1.1973e+05
1.2157e+05
1.2341e+05
1.2526e+05
1.2712e+05
1.2898e+05
1.3085e+05
1.3272e+05
1.346e+05
1.3648e+05
1.3836e+05
1.4025e+05
1.4215e+05
1.4404e+05
1.4594e+05
1.4785e+05
1.4975e+05
1.5166e+05
1.5356e+05
1.5547e+05
1.5738e+05
1.5929e+05
1.612e+05
1.6311e+05
1.6502e+05
1.6693e+05
1.6883e+05
1.7074e+05
1.7264e+05
1.7454e+05
1.7644e+05
1.7834e+05
1.8023e+05
1.8212e+05
1.8401e+05
1.8589e+05
1.8777e+05
1.8964e+05
1.9151e+05
1.9337e+05
1.9523e+05
1.9708e+05
1.9893e+05
2.0077e+05
2.026e+05
2.0443e+05
2.0625e+05
2.0806e+05
2.0987e+05
2.1167e+05
2.1345e+05
2.1523e+05
2.1701e+05
2.1877e+05
2.2052e+05
2.2227e+05
2.24e+05
2.2573e+05
2.2744e+05
2.2915e+05
2.3084e+05
2.3252e+05
2.342e+05
2.3586e+05
2.3751e+05
2.3915e+05
2.4077e+05
2.4239e+05
2.4399e+05
2.4558e+05
2.4715e+05
2.4872e+05
2.5027e+05
2.518e+05
2.5333e+05
2.5484e+05
2.5633e+05
2.5781e+05
2.5928e+05
2.6073e+05
2.6217e+05
2.636e+05
2.6501e+05
2.664e+05
2.6778e+05
2.6914e+05
2.7049e+05
2.7182e+05
2.7314e+05
2.7444e+05
2.7572e+05
2.7699e+05
2.7824e+05
2.7947e+05
2.8069e+05
2.8189e+05
2.8308e+05
2.8424e+05
2.8539e+05
2.8653e+05
2.8764e+05
2.8874e+05
2.8982e+05
2.9088e+05
2.9193e+05
2.9295e+05
2.9396e+05
2.9495e+05
2.9592e+05
2.9688e+05
2.9781e+05
2.9873e+05
2.9963e+05
3.0051e+05
3.0137e+05
3.0221e+05
3.0303e+05
3.0384e+05
3.0462e+05
3.0539e+05
3.0614e+05
3.0686e+05
3.0757e+05
3.0826e+05
3.0893e+05
3.0958e+05
3.1022e+05
3.1083e+05
3.1142e+05
3.12e+05
3.1255e+05
3.1308e+05
3.136e+05
3.1409e+05
3.1457e+05
3.1503e+05
3.1546e+05
3.1588e+05
3.1628e+05
3.1666e+05
3.1701e+05
3.1735e+05
3.1767e+05
3.1797e+05
3.1825e+05
3.1851e+05
3.1875e+05
3.1898e+05
3.1918e+05
3.1936e+05
3.1952e+05
3.1967e+05
3.1979e+05
3.1989e+05
3.1998e+05
3.2005e+05
3.2009e+05
3.2012e+05
3.2013e+05
3.2012e+05
3.2009e+05
3.2004e+05
3.1997e+05
3.1988e+05
3.1978e+05
3.1965e+05
3.1951e+05
3.1935e+05
3.1916e+05
3.1896e+05
3.1875e+05
3.1851e+05
3.1825e+05
3.1798e+05
3.1769e+05
3.1738e+05
3.1705e+05
3.1671e+05
3.1634e+05
3.1596e+05
3.1556e+05
3.1515e+05
3.1471e+05
3.1426e+05
3.1379e+05
3.133e+05
3.128e+05
3.1228e+05
3.1174e+05
3.1119e+05
3.1061e+05
3.1003e+05
3.0942e+05
3.088e+05
3.0816e+05
3.0751e+05
3.0684e+05
3.0615e+05
3.0545e+05
3.0473e+05
3.04e+05
3.0325e+05
3.0249e+05
3.0171e+05
3.0091e+05
3.001e+05
2.9928e+05
2.9844e+05
2.9758e+05
2.9671e+05
2.9583e+05
2.9493e+05
2.9402e+05
2.9309e+05
2.9216e+05
2.912e+05
2.9023e+05
2.8925e+05
2.8826e+05
2.8725e+05
2.8623e+05
2.852e+05
2.8415e+05
2.831e+05
2.8202e+05
2.8094e+05
2.7984e+05
2.7874e+05
2.7762e+05
2.7649e+05
2.7534e+05
2.7419e+05
2.7302e+05
2.7185e+05
2.7066e+05
2.6946e+05
2.6825e+05
2.6703e+05
2.658e+05
2.6456e+05
2.633e+05
2.6204e+05
2.6077e+05
2.5949e+05
2.582e+05
2.569e+05
2.5559e+05
2.5428e+05
2.5295e+05
2.5161e+05
2.5027e+05
2.4892e+05
2.4755e+05
2.4619e+05
2.4481e+05
2.4342e+05
2.4203e+05
2.4063e+05
2.3922e+05
2.3781e+05
2.3639e+05
2.3496e+05
2.3352e+05
2.3208e+05
2.3063e+05
2.2918e+05
2.2772e+05
2.2625e+05
2.2478e+05
2.233e+05
2.2182e+05
2.2033e+05
2.1883e+05
2.1734e+05
2.1583e+05
2.1432e+05
2.1281e+05
2.1129e+05
2.0977e+05
2.0824e+05
2.0671e+05
2.0518e+05
2.0364e+05
2.021e+05
2.0056e+05
1.9901e+05
1.9746e+05
1.9591e+05
1.9435e+05
1.9279e+05
1.9123e+05
1.8967e+05
1.881e+05
1.8653e+05
1.8496e+05
1.8339e+05
1.8182e+05
1.8024e+05
1.7867e+05
1.7709e+05
1.7551e+05
1.7393e+05
1.7235e+05
1.7077e+05
1.6919e+05
1.6761e+05
1.6603e+05
1.6445e+05
1.6287e+05
1.6129e+05
1.5971e+05
1.5813e+05
1.5655e+05
1.5497e+05
1.5339e+05
1.5181e+05
1.5024e+05
1.4866e+05
1.4709e+05
1.4552e+05
1.4395e+05
1.4238e+05
1.4082e+05
1.3925e+05
1.3769e+05
1.3613e+05
1.3457e+05
1.3302e+05
1.3147e+05
1.2992e+05
1.2837e+05
1.2683e+05
1.2529e+05
1.2375e+05
1.2222e+05
1.2068e+05
1.1916e+05
1.1763e+05
1.1611e+05
1.146e+05
1.1309e+05
1.1158e+05
1.1008e+05
1.0858e+05
1.0708e+05
1.0559e+05
1.0411e+05
1.0263e+05
1.0115e+05
99678
98211
96750
95294
93843
92397
90957
89523
88094
86670
85253
83841
82436
81036
79642
78255
76874
75499
74131
72769
71414
70065
68723
67388
66060
64739
63425
62117
60817
59524
58238
56960
55689
54425
53169
51921
50680
49446
48221
47003
45793
44590
43396
42210
41031
39861
38699
37544
36398
35260
34131
33010
31897
30792
29696
28608
27528
26457
25395
24341
23296
22259
21231
20211
19200
18198
17205
16220
15244
14276
13318
12368
11427
10495
9571.8
8657.3
7751.7
6854.9
5967
5088
4217.8
3356.5
2504
1660.5
825.79
0
