5.2571e+05
5.3105e+05
5.3627e+05
5.4134e+05
5.4627e+05
5.5106e+05
5.5571e+05
5.6021e+05
5.6455e+05
5.6875e+05
5.728e+05
5.767e+05
5.8043e+05
5.8402e+05
5.8745e+05
5.9072e+05
5.9383e+05
5.9679e+05
5.9959e+05
6.0223e+05
6.0471e+05
6.0704e+05
6.0921e+05
6.1122e+05
6.1307e+05
6.1477e+05
6.1631e+05
6.177e+05
6.1894e+05
6.2002e+05
6.2096e+05
6.2175e+05
6.2239e+05
6.2289e+05
6.2324e+05
6.2346e+05
6.2353e+05
6.2347e+05
6.2327e+05
6.2295e+05
6.2249e+05
6.2191e+05
6.2121e+05
6.2038e+05
6.1944e+05
6.1839e+05
6.1722e+05
6.1594e+05
6.1457e+05
6.1309e+05
6.1151e+05
6.0984e+05
6.0808e+05
6.0623e+05
6.043e+05
6.0229e+05
6.0021e+05
5.9806e+05
5.9583e+05
5.9355e+05
5.9121e+05
5.8881e+05
5.8636e+05
5.8386e+05
5.8133e+05
5.7875e+05
5.7614e+05
5.735e+05
5.7083e+05
5.6814e+05
5.6544e+05
5.6272e+05
5.5999e+05
5.5726e+05
5.5452e+05
5.5179e+05
5.4906e+05
5.4635e+05
5.4365e+05
5.4096e+05
5.383e+05
5.3567e+05
5.3306e+05
5.3049e+05
5.2795e+05
5.2546e+05
5.2301e+05
5.206e+05
5.1824e+05
5.1594e+05
5.1369e+05
5.115e+05
5.0937e+05
5.0731e+05
5.0531e+05
5.0338e+05
5.0153e+05
4.9974e+05
4.9804e+05
4.9641e+05
4.9485e+05
4.9339e+05
4.92e+05
4.907e+05
4.8948e+05
4.8835e+05
4.8731e+05
4.8635e+05
4.8549e+05
4.8472e+05
4.8403e+05
4.8344e+05
4.8294e+05
4.8254e+05
4.8222e+05
4.82e+05
4.8186e+05
4.8182e+05
4.8187e+05
4.8201e+05
4.8224e+05
4.8255e+05
4.8296e+05
4.8345e+05
4.8402e+05
4.8468e+05
4.8542e+05
4.8624e+05
4.8714e+05
4.8812e+05
4.8917e+05
4.9029e+05
4.9149e+05
4.9275e+05
4.9408e+05
4.9548e+05
4.9693e+05
4.9845e+05
5.0002e+05
5.0164e+05
5.0332e+05
5.0504e+05
5.0681e+05
5.0862e+05
5.1047e+05
5.1236e+05
5.1427e+05
5.1622e+05
5.182e+05
5.2019e+05
5.2221e+05
5.2424e+05
5.2629e+05
5.2835e+05
5.3041e+05
5.3247e+05
5.3454e+05
5.366e+05
5.3865e+05
5.407e+05
5.4272e+05
5.4473e+05
5.4672e+05
5.4869e+05
5.5063e+05
5.5253e+05
5.544e+05
5.5624e+05
5.5803e+05
5.5978e+05
5.6148e+05
5.6313e+05
5.6472e+05
5.6626e+05
5.6774e+05
5.6916e+05
5.7051e+05
5.7179e+05
5.73e+05
5.7414e+05
5.752e+05
5.7618e+05
5.7708e+05
5.7789e+05
5.7862e+05
5.7926e+05
5.7981e+05
5.8027e+05
5.8063e+05
5.8089e+05
5.8106e+05
5.8112e+05
5.8108e+05
5.8094e+05
5.8069e+05
5.8034e+05
5.7988e+05
5.7931e+05
5.7862e+05
5.7783e+05
5.7693e+05
5.7591e+05
5.7478e+05
5.7353e+05
5.7217e+05
5.7069e+05
5.691e+05
5.6739e+05
5.6557e+05
5.6363e+05
5.6158e+05
5.5941e+05
5.5712e+05
5.5472e+05
5.5221e+05
5.4958e+05
5.4684e+05
5.4398e+05
5.4102e+05
5.3794e+05
5.3476e+05
5.3147e+05
5.2807e+05
5.2457e+05
5.2096e+05
5.1725e+05
5.1344e+05
5.0954e+05
5.0553e+05
5.0143e+05
4.9724e+05
4.9296e+05
4.8859e+05
4.8413e+05
4.7959e+05
4.7497e+05
4.7026e+05
4.6549e+05
4.6063e+05
4.5571e+05
4.5072e+05
4.4567e+05
4.4055e+05
4.3537e+05
4.3014e+05
4.2485e+05
4.1952e+05
4.1413e+05
4.0871e+05
4.0324e+05
3.9773e+05
3.922e+05
3.8663e+05
3.8104e+05
3.7542e+05
3.6978e+05
3.6413e+05
3.5847e+05
3.528e+05
3.4712e+05
3.4144e+05
3.3577e+05
3.301e+05
3.2444e+05
3.1879e+05
3.1316e+05
3.0756e+05
3.0198e+05
2.9643e+05
2.9091e+05
2.8542e+05
2.7998e+05
2.7458e+05
2.6923e+05
2.6393e+05
2.5869e+05
2.5351e+05
2.4838e+05
2.4333e+05
2.3834e+05
2.3343e+05
2.286e+05
2.2384e+05
2.1917e+05
2.1459e+05
2.101e+05
2.057e+05
2.014e+05
1.972e+05
1.9311e+05
1.8912e+05
1.8525e+05
1.8149e+05
1.7784e+05
1.7432e+05
1.7092e+05
1.6764e+05
1.6449e+05
1.6147e+05
1.5859e+05
1.5584e+05
1.5323e+05
1.5077e+05
1.4844e+05
1.4627e+05
1.4424e+05
1.4236e+05
1.4063e+05
1.3906e+05
1.3764e+05
1.3638e+05
1.3528e+05
1.3434e+05
1.3357e+05
1.3295e+05
1.3251e+05
1.3223e+05
1.3212e+05
1.3217e+05
1.324e+05
1.328e+05
1.3337e+05
1.3411e+05
1.3503e+05
1.3611e+05
1.3738e+05
1.3881e+05
1.4042e+05
1.4221e+05
1.4417e+05
1.463e+05
1.4861e+05
1.5109e+05
1.5374e+05
1.5657e+05
1.5957e+05
1.6274e+05
1.6609e+05
1.696e+05
1.7328e+05
1.7713e+05
1.8114e+05
1.8533e+05
1.8967e+05
1.9418e+05
1.9884e+05
2.0367e+05
2.0866e+05
2.138e+05
2.1909e+05
2.2453e+05
2.3013e+05
2.3587e+05
2.4176e+05
2.4778e+05
2.5395e+05
2.6026e+05
2.667e+05
2.7327e+05
2.7997e+05
2.868e+05
2.9375e+05
3.0082e+05
3.0801e+05
3.1531e+05
3.2272e+05
3.3024e+05
3.3787e+05
3.4559e+05
3.5341e+05
3.6133e+05
3.6933e+05
3.7742e+05
3.8559e+05
3.9384e+05
4.0217e+05
4.1056e+05
4.1903e+05
4.2755e+05
4.3614e+05
4.4478e+05
4.5347e+05
4.6221e+05
4.7099e+05
4.798e+05
4.8866e+05
4.9754e+05
5.0645e+05
5.1538e+05
5.2433e+05
5.3329e+05
5.4226e+05
5.5124e+05
5.6021e+05
5.6919e+05
5.7815e+05
5.871e+05
5.9604e+05
6.0496e+05
6.1385e+05
6.2271e+05
6.3155e+05
6.4034e+05
6.4909e+05
6.578e+05
6.6646e+05
6.7507e+05
6.8362e+05
6.9211e+05
7.0054e+05
7.089e+05
7.1719e+05
7.254e+05
7.3353e+05
7.4158e+05
7.4954e+05
7.5742e+05
7.652e+05
7.7288e+05
7.8047e+05
7.8795e+05
7.9533e+05
8.026e+05
8.0975e+05
8.168e+05
8.2372e+05
8.3052e+05
8.372e+05
8.4376e+05
8.5019e+05
8.5649e+05
8.6265e+05
8.6868e+05
8.7457e+05
8.8032e+05
8.8593e+05
8.914e+05
8.9673e+05
9.019e+05
9.0693e+05
9.1181e+05
9.1653e+05
9.211e+05
9.2552e+05
9.2978e+05
9.3389e+05
9.3783e+05
9.4162e+05
9.4525e+05
9.4872e+05
9.5202e+05
9.5516e+05
9.5815e+05
9.6096e+05
9.6362e+05
9.6611e+05
9.6843e+05
9.7059e+05
9.7259e+05
9.7442e+05
9.7609e+05
9.7759e+05
9.7893e+05
9.8011e+05
9.8112e+05
9.8197e+05
9.8265e+05
9.8317e+05
9.8354e+05
9.8374e+05
9.8378e+05
9.8366e+05
9.8338e+05
9.8294e+05
9.8235e+05
9.8161e+05
9.807e+05
9.7965e+05
9.7844e+05
9.7708e+05
9.7557e+05
9.7392e+05
9.7211e+05
9.7016e+05
9.6807e+05
9.6583e+05
9.6345e+05
9.6094e+05
9.5828e+05
9.5549e+05
9.5257e+05
9.4951e+05
9.4632e+05
9.43e+05
9.3955e+05
9.3598e+05
9.3228e+05
9.2847e+05
9.2453e+05
9.2047e+05
9.163e+05
9.1202e+05
9.0762e+05
9.0311e+05
8.985e+05
8.9378e+05
8.8896e+05
8.8403e+05
8.79e+05
8.7388e+05
8.6866e+05
8.6335e+05
8.5795e+05
8.5246e+05
8.4689e+05
8.4122e+05
8.3548e+05
8.2966e+05
8.2376e+05
8.1778e+05
8.1173e+05
8.0561e+05
7.9943e+05
7.9317e+05
7.8685e+05
7.8047e+05
7.7403e+05
7.6753e+05
7.6098e+05
7.5437e+05
7.4771e+05
7.41e+05
7.3425e+05
7.2745e+05
7.2061e+05
7.1373e+05
7.0682e+05
6.9987e+05
6.9288e+05
6.8586e+05
6.7882e+05
6.7175e+05
6.6465e+05
6.5753e+05
6.5039e+05
6.4323e+05
6.3606e+05
6.2887e+05
6.2167e+05
6.1446e+05
6.0724e+05
6.0002e+05
5.9279e+05
5.8556e+05
5.7833e+05
5.711e+05
5.6388e+05
5.5666e+05
5.4945e+05
5.4225e+05
5.3506e+05
5.2788e+05
5.2072e+05
5.1357e+05
5.0644e+05
4.9934e+05
4.9225e+05
4.8519e+05
4.7815e+05
4.7114e+05
4.6416e+05
4.572e+05
4.5028e+05
4.4339e+05
4.3654e+05
4.2972e+05
4.2294e+05
4.1619e+05
4.0949e+05
4.0282e+05
3.962e+05
3.8962e+05
3.8309e+05
3.766e+05
3.7016e+05
3.6377e+05
3.5743e+05
3.5113e+05
3.4489e+05
3.387e+05
3.3256e+05
3.2648e+05
3.2045e+05
3.1448e+05
3.0856e+05
3.027e+05
2.969e+05
2.9116e+05
2.8547e+05
2.7985e+05
2.7429e+05
2.6878e+05
2.6334e+05
2.5796e+05
2.5264e+05
2.4739e+05
2.422e+05
2.3707e+05
2.32e+05
2.27e+05
2.2207e+05
2.1719e+05
2.1239e+05
2.0764e+05
2.0297e+05
1.9835e+05
1.9381e+05
1.8932e+05
1.8491e+05
1.8055e+05
1.7627e+05
1.7205e+05
1.6789e+05
1.638e+05
1.5977e+05
1.558e+05
1.519e+05
1.4807e+05
1.443e+05
1.4059e+05
1.3695e+05
1.3336e+05
1.2985e+05
1.2639e+05
1.2299e+05
1.1966e+05
1.1639e+05
1.1318e+05
1.1003e+05
1.0694e+05
1.039e+05
1.0093e+05
98018
95162
92363
89622
86937
84308
81734
79215
76750
74340
71982
69677
67423
65221
63070
60969
58917
56915
54960
53053
51194
49380
47612
45890
44212
42577
40986
39438
37931
36466
35041
33656
32310
31003
29734
28503
27308
26149
25026
23938
22884
21863
20875
19920
18996
18103
17241
16408
15605
14830
14083
13364
12671
12004
11363
10747
10155
9587.2
9042.3
8519.9
8019.5
7540.6
7082.5
6644.7
6226.6
5827.7
5447.4
5085.1
4740.3
4412.5
4101.1
3805.6
3525.5
3260.2
3009.3
2772.1
2548.3
2337.3
2138.6
1951.7
1776.1
1611.4
1457.1
1312.8
1177.9
1052
934.67
825.48
724
629.79
542.44
461.54
386.69
317.5
253.57
194.53
140.02
89.657
43.1
0
