8.2972e+05
8.3573e+05
8.4153e+05
8.4712e+05
8.525e+05
8.5768e+05
8.6266e+05
8.6746e+05
8.7208e+05
8.7652e+05
8.8079e+05
8.849e+05
8.8885e+05
8.9265e+05
8.9631e+05
8.9982e+05
9.032e+05
9.0645e+05
9.0958e+05
9.126e+05
9.1549e+05
9.1829e+05
9.2098e+05
9.2357e+05
9.2607e+05
9.2848e+05
9.3081e+05
9.3305e+05
9.3522e+05
9.3732e+05
9.3935e+05
9.4131e+05
9.4321e+05
9.4505e+05
9.4684e+05
9.4857e+05
9.5024e+05
9.5187e+05
9.5345e+05
9.5499e+05
9.5648e+05
9.5792e+05
9.5933e+05
9.607e+05
9.6202e+05
9.6331e+05
9.6457e+05
9.6578e+05
9.6696e+05
9.6811e+05
9.6921e+05
9.7029e+05
9.7133e+05
9.7233e+05
9.7329e+05
9.7422e+05
9.7511e+05
9.7597e+05
9.7679e+05
9.7756e+05
9.783e+05
9.79e+05
9.7965e+05
9.8027e+05
9.8083e+05
9.8136e+05
9.8183e+05
9.8226e+05
9.8264e+05
9.8296e+05
9.8324e+05
9.8346e+05
9.8362e+05
9.8373e+05
9.8378e+05
9.8376e+05
9.8369e+05
9.8355e+05
9.8335e+05
9.8308e+05
9.8274e+05
9.8233e+05
9.8185e+05
9.813e+05
9.8067e+05
9.7996e+05
9.7918e+05
9.7832e+05
9.7738e+05
9.7635e+05
9.7525e+05
9.7406e+05
9.7278e+05
9.7142e+05
9.6997e+05
9.6844e+05
9.6681e+05
9.651e+05
9.633e+05
9.6141e+05
9.5943e+05
9.5735e+05
9.5519e+05
9.5294e+05
9.506e+05
9.4816e+05
9.4564e+05
9.4302e+05
9.4032e+05
9.3753e+05
9.3465e+05
9.3169e+05
9.2864e+05
9.255e+05
9.2229e+05
9.1898e+05
9.156e+05
9.1214e+05
9.086e+05
9.0499e+05
9.013e+05
8.9754e+05
8.937e+05
8.898e+05
8.8583e+05
8.818e+05
8.7771e+05
8.7355e+05
8.6934e+05
8.6507e+05
8.6075e+05
8.5638e+05
8.5197e+05
8.475e+05
8.43e+05
8.3845e+05
8.3387e+05
8.2926e+05
8.2461e+05
8.1993e+05
8.1523e+05
8.105e+05
8.0575e+05
8.0099e+05
7.962e+05
7.9141e+05
7.8661e+05
7.8179e+05
7.7698e+05
7.7216e+05
7.6734e+05
7.6252e+05
7.5771e+05
7.529e+05
7.4811e+05
7.4332e+05
7.3856e+05
7.338e+05
7.2907e+05
7.2436e+05
7.1967e+05
7.1501e+05
7.1037e+05
7.0576e+05
7.0119e+05
6.9664e+05
6.9213e+05
6.8766e+05
6.8322e+05
6.7882e+05
6.7447e+05
6.7015e+05
6.6588e+05
6.6166e+05
6.5747e+05
6.5334e+05
6.4926e+05
6.4522e+05
6.4123e+05
6.373e+05
6.3342e+05
6.2959e+05
6.2581e+05
6.2209e+05
6.1843e+05
6.1482e+05
6.1127e+05
6.0778e+05
6.0434e+05
6.0096e+05
5.9765e+05
5.9439e+05
5.9119e+05
5.8805e+05
5.8497e+05
5.8195e+05
5.79e+05
5.761e+05
5.7327e+05
5.705e+05
5.6779e+05
5.6514e+05
5.6255e+05
5.6003e+05
5.5757e+05
5.5517e+05
5.5284e+05
5.5056e+05
5.4835e+05
5.462e+05
5.4412e+05
5.4209e+05
5.4013e+05
5.3823e+05
5.3639e+05
5.3462e+05
5.3291e+05
5.3125e+05
5.2966e+05
5.2813e+05
5.2667e+05
5.2526e+05
5.2391e+05
5.2263e+05
5.2141e+05
5.2024e+05
5.1914e+05
5.1809e+05
5.1711e+05
5.1619e+05
5.1532e+05
5.1452e+05
5.1377e+05
5.1308e+05
5.1245e+05
5.1188e+05
5.1136e+05
5.1091e+05
5.1051e+05
5.1017e+05
5.0988e+05
5.0965e+05
5.0948e+05
5.0937e+05
5.0931e+05
5.093e+05
5.0935e+05
5.0946e+05
5.0962e+05
5.0983e+05
5.101e+05
5.1042e+05
5.1079e+05
5.1122e+05
5.117e+05
5.1223e+05
5.1282e+05
5.1345e+05
5.1414e+05
5.1488e+05
5.1567e+05
5.165e+05
5.1739e+05
5.1833e+05
5.1931e+05
5.2034e+05
5.2142e+05
5.2255e+05
5.2372e+05
5.2494e+05
5.2621e+05
5.2752e+05
5.2887e+05
5.3027e+05
5.3171e+05
5.3319e+05
5.3472e+05
5.3628e+05
5.3789e+05
5.3954e+05
5.4122e+05
5.4295e+05
5.4471e+05
5.4651e+05
5.4834e+05
5.5021e+05
5.5212e+05
5.5406e+05
5.5603e+05
5.5804e+05
5.6007e+05
5.6214e+05
5.6424e+05
5.6636e+05
5.6852e+05
5.707e+05
5.7291e+05
5.7514e+05
5.774e+05
5.7969e+05
5.8199e+05
5.8432e+05
5.8667e+05
5.8904e+05
5.9143e+05
5.9384e+05
5.9627e+05
5.9872e+05
6.0118e+05
6.0366e+05
6.0615e+05
6.0866e+05
6.1118e+05
6.1371e+05
6.1626e+05
6.1882e+05
6.2139e+05
6.2397e+05
6.2655e+05
6.2915e+05
6.3176e+05
6.3437e+05
6.3699e+05
6.3962e+05
6.4226e+05
6.449e+05
6.4754e+05
6.502e+05
6.5285e+05
6.5551e+05
6.5818e+05
6.6085e+05
6.6352e+05
6.6619e+05
6.6887e+05
6.7155e+05
6.7424e+05
6.7692e+05
6.7961e+05
6.823e+05
6.8499e+05
6.8768e+05
6.9038e+05
6.9307e+05
6.9577e+05
6.9847e+05
7.0117e+05
7.0387e+05
7.0657e+05
7.0927e+05
7.1197e+05
7.1468e+05
7.1738e+05
7.2008e+05
7.2279e+05
7.2549e+05
7.2819e+05
7.3089e+05
7.336e+05
7.363e+05
7.39e+05
7.4169e+05
7.4439e+05
7.4708e+05
7.4977e+05
7.5246e+05
7.5515e+05
7.5783e+05
7.605e+05
7.6317e+05
7.6584e+05
7.685e+05
7.7115e+05
7.7379e+05
7.7643e+05
7.7906e+05
7.8167e+05
7.8428e+05
7.8687e+05
7.8945e+05
7.9202e+05
7.9458e+05
7.9711e+05
7.9963e+05
8.0213e+05
8.0462e+05
8.0708e+05
8.0952e+05
8.1193e+05
8.1433e+05
8.1669e+05
8.1903e+05
8.2134e+05
8.2363e+05
8.2588e+05
8.2809e+05
8.3027e+05
8.3242e+05
8.3453e+05
8.366e+05
8.3863e+05
8.4062e+05
8.4257e+05
8.4447e+05
8.4632e+05
8.4813e+05
8.4988e+05
8.5159e+05
8.5324e+05
8.5484e+05
8.5639e+05
8.5788e+05
8.5931e+05
8.6068e+05
8.6199e+05
8.6324e+05
8.6442e+05
8.6555e+05
8.666e+05
8.6759e+05
8.6852e+05
8.6937e+05
8.7016e+05
8.7087e+05
8.7152e+05
8.7209e+05
8.7259e+05
8.7302e+05
8.7337e+05
8.7365e+05
8.7385e+05
8.7398e+05
8.7404e+05
8.7402e+05
8.7392e+05
8.7375e+05
8.735e+05
8.7317e+05
8.7277e+05
8.7229e+05
8.7174e+05
8.7111e+05
8.7041e+05
8.6963e+05
8.6878e+05
8.6785e+05
8.6685e+05
8.6578e+05
8.6463e+05
8.6342e+05
8.6213e+05
8.6078e+05
8.5936e+05
8.5787e+05
8.5631e+05
8.5468e+05
8.53e+05
8.5125e+05
8.4943e+05
8.4756e+05
8.4562e+05
8.4363e+05
8.4158e+05
8.3947e+05
8.3731e+05
8.3509e+05
8.3283e+05
8.3051e+05
8.2814e+05
8.2572e+05
8.2326e+05
8.2075e+05
8.182e+05
8.156e+05
8.1297e+05
8.1029e+05
8.0757e+05
8.0482e+05
8.0203e+05
7.9921e+05
7.9635e+05
7.9347e+05
7.9055e+05
7.876e+05
7.8462e+05
7.8162e+05
7.7859e+05
7.7553e+05
7.7246e+05
7.6936e+05
7.6624e+05
7.6309e+05
7.5993e+05
7.5675e+05
7.5355e+05
7.5034e+05
7.4711e+05
7.4387e+05
7.4061e+05
7.3734e+05
7.3405e+05
7.3076e+05
7.2745e+05
7.2413e+05
7.2081e+05
7.1747e+05
7.1412e+05
7.1077e+05
7.0741e+05
7.0404e+05
7.0067e+05
6.9728e+05
6.939e+05
6.905e+05
6.871e+05
6.837e+05
6.8029e+05
6.7688e+05
6.7346e+05
6.7004e+05
6.6661e+05
6.6318e+05
6.5975e+05
6.5631e+05
6.5288e+05
6.4943e+05
6.4599e+05
6.4254e+05
6.3909e+05
6.3563e+05
6.3218e+05
6.2872e+05
6.2526e+05
6.2179e+05
6.1832e+05
6.1486e+05
6.1138e+05
6.0791e+05
6.0443e+05
6.0096e+05
5.9747e+05
5.9399e+05
5.9051e+05
5.8702e+05
5.8353e+05
5.8004e+05
5.7654e+05
5.7305e+05
5.6955e+05
5.6605e+05
5.6255e+05
5.5905e+05
5.5554e+05
5.5203e+05
5.4853e+05
5.4502e+05
5.4151e+05
5.3799e+05
5.3448e+05
5.3096e+05
5.2745e+05
5.2393e+05
5.2041e+05
5.169e+05
5.1338e+05
5.0986e+05
5.0634e+05
5.0282e+05
4.993e+05
4.9577e+05
4.9225e+05
4.8873e+05
4.8521e+05
4.8169e+05
4.7818e+05
4.7466e+05
4.7114e+05
4.6763e+05
4.6411e+05
4.606e+05
4.5708e+05
4.5357e+05
4.5007e+05
4.4656e+05
4.4305e+05
4.3955e+05
4.3605e+05
4.3255e+05
4.2906e+05
4.2556e+05
4.2207e+05
4.1859e+05
4.151e+05
4.1162e+05
4.0815e+05
4.0467e+05
4.012e+05
3.9774e+05
3.9427e+05
3.9082e+05
3.8736e+05
3.8391e+05
3.8047e+05
3.7703e+05
3.7359e+05
3.7016e+05
3.6673e+05
3.6331e+05
3.5989e+05
3.5648e+05
3.5308e+05
3.4968e+05
3.4629e+05
3.429e+05
3.3952e+05
3.3614e+05
3.3277e+05
3.2941e+05
3.2605e+05
3.2271e+05
3.1936e+05
3.1603e+05
3.127e+05
3.0938e+05
3.0607e+05
3.0276e+05
2.9946e+05
2.9618e+05
2.9289e+05
2.8962e+05
2.8636e+05
2.831e+05
2.7986e+05
2.7662e+05
2.7339e+05
2.7017e+05
2.6696e+05
2.6376e+05
2.6057e+05
2.5739e+05
2.5422e+05
2.5106e+05
2.4791e+05
2.4477e+05
2.4165e+05
2.3853e+05
2.3542e+05
2.3233e+05
2.2925e+05
2.2618e+05
2.2312e+05
2.2007e+05
2.1703e+05
2.1401e+05
2.11e+05
2.08e+05
2.0501e+05
2.0204e+05
1.9908e+05
1.9613e+05
1.9319e+05
1.9027e+05
1.8736e+05
1.8446e+05
1.8158e+05
1.7871e+05
1.7586e+05
1.7301e+05
1.7018e+05
1.6737e+05
1.6457e+05
1.6178e+05
1.59e+05
1.5624e+05
1.5349e+05
1.5076e+05
1.4804e+05
1.4534e+05
1.4264e+05
1.3996e+05
1.373e+05
1.3465e+05
1.3201e+05
1.2939e+05
1.2678e+05
1.2418e+05
1.216e+05
1.1903e+05
1.1647e+05
1.1393e+05
1.114e+05
1.0889e+05
1.0639e+05
1.039e+05
1.0142e+05
98960
96511
94076
91653
89244
86848
84465
82094
79737
77393
75062
72743
70438
68145
65865
63599
61345
59104
56875
54660
52458
50269
48092
45929
43779
41642
39519
37409
35312
33229
31159
29103
27061
25032
23018
21018
19033
17061
15105
13163
11236
9324.7
7428.3
5547.5
3682.4
1833.1
0
