6.465e+05
6.4782e+05
6.4901e+05
6.5006e+05
6.5099e+05
6.5179e+05
6.5246e+05
6.53e+05
6.5342e+05
6.5371e+05
6.5388e+05
6.5393e+05
6.5385e+05
6.5365e+05
6.5333e+05
6.529e+05
6.5234e+05
6.5168e+05
6.5089e+05
6.5e+05
6.49e+05
6.4788e+05
6.4666e+05
6.4533e+05
6.439e+05
6.4237e+05
6.4074e+05
6.3901e+05
6.3718e+05
6.3526e+05
6.3324e+05
6.3113e+05
6.2894e+05
6.2666e+05
6.2429e+05
6.2184e+05
6.1931e+05
6.1671e+05
6.1402e+05
6.1126e+05
6.0843e+05
6.0553e+05
6.0257e+05
5.9953e+05
5.9644e+05
5.9328e+05
5.9006e+05
5.8679e+05
5.8346e+05
5.8008e+05
5.7665e+05
5.7317e+05
5.6964e+05
5.6608e+05
5.6246e+05
5.5881e+05
5.5513e+05
5.514e+05
5.4765e+05
5.4386e+05
5.4004e+05
5.362e+05
5.3233e+05
5.2844e+05
5.2452e+05
5.2059e+05
5.1664e+05
5.1267e+05
5.087e+05
5.0471e+05
5.007e+05
4.967e+05
4.9268e+05
4.8866e+05
4.8464e+05
4.8062e+05
4.7659e+05
4.7257e+05
4.6855e+05
4.6454e+05
4.6054e+05
4.5654e+05
4.5255e+05
4.4857e+05
4.4461e+05
4.4065e+05
4.3672e+05
4.328e+05
4.2889e+05
4.2501e+05
4.2114e+05
4.1729e+05
4.1347e+05
4.0967e+05
4.0589e+05
4.0214e+05
3.9841e+05
3.9471e+05
3.9103e+05
3.8739e+05
3.8377e+05
3.8018e+05
3.7662e+05
3.7309e+05
3.6959e+05
3.6612e+05
3.6269e+05
3.5928e+05
3.5591e+05
3.5258e+05
3.4927e+05
3.46e+05
3.4277e+05
3.3957e+05
3.364e+05
3.3327e+05
3.3017e+05
3.271e+05
3.2408e+05
3.2108e+05
3.1812e+05
3.152e+05
3.1231e+05
3.0945e+05
3.0663e+05
3.0384e+05
3.0109e+05
2.9837e+05
2.9569e+05
2.9303e+05
2.9041e+05
2.8783e+05
2.8527e+05
2.8275e+05
2.8026e+05
2.778e+05
2.7536e+05
2.7296e+05
2.7059e+05
2.6825e+05
2.6594e+05
2.6365e+05
2.6139e+05
2.5916e+05
2.5696e+05
2.5478e+05
2.5262e+05
2.5049e+05
2.4838e+05
2.463e+05
2.4424e+05
2.422e+05
2.4018e+05
2.3818e+05
2.362e+05
2.3424e+05
2.323e+05
2.3038e+05
2.2847e+05
2.2658e+05
2.2471e+05
2.2285e+05
2.21e+05
2.1917e+05
2.1735e+05
2.1555e+05
2.1375e+05
2.1197e+05
2.1019e+05
2.0843e+05
2.0667e+05
2.0492e+05
2.0318e+05
2.0145e+05
1.9973e+05
1.9801e+05
1.9629e+05
1.9458e+05
1.9288e+05
1.9117e+05
1.8947e+05
1.8778e+05
1.8608e+05
1.8439e+05
1.827e+05
1.8101e+05
1.7932e+05
1.7763e+05
1.7595e+05
1.7426e+05
1.7257e+05
1.7087e+05
1.6918e+05
1.6749e+05
1.6579e+05
1.6409e+05
1.6239e+05
1.6069e+05
1.5898e+05
1.5728e+05
1.5557e+05
1.5385e+05
1.5214e+05
1.5042e+05
1.487e+05
1.4697e+05
1.4525e+05
1.4352e+05
1.4179e+05
1.4005e+05
1.3832e+05
1.3658e+05
1.3484e+05
1.331e+05
1.3136e+05
1.2962e+05
1.2788e+05
1.2614e+05
1.244e+05
1.2266e+05
1.2092e+05
1.1918e+05
1.1745e+05
1.1572e+05
1.1399e+05
1.1227e+05
1.1055e+05
1.0883e+05
1.0713e+05
1.0543e+05
1.0373e+05
1.0205e+05
1.0037e+05
98703
97047
95402
93769
92148
90542
88950
87374
85815
84273
82749
81245
79761
78299
76860
75443
74052
72686
71346
70035
68753
67500
66279
65090
63934
62813
61728
60679
59669
58698
57767
56878
56031
55229
54471
53759
53095
52480
51914
51399
50937
50527
50172
49872
49629
49443
49316
49250
49244
49300
49420
49604
49853
50168
50550
51001
51521
52111
52772
53506
54312
55192
56147
57177
58284
59467
60729
62069
63488
64987
66567
68229
69972
71798
73706
75698
77775
79935
82181
84512
86929
89431
92020
94696
97458
1.0031e+05
1.0324e+05
1.0627e+05
1.0938e+05
1.1258e+05
1.1587e+05
1.1924e+05
1.227e+05
1.2625e+05
1.2989e+05
1.3361e+05
1.3742e+05
1.4132e+05
1.453e+05
1.4937e+05
1.5353e+05
1.5777e+05
1.621e+05
1.6651e+05
1.71e+05
1.7558e+05
1.8024e+05
1.8499e+05
1.8982e+05
1.9472e+05
1.9971e+05
2.0478e+05
2.0993e+05
2.1516e+05
2.2046e+05
2.2584e+05
2.313e+05
2.3683e+05
2.4243e+05
2.4811e+05
2.5386e+05
2.5968e+05
2.6557e+05
2.7153e+05
2.7755e+05
2.8364e+05
2.898e+05
2.9602e+05
3.023e+05
3.0864e+05
3.1504e+05
3.215e+05
3.2802e+05
3.3459e+05
3.4121e+05
3.4789e+05
3.5462e+05
3.6139e+05
3.6822e+05
3.7509e+05
3.82e+05
3.8896e+05
3.9596e+05
4.0299e+05
4.1007e+05
4.1718e+05
4.2432e+05
4.315e+05
4.387e+05
4.4594e+05
4.532e+05
4.6048e+05
4.6779e+05
4.7512e+05
4.8247e+05
4.8983e+05
4.9721e+05
5.046e+05
5.12e+05
5.1942e+05
5.2684e+05
5.3426e+05
5.4169e+05
5.4912e+05
5.5654e+05
5.6397e+05
5.7138e+05
5.788e+05
5.862e+05
5.9359e+05
6.0097e+05
6.0833e+05
6.1567e+05
6.2299e+05
6.303e+05
6.3757e+05
6.4483e+05
6.5205e+05
6.5925e+05
6.6641e+05
6.7354e+05
6.8063e+05
6.8768e+05
6.9469e+05
7.0166e+05
7.0859e+05
7.1547e+05
7.223e+05
7.2908e+05
7.3581e+05
7.4248e+05
7.491e+05
7.5566e+05
7.6216e+05
7.686e+05
7.7497e+05
7.8128e+05
7.8752e+05
7.9369e+05
7.9978e+05
8.0581e+05
8.1176e+05
8.1764e+05
8.2343e+05
8.2915e+05
8.3478e+05
8.4033e+05
8.458e+05
8.5118e+05
8.5647e+05
8.6167e+05
8.6678e+05
8.718e+05
8.7672e+05
8.8155e+05
8.8627e+05
8.9091e+05
8.9544e+05
8.9987e+05
9.042e+05
9.0842e+05
9.1254e+05
9.1655e+05
9.2046e+05
9.2426e+05
9.2795e+05
9.3152e+05
9.3499e+05
9.3834e+05
9.4158e+05
9.4471e+05
9.4772e+05
9.5061e+05
9.5339e+05
9.5605e+05
9.5859e+05
9.6102e+05
9.6332e+05
9.655e+05
9.6756e+05
9.695e+05
9.7132e+05
9.7302e+05
9.7459e+05
9.7604e+05
9.7736e+05
9.7857e+05
9.7964e+05
9.806e+05
9.8143e+05
9.8213e+05
9.8271e+05
9.8316e+05
9.8349e+05
9.837e+05
9.8378e+05
9.8373e+05
9.8356e+05
9.8327e+05
9.8285e+05
9.823e+05
9.8164e+05
9.8084e+05
9.7993e+05
9.7889e+05
9.7773e+05
9.7645e+05
9.7505e+05
9.7352e+05
9.7188e+05
9.7012e+05
9.6823e+05
9.6623e+05
9.6411e+05
9.6187e+05
9.5952e+05
9.5705e+05
9.5447e+05
9.5177e+05
9.4896e+05
9.4604e+05
9.4301e+05
9.3986e+05
9.3661e+05
9.3325e+05
9.2978e+05
9.2621e+05
9.2253e+05
9.1875e+05
9.1487e+05
9.1089e+05
9.068e+05
9.0262e+05
8.9834e+05
8.9397e+05
8.895e+05
8.8494e+05
8.8028e+05
8.7554e+05
8.7071e+05
8.6579e+05
8.6078e+05
8.5569e+05
8.5052e+05
8.4526e+05
8.3993e+05
8.3452e+05
8.2903e+05
8.2346e+05
8.1783e+05
8.1212e+05
8.0634e+05
8.0049e+05
7.9458e+05
7.886e+05
7.8256e+05
7.7646e+05
7.703e+05
7.6408e+05
7.578e+05
7.5147e+05
7.4509e+05
7.3866e+05
7.3217e+05
7.2564e+05
7.1907e+05
7.1245e+05
7.0579e+05
6.9908e+05
6.9234e+05
6.8557e+05
6.7876e+05
6.7191e+05
6.6504e+05
6.5813e+05
6.512e+05
6.4425e+05
6.3726e+05
6.3026e+05
6.2324e+05
6.162e+05
6.0914e+05
6.0207e+05
5.9498e+05
5.8788e+05
5.8078e+05
5.7366e+05
5.6654e+05
5.5942e+05
5.5229e+05
5.4516e+05
5.3803e+05
5.3091e+05
5.2379e+05
5.1667e+05
5.0956e+05
5.0247e+05
4.9538e+05
4.883e+05
4.8124e+05
4.742e+05
4.6717e+05
4.6016e+05
4.5317e+05
4.462e+05
4.3926e+05
4.3234e+05
4.2544e+05
4.1858e+05
4.1174e+05
4.0493e+05
3.9816e+05
3.9141e+05
3.847e+05
3.7803e+05
3.714e+05
3.648e+05
3.5824e+05
3.5173e+05
3.4525e+05
3.3882e+05
3.3243e+05
3.2609e+05
3.1979e+05
3.1355e+05
3.0735e+05
3.012e+05
2.951e+05
2.8905e+05
2.8305e+05
2.7711e+05
2.7122e+05
2.6539e+05
2.5962e+05
2.539e+05
2.4824e+05
2.4263e+05
2.3709e+05
2.3161e+05
2.2618e+05
2.2082e+05
2.1552e+05
2.1028e+05
2.0511e+05
2e+05
1.9495e+05
1.8997e+05
1.8505e+05
1.802e+05
1.7542e+05
1.707e+05
1.6605e+05
1.6146e+05
1.5695e+05
1.525e+05
1.4812e+05
1.438e+05
1.3956e+05
1.3538e+05
1.3127e+05
1.2724e+05
1.2327e+05
1.1937e+05
1.1554e+05
1.1177e+05
1.0808e+05
1.0446e+05
1.009e+05
97418
94002
90655
87376
84167
81025
77952
74947
72009
69139
66336
63600
60931
58328
55790
53318
50911
48569
46291
44077
41925
39837
37811
35846
33942
32099
30316
28593
26928
25321
23772
22279
20843
19462
18136
16864
15646
14480
13366
12303
11291
10328
9414.1
8548.4
7729.9
6958
6231.7
5550.3
4912.9
4318.8
3767.1
3256.9
2787.5
2357.9
1967.3
1614.9
1299.8
1021.2
778.09
569.73
395.22
253.69
144.27
66.096
18.296
0
10.342
48.453
113.47
204.53
320.76
461.32
625.34
811.97
1020.4
1249.7
1499.1
1767.7
2054.7
2359.3
2680.7
