2.6796e+05
2.7141e+05
2.7485e+05
2.7829e+05
2.8172e+05
2.8514e+05
2.8855e+05
2.9195e+05
2.9533e+05
2.9869e+05
3.0204e+05
3.0538e+05
3.0869e+05
3.1197e+05
3.1524e+05
3.1848e+05
3.217e+05
3.2489e+05
3.2805e+05
3.3118e+05
3.3427e+05
3.3734e+05
3.4037e+05
3.4337e+05
3.4633e+05
3.4926e+05
3.5214e+05
3.5499e+05
3.5779e+05
3.6056e+05
3.6328e+05
3.6596e+05
3.6859e+05
3.7118e+05
3.7372e+05
3.7621e+05
3.7865e+05
3.8105e+05
3.8339e+05
3.8569e+05
3.8793e+05
3.9012e+05
3.9225e+05
3.9433e+05
3.9636e+05
3.9833e+05
4.0024e+05
4.021e+05
4.039e+05
4.0564e+05
4.0733e+05
4.0895e+05
4.1051e+05
4.1202e+05
4.1346e+05
4.1484e+05
4.1616e+05
4.1742e+05
4.1861e+05
4.1974e+05
4.2081e+05
4.2182e+05
4.2276e+05
4.2364e+05
4.2445e+05
4.252e+05
4.2589e+05
4.2651e+05
4.2707e+05
4.2756e+05
4.2798e+05
4.2835e+05
4.2864e+05
4.2887e+05
4.2904e+05
4.2914e+05
4.2918e+05
4.2915e+05
4.2906e+05
4.2891e+05
4.2869e+05
4.284e+05
4.2806e+05
4.2765e+05
4.2718e+05
4.2664e+05
4.2605e+05
4.2539e+05
4.2467e+05
4.2389e+05
4.2306e+05
4.2216e+05
4.212e+05
4.2019e+05
4.1912e+05
4.1799e+05
4.168e+05
4.1556e+05
4.1427e+05
4.1292e+05
4.1152e+05
4.1007e+05
4.0856e+05
4.0701e+05
4.0541e+05
4.0375e+05
4.0206e+05
4.0031e+05
3.9852e+05
3.9669e+05
3.9481e+05
3.9289e+05
3.9093e+05
3.8893e+05
3.8689e+05
3.8482e+05
3.827e+05
3.8056e+05
3.7838e+05
3.7617e+05
3.7392e+05
3.7165e+05
3.6935e+05
3.6702e+05
3.6467e+05
3.6229e+05
3.599e+05
3.5747e+05
3.5503e+05
3.5257e+05
3.501e+05
3.4761e+05
3.451e+05
3.4258e+05
3.4005e+05
3.3751e+05
3.3496e+05
3.324e+05
3.2984e+05
3.2727e+05
3.2471e+05
3.2213e+05
3.1956e+05
3.17e+05
3.1443e+05
3.1187e+05
3.0931e+05
3.0676e+05
3.0422e+05
3.0169e+05
2.9916e+05
2.9665e+05
2.9416e+05
2.9168e+05
2.8921e+05
2.8676e+05
2.8433e+05
2.8191e+05
2.7952e+05
2.7715e+05
2.748e+05
2.7248e+05
2.7017e+05
2.679e+05
2.6565e+05
2.6342e+05
2.6123e+05
2.5906e+05
2.5692e+05
2.5481e+05
2.5273e+05
2.5069e+05
2.4867e+05
2.4669e+05
2.4474e+05
2.4282e+05
2.4094e+05
2.3909e+05
2.3727e+05
2.3549e+05
2.3374e+05
2.3203e+05
2.3035e+05
2.2871e+05
2.271e+05
2.2552e+05
2.2399e+05
2.2248e+05
2.2101e+05
2.1958e+05
2.1817e+05
2.1681e+05
2.1547e+05
2.1417e+05
2.129e+05
2.1166e+05
2.1045e+05
2.0928e+05
2.0813e+05
2.0701e+05
2.0592e+05
2.0486e+05
2.0383e+05
2.0282e+05
2.0183e+05
2.0087e+05
1.9994e+05
1.9902e+05
1.9813e+05
1.9726e+05
1.964e+05
1.9557e+05
1.9475e+05
1.9394e+05
1.9315e+05
1.9238e+05
1.9161e+05
1.9086e+05
1.9011e+05
1.8937e+05
1.8864e+05
1.8791e+05
1.8719e+05
1.8647e+05
1.8575e+05
1.8503e+05
1.8431e+05
1.8358e+05
1.8285e+05
1.8212e+05
1.8138e+05
1.8062e+05
1.7986e+05
1.7909e+05
1.783e+05
1.775e+05
1.7669e+05
1.7585e+05
1.75e+05
1.7413e+05
1.7324e+05
1.7233e+05
1.7139e+05
1.7043e+05
1.6945e+05
1.6844e+05
1.674e+05
1.6633e+05
1.6523e+05
1.6411e+05
1.6295e+05
1.6176e+05
1.6054e+05
1.5928e+05
1.5799e+05
1.5667e+05
1.5531e+05
1.5391e+05
1.5248e+05
1.5101e+05
1.495e+05
1.4796e+05
1.4638e+05
1.4476e+05
1.431e+05
1.4141e+05
1.3968e+05
1.3791e+05
1.361e+05
1.3425e+05
1.3237e+05
1.3045e+05
1.285e+05
1.2651e+05
1.2448e+05
1.2243e+05
1.2033e+05
1.1821e+05
1.1605e+05
1.1386e+05
1.1164e+05
1.094e+05
1.0712e+05
1.0482e+05
1.025e+05
1.0015e+05
97775
95384
92973
90546
88103
85646
83178
80700
78214
75722
73227
70731
68236
65743
63257
60778
58310
55855
53416
50995
48594
46218
43867
41546
39256
37002
34785
32608
30475
28388
26350
24365
22436
20564
18754
17008
15330
13722
12187
10729
9350.9
8054.8
6844.3
5722.1
4691.4
3754.9
2915.7
2176.5
1540.3
1009.8
587.86
277.11
80.276
0
38.873
199.43
484.17
895.5
1435.8
2107.4
2912.5
3853.3
4931.9
6150.3
7510.5
9014.3
10664
12460
14405
16501
18749
21149
23704
26415
29283
32308
35492
38835
42338
46002
49827
53813
57962
62272
66744
71378
76174
81131
86249
91528
96966
1.0256e+05
1.0832e+05
1.1423e+05
1.203e+05
1.2653e+05
1.329e+05
1.3943e+05
1.4612e+05
1.5295e+05
1.5992e+05
1.6705e+05
1.7431e+05
1.8172e+05
1.8927e+05
1.9695e+05
2.0477e+05
2.1272e+05
2.2079e+05
2.29e+05
2.3733e+05
2.4578e+05
2.5434e+05
2.6302e+05
2.7182e+05
2.8072e+05
2.8972e+05
2.9883e+05
3.0803e+05
3.1733e+05
3.2671e+05
3.3618e+05
3.4574e+05
3.5537e+05
3.6508e+05
3.7485e+05
3.8469e+05
3.946e+05
4.0456e+05
4.1457e+05
4.2463e+05
4.3474e+05
4.4488e+05
4.5506e+05
4.6527e+05
4.755e+05
4.8575e+05
4.9602e+05
5.063e+05
5.1658e+05
5.2687e+05
5.3715e+05
5.4743e+05
5.5769e+05
5.6793e+05
5.7815e+05
5.8834e+05
5.9849e+05
6.0861e+05
6.1869e+05
6.2871e+05
6.3868e+05
6.486e+05
6.5845e+05
6.6824e+05
6.7795e+05
6.8758e+05
6.9713e+05
7.066e+05
7.1597e+05
7.2525e+05
7.3442e+05
7.4349e+05
7.5245e+05
7.613e+05
7.7003e+05
7.7863e+05
7.8711e+05
7.9545e+05
8.0366e+05
8.1172e+05
8.1965e+05
8.2742e+05
8.3504e+05
8.4251e+05
8.4982e+05
8.5696e+05
8.6394e+05
8.7075e+05
8.7739e+05
8.8384e+05
8.9012e+05
8.9622e+05
9.0213e+05
9.0785e+05
9.1338e+05
9.1872e+05
9.2386e+05
9.288e+05
9.3354e+05
9.3807e+05
9.4241e+05
9.4653e+05
9.5044e+05
9.5415e+05
9.5764e+05
9.6092e+05
9.6398e+05
9.6682e+05
9.6945e+05
9.7186e+05
9.7405e+05
9.7602e+05
9.7776e+05
9.7929e+05
9.8059e+05
9.8167e+05
9.8253e+05
9.8317e+05
9.8358e+05
9.8378e+05
9.8375e+05
9.835e+05
9.8303e+05
9.8233e+05
9.8142e+05
9.8029e+05
9.7895e+05
9.7738e+05
9.7561e+05
9.7362e+05
9.7141e+05
9.69e+05
9.6638e+05
9.6355e+05
9.6052e+05
9.5728e+05
9.5384e+05
9.5021e+05
9.4637e+05
9.4235e+05
9.3813e+05
9.3372e+05
9.2913e+05
9.2435e+05
9.194e+05
9.1427e+05
9.0896e+05
9.0348e+05
8.9783e+05
8.9202e+05
8.8605e+05
8.7991e+05
8.7363e+05
8.6719e+05
8.6061e+05
8.5388e+05
8.4701e+05
8.4e+05
8.3286e+05
8.256e+05
8.182e+05
8.1069e+05
8.0306e+05
7.9532e+05
7.8747e+05
7.7951e+05
7.7145e+05
7.633e+05
7.5505e+05
7.4671e+05
7.3829e+05
7.298e+05
7.2122e+05
7.1257e+05
7.0386e+05
6.9508e+05
6.8625e+05
6.7736e+05
6.6842e+05
6.5943e+05
6.504e+05
6.4133e+05
6.3223e+05
6.231e+05
6.1394e+05
6.0477e+05
5.9557e+05
5.8636e+05
5.7715e+05
5.6793e+05
5.587e+05
5.4948e+05
5.4027e+05
5.3106e+05
5.2187e+05
5.127e+05
5.0355e+05
4.9442e+05
4.8533e+05
4.7626e+05
4.6723e+05
4.5824e+05
4.493e+05
4.4039e+05
4.3154e+05
4.2274e+05
4.1399e+05
4.0531e+05
3.9668e+05
3.8812e+05
3.7962e+05
3.712e+05
3.6285e+05
3.5457e+05
3.4637e+05
3.3825e+05
3.3021e+05
3.2225e+05
3.1439e+05
3.0661e+05
2.9892e+05
2.9132e+05
2.8382e+05
2.7642e+05
2.6912e+05
2.6191e+05
2.5481e+05
2.4781e+05
2.4091e+05
2.3412e+05
2.2744e+05
2.2086e+05
2.1439e+05
2.0804e+05
2.0179e+05
1.9566e+05
1.8964e+05
1.8373e+05
1.7794e+05
1.7226e+05
1.667e+05
1.6125e+05
1.5592e+05
1.507e+05
1.456e+05
1.4062e+05
1.3575e+05
1.31e+05
1.2636e+05
1.2184e+05
1.1743e+05
1.1314e+05
1.0896e+05
1.049e+05
1.0095e+05
97108
93382
89767
86263
82869
79583
76404
73333
70367
67505
64747
62091
59535
57079
54721
52460
50294
48222
46242
44353
42553
40840
39214
37672
36212
34833
33534
32312
31165
30093
29092
28162
27300
26504
25773
25105
24499
23951
23460
23025
22643
22313
22033
21801
21615
21473
21373
21314
21294
21310
21362
21447
21564
21710
21885
22086
22311
22560
22831
23121
23429
23754
24094
24448
24814
25190
25576
25969
26369
26774
27183
27595
28007
28420
28832
29242
29648
30049
30446
30836
31218
31592
31957
32312
32656
32988
33307
33614
33906
34184
34447
34694
34924
35138
35335
35514
35675
35817
35941
36045
36130
36196
36241
36267
36272
36257
36222
36166
36089
35992
