2649.8
5248.6
8049.7
11050
14246
17633
21207
24963
28895
32999
37267
41694
46272
50994
55853
60842
65951
71173
76500
81922
87430
93016
98671
1.0438e+05
1.1015e+05
1.1595e+05
1.2179e+05
1.2764e+05
1.3351e+05
1.3938e+05
1.4524e+05
1.5108e+05
1.569e+05
1.6268e+05
1.6842e+05
1.741e+05
1.7972e+05
1.8527e+05
1.9074e+05
1.9613e+05
2.0141e+05
2.066e+05
2.1167e+05
2.1662e+05
2.2145e+05
2.2615e+05
2.3071e+05
2.3512e+05
2.3939e+05
2.435e+05
2.4745e+05
2.5124e+05
2.5486e+05
2.583e+05
2.6157e+05
2.6466e+05
2.6757e+05
2.703e+05
2.7284e+05
2.752e+05
2.7736e+05
2.7934e+05
2.8113e+05
2.8272e+05
2.8413e+05
2.8535e+05
2.8639e+05
2.8724e+05
2.879e+05
2.8838e+05
2.8869e+05
2.8882e+05
2.8877e+05
2.8855e+05
2.8817e+05
2.8763e+05
2.8693e+05
2.8607e+05
2.8507e+05
2.8393e+05
2.8264e+05
2.8123e+05
2.7968e+05
2.7802e+05
2.7623e+05
2.7434e+05
2.7235e+05
2.7026e+05
2.6808e+05
2.6582e+05
2.6348e+05
2.6107e+05
2.5859e+05
2.5606e+05
2.5348e+05
2.5086e+05
2.482e+05
2.4551e+05
2.428e+05
2.4008e+05
2.3734e+05
2.3461e+05
2.3187e+05
2.2915e+05
2.2644e+05
2.2376e+05
2.2111e+05
2.1849e+05
2.1591e+05
2.1338e+05
2.109e+05
2.0848e+05
2.0612e+05
2.0383e+05
2.0161e+05
1.9947e+05
1.974e+05
1.9542e+05
1.9353e+05
1.9173e+05
1.9003e+05
1.8842e+05
1.8691e+05
1.8551e+05
1.8421e+05
1.8302e+05
1.8194e+05
1.8097e+05
1.8011e+05
1.7936e+05
1.7873e+05
1.7821e+05
1.778e+05
1.775e+05
1.7732e+05
1.7725e+05
1.7729e+05
1.7744e+05
1.777e+05
1.7806e+05
1.7853e+05
1.791e+05
1.7977e+05
1.8053e+05
1.8139e+05
1.8234e+05
1.8338e+05
1.845e+05
1.857e+05
1.8698e+05
1.8833e+05
1.8974e+05
1.9122e+05
1.9276e+05
1.9435e+05
1.9599e+05
1.9768e+05
1.9941e+05
2.0117e+05
2.0296e+05
2.0477e+05
2.066e+05
2.0845e+05
2.1031e+05
2.1217e+05
2.1403e+05
2.1588e+05
2.1771e+05
2.1954e+05
2.2133e+05
2.231e+05
2.2484e+05
2.2654e+05
2.282e+05
2.2982e+05
2.3138e+05
2.3288e+05
2.3433e+05
2.3571e+05
2.3702e+05
2.3827e+05
2.3943e+05
2.4052e+05
2.4153e+05
2.4245e+05
2.4328e+05
2.4402e+05
2.4467e+05
2.4523e+05
2.4568e+05
2.4604e+05
2.463e+05
2.4646e+05
2.4651e+05
2.4646e+05
2.4631e+05
2.4605e+05
2.4569e+05
2.4522e+05
2.4465e+05
2.4398e+05
2.432e+05
2.4232e+05
2.4134e+05
2.4025e+05
2.3907e+05
2.378e+05
2.3643e+05
2.3496e+05
2.3341e+05
2.3177e+05
2.3004e+05
2.2823e+05
2.2634e+05
2.2437e+05
2.2232e+05
2.2021e+05
2.1803e+05
2.1578e+05
2.1347e+05
2.111e+05
2.0868e+05
2.062e+05
2.0368e+05
2.0111e+05
1.9851e+05
1.9586e+05
1.9318e+05
1.9047e+05
1.8773e+05
1.8496e+05
1.8218e+05
1.7938e+05
1.7656e+05
1.7373e+05
1.7089e+05
1.6804e+05
1.652e+05
1.6235e+05
1.595e+05
1.5666e+05
1.5382e+05
1.5099e+05
1.4818e+05
1.4537e+05
1.4259e+05
1.3981e+05
1.3706e+05
1.3432e+05
1.3161e+05
1.2891e+05
1.2624e+05
1.2359e+05
1.2097e+05
1.1837e+05
1.158e+05
1.1325e+05
1.1073e+05
1.0824e+05
1.0578e+05
1.0334e+05
1.0093e+05
98543
96186
93856
91553
89276
87025
84800
82601
80427
78277
76152
74052
71975
69921
67891
65884
63900
61939
60000
58085
56191
54321
52474
50650
48849
47073
45321
43594
41893
40219
38572
36953
35363
33803
32275
30779
29317
27889
26498
25145
23831
22557
21325
20137
18993
17896
16847
15847
14898
14001
13158
12369
11637
10961
10344
9785.9
9287.8
8850.4
8474.4
8160.4
7908.6
7719.3
7592.6
7528.4
7526.5
7586.4
7707.5
7889.2
8130.5
8430.2
8787.1
9199.7
9666.2
10185
10754
11371
12033
12738
13483
14266
15083
15931
16806
17706
18626
19564
20514
21474
22438
23404
24367
25323
26268
27198
28108
28995
29854
30682
31475
32228
32939
33604
34219
34781
35287
35736
36123
36446
36705
36896
37019
37072
37055
36966
36807
36577
36276
35906
35468
34963
34395
33765
33077
32333
31538
30697
29813
28891
27938
26959
25961
24949
23932
22917
21911
20923
19961
19034
18151
17322
16555
15862
15253
14736
14324
14027
13855
13819
13931
14201
14640
15260
16070
17083
18308
19756
21438
23365
25545
27988
30705
33703
36993
40582
44478
48689
53221
58082
63277
68812
74691
80920
87501
94438
1.0173e+05
1.0939e+05
1.174e+05
1.2578e+05
1.3452e+05
1.4362e+05
1.5308e+05
1.6289e+05
1.7306e+05
1.8357e+05
1.9443e+05
2.0562e+05
2.1715e+05
2.29e+05
2.4117e+05
2.5365e+05
2.6643e+05
2.795e+05
2.9284e+05
3.0646e+05
3.2033e+05
3.3444e+05
3.4878e+05
3.6334e+05
3.781e+05
3.9305e+05
4.0816e+05
4.2344e+05
4.3885e+05
4.5438e+05
4.7001e+05
4.8573e+05
5.0152e+05
5.1735e+05
5.3322e+05
5.4909e+05
5.6496e+05
5.808e+05
5.9659e+05
6.1231e+05
6.2794e+05
6.4347e+05
6.5887e+05
6.7412e+05
6.892e+05
7.041e+05
7.1879e+05
7.3325e+05
7.4747e+05
7.6142e+05
7.751e+05
7.8847e+05
8.0152e+05
8.1424e+05
8.266e+05
8.3859e+05
8.502e+05
8.6141e+05
8.722e+05
8.8256e+05
8.9247e+05
9.0193e+05
9.1092e+05
9.1943e+05
9.2745e+05
9.3497e+05
9.4197e+05
9.4846e+05
9.5441e+05
9.5983e+05
9.6471e+05
9.6905e+05
9.7283e+05
9.7605e+05
9.7872e+05
9.8083e+05
9.8237e+05
9.8336e+05
9.8378e+05
9.8364e+05
9.8294e+05
9.8168e+05
9.7987e+05
9.7752e+05
9.7462e+05
9.7118e+05
9.6722e+05
9.6273e+05
9.5772e+05
9.5221e+05
9.462e+05
9.3971e+05
9.3274e+05
9.253e+05
9.1741e+05
9.0908e+05
9.0033e+05
8.9116e+05
8.8159e+05
8.7163e+05
8.613e+05
8.5062e+05
8.396e+05
8.2825e+05
8.1659e+05
8.0464e+05
7.9241e+05
7.7993e+05
7.672e+05
7.5424e+05
7.4108e+05
7.2772e+05
7.142e+05
7.0051e+05
6.8668e+05
6.7273e+05
6.5867e+05
6.4453e+05
6.303e+05
6.1603e+05
6.0171e+05
5.8737e+05
5.7302e+05
5.5867e+05
5.4435e+05
5.3006e+05
5.1583e+05
5.0166e+05
4.8757e+05
4.7358e+05
4.5968e+05
4.4591e+05
4.3227e+05
4.1877e+05
4.0542e+05
3.9223e+05
3.7922e+05
3.664e+05
3.5376e+05
3.4133e+05
3.2911e+05
3.171e+05
3.0532e+05
2.9377e+05
2.8246e+05
2.7139e+05
2.6057e+05
2.5001e+05
2.397e+05
2.2965e+05
2.1986e+05
2.1034e+05
2.0109e+05
1.9211e+05
1.8339e+05
1.7495e+05
1.6679e+05
1.5889e+05
1.5127e+05
1.4391e+05
1.3683e+05
1.3001e+05
1.2346e+05
1.1716e+05
1.1113e+05
1.0536e+05
99834
94561
89532
84744
80193
75872
71778
67905
64247
60800
57557
54513
51661
48996
46511
44201
42058
40077
38251
36574
35039
33641
32372
31226
30198
29281
28468
27754
27133
26599
26146
25769
25462
25219
25035
24906
24825
24789
24793
24832
24901
24998
25116
25254
25406
25570
25743
25920
26099
26278
26453
26623
26784
26936
27075
27200
27309
27402
27476
27530
27564
27577
27567
27534
27478
27399
27295
27168
27017
26841
26642
26420
26174
25906
25616
25304
24972
24619
24247
23857
23449
23025
22585
22131
21663
21182
20690
20188
19676
19156
18630
18097
17559
17018
16474
15928
15381
14835
14290
13748
13209
12674
12144
11620
11102
10592
10090
9596.1
9111.9
8637.6
8173.7
7720.7
7279.1
6849.1
6431.2
6025.7
5632.8
5252.6
4885.5
4531.4
4190.4
3862.6
3547.9
3246.2
2957.6
2681.7
2418.4
2167.6
1928.9
1702
1486.7
1282.6
1089.2
906.22
733.17
569.59
414.99
268.88
130.73
0
