9.8378e+05
9.7931e+05
9.7477e+05
9.7015e+05
9.6546e+05
9.6071e+05
9.5588e+05
9.5098e+05
9.4602e+05
9.41e+05
9.3591e+05
9.3075e+05
9.2554e+05
9.2027e+05
9.1493e+05
9.0954e+05
9.041e+05
8.986e+05
8.9305e+05
8.8745e+05
8.8179e+05
8.7609e+05
8.7034e+05
8.6455e+05
8.5871e+05
8.5282e+05
8.469e+05
8.4093e+05
8.3492e+05
8.2888e+05
8.228e+05
8.1668e+05
8.1053e+05
8.0435e+05
7.9814e+05
7.9189e+05
7.8562e+05
7.7932e+05
7.7299e+05
7.6664e+05
7.6027e+05
7.5387e+05
7.4745e+05
7.4101e+05
7.3455e+05
7.2808e+05
7.2159e+05
7.1508e+05
7.0856e+05
7.0203e+05
6.9549e+05
6.8893e+05
6.8237e+05
6.758e+05
6.6922e+05
6.6264e+05
6.5606e+05
6.4947e+05
6.4287e+05
6.3628e+05
6.2969e+05
6.231e+05
6.1651e+05
6.0992e+05
6.0334e+05
5.9677e+05
5.902e+05
5.8364e+05
5.7708e+05
5.7054e+05
5.6401e+05
5.5749e+05
5.5098e+05
5.4449e+05
5.3801e+05
5.3154e+05
5.2509e+05
5.1866e+05
5.1225e+05
5.0586e+05
4.9948e+05
4.9313e+05
4.868e+05
4.8049e+05
4.7421e+05
4.6795e+05
4.6172e+05
4.5551e+05
4.4932e+05
4.4317e+05
4.3704e+05
4.3095e+05
4.2488e+05
4.1884e+05
4.1284e+05
4.0686e+05
4.0092e+05
3.9501e+05
3.8914e+05
3.833e+05
3.775e+05
3.7173e+05
3.66e+05
3.603e+05
3.5464e+05
3.4903e+05
3.4345e+05
3.3791e+05
3.3241e+05
3.2695e+05
3.2153e+05
3.1615e+05
3.1082e+05
3.0553e+05
3.0028e+05
2.9507e+05
2.8991e+05
2.848e+05
2.7972e+05
2.747e+05
2.6972e+05
2.6478e+05
2.5989e+05
2.5505e+05
2.5026e+05
2.4551e+05
2.4081e+05
2.3616e+05
2.3156e+05
2.2701e+05
2.225e+05
2.1805e+05
2.1364e+05
2.0929e+05
2.0498e+05
2.0073e+05
1.9653e+05
1.9237e+05
1.8827e+05
1.8422e+05
1.8022e+05
1.7628e+05
1.7238e+05
1.6854e+05
1.6475e+05
1.6101e+05
1.5732e+05
1.5369e+05
1.5011e+05
1.4658e+05
1.431e+05
1.3968e+05
1.3631e+05
1.3299e+05
1.2973e+05
1.2652e+05
1.2336e+05
1.2026e+05
1.1721e+05
1.1421e+05
1.1127e+05
1.0837e+05
1.0554e+05
1.0275e+05
1.0002e+05
97339
94713
92140
89619
87152
84737
82374
80064
77807
75601
73448
71347
69297
67300
65354
63459
61615
59823
58081
56390
54750
53160
51620
50129
48689
47298
45956
44663
43419
42223
41075
39976
38924
37920
36962
36052
35188
34371
33599
32873
32193
31558
30967
30422
29920
29462
29048
28676
28348
28062
27818
27617
27456
27337
27258
27220
27222
27264
27345
27465
27623
27820
28054
28326
28635
28981
29362
29780
30233
30722
31245
31802
32393
33018
33675
34366
35088
35843
36629
37446
38293
39171
40079
41015
41981
42976
43998
45049
46126
47231
48361
49518
50701
51908
53141
54397
55678
56982
58309
59659
61031
62425
63840
65276
66732
68209
69705
71221
72755
74308
75879
77467
79073
80695
82333
83988
85658
87343
89043
90757
92484
94226
95980
97747
99526
1.0132e+05
1.0312e+05
1.0493e+05
1.0676e+05
1.0859e+05
1.1043e+05
1.1229e+05
1.1415e+05
1.1602e+05
1.179e+05
1.1979e+05
1.2168e+05
1.2359e+05
1.2549e+05
1.2741e+05
1.2933e+05
1.3126e+05
1.3319e+05
1.3512e+05
1.3707e+05
1.3901e+05
1.4096e+05
1.4291e+05
1.4487e+05
1.4682e+05
1.4878e+05
1.5075e+05
1.5271e+05
1.5468e+05
1.5664e+05
1.5861e+05
1.6057e+05
1.6254e+05
1.6451e+05
1.6647e+05
1.6844e+05
1.704e+05
1.7236e+05
1.7432e+05
1.7628e+05
1.7823e+05
1.8018e+05
1.8213e+05
1.8407e+05
1.8601e+05
1.8795e+05
1.8988e+05
1.918e+05
1.9372e+05
1.9564e+05
1.9755e+05
1.9945e+05
2.0135e+05
2.0324e+05
2.0512e+05
2.07e+05
2.0887e+05
2.1073e+05
2.1259e+05
2.1443e+05
2.1627e+05
2.1809e+05
2.1991e+05
2.2172e+05
2.2352e+05
2.2531e+05
2.2709e+05
2.2886e+05
2.3062e+05
2.3237e+05
2.3411e+05
2.3584e+05
2.3755e+05
2.3926e+05
2.4095e+05
2.4263e+05
2.443e+05
2.4595e+05
2.4759e+05
2.4922e+05
2.5084e+05
2.5244e+05
2.5403e+05
2.5561e+05
2.5717e+05
2.5872e+05
2.6025e+05
2.6177e+05
2.6328e+05
2.6477e+05
2.6625e+05
2.6771e+05
2.6915e+05
2.7058e+05
2.72e+05
2.7339e+05
2.7478e+05
2.7614e+05
2.775e+05
2.7883e+05
2.8015e+05
2.8145e+05
2.8273e+05
2.84e+05
2.8525e+05
2.8649e+05
2.877e+05
2.889e+05
2.9009e+05
2.9125e+05
2.924e+05
2.9353e+05
2.9464e+05
2.9573e+05
2.9681e+05
2.9787e+05
2.9891e+05
2.9993e+05
3.0093e+05
3.0191e+05
3.0288e+05
3.0383e+05
3.0475e+05
3.0566e+05
3.0656e+05
3.0743e+05
3.0828e+05
3.0912e+05
3.0993e+05
3.1073e+05
3.115e+05
3.1226e+05
3.13e+05
3.1372e+05
3.1442e+05
3.151e+05
3.1576e+05
3.164e+05
3.1703e+05
3.1763e+05
3.1821e+05
3.1878e+05
3.1932e+05
3.1985e+05
3.2035e+05
3.2084e+05
3.213e+05
3.2175e+05
3.2218e+05
3.2258e+05
3.2297e+05
3.2334e+05
3.2369e+05
3.2402e+05
3.2433e+05
3.2462e+05
3.2489e+05
3.2514e+05
3.2537e+05
3.2559e+05
3.2578e+05
3.2595e+05
3.2611e+05
3.2624e+05
3.2636e+05
3.2646e+05
3.2653e+05
3.2659e+05
3.2663e+05
3.2665e+05
3.2665e+05
3.2663e+05
3.266e+05
3.2654e+05
3.2647e+05
3.2637e+05
3.2626e+05
3.2613e+05
3.2598e+05
3.2582e+05
3.2563e+05
3.2543e+05
3.252e+05
3.2496e+05
3.247e+05
3.2443e+05
3.2413e+05
3.2382e+05
3.2349e+05
3.2314e+05
3.2277e+05
3.2239e+05
3.2199e+05
3.2157e+05
3.2113e+05
3.2068e+05
3.2021e+05
3.1972e+05
3.1922e+05
3.187e+05
3.1816e+05
3.1761e+05
3.1703e+05
3.1645e+05
3.1584e+05
3.1522e+05
3.1459e+05
3.1394e+05
3.1327e+05
3.1258e+05
3.1189e+05
3.1117e+05
3.1044e+05
3.097e+05
3.0894e+05
3.0816e+05
3.0737e+05
3.0656e+05
3.0574e+05
3.0491e+05
3.0406e+05
3.032e+05
3.0232e+05
3.0143e+05
3.0052e+05
2.996e+05
2.9867e+05
2.9772e+05
2.9676e+05
2.9579e+05
2.948e+05
2.938e+05
2.9279e+05
2.9176e+05
2.9073e+05
2.8968e+05
2.8861e+05
2.8754e+05
2.8645e+05
2.8535e+05
2.8424e+05
2.8312e+05
2.8199e+05
2.8084e+05
2.7968e+05
2.7852e+05
2.7734e+05
2.7615e+05
2.7495e+05
2.7374e+05
2.7252e+05
2.7129e+05
2.7005e+05
2.688e+05
2.6753e+05
2.6626e+05
2.6498e+05
2.6369e+05
2.624e+05
2.6109e+05
2.5977e+05
2.5845e+05
2.5711e+05
2.5577e+05
2.5442e+05
2.5306e+05
2.517e+05
2.5032e+05
2.4894e+05
2.4755e+05
2.4615e+05
2.4475e+05
2.4334e+05
2.4192e+05
2.4049e+05
2.3906e+05
2.3762e+05
2.3618e+05
2.3473e+05
2.3327e+05
2.3181e+05
2.3034e+05
2.2886e+05
2.2738e+05
2.259e+05
2.2441e+05
2.2291e+05
2.2141e+05
2.1991e+05
2.184e+05
2.1688e+05
2.1536e+05
2.1384e+05
2.1232e+05
2.1079e+05
2.0925e+05
2.0771e+05
2.0617e+05
2.0463e+05
2.0308e+05
2.0153e+05
1.9998e+05
1.9842e+05
1.9686e+05
1.953e+05
1.9374e+05
1.9217e+05
1.906e+05
1.8903e+05
1.8746e+05
1.8589e+05
1.8431e+05
1.8274e+05
1.8116e+05
1.7958e+05
1.78e+05
1.7642e+05
1.7484e+05
1.7326e+05
1.7168e+05
1.701e+05
1.6852e+05
1.6694e+05
1.6535e+05
1.6377e+05
1.6219e+05
1.6061e+05
1.5903e+05
1.5745e+05
1.5587e+05
1.543e+05
1.5272e+05
1.5115e+05
1.4957e+05
1.48e+05
1.4643e+05
1.4486e+05
1.433e+05
1.4173e+05
1.4017e+05
1.3861e+05
1.3705e+05
1.3549e+05
1.3394e+05
1.3239e+05
1.3084e+05
1.293e+05
1.2776e+05
1.2622e+05
1.2468e+05
1.2315e+05
1.2162e+05
1.201e+05
1.1858e+05
1.1706e+05
1.1554e+05
1.1404e+05
1.1253e+05
1.1103e+05
1.0953e+05
1.0804e+05
1.0655e+05
1.0507e+05
1.0359e+05
1.0211e+05
1.0064e+05
99177
97717
96263
94813
93369
91930
90497
89069
87647
86231
84820
83415
82017
80624
79237
77857
76482
75114
73753
72398
71050
69708
68373
67044
65723
64408
63100
61800
60506
59220
57940
56668
55404
54147
52897
51654
50420
49193
47973
46761
45557
44361
43173
41992
40819
39655
38498
37350
36210
35077
33953
32838
31730
30631
29540
28457
27383
26318
25261
24212
23172
22140
21117
20103
19097
18100
17111
16131
15160
14198
13244
12300
11364
10436
9517.9
8608.3
7707.6
6815.7
5932.6
5058.5
4193.2
3336.7
2489.2
1650.6
820.83
0
