5.4297e+05
5.4857e+05
5.5402e+05
5.5932e+05
5.6446e+05
5.6944e+05
5.7426e+05
5.7892e+05
5.8341e+05
5.8774e+05
5.9189e+05
5.9588e+05
5.997e+05
6.0334e+05
6.0681e+05
6.1011e+05
6.1323e+05
6.1618e+05
6.1895e+05
6.2154e+05
6.2396e+05
6.262e+05
6.2827e+05
6.3016e+05
6.3188e+05
6.3343e+05
6.348e+05
6.36e+05
6.3703e+05
6.3789e+05
6.3859e+05
6.3911e+05
6.3948e+05
6.3968e+05
6.3972e+05
6.3961e+05
6.3934e+05
6.3891e+05
6.3834e+05
6.3762e+05
6.3675e+05
6.3574e+05
6.346e+05
6.3331e+05
6.319e+05
6.3036e+05
6.2869e+05
6.269e+05
6.25e+05
6.2298e+05
6.2085e+05
6.1861e+05
6.1627e+05
6.1384e+05
6.1131e+05
6.087e+05
6.06e+05
6.0322e+05
6.0036e+05
5.9743e+05
5.9444e+05
5.9139e+05
5.8828e+05
5.8511e+05
5.819e+05
5.7865e+05
5.7536e+05
5.7204e+05
5.6869e+05
5.6532e+05
5.6192e+05
5.5852e+05
5.5511e+05
5.5169e+05
5.4827e+05
5.4486e+05
5.4146e+05
5.3807e+05
5.3471e+05
5.3136e+05
5.2805e+05
5.2477e+05
5.2152e+05
5.1832e+05
5.1516e+05
5.1205e+05
5.09e+05
5.06e+05
5.0307e+05
5.002e+05
4.9739e+05
4.9466e+05
4.9201e+05
4.8943e+05
4.8694e+05
4.8452e+05
4.822e+05
4.7997e+05
4.7782e+05
4.7578e+05
4.7383e+05
4.7198e+05
4.7023e+05
4.6858e+05
4.6704e+05
4.656e+05
4.6427e+05
4.6305e+05
4.6194e+05
4.6094e+05
4.6004e+05
4.5927e+05
4.586e+05
4.5804e+05
4.576e+05
4.5726e+05
4.5704e+05
4.5693e+05
4.5693e+05
4.5704e+05
4.5726e+05
4.5759e+05
4.5802e+05
4.5856e+05
4.592e+05
4.5995e+05
4.6079e+05
4.6173e+05
4.6277e+05
4.639e+05
4.6512e+05
4.6644e+05
4.6783e+05
4.6932e+05
4.7088e+05
4.7252e+05
4.7424e+05
4.7603e+05
4.7789e+05
4.7982e+05
4.818e+05
4.8385e+05
4.8595e+05
4.8811e+05
4.9031e+05
4.9255e+05
4.9484e+05
4.9717e+05
4.9953e+05
5.0191e+05
5.0433e+05
5.0676e+05
5.0922e+05
5.1168e+05
5.1416e+05
5.1664e+05
5.1912e+05
5.2161e+05
5.2408e+05
5.2655e+05
5.29e+05
5.3143e+05
5.3384e+05
5.3622e+05
5.3858e+05
5.409e+05
5.4318e+05
5.4542e+05
5.4762e+05
5.4976e+05
5.5186e+05
5.539e+05
5.5588e+05
5.578e+05
5.5965e+05
5.6143e+05
5.6314e+05
5.6477e+05
5.6632e+05
5.678e+05
5.6919e+05
5.7049e+05
5.717e+05
5.7282e+05
5.7384e+05
5.7476e+05
5.7559e+05
5.7631e+05
5.7693e+05
5.7744e+05
5.7785e+05
5.7814e+05
5.7832e+05
5.7839e+05
5.7835e+05
5.7819e+05
5.7791e+05
5.7751e+05
5.7699e+05
5.7636e+05
5.756e+05
5.7472e+05
5.7371e+05
5.7258e+05
5.7133e+05
5.6996e+05
5.6846e+05
5.6684e+05
5.651e+05
5.6323e+05
5.6123e+05
5.5912e+05
5.5688e+05
5.5452e+05
5.5204e+05
5.4944e+05
5.4672e+05
5.4388e+05
5.4092e+05
5.3785e+05
5.3467e+05
5.3137e+05
5.2796e+05
5.2443e+05
5.2081e+05
5.1707e+05
5.1323e+05
5.0929e+05
5.0525e+05
5.0111e+05
4.9687e+05
4.9254e+05
4.8812e+05
4.8362e+05
4.7902e+05
4.7434e+05
4.6959e+05
4.6475e+05
4.5984e+05
4.5486e+05
4.4981e+05
4.4469e+05
4.3952e+05
4.3428e+05
4.2899e+05
4.2364e+05
4.1824e+05
4.128e+05
4.0732e+05
4.018e+05
3.9624e+05
3.9065e+05
3.8504e+05
3.794e+05
3.7373e+05
3.6806e+05
3.6236e+05
3.5666e+05
3.5096e+05
3.4525e+05
3.3954e+05
3.3385e+05
3.2816e+05
3.2248e+05
3.1682e+05
3.1119e+05
3.0558e+05
3e+05
2.9445e+05
2.8894e+05
2.8348e+05
2.7805e+05
2.7268e+05
2.6736e+05
2.6209e+05
2.5689e+05
2.5175e+05
2.4668e+05
2.4168e+05
2.3676e+05
2.3191e+05
2.2715e+05
2.2248e+05
2.1789e+05
2.134e+05
2.09e+05
2.0471e+05
2.0052e+05
1.9643e+05
1.9246e+05
1.886e+05
1.8486e+05
1.8123e+05
1.7773e+05
1.7435e+05
1.7111e+05
1.6799e+05
1.6501e+05
1.6216e+05
1.5945e+05
1.5688e+05
1.5446e+05
1.5219e+05
1.5006e+05
1.4808e+05
1.4626e+05
1.4459e+05
1.4307e+05
1.4172e+05
1.4052e+05
1.3949e+05
1.3862e+05
1.3791e+05
1.3737e+05
1.37e+05
1.3679e+05
1.3675e+05
1.3689e+05
1.3719e+05
1.3767e+05
1.3832e+05
1.3914e+05
1.4013e+05
1.413e+05
1.4264e+05
1.4416e+05
1.4585e+05
1.4771e+05
1.4975e+05
1.5196e+05
1.5434e+05
1.569e+05
1.5962e+05
1.6252e+05
1.6559e+05
1.6882e+05
1.7223e+05
1.758e+05
1.7954e+05
1.8344e+05
1.875e+05
1.9173e+05
1.9612e+05
2.0066e+05
2.0536e+05
2.1022e+05
2.1523e+05
2.2039e+05
2.2569e+05
2.3115e+05
2.3675e+05
2.4249e+05
2.4836e+05
2.5438e+05
2.6053e+05
2.6681e+05
2.7322e+05
2.7975e+05
2.8641e+05
2.9318e+05
3.0008e+05
3.0708e+05
3.142e+05
3.2142e+05
3.2875e+05
3.3618e+05
3.437e+05
3.5132e+05
3.5903e+05
3.6682e+05
3.747e+05
3.8265e+05
3.9069e+05
3.9879e+05
4.0696e+05
4.152e+05
4.235e+05
4.3185e+05
4.4026e+05
4.4871e+05
4.5721e+05
4.6575e+05
4.7433e+05
4.8294e+05
4.9159e+05
5.0025e+05
5.0894e+05
5.1765e+05
5.2637e+05
5.351e+05
5.4383e+05
5.5257e+05
5.6131e+05
5.7003e+05
5.7875e+05
5.8746e+05
5.9615e+05
6.0481e+05
6.1345e+05
6.2206e+05
6.3064e+05
6.3918e+05
6.4769e+05
6.5614e+05
6.6455e+05
6.7291e+05
6.8122e+05
6.8947e+05
6.9765e+05
7.0577e+05
7.1382e+05
7.2181e+05
7.2971e+05
7.3754e+05
7.4529e+05
7.5295e+05
7.6053e+05
7.6801e+05
7.7541e+05
7.827e+05
7.899e+05
7.97e+05
8.0399e+05
8.1088e+05
8.1766e+05
8.2432e+05
8.3088e+05
8.3731e+05
8.4363e+05
8.4983e+05
8.559e+05
8.6185e+05
8.6768e+05
8.7337e+05
8.7894e+05
8.8438e+05
8.8968e+05
8.9484e+05
8.9987e+05
9.0476e+05
9.0951e+05
9.1413e+05
9.186e+05
9.2292e+05
9.2711e+05
9.3114e+05
9.3504e+05
9.3878e+05
9.4238e+05
9.4583e+05
9.4913e+05
9.5229e+05
9.5529e+05
9.5814e+05
9.6084e+05
9.634e+05
9.658e+05
9.6805e+05
9.7015e+05
9.7209e+05
9.7389e+05
9.7554e+05
9.7703e+05
9.7838e+05
9.7957e+05
9.8062e+05
9.8151e+05
9.8226e+05
9.8286e+05
9.8331e+05
9.8361e+05
9.8377e+05
9.8378e+05
9.8364e+05
9.8336e+05
9.8294e+05
9.8238e+05
9.8167e+05
9.8083e+05
9.7984e+05
9.7872e+05
9.7746e+05
9.7607e+05
9.7454e+05
9.7287e+05
9.7108e+05
9.6915e+05
9.6709e+05
9.6491e+05
9.626e+05
9.6017e+05
9.5761e+05
9.5493e+05
9.5213e+05
9.4921e+05
9.4617e+05
9.4302e+05
9.3975e+05
9.3637e+05
9.3288e+05
9.2928e+05
9.2557e+05
9.2176e+05
9.1785e+05
9.1383e+05
9.0971e+05
9.055e+05
9.0119e+05
8.9678e+05
8.9228e+05
8.8769e+05
8.8301e+05
8.7825e+05
8.7339e+05
8.6846e+05
8.6344e+05
8.5835e+05
8.5318e+05
8.4793e+05
8.4261e+05
8.3721e+05
8.3175e+05
8.2622e+05
8.2063e+05
8.1497e+05
8.0925e+05
8.0346e+05
7.9763e+05
7.9173e+05
7.8578e+05
7.7978e+05
7.7373e+05
7.6763e+05
7.6149e+05
7.553e+05
7.4907e+05
7.428e+05
7.3649e+05
7.3015e+05
7.2377e+05
7.1736e+05
7.1092e+05
7.0445e+05
6.9795e+05
6.9143e+05
6.8489e+05
6.7832e+05
6.7174e+05
6.6514e+05
6.5852e+05
6.5189e+05
6.4525e+05
6.386e+05
6.3194e+05
6.2527e+05
6.186e+05
6.1193e+05
6.0525e+05
5.9858e+05
5.9191e+05
5.8524e+05
5.7857e+05
5.7192e+05
5.6527e+05
5.5863e+05
5.52e+05
5.4539e+05
5.3879e+05
5.3221e+05
5.2564e+05
5.191e+05
5.1257e+05
5.0607e+05
4.9959e+05
4.9313e+05
4.867e+05
4.803e+05
4.7392e+05
4.6758e+05
4.6126e+05
4.5498e+05
4.4873e+05
4.4252e+05
4.3633e+05
4.3019e+05
4.2408e+05
4.1801e+05
4.1198e+05
4.0599e+05
4.0005e+05
3.9414e+05
3.8827e+05
3.8245e+05
3.7668e+05
3.7094e+05
3.6526e+05
3.5962e+05
3.5403e+05
3.4848e+05
3.4298e+05
3.3753e+05
3.3213e+05
3.2678e+05
3.2148e+05
3.1623e+05
3.1104e+05
3.0589e+05
3.0079e+05
2.9575e+05
2.9076e+05
2.8582e+05
2.8093e+05
2.761e+05
2.7132e+05
2.6659e+05
2.6192e+05
2.573e+05
2.5273e+05
2.4822e+05
2.4376e+05
2.3935e+05
2.35e+05
2.307e+05
2.2645e+05
2.2226e+05
2.1812e+05
2.1403e+05
2.1e+05
2.0602e+05
2.0209e+05
1.9821e+05
1.9439e+05
1.9061e+05
1.8689e+05
1.8322e+05
1.796e+05
1.7603e+05
1.7251e+05
1.6904e+05
1.6562e+05
1.6225e+05
1.5893e+05
1.5566e+05
1.5243e+05
1.4926e+05
1.4613e+05
1.4304e+05
1.4001e+05
1.3701e+05
1.3407e+05
1.3117e+05
1.2831e+05
1.255e+05
1.2273e+05
1.2e+05
1.1732e+05
1.1468e+05
1.1208e+05
1.0952e+05
1.0701e+05
1.0453e+05
1.0209e+05
99695
97337
95016
92734
90489
88281
86110
83974
81874
79810
77780
75784
73822
71893
69997
68133
66301
64501
62732
60994
59286
57608
55959
54340
52749
51186
49651
48144
46664
45211
43784
42384
41009
39659
38335
37035
35759
34508
33280
32076
30895
29737
28601
27488
26396
25326
24277
23250
22243
21257
20291
19345
18419
17512
16625
15756
14907
14076
13263
12468
11691
10931
10189
9463.4
8755
8063.2
7387.9
6728.7
6085.5
5458
4846
4249.2
3667.6
3100.8
2548.7
2011
1487.4
977.92
482.18
0
