2.3864e+05
2.4146e+05
2.4429e+05
2.4715e+05
2.5001e+05
2.5289e+05
2.5578e+05
2.5868e+05
2.6158e+05
2.6449e+05
2.6741e+05
2.7034e+05
2.7326e+05
2.7619e+05
2.7912e+05
2.8205e+05
2.8497e+05
2.879e+05
2.9082e+05
2.9373e+05
2.9664e+05
2.9954e+05
3.0243e+05
3.0532e+05
3.0819e+05
3.1104e+05
3.1389e+05
3.1672e+05
3.1954e+05
3.2233e+05
3.2511e+05
3.2787e+05
3.3062e+05
3.3334e+05
3.3603e+05
3.3871e+05
3.4136e+05
3.4398e+05
3.4658e+05
3.4915e+05
3.517e+05
3.5421e+05
3.5669e+05
3.5914e+05
3.6156e+05
3.6395e+05
3.663e+05
3.6861e+05
3.7089e+05
3.7314e+05
3.7534e+05
3.7751e+05
3.7963e+05
3.8172e+05
3.8376e+05
3.8576e+05
3.8772e+05
3.8964e+05
3.9151e+05
3.9333e+05
3.9511e+05
3.9685e+05
3.9853e+05
4.0017e+05
4.0176e+05
4.0329e+05
4.0478e+05
4.0622e+05
4.0761e+05
4.0894e+05
4.1023e+05
4.1146e+05
4.1263e+05
4.1376e+05
4.1483e+05
4.1584e+05
4.168e+05
4.1771e+05
4.1856e+05
4.1935e+05
4.2009e+05
4.2077e+05
4.2139e+05
4.2196e+05
4.2247e+05
4.2292e+05
4.2332e+05
4.2366e+05
4.2394e+05
4.2416e+05
4.2433e+05
4.2444e+05
4.2449e+05
4.2449e+05
4.2443e+05
4.2431e+05
4.2414e+05
4.2391e+05
4.2362e+05
4.2328e+05
4.2288e+05
4.2243e+05
4.2192e+05
4.2136e+05
4.2075e+05
4.2008e+05
4.1936e+05
4.1859e+05
4.1776e+05
4.1689e+05
4.1596e+05
4.1499e+05
4.1396e+05
4.1289e+05
4.1177e+05
4.1061e+05
4.094e+05
4.0814e+05
4.0684e+05
4.055e+05
4.0411e+05
4.0269e+05
4.0122e+05
3.9971e+05
3.9817e+05
3.9659e+05
3.9497e+05
3.9331e+05
3.9163e+05
3.8991e+05
3.8815e+05
3.8637e+05
3.8456e+05
3.8272e+05
3.8085e+05
3.7895e+05
3.7703e+05
3.7509e+05
3.7312e+05
3.7114e+05
3.6913e+05
3.671e+05
3.6506e+05
3.63e+05
3.6092e+05
3.5883e+05
3.5673e+05
3.5461e+05
3.5249e+05
3.5036e+05
3.4821e+05
3.4607e+05
3.4391e+05
3.4175e+05
3.3959e+05
3.3743e+05
3.3526e+05
3.331e+05
3.3093e+05
3.2877e+05
3.2661e+05
3.2446e+05
3.2231e+05
3.2017e+05
3.1804e+05
3.1591e+05
3.1379e+05
3.1168e+05
3.0959e+05
3.075e+05
3.0543e+05
3.0337e+05
3.0133e+05
2.993e+05
2.9728e+05
2.9528e+05
2.933e+05
2.9133e+05
2.8938e+05
2.8745e+05
2.8554e+05
2.8365e+05
2.8178e+05
2.7992e+05
2.7809e+05
2.7627e+05
2.7448e+05
2.7271e+05
2.7095e+05
2.6922e+05
2.6751e+05
2.6582e+05
2.6415e+05
2.625e+05
2.6087e+05
2.5926e+05
2.5767e+05
2.5611e+05
2.5456e+05
2.5303e+05
2.5151e+05
2.5002e+05
2.4855e+05
2.4709e+05
2.4565e+05
2.4422e+05
2.4282e+05
2.4142e+05
2.4005e+05
2.3868e+05
2.3733e+05
2.3599e+05
2.3466e+05
2.3335e+05
2.3204e+05
2.3074e+05
2.2946e+05
2.2818e+05
2.269e+05
2.2563e+05
2.2437e+05
2.2311e+05
2.2185e+05
2.2059e+05
2.1934e+05
2.1808e+05
2.1682e+05
2.1556e+05
2.143e+05
2.1303e+05
2.1175e+05
2.1047e+05
2.0919e+05
2.0789e+05
2.0658e+05
2.0526e+05
2.0393e+05
2.0259e+05
2.0123e+05
1.9986e+05
1.9847e+05
1.9707e+05
1.9565e+05
1.9421e+05
1.9274e+05
1.9126e+05
1.8976e+05
1.8824e+05
1.8669e+05
1.8512e+05
1.8352e+05
1.819e+05
1.8025e+05
1.7858e+05
1.7688e+05
1.7515e+05
1.734e+05
1.7161e+05
1.698e+05
1.6796e+05
1.6609e+05
1.6419e+05
1.6225e+05
1.6029e+05
1.583e+05
1.5628e+05
1.5423e+05
1.5215e+05
1.5004e+05
1.479e+05
1.4573e+05
1.4353e+05
1.413e+05
1.3904e+05
1.3676e+05
1.3444e+05
1.321e+05
1.2974e+05
1.2735e+05
1.2494e+05
1.225e+05
1.2004e+05
1.1756e+05
1.1505e+05
1.1253e+05
1.0999e+05
1.0743e+05
1.0486e+05
1.0228e+05
99677
97066
94446
91818
89184
86545
83904
81262
78621
75983
73350
70724
68108
65503
62912
60337
57781
55245
52733
50246
47787
45359
42964
40605
38285
36005
33769
31580
29440
27352
25318
23342
21426
19573
17786
16067
14420
12847
11351
9934.3
8600.4
7351.8
6191.3
5121.5
4145.2
3265.1
2483.8
1804
1228.3
759.24
399.42
151.3
17.354
0
101.61
324.5
670.96
1143.2
1743.4
2473.6
3335.9
4332.3
5464.7
6734.9
8144.7
9695.8
11390
13228
15213
17345
19626
22056
24638
27371
30258
33299
36494
39845
43352
47015
50836
54813
58948
63240
67690
72298
77062
81983
87061
92294
97683
1.0323e+05
1.0892e+05
1.1477e+05
1.2077e+05
1.2693e+05
1.3323e+05
1.3968e+05
1.4627e+05
1.5301e+05
1.599e+05
1.6692e+05
1.7408e+05
1.8138e+05
1.8882e+05
1.9639e+05
2.0409e+05
2.1192e+05
2.1987e+05
2.2795e+05
2.3615e+05
2.4446e+05
2.5289e+05
2.6143e+05
2.7008e+05
2.7884e+05
2.8769e+05
2.9665e+05
3.057e+05
3.1485e+05
3.2408e+05
3.3339e+05
3.4279e+05
3.5227e+05
3.6181e+05
3.7143e+05
3.8111e+05
3.9086e+05
4.0066e+05
4.1051e+05
4.2041e+05
4.3036e+05
4.4035e+05
4.5037e+05
4.6042e+05
4.705e+05
4.806e+05
4.9072e+05
5.0085e+05
5.1099e+05
5.2113e+05
5.3128e+05
5.4141e+05
5.5154e+05
5.6165e+05
5.7174e+05
5.8181e+05
5.9185e+05
6.0185e+05
6.1182e+05
6.2174e+05
6.3161e+05
6.4143e+05
6.5119e+05
6.6089e+05
6.7053e+05
6.8009e+05
6.8957e+05
6.9897e+05
7.0829e+05
7.1752e+05
7.2665e+05
7.3569e+05
7.4462e+05
7.5345e+05
7.6216e+05
7.7075e+05
7.7923e+05
7.8758e+05
7.958e+05
8.0389e+05
8.1185e+05
8.1966e+05
8.2733e+05
8.3485e+05
8.4222e+05
8.4944e+05
8.5649e+05
8.6339e+05
8.7012e+05
8.7668e+05
8.8307e+05
8.8928e+05
8.9532e+05
9.0118e+05
9.0685e+05
9.1234e+05
9.1764e+05
9.2275e+05
9.2767e+05
9.3239e+05
9.3692e+05
9.4124e+05
9.4537e+05
9.4929e+05
9.53e+05
9.5651e+05
9.5982e+05
9.6291e+05
9.6579e+05
9.6846e+05
9.7092e+05
9.7317e+05
9.752e+05
9.7702e+05
9.7862e+05
9.8e+05
9.8117e+05
9.8213e+05
9.8286e+05
9.8338e+05
9.8369e+05
9.8378e+05
9.8365e+05
9.8331e+05
9.8275e+05
9.8198e+05
9.81e+05
9.7981e+05
9.784e+05
9.7679e+05
9.7496e+05
9.7293e+05
9.707e+05
9.6826e+05
9.6562e+05
9.6277e+05
9.5973e+05
9.565e+05
9.5306e+05
9.4944e+05
9.4562e+05
9.4162e+05
9.3744e+05
9.3307e+05
9.2852e+05
9.2379e+05
9.1889e+05
9.1381e+05
9.0857e+05
9.0316e+05
8.9759e+05
8.9186e+05
8.8597e+05
8.7993e+05
8.7374e+05
8.6741e+05
8.6093e+05
8.5431e+05
8.4755e+05
8.4067e+05
8.3365e+05
8.2651e+05
8.1925e+05
8.1187e+05
8.0438e+05
7.9678e+05
7.8907e+05
7.8126e+05
7.7336e+05
7.6536e+05
7.5727e+05
7.4909e+05
7.4083e+05
7.325e+05
7.2409e+05
7.1561e+05
7.0706e+05
6.9845e+05
6.8979e+05
6.8107e+05
6.723e+05
6.6349e+05
6.5464e+05
6.4575e+05
6.3682e+05
6.2787e+05
6.1889e+05
6.0989e+05
6.0087e+05
5.9184e+05
5.8279e+05
5.7374e+05
5.6469e+05
5.5565e+05
5.466e+05
5.3757e+05
5.2855e+05
5.1954e+05
5.1055e+05
5.0159e+05
4.9265e+05
4.8375e+05
4.7488e+05
4.6604e+05
4.5724e+05
4.4849e+05
4.3978e+05
4.3113e+05
4.2252e+05
4.1397e+05
4.0548e+05
3.9705e+05
3.8868e+05
3.8038e+05
3.7215e+05
3.6398e+05
3.559e+05
3.4789e+05
3.3995e+05
3.321e+05
3.2433e+05
3.1665e+05
3.0905e+05
3.0154e+05
2.9412e+05
2.8679e+05
2.7956e+05
2.7243e+05
2.6539e+05
2.5845e+05
2.5161e+05
2.4487e+05
2.3824e+05
2.317e+05
2.2528e+05
2.1896e+05
2.1274e+05
2.0664e+05
2.0064e+05
1.9475e+05
1.8897e+05
1.833e+05
1.7774e+05
1.723e+05
1.6696e+05
1.6174e+05
1.5663e+05
1.5163e+05
1.4674e+05
1.4196e+05
1.373e+05
1.3275e+05
1.2831e+05
1.2398e+05
1.1976e+05
1.1565e+05
1.1165e+05
1.0776e+05
1.0398e+05
1.0031e+05
96747
93289
89937
86689
83546
80505
77566
74728
71990
69351
66808
64362
62010
59752
57586
55511
53525
51627
49815
48088
46444
44881
43399
41995
40667
39415
38236
37129
36092
35123
34221
33383
32609
31896
31242
30646
30106
29620
29186
28803
28469
28182
27941
27743
27587
27471
27393
27352
27346
27373
27432
27520
27637
27781
27950
28142
28356
28590
28844
29115
29401
29703
30017
30343
30679
31024
31377
31736
32100
32469
32839
33212
33585
33957
34328
34695
35059
35418
35772
36119
36458
36790
37112
37424
37726
38016
38295
38561
38813
39052
39277
39486
39681
39860
40022
40168
40297
40409
40503
40580
40639
40679
