79182
82135
85167
88276
91459
94710
98027
1.0141e+05
1.0484e+05
1.0833e+05
1.1187e+05
1.1546e+05
1.1909e+05
1.2275e+05
1.2645e+05
1.3017e+05
1.3392e+05
1.3768e+05
1.4147e+05
1.4526e+05
1.4905e+05
1.5285e+05
1.5664e+05
1.6043e+05
1.642e+05
1.6796e+05
1.7169e+05
1.754e+05
1.7908e+05
1.8273e+05
1.8634e+05
1.8991e+05
1.9343e+05
1.969e+05
2.0032e+05
2.0368e+05
2.0699e+05
2.1023e+05
2.1341e+05
2.1652e+05
2.1956e+05
2.2252e+05
2.2541e+05
2.2822e+05
2.3095e+05
2.3359e+05
2.3616e+05
2.3863e+05
2.4102e+05
2.4332e+05
2.4554e+05
2.4766e+05
2.4969e+05
2.5163e+05
2.5348e+05
2.5524e+05
2.569e+05
2.5847e+05
2.5995e+05
2.6135e+05
2.6265e+05
2.6386e+05
2.6498e+05
2.6602e+05
2.6697e+05
2.6783e+05
2.6861e+05
2.6931e+05
2.6993e+05
2.7048e+05
2.7094e+05
2.7134e+05
2.7166e+05
2.7191e+05
2.7209e+05
2.7222e+05
2.7227e+05
2.7227e+05
2.7222e+05
2.7211e+05
2.7194e+05
2.7173e+05
2.7148e+05
2.7118e+05
2.7084e+05
2.7046e+05
2.7005e+05
2.696e+05
2.6913e+05
2.6863e+05
2.6811e+05
2.6756e+05
2.67e+05
2.6642e+05
2.6583e+05
2.6523e+05
2.6462e+05
2.6401e+05
2.6339e+05
2.6277e+05
2.6216e+05
2.6154e+05
2.6093e+05
2.6033e+05
2.5974e+05
2.5916e+05
2.5859e+05
2.5803e+05
2.5749e+05
2.5697e+05
2.5646e+05
2.5597e+05
2.555e+05
2.5506e+05
2.5463e+05
2.5423e+05
2.5385e+05
2.5349e+05
2.5316e+05
2.5285e+05
2.5257e+05
2.5231e+05
2.5207e+05
2.5186e+05
2.5167e+05
2.5151e+05
2.5137e+05
2.5126e+05
2.5116e+05
2.5109e+05
2.5104e+05
2.5101e+05
2.51e+05
2.5101e+05
2.5104e+05
2.5108e+05
2.5114e+05
2.5121e+05
2.513e+05
2.514e+05
2.5152e+05
2.5164e+05
2.5177e+05
2.5191e+05
2.5206e+05
2.5221e+05
2.5236e+05
2.5252e+05
2.5268e+05
2.5283e+05
2.5299e+05
2.5314e+05
2.5329e+05
2.5343e+05
2.5357e+05
2.5369e+05
2.5381e+05
2.5391e+05
2.5401e+05
2.5409e+05
2.5415e+05
2.542e+05
2.5423e+05
2.5424e+05
2.5423e+05
2.5421e+05
2.5416e+05
2.5408e+05
2.5399e+05
2.5386e+05
2.5372e+05
2.5354e+05
2.5334e+05
2.5311e+05
2.5285e+05
2.5256e+05
2.5224e+05
2.5189e+05
2.515e+05
2.5109e+05
2.5063e+05
2.5015e+05
2.4963e+05
2.4908e+05
2.4849e+05
2.4786e+05
2.472e+05
2.465e+05
2.4577e+05
2.4499e+05
2.4418e+05
2.4333e+05
2.4244e+05
2.4152e+05
2.4055e+05
2.3955e+05
2.3851e+05
2.3742e+05
2.363e+05
2.3514e+05
2.3394e+05
2.327e+05
2.3142e+05
2.301e+05
2.2874e+05
2.2734e+05
2.2591e+05
2.2443e+05
2.2291e+05
2.2136e+05
2.1977e+05
2.1813e+05
2.1646e+05
2.1476e+05
2.1301e+05
2.1123e+05
2.0941e+05
2.0755e+05
2.0566e+05
2.0373e+05
2.0176e+05
1.9976e+05
1.9773e+05
1.9566e+05
1.9356e+05
1.9143e+05
1.8927e+05
1.8707e+05
1.8485e+05
1.8259e+05
1.8031e+05
1.78e+05
1.7567e+05
1.7331e+05
1.7092e+05
1.6851e+05
1.6608e+05
1.6363e+05
1.6116e+05
1.5867e+05
1.5617e+05
1.5364e+05
1.5111e+05
1.4856e+05
1.46e+05
1.4343e+05
1.4086e+05
1.3828e+05
1.3569e+05
1.331e+05
1.3051e+05
1.2792e+05
1.2533e+05
1.2275e+05
1.2018e+05
1.1761e+05
1.1505e+05
1.1251e+05
1.0998e+05
1.0746e+05
1.0497e+05
1.0249e+05
1.0004e+05
97611
95207
92832
90488
88175
85896
83653
81447
79281
77156
75075
73037
71046
69103
67209
65366
63575
61837
60154
58526
56955
55441
53986
52589
51253
49976
48760
47604
46510
45476
44503
43591
42740
41948
41215
40541
39925
39366
38862
38413
38017
37672
37378
37133
36934
36780
36668
36598
36565
36569
36607
36676
36774
36898
37045
37213
37398
37599
37812
38034
38262
38493
38725
38954
39177
39392
39595
39784
39956
40108
40238
40342
40419
40465
40479
40459
40401
40305
40168
39989
39765
39497
39182
38820
38410
37951
37443
36885
36277
35621
34915
34161
33360
32513
31621
30686
29709
28693
27640
26553
25435
24288
23117
21923
20713
19488
18255
17017
15779
14545
13323
12115
10929
9770.3
8644.3
7557.4
6516
5526.5
4595.6
3729.9
2936.4
2222.1
1594
1059.2
625.18
299.04
88.195
0
41.85
221.13
545.23
1021.5
1657.2
2459.6
3435.9
4593.2
5938.3
7478.2
9219.6
11169
13333
15717
18328
21171
24253
27577
31150
34975
39059
43404
48014
52893
58045
63472
69177
75161
81427
87975
94807
1.0192e+05
1.0932e+05
1.1701e+05
1.2498e+05
1.3323e+05
1.4176e+05
1.5057e+05
1.5966e+05
1.6902e+05
1.7865e+05
1.8854e+05
1.987e+05
2.0911e+05
2.1978e+05
2.3069e+05
2.4185e+05
2.5324e+05
2.6485e+05
2.7669e+05
2.8874e+05
3.0099e+05
3.1344e+05
3.2607e+05
3.3888e+05
3.5186e+05
3.65e+05
3.7829e+05
3.9171e+05
4.0527e+05
4.1893e+05
4.327e+05
4.4656e+05
4.605e+05
4.7451e+05
4.8858e+05
5.0268e+05
5.1682e+05
5.3097e+05
5.4513e+05
5.5927e+05
5.7339e+05
5.8748e+05
6.0151e+05
6.1548e+05
6.2938e+05
6.4318e+05
6.5687e+05
6.7045e+05
6.839e+05
6.9719e+05
7.1033e+05
7.233e+05
7.3608e+05
7.4866e+05
7.6103e+05
7.7318e+05
7.8509e+05
7.9675e+05
8.0814e+05
8.1927e+05
8.3011e+05
8.4066e+05
8.509e+05
8.6082e+05
8.7042e+05
8.7968e+05
8.8859e+05
8.9715e+05
9.0534e+05
9.1317e+05
9.2061e+05
9.2767e+05
9.3433e+05
9.4059e+05
9.4645e+05
9.5189e+05
9.5692e+05
9.6152e+05
9.6571e+05
9.6946e+05
9.7278e+05
9.7566e+05
9.7811e+05
9.8012e+05
9.817e+05
9.8283e+05
9.8352e+05
9.8378e+05
9.8359e+05
9.8297e+05
9.8192e+05
9.8044e+05
9.7852e+05
9.7618e+05
9.7342e+05
9.7024e+05
9.6665e+05
9.6266e+05
9.5826e+05
9.5347e+05
9.4829e+05
9.4273e+05
9.3679e+05
9.3049e+05
9.2383e+05
9.1682e+05
9.0947e+05
9.0179e+05
8.9378e+05
8.8547e+05
8.7685e+05
8.6794e+05
8.5875e+05
8.4928e+05
8.3956e+05
8.2958e+05
8.1937e+05
8.0893e+05
7.9828e+05
7.8742e+05
7.7637e+05
7.6515e+05
7.5375e+05
7.422e+05
7.305e+05
7.1868e+05
7.0673e+05
6.9467e+05
6.8252e+05
6.7029e+05
6.5798e+05
6.4561e+05
6.3319e+05
6.2074e+05
6.0826e+05
5.9576e+05
5.8326e+05
5.7077e+05
5.5829e+05
5.4584e+05
5.3344e+05
5.2108e+05
5.0878e+05
4.9654e+05
4.8439e+05
4.7232e+05
4.6035e+05
4.4848e+05
4.3672e+05
4.2509e+05
4.1358e+05
4.0221e+05
3.9098e+05
3.799e+05
3.6897e+05
3.5821e+05
3.4761e+05
3.3718e+05
3.2694e+05
3.1688e+05
3.07e+05
2.9731e+05
2.8782e+05
2.7853e+05
2.6944e+05
2.6056e+05
2.5188e+05
2.4341e+05
2.3515e+05
2.2711e+05
2.1927e+05
2.1165e+05
2.0425e+05
1.9706e+05
1.9009e+05
1.8333e+05
1.7679e+05
1.7046e+05
1.6435e+05
1.5844e+05
1.5275e+05
1.4726e+05
1.4198e+05
1.3691e+05
1.3203e+05
1.2736e+05
1.2288e+05
1.1859e+05
1.145e+05
1.1059e+05
1.0686e+05
1.0332e+05
99948
96750
93720
90853
88147
85596
83196
80942
78831
76858
75018
73307
71719
70251
68898
67655
66517
65480
64540
63692
62931
62253
61653
61128
60673
60283
59955
59684
59467
59300
59178
59099
59058
59052
59078
59133
59212
59314
59435
59572
59723
59885
60055
60231
60411
60593
60774
60953
61128
61297
61458
61611
61753
61883
62001
62105
62194
62267
62324
62364
62385
62389
62374
62340
62286
62213
62120
62007
61875
61723
61552
61361
61150
60921
60674
60408
60124
59823
59505
59171
58821
58455
58075
57680
57272
56851
56418
55973
55516
55050
54573
54088
53593
53091
52582
52066
51545
51018
50486
49949
49410
48867
48321
47774
47225
46675
46125
45574
45024
44475
43926
43379
42835
42292
41752
41214
40680
40149
39622
39099
38579
38064
37554
37048
36546
36050
35558
35072
