7.5512e+05
7.576e+05
7.6009e+05
7.626e+05
7.6513e+05
7.677e+05
7.703e+05
7.7296e+05
7.7566e+05
7.7842e+05
7.8124e+05
7.8412e+05
7.8707e+05
7.9008e+05
7.9316e+05
7.9632e+05
7.9954e+05
8.0284e+05
8.062e+05
8.0964e+05
8.1314e+05
8.167e+05
8.2033e+05
8.2402e+05
8.2776e+05
8.3156e+05
8.354e+05
8.3929e+05
8.4322e+05
8.4718e+05
8.5117e+05
8.5518e+05
8.5921e+05
8.6326e+05
8.6731e+05
8.7136e+05
8.7541e+05
8.7945e+05
8.8347e+05
8.8747e+05
8.9144e+05
8.9537e+05
8.9927e+05
9.0313e+05
9.0693e+05
9.1068e+05
9.1437e+05
9.1799e+05
9.2155e+05
9.2503e+05
9.2844e+05
9.3176e+05
9.35e+05
9.3815e+05
9.412e+05
9.4417e+05
9.4703e+05
9.498e+05
9.5246e+05
9.5502e+05
9.5747e+05
9.5982e+05
9.6206e+05
9.6419e+05
9.662e+05
9.6811e+05
9.6991e+05
9.7159e+05
9.7316e+05
9.7462e+05
9.7597e+05
9.7721e+05
9.7834e+05
9.7936e+05
9.8027e+05
9.8108e+05
9.8177e+05
9.8236e+05
9.8285e+05
9.8323e+05
9.8351e+05
9.837e+05
9.8378e+05
9.8376e+05
9.8365e+05
9.8344e+05
9.8314e+05
9.8274e+05
9.8226e+05
9.8169e+05
9.8102e+05
9.8027e+05
9.7944e+05
9.7852e+05
9.7752e+05
9.7643e+05
9.7526e+05
9.7402e+05
9.7269e+05
9.7129e+05
9.6981e+05
9.6825e+05
9.6662e+05
9.6491e+05
9.6313e+05
9.6127e+05
9.5934e+05
9.5734e+05
9.5527e+05
9.5312e+05
9.5091e+05
9.4862e+05
9.4627e+05
9.4384e+05
9.4135e+05
9.3878e+05
9.3615e+05
9.3345e+05
9.3069e+05
9.2785e+05
9.2496e+05
9.2199e+05
9.1896e+05
9.1586e+05
9.1271e+05
9.0948e+05
9.062e+05
9.0285e+05
8.9944e+05
8.9597e+05
8.9244e+05
8.8885e+05
8.8521e+05
8.815e+05
8.7775e+05
8.7393e+05
8.7006e+05
8.6614e+05
8.6217e+05
8.5815e+05
8.5409e+05
8.4997e+05
8.4581e+05
8.4161e+05
8.3736e+05
8.3307e+05
8.2875e+05
8.2438e+05
8.1999e+05
8.1556e+05
8.1109e+05
8.066e+05
8.0208e+05
7.9754e+05
7.9297e+05
7.8838e+05
7.8377e+05
7.7915e+05
7.7451e+05
7.6985e+05
7.6519e+05
7.6051e+05
7.5584e+05
7.5115e+05
7.4647e+05
7.4178e+05
7.371e+05
7.3242e+05
7.2775e+05
7.2309e+05
7.1844e+05
7.138e+05
7.0918e+05
7.0457e+05
6.9999e+05
6.9542e+05
6.9089e+05
6.8637e+05
6.8189e+05
6.7743e+05
6.73e+05
6.6861e+05
6.6426e+05
6.5994e+05
6.5566e+05
6.5142e+05
6.4722e+05
6.4307e+05
6.3897e+05
6.3491e+05
6.309e+05
6.2694e+05
6.2303e+05
6.1918e+05
6.1538e+05
6.1164e+05
6.0796e+05
6.0434e+05
6.0077e+05
5.9727e+05
5.9383e+05
5.9046e+05
5.8715e+05
5.8391e+05
5.8073e+05
5.7762e+05
5.7458e+05
5.7161e+05
5.6872e+05
5.6589e+05
5.6314e+05
5.6046e+05
5.5786e+05
5.5533e+05
5.5287e+05
5.5049e+05
5.4819e+05
5.4597e+05
5.4382e+05
5.4176e+05
5.3977e+05
5.3786e+05
5.3603e+05
5.3427e+05
5.326e+05
5.3101e+05
5.295e+05
5.2807e+05
5.2672e+05
5.2545e+05
5.2427e+05
5.2316e+05
5.2213e+05
5.2119e+05
5.2032e+05
5.1954e+05
5.1883e+05
5.1821e+05
5.1766e+05
5.1719e+05
5.1681e+05
5.165e+05
5.1627e+05
5.1612e+05
5.1604e+05
5.1604e+05
5.1612e+05
5.1627e+05
5.165e+05
5.1681e+05
5.1718e+05
5.1763e+05
5.1815e+05
5.1874e+05
5.1941e+05
5.2014e+05
5.2094e+05
5.2181e+05
5.2275e+05
5.2375e+05
5.2481e+05
5.2594e+05
5.2714e+05
5.2839e+05
5.2971e+05
5.3108e+05
5.3252e+05
5.3401e+05
5.3555e+05
5.3716e+05
5.3881e+05
5.4052e+05
5.4228e+05
5.4408e+05
5.4594e+05
5.4785e+05
5.4979e+05
5.5179e+05
5.5383e+05
5.5591e+05
5.5803e+05
5.6019e+05
5.6238e+05
5.6462e+05
5.6688e+05
5.6919e+05
5.7152e+05
5.7389e+05
5.7629e+05
5.7871e+05
5.8116e+05
5.8364e+05
5.8614e+05
5.8867e+05
5.9122e+05
5.9378e+05
5.9637e+05
5.9898e+05
6.016e+05
6.0424e+05
6.069e+05
6.0957e+05
6.1225e+05
6.1494e+05
6.1765e+05
6.2036e+05
6.2309e+05
6.2582e+05
6.2856e+05
6.313e+05
6.3405e+05
6.3681e+05
6.3956e+05
6.4233e+05
6.4509e+05
6.4786e+05
6.5063e+05
6.534e+05
6.5617e+05
6.5894e+05
6.6171e+05
6.6448e+05
6.6725e+05
6.7002e+05
6.7279e+05
6.7556e+05
6.7833e+05
6.811e+05
6.8386e+05
6.8663e+05
6.8939e+05
6.9216e+05
6.9492e+05
6.9768e+05
7.0045e+05
7.0321e+05
7.0598e+05
7.0875e+05
7.1152e+05
7.1429e+05
7.1706e+05
7.1984e+05
7.2263e+05
7.2541e+05
7.282e+05
7.31e+05
7.3381e+05
7.3662e+05
7.3944e+05
7.4226e+05
7.451e+05
7.4794e+05
7.508e+05
7.5366e+05
7.5654e+05
7.5943e+05
7.6233e+05
7.6524e+05
7.6817e+05
7.7111e+05
7.7406e+05
7.7703e+05
7.8001e+05
7.8301e+05
7.8602e+05
7.8905e+05
7.9209e+05
7.9515e+05
7.9823e+05
8.0132e+05
8.0442e+05
8.0754e+05
8.1067e+05
8.1382e+05
8.1698e+05
8.2015e+05
8.2334e+05
8.2654e+05
8.2975e+05
8.3297e+05
8.3619e+05
8.3943e+05
8.4267e+05
8.4592e+05
8.4917e+05
8.5243e+05
8.5569e+05
8.5895e+05
8.622e+05
8.6545e+05
8.687e+05
8.7194e+05
8.7517e+05
8.7839e+05
8.816e+05
8.8479e+05
8.8797e+05
8.9112e+05
8.9426e+05
8.9737e+05
9.0045e+05
9.035e+05
9.0653e+05
9.0952e+05
9.1247e+05
9.1538e+05
9.1825e+05
9.2108e+05
9.2386e+05
9.266e+05
9.2928e+05
9.319e+05
9.3447e+05
9.3698e+05
9.3943e+05
9.4182e+05
9.4414e+05
9.4639e+05
9.4856e+05
9.5067e+05
9.527e+05
9.5465e+05
9.5652e+05
9.5831e+05
9.6001e+05
9.6163e+05
9.6316e+05
9.646e+05
9.6596e+05
9.6721e+05
9.6838e+05
9.6945e+05
9.7042e+05
9.713e+05
9.7208e+05
9.7276e+05
9.7334e+05
9.7381e+05
9.7419e+05
9.7447e+05
9.7464e+05
9.7471e+05
9.7468e+05
9.7455e+05
9.7431e+05
9.7397e+05
9.7353e+05
9.73e+05
9.7236e+05
9.7162e+05
9.7078e+05
9.6984e+05
9.6881e+05
9.6768e+05
9.6646e+05
9.6514e+05
9.6373e+05
9.6223e+05
9.6064e+05
9.5896e+05
9.572e+05
9.5535e+05
9.5342e+05
9.5142e+05
9.4933e+05
9.4716e+05
9.4492e+05
9.4261e+05
9.4023e+05
9.3778e+05
9.3526e+05
9.3268e+05
9.3003e+05
9.2733e+05
9.2457e+05
9.2175e+05
9.1888e+05
9.1595e+05
9.1298e+05
9.0996e+05
9.069e+05
9.0379e+05
9.0064e+05
8.9745e+05
8.9422e+05
8.9096e+05
8.8767e+05
8.8434e+05
8.8099e+05
8.776e+05
8.7419e+05
8.7076e+05
8.673e+05
8.6382e+05
8.6032e+05
8.568e+05
8.5326e+05
8.497e+05
8.4613e+05
8.4255e+05
8.3895e+05
8.3534e+05
8.3172e+05
8.2809e+05
8.2445e+05
8.208e+05
8.1714e+05
8.1348e+05
8.0981e+05
8.0613e+05
8.0244e+05
7.9875e+05
7.9505e+05
7.9135e+05
7.8764e+05
7.8393e+05
7.8021e+05
7.7649e+05
7.7276e+05
7.6903e+05
7.6529e+05
7.6155e+05
7.5781e+05
7.5405e+05
7.503e+05
7.4654e+05
7.4277e+05
7.3899e+05
7.3522e+05
7.3143e+05
7.2764e+05
7.2384e+05
7.2003e+05
7.1622e+05
7.124e+05
7.0857e+05
7.0473e+05
7.0088e+05
6.9703e+05
6.9316e+05
6.8929e+05
6.8541e+05
6.8152e+05
6.7761e+05
6.737e+05
6.6978e+05
6.6585e+05
6.619e+05
6.5795e+05
6.5398e+05
6.5001e+05
6.4602e+05
6.4202e+05
6.3801e+05
6.3399e+05
6.2996e+05
6.2592e+05
6.2187e+05
6.1781e+05
6.1373e+05
6.0965e+05
6.0555e+05
6.0145e+05
5.9734e+05
5.9321e+05
5.8908e+05
5.8494e+05
5.8079e+05
5.7663e+05
5.7246e+05
5.6829e+05
5.6411e+05
5.5992e+05
5.5573e+05
5.5152e+05
5.4732e+05
5.4311e+05
5.3889e+05
5.3467e+05
5.3044e+05
5.2621e+05
5.2198e+05
5.1775e+05
5.1351e+05
5.0928e+05
5.0504e+05
5.008e+05
4.9656e+05
4.9232e+05
4.8808e+05
4.8384e+05
4.7961e+05
4.7538e+05
4.7115e+05
4.6692e+05
4.627e+05
4.5848e+05
4.5427e+05
4.5006e+05
4.4585e+05
4.4166e+05
4.3746e+05
4.3328e+05
4.291e+05
4.2493e+05
4.2077e+05
4.1662e+05
4.1247e+05
4.0834e+05
4.0421e+05
4.001e+05
3.9599e+05
3.9189e+05
3.8781e+05
3.8374e+05
3.7967e+05
3.7562e+05
3.7158e+05
3.6756e+05
3.6354e+05
3.5954e+05
3.5555e+05
3.5158e+05
3.4762e+05
3.4367e+05
3.3973e+05
3.3581e+05
3.3191e+05
3.2801e+05
3.2414e+05
3.2027e+05
3.1643e+05
3.1259e+05
3.0878e+05
3.0497e+05
3.0119e+05
2.9742e+05
2.9366e+05
2.8992e+05
2.862e+05
2.8249e+05
2.788e+05
2.7512e+05
2.7146e+05
2.6782e+05
2.642e+05
2.6059e+05
2.5699e+05
2.5342e+05
2.4986e+05
2.4631e+05
2.4279e+05
2.3928e+05
2.3579e+05
2.3231e+05
2.2886e+05
2.2542e+05
2.2199e+05
2.1859e+05
2.152e+05
2.1183e+05
2.0847e+05
2.0514e+05
2.0182e+05
1.9851e+05
1.9523e+05
1.9196e+05
1.8872e+05
1.8548e+05
1.8227e+05
1.7908e+05
1.759e+05
1.7274e+05
1.696e+05
1.6647e+05
1.6336e+05
1.6028e+05
1.5721e+05
1.5415e+05
1.5112e+05
1.481e+05
1.4511e+05
1.4213e+05
1.3916e+05
1.3622e+05
1.333e+05
1.3039e+05
1.275e+05
1.2463e+05
1.2178e+05
1.1895e+05
1.1614e+05
1.1334e+05
1.1057e+05
1.0781e+05
1.0507e+05
1.0235e+05
99655
96974
94312
91669
89046
86442
83857
81291
78745
76218
73711
71223
68754
66305
63876
61466
59076
56705
54354
52022
49710
47418
45145
42892
40658
38443
36248
34073
31917
29780
27662
25564
23485
21424
19383
17361
15358
13373
11407
9460.1
7531.4
5621.1
3729.2
1855.5
0
