1.6655e+05
1.6971e+05
1.729e+05
1.761e+05
1.7932e+05
1.8255e+05
1.858e+05
1.8905e+05
1.9231e+05
1.9557e+05
1.9883e+05
2.0209e+05
2.0535e+05
2.086e+05
2.1184e+05
2.1507e+05
2.1829e+05
2.2149e+05
2.2467e+05
2.2783e+05
2.3097e+05
2.3408e+05
2.3717e+05
2.4022e+05
2.4324e+05
2.4623e+05
2.4919e+05
2.521e+05
2.5498e+05
2.5781e+05
2.6061e+05
2.6335e+05
2.6605e+05
2.6871e+05
2.7131e+05
2.7386e+05
2.7636e+05
2.788e+05
2.8119e+05
2.8353e+05
2.858e+05
2.8802e+05
2.9018e+05
2.9228e+05
2.9432e+05
2.963e+05
2.9822e+05
3.0007e+05
3.0186e+05
3.0359e+05
3.0525e+05
3.0685e+05
3.0839e+05
3.0986e+05
3.1127e+05
3.1262e+05
3.139e+05
3.1512e+05
3.1628e+05
3.1737e+05
3.184e+05
3.1937e+05
3.2028e+05
3.2113e+05
3.2192e+05
3.2265e+05
3.2333e+05
3.2395e+05
3.2451e+05
3.2501e+05
3.2547e+05
3.2586e+05
3.2621e+05
3.2651e+05
3.2676e+05
3.2696e+05
3.2712e+05
3.2723e+05
3.2729e+05
3.2732e+05
3.273e+05
3.2724e+05
3.2715e+05
3.2702e+05
3.2685e+05
3.2666e+05
3.2643e+05
3.2616e+05
3.2587e+05
3.2556e+05
3.2521e+05
3.2485e+05
3.2446e+05
3.2405e+05
3.2361e+05
3.2316e+05
3.227e+05
3.2221e+05
3.2172e+05
3.2121e+05
3.2069e+05
3.2016e+05
3.1961e+05
3.1907e+05
3.1851e+05
3.1795e+05
3.1738e+05
3.1681e+05
3.1624e+05
3.1567e+05
3.151e+05
3.1452e+05
3.1395e+05
3.1338e+05
3.1281e+05
3.1224e+05
3.1168e+05
3.1112e+05
3.1056e+05
3.1001e+05
3.0946e+05
3.0892e+05
3.0839e+05
3.0786e+05
3.0733e+05
3.0681e+05
3.063e+05
3.0579e+05
3.0529e+05
3.0479e+05
3.043e+05
3.0381e+05
3.0332e+05
3.0284e+05
3.0236e+05
3.0188e+05
3.0141e+05
3.0094e+05
3.0046e+05
2.9999e+05
2.9952e+05
2.9904e+05
2.9856e+05
2.9808e+05
2.976e+05
2.9711e+05
2.9661e+05
2.961e+05
2.9559e+05
2.9507e+05
2.9454e+05
2.9399e+05
2.9344e+05
2.9287e+05
2.9228e+05
2.9168e+05
2.9107e+05
2.9043e+05
2.8978e+05
2.8911e+05
2.8841e+05
2.877e+05
2.8696e+05
2.8619e+05
2.8541e+05
2.8459e+05
2.8375e+05
2.8288e+05
2.8198e+05
2.8106e+05
2.801e+05
2.7911e+05
2.7809e+05
2.7703e+05
2.7595e+05
2.7483e+05
2.7367e+05
2.7248e+05
2.7126e+05
2.7e+05
2.687e+05
2.6737e+05
2.66e+05
2.646e+05
2.6316e+05
2.6168e+05
2.6016e+05
2.5861e+05
2.5703e+05
2.554e+05
2.5374e+05
2.5205e+05
2.5032e+05
2.4855e+05
2.4676e+05
2.4493e+05
2.4306e+05
2.4116e+05
2.3924e+05
2.3728e+05
2.3529e+05
2.3327e+05
2.3123e+05
2.2916e+05
2.2706e+05
2.2494e+05
2.228e+05
2.2064e+05
2.1845e+05
2.1624e+05
2.1402e+05
2.1178e+05
2.0953e+05
2.0726e+05
2.0498e+05
2.0269e+05
2.0038e+05
1.9808e+05
1.9576e+05
1.9344e+05
1.9112e+05
1.888e+05
1.8648e+05
1.8416e+05
1.8184e+05
1.7953e+05
1.7722e+05
1.7492e+05
1.7264e+05
1.7036e+05
1.681e+05
1.6585e+05
1.6361e+05
1.614e+05
1.592e+05
1.5702e+05
1.5487e+05
1.5273e+05
1.5062e+05
1.4854e+05
1.4648e+05
1.4445e+05
1.4244e+05
1.4047e+05
1.3852e+05
1.3661e+05
1.3473e+05
1.3288e+05
1.3107e+05
1.2928e+05
1.2754e+05
1.2582e+05
1.2414e+05
1.225e+05
1.209e+05
1.1932e+05
1.1779e+05
1.1629e+05
1.1483e+05
1.134e+05
1.1201e+05
1.1065e+05
1.0933e+05
1.0804e+05
1.0679e+05
1.0557e+05
1.0438e+05
1.0323e+05
1.021e+05
1.0101e+05
99946
98911
97903
96922
95966
95034
94125
93238
92371
91523
90693
89878
89078
88292
87517
86752
85995
85245
84501
83760
83022
82284
81545
80804
80058
79307
78549
77782
77005
76217
75416
74601
73770
72923
72059
71175
70272
69348
68403
67435
66444
65429
64390
63326
62237
61123
59984
58818
57628
56411
55170
53904
52614
51301
49964
48606
47226
45827
44408
42973
41521
40055
38576
37086
35587
34082
32571
31058
29545
28035
26530
25032
23545
22072
20616
19179
17765
16378
15021
13698
12411
11165
9963.3
8810.1
7709.1
6664.2
5679.4
4758.9
3906.6
3126.7
2423.5
1801
1263.6
815.37
460.67
203.71
48.739
0
61.716
238.09
533.3
951.49
1496.8
2173.2
2984.7
3935.4
5029
6269.3
7660.2
9205.2
10908
12772
14800
16996
19363
21904
24622
27519
30598
33862
37313
40953
44783
48807
53026
57440
62052
66862
71872
77083
82494
88106
93920
99935
1.0615e+05
1.1257e+05
1.1919e+05
1.26e+05
1.3302e+05
1.4023e+05
1.4764e+05
1.5524e+05
1.6304e+05
1.7102e+05
1.7919e+05
1.8755e+05
1.9609e+05
2.0481e+05
2.137e+05
2.2277e+05
2.3201e+05
2.4141e+05
2.5098e+05
2.607e+05
2.7057e+05
2.806e+05
2.9077e+05
3.0107e+05
3.1151e+05
3.2208e+05
3.3278e+05
3.4359e+05
3.5451e+05
3.6554e+05
3.7666e+05
3.8788e+05
3.9919e+05
4.1058e+05
4.2204e+05
4.3357e+05
4.4516e+05
4.568e+05
4.6849e+05
4.8022e+05
4.9198e+05
5.0376e+05
5.1556e+05
5.2737e+05
5.3918e+05
5.5098e+05
5.6277e+05
5.7454e+05
5.8628e+05
5.9798e+05
6.0963e+05
6.2124e+05
6.3278e+05
6.4426e+05
6.5565e+05
6.6697e+05
6.7819e+05
6.8931e+05
7.0033e+05
7.1123e+05
7.2201e+05
7.3266e+05
7.4317e+05
7.5354e+05
7.6376e+05
7.7382e+05
7.8371e+05
7.9343e+05
8.0297e+05
8.1232e+05
8.2148e+05
8.3045e+05
8.3921e+05
8.4775e+05
8.5608e+05
8.6419e+05
8.7207e+05
8.7972e+05
8.8712e+05
8.9429e+05
9.012e+05
9.0786e+05
9.1427e+05
9.2041e+05
9.2628e+05
9.3189e+05
9.3722e+05
9.4228e+05
9.4706e+05
9.5155e+05
9.5576e+05
9.5968e+05
9.6331e+05
9.6665e+05
9.697e+05
9.7245e+05
9.749e+05
9.7706e+05
9.7891e+05
9.8047e+05
9.8173e+05
9.8269e+05
9.8335e+05
9.8371e+05
9.8378e+05
9.8354e+05
9.8301e+05
9.8219e+05
9.8107e+05
9.7965e+05
9.7795e+05
9.7596e+05
9.7369e+05
9.7113e+05
9.6829e+05
9.6518e+05
9.6179e+05
9.5813e+05
9.542e+05
9.5001e+05
9.4556e+05
9.4086e+05
9.3591e+05
9.307e+05
9.2526e+05
9.1958e+05
9.1367e+05
9.0753e+05
9.0117e+05
8.946e+05
8.8781e+05
8.8082e+05
8.7363e+05
8.6624e+05
8.5867e+05
8.5092e+05
8.4299e+05
8.3489e+05
8.2662e+05
8.182e+05
8.0963e+05
8.0092e+05
7.9207e+05
7.8308e+05
7.7398e+05
7.6475e+05
7.5541e+05
7.4597e+05
7.3643e+05
7.268e+05
7.1709e+05
7.0729e+05
6.9743e+05
6.875e+05
6.7751e+05
6.6747e+05
6.5738e+05
6.4726e+05
6.371e+05
6.2692e+05
6.1671e+05
6.0649e+05
5.9627e+05
5.8604e+05
5.7582e+05
5.6561e+05
5.5541e+05
5.4524e+05
5.3509e+05
5.2498e+05
5.1491e+05
5.0487e+05
4.9489e+05
4.8496e+05
4.7509e+05
4.6528e+05
4.5554e+05
4.4588e+05
4.3629e+05
4.2678e+05
4.1736e+05
4.0802e+05
3.9878e+05
3.8964e+05
3.806e+05
3.7166e+05
3.6282e+05
3.541e+05
3.4549e+05
3.37e+05
3.2862e+05
3.2037e+05
3.1224e+05
3.0424e+05
2.9636e+05
2.8862e+05
2.81e+05
2.7352e+05
2.6617e+05
2.5896e+05
2.5188e+05
2.4495e+05
2.3815e+05
2.3149e+05
2.2498e+05
2.186e+05
2.1237e+05
2.0627e+05
2.0032e+05
1.9451e+05
1.8884e+05
1.8332e+05
1.7793e+05
1.7269e+05
1.6758e+05
1.6261e+05
1.5778e+05
1.5309e+05
1.4854e+05
1.4411e+05
1.3983e+05
1.3567e+05
1.3165e+05
1.2776e+05
1.2399e+05
1.2035e+05
1.1684e+05
1.1344e+05
1.1017e+05
1.0702e+05
1.0399e+05
1.0107e+05
98260
95564
92976
90495
88118
85842
83666
81587
79603
77711
75908
74193
72563
71016
69548
68158
66842
65599
64426
63321
62281
61303
60385
59525
58721
57969
57268
56616
56009
55446
54925
54443
53998
53588
53212
52866
52548
52258
51993
51751
51530
51329
51146
50979
50826
50686
50557
50438
50328
50225
50127
50034
49944
49856
49769
49682
49593
49502
49409
49311
49208
49100
48985
48863
48734
48596
48449
48294
48128
47952
47766
47568
47360
47140
46908
46665
46409
46142
45862
45570
45265
44949
44620
44280
43927
43562
43186
42798
42399
41989
41568
41136
40694
40241
39779
39308
38827
38338
37841
37335
36822
36301
35773
35239
34699
34154
