5.2762e+05
5.2976e+05
5.3184e+05
5.3387e+05
5.3583e+05
5.3773e+05
5.3958e+05
5.4137e+05
5.4309e+05
5.4476e+05
5.4637e+05
5.4792e+05
5.4942e+05
5.5086e+05
5.5224e+05
5.5356e+05
5.5483e+05
5.5604e+05
5.572e+05
5.583e+05
5.5935e+05
5.6035e+05
5.6129e+05
5.6218e+05
5.6302e+05
5.6381e+05
5.6454e+05
5.6523e+05
5.6587e+05
5.6645e+05
5.6699e+05
5.6749e+05
5.6793e+05
5.6833e+05
5.6869e+05
5.6899e+05
5.6926e+05
5.6948e+05
5.6966e+05
5.698e+05
5.6989e+05
5.6995e+05
5.6996e+05
5.6994e+05
5.6988e+05
5.6978e+05
5.6964e+05
5.6947e+05
5.6926e+05
5.6901e+05
5.6873e+05
5.6842e+05
5.6808e+05
5.677e+05
5.6729e+05
5.6685e+05
5.6638e+05
5.6588e+05
5.6535e+05
5.6479e+05
5.642e+05
5.6359e+05
5.6295e+05
5.6228e+05
5.6159e+05
5.6087e+05
5.6013e+05
5.5937e+05
5.5858e+05
5.5776e+05
5.5693e+05
5.5607e+05
5.5519e+05
5.5429e+05
5.5337e+05
5.5243e+05
5.5147e+05
5.5049e+05
5.4949e+05
5.4847e+05
5.4744e+05
5.4638e+05
5.4531e+05
5.4422e+05
5.4311e+05
5.4198e+05
5.4084e+05
5.3968e+05
5.3851e+05
5.3732e+05
5.3611e+05
5.3489e+05
5.3365e+05
5.3239e+05
5.3112e+05
5.2984e+05
5.2853e+05
5.2722e+05
5.2589e+05
5.2454e+05
5.2318e+05
5.218e+05
5.2041e+05
5.19e+05
5.1758e+05
5.1615e+05
5.1469e+05
5.1323e+05
5.1174e+05
5.1025e+05
5.0873e+05
5.072e+05
5.0566e+05
5.041e+05
5.0252e+05
5.0093e+05
4.9932e+05
4.977e+05
4.9606e+05
4.944e+05
4.9273e+05
4.9103e+05
4.8933e+05
4.876e+05
4.8586e+05
4.841e+05
4.8232e+05
4.8052e+05
4.787e+05
4.7687e+05
4.7502e+05
4.7315e+05
4.7126e+05
4.6935e+05
4.6742e+05
4.6547e+05
4.635e+05
4.6151e+05
4.595e+05
4.5747e+05
4.5542e+05
4.5335e+05
4.5125e+05
4.4914e+05
4.47e+05
4.4484e+05
4.4266e+05
4.4046e+05
4.3824e+05
4.3599e+05
4.3372e+05
4.3143e+05
4.2912e+05
4.2678e+05
4.2442e+05
4.2204e+05
4.1964e+05
4.1721e+05
4.1475e+05
4.1228e+05
4.0978e+05
4.0726e+05
4.0472e+05
4.0215e+05
3.9956e+05
3.9694e+05
3.943e+05
3.9164e+05
3.8896e+05
3.8625e+05
3.8352e+05
3.8077e+05
3.78e+05
3.752e+05
3.7238e+05
3.6954e+05
3.6668e+05
3.638e+05
3.6089e+05
3.5797e+05
3.5502e+05
3.5206e+05
3.4907e+05
3.4606e+05
3.4304e+05
3.3999e+05
3.3693e+05
3.3385e+05
3.3075e+05
3.2764e+05
3.2451e+05
3.2136e+05
3.182e+05
3.1502e+05
3.1183e+05
3.0862e+05
3.054e+05
3.0217e+05
2.9892e+05
2.9567e+05
2.924e+05
2.8913e+05
2.8584e+05
2.8255e+05
2.7925e+05
2.7594e+05
2.7262e+05
2.693e+05
2.6598e+05
2.6265e+05
2.5932e+05
2.5599e+05
2.5266e+05
2.4932e+05
2.4599e+05
2.4266e+05
2.3933e+05
2.3601e+05
2.3269e+05
2.2938e+05
2.2607e+05
2.2277e+05
2.1949e+05
2.1621e+05
2.1294e+05
2.0968e+05
2.0644e+05
2.0321e+05
2e+05
1.968e+05
1.9363e+05
1.9047e+05
1.8733e+05
1.8421e+05
1.8112e+05
1.7805e+05
1.75e+05
1.7198e+05
1.6899e+05
1.6603e+05
1.6309e+05
1.6019e+05
1.5732e+05
1.5448e+05
1.5168e+05
1.4891e+05
1.4619e+05
1.435e+05
1.4084e+05
1.3824e+05
1.3567e+05
1.3314e+05
1.3067e+05
1.2823e+05
1.2585e+05
1.2351e+05
1.2122e+05
1.1899e+05
1.168e+05
1.1467e+05
1.1259e+05
1.1057e+05
1.0861e+05
1.067e+05
1.0485e+05
1.0307e+05
1.0134e+05
99681
98083
96549
95082
93681
92349
91086
89893
88772
87722
86746
85845
85018
84268
83594
82999
82482
82045
81689
81414
81221
81110
81084
81142
81285
81513
81828
82230
82719
83296
83962
84718
85562
86497
87523
88639
89847
91146
92537
94021
95597
97265
99027
1.0088e+05
1.0283e+05
1.0487e+05
1.07e+05
1.0923e+05
1.1155e+05
1.1397e+05
1.1648e+05
1.1908e+05
1.2177e+05
1.2456e+05
1.2744e+05
1.3041e+05
1.3347e+05
1.3663e+05
1.3988e+05
1.4322e+05
1.4665e+05
1.5017e+05
1.5378e+05
1.5748e+05
1.6127e+05
1.6514e+05
1.6911e+05
1.7316e+05
1.773e+05
1.8153e+05
1.8584e+05
1.9023e+05
1.9471e+05
1.9928e+05
2.0392e+05
2.0865e+05
2.1345e+05
2.1834e+05
2.233e+05
2.2834e+05
2.3346e+05
2.3865e+05
2.4392e+05
2.4926e+05
2.5468e+05
2.6016e+05
2.6571e+05
2.7134e+05
2.7703e+05
2.8278e+05
2.8861e+05
2.9449e+05
3.0044e+05
3.0645e+05
3.1251e+05
3.1864e+05
3.2482e+05
3.3106e+05
3.3735e+05
3.4369e+05
3.5009e+05
3.5653e+05
3.6302e+05
3.6956e+05
3.7614e+05
3.8277e+05
3.8943e+05
3.9614e+05
4.0288e+05
4.0966e+05
4.1648e+05
4.2332e+05
4.302e+05
4.3711e+05
4.4404e+05
4.5101e+05
4.5799e+05
4.65e+05
4.7203e+05
4.7907e+05
4.8614e+05
4.9321e+05
5.0031e+05
5.0741e+05
5.1452e+05
5.2164e+05
5.2877e+05
5.359e+05
5.4303e+05
5.5016e+05
5.5729e+05
5.6442e+05
5.7154e+05
5.7866e+05
5.8576e+05
5.9286e+05
5.9994e+05
6.07e+05
6.1405e+05
6.2109e+05
6.281e+05
6.3508e+05
6.4205e+05
6.4899e+05
6.559e+05
6.6278e+05
6.6963e+05
6.7644e+05
6.8322e+05
6.8997e+05
6.9667e+05
7.0334e+05
7.0996e+05
7.1654e+05
7.2307e+05
7.2956e+05
7.3599e+05
7.4238e+05
7.4871e+05
7.5499e+05
7.6121e+05
7.6737e+05
7.7348e+05
7.7952e+05
7.855e+05
7.9142e+05
7.9727e+05
8.0305e+05
8.0877e+05
8.1441e+05
8.1999e+05
8.2549e+05
8.3091e+05
8.3626e+05
8.4154e+05
8.4673e+05
8.5185e+05
8.5688e+05
8.6183e+05
8.6669e+05
8.7148e+05
8.7617e+05
8.8078e+05
8.8529e+05
8.8972e+05
8.9406e+05
8.9831e+05
9.0246e+05
9.0652e+05
9.1048e+05
9.1435e+05
9.1812e+05
9.2179e+05
9.2536e+05
9.2883e+05
9.322e+05
9.3548e+05
9.3864e+05
9.4171e+05
9.4467e+05
9.4753e+05
9.5029e+05
9.5293e+05
9.5548e+05
9.5791e+05
9.6024e+05
9.6246e+05
9.6457e+05
9.6657e+05
9.6847e+05
9.7025e+05
9.7193e+05
9.735e+05
9.7495e+05
9.763e+05
9.7753e+05
9.7865e+05
9.7967e+05
9.8057e+05
9.8136e+05
9.8204e+05
9.8261e+05
9.8306e+05
9.8341e+05
9.8364e+05
9.8376e+05
9.8378e+05
9.8368e+05
9.8347e+05
9.8315e+05
9.8272e+05
9.8218e+05
9.8153e+05
9.8077e+05
9.7991e+05
9.7893e+05
9.7785e+05
9.7666e+05
9.7536e+05
9.7395e+05
9.7244e+05
9.7083e+05
9.6911e+05
9.6728e+05
9.6535e+05
9.6332e+05
9.6119e+05
9.5895e+05
9.5662e+05
9.5418e+05
9.5165e+05
9.4901e+05
9.4628e+05
9.4346e+05
9.4053e+05
9.3752e+05
9.344e+05
9.312e+05
9.279e+05
9.2451e+05
9.2104e+05
9.1747e+05
9.1382e+05
9.1007e+05
9.0625e+05
9.0234e+05
8.9834e+05
8.9426e+05
8.9011e+05
8.8587e+05
8.8155e+05
8.7716e+05
8.7269e+05
8.6814e+05
8.6352e+05
8.5883e+05
8.5407e+05
8.4923e+05
8.4433e+05
8.3936e+05
8.3433e+05
8.2923e+05
8.2407e+05
8.1884e+05
8.1356e+05
8.0821e+05
8.0281e+05
7.9735e+05
7.9184e+05
7.8627e+05
7.8065e+05
7.7498e+05
7.6927e+05
7.635e+05
7.5769e+05
7.5183e+05
7.4593e+05
7.3999e+05
7.34e+05
7.2798e+05
7.2192e+05
7.1582e+05
7.0969e+05
7.0353e+05
6.9733e+05
6.9111e+05
6.8485e+05
6.7857e+05
6.7226e+05
6.6593e+05
6.5957e+05
6.5319e+05
6.468e+05
6.4038e+05
6.3395e+05
6.275e+05
6.2103e+05
6.1456e+05
6.0807e+05
6.0157e+05
5.9506e+05
5.8855e+05
5.8203e+05
5.755e+05
5.6897e+05
5.6244e+05
5.5591e+05
5.4938e+05
5.4285e+05
5.3633e+05
5.2981e+05
5.2329e+05
5.1679e+05
5.1029e+05
5.038e+05
4.9732e+05
4.9086e+05
4.8441e+05
4.7797e+05
4.7155e+05
4.6514e+05
4.5876e+05
4.5239e+05
4.4605e+05
4.3972e+05
4.3342e+05
4.2714e+05
4.2089e+05
4.1466e+05
4.0846e+05
4.0229e+05
3.9615e+05
3.9004e+05
3.8395e+05
3.779e+05
3.7189e+05
3.659e+05
3.5995e+05
3.5404e+05
3.4816e+05
3.4232e+05
3.3652e+05
3.3076e+05
3.2504e+05
3.1936e+05
3.1371e+05
3.0812e+05
3.0256e+05
2.9705e+05
2.9158e+05
2.8615e+05
2.8077e+05
2.7544e+05
2.7015e+05
2.6491e+05
2.5972e+05
2.5458e+05
2.4948e+05
2.4444e+05
2.3944e+05
2.3449e+05
2.296e+05
2.2475e+05
2.1996e+05
2.1522e+05
2.1053e+05
2.0589e+05
2.0131e+05
1.9678e+05
1.923e+05
1.8788e+05
1.8351e+05
1.792e+05
1.7494e+05
1.7073e+05
1.6658e+05
1.6248e+05
1.5844e+05
1.5446e+05
1.5053e+05
1.4665e+05
1.4283e+05
1.3907e+05
1.3536e+05
1.3171e+05
1.2811e+05
1.2457e+05
1.2109e+05
1.1766e+05
1.1428e+05
1.1096e+05
1.077e+05
1.0449e+05
1.0133e+05
98236
95192
92202
89267
86386
83558
80785
78065
75398
72784
70223
67714
65257
62852
60499
58196
55944
53743
51591
49489
47436
45432
43476
41568
39707
37893
36126
34405
32730
31100
29514
27972
26474
25019
23607
22237
20908
19620
18373
17165
15997
14867
13776
12723
11706
10726
9781.6
8872.7
7998.5
7158.4
6351.9
5578.3
4837.1
4127.6
3449.3
2801.6
2183.7
1595.3
1035.6
504.02
0
