9.8378e+05
9.8058e+05
9.773e+05
9.7395e+05
9.7053e+05
9.6703e+05
9.6346e+05
9.5981e+05
9.561e+05
9.5232e+05
9.4846e+05
9.4455e+05
9.4056e+05
9.3651e+05
9.324e+05
9.2823e+05
9.2399e+05
9.197e+05
9.1534e+05
9.1093e+05
9.0646e+05
9.0194e+05
8.9736e+05
8.9273e+05
8.8804e+05
8.8331e+05
8.7852e+05
8.7369e+05
8.6881e+05
8.6388e+05
8.5891e+05
8.5389e+05
8.4883e+05
8.4373e+05
8.3859e+05
8.3341e+05
8.2819e+05
8.2293e+05
8.1764e+05
8.1231e+05
8.0695e+05
8.0155e+05
7.9613e+05
7.9067e+05
7.8518e+05
7.7967e+05
7.7413e+05
7.6856e+05
7.6296e+05
7.5735e+05
7.517e+05
7.4604e+05
7.4036e+05
7.3465e+05
7.2893e+05
7.2319e+05
7.1743e+05
7.1166e+05
7.0587e+05
7.0007e+05
6.9426e+05
6.8843e+05
6.8259e+05
6.7675e+05
6.7089e+05
6.6503e+05
6.5916e+05
6.5328e+05
6.474e+05
6.4151e+05
6.3563e+05
6.2973e+05
6.2384e+05
6.1795e+05
6.1206e+05
6.0617e+05
6.0028e+05
5.9439e+05
5.8851e+05
5.8263e+05
5.7676e+05
5.7089e+05
5.6504e+05
5.5918e+05
5.5334e+05
5.4751e+05
5.4169e+05
5.3588e+05
5.3008e+05
5.2429e+05
5.1852e+05
5.1276e+05
5.0702e+05
5.0129e+05
4.9558e+05
4.8988e+05
4.842e+05
4.7854e+05
4.729e+05
4.6728e+05
4.6168e+05
4.561e+05
4.5054e+05
4.4501e+05
4.3949e+05
4.34e+05
4.2854e+05
4.2309e+05
4.1768e+05
4.1228e+05
4.0692e+05
4.0158e+05
3.9627e+05
3.9098e+05
3.8573e+05
3.805e+05
3.753e+05
3.7013e+05
3.6499e+05
3.5989e+05
3.5481e+05
3.4976e+05
3.4475e+05
3.3977e+05
3.3482e+05
3.299e+05
3.2502e+05
3.2017e+05
3.1536e+05
3.1058e+05
3.0583e+05
3.0112e+05
2.9645e+05
2.9181e+05
2.8721e+05
2.8265e+05
2.7812e+05
2.7363e+05
2.6917e+05
2.6476e+05
2.6038e+05
2.5604e+05
2.5174e+05
2.4747e+05
2.4325e+05
2.3906e+05
2.3492e+05
2.3081e+05
2.2674e+05
2.2272e+05
2.1873e+05
2.1479e+05
2.1088e+05
2.0701e+05
2.0319e+05
1.9941e+05
1.9566e+05
1.9196e+05
1.883e+05
1.8468e+05
1.811e+05
1.7757e+05
1.7407e+05
1.7062e+05
1.6721e+05
1.6384e+05
1.6051e+05
1.5723e+05
1.5398e+05
1.5078e+05
1.4762e+05
1.445e+05
1.4142e+05
1.3839e+05
1.354e+05
1.3245e+05
1.2954e+05
1.2667e+05
1.2385e+05
1.2107e+05
1.1833e+05
1.1563e+05
1.1297e+05
1.1036e+05
1.0778e+05
1.0525e+05
1.0276e+05
1.0031e+05
97904
95538
93213
90929
88686
86483
84322
82201
80120
78080
76080
74121
72201
70321
68480
66679
64918
63195
61512
59867
58261
56694
55164
53673
52220
50804
49426
48085
46781
45514
44284
43090
41933
40811
39725
38675
37660
36680
35735
34824
33948
33106
32298
31523
30782
30074
29399
28756
28146
27568
27021
26507
26023
25570
25149
24757
24396
24065
23763
23491
23247
23033
22847
22689
22560
22458
22383
22335
22314
22320
22352
22409
22493
22602
22735
22894
23077
23284
23515
23769
24047
24348
24671
25017
25385
25774
26185
26618
27071
27545
28039
28553
29086
29640
30212
30803
31412
32040
32686
33349
34030
34728
35442
36173
36920
37683
38461
39255
40064
40887
41725
42577
43443
44322
45215
46120
47039
47969
48912
49867
50833
51811
52800
53799
54809
55829
56859
57898
58947
60005
61072
62148
63232
64324
65423
66531
67645
68767
69895
71029
72170
73317
74470
75628
76792
77960
79133
80311
81493
82679
83869
85062
86258
87458
88660
89866
91073
92283
93494
94707
95922
97138
98355
99573
1.0079e+05
1.0201e+05
1.0323e+05
1.0445e+05
1.0567e+05
1.0689e+05
1.081e+05
1.0932e+05
1.1054e+05
1.1175e+05
1.1296e+05
1.1417e+05
1.1538e+05
1.1659e+05
1.178e+05
1.19e+05
1.202e+05
1.214e+05
1.2259e+05
1.2378e+05
1.2497e+05
1.2615e+05
1.2733e+05
1.2851e+05
1.2968e+05
1.3085e+05
1.3202e+05
1.3317e+05
1.3433e+05
1.3548e+05
1.3662e+05
1.3776e+05
1.389e+05
1.4003e+05
1.4115e+05
1.4227e+05
1.4338e+05
1.4448e+05
1.4558e+05
1.4667e+05
1.4776e+05
1.4884e+05
1.4991e+05
1.5097e+05
1.5203e+05
1.5308e+05
1.5413e+05
1.5516e+05
1.5619e+05
1.5721e+05
1.5822e+05
1.5923e+05
1.6022e+05
1.6121e+05
1.6219e+05
1.6316e+05
1.6412e+05
1.6508e+05
1.6602e+05
1.6696e+05
1.6788e+05
1.688e+05
1.6971e+05
1.7061e+05
1.715e+05
1.7238e+05
1.7325e+05
1.7411e+05
1.7496e+05
1.758e+05
1.7663e+05
1.7745e+05
1.7826e+05
1.7906e+05
1.7985e+05
1.8063e+05
1.8139e+05
1.8215e+05
1.829e+05
1.8363e+05
1.8436e+05
1.8507e+05
1.8578e+05
1.8647e+05
1.8715e+05
1.8782e+05
1.8848e+05
1.8913e+05
1.8976e+05
1.9039e+05
1.91e+05
1.916e+05
1.9219e+05
1.9277e+05
1.9333e+05
1.9389e+05
1.9443e+05
1.9496e+05
1.9548e+05
1.9599e+05
1.9648e+05
1.9696e+05
1.9744e+05
1.9789e+05
1.9834e+05
1.9878e+05
1.992e+05
1.9961e+05
2.0001e+05
2.0039e+05
2.0077e+05
2.0113e+05
2.0148e+05
2.0181e+05
2.0214e+05
2.0245e+05
2.0275e+05
2.0303e+05
2.0331e+05
2.0357e+05
2.0382e+05
2.0406e+05
2.0428e+05
2.0449e+05
2.0469e+05
2.0488e+05
2.0505e+05
2.0521e+05
2.0536e+05
2.055e+05
2.0563e+05
2.0574e+05
2.0584e+05
2.0592e+05
2.06e+05
2.0606e+05
2.0611e+05
2.0615e+05
2.0617e+05
2.0619e+05
2.0619e+05
2.0617e+05
2.0615e+05
2.0611e+05
2.0606e+05
2.06e+05
2.0593e+05
2.0584e+05
2.0574e+05
2.0563e+05
2.0551e+05
2.0538e+05
2.0523e+05
2.0507e+05
2.049e+05
2.0472e+05
2.0452e+05
2.0432e+05
2.041e+05
2.0387e+05
2.0363e+05
2.0337e+05
2.0311e+05
2.0283e+05
2.0254e+05
2.0224e+05
2.0193e+05
2.0161e+05
2.0127e+05
2.0093e+05
2.0057e+05
2.002e+05
1.9982e+05
1.9943e+05
1.9903e+05
1.9862e+05
1.9819e+05
1.9776e+05
1.9731e+05
1.9686e+05
1.9639e+05
1.9591e+05
1.9542e+05
1.9492e+05
1.9441e+05
1.939e+05
1.9337e+05
1.9282e+05
1.9227e+05
1.9171e+05
1.9114e+05
1.9056e+05
1.8997e+05
1.8937e+05
1.8876e+05
1.8814e+05
1.8751e+05
1.8687e+05
1.8622e+05
1.8556e+05
1.849e+05
1.8422e+05
1.8353e+05
1.8284e+05
1.8214e+05
1.8142e+05
1.807e+05
1.7997e+05
1.7923e+05
1.7848e+05
1.7773e+05
1.7696e+05
1.7619e+05
1.7541e+05
1.7462e+05
1.7382e+05
1.7302e+05
1.7221e+05
1.7138e+05
1.7056e+05
1.6972e+05
1.6888e+05
1.6803e+05
1.6717e+05
1.663e+05
1.6543e+05
1.6455e+05
1.6366e+05
1.6277e+05
1.6187e+05
1.6096e+05
1.6005e+05
1.5913e+05
1.582e+05
1.5727e+05
1.5633e+05
1.5538e+05
1.5443e+05
1.5348e+05
1.5251e+05
1.5155e+05
1.5057e+05
1.4959e+05
1.4861e+05
1.4762e+05
1.4662e+05
1.4562e+05
1.4462e+05
1.4361e+05
1.4259e+05
1.4157e+05
1.4055e+05
1.3952e+05
1.3849e+05
1.3745e+05
1.3641e+05
1.3537e+05
1.3432e+05
1.3326e+05
1.3221e+05
1.3115e+05
1.3008e+05
1.2902e+05
1.2795e+05
1.2687e+05
1.258e+05
1.2472e+05
1.2363e+05
1.2255e+05
1.2146e+05
1.2037e+05
1.1928e+05
1.1818e+05
1.1708e+05
1.1598e+05
1.1488e+05
1.1378e+05
1.1267e+05
1.1156e+05
1.1045e+05
1.0934e+05
1.0823e+05
1.0712e+05
1.06e+05
1.0489e+05
1.0377e+05
1.0265e+05
1.0153e+05
1.0042e+05
99295
98175
97054
95933
94812
93691
92570
91449
90328
89207
88087
86967
85848
84730
83612
82496
81380
80265
79152
78040
76929
75820
74712
73606
72502
71400
70300
69201
68105
67011
65920
64830
63744
62659
61578
60499
59424
58351
57281
56214
55151
54090
53034
51980
50930
49884
48842
47803
46768
45737
44710
43687
42668
41654
40644
39638
38637
37640
36648
35661
34678
33701
32728
31760
30797
29839
28887
27939
26998
26061
25130
24204
23284
22369
21461
20558
19660
18769
17883
17004
16130
15263
14401
13546
12697
11855
11018
10188
9364.9
8547.9
7737.4
6933.4
6136.1
5345.4
4561.4
3784.1
3013.6
2249.9
1493
743.05
0
