5.1342e+05
5.1798e+05
5.2238e+05
5.2661e+05
5.3067e+05
5.3456e+05
5.3827e+05
5.4182e+05
5.4518e+05
5.4837e+05
5.5139e+05
5.5422e+05
5.5687e+05
5.5934e+05
5.6164e+05
5.6375e+05
5.6568e+05
5.6743e+05
5.69e+05
5.704e+05
5.7161e+05
5.7265e+05
5.7351e+05
5.742e+05
5.7471e+05
5.7506e+05
5.7523e+05
5.7524e+05
5.7508e+05
5.7475e+05
5.7427e+05
5.7363e+05
5.7283e+05
5.7188e+05
5.7079e+05
5.6954e+05
5.6815e+05
5.6663e+05
5.6497e+05
5.6317e+05
5.6125e+05
5.592e+05
5.5703e+05
5.5475e+05
5.5235e+05
5.4985e+05
5.4724e+05
5.4453e+05
5.4173e+05
5.3884e+05
5.3587e+05
5.3281e+05
5.2968e+05
5.2647e+05
5.232e+05
5.1987e+05
5.1649e+05
5.1305e+05
5.0956e+05
5.0604e+05
5.0248e+05
4.9888e+05
4.9526e+05
4.9163e+05
4.8797e+05
4.843e+05
4.8063e+05
4.7696e+05
4.7329e+05
4.6963e+05
4.6598e+05
4.6235e+05
4.5875e+05
4.5517e+05
4.5163e+05
4.4812e+05
4.4466e+05
4.4124e+05
4.3787e+05
4.3455e+05
4.313e+05
4.2811e+05
4.2498e+05
4.2193e+05
4.1895e+05
4.1605e+05
4.1322e+05
4.1049e+05
4.0784e+05
4.0529e+05
4.0282e+05
4.0046e+05
3.9819e+05
3.9603e+05
3.9398e+05
3.9203e+05
3.9019e+05
3.8846e+05
3.8684e+05
3.8534e+05
3.8396e+05
3.8269e+05
3.8154e+05
3.8052e+05
3.7961e+05
3.7883e+05
3.7817e+05
3.7763e+05
3.7722e+05
3.7693e+05
3.7676e+05
3.7672e+05
3.768e+05
3.77e+05
3.7733e+05
3.7778e+05
3.7834e+05
3.7903e+05
3.7984e+05
3.8076e+05
3.818e+05
3.8295e+05
3.8422e+05
3.8559e+05
3.8707e+05
3.8866e+05
3.9036e+05
3.9215e+05
3.9405e+05
3.9604e+05
3.9812e+05
4.003e+05
4.0257e+05
4.0492e+05
4.0735e+05
4.0986e+05
4.1245e+05
4.1511e+05
4.1784e+05
4.2063e+05
4.2349e+05
4.2641e+05
4.2938e+05
4.324e+05
4.3546e+05
4.3858e+05
4.4173e+05
4.4491e+05
4.4813e+05
4.5138e+05
4.5465e+05
4.5794e+05
4.6124e+05
4.6456e+05
4.6788e+05
4.7121e+05
4.7454e+05
4.7786e+05
4.8117e+05
4.8447e+05
4.8775e+05
4.9102e+05
4.9425e+05
4.9746e+05
5.0064e+05
5.0378e+05
5.0687e+05
5.0993e+05
5.1293e+05
5.1589e+05
5.1879e+05
5.2163e+05
5.244e+05
5.2711e+05
5.2975e+05
5.3232e+05
5.3481e+05
5.3722e+05
5.3955e+05
5.4179e+05
5.4394e+05
5.46e+05
5.4796e+05
5.4983e+05
5.516e+05
5.5326e+05
5.5482e+05
5.5627e+05
5.5762e+05
5.5884e+05
5.5996e+05
5.6095e+05
5.6183e+05
5.6259e+05
5.6323e+05
5.6374e+05
5.6413e+05
5.6439e+05
5.6452e+05
5.6452e+05
5.644e+05
5.6414e+05
5.6375e+05
5.6322e+05
5.6257e+05
5.6177e+05
5.6085e+05
5.5979e+05
5.5859e+05
5.5726e+05
5.5579e+05
5.5419e+05
5.5245e+05
5.5058e+05
5.4857e+05
5.4643e+05
5.4415e+05
5.4174e+05
5.3921e+05
5.3653e+05
5.3374e+05
5.3081e+05
5.2775e+05
5.2457e+05
5.2126e+05
5.1783e+05
5.1428e+05
5.1061e+05
5.0682e+05
5.0292e+05
4.989e+05
4.9477e+05
4.9053e+05
4.8618e+05
4.8173e+05
4.7717e+05
4.7252e+05
4.6777e+05
4.6292e+05
4.5798e+05
4.5295e+05
4.4784e+05
4.4264e+05
4.3736e+05
4.32e+05
4.2657e+05
4.2107e+05
4.155e+05
4.0987e+05
4.0418e+05
3.9843e+05
3.9263e+05
3.8677e+05
3.8087e+05
3.7493e+05
3.6894e+05
3.6292e+05
3.5687e+05
3.508e+05
3.4469e+05
3.3857e+05
3.3243e+05
3.2628e+05
3.2012e+05
3.1395e+05
3.0779e+05
3.0162e+05
2.9547e+05
2.8932e+05
2.8319e+05
2.7708e+05
2.71e+05
2.6494e+05
2.5891e+05
2.5292e+05
2.4696e+05
2.4105e+05
2.3519e+05
2.2938e+05
2.2362e+05
2.1792e+05
2.1229e+05
2.0672e+05
2.0122e+05
1.958e+05
1.9045e+05
1.8519e+05
1.8001e+05
1.7492e+05
1.6992e+05
1.6502e+05
1.6022e+05
1.5553e+05
1.5094e+05
1.4646e+05
1.421e+05
1.3785e+05
1.3372e+05
1.2971e+05
1.2584e+05
1.2209e+05
1.1847e+05
1.1499e+05
1.1164e+05
1.0844e+05
1.0538e+05
1.0247e+05
99705
97092
94632
92328
90182
88196
86372
84711
83217
81891
80734
79747
78933
78293
77828
77539
77428
77494
77740
78166
78773
79561
80531
81683
83018
84535
86235
88118
90183
92431
94860
97471
1.0026e+05
1.0324e+05
1.0639e+05
1.0972e+05
1.1323e+05
1.1691e+05
1.2077e+05
1.248e+05
1.2901e+05
1.3339e+05
1.3794e+05
1.4265e+05
1.4753e+05
1.5258e+05
1.5779e+05
1.6316e+05
1.6868e+05
1.7436e+05
1.802e+05
1.8619e+05
1.9232e+05
1.986e+05
2.0502e+05
2.1159e+05
2.1829e+05
2.2512e+05
2.3209e+05
2.3918e+05
2.464e+05
2.5375e+05
2.6121e+05
2.6878e+05
2.7647e+05
2.8426e+05
2.9216e+05
3.0016e+05
3.0826e+05
3.1645e+05
3.2474e+05
3.331e+05
3.4155e+05
3.5008e+05
3.5868e+05
3.6735e+05
3.7609e+05
3.8489e+05
3.9375e+05
4.0267e+05
4.1163e+05
4.2064e+05
4.2969e+05
4.3878e+05
4.479e+05
4.5705e+05
4.6622e+05
4.7542e+05
4.8464e+05
4.9386e+05
5.031e+05
5.1234e+05
5.2158e+05
5.3081e+05
5.4004e+05
5.4926e+05
5.5846e+05
5.6764e+05
5.7679e+05
5.8592e+05
5.9502e+05
6.0408e+05
6.131e+05
6.2208e+05
6.3101e+05
6.3989e+05
6.4872e+05
6.5748e+05
6.6619e+05
6.7483e+05
6.8341e+05
6.9191e+05
7.0034e+05
7.0868e+05
7.1695e+05
7.2513e+05
7.3323e+05
7.4123e+05
7.4914e+05
7.5695e+05
7.6467e+05
7.7228e+05
7.7979e+05
7.8719e+05
7.9448e+05
8.0165e+05
8.0872e+05
8.1566e+05
8.2249e+05
8.292e+05
8.3578e+05
8.4223e+05
8.4856e+05
8.5476e+05
8.6083e+05
8.6677e+05
8.7257e+05
8.7823e+05
8.8376e+05
8.8915e+05
8.944e+05
8.995e+05
9.0447e+05
9.0929e+05
9.1396e+05
9.1849e+05
9.2287e+05
9.271e+05
9.3118e+05
9.3512e+05
9.389e+05
9.4253e+05
9.4602e+05
9.4934e+05
9.5252e+05
9.5554e+05
9.5841e+05
9.6113e+05
9.6369e+05
9.661e+05
9.6835e+05
9.7045e+05
9.724e+05
9.7419e+05
9.7583e+05
9.7731e+05
9.7864e+05
9.7982e+05
9.8084e+05
9.8171e+05
9.8243e+05
9.8299e+05
9.834e+05
9.8367e+05
9.8378e+05
9.8374e+05
9.8355e+05
9.8321e+05
9.8273e+05
9.821e+05
9.8132e+05
9.8039e+05
9.7932e+05
9.7811e+05
9.7675e+05
9.7526e+05
9.7362e+05
9.7184e+05
9.6992e+05
9.6787e+05
9.6567e+05
9.6335e+05
9.6088e+05
9.5829e+05
9.5556e+05
9.5271e+05
9.4972e+05
9.4661e+05
9.4337e+05
9.4e+05
9.3651e+05
9.329e+05
9.2917e+05
9.2532e+05
9.2136e+05
9.1728e+05
9.1308e+05
9.0877e+05
9.0436e+05
8.9983e+05
8.9519e+05
8.9045e+05
8.8561e+05
8.8067e+05
8.7562e+05
8.7048e+05
8.6524e+05
8.5991e+05
8.5448e+05
8.4897e+05
8.4337e+05
8.3768e+05
8.319e+05
8.2605e+05
8.2011e+05
8.141e+05
8.0801e+05
8.0185e+05
7.9562e+05
7.8931e+05
7.8294e+05
7.7651e+05
7.7001e+05
7.6345e+05
7.5684e+05
7.5017e+05
7.4344e+05
7.3666e+05
7.2984e+05
7.2296e+05
7.1605e+05
7.0909e+05
7.0209e+05
6.9505e+05
6.8798e+05
6.8087e+05
6.7373e+05
6.6656e+05
6.5937e+05
6.5216e+05
6.4492e+05
6.3766e+05
6.3038e+05
6.2309e+05
6.1579e+05
6.0848e+05
6.0115e+05
5.9383e+05
5.8649e+05
5.7916e+05
5.7182e+05
5.6449e+05
5.5716e+05
5.4984e+05
5.4253e+05
5.3522e+05
5.2793e+05
5.2066e+05
5.134e+05
5.0616e+05
4.9894e+05
4.9174e+05
4.8456e+05
4.7741e+05
4.7029e+05
4.6319e+05
4.5613e+05
4.491e+05
4.421e+05
4.3514e+05
4.2822e+05
4.2133e+05
4.1449e+05
4.0768e+05
4.0092e+05
3.942e+05
3.8753e+05
3.809e+05
3.7432e+05
3.678e+05
3.6132e+05
3.5489e+05
3.4851e+05
3.4219e+05
3.3592e+05
3.2971e+05
3.2356e+05
3.1746e+05
3.1142e+05
3.0543e+05
2.9951e+05
2.9365e+05
2.8784e+05
2.821e+05
2.7642e+05
2.708e+05
2.6525e+05
2.5976e+05
2.5433e+05
2.4897e+05
2.4367e+05
2.3844e+05
2.3327e+05
2.2817e+05
2.2313e+05
2.1816e+05
2.1325e+05
2.0841e+05
2.0364e+05
1.9894e+05
1.943e+05
1.8972e+05
1.8521e+05
1.8077e+05
1.764e+05
1.7209e+05
1.6785e+05
1.6367e+05
1.5956e+05
1.5552e+05
1.5154e+05
1.4762e+05
1.4378e+05
1.3999e+05
1.3627e+05
1.3262e+05
1.2902e+05
1.2549e+05
1.2203e+05
1.1863e+05
1.1529e+05
1.1201e+05
1.0879e+05
1.0564e+05
1.0254e+05
99508
96533
93618
90762
87965
85225
82543
79918
77349
74836
72378
69975
67627
65332
63090
60901
58763
56678
54643
52658
50722
48836
46998
45208
43465
41769
40118
38513
36952
35436
33963
32532
31144
29797
28491
27225
25998
24810
23661
22548
21473
20434
19430
18461
17526
16625
15756
14920
14115
13341
12597
11882
11196
10538
9907.1
9303.1
8725.2
8172.6
7644.7
7140.8
6660.2
6202.3
5766.4
5351.8
4957.9
4584.1
4229.6
3893.8
3576.2
3276
2992.5
2725.3
2473.6
2236.9
2014.5
1805.7
1610.2
1427.1
1255.9
1096.1
947.08
808.26
679.09
559.02
447.51
344.02
248.04
159.04
76.529
0
