9.8378e+05
9.7901e+05
9.7419e+05
9.693e+05
9.6435e+05
9.5934e+05
9.5427e+05
9.4915e+05
9.4397e+05
9.3873e+05
9.3345e+05
9.2811e+05
9.2273e+05
9.1729e+05
9.1181e+05
9.0628e+05
9.0071e+05
8.951e+05
8.8945e+05
8.8376e+05
8.7803e+05
8.7226e+05
8.6646e+05
8.6062e+05
8.5475e+05
8.4885e+05
8.4292e+05
8.3696e+05
8.3098e+05
8.2497e+05
8.1893e+05
8.1288e+05
8.068e+05
8.007e+05
7.9458e+05
7.8844e+05
7.8229e+05
7.7612e+05
7.6994e+05
7.6374e+05
7.5754e+05
7.5132e+05
7.451e+05
7.3886e+05
7.3263e+05
7.2638e+05
7.2013e+05
7.1388e+05
7.0763e+05
7.0138e+05
6.9513e+05
6.8888e+05
6.8263e+05
6.7639e+05
6.7015e+05
6.6392e+05
6.577e+05
6.5148e+05
6.4528e+05
6.3908e+05
6.329e+05
6.2673e+05
6.2057e+05
6.1443e+05
6.083e+05
6.0219e+05
5.961e+05
5.9003e+05
5.8397e+05
5.7794e+05
5.7192e+05
5.6593e+05
5.5997e+05
5.5402e+05
5.481e+05
5.4221e+05
5.3634e+05
5.305e+05
5.2469e+05
5.1891e+05
5.1315e+05
5.0743e+05
5.0174e+05
4.9607e+05
4.9045e+05
4.8485e+05
4.7929e+05
4.7376e+05
4.6827e+05
4.6281e+05
4.5739e+05
4.5201e+05
4.4666e+05
4.4136e+05
4.3609e+05
4.3086e+05
4.2567e+05
4.2052e+05
4.1541e+05
4.1035e+05
4.0532e+05
4.0034e+05
3.954e+05
3.905e+05
3.8565e+05
3.8084e+05
3.7608e+05
3.7136e+05
3.6668e+05
3.6205e+05
3.5747e+05
3.5294e+05
3.4845e+05
3.44e+05
3.3961e+05
3.3526e+05
3.3096e+05
3.2671e+05
3.2251e+05
3.1835e+05
3.1424e+05
3.1019e+05
3.0618e+05
3.0222e+05
2.9831e+05
2.9445e+05
2.9064e+05
2.8689e+05
2.8318e+05
2.7952e+05
2.7591e+05
2.7235e+05
2.6885e+05
2.6539e+05
2.6198e+05
2.5863e+05
2.5533e+05
2.5207e+05
2.4887e+05
2.4572e+05
2.4262e+05
2.3957e+05
2.3657e+05
2.3363e+05
2.3073e+05
2.2788e+05
2.2509e+05
2.2235e+05
2.1965e+05
2.1701e+05
2.1442e+05
2.1187e+05
2.0938e+05
2.0694e+05
2.0455e+05
2.0221e+05
1.9991e+05
1.9767e+05
1.9548e+05
1.9333e+05
1.9124e+05
1.8919e+05
1.8719e+05
1.8525e+05
1.8334e+05
1.8149e+05
1.7969e+05
1.7793e+05
1.7622e+05
1.7456e+05
1.7294e+05
1.7137e+05
1.6985e+05
1.6837e+05
1.6694e+05
1.6556e+05
1.6422e+05
1.6292e+05
1.6167e+05
1.6046e+05
1.593e+05
1.5818e+05
1.5711e+05
1.5608e+05
1.5509e+05
1.5414e+05
1.5324e+05
1.5238e+05
1.5155e+05
1.5077e+05
1.5004e+05
1.4934e+05
1.4868e+05
1.4806e+05
1.4748e+05
1.4694e+05
1.4644e+05
1.4597e+05
1.4555e+05
1.4516e+05
1.4481e+05
1.4449e+05
1.4422e+05
1.4397e+05
1.4377e+05
1.4359e+05
1.4346e+05
1.4335e+05
1.4328e+05
1.4325e+05
1.4325e+05
1.4328e+05
1.4334e+05
1.4343e+05
1.4356e+05
1.4371e+05
1.439e+05
1.4412e+05
1.4437e+05
1.4464e+05
1.4495e+05
1.4528e+05
1.4564e+05
1.4603e+05
1.4645e+05
1.4689e+05
1.4736e+05
1.4785e+05
1.4837e+05
1.4892e+05
1.4949e+05
1.5008e+05
1.507e+05
1.5134e+05
1.5201e+05
1.527e+05
1.534e+05
1.5413e+05
1.5489e+05
1.5566e+05
1.5645e+05
1.5726e+05
1.581e+05
1.5895e+05
1.5982e+05
1.607e+05
1.6161e+05
1.6253e+05
1.6347e+05
1.6443e+05
1.654e+05
1.6639e+05
1.6739e+05
1.6841e+05
1.6944e+05
1.7049e+05
1.7155e+05
1.7262e+05
1.7371e+05
1.7481e+05
1.7592e+05
1.7704e+05
1.7818e+05
1.7932e+05
1.8048e+05
1.8164e+05
1.8282e+05
1.84e+05
1.852e+05
1.864e+05
1.8761e+05
1.8882e+05
1.9005e+05
1.9128e+05
1.9252e+05
1.9377e+05
1.9502e+05
1.9627e+05
1.9754e+05
1.988e+05
2.0007e+05
2.0135e+05
2.0263e+05
2.0391e+05
2.052e+05
2.0648e+05
2.0778e+05
2.0907e+05
2.1036e+05
2.1166e+05
2.1296e+05
2.1426e+05
2.1555e+05
2.1685e+05
2.1815e+05
2.1945e+05
2.2075e+05
2.2205e+05
2.2334e+05
2.2464e+05
2.2593e+05
2.2722e+05
2.285e+05
2.2979e+05
2.3107e+05
2.3235e+05
2.3362e+05
2.3489e+05
2.3616e+05
2.3742e+05
2.3868e+05
2.3993e+05
2.4118e+05
2.4242e+05
2.4366e+05
2.4489e+05
2.4611e+05
2.4733e+05
2.4854e+05
2.4974e+05
2.5094e+05
2.5213e+05
2.5331e+05
2.5448e+05
2.5565e+05
2.5681e+05
2.5796e+05
2.591e+05
2.6023e+05
2.6135e+05
2.6247e+05
2.6357e+05
2.6467e+05
2.6575e+05
2.6683e+05
2.6789e+05
2.6895e+05
2.6999e+05
2.7103e+05
2.7205e+05
2.7306e+05
2.7406e+05
2.7505e+05
2.7603e+05
2.77e+05
2.7795e+05
2.789e+05
2.7983e+05
2.8075e+05
2.8165e+05
2.8255e+05
2.8343e+05
2.843e+05
2.8515e+05
2.86e+05
2.8683e+05
2.8765e+05
2.8845e+05
2.8924e+05
2.9002e+05
2.9078e+05
2.9153e+05
2.9227e+05
2.9299e+05
2.937e+05
2.944e+05
2.9508e+05
2.9574e+05
2.964e+05
2.9703e+05
2.9766e+05
2.9827e+05
2.9886e+05
2.9944e+05
3.0001e+05
3.0056e+05
3.011e+05
3.0162e+05
3.0213e+05
3.0262e+05
3.031e+05
3.0356e+05
3.04e+05
3.0444e+05
3.0485e+05
3.0526e+05
3.0564e+05
3.0602e+05
3.0637e+05
3.0671e+05
3.0704e+05
3.0735e+05
3.0765e+05
3.0793e+05
3.082e+05
3.0845e+05
3.0868e+05
3.089e+05
3.0911e+05
3.093e+05
3.0947e+05
3.0963e+05
3.0977e+05
3.099e+05
3.1002e+05
3.1012e+05
3.102e+05
3.1027e+05
3.1032e+05
3.1036e+05
3.1038e+05
3.1039e+05
3.1038e+05
3.1036e+05
3.1032e+05
3.1027e+05
3.102e+05
3.1012e+05
3.1003e+05
3.0992e+05
3.0979e+05
3.0965e+05
3.095e+05
3.0933e+05
3.0914e+05
3.0894e+05
3.0873e+05
3.085e+05
3.0826e+05
3.0801e+05
3.0774e+05
3.0745e+05
3.0716e+05
3.0684e+05
3.0652e+05
3.0618e+05
3.0583e+05
3.0546e+05
3.0508e+05
3.0469e+05
3.0428e+05
3.0386e+05
3.0342e+05
3.0297e+05
3.0251e+05
3.0204e+05
3.0155e+05
3.0105e+05
3.0054e+05
3.0002e+05
2.9948e+05
2.9893e+05
2.9836e+05
2.9779e+05
2.972e+05
2.966e+05
2.9599e+05
2.9537e+05
2.9473e+05
2.9408e+05
2.9342e+05
2.9275e+05
2.9207e+05
2.9137e+05
2.9067e+05
2.8995e+05
2.8922e+05
2.8848e+05
2.8773e+05
2.8697e+05
2.862e+05
2.8541e+05
2.8462e+05
2.8382e+05
2.83e+05
2.8218e+05
2.8134e+05
2.805e+05
2.7964e+05
2.7878e+05
2.779e+05
2.7702e+05
2.7613e+05
2.7522e+05
2.7431e+05
2.7339e+05
2.7246e+05
2.7152e+05
2.7057e+05
2.6961e+05
2.6865e+05
2.6767e+05
2.6669e+05
2.657e+05
2.647e+05
2.6369e+05
2.6267e+05
2.6165e+05
2.6062e+05
2.5958e+05
2.5853e+05
2.5748e+05
2.5642e+05
2.5535e+05
2.5427e+05
2.5319e+05
2.521e+05
2.51e+05
2.499e+05
2.4879e+05
2.4767e+05
2.4655e+05
2.4542e+05
2.4428e+05
2.4314e+05
2.42e+05
2.4084e+05
2.3968e+05
2.3852e+05
2.3735e+05
2.3618e+05
2.35e+05
2.3381e+05
2.3262e+05
2.3142e+05
2.3022e+05
2.2902e+05
2.2781e+05
2.266e+05
2.2538e+05
2.2416e+05
2.2293e+05
2.217e+05
2.2046e+05
2.1922e+05
2.1798e+05
2.1674e+05
2.1549e+05
2.1423e+05
2.1298e+05
2.1172e+05
2.1046e+05
2.0919e+05
2.0792e+05
2.0665e+05
2.0538e+05
2.041e+05
2.0282e+05
2.0154e+05
2.0026e+05
1.9897e+05
1.9768e+05
1.9639e+05
1.951e+05
1.9381e+05
1.9251e+05
1.9122e+05
1.8992e+05
1.8862e+05
1.8732e+05
1.8602e+05
1.8471e+05
1.8341e+05
1.821e+05
1.808e+05
1.7949e+05
1.7818e+05
1.7688e+05
1.7557e+05
1.7426e+05
1.7295e+05
1.7164e+05
1.7033e+05
1.6902e+05
1.6771e+05
1.664e+05
1.6509e+05
1.6379e+05
1.6248e+05
1.6117e+05
1.5986e+05
1.5856e+05
1.5725e+05
1.5595e+05
1.5464e+05
1.5334e+05
1.5204e+05
1.5074e+05
1.4944e+05
1.4814e+05
1.4685e+05
1.4555e+05
1.4426e+05
1.4297e+05
1.4168e+05
1.4039e+05
1.3911e+05
1.3782e+05
1.3654e+05
1.3526e+05
1.3398e+05
1.3271e+05
1.3143e+05
1.3016e+05
1.2889e+05
1.2763e+05
1.2637e+05
1.2511e+05
1.2385e+05
1.2259e+05
1.2134e+05
1.2009e+05
1.1885e+05
1.176e+05
1.1636e+05
1.1513e+05
1.1389e+05
1.1266e+05
1.1144e+05
1.1022e+05
1.09e+05
1.0778e+05
1.0657e+05
1.0536e+05
1.0415e+05
1.0295e+05
1.0176e+05
1.0056e+05
99374
98189
97008
95831
94658
93490
92325
91166
90010
88859
87713
86571
85433
84301
83173
82050
80931
79818
78709
77605
76506
75412
74324
73240
72161
71088
70020
68957
67899
66847
65800
64758
63722
62691
61666
60647
59632
58624
57621
56624
55632
54647
53667
52693
51724
50762
49805
48854
47909
46970
46037
45111
44190
43275
42366
41463
40567
39676
38792
37914
37042
36176
35317
34463
33616
32776
31941
31113
30291
29476
28667
27864
27068
26278
25495
24718
23947
23183
22425
21674
20929
20190
19458
18733
18014
17302
16596
15896
15203
14517
13837
13164
12497
11837
11183
10536
9895.2
9261
8633.4
8012.3
7397.7
6789.6
6188.1
5593
5004.5
4422.5
3847
3278
2715.5
2159.4
1609.9
1066.8
530.16
0
