25058
28263
31683
35312
39147
43181
47409
51825
56421
61190
66125
71218
76461
81844
87360
92998
98750
1.046e+05
1.1055e+05
1.1659e+05
1.2269e+05
1.2886e+05
1.3509e+05
1.4135e+05
1.4765e+05
1.5396e+05
1.6029e+05
1.6662e+05
1.7294e+05
1.7923e+05
1.855e+05
1.9172e+05
1.9789e+05
2.04e+05
2.1003e+05
2.1599e+05
2.2186e+05
2.2762e+05
2.3328e+05
2.3882e+05
2.4424e+05
2.4952e+05
2.5466e+05
2.5965e+05
2.6449e+05
2.6917e+05
2.7368e+05
2.7802e+05
2.8218e+05
2.8616e+05
2.8994e+05
2.9354e+05
2.9694e+05
3.0014e+05
3.0314e+05
3.0593e+05
3.0852e+05
3.109e+05
3.1308e+05
3.1504e+05
3.1679e+05
3.1833e+05
3.1967e+05
3.2079e+05
3.2171e+05
3.2242e+05
3.2293e+05
3.2324e+05
3.2335e+05
3.2327e+05
3.23e+05
3.2254e+05
3.219e+05
3.2108e+05
3.2008e+05
3.1892e+05
3.176e+05
3.1611e+05
3.1448e+05
3.1271e+05
3.1079e+05
3.0874e+05
3.0657e+05
3.0428e+05
3.0187e+05
2.9936e+05
2.9676e+05
2.9406e+05
2.9129e+05
2.8843e+05
2.8551e+05
2.8253e+05
2.795e+05
2.7642e+05
2.7331e+05
2.7016e+05
2.67e+05
2.6382e+05
2.6063e+05
2.5744e+05
2.5426e+05
2.5109e+05
2.4794e+05
2.4482e+05
2.4173e+05
2.3869e+05
2.3569e+05
2.3274e+05
2.2985e+05
2.2703e+05
2.2428e+05
2.216e+05
2.19e+05
2.1649e+05
2.1406e+05
2.1173e+05
2.0949e+05
2.0736e+05
2.0533e+05
2.034e+05
2.0159e+05
1.9989e+05
1.983e+05
1.9683e+05
1.9547e+05
1.9424e+05
1.9312e+05
1.9213e+05
1.9126e+05
1.905e+05
1.8987e+05
1.8936e+05
1.8897e+05
1.887e+05
1.8854e+05
1.885e+05
1.8858e+05
1.8876e+05
1.8906e+05
1.8946e+05
1.8996e+05
1.9057e+05
1.9127e+05
1.9206e+05
1.9294e+05
1.9391e+05
1.9496e+05
1.9609e+05
1.9728e+05
1.9855e+05
1.9988e+05
2.0126e+05
2.027e+05
2.0419e+05
2.0571e+05
2.0728e+05
2.0887e+05
2.105e+05
2.1214e+05
2.1379e+05
2.1546e+05
2.1713e+05
2.188e+05
2.2046e+05
2.2211e+05
2.2374e+05
2.2534e+05
2.2692e+05
2.2847e+05
2.2997e+05
2.3144e+05
2.3285e+05
2.3421e+05
2.3551e+05
2.3675e+05
2.3793e+05
2.3904e+05
2.4007e+05
2.4102e+05
2.419e+05
2.4269e+05
2.4339e+05
2.44e+05
2.4452e+05
2.4495e+05
2.4528e+05
2.4551e+05
2.4564e+05
2.4567e+05
2.456e+05
2.4543e+05
2.4515e+05
2.4476e+05
2.4428e+05
2.4368e+05
2.4299e+05
2.4219e+05
2.4129e+05
2.4028e+05
2.3918e+05
2.3798e+05
2.3668e+05
2.3528e+05
2.3379e+05
2.3221e+05
2.3054e+05
2.2878e+05
2.2694e+05
2.2502e+05
2.2302e+05
2.2094e+05
2.1879e+05
2.1658e+05
2.1429e+05
2.1194e+05
2.0954e+05
2.0708e+05
2.0456e+05
2.02e+05
1.9939e+05
1.9674e+05
1.9405e+05
1.9133e+05
1.8857e+05
1.8579e+05
1.8298e+05
1.8015e+05
1.773e+05
1.7444e+05
1.7157e+05
1.6868e+05
1.6579e+05
1.629e+05
1.6001e+05
1.5712e+05
1.5423e+05
1.5135e+05
1.4848e+05
1.4562e+05
1.4278e+05
1.3995e+05
1.3713e+05
1.3433e+05
1.3156e+05
1.288e+05
1.2606e+05
1.2335e+05
1.2066e+05
1.18e+05
1.1536e+05
1.1275e+05
1.1016e+05
1.076e+05
1.0506e+05
1.0255e+05
1.0007e+05
97613
95183
92779
90402
88050
85723
83421
81144
78890
76660
74454
72270
70109
67970
65853
63757
61683
59629
57597
55585
53594
51624
49676
47748
45842
43959
42097
40259
38445
36656
34892
33154
31444
29763
28111
26491
24903
23349
21830
20349
18906
17503
16142
14824
13552
12327
11151
10025
8951.5
7931.6
6967.1
6059.7
5210.7
4421.6
3693.7
3028.4
2426.7
1889.7
1418.3
1013.3
675.23
404.64
201.83
66.962
0
0.74288
68.798
203.58
404.31
670
999.46
1391.3
1843.9
2355.6
2924.1
3547.5
4223.1
4948.5
5720.7
6536.8
7393.7
8287.8
9215.8
10174
11158
12165
13189
14228
15276
16330
17384
18435
19477
20506
21518
22507
23470
24402
25298
26154
26966
27729
28441
29096
29692
30224
30691
31088
31414
31666
31842
31939
31958
31896
31753
31529
31223
30837
30371
29826
29205
28508
27740
26903
26001
25037
24017
22944
21825
20665
19471
18248
17005
15749
14488
13230
11983
10758
9562.6
8407.6
7302.8
6258.6
5285.5
4394.4
3596.5
2902.9
2325.2
1874.8
1563.4
1402.7
1404.6
1580.8
1943.2
2503.3
3273
4263.6
5486.6
6953.2
8674.4
10661
12923
15471
18315
21463
24926
28711
32827
37280
42079
47230
52738
58610
64848
71458
78443
85805
93546
1.0167e+05
1.1017e+05
1.1905e+05
1.2832e+05
1.3796e+05
1.4797e+05
1.5836e+05
1.6911e+05
1.8022e+05
1.9169e+05
2.0351e+05
2.1567e+05
2.2817e+05
2.4099e+05
2.5412e+05
2.6756e+05
2.8129e+05
2.953e+05
3.0958e+05
3.2411e+05
3.3888e+05
3.5388e+05
3.6909e+05
3.8449e+05
4.0007e+05
4.1581e+05
4.3169e+05
4.4769e+05
4.638e+05
4.8e+05
4.9626e+05
5.1257e+05
5.2891e+05
5.4525e+05
5.6158e+05
5.7788e+05
5.9412e+05
6.1029e+05
6.2636e+05
6.423e+05
6.5811e+05
6.7376e+05
6.8923e+05
7.045e+05
7.1954e+05
7.3434e+05
7.4888e+05
7.6313e+05
7.7708e+05
7.9071e+05
8.0401e+05
8.1694e+05
8.2949e+05
8.4166e+05
8.5341e+05
8.6474e+05
8.7563e+05
8.8606e+05
8.9603e+05
9.0551e+05
9.1449e+05
9.2297e+05
9.3093e+05
9.3836e+05
9.4526e+05
9.516e+05
9.574e+05
9.6263e+05
9.6729e+05
9.7139e+05
9.749e+05
9.7784e+05
9.802e+05
9.8197e+05
9.8315e+05
9.8376e+05
9.8378e+05
9.8322e+05
9.8208e+05
9.8036e+05
9.7808e+05
9.7523e+05
9.7183e+05
9.6787e+05
9.6337e+05
9.5833e+05
9.5277e+05
9.467e+05
9.4012e+05
9.3305e+05
9.2549e+05
9.1747e+05
9.0899e+05
9.0007e+05
8.9073e+05
8.8097e+05
8.7082e+05
8.6028e+05
8.4938e+05
8.3813e+05
8.2655e+05
8.1466e+05
8.0247e+05
7.9e+05
7.7726e+05
7.6429e+05
7.5108e+05
7.3767e+05
7.2408e+05
7.1031e+05
6.9638e+05
6.8232e+05
6.6815e+05
6.5388e+05
6.3952e+05
6.251e+05
6.1064e+05
5.9615e+05
5.8164e+05
5.6714e+05
5.5266e+05
5.3822e+05
5.2383e+05
5.0951e+05
4.9527e+05
4.8113e+05
4.671e+05
4.5319e+05
4.3942e+05
4.258e+05
4.1234e+05
3.9905e+05
3.8595e+05
3.7304e+05
3.6034e+05
3.4785e+05
3.3558e+05
3.2354e+05
3.1174e+05
3.0019e+05
2.8888e+05
2.7783e+05
2.6705e+05
2.5653e+05
2.4628e+05
2.3631e+05
2.2661e+05
2.1719e+05
2.0806e+05
1.9921e+05
1.9064e+05
1.8236e+05
1.7436e+05
1.6664e+05
1.5921e+05
1.5206e+05
1.4519e+05
1.3859e+05
1.3227e+05
1.2622e+05
1.2043e+05
1.1491e+05
1.0965e+05
1.0465e+05
99889
95378
91105
87067
83256
79667
76294
73131
70170
67405
64830
62437
60219
58171
56284
54551
52966
51522
50211
49027
47962
47009
46163
45416
44762
44194
43705
43291
42944
42659
42430
42251
42118
42024
41965
41937
41933
41951
41986
42033
42089
42151
42214
42277
42335
42387
42429
42459
42475
42475
42457
42421
42363
42284
42182
42056
41905
41730
41530
41303
41052
40774
40472
40144
39792
39415
39015
38592
38148
37682
37196
36691
36168
35629
35073
34504
33921
33327
32722
32108
31486
30858
30224
29587
28948
28307
27667
27028
26391
25759
25132
24511
23897
23291
22695
22109
21535
20972
20422
19886
19364
18857
18365
17890
17430
16987
16562
16153
15762
15389
15033
14695
14375
14072
13787
13520
13269
13035
12818
12617
12432
12262
12106
11966
11839
11725
11624
11534
11457
11390
11333
11285
11246
11215
11192
11175
11163
11157
11155
11157
11162
11168
11177
11186
11196
