4.8345e+05
4.8827e+05
4.9295e+05
4.9747e+05
5.0184e+05
5.0606e+05
5.1012e+05
5.1403e+05
5.1777e+05
5.2136e+05
5.2478e+05
5.2804e+05
5.3114e+05
5.3407e+05
5.3684e+05
5.3944e+05
5.4188e+05
5.4415e+05
5.4626e+05
5.4821e+05
5.4998e+05
5.516e+05
5.5305e+05
5.5435e+05
5.5548e+05
5.5645e+05
5.5727e+05
5.5793e+05
5.5844e+05
5.588e+05
5.59e+05
5.5906e+05
5.5898e+05
5.5875e+05
5.5838e+05
5.5787e+05
5.5723e+05
5.5646e+05
5.5557e+05
5.5454e+05
5.534e+05
5.5213e+05
5.5076e+05
5.4927e+05
5.4767e+05
5.4597e+05
5.4417e+05
5.4228e+05
5.4029e+05
5.3822e+05
5.3606e+05
5.3382e+05
5.3151e+05
5.2912e+05
5.2667e+05
5.2416e+05
5.2159e+05
5.1897e+05
5.1629e+05
5.1358e+05
5.1082e+05
5.0803e+05
5.052e+05
5.0235e+05
4.9947e+05
4.9658e+05
4.9368e+05
4.9076e+05
4.8784e+05
4.8492e+05
4.8201e+05
4.791e+05
4.762e+05
4.7332e+05
4.7047e+05
4.6763e+05
4.6482e+05
4.6205e+05
4.5931e+05
4.5661e+05
4.5396e+05
4.5135e+05
4.4879e+05
4.4629e+05
4.4384e+05
4.4145e+05
4.3912e+05
4.3686e+05
4.3467e+05
4.3255e+05
4.3051e+05
4.2853e+05
4.2664e+05
4.2483e+05
4.231e+05
4.2145e+05
4.1989e+05
4.1842e+05
4.1703e+05
4.1574e+05
4.1454e+05
4.1343e+05
4.1241e+05
4.1148e+05
4.1065e+05
4.0992e+05
4.0928e+05
4.0873e+05
4.0828e+05
4.0793e+05
4.0767e+05
4.075e+05
4.0742e+05
4.0744e+05
4.0755e+05
4.0775e+05
4.0804e+05
4.0842e+05
4.0889e+05
4.0944e+05
4.1007e+05
4.1078e+05
4.1158e+05
4.1245e+05
4.1339e+05
4.1441e+05
4.155e+05
4.1666e+05
4.1789e+05
4.1917e+05
4.2052e+05
4.2192e+05
4.2338e+05
4.2489e+05
4.2645e+05
4.2805e+05
4.2969e+05
4.3137e+05
4.3309e+05
4.3484e+05
4.3662e+05
4.3842e+05
4.4024e+05
4.4208e+05
4.4394e+05
4.458e+05
4.4767e+05
4.4955e+05
4.5142e+05
4.5329e+05
4.5516e+05
4.5701e+05
4.5884e+05
4.6066e+05
4.6246e+05
4.6423e+05
4.6597e+05
4.6768e+05
4.6936e+05
4.7099e+05
4.7259e+05
4.7413e+05
4.7563e+05
4.7707e+05
4.7846e+05
4.7979e+05
4.8106e+05
4.8227e+05
4.834e+05
4.8447e+05
4.8547e+05
4.8639e+05
4.8723e+05
4.8799e+05
4.8867e+05
4.8926e+05
4.8976e+05
4.9018e+05
4.9051e+05
4.9074e+05
4.9088e+05
4.9092e+05
4.9086e+05
4.907e+05
4.9045e+05
4.9009e+05
4.8962e+05
4.8905e+05
4.8838e+05
4.876e+05
4.8671e+05
4.8571e+05
4.8461e+05
4.834e+05
4.8207e+05
4.8064e+05
4.791e+05
4.7745e+05
4.7569e+05
4.7382e+05
4.7184e+05
4.6975e+05
4.6755e+05
4.6525e+05
4.6284e+05
4.6032e+05
4.5769e+05
4.5497e+05
4.5213e+05
4.492e+05
4.4616e+05
4.4303e+05
4.3979e+05
4.3646e+05
4.3304e+05
4.2952e+05
4.259e+05
4.222e+05
4.1841e+05
4.1453e+05
4.1057e+05
4.0652e+05
4.024e+05
3.9819e+05
3.9392e+05
3.8956e+05
3.8514e+05
3.8065e+05
3.7609e+05
3.7147e+05
3.6678e+05
3.6204e+05
3.5725e+05
3.524e+05
3.475e+05
3.4255e+05
3.3756e+05
3.3253e+05
3.2746e+05
3.2236e+05
3.1722e+05
3.1206e+05
3.0687e+05
3.0165e+05
2.9642e+05
2.9117e+05
2.8591e+05
2.8064e+05
2.7536e+05
2.7008e+05
2.648e+05
2.5952e+05
2.5425e+05
2.4899e+05
2.4374e+05
2.3851e+05
2.333e+05
2.2811e+05
2.2295e+05
2.1783e+05
2.1273e+05
2.0767e+05
2.0265e+05
1.9767e+05
1.9275e+05
1.8787e+05
1.8304e+05
1.7827e+05
1.7356e+05
1.6892e+05
1.6434e+05
1.5983e+05
1.5539e+05
1.5103e+05
1.4675e+05
1.4255e+05
1.3843e+05
1.344e+05
1.3047e+05
1.2662e+05
1.2287e+05
1.1923e+05
1.1568e+05
1.1224e+05
1.0891e+05
1.0568e+05
1.0257e+05
99577
96699
93942
91307
88797
86414
84161
82039
80050
78197
76481
74904
73469
72176
71027
70025
69169
68463
67907
67503
67251
67153
67210
67423
67793
68320
69006
69851
70855
72019
73343
74828
76474
78281
80250
82379
84670
87121
89733
92505
95437
98528
1.0178e+05
1.0519e+05
1.0875e+05
1.1247e+05
1.1635e+05
1.2038e+05
1.2456e+05
1.289e+05
1.3339e+05
1.3803e+05
1.4281e+05
1.4774e+05
1.5282e+05
1.5804e+05
1.634e+05
1.689e+05
1.7454e+05
1.8032e+05
1.8623e+05
1.9227e+05
1.9844e+05
2.0474e+05
2.1117e+05
2.1772e+05
2.2438e+05
2.3117e+05
2.3807e+05
2.4509e+05
2.5221e+05
2.5945e+05
2.6679e+05
2.7423e+05
2.8177e+05
2.894e+05
2.9713e+05
3.0495e+05
3.1286e+05
3.2085e+05
3.2892e+05
3.3707e+05
3.4529e+05
3.5358e+05
3.6195e+05
3.7037e+05
3.7886e+05
3.8741e+05
3.9601e+05
4.0466e+05
4.1336e+05
4.221e+05
4.3088e+05
4.397e+05
4.4856e+05
4.5744e+05
4.6635e+05
4.7528e+05
4.8423e+05
4.932e+05
5.0217e+05
5.1116e+05
5.2015e+05
5.2914e+05
5.3813e+05
5.4711e+05
5.5608e+05
5.6504e+05
5.7398e+05
5.829e+05
5.9179e+05
6.0066e+05
6.0949e+05
6.1829e+05
6.2706e+05
6.3578e+05
6.4445e+05
6.5308e+05
6.6165e+05
6.7017e+05
6.7863e+05
6.8703e+05
6.9536e+05
7.0362e+05
7.1182e+05
7.1993e+05
7.2797e+05
7.3593e+05
7.438e+05
7.5159e+05
7.5929e+05
7.6689e+05
7.744e+05
7.8181e+05
7.8912e+05
7.9632e+05
8.0342e+05
8.1041e+05
8.1729e+05
8.2405e+05
8.307e+05
8.3723e+05
8.4364e+05
8.4992e+05
8.5608e+05
8.6212e+05
8.6802e+05
8.7379e+05
8.7943e+05
8.8494e+05
8.9031e+05
8.9554e+05
9.0063e+05
9.0558e+05
9.1039e+05
9.1505e+05
9.1957e+05
9.2394e+05
9.2816e+05
9.3223e+05
9.3615e+05
9.3993e+05
9.4355e+05
9.4701e+05
9.5033e+05
9.5349e+05
9.5649e+05
9.5934e+05
9.6203e+05
9.6457e+05
9.6695e+05
9.6917e+05
9.7124e+05
9.7315e+05
9.749e+05
9.7649e+05
9.7792e+05
9.792e+05
9.8032e+05
9.8128e+05
9.8209e+05
9.8274e+05
9.8323e+05
9.8357e+05
9.8375e+05
9.8378e+05
9.8365e+05
9.8337e+05
9.8294e+05
9.8235e+05
9.8162e+05
9.8074e+05
9.797e+05
9.7852e+05
9.7719e+05
9.7572e+05
9.741e+05
9.7233e+05
9.7043e+05
9.6838e+05
9.662e+05
9.6387e+05
9.6141e+05
9.5882e+05
9.5609e+05
9.5322e+05
9.5023e+05
9.4711e+05
9.4386e+05
9.4048e+05
9.3698e+05
9.3336e+05
9.2961e+05
9.2575e+05
9.2177e+05
9.1767e+05
9.1347e+05
9.0915e+05
9.0472e+05
9.0018e+05
8.9554e+05
8.9079e+05
8.8594e+05
8.8099e+05
8.7595e+05
8.708e+05
8.6557e+05
8.6024e+05
8.5483e+05
8.4932e+05
8.4373e+05
8.3806e+05
8.3231e+05
8.2648e+05
8.2057e+05
8.1459e+05
8.0854e+05
8.0242e+05
7.9623e+05
7.8997e+05
7.8365e+05
7.7727e+05
7.7083e+05
7.6434e+05
7.5778e+05
7.5118e+05
7.4453e+05
7.3783e+05
7.3108e+05
7.2429e+05
7.1746e+05
7.1059e+05
7.0369e+05
6.9675e+05
6.8977e+05
6.8277e+05
6.7574e+05
6.6868e+05
6.616e+05
6.5449e+05
6.4737e+05
6.4023e+05
6.3307e+05
6.2591e+05
6.1872e+05
6.1153e+05
6.0434e+05
5.9713e+05
5.8993e+05
5.8272e+05
5.7552e+05
5.6831e+05
5.6111e+05
5.5392e+05
5.4674e+05
5.3956e+05
5.324e+05
5.2525e+05
5.1812e+05
5.11e+05
5.0391e+05
4.9683e+05
4.8978e+05
4.8275e+05
4.7574e+05
4.6877e+05
4.6182e+05
4.549e+05
4.4802e+05
4.4117e+05
4.3435e+05
4.2757e+05
4.2083e+05
4.1413e+05
4.0746e+05
4.0084e+05
3.9426e+05
3.8773e+05
3.8124e+05
3.748e+05
3.684e+05
3.6206e+05
3.5576e+05
3.4952e+05
3.4332e+05
3.3718e+05
3.311e+05
3.2506e+05
3.1909e+05
3.1317e+05
3.0731e+05
3.015e+05
2.9575e+05
2.9007e+05
2.8444e+05
2.7887e+05
2.7337e+05
2.6792e+05
2.6254e+05
2.5722e+05
2.5197e+05
2.4677e+05
2.4165e+05
2.3658e+05
2.3158e+05
2.2665e+05
2.2178e+05
2.1697e+05
2.1223e+05
2.0756e+05
2.0295e+05
1.984e+05
1.9393e+05
1.8952e+05
1.8517e+05
1.8089e+05
1.7668e+05
1.7253e+05
1.6844e+05
1.6443e+05
1.6047e+05
1.5658e+05
1.5276e+05
1.49e+05
1.4531e+05
1.4168e+05
1.3811e+05
1.346e+05
1.3116e+05
1.2778e+05
1.2446e+05
1.2121e+05
1.1801e+05
1.1488e+05
1.1181e+05
1.0879e+05
1.0584e+05
1.0294e+05
1.001e+05
97321
94597
91930
89318
86762
84260
81811
79417
77074
74784
72545
70357
68219
66130
64089
62097
60151
58253
56400
54592
52828
51109
49432
47797
46204
44652
43141
41668
40234
38839
37480
36159
34873
33623
32407
31225
30076
28960
27875
26822
25799
24807
23843
22908
22001
21121
20269
19442
18640
17864
17111
16383
15677
14994
14333
13693
13074
12475
11896
11337
10795
10272
9766.9
9278.6
8806.8
8351.2
7911.1
7486.2
7075.9
6679.9
6297.6
5928.5
5572.3
5228.5
4896.7
4576.4
4267.2
3968.7
3680.6
3402.3
3133.6
2874.1
2623.2
2380.8
2146.4
1919.7
1700.3
1487.8
1282
1082.5
888.98
701.1
518.57
341.07
168.31
0
