6.0771e+05
6.0908e+05
6.1034e+05
6.115e+05
6.1256e+05
6.1351e+05
6.1436e+05
6.1511e+05
6.1576e+05
6.1631e+05
6.1676e+05
6.1711e+05
6.1736e+05
6.1752e+05
6.1759e+05
6.1756e+05
6.1744e+05
6.1724e+05
6.1694e+05
6.1655e+05
6.1608e+05
6.1552e+05
6.1488e+05
6.1415e+05
6.1335e+05
6.1246e+05
6.115e+05
6.1046e+05
6.0935e+05
6.0816e+05
6.0691e+05
6.0558e+05
6.0419e+05
6.0273e+05
6.012e+05
5.9962e+05
5.9797e+05
5.9626e+05
5.9449e+05
5.9267e+05
5.9079e+05
5.8886e+05
5.8689e+05
5.8486e+05
5.8278e+05
5.8066e+05
5.7849e+05
5.7628e+05
5.7403e+05
5.7175e+05
5.6942e+05
5.6706e+05
5.6466e+05
5.6224e+05
5.5978e+05
5.5729e+05
5.5478e+05
5.5224e+05
5.4967e+05
5.4709e+05
5.4448e+05
5.4185e+05
5.392e+05
5.3654e+05
5.3386e+05
5.3116e+05
5.2846e+05
5.2574e+05
5.2301e+05
5.2027e+05
5.1753e+05
5.1478e+05
5.1202e+05
5.0926e+05
5.065e+05
5.0373e+05
5.0097e+05
4.982e+05
4.9544e+05
4.9268e+05
4.8992e+05
4.8717e+05
4.8442e+05
4.8168e+05
4.7894e+05
4.7621e+05
4.7349e+05
4.7078e+05
4.6808e+05
4.6539e+05
4.6271e+05
4.6005e+05
4.5739e+05
4.5475e+05
4.5212e+05
4.495e+05
4.469e+05
4.4431e+05
4.4174e+05
4.3918e+05
4.3664e+05
4.3411e+05
4.316e+05
4.2911e+05
4.2663e+05
4.2416e+05
4.2172e+05
4.1929e+05
4.1687e+05
4.1447e+05
4.1209e+05
4.0973e+05
4.0738e+05
4.0505e+05
4.0273e+05
4.0043e+05
3.9815e+05
3.9588e+05
3.9363e+05
3.9139e+05
3.8917e+05
3.8696e+05
3.8477e+05
3.8259e+05
3.8042e+05
3.7827e+05
3.7613e+05
3.74e+05
3.7188e+05
3.6978e+05
3.6768e+05
3.656e+05
3.6353e+05
3.6147e+05
3.5942e+05
3.5737e+05
3.5534e+05
3.5331e+05
3.5129e+05
3.4927e+05
3.4727e+05
3.4527e+05
3.4327e+05
3.4128e+05
3.3929e+05
3.373e+05
3.3532e+05
3.3334e+05
3.3137e+05
3.2939e+05
3.2742e+05
3.2544e+05
3.2347e+05
3.2149e+05
3.1951e+05
3.1753e+05
3.1555e+05
3.1357e+05
3.1158e+05
3.0959e+05
3.0759e+05
3.0559e+05
3.0358e+05
3.0157e+05
2.9955e+05
2.9753e+05
2.955e+05
2.9346e+05
2.9141e+05
2.8936e+05
2.873e+05
2.8523e+05
2.8315e+05
2.8106e+05
2.7896e+05
2.7685e+05
2.7473e+05
2.726e+05
2.7047e+05
2.6832e+05
2.6616e+05
2.6399e+05
2.6181e+05
2.5961e+05
2.5741e+05
2.552e+05
2.5298e+05
2.5074e+05
2.485e+05
2.4624e+05
2.4397e+05
2.417e+05
2.3941e+05
2.3711e+05
2.3481e+05
2.3249e+05
2.3017e+05
2.2783e+05
2.2549e+05
2.2314e+05
2.2078e+05
2.1841e+05
2.1604e+05
2.1366e+05
2.1127e+05
2.0888e+05
2.0649e+05
2.0409e+05
2.0168e+05
1.9927e+05
1.9686e+05
1.9445e+05
1.9204e+05
1.8962e+05
1.8721e+05
1.8479e+05
1.8238e+05
1.7997e+05
1.7757e+05
1.7517e+05
1.7277e+05
1.7038e+05
1.68e+05
1.6562e+05
1.6325e+05
1.609e+05
1.5855e+05
1.5622e+05
1.539e+05
1.5159e+05
1.493e+05
1.4702e+05
1.4476e+05
1.4252e+05
1.403e+05
1.381e+05
1.3592e+05
1.3377e+05
1.3163e+05
1.2953e+05
1.2745e+05
1.254e+05
1.2337e+05
1.2138e+05
1.1942e+05
1.1749e+05
1.156e+05
1.1374e+05
1.1192e+05
1.1013e+05
1.0839e+05
1.0669e+05
1.0502e+05
1.034e+05
1.0183e+05
1.003e+05
98814
97380
95994
94659
93377
92147
90972
89853
88790
87786
86842
85958
85136
84377
83682
83053
82490
81995
81569
81212
80927
80714
80574
80508
80518
80603
80766
81006
81326
81726
82206
82768
83413
84141
84953
85849
86832
87900
89055
90298
91628
93048
94556
96154
97843
99622
1.0149e+05
1.0345e+05
1.0551e+05
1.0765e+05
1.0989e+05
1.1222e+05
1.1464e+05
1.1716e+05
1.1976e+05
1.2247e+05
1.2526e+05
1.2815e+05
1.3113e+05
1.342e+05
1.3737e+05
1.4063e+05
1.4398e+05
1.4743e+05
1.5097e+05
1.546e+05
1.5832e+05
1.6213e+05
1.6604e+05
1.7003e+05
1.7411e+05
1.7829e+05
1.8255e+05
1.869e+05
1.9134e+05
1.9587e+05
2.0048e+05
2.0518e+05
2.0996e+05
2.1483e+05
2.1978e+05
2.2481e+05
2.2993e+05
2.3512e+05
2.404e+05
2.4575e+05
2.5118e+05
2.5669e+05
2.6227e+05
2.6793e+05
2.7366e+05
2.7946e+05
2.8533e+05
2.9127e+05
2.9728e+05
3.0335e+05
3.0949e+05
3.1569e+05
3.2196e+05
3.2829e+05
3.3467e+05
3.4112e+05
3.4762e+05
3.5417e+05
3.6078e+05
3.6743e+05
3.7414e+05
3.809e+05
3.877e+05
3.9455e+05
4.0144e+05
4.0837e+05
4.1534e+05
4.2234e+05
4.2938e+05
4.3646e+05
4.4357e+05
4.507e+05
4.5787e+05
4.6506e+05
4.7227e+05
4.7951e+05
4.8677e+05
4.9404e+05
5.0133e+05
5.0864e+05
5.1595e+05
5.2328e+05
5.3061e+05
5.3795e+05
5.453e+05
5.5264e+05
5.5999e+05
5.6733e+05
5.7467e+05
5.82e+05
5.8933e+05
5.9664e+05
6.0394e+05
6.1122e+05
6.1849e+05
6.2574e+05
6.3297e+05
6.4017e+05
6.4735e+05
6.545e+05
6.6162e+05
6.6871e+05
6.7576e+05
6.8278e+05
6.8977e+05
6.9671e+05
7.0361e+05
7.1046e+05
7.1727e+05
7.2404e+05
7.3075e+05
7.3741e+05
7.4402e+05
7.5057e+05
7.5706e+05
7.6349e+05
7.6987e+05
7.7618e+05
7.8242e+05
7.886e+05
7.947e+05
8.0074e+05
8.0671e+05
8.126e+05
8.1841e+05
8.2415e+05
8.2981e+05
8.3539e+05
8.4088e+05
8.463e+05
8.5162e+05
8.5686e+05
8.6201e+05
8.6707e+05
8.7204e+05
8.7691e+05
8.817e+05
8.8638e+05
8.9097e+05
8.9546e+05
8.9985e+05
9.0414e+05
9.0833e+05
9.1241e+05
9.1639e+05
9.2027e+05
9.2403e+05
9.2769e+05
9.3125e+05
9.3469e+05
9.3802e+05
9.4124e+05
9.4435e+05
9.4734e+05
9.5022e+05
9.5299e+05
9.5564e+05
9.5817e+05
9.6059e+05
9.6289e+05
9.6507e+05
9.6714e+05
9.6908e+05
9.7091e+05
9.7262e+05
9.742e+05
9.7567e+05
9.7701e+05
9.7824e+05
9.7934e+05
9.8032e+05
9.8118e+05
9.8191e+05
9.8253e+05
9.8302e+05
9.8339e+05
9.8364e+05
9.8377e+05
9.8378e+05
9.8366e+05
9.8342e+05
9.8306e+05
9.8259e+05
9.8198e+05
9.8126e+05
9.8042e+05
9.7946e+05
9.7838e+05
9.7718e+05
9.7587e+05
9.7443e+05
9.7288e+05
9.7121e+05
9.6943e+05
9.6753e+05
9.6552e+05
9.6339e+05
9.6115e+05
9.5879e+05
9.5633e+05
9.5375e+05
9.5107e+05
9.4827e+05
9.4537e+05
9.4236e+05
9.3925e+05
9.3603e+05
9.3271e+05
9.2928e+05
9.2575e+05
9.2212e+05
9.184e+05
9.1457e+05
9.1065e+05
9.0663e+05
9.0251e+05
8.9831e+05
8.9401e+05
8.8962e+05
8.8514e+05
8.8058e+05
8.7592e+05
8.7119e+05
8.6636e+05
8.6146e+05
8.5648e+05
8.5141e+05
8.4627e+05
8.4105e+05
8.3576e+05
8.3039e+05
8.2496e+05
8.1945e+05
8.1387e+05
8.0823e+05
8.0252e+05
7.9675e+05
7.9091e+05
7.8502e+05
7.7906e+05
7.7305e+05
7.6699e+05
7.6087e+05
7.5469e+05
7.4847e+05
7.422e+05
7.3588e+05
7.2952e+05
7.2311e+05
7.1666e+05
7.1017e+05
7.0364e+05
6.9707e+05
6.9047e+05
6.8383e+05
6.7717e+05
6.7047e+05
6.6375e+05
6.5699e+05
6.5022e+05
6.4342e+05
6.3659e+05
6.2975e+05
6.2289e+05
6.1602e+05
6.0912e+05
6.0222e+05
5.953e+05
5.8838e+05
5.8144e+05
5.745e+05
5.6755e+05
5.606e+05
5.5365e+05
5.467e+05
5.3975e+05
5.328e+05
5.2586e+05
5.1892e+05
5.1199e+05
5.0507e+05
4.9816e+05
4.9127e+05
4.8438e+05
4.7751e+05
4.7066e+05
4.6382e+05
4.5701e+05
4.5021e+05
4.4344e+05
4.3669e+05
4.2996e+05
4.2326e+05
4.1659e+05
4.0995e+05
4.0334e+05
3.9675e+05
3.902e+05
3.8369e+05
3.7721e+05
3.7076e+05
3.6435e+05
3.5798e+05
3.5165e+05
3.4536e+05
3.3911e+05
3.3291e+05
3.2674e+05
3.2062e+05
3.1455e+05
3.0852e+05
3.0255e+05
2.9661e+05
2.9073e+05
2.849e+05
2.7912e+05
2.7339e+05
2.6771e+05
2.6209e+05
2.5652e+05
2.51e+05
2.4554e+05
2.4014e+05
2.3479e+05
2.295e+05
2.2427e+05
2.1909e+05
2.1398e+05
2.0892e+05
2.0393e+05
1.9899e+05
1.9412e+05
1.8931e+05
1.8455e+05
1.7986e+05
1.7524e+05
1.7067e+05
1.6617e+05
1.6174e+05
1.5736e+05
1.5305e+05
1.4881e+05
1.4463e+05
1.4051e+05
1.3646e+05
1.3247e+05
1.2855e+05
1.2469e+05
1.209e+05
1.1717e+05
1.1351e+05
1.0991e+05
1.0638e+05
1.0291e+05
99507
96169
92896
89688
86544
83464
80448
77496
74607
71782
69020
66321
63685
61110
58597
56146
53756
51427
49158
46949
44799
42709
40677
38703
36786
34927
33124
31377
29686
28050
26468
24939
23464
22042
20671
19351
18083
16864
15695
14574
13501
12476
11497
10564
9676.4
8833.3
8033.9
7277.6
6563.6
5891.2
5259.6
4668.1
4115.9
3602.3
3126.5
2687.8
2285.3
1918.3
1586
1287.7
1022.6
789.82
588.67
418.35
278.08
167.06
84.532
29.698
1.7809
0
23.577
71.734
143.7
238.69
355.95
494.71
654.19
833.64
1032.3
1249.4
1484.3
1736.1
2004.1
2287.6
2585.9
2898.2
