7.8827e+05
7.9085e+05
7.934e+05
7.9593e+05
7.9846e+05
8.01e+05
8.0355e+05
8.0612e+05
8.0873e+05
8.1138e+05
8.1407e+05
8.1682e+05
8.1963e+05
8.225e+05
8.2543e+05
8.2844e+05
8.3152e+05
8.3467e+05
8.3789e+05
8.4119e+05
8.4456e+05
8.48e+05
8.5151e+05
8.5508e+05
8.5871e+05
8.624e+05
8.6615e+05
8.6994e+05
8.7377e+05
8.7764e+05
8.8154e+05
8.8546e+05
8.894e+05
8.9335e+05
8.9729e+05
9.0123e+05
9.0516e+05
9.0906e+05
9.1294e+05
9.1677e+05
9.2056e+05
9.243e+05
9.2798e+05
9.3158e+05
9.3511e+05
9.3856e+05
9.4192e+05
9.4518e+05
9.4834e+05
9.5139e+05
9.5433e+05
9.5715e+05
9.5984e+05
9.624e+05
9.6483e+05
9.6712e+05
9.6928e+05
9.7128e+05
9.7315e+05
9.7486e+05
9.7643e+05
9.7784e+05
9.7911e+05
9.8022e+05
9.8117e+05
9.8198e+05
9.8264e+05
9.8314e+05
9.835e+05
9.8371e+05
9.8378e+05
9.837e+05
9.8348e+05
9.8313e+05
9.8265e+05
9.8203e+05
9.8129e+05
9.8043e+05
9.7944e+05
9.7835e+05
9.7714e+05
9.7583e+05
9.7442e+05
9.7291e+05
9.7131e+05
9.6963e+05
9.6786e+05
9.6601e+05
9.6409e+05
9.621e+05
9.6005e+05
9.5794e+05
9.5578e+05
9.5356e+05
9.513e+05
9.4899e+05
9.4665e+05
9.4427e+05
9.4186e+05
9.3943e+05
9.3697e+05
9.3449e+05
9.3199e+05
9.2947e+05
9.2694e+05
9.2441e+05
9.2186e+05
9.1931e+05
9.1675e+05
9.142e+05
9.1164e+05
9.0908e+05
9.0652e+05
9.0396e+05
9.0141e+05
8.9886e+05
8.9631e+05
8.9377e+05
8.9124e+05
8.887e+05
8.8618e+05
8.8365e+05
8.8113e+05
8.7862e+05
8.761e+05
8.7359e+05
8.7108e+05
8.6857e+05
8.6605e+05
8.6354e+05
8.6102e+05
8.585e+05
8.5598e+05
8.5345e+05
8.5091e+05
8.4837e+05
8.4581e+05
8.4325e+05
8.4067e+05
8.3808e+05
8.3548e+05
8.3286e+05
8.3023e+05
8.2758e+05
8.2491e+05
8.2223e+05
8.1952e+05
8.168e+05
8.1405e+05
8.1129e+05
8.085e+05
8.0568e+05
8.0285e+05
7.9999e+05
7.9711e+05
7.9421e+05
7.9128e+05
7.8833e+05
7.8535e+05
7.8235e+05
7.7933e+05
7.7628e+05
7.7321e+05
7.7012e+05
7.67e+05
7.6387e+05
7.6071e+05
7.5753e+05
7.5434e+05
7.5112e+05
7.4789e+05
7.4464e+05
7.4137e+05
7.3809e+05
7.3479e+05
7.3148e+05
7.2816e+05
7.2483e+05
7.2149e+05
7.1814e+05
7.1478e+05
7.1142e+05
7.0805e+05
7.0468e+05
7.0131e+05
6.9794e+05
6.9457e+05
6.912e+05
6.8784e+05
6.8448e+05
6.8112e+05
6.7778e+05
6.7444e+05
6.7112e+05
6.678e+05
6.645e+05
6.6121e+05
6.5794e+05
6.5469e+05
6.5145e+05
6.4824e+05
6.4504e+05
6.4187e+05
6.3871e+05
6.3559e+05
6.3249e+05
6.2941e+05
6.2636e+05
6.2334e+05
6.2035e+05
6.1739e+05
6.1446e+05
6.1156e+05
6.0869e+05
6.0586e+05
6.0306e+05
6.0029e+05
5.9756e+05
5.9487e+05
5.9221e+05
5.896e+05
5.8701e+05
5.8447e+05
5.8197e+05
5.795e+05
5.7707e+05
5.7469e+05
5.7234e+05
5.7004e+05
5.6777e+05
5.6555e+05
5.6336e+05
5.6122e+05
5.5912e+05
5.5706e+05
5.5504e+05
5.5307e+05
5.5113e+05
5.4924e+05
5.4739e+05
5.4558e+05
5.4381e+05
5.4209e+05
5.404e+05
5.3876e+05
5.3716e+05
5.356e+05
5.3408e+05
5.326e+05
5.3117e+05
5.2977e+05
5.2841e+05
5.271e+05
5.2582e+05
5.2458e+05
5.2338e+05
5.2223e+05
5.2111e+05
5.2003e+05
5.1898e+05
5.1798e+05
5.1701e+05
5.1609e+05
5.152e+05
5.1434e+05
5.1352e+05
5.1274e+05
5.12e+05
5.1129e+05
5.1062e+05
5.0998e+05
5.0938e+05
5.0881e+05
5.0828e+05
5.0778e+05
5.0732e+05
5.0689e+05
5.0649e+05
5.0613e+05
5.058e+05
5.0551e+05
5.0524e+05
5.0501e+05
5.0481e+05
5.0465e+05
5.0452e+05
5.0441e+05
5.0435e+05
5.0431e+05
5.043e+05
5.0433e+05
5.0439e+05
5.0448e+05
5.046e+05
5.0475e+05
5.0494e+05
5.0515e+05
5.054e+05
5.0568e+05
5.0599e+05
5.0634e+05
5.0671e+05
5.0712e+05
5.0756e+05
5.0804e+05
5.0855e+05
5.0909e+05
5.0966e+05
5.1027e+05
5.1092e+05
5.116e+05
5.1231e+05
5.1306e+05
5.1385e+05
5.1468e+05
5.1554e+05
5.1644e+05
5.1737e+05
5.1835e+05
5.1937e+05
5.2042e+05
5.2152e+05
5.2266e+05
5.2384e+05
5.2507e+05
5.2634e+05
5.2765e+05
5.2901e+05
5.3041e+05
5.3186e+05
5.3336e+05
5.3491e+05
5.3651e+05
5.3815e+05
5.3985e+05
5.416e+05
5.434e+05
5.4525e+05
5.4715e+05
5.4911e+05
5.5113e+05
5.532e+05
5.5533e+05
5.5751e+05
5.5975e+05
5.6205e+05
5.644e+05
5.6682e+05
5.6929e+05
5.7183e+05
5.7442e+05
5.7707e+05
5.7979e+05
5.8256e+05
5.8539e+05
5.8829e+05
5.9124e+05
5.9425e+05
5.9733e+05
6.0046e+05
6.0365e+05
6.069e+05
6.1021e+05
6.1358e+05
6.17e+05
6.2048e+05
6.2402e+05
6.2761e+05
6.3125e+05
6.3494e+05
6.3869e+05
6.4249e+05
6.4633e+05
6.5022e+05
6.5415e+05
6.5813e+05
6.6215e+05
6.6621e+05
6.7031e+05
6.7444e+05
6.7861e+05
6.8281e+05
6.8704e+05
6.913e+05
6.9558e+05
6.9989e+05
7.0421e+05
7.0855e+05
7.1291e+05
7.1728e+05
7.2166e+05
7.2605e+05
7.3044e+05
7.3483e+05
7.3922e+05
7.436e+05
7.4798e+05
7.5235e+05
7.567e+05
7.6104e+05
7.6536e+05
7.6966e+05
7.7393e+05
7.7817e+05
7.8239e+05
7.8657e+05
7.9071e+05
7.9481e+05
7.9887e+05
8.0289e+05
8.0685e+05
8.1077e+05
8.1463e+05
8.1844e+05
8.2219e+05
8.2588e+05
8.295e+05
8.3306e+05
8.3655e+05
8.3997e+05
8.4332e+05
8.466e+05
8.498e+05
8.5292e+05
8.5596e+05
8.5892e+05
8.618e+05
8.646e+05
8.6731e+05
8.6993e+05
8.7246e+05
8.7491e+05
8.7727e+05
8.7953e+05
8.8171e+05
8.8379e+05
8.8578e+05
8.8768e+05
8.8949e+05
8.912e+05
8.9282e+05
8.9435e+05
8.9578e+05
8.9712e+05
8.9837e+05
8.9952e+05
9.0059e+05
9.0156e+05
9.0244e+05
9.0324e+05
9.0394e+05
9.0455e+05
9.0508e+05
9.0552e+05
9.0588e+05
9.0615e+05
9.0635e+05
9.0645e+05
9.0648e+05
9.0643e+05
9.0631e+05
9.061e+05
9.0583e+05
9.0547e+05
9.0505e+05
9.0456e+05
9.04e+05
9.0337e+05
9.0268e+05
9.0193e+05
9.0111e+05
9.0023e+05
8.9929e+05
8.983e+05
8.9725e+05
8.9615e+05
8.9499e+05
8.9379e+05
8.9253e+05
8.9123e+05
8.8988e+05
8.8849e+05
8.8705e+05
8.8557e+05
8.8406e+05
8.825e+05
8.809e+05
8.7927e+05
8.776e+05
8.759e+05
8.7417e+05
8.724e+05
8.706e+05
8.6878e+05
8.6692e+05
8.6504e+05
8.6313e+05
8.6119e+05
8.5923e+05
8.5724e+05
8.5523e+05
8.532e+05
8.5114e+05
8.4907e+05
8.4697e+05
8.4484e+05
8.427e+05
8.4054e+05
8.3836e+05
8.3615e+05
8.3393e+05
8.3169e+05
8.2943e+05
8.2715e+05
8.2485e+05
8.2253e+05
8.202e+05
8.1784e+05
8.1547e+05
8.1307e+05
8.1066e+05
8.0823e+05
8.0578e+05
8.0331e+05
8.0082e+05
7.9832e+05
7.9579e+05
7.9324e+05
7.9067e+05
7.8808e+05
7.8548e+05
7.8285e+05
7.8019e+05
7.7752e+05
7.7483e+05
7.7211e+05
7.6937e+05
7.6661e+05
7.6382e+05
7.6102e+05
7.5818e+05
7.5533e+05
7.5245e+05
7.4954e+05
7.4662e+05
7.4366e+05
7.4069e+05
7.3768e+05
7.3465e+05
7.316e+05
7.2852e+05
7.2541e+05
7.2227e+05
7.1911e+05
7.1593e+05
7.1271e+05
7.0947e+05
7.0621e+05
7.0291e+05
6.9959e+05
6.9624e+05
6.9286e+05
6.8946e+05
6.8602e+05
6.8257e+05
6.7908e+05
6.7557e+05
6.7202e+05
6.6846e+05
6.6486e+05
6.6124e+05
6.5759e+05
6.5392e+05
6.5021e+05
6.4649e+05
6.4273e+05
6.3895e+05
6.3515e+05
6.3132e+05
6.2746e+05
6.2358e+05
6.1968e+05
6.1575e+05
6.118e+05
6.0782e+05
6.0383e+05
5.9981e+05
5.9577e+05
5.917e+05
5.8762e+05
5.8352e+05
5.7939e+05
5.7525e+05
5.7109e+05
5.669e+05
5.6271e+05
5.5849e+05
5.5426e+05
5.5001e+05
5.4574e+05
5.4146e+05
5.3717e+05
5.3286e+05
5.2854e+05
5.2421e+05
5.1986e+05
5.155e+05
5.1114e+05
5.0676e+05
5.0237e+05
4.9798e+05
4.9357e+05
4.8916e+05
4.8475e+05
4.8032e+05
4.7589e+05
4.7146e+05
4.6702e+05
4.6258e+05
4.5813e+05
4.5369e+05
4.4924e+05
4.4479e+05
4.4034e+05
4.3589e+05
4.3144e+05
4.2699e+05
4.2255e+05
4.181e+05
4.1366e+05
4.0923e+05
4.0479e+05
4.0036e+05
3.9594e+05
3.9152e+05
3.8711e+05
3.8271e+05
3.7831e+05
3.7392e+05
3.6953e+05
3.6516e+05
3.6079e+05
3.5643e+05
3.5209e+05
3.4775e+05
3.4342e+05
3.391e+05
3.3479e+05
3.305e+05
3.2621e+05
3.2194e+05
3.1767e+05
3.1342e+05
3.0919e+05
3.0496e+05
3.0075e+05
2.9655e+05
2.9236e+05
2.8819e+05
2.8403e+05
2.7988e+05
2.7575e+05
2.7163e+05
2.6753e+05
2.6344e+05
2.5936e+05
2.553e+05
2.5125e+05
2.4722e+05
2.432e+05
2.392e+05
2.3521e+05
2.3124e+05
2.2728e+05
2.2334e+05
2.1942e+05
2.1551e+05
2.1161e+05
2.0773e+05
2.0387e+05
2.0002e+05
1.9619e+05
1.9237e+05
1.8857e+05
1.8479e+05
1.8102e+05
1.7727e+05
1.7354e+05
1.6982e+05
1.6613e+05
1.6244e+05
1.5878e+05
1.5513e+05
1.515e+05
1.4789e+05
1.4429e+05
1.4071e+05
1.3715e+05
1.3361e+05
1.3009e+05
1.2659e+05
1.231e+05
1.1963e+05
1.1618e+05
1.1275e+05
1.0934e+05
1.0595e+05
1.0258e+05
99226
95893
92580
89286
86013
82759
79526
76313
73120
69948
66796
63665
60554
57464
54395
51346
48319
45312
42326
39361
36416
33492
30589
27707
24845
22003
19183
16382
13602
10842
8101.5
5381.3
2680.8
0
