1.7139e+05
1.7627e+05
1.8117e+05
1.8609e+05
1.9102e+05
1.9596e+05
2.009e+05
2.0584e+05
2.1077e+05
2.1568e+05
2.2057e+05
2.2543e+05
2.3025e+05
2.3504e+05
2.3978e+05
2.4447e+05
2.4911e+05
2.5368e+05
2.5819e+05
2.6263e+05
2.6699e+05
2.7127e+05
2.7547e+05
2.7958e+05
2.836e+05
2.8753e+05
2.9135e+05
2.9508e+05
2.987e+05
3.0221e+05
3.0561e+05
3.089e+05
3.1207e+05
3.1512e+05
3.1806e+05
3.2088e+05
3.2357e+05
3.2614e+05
3.2859e+05
3.3092e+05
3.3312e+05
3.352e+05
3.3716e+05
3.3899e+05
3.407e+05
3.4228e+05
3.4375e+05
3.451e+05
3.4633e+05
3.4744e+05
3.4844e+05
3.4932e+05
3.501e+05
3.5077e+05
3.5133e+05
3.5179e+05
3.5215e+05
3.5242e+05
3.5259e+05
3.5268e+05
3.5267e+05
3.5259e+05
3.5242e+05
3.5219e+05
3.5188e+05
3.515e+05
3.5106e+05
3.5056e+05
3.5001e+05
3.4941e+05
3.4876e+05
3.4808e+05
3.4735e+05
3.4659e+05
3.4581e+05
3.45e+05
3.4417e+05
3.4332e+05
3.4246e+05
3.416e+05
3.4074e+05
3.3987e+05
3.3902e+05
3.3817e+05
3.3733e+05
3.3652e+05
3.3572e+05
3.3495e+05
3.3421e+05
3.335e+05
3.3282e+05
3.3218e+05
3.3159e+05
3.3103e+05
3.3053e+05
3.3007e+05
3.2966e+05
3.2931e+05
3.2901e+05
3.2877e+05
3.2858e+05
3.2846e+05
3.284e+05
3.284e+05
3.2847e+05
3.286e+05
3.288e+05
3.2906e+05
3.2939e+05
3.2978e+05
3.3024e+05
3.3077e+05
3.3136e+05
3.3201e+05
3.3273e+05
3.3351e+05
3.3435e+05
3.3525e+05
3.3621e+05
3.3723e+05
3.383e+05
3.3942e+05
3.406e+05
3.4182e+05
3.4309e+05
3.444e+05
3.4576e+05
3.4715e+05
3.4858e+05
3.5004e+05
3.5154e+05
3.5305e+05
3.5459e+05
3.5616e+05
3.5773e+05
3.5932e+05
3.6093e+05
3.6253e+05
3.6414e+05
3.6575e+05
3.6736e+05
3.6895e+05
3.7054e+05
3.7211e+05
3.7366e+05
3.7519e+05
3.767e+05
3.7817e+05
3.7961e+05
3.8102e+05
3.8238e+05
3.837e+05
3.8498e+05
3.862e+05
3.8738e+05
3.885e+05
3.8955e+05
3.9055e+05
3.9149e+05
3.9235e+05
3.9315e+05
3.9387e+05
3.9453e+05
3.951e+05
3.956e+05
3.9601e+05
3.9635e+05
3.966e+05
3.9676e+05
3.9684e+05
3.9683e+05
3.9673e+05
3.9654e+05
3.9626e+05
3.9589e+05
3.9543e+05
3.9488e+05
3.9423e+05
3.9349e+05
3.9266e+05
3.9173e+05
3.9071e+05
3.8961e+05
3.8841e+05
3.8712e+05
3.8574e+05
3.8428e+05
3.8273e+05
3.8109e+05
3.7937e+05
3.7757e+05
3.7569e+05
3.7373e+05
3.7169e+05
3.6958e+05
3.6739e+05
3.6514e+05
3.6281e+05
3.6042e+05
3.5797e+05
3.5546e+05
3.5289e+05
3.5026e+05
3.4759e+05
3.4486e+05
3.4209e+05
3.3927e+05
3.3641e+05
3.3352e+05
3.3058e+05
3.2762e+05
3.2463e+05
3.2161e+05
3.1857e+05
3.1551e+05
3.1243e+05
3.0934e+05
3.0624e+05
3.0313e+05
3.0002e+05
2.969e+05
2.9379e+05
2.9067e+05
2.8757e+05
2.8447e+05
2.8138e+05
2.7831e+05
2.7525e+05
2.7222e+05
2.692e+05
2.6621e+05
2.6324e+05
2.603e+05
2.5739e+05
2.5451e+05
2.5166e+05
2.4884e+05
2.4607e+05
2.4332e+05
2.4062e+05
2.3796e+05
2.3534e+05
2.3276e+05
2.3022e+05
2.2772e+05
2.2527e+05
2.2286e+05
2.205e+05
2.1818e+05
2.159e+05
2.1367e+05
2.1149e+05
2.0935e+05
2.0725e+05
2.052e+05
2.0319e+05
2.0122e+05
1.9929e+05
1.974e+05
1.9556e+05
1.9375e+05
1.9198e+05
1.9024e+05
1.8854e+05
1.8687e+05
1.8524e+05
1.8363e+05
1.8205e+05
1.805e+05
1.7898e+05
1.7748e+05
1.7599e+05
1.7453e+05
1.7309e+05
1.7166e+05
1.7024e+05
1.6883e+05
1.6744e+05
1.6605e+05
1.6466e+05
1.6328e+05
1.619e+05
1.6051e+05
1.5913e+05
1.5773e+05
1.5633e+05
1.5492e+05
1.535e+05
1.5206e+05
1.5061e+05
1.4914e+05
1.4765e+05
1.4614e+05
1.4461e+05
1.4306e+05
1.4147e+05
1.3986e+05
1.3823e+05
1.3656e+05
1.3486e+05
1.3313e+05
1.3136e+05
1.2956e+05
1.2773e+05
1.2586e+05
1.2396e+05
1.2202e+05
1.2004e+05
1.1803e+05
1.1598e+05
1.1389e+05
1.1177e+05
1.0961e+05
1.0742e+05
1.0519e+05
1.0292e+05
1.0063e+05
98298
95939
93550
91133
88690
86222
83731
81220
78690
76143
73583
71011
68430
65844
63255
60666
58080
55500
52930
50374
47835
45316
42822
40356
37922
35524
33167
30854
28589
26378
24224
22131
20104
18148
16266
14464
12746
11116
9579.5
8139.9
6802.3
5571.1
4450.6
3445.5
2560
1798.5
1165.4
664.77
300.94
78.002
0
70.911
294.62
674.94
1215.6
1920.1
2792
3834.7
5051.4
6445.4
8019.5
9776.7
11720
13851
16173
18689
21400
24308
27415
30723
34233
37947
41865
45989
50320
54857
59602
64555
69716
75084
80659
86441
92429
98621
1.0502e+05
1.1162e+05
1.1842e+05
1.2542e+05
1.3261e+05
1.4001e+05
1.4759e+05
1.5537e+05
1.6333e+05
1.7148e+05
1.7981e+05
1.8832e+05
1.9701e+05
2.0586e+05
2.1489e+05
2.2408e+05
2.3343e+05
2.4293e+05
2.5259e+05
2.6239e+05
2.7234e+05
2.8242e+05
2.9263e+05
3.0297e+05
3.1344e+05
3.2401e+05
3.347e+05
3.4549e+05
3.5639e+05
3.6737e+05
3.7844e+05
3.8959e+05
4.0082e+05
4.1211e+05
4.2347e+05
4.3488e+05
4.4634e+05
4.5784e+05
4.6937e+05
4.8093e+05
4.9252e+05
5.0411e+05
5.1572e+05
5.2732e+05
5.3892e+05
5.505e+05
5.6206e+05
5.7359e+05
5.8509e+05
5.9655e+05
6.0795e+05
6.193e+05
6.3059e+05
6.418e+05
6.5294e+05
6.6399e+05
6.7495e+05
6.8581e+05
6.9657e+05
7.0722e+05
7.1774e+05
7.2815e+05
7.3841e+05
7.4855e+05
7.5853e+05
7.6837e+05
7.7805e+05
7.8757e+05
7.9691e+05
8.0609e+05
8.1508e+05
8.2389e+05
8.3251e+05
8.4093e+05
8.4914e+05
8.5716e+05
8.6496e+05
8.7254e+05
8.7991e+05
8.8705e+05
8.9396e+05
9.0064e+05
9.0708e+05
9.1328e+05
9.1923e+05
9.2494e+05
9.304e+05
9.3561e+05
9.4056e+05
9.4525e+05
9.4967e+05
9.5384e+05
9.5774e+05
9.6137e+05
9.6473e+05
9.6783e+05
9.7065e+05
9.732e+05
9.7547e+05
9.7747e+05
9.792e+05
9.8065e+05
9.8182e+05
9.8272e+05
9.8335e+05
9.837e+05
9.8378e+05
9.8358e+05
9.8312e+05
9.8238e+05
9.8137e+05
9.801e+05
9.7856e+05
9.7676e+05
9.7469e+05
9.7237e+05
9.6978e+05
9.6695e+05
9.6386e+05
9.6053e+05
9.5694e+05
9.5312e+05
9.4906e+05
9.4476e+05
9.4023e+05
9.3547e+05
9.3049e+05
9.2528e+05
9.1987e+05
9.1423e+05
9.084e+05
9.0236e+05
8.9612e+05
8.8969e+05
8.8306e+05
8.7626e+05
8.6928e+05
8.6212e+05
8.5479e+05
8.473e+05
8.3966e+05
8.3186e+05
8.2391e+05
8.1582e+05
8.0759e+05
7.9923e+05
7.9075e+05
7.8215e+05
7.7343e+05
7.6461e+05
7.5568e+05
7.4665e+05
7.3754e+05
7.2833e+05
7.1905e+05
7.0969e+05
7.0026e+05
6.9078e+05
6.8123e+05
6.7163e+05
6.6198e+05
6.523e+05
6.4258e+05
6.3282e+05
6.2305e+05
6.1325e+05
6.0345e+05
5.9363e+05
5.8381e+05
5.7399e+05
5.6418e+05
5.5438e+05
5.446e+05
5.3484e+05
5.2511e+05
5.1541e+05
5.0575e+05
4.9612e+05
4.8654e+05
4.7701e+05
4.6754e+05
4.5812e+05
4.4876e+05
4.3947e+05
4.3025e+05
4.211e+05
4.1203e+05
4.0305e+05
3.9414e+05
3.8532e+05
3.7659e+05
3.6796e+05
3.5942e+05
3.5099e+05
3.4265e+05
3.3442e+05
3.263e+05
3.1829e+05
3.1038e+05
3.026e+05
2.9493e+05
2.8738e+05
2.7994e+05
2.7263e+05
2.6544e+05
2.5838e+05
2.5144e+05
2.4463e+05
2.3795e+05
2.314e+05
2.2498e+05
2.1869e+05
2.1253e+05
2.065e+05
2.006e+05
1.9484e+05
1.8921e+05
1.8371e+05
1.7835e+05
1.7312e+05
1.6802e+05
1.6305e+05
1.5822e+05
1.5352e+05
1.4895e+05
1.4451e+05
1.4019e+05
1.3601e+05
1.3196e+05
1.2803e+05
1.2422e+05
1.2054e+05
1.1699e+05
1.1355e+05
1.1024e+05
1.0705e+05
1.0397e+05
1.0101e+05
98160
95425
92801
90285
87877
85574
83374
81275
79275
77372
75565
73850
72225
70689
69239
67874
66589
65385
64257
63205
62225
61315
60473
59697
58984
58332
57738
57201
56718
56287
55906
55572
55282
55036
54830
54663
54532
54435
54370
54335
54329
54348
54391
54456
54542
54646
54766
54901
55049
55209
55378
55555
55738
55927
56118
56312
56506
56700
56891
57080
57263
57441
57613
57776
57931
58075
58209
58332
58442
58539
58621
58690
58743
58780
58801
58805
58792
58761
58711
58644
58558
58453
58329
58185
58022
57840
57638
57417
57176
56915
56636
56337
56019
55683
55327
54954
54562
54152
53725
53281
52820
52343
51850
