3.1071e+05
3.144e+05
3.1808e+05
3.2176e+05
3.2543e+05
3.2909e+05
3.3275e+05
3.3639e+05
3.4001e+05
3.4362e+05
3.4722e+05
3.5079e+05
3.5434e+05
3.5787e+05
3.6138e+05
3.6485e+05
3.6831e+05
3.7173e+05
3.7512e+05
3.7848e+05
3.818e+05
3.8509e+05
3.8835e+05
3.9156e+05
3.9474e+05
3.9787e+05
4.0097e+05
4.0402e+05
4.0702e+05
4.0998e+05
4.1289e+05
4.1575e+05
4.1856e+05
4.2133e+05
4.2404e+05
4.2669e+05
4.2929e+05
4.3184e+05
4.3433e+05
4.3676e+05
4.3914e+05
4.4146e+05
4.4371e+05
4.4591e+05
4.4804e+05
4.5011e+05
4.5212e+05
4.5407e+05
4.5595e+05
4.5776e+05
4.5951e+05
4.6119e+05
4.6281e+05
4.6436e+05
4.6584e+05
4.6725e+05
4.6859e+05
4.6987e+05
4.7107e+05
4.7221e+05
4.7327e+05
4.7427e+05
4.7519e+05
4.7604e+05
4.7683e+05
4.7754e+05
4.7818e+05
4.7875e+05
4.7925e+05
4.7968e+05
4.8003e+05
4.8032e+05
4.8054e+05
4.8068e+05
4.8076e+05
4.8076e+05
4.807e+05
4.8057e+05
4.8036e+05
4.8009e+05
4.7976e+05
4.7935e+05
4.7888e+05
4.7834e+05
4.7773e+05
4.7706e+05
4.7632e+05
4.7552e+05
4.7466e+05
4.7374e+05
4.7275e+05
4.717e+05
4.7059e+05
4.6943e+05
4.682e+05
4.6692e+05
4.6558e+05
4.6418e+05
4.6273e+05
4.6123e+05
4.5967e+05
4.5807e+05
4.5641e+05
4.547e+05
4.5295e+05
4.5115e+05
4.493e+05
4.4741e+05
4.4548e+05
4.435e+05
4.4149e+05
4.3943e+05
4.3734e+05
4.3521e+05
4.3305e+05
4.3085e+05
4.2862e+05
4.2636e+05
4.2407e+05
4.2175e+05
4.1941e+05
4.1704e+05
4.1464e+05
4.1222e+05
4.0979e+05
4.0733e+05
4.0485e+05
4.0236e+05
3.9985e+05
3.9733e+05
3.948e+05
3.9225e+05
3.897e+05
3.8714e+05
3.8457e+05
3.82e+05
3.7942e+05
3.7684e+05
3.7426e+05
3.7168e+05
3.691e+05
3.6652e+05
3.6395e+05
3.6138e+05
3.5882e+05
3.5627e+05
3.5372e+05
3.5119e+05
3.4867e+05
3.4616e+05
3.4366e+05
3.4118e+05
3.3872e+05
3.3627e+05
3.3384e+05
3.3142e+05
3.2903e+05
3.2666e+05
3.2431e+05
3.2198e+05
3.1968e+05
3.1739e+05
3.1514e+05
3.129e+05
3.107e+05
3.0852e+05
3.0636e+05
3.0424e+05
3.0214e+05
3.0006e+05
2.9802e+05
2.9601e+05
2.9402e+05
2.9206e+05
2.9014e+05
2.8824e+05
2.8637e+05
2.8453e+05
2.8272e+05
2.8094e+05
2.7919e+05
2.7747e+05
2.7578e+05
2.7411e+05
2.7248e+05
2.7087e+05
2.6929e+05
2.6774e+05
2.6622e+05
2.6472e+05
2.6325e+05
2.618e+05
2.6038e+05
2.5898e+05
2.5761e+05
2.5625e+05
2.5493e+05
2.5362e+05
2.5233e+05
2.5106e+05
2.4981e+05
2.4858e+05
2.4736e+05
2.4616e+05
2.4498e+05
2.4381e+05
2.4265e+05
2.415e+05
2.4036e+05
2.3924e+05
2.3812e+05
2.3701e+05
2.359e+05
2.348e+05
2.337e+05
2.326e+05
2.3151e+05
2.3041e+05
2.2932e+05
2.2822e+05
2.2712e+05
2.2601e+05
2.2489e+05
2.2377e+05
2.2264e+05
2.215e+05
2.2035e+05
2.1918e+05
2.1801e+05
2.1681e+05
2.1561e+05
2.1438e+05
2.1314e+05
2.1187e+05
2.1059e+05
2.0929e+05
2.0796e+05
2.0661e+05
2.0524e+05
2.0384e+05
2.0242e+05
2.0097e+05
1.9949e+05
1.9798e+05
1.9645e+05
1.9488e+05
1.9329e+05
1.9166e+05
1.9e+05
1.8832e+05
1.8659e+05
1.8484e+05
1.8306e+05
1.8124e+05
1.7938e+05
1.775e+05
1.7558e+05
1.7362e+05
1.7164e+05
1.6962e+05
1.6757e+05
1.6548e+05
1.6336e+05
1.6121e+05
1.5903e+05
1.5681e+05
1.5457e+05
1.5229e+05
1.4999e+05
1.4765e+05
1.4529e+05
1.429e+05
1.4048e+05
1.3804e+05
1.3558e+05
1.3309e+05
1.3058e+05
1.2805e+05
1.255e+05
1.2294e+05
1.2035e+05
1.1776e+05
1.1514e+05
1.1252e+05
1.0989e+05
1.0725e+05
1.0461e+05
1.0196e+05
99305
96653
94003
91357
88718
86087
83466
80859
78267
75694
73140
70610
68105
65628
63181
60768
58390
56051
53754
51500
49293
47136
45032
42982
40991
39060
37193
35393
33662
32004
30420
28914
27490
26148
24893
23727
22653
21674
20792
20010
19330
18756
18290
17934
17690
17563
17553
17663
17895
18252
18736
19348
20092
20969
21981
23130
24417
25845
27415
29128
30986
32991
35144
37446
39899
42502
45258
48167
51230
54448
57821
61350
65036
68877
72876
77031
81344
85813
90439
95221
1.0016e+05
1.0525e+05
1.105e+05
1.159e+05
1.2146e+05
1.2716e+05
1.3302e+05
1.3903e+05
1.4519e+05
1.5149e+05
1.5794e+05
1.6454e+05
1.7127e+05
1.7815e+05
1.8517e+05
1.9232e+05
1.9961e+05
2.0703e+05
2.1459e+05
2.2227e+05
2.3007e+05
2.38e+05
2.4605e+05
2.5421e+05
2.6249e+05
2.7088e+05
2.7938e+05
2.8799e+05
2.967e+05
3.055e+05
3.144e+05
3.234e+05
3.3248e+05
3.4164e+05
3.5089e+05
3.6021e+05
3.6961e+05
3.7908e+05
3.8861e+05
3.982e+05
4.0786e+05
4.1756e+05
4.2731e+05
4.3711e+05
4.4695e+05
4.5682e+05
4.6673e+05
4.7666e+05
4.8661e+05
4.9658e+05
5.0657e+05
5.1657e+05
5.2657e+05
5.3656e+05
5.4656e+05
5.5654e+05
5.6651e+05
5.7647e+05
5.8639e+05
5.9629e+05
6.0616e+05
6.1599e+05
6.2578e+05
6.3552e+05
6.452e+05
6.5484e+05
6.6441e+05
6.7391e+05
6.8335e+05
6.9271e+05
7.0199e+05
7.1118e+05
7.2029e+05
7.2931e+05
7.3823e+05
7.4704e+05
7.5576e+05
7.6436e+05
7.7285e+05
7.8122e+05
7.8946e+05
7.9758e+05
8.0557e+05
8.1343e+05
8.2115e+05
8.2873e+05
8.3616e+05
8.4344e+05
8.5057e+05
8.5754e+05
8.6436e+05
8.7101e+05
8.775e+05
8.8382e+05
8.8996e+05
8.9594e+05
9.0173e+05
9.0734e+05
9.1278e+05
9.1802e+05
9.2308e+05
9.2795e+05
9.3263e+05
9.3711e+05
9.4139e+05
9.4548e+05
9.4937e+05
9.5305e+05
9.5654e+05
9.5982e+05
9.6289e+05
9.6575e+05
9.6841e+05
9.7086e+05
9.7309e+05
9.7512e+05
9.7693e+05
9.7853e+05
9.7992e+05
9.811e+05
9.8206e+05
9.8281e+05
9.8334e+05
9.8367e+05
9.8378e+05
9.8367e+05
9.8336e+05
9.8283e+05
9.8209e+05
9.8115e+05
9.7999e+05
9.7862e+05
9.7705e+05
9.7527e+05
9.7329e+05
9.711e+05
9.6871e+05
9.6612e+05
9.6334e+05
9.6035e+05
9.5718e+05
9.5381e+05
9.5025e+05
9.465e+05
9.4256e+05
9.3844e+05
9.3414e+05
9.2966e+05
9.2501e+05
9.2018e+05
9.1518e+05
9.1001e+05
9.0468e+05
8.9918e+05
8.9353e+05
8.8772e+05
8.8176e+05
8.7564e+05
8.6939e+05
8.6298e+05
8.5644e+05
8.4977e+05
8.4296e+05
8.3602e+05
8.2896e+05
8.2177e+05
8.1447e+05
8.0705e+05
7.9952e+05
7.9189e+05
7.8415e+05
7.7631e+05
7.6838e+05
7.6036e+05
7.5224e+05
7.4405e+05
7.3577e+05
7.2742e+05
7.19e+05
7.1051e+05
7.0195e+05
6.9333e+05
6.8466e+05
6.7594e+05
6.6716e+05
6.5835e+05
6.4949e+05
6.4059e+05
6.3167e+05
6.2271e+05
6.1373e+05
6.0472e+05
5.957e+05
5.8667e+05
5.7762e+05
5.6857e+05
5.5952e+05
5.5047e+05
5.4142e+05
5.3238e+05
5.2335e+05
5.1433e+05
5.0534e+05
4.9637e+05
4.8742e+05
4.785e+05
4.6961e+05
4.6075e+05
4.5194e+05
4.4316e+05
4.3443e+05
4.2575e+05
4.1711e+05
4.0853e+05
4.0001e+05
3.9154e+05
3.8313e+05
3.7479e+05
3.6651e+05
3.583e+05
3.5016e+05
3.4209e+05
3.3409e+05
3.2618e+05
3.1834e+05
3.1059e+05
3.0292e+05
2.9533e+05
2.8783e+05
2.8042e+05
2.7309e+05
2.6586e+05
2.5873e+05
2.5168e+05
2.4474e+05
2.3789e+05
2.3114e+05
2.2449e+05
2.1793e+05
2.1149e+05
2.0514e+05
1.9889e+05
1.9275e+05
1.8672e+05
1.8079e+05
1.7497e+05
1.6925e+05
1.6364e+05
1.5813e+05
1.5274e+05
1.4745e+05
1.4226e+05
1.3719e+05
1.3222e+05
1.2737e+05
1.2261e+05
1.1797e+05
1.1343e+05
1.09e+05
1.0468e+05
1.0046e+05
96347
92339
88435
84635
80937
77342
73848
70454
67160
63965
60867
57866
54960
52148
49430
46804
44268
41822
39464
37194
35008
32907
30889
28951
27094
25315
23613
21986
20433
18953
17542
16201
14928
13720
12576
11495
10475
9514.1
8611
7763.8
6971
6230.9
5541.8
4902.2
4310.3
3764.5
3263.2
2804.8
2387.6
2010
1670.5
1367.4
1099.2
864.29
661.16
488.28
344.12
227.19
136.02
69.141
25.12
2.5385
0
16.131
49.58
99.021
163.15
240.69
330.38
431
541.35
660.26
786.57
919.17
1057
1198.9
1343.9
1491.1
1639.3
1787.8
1935.5
2081.5
2225.1
2365.4
2501.5
2632.8
2758.5
2877.9
2990.3
3095.1
3191.6
3279.3
3357.7
3426.1
3484.1
3531.2
3567.1
3591.2
3603.2
3602.8
3589.7
3563.4
3523.8
3470.7
3403.8
3322.9
3227.8
3118.5
2994.7
2856.5
2703.8
2536.4
2354.4
