2.1149e+05
2.1751e+05
2.2355e+05
2.2959e+05
2.3564e+05
2.4167e+05
2.4769e+05
2.5369e+05
2.5965e+05
2.6558e+05
2.7146e+05
2.7729e+05
2.8306e+05
2.8877e+05
2.944e+05
2.9996e+05
3.0544e+05
3.1082e+05
3.1611e+05
3.213e+05
3.2639e+05
3.3136e+05
3.3623e+05
3.4097e+05
3.4559e+05
3.5009e+05
3.5445e+05
3.5869e+05
3.6279e+05
3.6675e+05
3.7057e+05
3.7425e+05
3.7778e+05
3.8117e+05
3.8442e+05
3.8752e+05
3.9047e+05
3.9327e+05
3.9592e+05
3.9843e+05
4.008e+05
4.0301e+05
4.0509e+05
4.0702e+05
4.0881e+05
4.1046e+05
4.1197e+05
4.1335e+05
4.146e+05
4.1573e+05
4.1672e+05
4.176e+05
4.1835e+05
4.19e+05
4.1953e+05
4.1996e+05
4.2028e+05
4.2051e+05
4.2064e+05
4.2069e+05
4.2065e+05
4.2054e+05
4.2035e+05
4.201e+05
4.1978e+05
4.194e+05
4.1897e+05
4.185e+05
4.1798e+05
4.1743e+05
4.1684e+05
4.1623e+05
4.156e+05
4.1496e+05
4.143e+05
4.1364e+05
4.1298e+05
4.1233e+05
4.1169e+05
4.1106e+05
4.1045e+05
4.0987e+05
4.0931e+05
4.0879e+05
4.0831e+05
4.0787e+05
4.0747e+05
4.0712e+05
4.0682e+05
4.0658e+05
4.064e+05
4.0628e+05
4.0623e+05
4.0624e+05
4.0632e+05
4.0647e+05
4.067e+05
4.07e+05
4.0738e+05
4.0783e+05
4.0836e+05
4.0897e+05
4.0966e+05
4.1043e+05
4.1128e+05
4.1221e+05
4.1322e+05
4.1431e+05
4.1547e+05
4.1671e+05
4.1802e+05
4.1941e+05
4.2087e+05
4.224e+05
4.24e+05
4.2566e+05
4.2738e+05
4.2917e+05
4.3101e+05
4.329e+05
4.3485e+05
4.3684e+05
4.3888e+05
4.4095e+05
4.4306e+05
4.4521e+05
4.4738e+05
4.4957e+05
4.5179e+05
4.5402e+05
4.5626e+05
4.585e+05
4.6075e+05
4.63e+05
4.6523e+05
4.6746e+05
4.6967e+05
4.7185e+05
4.7401e+05
4.7614e+05
4.7823e+05
4.8028e+05
4.8228e+05
4.8424e+05
4.8614e+05
4.8798e+05
4.8976e+05
4.9147e+05
4.9311e+05
4.9467e+05
4.9615e+05
4.9755e+05
4.9885e+05
5.0007e+05
5.0119e+05
5.0222e+05
5.0314e+05
5.0395e+05
5.0466e+05
5.0526e+05
5.0574e+05
5.0611e+05
5.0636e+05
5.0649e+05
5.065e+05
5.0638e+05
5.0614e+05
5.0577e+05
5.0527e+05
5.0465e+05
5.0389e+05
5.0301e+05
5.0199e+05
5.0084e+05
4.9957e+05
4.9816e+05
4.9662e+05
4.9495e+05
4.9315e+05
4.9123e+05
4.8918e+05
4.87e+05
4.847e+05
4.8228e+05
4.7974e+05
4.7708e+05
4.743e+05
4.7141e+05
4.6841e+05
4.6531e+05
4.6209e+05
4.5878e+05
4.5536e+05
4.5185e+05
4.4825e+05
4.4455e+05
4.4077e+05
4.3691e+05
4.3297e+05
4.2895e+05
4.2487e+05
4.2071e+05
4.165e+05
4.1222e+05
4.0789e+05
4.0351e+05
3.9908e+05
3.9461e+05
3.9011e+05
3.8557e+05
3.8099e+05
3.764e+05
3.7178e+05
3.6715e+05
3.625e+05
3.5784e+05
3.5318e+05
3.4851e+05
3.4385e+05
3.392e+05
3.3456e+05
3.2993e+05
3.2532e+05
3.2073e+05
3.1617e+05
3.1163e+05
3.0713e+05
3.0266e+05
2.9822e+05
2.9383e+05
2.8948e+05
2.8518e+05
2.8093e+05
2.7672e+05
2.7257e+05
2.6848e+05
2.6444e+05
2.6046e+05
2.5654e+05
2.5268e+05
2.4889e+05
2.4516e+05
2.415e+05
2.379e+05
2.3437e+05
2.3091e+05
2.2751e+05
2.2419e+05
2.2093e+05
2.1774e+05
2.1462e+05
2.1157e+05
2.0859e+05
2.0567e+05
2.0282e+05
2.0004e+05
1.9732e+05
1.9467e+05
1.9208e+05
1.8955e+05
1.8708e+05
1.8467e+05
1.8231e+05
1.8001e+05
1.7777e+05
1.7557e+05
1.7343e+05
1.7133e+05
1.6927e+05
1.6726e+05
1.653e+05
1.6336e+05
1.6147e+05
1.5961e+05
1.5778e+05
1.5598e+05
1.5421e+05
1.5246e+05
1.5073e+05
1.4902e+05
1.4733e+05
1.4565e+05
1.4398e+05
1.4232e+05
1.4067e+05
1.3902e+05
1.3738e+05
1.3573e+05
1.3408e+05
1.3243e+05
1.3077e+05
1.2911e+05
1.2743e+05
1.2574e+05
1.2403e+05
1.2231e+05
1.2057e+05
1.1882e+05
1.1704e+05
1.1524e+05
1.1342e+05
1.1157e+05
1.0971e+05
1.0781e+05
1.0589e+05
1.0394e+05
1.0197e+05
99970
97943
95888
93807
91700
89567
87408
85225
83019
80790
78540
76270
73982
71678
69358
67026
64684
62333
59976
57616
55254
52895
50541
48194
45859
43538
41235
38952
36695
34466
32269
30108
27987
25910
23881
21905
19984
18124
16329
14604
12952
11378
9886
8481.1
7167.6
5949.8
4832.1
3819
2914.8
2124.1
1451
899.88
475.06
180.71
20.997
0
121.74
390.16
809.11
1382.4
2113.6
3006.4
4064.2
5290.4
6688.2
8260.7
10011
11942
14056
16356
18844
21522
24394
27460
30722
34182
37842
41702
45765
50030
54498
59171
64048
69130
74416
79907
85601
91499
97600
1.039e+05
1.1041e+05
1.1711e+05
1.2401e+05
1.311e+05
1.3839e+05
1.4587e+05
1.5354e+05
1.614e+05
1.6944e+05
1.7766e+05
1.8606e+05
1.9464e+05
2.0339e+05
2.123e+05
2.2138e+05
2.3062e+05
2.4001e+05
2.4956e+05
2.5925e+05
2.6909e+05
2.7906e+05
2.8917e+05
2.994e+05
3.0976e+05
3.2023e+05
3.3082e+05
3.4151e+05
3.523e+05
3.6319e+05
3.7416e+05
3.8522e+05
3.9635e+05
4.0756e+05
4.1882e+05
4.3015e+05
4.4152e+05
4.5294e+05
4.644e+05
4.7588e+05
4.8739e+05
4.9892e+05
5.1046e+05
5.22e+05
5.3353e+05
5.4506e+05
5.5657e+05
5.6805e+05
5.795e+05
5.9092e+05
6.0228e+05
6.136e+05
6.2485e+05
6.3604e+05
6.4716e+05
6.5819e+05
6.6914e+05
6.7999e+05
6.9075e+05
7.0139e+05
7.1192e+05
7.2233e+05
7.3262e+05
7.4277e+05
7.5278e+05
7.6264e+05
7.7236e+05
7.8191e+05
7.9131e+05
8.0053e+05
8.0958e+05
8.1844e+05
8.2713e+05
8.3562e+05
8.4391e+05
8.5201e+05
8.5989e+05
8.6757e+05
8.7503e+05
8.8228e+05
8.8929e+05
8.9609e+05
9.0265e+05
9.0897e+05
9.1506e+05
9.209e+05
9.265e+05
9.3185e+05
9.3695e+05
9.418e+05
9.4639e+05
9.5072e+05
9.5479e+05
9.586e+05
9.6215e+05
9.6542e+05
9.6844e+05
9.7118e+05
9.7366e+05
9.7586e+05
9.778e+05
9.7947e+05
9.8086e+05
9.8198e+05
9.8284e+05
9.8342e+05
9.8373e+05
9.8378e+05
9.8355e+05
9.8306e+05
9.823e+05
9.8128e+05
9.8e+05
9.7846e+05
9.7665e+05
9.7459e+05
9.7228e+05
9.6971e+05
9.6689e+05
9.6383e+05
9.6052e+05
9.5698e+05
9.5319e+05
9.4917e+05
9.4492e+05
9.4044e+05
9.3574e+05
9.3082e+05
9.2569e+05
9.2034e+05
9.1478e+05
9.0902e+05
9.0307e+05
8.9692e+05
8.9058e+05
8.8405e+05
8.7735e+05
8.7047e+05
8.6341e+05
8.562e+05
8.4882e+05
8.4129e+05
8.3361e+05
8.2578e+05
8.1782e+05
8.0972e+05
8.0149e+05
7.9314e+05
7.8467e+05
7.7609e+05
7.674e+05
7.5861e+05
7.4973e+05
7.4075e+05
7.3169e+05
7.2255e+05
7.1334e+05
7.0406e+05
6.9471e+05
6.8531e+05
6.7586e+05
6.6636e+05
6.5682e+05
6.4724e+05
6.3763e+05
6.28e+05
6.1835e+05
6.0868e+05
5.99e+05
5.8932e+05
5.7963e+05
5.6996e+05
5.6029e+05
5.5064e+05
5.4101e+05
5.314e+05
5.2182e+05
5.1227e+05
5.0276e+05
4.9329e+05
4.8387e+05
4.745e+05
4.6518e+05
4.5592e+05
4.4673e+05
4.376e+05
4.2853e+05
4.1955e+05
4.1063e+05
4.018e+05
3.9305e+05
3.8438e+05
3.7581e+05
3.6732e+05
3.5893e+05
3.5064e+05
3.4245e+05
3.3436e+05
3.2637e+05
3.185e+05
3.1073e+05
3.0307e+05
2.9552e+05
2.8809e+05
2.8077e+05
2.7358e+05
2.665e+05
2.5954e+05
2.527e+05
2.4599e+05
2.394e+05
2.3293e+05
2.2659e+05
2.2038e+05
2.1429e+05
2.0833e+05
2.025e+05
1.968e+05
1.9122e+05
1.8577e+05
1.8045e+05
1.7526e+05
1.702e+05
1.6526e+05
1.6045e+05
1.5576e+05
1.5121e+05
1.4677e+05
1.4246e+05
1.3828e+05
1.3422e+05
1.3028e+05
1.2646e+05
1.2276e+05
1.1917e+05
1.1571e+05
1.1236e+05
1.0913e+05
1.06e+05
1.0299e+05
1.0009e+05
97302
94616
92036
89558
87182
84905
82726
80643
78653
76755
74947
73226
71592
70040
68570
67180
65866
64628
63462
62367
61341
60381
59485
58651
57877
57160
56499
55891
55334
54826
54364
53948
53574
53240
52945
52687
52463
52271
52110
51977
51871
51789
51731
51693
51675
51674
51689
51718
51760
51813
51875
51945
52021
52102
52187
52274
52362
52449
52535
52619
52698
52772
52840
52901
52955
52999
53033
53057
53070
53071
53059
53033
52993
52939
52870
52785
52685
52568
52434
52284
52116
51930
51728
51507
51268
51012
50737
50445
50134
49806
49460
49096
48715
48316
47901
47468
47019
46554
46073
45576
45064
44538
43996
43441
42873
