1.7151e+05
1.7641e+05
1.8132e+05
1.8622e+05
1.9112e+05
1.96e+05
2.0086e+05
2.057e+05
2.105e+05
2.1527e+05
2.1999e+05
2.2466e+05
2.2928e+05
2.3384e+05
2.3833e+05
2.4276e+05
2.471e+05
2.5137e+05
2.5556e+05
2.5965e+05
2.6366e+05
2.6757e+05
2.7137e+05
2.7508e+05
2.7868e+05
2.8217e+05
2.8555e+05
2.8881e+05
2.9196e+05
2.9498e+05
2.9789e+05
3.0067e+05
3.0333e+05
3.0587e+05
3.0828e+05
3.1056e+05
3.1272e+05
3.1475e+05
3.1665e+05
3.1843e+05
3.2008e+05
3.2161e+05
3.2301e+05
3.2429e+05
3.2545e+05
3.2648e+05
3.274e+05
3.2821e+05
3.2889e+05
3.2947e+05
3.2994e+05
3.303e+05
3.3056e+05
3.3072e+05
3.3077e+05
3.3074e+05
3.3062e+05
3.304e+05
3.3011e+05
3.2973e+05
3.2928e+05
3.2876e+05
3.2817e+05
3.2752e+05
3.268e+05
3.2603e+05
3.2521e+05
3.2435e+05
3.2344e+05
3.2249e+05
3.2151e+05
3.205e+05
3.1947e+05
3.1841e+05
3.1734e+05
3.1626e+05
3.1516e+05
3.1407e+05
3.1297e+05
3.1188e+05
3.108e+05
3.0973e+05
3.0867e+05
3.0763e+05
3.0662e+05
3.0563e+05
3.0467e+05
3.0375e+05
3.0286e+05
3.0201e+05
3.012e+05
3.0043e+05
2.9971e+05
2.9904e+05
2.9842e+05
2.9786e+05
2.9734e+05
2.9689e+05
2.9649e+05
2.9615e+05
2.9588e+05
2.9566e+05
2.9551e+05
2.9542e+05
2.9539e+05
2.9543e+05
2.9553e+05
2.957e+05
2.9593e+05
2.9622e+05
2.9658e+05
2.97e+05
2.9748e+05
2.9802e+05
2.9862e+05
2.9928e+05
3e+05
3.0077e+05
3.0159e+05
3.0247e+05
3.034e+05
3.0437e+05
3.0539e+05
3.0646e+05
3.0756e+05
3.0871e+05
3.0989e+05
3.111e+05
3.1234e+05
3.1361e+05
3.1491e+05
3.1623e+05
3.1756e+05
3.1892e+05
3.2028e+05
3.2166e+05
3.2304e+05
3.2443e+05
3.2582e+05
3.272e+05
3.2858e+05
3.2995e+05
3.313e+05
3.3264e+05
3.3397e+05
3.3527e+05
3.3654e+05
3.3779e+05
3.3901e+05
3.402e+05
3.4135e+05
3.4246e+05
3.4352e+05
3.4455e+05
3.4553e+05
3.4645e+05
3.4733e+05
3.4815e+05
3.4892e+05
3.4963e+05
3.5028e+05
3.5087e+05
3.5139e+05
3.5185e+05
3.5224e+05
3.5257e+05
3.5282e+05
3.5301e+05
3.5312e+05
3.5316e+05
3.5313e+05
3.5303e+05
3.5285e+05
3.5259e+05
3.5226e+05
3.5186e+05
3.5138e+05
3.5082e+05
3.502e+05
3.4949e+05
3.4871e+05
3.4786e+05
3.4694e+05
3.4594e+05
3.4488e+05
3.4374e+05
3.4253e+05
3.4126e+05
3.3992e+05
3.3852e+05
3.3705e+05
3.3552e+05
3.3393e+05
3.3228e+05
3.3057e+05
3.2881e+05
3.27e+05
3.2513e+05
3.2322e+05
3.2126e+05
3.1925e+05
3.172e+05
3.1512e+05
3.1299e+05
3.1083e+05
3.0863e+05
3.064e+05
3.0415e+05
3.0187e+05
2.9956e+05
2.9723e+05
2.9488e+05
2.9252e+05
2.9014e+05
2.8775e+05
2.8534e+05
2.8293e+05
2.8051e+05
2.7809e+05
2.7567e+05
2.7324e+05
2.7082e+05
2.684e+05
2.6599e+05
2.6358e+05
2.6119e+05
2.588e+05
2.5643e+05
2.5407e+05
2.5173e+05
2.494e+05
2.471e+05
2.4481e+05
2.4254e+05
2.4029e+05
2.3807e+05
2.3587e+05
2.3369e+05
2.3154e+05
2.2941e+05
2.2731e+05
2.2523e+05
2.2318e+05
2.2116e+05
2.1916e+05
2.1719e+05
2.1525e+05
2.1333e+05
2.1144e+05
2.0957e+05
2.0773e+05
2.0592e+05
2.0413e+05
2.0236e+05
2.0062e+05
1.9889e+05
1.9719e+05
1.9551e+05
1.9385e+05
1.922e+05
1.9058e+05
1.8896e+05
1.8737e+05
1.8578e+05
1.8421e+05
1.8265e+05
1.8109e+05
1.7955e+05
1.7801e+05
1.7647e+05
1.7494e+05
1.7341e+05
1.7187e+05
1.7034e+05
1.688e+05
1.6726e+05
1.6571e+05
1.6416e+05
1.6259e+05
1.6101e+05
1.5942e+05
1.5782e+05
1.562e+05
1.5456e+05
1.5291e+05
1.5123e+05
1.4954e+05
1.4782e+05
1.4608e+05
1.4431e+05
1.4252e+05
1.4071e+05
1.3886e+05
1.3699e+05
1.3509e+05
1.3316e+05
1.312e+05
1.2921e+05
1.2719e+05
1.2514e+05
1.2306e+05
1.2095e+05
1.1881e+05
1.1663e+05
1.1443e+05
1.1219e+05
1.0993e+05
1.0763e+05
1.0531e+05
1.0296e+05
1.0059e+05
98185
95759
93310
90840
88350
85841
83316
80777
78224
75661
73090
70513
67932
65350
62770
60195
57627
55069
52525
49997
47489
45004
42545
40117
37722
35364
33047
30775
28551
26380
24265
22210
20219
18296
16446
14671
12978
11369
9848.1
8420.4
7089.5
5859.6
4734.8
3719.1
2816.6
2031.3
1367.1
828.12
418.09
140.88
0.28492
0
143.67
434.87
877.07
1473.7
2228
3143.3
4222.7
5469.2
6885.6
8474.8
10239
12182
14305
16611
19102
21779
24645
27702
30951
34394
38031
41864
45894
50121
54547
59172
63995
69018
74240
79661
85280
91096
97110
1.0332e+05
1.0973e+05
1.1632e+05
1.2312e+05
1.301e+05
1.3727e+05
1.4462e+05
1.5217e+05
1.5989e+05
1.6779e+05
1.7587e+05
1.8413e+05
1.9255e+05
2.0115e+05
2.0991e+05
2.1882e+05
2.279e+05
2.3713e+05
2.4651e+05
2.5603e+05
2.6569e+05
2.7549e+05
2.8542e+05
2.9548e+05
3.0566e+05
3.1596e+05
3.2636e+05
3.3688e+05
3.4749e+05
3.5821e+05
3.6901e+05
3.7989e+05
3.9085e+05
4.0189e+05
4.1299e+05
4.2415e+05
4.3536e+05
4.4663e+05
4.5793e+05
4.6927e+05
4.8063e+05
4.9202e+05
5.0343e+05
5.1484e+05
5.2625e+05
5.3766e+05
5.4906e+05
5.6043e+05
5.7179e+05
5.8311e+05
5.9439e+05
6.0563e+05
6.1682e+05
6.2794e+05
6.39e+05
6.4999e+05
6.609e+05
6.7172e+05
6.8245e+05
6.9309e+05
7.0361e+05
7.1403e+05
7.2432e+05
7.345e+05
7.4454e+05
7.5444e+05
7.6421e+05
7.7382e+05
7.8328e+05
7.9258e+05
8.0171e+05
8.1067e+05
8.1945e+05
8.2805e+05
8.3646e+05
8.4468e+05
8.5271e+05
8.6053e+05
8.6814e+05
8.7554e+05
8.8273e+05
8.897e+05
8.9644e+05
9.0295e+05
9.0923e+05
9.1528e+05
9.2109e+05
9.2665e+05
9.3197e+05
9.3705e+05
9.4187e+05
9.4644e+05
9.5075e+05
9.5481e+05
9.586e+05
9.6214e+05
9.6541e+05
9.6841e+05
9.7115e+05
9.7363e+05
9.7583e+05
9.7777e+05
9.7943e+05
9.8083e+05
9.8196e+05
9.8282e+05
9.8341e+05
9.8373e+05
9.8378e+05
9.8356e+05
9.8308e+05
9.8233e+05
9.8131e+05
9.8003e+05
9.785e+05
9.767e+05
9.7464e+05
9.7233e+05
9.6976e+05
9.6695e+05
9.6388e+05
9.6057e+05
9.5702e+05
9.5323e+05
9.492e+05
9.4494e+05
9.4045e+05
9.3573e+05
9.3079e+05
9.2563e+05
9.2026e+05
9.1468e+05
9.0889e+05
9.0289e+05
8.9671e+05
8.9032e+05
8.8375e+05
8.77e+05
8.7007e+05
8.6296e+05
8.5568e+05
8.4824e+05
8.4065e+05
8.3289e+05
8.2499e+05
8.1695e+05
8.0877e+05
8.0045e+05
7.9201e+05
7.8345e+05
7.7477e+05
7.6597e+05
7.5708e+05
7.4808e+05
7.3899e+05
7.2982e+05
7.2056e+05
7.1122e+05
7.0181e+05
6.9233e+05
6.828e+05
6.7321e+05
6.6357e+05
6.5388e+05
6.4416e+05
6.344e+05
6.2462e+05
6.1481e+05
6.0499e+05
5.9515e+05
5.8531e+05
5.7547e+05
5.6563e+05
5.558e+05
5.4598e+05
5.3618e+05
5.2641e+05
5.1666e+05
5.0694e+05
4.9727e+05
4.8763e+05
4.7804e+05
4.685e+05
4.5902e+05
4.4959e+05
4.4023e+05
4.3093e+05
4.2171e+05
4.1256e+05
4.0349e+05
3.9449e+05
3.8559e+05
3.7677e+05
3.6804e+05
3.5941e+05
3.5088e+05
3.4244e+05
3.3411e+05
3.2589e+05
3.1777e+05
3.0976e+05
3.0187e+05
2.9409e+05
2.8643e+05
2.7888e+05
2.7146e+05
2.6416e+05
2.5699e+05
2.4994e+05
2.4302e+05
2.3622e+05
2.2956e+05
2.2302e+05
2.1662e+05
2.1034e+05
2.0421e+05
1.982e+05
1.9233e+05
1.8659e+05
1.8098e+05
1.7551e+05
1.7018e+05
1.6497e+05
1.599e+05
1.5497e+05
1.5017e+05
1.455e+05
1.4096e+05
1.3656e+05
1.3229e+05
1.2814e+05
1.2413e+05
1.2024e+05
1.1648e+05
1.1285e+05
1.0934e+05
1.0596e+05
1.0269e+05
99552
96529
93623
90832
88156
85592
83139
80794
78557
76424
74393
72464
70633
68899
67260
65712
64255
62885
61601
60400
59281
58240
57275
56384
55566
54816
54133
53516
52960
52464
52026
51643
51313
51034
50803
50618
50477
50378
50317
50294
50306
50350
50425
50529
50659
50813
50990
51187
51403
51636
51883
52143
52414
52695
52984
53278
53577
53879
54183
54486
54788
55087
55382
55671
55953
56228
56494
56749
56994
57226
57445
57650
57840
58015
58173
58314
58437
58542
58628
58694
58741
58767
58772
58757
58720
58661
58580
58478
58353
58206
58037
57846
57632
57396
57138
56858
56557
56233
55889
55523
55136
54729
54302
53855
53388
52903
52399
51877
