85249
88032
90886
93808
96795
99842
1.0295e+05
1.061e+05
1.0931e+05
1.1256e+05
1.1585e+05
1.1918e+05
1.2255e+05
1.2594e+05
1.2935e+05
1.3279e+05
1.3624e+05
1.397e+05
1.4317e+05
1.4664e+05
1.5011e+05
1.5358e+05
1.5704e+05
1.6048e+05
1.639e+05
1.673e+05
1.7068e+05
1.7403e+05
1.7734e+05
1.8062e+05
1.8386e+05
1.8705e+05
1.902e+05
1.933e+05
1.9634e+05
1.9933e+05
2.0226e+05
2.0512e+05
2.0793e+05
2.1067e+05
2.1334e+05
2.1594e+05
2.1847e+05
2.2092e+05
2.233e+05
2.256e+05
2.2783e+05
2.2998e+05
2.3205e+05
2.3404e+05
2.3594e+05
2.3777e+05
2.3952e+05
2.4119e+05
2.4277e+05
2.4428e+05
2.457e+05
2.4705e+05
2.4832e+05
2.4951e+05
2.5062e+05
2.5166e+05
2.5262e+05
2.5351e+05
2.5433e+05
2.5508e+05
2.5576e+05
2.5637e+05
2.5692e+05
2.5741e+05
2.5783e+05
2.582e+05
2.5851e+05
2.5877e+05
2.5897e+05
2.5912e+05
2.5923e+05
2.5929e+05
2.5931e+05
2.5929e+05
2.5922e+05
2.5913e+05
2.59e+05
2.5883e+05
2.5864e+05
2.5842e+05
2.5818e+05
2.5792e+05
2.5763e+05
2.5733e+05
2.5701e+05
2.5667e+05
2.5633e+05
2.5597e+05
2.556e+05
2.5523e+05
2.5485e+05
2.5447e+05
2.5409e+05
2.537e+05
2.5332e+05
2.5293e+05
2.5255e+05
2.5217e+05
2.518e+05
2.5144e+05
2.5108e+05
2.5072e+05
2.5038e+05
2.5004e+05
2.4971e+05
2.4939e+05
2.4908e+05
2.4877e+05
2.4848e+05
2.482e+05
2.4792e+05
2.4765e+05
2.474e+05
2.4715e+05
2.4691e+05
2.4667e+05
2.4645e+05
2.4623e+05
2.4602e+05
2.4581e+05
2.456e+05
2.4541e+05
2.4521e+05
2.4502e+05
2.4483e+05
2.4464e+05
2.4445e+05
2.4426e+05
2.4406e+05
2.4387e+05
2.4367e+05
2.4347e+05
2.4326e+05
2.4305e+05
2.4283e+05
2.426e+05
2.4237e+05
2.4212e+05
2.4187e+05
2.416e+05
2.4132e+05
2.4103e+05
2.4073e+05
2.4041e+05
2.4008e+05
2.3973e+05
2.3937e+05
2.3899e+05
2.386e+05
2.3819e+05
2.3776e+05
2.3731e+05
2.3684e+05
2.3636e+05
2.3586e+05
2.3533e+05
2.3479e+05
2.3423e+05
2.3365e+05
2.3304e+05
2.3242e+05
2.3178e+05
2.3112e+05
2.3043e+05
2.2973e+05
2.2901e+05
2.2826e+05
2.275e+05
2.2671e+05
2.259e+05
2.2508e+05
2.2423e+05
2.2336e+05
2.2248e+05
2.2157e+05
2.2064e+05
2.197e+05
2.1873e+05
2.1774e+05
2.1674e+05
2.1571e+05
2.1466e+05
2.136e+05
2.1251e+05
2.114e+05
2.1028e+05
2.0913e+05
2.0797e+05
2.0678e+05
2.0557e+05
2.0435e+05
2.031e+05
2.0183e+05
2.0054e+05
1.9923e+05
1.979e+05
1.9654e+05
1.9517e+05
1.9377e+05
1.9235e+05
1.9091e+05
1.8944e+05
1.8795e+05
1.8644e+05
1.849e+05
1.8334e+05
1.8176e+05
1.8014e+05
1.7851e+05
1.7685e+05
1.7516e+05
1.7345e+05
1.7171e+05
1.6995e+05
1.6816e+05
1.6634e+05
1.645e+05
1.6263e+05
1.6073e+05
1.5881e+05
1.5686e+05
1.5488e+05
1.5288e+05
1.5086e+05
1.488e+05
1.4673e+05
1.4462e+05
1.425e+05
1.4035e+05
1.3818e+05
1.3598e+05
1.3377e+05
1.3153e+05
1.2927e+05
1.27e+05
1.2471e+05
1.224e+05
1.2008e+05
1.1774e+05
1.1539e+05
1.1303e+05
1.1067e+05
1.0829e+05
1.0591e+05
1.0353e+05
1.0114e+05
98752
96367
93986
91611
89244
86888
84544
82215
79904
77612
75342
73096
70877
68687
66529
64405
62317
60268
58260
56296
54377
52506
50686
48917
47203
45546
43946
42407
40929
39515
38166
36883
35668
34521
33445
32439
31505
30644
29855
29139
28496
27927
27431
27008
26658
26379
26172
26034
25966
25965
26031
26161
26354
26608
26921
27290
27714
28190
28714
29284
29898
30552
31242
31966
32720
33501
34305
35128
35967
36818
37676
38538
39401
40260
41110
41949
42773
43576
44356
45109
45831
46517
47166
47772
48334
48846
49307
49713
50062
50350
50576
50736
50830
50854
50808
50689
50497
50230
49889
49472
48979
48410
47766
47048
46256
45391
44456
43451
42379
41243
40045
38789
37477
36113
34702
33247
31753
30225
28668
27087
25489
23878
22262
20646
19037
17443
15869
14324
12815
11350
9936.4
8582.2
7295.5
6084.7
4958.1
3924.2
2991.3
2168.2
1463.4
885.58
443.32
145.26
0
16.074
201.96
566.04
1116.6
1861.8
2809.6
3968
5344.6
6946.8
8782
10857
13179
15754
18589
21689
25060
28708
32637
36852
41357
46155
51252
56648
62347
68352
74663
81282
88211
95448
1.0299e+05
1.1085e+05
1.1901e+05
1.2748e+05
1.3625e+05
1.4532e+05
1.5469e+05
1.6435e+05
1.7431e+05
1.8455e+05
1.9507e+05
2.0586e+05
2.1692e+05
2.2825e+05
2.3983e+05
2.5166e+05
2.6372e+05
2.7602e+05
2.8854e+05
3.0128e+05
3.1422e+05
3.2735e+05
3.4066e+05
3.5415e+05
3.678e+05
3.816e+05
3.9553e+05
4.0959e+05
4.2376e+05
4.3803e+05
4.5239e+05
4.6682e+05
4.8131e+05
4.9585e+05
5.1042e+05
5.2501e+05
5.396e+05
5.5418e+05
5.6873e+05
5.8325e+05
5.9771e+05
6.121e+05
6.2641e+05
6.4062e+05
6.5471e+05
6.6868e+05
6.8251e+05
6.9618e+05
7.0968e+05
7.2299e+05
7.361e+05
7.49e+05
7.6168e+05
7.7411e+05
7.863e+05
7.9821e+05
8.0985e+05
8.212e+05
8.3224e+05
8.4297e+05
8.5337e+05
8.6344e+05
8.7316e+05
8.8253e+05
8.9152e+05
9.0014e+05
9.0838e+05
9.1622e+05
9.2367e+05
9.307e+05
9.3732e+05
9.4352e+05
9.4929e+05
9.5463e+05
9.5953e+05
9.6398e+05
9.68e+05
9.7156e+05
9.7467e+05
9.7733e+05
9.7953e+05
9.8128e+05
9.8257e+05
9.834e+05
9.8378e+05
9.837e+05
9.8316e+05
9.8218e+05
9.8075e+05
9.7887e+05
9.7654e+05
9.7379e+05
9.7059e+05
9.6697e+05
9.6293e+05
9.5847e+05
9.536e+05
9.4833e+05
9.4266e+05
9.366e+05
9.3016e+05
9.2336e+05
9.1619e+05
9.0866e+05
9.008e+05
8.926e+05
8.8408e+05
8.7524e+05
8.661e+05
8.5667e+05
8.4696e+05
8.3698e+05
8.2675e+05
8.1627e+05
8.0555e+05
7.9462e+05
7.8348e+05
7.7213e+05
7.6061e+05
7.4891e+05
7.3706e+05
7.2505e+05
7.1292e+05
7.0066e+05
6.8829e+05
6.7582e+05
6.6327e+05
6.5065e+05
6.3796e+05
6.2523e+05
6.1246e+05
5.9967e+05
5.8687e+05
5.7406e+05
5.6126e+05
5.4849e+05
5.3575e+05
5.2305e+05
5.104e+05
4.9781e+05
4.853e+05
4.7288e+05
4.6054e+05
4.4831e+05
4.3618e+05
4.2418e+05
4.123e+05
4.0056e+05
3.8896e+05
3.7751e+05
3.6621e+05
3.5508e+05
3.4412e+05
3.3333e+05
3.2272e+05
3.123e+05
3.0207e+05
2.9204e+05
2.8221e+05
2.7258e+05
2.6315e+05
2.5394e+05
2.4494e+05
2.3615e+05
2.2758e+05
2.1923e+05
2.1111e+05
2.032e+05
1.9552e+05
1.8806e+05
1.8082e+05
1.7381e+05
1.6702e+05
1.6045e+05
1.5411e+05
1.4798e+05
1.4208e+05
1.3639e+05
1.3092e+05
1.2566e+05
1.2061e+05
1.1577e+05
1.1114e+05
1.0671e+05
1.0248e+05
98447
94606
90955
87489
84204
81098
78164
75399
72800
70360
68076
65943
63956
62111
60403
58827
57379
56053
54844
53748
52761
51876
51090
50398
49794
49275
48836
48471
48177
47950
47784
47676
47621
47616
47656
47737
47856
48009
48192
48402
48635
48889
49159
49443
49739
50043
50352
50664
50977
51288
51595
51896
52189
52471
52743
53001
53244
53471
53680
53871
54041
54192
54320
54426
54509
54568
54603
54614
54599
54559
54494
54404
54288
54146
53979
53787
53570
53328
53062
52772
52459
52123
51764
51383
50981
50558
50115
49652
49171
48672
48156
47624
47075
46512
45935
45344
44741
44126
43501
42865
42220
41566
40904
40236
39561
38881
38197
37508
36816
36122
35425
34728
34029
33331
32634
31938
31244
30552
29863
29178
28496
27819
27147
26480
25819
25164
24515
23874
23239
22612
21992
21381
20777
