80350
83467
86656
89911
93230
96608
1.0004e+05
1.0352e+05
1.0705e+05
1.1063e+05
1.1424e+05
1.1788e+05
1.2155e+05
1.2525e+05
1.2896e+05
1.3269e+05
1.3644e+05
1.4018e+05
1.4393e+05
1.4768e+05
1.5141e+05
1.5514e+05
1.5885e+05
1.6254e+05
1.662e+05
1.6984e+05
1.7344e+05
1.77e+05
1.8052e+05
1.84e+05
1.8743e+05
1.908e+05
1.9412e+05
1.9738e+05
2.0058e+05
2.0372e+05
2.0678e+05
2.0978e+05
2.127e+05
2.1555e+05
2.1832e+05
2.2101e+05
2.2362e+05
2.2614e+05
2.2858e+05
2.3094e+05
2.3321e+05
2.3539e+05
2.3748e+05
2.3948e+05
2.414e+05
2.4322e+05
2.4495e+05
2.466e+05
2.4815e+05
2.4962e+05
2.5099e+05
2.5228e+05
2.5349e+05
2.546e+05
2.5563e+05
2.5658e+05
2.5745e+05
2.5824e+05
2.5895e+05
2.5958e+05
2.6014e+05
2.6063e+05
2.6104e+05
2.6139e+05
2.6167e+05
2.6189e+05
2.6205e+05
2.6215e+05
2.6219e+05
2.6218e+05
2.6212e+05
2.6201e+05
2.6186e+05
2.6167e+05
2.6143e+05
2.6116e+05
2.6085e+05
2.6052e+05
2.6015e+05
2.5976e+05
2.5934e+05
2.589e+05
2.5845e+05
2.5798e+05
2.575e+05
2.57e+05
2.565e+05
2.5599e+05
2.5547e+05
2.5496e+05
2.5444e+05
2.5393e+05
2.5342e+05
2.5292e+05
2.5242e+05
2.5193e+05
2.5145e+05
2.5099e+05
2.5054e+05
2.501e+05
2.4967e+05
2.4927e+05
2.4888e+05
2.485e+05
2.4815e+05
2.4782e+05
2.475e+05
2.4721e+05
2.4693e+05
2.4668e+05
2.4644e+05
2.4623e+05
2.4603e+05
2.4586e+05
2.4571e+05
2.4557e+05
2.4546e+05
2.4536e+05
2.4528e+05
2.4522e+05
2.4518e+05
2.4515e+05
2.4513e+05
2.4513e+05
2.4515e+05
2.4517e+05
2.4521e+05
2.4525e+05
2.4531e+05
2.4537e+05
2.4544e+05
2.4552e+05
2.456e+05
2.4568e+05
2.4577e+05
2.4585e+05
2.4594e+05
2.4602e+05
2.461e+05
2.4618e+05
2.4625e+05
2.4631e+05
2.4637e+05
2.4642e+05
2.4646e+05
2.4649e+05
2.465e+05
2.4651e+05
2.4649e+05
2.4647e+05
2.4642e+05
2.4636e+05
2.4629e+05
2.4619e+05
2.4607e+05
2.4594e+05
2.4578e+05
2.456e+05
2.4539e+05
2.4517e+05
2.4492e+05
2.4464e+05
2.4434e+05
2.4402e+05
2.4367e+05
2.4329e+05
2.4288e+05
2.4245e+05
2.4199e+05
2.415e+05
2.4098e+05
2.4044e+05
2.3986e+05
2.3926e+05
2.3862e+05
2.3796e+05
2.3726e+05
2.3654e+05
2.3579e+05
2.35e+05
2.3419e+05
2.3334e+05
2.3246e+05
2.3156e+05
2.3062e+05
2.2965e+05
2.2865e+05
2.2762e+05
2.2656e+05
2.2546e+05
2.2434e+05
2.2318e+05
2.22e+05
2.2078e+05
2.1953e+05
2.1825e+05
2.1694e+05
2.156e+05
2.1423e+05
2.1282e+05
2.1139e+05
2.0992e+05
2.0843e+05
2.069e+05
2.0534e+05
2.0375e+05
2.0214e+05
2.0049e+05
1.9881e+05
1.971e+05
1.9536e+05
1.9359e+05
1.918e+05
1.8997e+05
1.8812e+05
1.8623e+05
1.8432e+05
1.8239e+05
1.8042e+05
1.7843e+05
1.7641e+05
1.7437e+05
1.723e+05
1.7021e+05
1.681e+05
1.6596e+05
1.638e+05
1.6162e+05
1.5942e+05
1.572e+05
1.5496e+05
1.527e+05
1.5043e+05
1.4814e+05
1.4584e+05
1.4353e+05
1.412e+05
1.3887e+05
1.3652e+05
1.3417e+05
1.3182e+05
1.2945e+05
1.2709e+05
1.2473e+05
1.2236e+05
1.2e+05
1.1764e+05
1.1529e+05
1.1294e+05
1.1061e+05
1.0828e+05
1.0597e+05
1.0367e+05
1.0139e+05
99129
96887
94668
92472
90303
88162
86051
83972
81925
79915
77941
76005
74110
72257
70447
68683
66964
65293
63672
62100
60579
59111
57696
56335
55029
53778
52583
51445
50363
49337
48369
47458
46603
45804
45061
44374
43741
43163
42637
42163
41740
41366
41040
40761
40526
40334
40184
40073
39998
39959
39952
39976
40027
40104
40203
40322
40458
40609
40772
40943
41121
41301
41481
41659
41831
41995
42147
42285
42405
42506
42585
42639
42665
42661
42625
42554
42447
42301
42115
41886
41615
41298
40935
40525
40067
39560
39004
38399
37745
37042
36290
35490
34643
33750
32813
31832
30811
29751
28654
27523
26361
25171
23956
22721
21468
20203
18928
17649
16372
15099
13838
12593
11369
10174
9012.3
7890.7
6815.4
5793
4830.1
3933.6
3110.3
2367.4
1711.8
1150.9
691.86
342.12
109.03
0
22.471
183.87
491.61
953.08
1575.6
2366.5
3332.9
4481.9
5820.5
7355.7
9094
11042
13206
15593
18208
21057
24146
27479
31063
34902
38999
43360
47988
52887
58059
63509
69237
75246
81538
88115
94976
1.0212e+05
1.0955e+05
1.1727e+05
1.2527e+05
1.3356e+05
1.4212e+05
1.5097e+05
1.6009e+05
1.6949e+05
1.7915e+05
1.8909e+05
1.9928e+05
2.0973e+05
2.2044e+05
2.3139e+05
2.4258e+05
2.54e+05
2.6566e+05
2.7753e+05
2.8961e+05
3.019e+05
3.1438e+05
3.2705e+05
3.3989e+05
3.5291e+05
3.6607e+05
3.7939e+05
3.9284e+05
4.0642e+05
4.2011e+05
4.339e+05
4.4779e+05
4.6175e+05
4.7577e+05
4.8986e+05
5.0398e+05
5.1813e+05
5.3229e+05
5.4645e+05
5.6061e+05
5.7474e+05
5.8882e+05
6.0286e+05
6.1683e+05
6.3072e+05
6.4452e+05
6.5821e+05
6.7178e+05
6.8521e+05
6.985e+05
7.1162e+05
7.2457e+05
7.3734e+05
7.499e+05
7.6225e+05
7.7437e+05
7.8626e+05
7.9789e+05
8.0926e+05
8.2036e+05
8.3117e+05
8.4168e+05
8.5189e+05
8.6178e+05
8.7134e+05
8.8057e+05
8.8944e+05
8.9796e+05
9.0612e+05
9.139e+05
9.2131e+05
9.2832e+05
9.3495e+05
9.4117e+05
9.4698e+05
9.5238e+05
9.5737e+05
9.6193e+05
9.6607e+05
9.6978e+05
9.7306e+05
9.759e+05
9.7831e+05
9.8028e+05
9.8181e+05
9.8291e+05
9.8356e+05
9.8378e+05
9.8355e+05
9.829e+05
9.8181e+05
9.8028e+05
9.7833e+05
9.7596e+05
9.7316e+05
9.6995e+05
9.6633e+05
9.623e+05
9.5786e+05
9.5304e+05
9.4783e+05
9.4223e+05
9.3627e+05
9.2994e+05
9.2324e+05
9.1621e+05
9.0883e+05
9.0111e+05
8.9308e+05
8.8473e+05
8.7608e+05
8.6714e+05
8.5792e+05
8.4842e+05
8.3867e+05
8.2866e+05
8.1842e+05
8.0795e+05
7.9726e+05
7.8637e+05
7.7528e+05
7.6402e+05
7.5259e+05
7.4099e+05
7.2926e+05
7.1739e+05
7.054e+05
6.933e+05
6.811e+05
6.6881e+05
6.5645e+05
6.4403e+05
6.3156e+05
6.1905e+05
6.065e+05
5.9395e+05
5.8138e+05
5.6882e+05
5.5628e+05
5.4376e+05
5.3128e+05
5.1885e+05
5.0647e+05
4.9415e+05
4.8192e+05
4.6976e+05
4.577e+05
4.4574e+05
4.3389e+05
4.2216e+05
4.1056e+05
3.9909e+05
3.8776e+05
3.7657e+05
3.6554e+05
3.5467e+05
3.4396e+05
3.3343e+05
3.2307e+05
3.129e+05
3.0291e+05
2.9311e+05
2.835e+05
2.7409e+05
2.6489e+05
2.5588e+05
2.4709e+05
2.385e+05
2.3012e+05
2.2196e+05
2.1401e+05
2.0628e+05
1.9876e+05
1.9146e+05
1.8438e+05
1.7752e+05
1.7087e+05
1.6443e+05
1.5822e+05
1.5221e+05
1.4642e+05
1.4085e+05
1.3548e+05
1.3032e+05
1.2536e+05
1.2061e+05
1.1606e+05
1.117e+05
1.0754e+05
1.0357e+05
99796
96202
92790
89556
86495
83605
80881
78319
75914
73663
71561
69604
67788
66107
64557
63135
61834
60651
59581
58619
57762
57003
56340
55766
55279
54873
54544
54288
54100
53977
53914
53908
53953
54047
54186
54365
54582
54833
55114
55421
55753
56106
56476
56861
57257
57663
58076
58493
58912
59331
59747
60158
60563
60959
61345
61720
62081
62428
62759
63072
63368
63643
63899
64133
64346
64536
64703
64846
64965
65059
65129
65174
65193
65187
65157
65101
65019
64913
64782
64627
64447
64243
64016
63765
63492
63197
62880
62542
62183
61804
61406
60989
60554
60101
59631
59145
58644
58128
57597
57054
56497
55929
55349
54759
54158
53549
52931
52305
51672
51032
50386
49735
49080
48420
47757
47092
46424
45754
45083
44412
43741
43070
42400
41731
41065
40400
39739
39080
38426
37775
37128
36486
35850
