2.471e+05
2.5029e+05
2.5349e+05
2.5669e+05
2.5989e+05
2.6309e+05
2.663e+05
2.695e+05
2.727e+05
2.759e+05
2.7909e+05
2.8228e+05
2.8545e+05
2.8862e+05
2.9178e+05
2.9492e+05
2.9805e+05
3.0116e+05
3.0426e+05
3.0734e+05
3.104e+05
3.1345e+05
3.1646e+05
3.1946e+05
3.2243e+05
3.2538e+05
3.283e+05
3.312e+05
3.3406e+05
3.369e+05
3.397e+05
3.4247e+05
3.4521e+05
3.4791e+05
3.5058e+05
3.5321e+05
3.5581e+05
3.5836e+05
3.6088e+05
3.6336e+05
3.6579e+05
3.6818e+05
3.7053e+05
3.7283e+05
3.7509e+05
3.7731e+05
3.7947e+05
3.8159e+05
3.8366e+05
3.8568e+05
3.8765e+05
3.8957e+05
3.9143e+05
3.9325e+05
3.9501e+05
3.9672e+05
3.9837e+05
3.9997e+05
4.0152e+05
4.03e+05
4.0443e+05
4.0581e+05
4.0712e+05
4.0838e+05
4.0958e+05
4.1072e+05
4.1179e+05
4.1281e+05
4.1377e+05
4.1467e+05
4.1551e+05
4.1629e+05
4.17e+05
4.1765e+05
4.1825e+05
4.1878e+05
4.1924e+05
4.1965e+05
4.1999e+05
4.2027e+05
4.2049e+05
4.2064e+05
4.2073e+05
4.2076e+05
4.2073e+05
4.2064e+05
4.2048e+05
4.2026e+05
4.1998e+05
4.1964e+05
4.1923e+05
4.1877e+05
4.1825e+05
4.1766e+05
4.1702e+05
4.1631e+05
4.1555e+05
4.1473e+05
4.1385e+05
4.1292e+05
4.1192e+05
4.1087e+05
4.0977e+05
4.0861e+05
4.074e+05
4.0613e+05
4.0481e+05
4.0344e+05
4.0202e+05
4.0055e+05
3.9903e+05
3.9746e+05
3.9584e+05
3.9418e+05
3.9247e+05
3.9072e+05
3.8892e+05
3.8708e+05
3.852e+05
3.8328e+05
3.8132e+05
3.7933e+05
3.7729e+05
3.7522e+05
3.7312e+05
3.7098e+05
3.6882e+05
3.6662e+05
3.6439e+05
3.6213e+05
3.5985e+05
3.5754e+05
3.5521e+05
3.5285e+05
3.5048e+05
3.4808e+05
3.4566e+05
3.4323e+05
3.4078e+05
3.3832e+05
3.3584e+05
3.3335e+05
3.3085e+05
3.2835e+05
3.2583e+05
3.2331e+05
3.2078e+05
3.1825e+05
3.1572e+05
3.1318e+05
3.1065e+05
3.0812e+05
3.0559e+05
3.0306e+05
3.0054e+05
2.9803e+05
2.9552e+05
2.9303e+05
2.9054e+05
2.8807e+05
2.8561e+05
2.8316e+05
2.8073e+05
2.7832e+05
2.7592e+05
2.7354e+05
2.7118e+05
2.6884e+05
2.6652e+05
2.6422e+05
2.6194e+05
2.5969e+05
2.5747e+05
2.5527e+05
2.5309e+05
2.5094e+05
2.4882e+05
2.4673e+05
2.4466e+05
2.4263e+05
2.4062e+05
2.3865e+05
2.367e+05
2.3479e+05
2.329e+05
2.3105e+05
2.2923e+05
2.2744e+05
2.2569e+05
2.2396e+05
2.2227e+05
2.2061e+05
2.1898e+05
2.1739e+05
2.1582e+05
2.1429e+05
2.1279e+05
2.1132e+05
2.0988e+05
2.0848e+05
2.071e+05
2.0575e+05
2.0444e+05
2.0315e+05
2.0189e+05
2.0066e+05
1.9945e+05
1.9827e+05
1.9712e+05
1.9599e+05
1.9489e+05
1.9381e+05
1.9276e+05
1.9172e+05
1.9071e+05
1.8971e+05
1.8874e+05
1.8778e+05
1.8684e+05
1.8592e+05
1.8501e+05
1.8411e+05
1.8323e+05
1.8236e+05
1.815e+05
1.8065e+05
1.7981e+05
1.7897e+05
1.7814e+05
1.7731e+05
1.7649e+05
1.7567e+05
1.7485e+05
1.7403e+05
1.7321e+05
1.7238e+05
1.7155e+05
1.7072e+05
1.6987e+05
1.6902e+05
1.6817e+05
1.673e+05
1.6642e+05
1.6552e+05
1.6462e+05
1.6369e+05
1.6276e+05
1.618e+05
1.6083e+05
1.5983e+05
1.5882e+05
1.5779e+05
1.5673e+05
1.5565e+05
1.5455e+05
1.5342e+05
1.5226e+05
1.5108e+05
1.4988e+05
1.4864e+05
1.4738e+05
1.4608e+05
1.4476e+05
1.4341e+05
1.4202e+05
1.4061e+05
1.3916e+05
1.3768e+05
1.3617e+05
1.3463e+05
1.3306e+05
1.3145e+05
1.2981e+05
1.2814e+05
1.2644e+05
1.247e+05
1.2294e+05
1.2114e+05
1.1931e+05
1.1745e+05
1.1556e+05
1.1364e+05
1.117e+05
1.0972e+05
1.0772e+05
1.0569e+05
1.0363e+05
1.0155e+05
99444
97316
95167
92998
90809
88603
86381
84143
81892
79630
77357
75075
72787
70495
68199
65902
63606
61313
59025
56745
54474
52214
49968
47739
45528
43338
41171
39031
36919
34838
32790
30778
28806
26874
24987
23147
21356
19617
17933
16307
14741
13238
11802
10434
9137.3
7915
6769.6
5703.8
4720.5
3822.2
3011.6
2291.5
1664.4
1133
699.79
367.4
138.33
15.046
0
95.591
304.17
628.06
1069.5
1630.7
2313.9
3121.1
4054.4
5115.7
6307
7630.2
9087
10679
12408
14276
16284
18433
20725
23161
25742
28470
31345
34368
37541
40863
44335
47959
51735
55662
59741
63973
68357
72893
77582
82422
87414
92558
97852
1.033e+05
1.0889e+05
1.1463e+05
1.2052e+05
1.2656e+05
1.3274e+05
1.3906e+05
1.4553e+05
1.5214e+05
1.5889e+05
1.6578e+05
1.728e+05
1.7996e+05
1.8725e+05
1.9467e+05
2.0222e+05
2.0989e+05
2.1769e+05
2.2561e+05
2.3365e+05
2.418e+05
2.5007e+05
2.5845e+05
2.6693e+05
2.7552e+05
2.8421e+05
2.93e+05
3.0189e+05
3.1086e+05
3.1993e+05
3.2908e+05
3.3831e+05
3.4761e+05
3.5699e+05
3.6645e+05
3.7596e+05
3.8554e+05
3.9518e+05
4.0488e+05
4.1462e+05
4.2441e+05
4.3424e+05
4.4411e+05
4.5402e+05
4.6395e+05
4.7391e+05
4.8389e+05
4.9388e+05
5.0389e+05
5.139e+05
5.2392e+05
5.3393e+05
5.4394e+05
5.5394e+05
5.6393e+05
5.7389e+05
5.8383e+05
5.9374e+05
6.0361e+05
6.1345e+05
6.2324e+05
6.3299e+05
6.4269e+05
6.5233e+05
6.619e+05
6.7142e+05
6.8086e+05
6.9023e+05
6.9952e+05
7.0872e+05
7.1784e+05
7.2686e+05
7.3579e+05
7.4462e+05
7.5335e+05
7.6196e+05
7.7046e+05
7.7885e+05
7.8711e+05
7.9525e+05
8.0326e+05
8.1113e+05
8.1887e+05
8.2647e+05
8.3393e+05
8.4123e+05
8.4839e+05
8.554e+05
8.6224e+05
8.6893e+05
8.7545e+05
8.818e+05
8.8798e+05
8.94e+05
8.9983e+05
9.0549e+05
9.1096e+05
9.1626e+05
9.2136e+05
9.2628e+05
9.3101e+05
9.3555e+05
9.3989e+05
9.4404e+05
9.4799e+05
9.5173e+05
9.5528e+05
9.5862e+05
9.6176e+05
9.647e+05
9.6742e+05
9.6994e+05
9.7226e+05
9.7436e+05
9.7625e+05
9.7793e+05
9.794e+05
9.8066e+05
9.8171e+05
9.8254e+05
9.8317e+05
9.8358e+05
9.8378e+05
9.8376e+05
9.8354e+05
9.8311e+05
9.8247e+05
9.8161e+05
9.8055e+05
9.7929e+05
9.7781e+05
9.7613e+05
9.7425e+05
9.7216e+05
9.6988e+05
9.6739e+05
9.6471e+05
9.6182e+05
9.5875e+05
9.5548e+05
9.5203e+05
9.4838e+05
9.4455e+05
9.4053e+05
9.3634e+05
9.3196e+05
9.2741e+05
9.2268e+05
9.1779e+05
9.1272e+05
9.0749e+05
9.021e+05
8.9655e+05
8.9084e+05
8.8498e+05
8.7896e+05
8.728e+05
8.665e+05
8.6006e+05
8.5348e+05
8.4677e+05
8.3992e+05
8.3295e+05
8.2586e+05
8.1865e+05
8.1132e+05
8.0389e+05
7.9634e+05
7.8869e+05
7.8094e+05
7.7309e+05
7.6515e+05
7.5712e+05
7.4901e+05
7.4081e+05
7.3254e+05
7.2419e+05
7.1578e+05
7.073e+05
6.9876e+05
6.9016e+05
6.8151e+05
6.728e+05
6.6406e+05
6.5527e+05
6.4644e+05
6.3758e+05
6.2869e+05
6.1977e+05
6.1083e+05
6.0187e+05
5.929e+05
5.8392e+05
5.7493e+05
5.6593e+05
5.5694e+05
5.4795e+05
5.3896e+05
5.2999e+05
5.2104e+05
5.121e+05
5.0318e+05
4.9429e+05
4.8542e+05
4.7659e+05
4.6779e+05
4.5903e+05
4.5031e+05
4.4164e+05
4.3301e+05
4.2443e+05
4.1591e+05
4.0744e+05
3.9903e+05
3.9068e+05
3.824e+05
3.7418e+05
3.6603e+05
3.5795e+05
3.4995e+05
3.4202e+05
3.3418e+05
3.2641e+05
3.1872e+05
3.1112e+05
3.0361e+05
2.9618e+05
2.8885e+05
2.8161e+05
2.7446e+05
2.674e+05
2.6045e+05
2.5359e+05
2.4683e+05
2.4017e+05
2.3362e+05
2.2716e+05
2.2082e+05
2.1457e+05
2.0844e+05
2.0241e+05
1.9649e+05
1.9067e+05
1.8497e+05
1.7937e+05
1.7389e+05
1.6852e+05
1.6325e+05
1.581e+05
1.5306e+05
1.4813e+05
1.4331e+05
1.3861e+05
1.3401e+05
1.2953e+05
1.2515e+05
1.2089e+05
1.1674e+05
1.1269e+05
1.0876e+05
1.0494e+05
1.0122e+05
97611
94110
90714
87424
84239
81157
78178
75300
72523
69846
67267
64785
62399
60108
57910
55804
53789
51863
50024
48272
46605
45022
43519
42098
40754
39488
38296
37179
36133
35158
34250
33410
32635
31923
31272
30682
30149
29672
29250
28880
28562
28292
28070
27893
27760
27669
27618
27605
27630
27689
27782
27906
28060
28243
28452
28686
28943
29222
29522
29839
30174
30525
30890
31267
31655
32053
32460
32873
33292
33716
34142
34571
35000
35429
35855
36279
36699
37115
37524
37926
38320
38705
39081
39445
39799
40140
40468
40782
41082
41366
41635
41887
42123
42341
42541
