5.2899e+05
5.3144e+05
5.338e+05
5.3608e+05
5.3827e+05
5.4038e+05
5.424e+05
5.4434e+05
5.4619e+05
5.4796e+05
5.4965e+05
5.5125e+05
5.5277e+05
5.5421e+05
5.5556e+05
5.5684e+05
5.5803e+05
5.5914e+05
5.6018e+05
5.6113e+05
5.6201e+05
5.6281e+05
5.6353e+05
5.6418e+05
5.6475e+05
5.6525e+05
5.6568e+05
5.6603e+05
5.6632e+05
5.6653e+05
5.6667e+05
5.6675e+05
5.6676e+05
5.667e+05
5.6658e+05
5.664e+05
5.6615e+05
5.6584e+05
5.6547e+05
5.6504e+05
5.6456e+05
5.6402e+05
5.6342e+05
5.6276e+05
5.6206e+05
5.613e+05
5.6049e+05
5.5963e+05
5.5872e+05
5.5777e+05
5.5676e+05
5.5572e+05
5.5463e+05
5.5349e+05
5.5232e+05
5.511e+05
5.4985e+05
5.4856e+05
5.4723e+05
5.4587e+05
5.4447e+05
5.4304e+05
5.4157e+05
5.4008e+05
5.3855e+05
5.37e+05
5.3542e+05
5.3381e+05
5.3217e+05
5.3051e+05
5.2883e+05
5.2712e+05
5.2539e+05
5.2365e+05
5.2188e+05
5.2009e+05
5.1828e+05
5.1646e+05
5.1462e+05
5.1276e+05
5.1089e+05
5.09e+05
5.071e+05
5.0519e+05
5.0327e+05
5.0133e+05
4.9939e+05
4.9743e+05
4.9547e+05
4.9349e+05
4.9151e+05
4.8952e+05
4.8752e+05
4.8552e+05
4.8351e+05
4.815e+05
4.7948e+05
4.7745e+05
4.7542e+05
4.7339e+05
4.7135e+05
4.6931e+05
4.6726e+05
4.6521e+05
4.6316e+05
4.6111e+05
4.5906e+05
4.57e+05
4.5494e+05
4.5288e+05
4.5081e+05
4.4875e+05
4.4668e+05
4.4462e+05
4.4255e+05
4.4048e+05
4.384e+05
4.3633e+05
4.3425e+05
4.3218e+05
4.301e+05
4.2802e+05
4.2594e+05
4.2385e+05
4.2177e+05
4.1968e+05
4.1758e+05
4.1549e+05
4.1339e+05
4.1129e+05
4.0919e+05
4.0708e+05
4.0497e+05
4.0286e+05
4.0074e+05
3.9862e+05
3.9649e+05
3.9435e+05
3.9221e+05
3.9007e+05
3.8792e+05
3.8576e+05
3.836e+05
3.8143e+05
3.7925e+05
3.7707e+05
3.7488e+05
3.7268e+05
3.7047e+05
3.6825e+05
3.6603e+05
3.6379e+05
3.6155e+05
3.5929e+05
3.5703e+05
3.5475e+05
3.5246e+05
3.5017e+05
3.4786e+05
3.4554e+05
3.4321e+05
3.4087e+05
3.3851e+05
3.3614e+05
3.3376e+05
3.3137e+05
3.2896e+05
3.2654e+05
3.2411e+05
3.2166e+05
3.192e+05
3.1673e+05
3.1424e+05
3.1174e+05
3.0923e+05
3.067e+05
3.0415e+05
3.016e+05
2.9903e+05
2.9644e+05
2.9384e+05
2.9123e+05
2.886e+05
2.8596e+05
2.833e+05
2.8064e+05
2.7795e+05
2.7526e+05
2.7255e+05
2.6983e+05
2.671e+05
2.6435e+05
2.6159e+05
2.5882e+05
2.5604e+05
2.5325e+05
2.5045e+05
2.4764e+05
2.4481e+05
2.4198e+05
2.3914e+05
2.3629e+05
2.3343e+05
2.3057e+05
2.277e+05
2.2482e+05
2.2194e+05
2.1905e+05
2.1615e+05
2.1326e+05
2.1036e+05
2.0745e+05
2.0455e+05
2.0165e+05
1.9874e+05
1.9584e+05
1.9293e+05
1.9003e+05
1.8713e+05
1.8424e+05
1.8135e+05
1.7847e+05
1.7559e+05
1.7272e+05
1.6987e+05
1.6702e+05
1.6418e+05
1.6135e+05
1.5853e+05
1.5573e+05
1.5295e+05
1.5018e+05
1.4742e+05
1.4469e+05
1.4197e+05
1.3928e+05
1.366e+05
1.3395e+05
1.3133e+05
1.2873e+05
1.2615e+05
1.236e+05
1.2108e+05
1.1859e+05
1.1613e+05
1.1371e+05
1.1132e+05
1.0896e+05
1.0664e+05
1.0435e+05
1.0211e+05
99904
97740
95618
93540
91507
89521
87582
85691
83851
82062
80326
78643
77015
75444
73930
72475
71080
69746
68475
67267
66123
65046
64035
63093
62220
61417
60685
60027
59441
58931
58496
58137
57857
57654
57532
57489
57528
57649
57854
58142
58514
58973
59517
60148
60867
61674
62570
63555
64631
65797
67054
68403
69845
71378
73005
74725
76539
78446
80448
82544
84736
87021
89402
91878
94449
97116
99877
1.0273e+05
1.0569e+05
1.0873e+05
1.1187e+05
1.1511e+05
1.1844e+05
1.2187e+05
1.2538e+05
1.29e+05
1.327e+05
1.365e+05
1.4039e+05
1.4438e+05
1.4845e+05
1.5261e+05
1.5687e+05
1.6122e+05
1.6565e+05
1.7017e+05
1.7478e+05
1.7948e+05
1.8426e+05
1.8913e+05
1.9408e+05
1.9912e+05
2.0424e+05
2.0944e+05
2.1472e+05
2.2008e+05
2.2552e+05
2.3104e+05
2.3664e+05
2.423e+05
2.4805e+05
2.5386e+05
2.5975e+05
2.6571e+05
2.7173e+05
2.7783e+05
2.8399e+05
2.9021e+05
2.965e+05
3.0285e+05
3.0927e+05
3.1574e+05
3.2226e+05
3.2885e+05
3.3548e+05
3.4217e+05
3.4892e+05
3.5571e+05
3.6255e+05
3.6943e+05
3.7636e+05
3.8333e+05
3.9034e+05
3.9739e+05
4.0448e+05
4.1161e+05
4.1876e+05
4.2595e+05
4.3317e+05
4.4042e+05
4.4769e+05
4.5499e+05
4.6231e+05
4.6964e+05
4.77e+05
4.8437e+05
4.9176e+05
4.9916e+05
5.0657e+05
5.1399e+05
5.2142e+05
5.2885e+05
5.3628e+05
5.4371e+05
5.5114e+05
5.5856e+05
5.6598e+05
5.734e+05
5.808e+05
5.8819e+05
5.9556e+05
6.0292e+05
6.1027e+05
6.1759e+05
6.2489e+05
6.3216e+05
6.3941e+05
6.4663e+05
6.5382e+05
6.6098e+05
6.681e+05
6.7519e+05
6.8224e+05
6.8924e+05
6.9621e+05
7.0313e+05
7.1001e+05
7.1684e+05
7.2361e+05
7.3034e+05
7.3701e+05
7.4363e+05
7.5018e+05
7.5668e+05
7.6312e+05
7.695e+05
7.7581e+05
7.8205e+05
7.8822e+05
7.9433e+05
8.0036e+05
8.0632e+05
8.1221e+05
8.1802e+05
8.2375e+05
8.294e+05
8.3497e+05
8.4045e+05
8.4585e+05
8.5117e+05
8.564e+05
8.6154e+05
8.6659e+05
8.7154e+05
8.7641e+05
8.8118e+05
8.8585e+05
8.9043e+05
8.9491e+05
8.9929e+05
9.0357e+05
9.0775e+05
9.1183e+05
9.158e+05
9.1967e+05
9.2343e+05
9.2708e+05
9.3063e+05
9.3407e+05
9.374e+05
9.4062e+05
9.4373e+05
9.4672e+05
9.4961e+05
9.5238e+05
9.5504e+05
9.5758e+05
9.6e+05
9.6232e+05
9.6451e+05
9.6659e+05
9.6855e+05
9.7039e+05
9.7212e+05
9.7373e+05
9.7522e+05
9.7659e+05
9.7784e+05
9.7897e+05
9.7998e+05
9.8088e+05
9.8165e+05
9.823e+05
9.8284e+05
9.8325e+05
9.8355e+05
9.8372e+05
9.8378e+05
9.8371e+05
9.8353e+05
9.8323e+05
9.8281e+05
9.8227e+05
9.8161e+05
9.8084e+05
9.7995e+05
9.7894e+05
9.7782e+05
9.7658e+05
9.7522e+05
9.7375e+05
9.7217e+05
9.7047e+05
9.6866e+05
9.6674e+05
9.647e+05
9.6256e+05
9.603e+05
9.5794e+05
9.5547e+05
9.5289e+05
9.502e+05
9.4741e+05
9.4452e+05
9.4152e+05
9.3842e+05
9.3521e+05
9.3191e+05
9.285e+05
9.25e+05
9.214e+05
9.1771e+05
9.1392e+05
9.1003e+05
9.0606e+05
9.0199e+05
8.9783e+05
8.9358e+05
8.8925e+05
8.8483e+05
8.8033e+05
8.7574e+05
8.7107e+05
8.6632e+05
8.6149e+05
8.5658e+05
8.5159e+05
8.4654e+05
8.414e+05
8.362e+05
8.3093e+05
8.2558e+05
8.2017e+05
8.1469e+05
8.0915e+05
8.0355e+05
7.9789e+05
7.9216e+05
7.8638e+05
7.8054e+05
7.7465e+05
7.687e+05
7.627e+05
7.5665e+05
7.5056e+05
7.4441e+05
7.3823e+05
7.3199e+05
7.2572e+05
7.1941e+05
7.1305e+05
7.0667e+05
7.0024e+05
6.9378e+05
6.8729e+05
6.8077e+05
6.7423e+05
6.6765e+05
6.6105e+05
6.5442e+05
6.4778e+05
6.4111e+05
6.3442e+05
6.2772e+05
6.21e+05
6.1427e+05
6.0752e+05
6.0077e+05
5.94e+05
5.8723e+05
5.8045e+05
5.7367e+05
5.6688e+05
5.6009e+05
5.533e+05
5.4651e+05
5.3973e+05
5.3295e+05
5.2618e+05
5.1941e+05
5.1265e+05
5.0591e+05
4.9917e+05
4.9245e+05
4.8574e+05
4.7905e+05
4.7237e+05
4.6572e+05
4.5908e+05
4.5246e+05
4.4587e+05
4.393e+05
4.3276e+05
4.2624e+05
4.1975e+05
4.1329e+05
4.0686e+05
4.0045e+05
3.9408e+05
3.8775e+05
3.8145e+05
3.7518e+05
3.6895e+05
3.6276e+05
3.566e+05
3.5049e+05
3.4441e+05
3.3838e+05
3.3239e+05
3.2644e+05
3.2054e+05
3.1468e+05
3.0887e+05
3.031e+05
2.9739e+05
2.9171e+05
2.8609e+05
2.8052e+05
2.75e+05
2.6953e+05
2.6411e+05
2.5874e+05
2.5343e+05
2.4817e+05
2.4296e+05
2.3781e+05
2.3272e+05
2.2768e+05
2.2269e+05
2.1776e+05
2.1289e+05
2.0808e+05
2.0332e+05
1.9863e+05
1.9399e+05
1.8941e+05
1.8488e+05
1.8042e+05
1.7602e+05
1.7168e+05
1.6739e+05
1.6317e+05
1.5901e+05
1.5491e+05
1.5087e+05
1.4689e+05
1.4297e+05
1.3911e+05
1.3531e+05
1.3157e+05
1.2789e+05
1.2428e+05
1.2072e+05
1.1723e+05
1.1379e+05
1.1042e+05
1.071e+05
1.0385e+05
1.0066e+05
97524
94450
91435
88480
85583
82744
79964
77242
74578
71970
69420
66926
64489
62107
59781
57509
55292
53129
51019
48963
46959
45007
43107
41257
39458
37709
36010
34359
32756
31200
29692
28230
26814
25442
24116
22833
21593
20396
19240
18126
17052
16018
15023
14067
13148
12266
11421
10611
9836.2
9095.6
8388.4
7714
7071.6
6460.6
5880.1
5329.6
4808.2
4315.3
3850.1
3411.9
3000
2613.6
2252.2
1914.8
1600.9
1309.7
1040.5
792.57
565.27
357.87
169.67
0
