89071
92369
95739
99178
1.0268e+05
1.0625e+05
1.0987e+05
1.1354e+05
1.1726e+05
1.2102e+05
1.2482e+05
1.2866e+05
1.3252e+05
1.3641e+05
1.4032e+05
1.4425e+05
1.4818e+05
1.5212e+05
1.5606e+05
1.5999e+05
1.6392e+05
1.6783e+05
1.7172e+05
1.7559e+05
1.7944e+05
1.8325e+05
1.8702e+05
1.9075e+05
1.9444e+05
1.9808e+05
2.0167e+05
2.052e+05
2.0867e+05
2.1207e+05
2.1541e+05
2.1867e+05
2.2187e+05
2.2498e+05
2.2802e+05
2.3097e+05
2.3384e+05
2.3662e+05
2.3931e+05
2.4191e+05
2.4441e+05
2.4682e+05
2.4914e+05
2.5136e+05
2.5348e+05
2.555e+05
2.5742e+05
2.5925e+05
2.6097e+05
2.6259e+05
2.6411e+05
2.6553e+05
2.6686e+05
2.6808e+05
2.6921e+05
2.7024e+05
2.7118e+05
2.7202e+05
2.7277e+05
2.7343e+05
2.7399e+05
2.7448e+05
2.7487e+05
2.7519e+05
2.7542e+05
2.7558e+05
2.7566e+05
2.7567e+05
2.7561e+05
2.7548e+05
2.7528e+05
2.7503e+05
2.7471e+05
2.7435e+05
2.7392e+05
2.7345e+05
2.7294e+05
2.7238e+05
2.7178e+05
2.7114e+05
2.7047e+05
2.6977e+05
2.6904e+05
2.6829e+05
2.6752e+05
2.6673e+05
2.6592e+05
2.651e+05
2.6427e+05
2.6344e+05
2.626e+05
2.6176e+05
2.6092e+05
2.6009e+05
2.5926e+05
2.5844e+05
2.5763e+05
2.5683e+05
2.5605e+05
2.5529e+05
2.5454e+05
2.5381e+05
2.531e+05
2.5242e+05
2.5176e+05
2.5112e+05
2.5051e+05
2.4993e+05
2.4937e+05
2.4884e+05
2.4835e+05
2.4788e+05
2.4743e+05
2.4702e+05
2.4664e+05
2.4629e+05
2.4597e+05
2.4567e+05
2.4541e+05
2.4517e+05
2.4496e+05
2.4478e+05
2.4462e+05
2.4449e+05
2.4438e+05
2.443e+05
2.4423e+05
2.4419e+05
2.4417e+05
2.4417e+05
2.4419e+05
2.4422e+05
2.4426e+05
2.4432e+05
2.444e+05
2.4448e+05
2.4457e+05
2.4466e+05
2.4477e+05
2.4487e+05
2.4498e+05
2.4509e+05
2.452e+05
2.4531e+05
2.4541e+05
2.4551e+05
2.456e+05
2.4568e+05
2.4576e+05
2.4582e+05
2.4587e+05
2.459e+05
2.4592e+05
2.4593e+05
2.4591e+05
2.4588e+05
2.4583e+05
2.4575e+05
2.4565e+05
2.4553e+05
2.4539e+05
2.4522e+05
2.4503e+05
2.448e+05
2.4455e+05
2.4428e+05
2.4397e+05
2.4363e+05
2.4327e+05
2.4287e+05
2.4245e+05
2.4199e+05
2.415e+05
2.4098e+05
2.4043e+05
2.3984e+05
2.3922e+05
2.3857e+05
2.3789e+05
2.3718e+05
2.3643e+05
2.3565e+05
2.3484e+05
2.3399e+05
2.3311e+05
2.322e+05
2.3126e+05
2.3029e+05
2.2928e+05
2.2825e+05
2.2718e+05
2.2608e+05
2.2495e+05
2.2379e+05
2.226e+05
2.2138e+05
2.2013e+05
2.1885e+05
2.1754e+05
2.162e+05
2.1484e+05
2.1344e+05
2.1202e+05
2.1057e+05
2.0909e+05
2.0758e+05
2.0605e+05
2.0449e+05
2.029e+05
2.0128e+05
1.9964e+05
1.9798e+05
1.9629e+05
1.9457e+05
1.9283e+05
1.9106e+05
1.8927e+05
1.8745e+05
1.8561e+05
1.8374e+05
1.8185e+05
1.7994e+05
1.78e+05
1.7604e+05
1.7406e+05
1.7206e+05
1.7003e+05
1.6798e+05
1.6592e+05
1.6383e+05
1.6172e+05
1.5959e+05
1.5744e+05
1.5527e+05
1.5309e+05
1.5088e+05
1.4866e+05
1.4643e+05
1.4418e+05
1.4191e+05
1.3963e+05
1.3734e+05
1.3503e+05
1.3272e+05
1.3039e+05
1.2806e+05
1.2572e+05
1.2337e+05
1.2101e+05
1.1865e+05
1.1629e+05
1.1393e+05
1.1156e+05
1.092e+05
1.0684e+05
1.0448e+05
1.0213e+05
99784
97448
95123
92809
90509
88224
85955
83706
81477
79270
77087
74930
72800
70699
68628
66591
64587
62620
60690
58799
56948
55140
53375
51655
49982
48356
46778
45251
43774
42350
40978
39660
38396
37186
36033
34934
33892
32907
31977
31104
30287
29526
28820
28169
27573
27030
26540
26101
25713
25375
25085
24841
24642
24487
24373
24299
24263
24262
24295
24360
24453
24573
24717
24883
25067
25268
25483
25709
25943
26183
26426
26669
26909
27144
27370
27586
27789
27976
28144
28292
28416
28515
28586
28627
28637
28613
28554
28458
28324
28151
27938
27683
27386
27047
26665
26240
25772
25261
24709
24115
23481
22808
22097
21350
20569
19757
18914
18045
17152
16238
15307
14362
13406
12445
11483
10523
9570.5
8631
7709.2
6810.7
5940.9
5105.6
4310.8
3562.5
2867.1
2230.8
1660.4
1162.4
743.61
410.96
171.43
32.069
0
82.398
286.47
619.45
1088.6
1701.1
2464.1
3384.9
4470.6
5728.2
7164.6
8786.7
10601
12615
14834
17265
19914
22786
25888
29225
32803
36625
40697
45024
49609
54456
59569
64951
70605
76532
82736
89218
95978
1.0302e+05
1.1034e+05
1.1794e+05
1.2582e+05
1.3399e+05
1.4243e+05
1.5114e+05
1.6013e+05
1.694e+05
1.7893e+05
1.8873e+05
1.9879e+05
2.0911e+05
2.1968e+05
2.3049e+05
2.4155e+05
2.5285e+05
2.6438e+05
2.7612e+05
2.8808e+05
3.0025e+05
3.1262e+05
3.2518e+05
3.3792e+05
3.5084e+05
3.6391e+05
3.7714e+05
3.9051e+05
4.0401e+05
4.1763e+05
4.3136e+05
4.4519e+05
4.591e+05
4.7308e+05
4.8713e+05
5.0122e+05
5.1535e+05
5.295e+05
5.4365e+05
5.5781e+05
5.7194e+05
5.8605e+05
6.001e+05
6.141e+05
6.2803e+05
6.4187e+05
6.556e+05
6.6923e+05
6.8272e+05
6.9607e+05
7.0927e+05
7.223e+05
7.3514e+05
7.4779e+05
7.6022e+05
7.7244e+05
7.8442e+05
7.9615e+05
8.0762e+05
8.1882e+05
8.2973e+05
8.4035e+05
8.5066e+05
8.6066e+05
8.7032e+05
8.7965e+05
8.8862e+05
8.9724e+05
9.0549e+05
9.1337e+05
9.2086e+05
9.2796e+05
9.3466e+05
9.4096e+05
9.4684e+05
9.523e+05
9.5734e+05
9.6196e+05
9.6613e+05
9.6988e+05
9.7318e+05
9.7603e+05
9.7845e+05
9.8041e+05
9.8193e+05
9.8299e+05
9.8361e+05
9.8378e+05
9.8349e+05
9.8277e+05
9.8159e+05
9.7997e+05
9.7791e+05
9.7542e+05
9.7249e+05
9.6913e+05
9.6534e+05
9.6114e+05
9.5653e+05
9.515e+05
9.4608e+05
9.4026e+05
9.3406e+05
9.2748e+05
9.2053e+05
9.1322e+05
9.0555e+05
8.9754e+05
8.892e+05
8.8053e+05
8.7155e+05
8.6227e+05
8.527e+05
8.4284e+05
8.3271e+05
8.2233e+05
8.117e+05
8.0083e+05
7.8974e+05
7.7844e+05
7.6694e+05
7.5525e+05
7.4339e+05
7.3136e+05
7.1919e+05
7.0688e+05
6.9445e+05
6.819e+05
6.6926e+05
6.5653e+05
6.4372e+05
6.3085e+05
6.1794e+05
6.0498e+05
5.92e+05
5.7901e+05
5.6601e+05
5.5302e+05
5.4005e+05
5.2712e+05
5.1422e+05
5.0138e+05
4.8861e+05
4.7591e+05
4.6329e+05
4.5077e+05
4.3834e+05
4.2604e+05
4.1385e+05
4.0179e+05
3.8987e+05
3.7809e+05
3.6647e+05
3.5501e+05
3.4372e+05
3.326e+05
3.2166e+05
3.109e+05
3.0034e+05
2.8997e+05
2.7981e+05
2.6985e+05
2.601e+05
2.5056e+05
2.4125e+05
2.3215e+05
2.2327e+05
2.1462e+05
2.062e+05
1.9801e+05
1.9005e+05
1.8232e+05
1.7482e+05
1.6755e+05
1.6052e+05
1.5371e+05
1.4714e+05
1.4081e+05
1.347e+05
1.2882e+05
1.2316e+05
1.1774e+05
1.1253e+05
1.0755e+05
1.0278e+05
98231
93892
89762
85837
82115
78590
75260
72119
69165
66392
63796
61372
59116
57023
55088
53306
51672
50182
48829
47610
46518
45549
44697
43958
43326
42796
42363
42023
41769
41597
41503
41481
41527
41636
41803
42025
42295
42611
42968
43362
43789
44245
44726
45229
45750
46286
46833
47389
47950
48513
49076
49636
50191
50737
51274
51799
52309
52803
53280
53738
54174
54589
54980
55347
55688
56003
56290
56550
56781
56984
57157
57301
57414
57498
57552
57577
57571
57536
57472
57379
57258
57108
56931
56727
56497
56241
55960
55655
55327
54975
54602
54208
53794
53360
52908
52439
51953
51451
50935
50405
49862
49307
48742
48166
47581
46987
46387
45779
45166
44548
43926
43301
42673
42043
41412
40780
40149
39518
38890
38263
37638
37017
36400
35786
35177
34574
33975
33382
32796
32215
31642
