1.9333e+05
1.9893e+05
2.0456e+05
2.102e+05
2.1586e+05
2.2151e+05
2.2716e+05
2.328e+05
2.3842e+05
2.4401e+05
2.4957e+05
2.5508e+05
2.6055e+05
2.6596e+05
2.7131e+05
2.7659e+05
2.8179e+05
2.8691e+05
2.9195e+05
2.9689e+05
3.0173e+05
3.0647e+05
3.111e+05
3.1562e+05
3.2001e+05
3.2429e+05
3.2843e+05
3.3245e+05
3.3632e+05
3.4006e+05
3.4366e+05
3.4712e+05
3.5042e+05
3.5358e+05
3.5658e+05
3.5944e+05
3.6213e+05
3.6468e+05
3.6706e+05
3.6929e+05
3.7136e+05
3.7328e+05
3.7504e+05
3.7664e+05
3.7809e+05
3.7938e+05
3.8052e+05
3.8151e+05
3.8235e+05
3.8305e+05
3.836e+05
3.8401e+05
3.8429e+05
3.8442e+05
3.8443e+05
3.8431e+05
3.8407e+05
3.837e+05
3.8322e+05
3.8263e+05
3.8193e+05
3.8114e+05
3.8024e+05
3.7925e+05
3.7818e+05
3.7702e+05
3.7579e+05
3.7448e+05
3.7311e+05
3.7168e+05
3.702e+05
3.6867e+05
3.6709e+05
3.6548e+05
3.6384e+05
3.6217e+05
3.6047e+05
3.5877e+05
3.5706e+05
3.5534e+05
3.5362e+05
3.5191e+05
3.5021e+05
3.4854e+05
3.4688e+05
3.4525e+05
3.4366e+05
3.421e+05
3.4058e+05
3.3911e+05
3.3769e+05
3.3633e+05
3.3502e+05
3.3378e+05
3.326e+05
3.3149e+05
3.3046e+05
3.295e+05
3.2862e+05
3.2782e+05
3.271e+05
3.2647e+05
3.2592e+05
3.2547e+05
3.251e+05
3.2483e+05
3.2465e+05
3.2456e+05
3.2457e+05
3.2467e+05
3.2486e+05
3.2515e+05
3.2554e+05
3.2601e+05
3.2658e+05
3.2724e+05
3.2799e+05
3.2883e+05
3.2976e+05
3.3077e+05
3.3187e+05
3.3304e+05
3.343e+05
3.3563e+05
3.3703e+05
3.3851e+05
3.4005e+05
3.4166e+05
3.4332e+05
3.4505e+05
3.4682e+05
3.4865e+05
3.5052e+05
3.5244e+05
3.5439e+05
3.5637e+05
3.5839e+05
3.6043e+05
3.6249e+05
3.6457e+05
3.6666e+05
3.6875e+05
3.7085e+05
3.7295e+05
3.7504e+05
3.7713e+05
3.7919e+05
3.8124e+05
3.8326e+05
3.8526e+05
3.8722e+05
3.8915e+05
3.9103e+05
3.9287e+05
3.9466e+05
3.964e+05
3.9807e+05
3.9969e+05
4.0125e+05
4.0273e+05
4.0414e+05
4.0548e+05
4.0674e+05
4.0792e+05
4.0902e+05
4.1002e+05
4.1094e+05
4.1177e+05
4.125e+05
4.1313e+05
4.1367e+05
4.1411e+05
4.1444e+05
4.1467e+05
4.148e+05
4.1482e+05
4.1473e+05
4.1454e+05
4.1424e+05
4.1383e+05
4.1331e+05
4.1268e+05
4.1194e+05
4.111e+05
4.1015e+05
4.0909e+05
4.0792e+05
4.0665e+05
4.0527e+05
4.0379e+05
4.0221e+05
4.0052e+05
3.9874e+05
3.9686e+05
3.9489e+05
3.9282e+05
3.9066e+05
3.8842e+05
3.8609e+05
3.8367e+05
3.8117e+05
3.786e+05
3.7595e+05
3.7323e+05
3.7044e+05
3.6758e+05
3.6466e+05
3.6168e+05
3.5864e+05
3.5555e+05
3.5241e+05
3.4922e+05
3.4598e+05
3.4271e+05
3.394e+05
3.3606e+05
3.3268e+05
3.2928e+05
3.2586e+05
3.2242e+05
3.1896e+05
3.1548e+05
3.12e+05
3.085e+05
3.0501e+05
3.0151e+05
2.9801e+05
2.9452e+05
2.9104e+05
2.8757e+05
2.8411e+05
2.8067e+05
2.7724e+05
2.7384e+05
2.7045e+05
2.671e+05
2.6377e+05
2.6047e+05
2.572e+05
2.5396e+05
2.5076e+05
2.476e+05
2.4447e+05
2.4138e+05
2.3833e+05
2.3532e+05
2.3236e+05
2.2944e+05
2.2656e+05
2.2372e+05
2.2093e+05
2.1818e+05
2.1548e+05
2.1283e+05
2.1021e+05
2.0765e+05
2.0512e+05
2.0265e+05
2.0021e+05
1.9782e+05
1.9547e+05
1.9316e+05
1.909e+05
1.8867e+05
1.8648e+05
1.8433e+05
1.8221e+05
1.8013e+05
1.7808e+05
1.7606e+05
1.7407e+05
1.7212e+05
1.7019e+05
1.6828e+05
1.664e+05
1.6454e+05
1.6269e+05
1.6087e+05
1.5906e+05
1.5727e+05
1.5549e+05
1.5372e+05
1.5196e+05
1.502e+05
1.4845e+05
1.467e+05
1.4495e+05
1.4321e+05
1.4145e+05
1.397e+05
1.3794e+05
1.3617e+05
1.3439e+05
1.326e+05
1.308e+05
1.2898e+05
1.2715e+05
1.253e+05
1.2344e+05
1.2156e+05
1.1965e+05
1.1773e+05
1.1578e+05
1.1382e+05
1.1183e+05
1.0981e+05
1.0778e+05
1.0572e+05
1.0364e+05
1.0153e+05
99397
97243
95065
92865
90643
88400
86136
83853
81552
79235
76901
74554
72194
69824
67445
65060
62671
60279
57888
55500
53117
50742
48379
46030
43698
41386
39098
36837
34607
32410
30252
28134
26062
24038
22067
20153
18300
16511
14791
13144
11574
10085
8681.7
7367.5
6147
5024.3
4003.6
3088.9
2284.5
1594.4
1022.8
573.53
250.71
58.24
0
79.804
301.4
668.47
1184.6
1853.3
2678
3662
4808.6
6120.8
7601.7
9254.2
11081
13085
15268
17633
20183
22918
25842
28956
32261
35760
39453
43341
47426
51709
56190
60870
65748
70826
76103
81579
87253
93125
99194
1.0546e+05
1.1192e+05
1.1857e+05
1.2542e+05
1.3246e+05
1.3968e+05
1.471e+05
1.5469e+05
1.6247e+05
1.7043e+05
1.7857e+05
1.8687e+05
1.9535e+05
2.04e+05
2.1281e+05
2.2178e+05
2.3091e+05
2.4019e+05
2.4962e+05
2.5919e+05
2.689e+05
2.7875e+05
2.8873e+05
2.9883e+05
3.0906e+05
3.194e+05
3.2985e+05
3.404e+05
3.5106e+05
3.6181e+05
3.7264e+05
3.8356e+05
3.9456e+05
4.0562e+05
4.1675e+05
4.2794e+05
4.3918e+05
4.5046e+05
4.6179e+05
4.7314e+05
4.8452e+05
4.9592e+05
5.0734e+05
5.1876e+05
5.3018e+05
5.4159e+05
5.5298e+05
5.6436e+05
5.7571e+05
5.8702e+05
5.9829e+05
6.0952e+05
6.2069e+05
6.3179e+05
6.4283e+05
6.5379e+05
6.6467e+05
6.7547e+05
6.8616e+05
6.9676e+05
7.0725e+05
7.1762e+05
7.2787e+05
7.38e+05
7.4799e+05
7.5784e+05
7.6755e+05
7.771e+05
7.865e+05
7.9574e+05
8.0481e+05
8.137e+05
8.2241e+05
8.3094e+05
8.3928e+05
8.4743e+05
8.5538e+05
8.6312e+05
8.7065e+05
8.7797e+05
8.8508e+05
8.9196e+05
8.9862e+05
9.0504e+05
9.1124e+05
9.172e+05
9.2292e+05
9.2839e+05
9.3363e+05
9.3861e+05
9.4334e+05
9.4782e+05
9.5204e+05
9.5601e+05
9.5972e+05
9.6316e+05
9.6635e+05
9.6926e+05
9.7192e+05
9.7431e+05
9.7643e+05
9.7828e+05
9.7987e+05
9.8118e+05
9.8223e+05
9.8302e+05
9.8353e+05
9.8378e+05
9.8376e+05
9.8347e+05
9.8292e+05
9.8211e+05
9.8103e+05
9.797e+05
9.781e+05
9.7625e+05
9.7415e+05
9.7179e+05
9.6918e+05
9.6632e+05
9.6322e+05
9.5988e+05
9.5629e+05
9.5247e+05
9.4842e+05
9.4414e+05
9.3963e+05
9.349e+05
9.2995e+05
9.2479e+05
9.1941e+05
9.1383e+05
9.0805e+05
9.0207e+05
8.9589e+05
8.8953e+05
8.8298e+05
8.7625e+05
8.6935e+05
8.6228e+05
8.5504e+05
8.4764e+05
8.4009e+05
8.3238e+05
8.2454e+05
8.1655e+05
8.0843e+05
8.0018e+05
7.9181e+05
7.8331e+05
7.7471e+05
7.66e+05
7.5719e+05
7.4828e+05
7.3928e+05
7.302e+05
7.2104e+05
7.118e+05
7.025e+05
6.9313e+05
6.8371e+05
6.7423e+05
6.6471e+05
6.5514e+05
6.4554e+05
6.3591e+05
6.2626e+05
6.1659e+05
6.069e+05
5.972e+05
5.875e+05
5.778e+05
5.681e+05
5.5842e+05
5.4875e+05
5.391e+05
5.2948e+05
5.1988e+05
5.1032e+05
5.008e+05
4.9133e+05
4.819e+05
4.7252e+05
4.632e+05
4.5394e+05
4.4474e+05
4.3561e+05
4.2656e+05
4.1757e+05
4.0867e+05
3.9985e+05
3.9111e+05
3.8246e+05
3.7391e+05
3.6544e+05
3.5708e+05
3.4882e+05
3.4065e+05
3.326e+05
3.2465e+05
3.1681e+05
3.0909e+05
3.0147e+05
2.9398e+05
2.866e+05
2.7934e+05
2.7221e+05
2.6519e+05
2.583e+05
2.5154e+05
2.449e+05
2.3839e+05
2.3201e+05
2.2576e+05
2.1964e+05
2.1364e+05
2.0778e+05
2.0205e+05
1.9646e+05
1.9099e+05
1.8565e+05
1.8045e+05
1.7538e+05
1.7044e+05
1.6563e+05
1.6095e+05
1.564e+05
1.5198e+05
1.4768e+05
1.4352e+05
1.3948e+05
1.3557e+05
1.3178e+05
1.2811e+05
1.2457e+05
1.2115e+05
1.1784e+05
1.1466e+05
1.1159e+05
1.0864e+05
1.0579e+05
1.0307e+05
1.0045e+05
97935
95530
93229
91030
88932
86931
85027
83217
81499
79870
78329
76873
75500
74208
72994
71857
70793
69801
68878
68022
67231
66501
65832
65220
64663
64159
63706
63301
62942
62627
62354
62120
61923
61761
61631
61533
61463
61420
61401
61405
61430
61473
61533
61608
61696
61796
61906
62023
62147
62276
62409
62543
62678
62811
62943
63070
63193
63310
63420
63521
63613
63695
63765
63823
63868
63899
63916
63917
63902
63871
63822
63756
63672
63569
63448
63307
63146
62966
62765
62545
62304
62043
61762
61460
61138
60796
60433
60050
59648
59226
58785
58325
57845
57348
56832
56299
55748
55180
54596
53996
