7.3032e+05
7.3569e+05
7.4095e+05
7.4609e+05
7.5114e+05
7.5609e+05
7.6094e+05
7.6569e+05
7.7037e+05
7.7496e+05
7.7947e+05
7.839e+05
7.8827e+05
7.9256e+05
7.9679e+05
8.0097e+05
8.0508e+05
8.0914e+05
8.1315e+05
8.1711e+05
8.2103e+05
8.249e+05
8.2873e+05
8.3252e+05
8.3627e+05
8.3999e+05
8.4368e+05
8.4733e+05
8.5095e+05
8.5453e+05
8.5809e+05
8.6162e+05
8.6512e+05
8.6859e+05
8.7203e+05
8.7544e+05
8.7882e+05
8.8218e+05
8.855e+05
8.8879e+05
8.9205e+05
8.9528e+05
8.9847e+05
9.0163e+05
9.0476e+05
9.0784e+05
9.1089e+05
9.139e+05
9.1687e+05
9.198e+05
9.2268e+05
9.2551e+05
9.283e+05
9.3104e+05
9.3373e+05
9.3636e+05
9.3894e+05
9.4147e+05
9.4394e+05
9.4634e+05
9.4869e+05
9.5097e+05
9.5319e+05
9.5535e+05
9.5743e+05
9.5945e+05
9.6139e+05
9.6327e+05
9.6507e+05
9.6679e+05
9.6844e+05
9.7001e+05
9.715e+05
9.7291e+05
9.7424e+05
9.7549e+05
9.7665e+05
9.7773e+05
9.7872e+05
9.7962e+05
9.8044e+05
9.8117e+05
9.8182e+05
9.8237e+05
9.8283e+05
9.832e+05
9.8348e+05
9.8367e+05
9.8377e+05
9.8378e+05
9.8369e+05
9.8351e+05
9.8324e+05
9.8287e+05
9.8241e+05
9.8186e+05
9.8122e+05
9.8048e+05
9.7965e+05
9.7873e+05
9.7771e+05
9.7661e+05
9.7541e+05
9.7412e+05
9.7273e+05
9.7126e+05
9.697e+05
9.6804e+05
9.663e+05
9.6447e+05
9.6255e+05
9.6054e+05
9.5844e+05
9.5626e+05
9.5399e+05
9.5164e+05
9.492e+05
9.4668e+05
9.4407e+05
9.4138e+05
9.3862e+05
9.3577e+05
9.3284e+05
9.2983e+05
9.2675e+05
9.2358e+05
9.2035e+05
9.1703e+05
9.1365e+05
9.1019e+05
9.0666e+05
9.0305e+05
8.9938e+05
8.9564e+05
8.9183e+05
8.8796e+05
8.8402e+05
8.8001e+05
8.7594e+05
8.7181e+05
8.6762e+05
8.6337e+05
8.5906e+05
8.547e+05
8.5028e+05
8.458e+05
8.4127e+05
8.3669e+05
8.3206e+05
8.2738e+05
8.2265e+05
8.1788e+05
8.1305e+05
8.0819e+05
8.0328e+05
7.9833e+05
7.9335e+05
7.8832e+05
7.8326e+05
7.7816e+05
7.7302e+05
7.6786e+05
7.6266e+05
7.5744e+05
7.5218e+05
7.469e+05
7.4159e+05
7.3626e+05
7.3091e+05
7.2554e+05
7.2015e+05
7.1474e+05
7.0931e+05
7.0387e+05
6.9842e+05
6.9295e+05
6.8748e+05
6.8199e+05
6.765e+05
6.7101e+05
6.6551e+05
6.6001e+05
6.5451e+05
6.49e+05
6.4351e+05
6.3801e+05
6.3253e+05
6.2704e+05
6.2157e+05
6.1611e+05
6.1066e+05
6.0523e+05
5.9981e+05
5.944e+05
5.8902e+05
5.8365e+05
5.7831e+05
5.7299e+05
5.6769e+05
5.6242e+05
5.5718e+05
5.5196e+05
5.4678e+05
5.4163e+05
5.3651e+05
5.3142e+05
5.2638e+05
5.2137e+05
5.164e+05
5.1147e+05
5.0658e+05
5.0174e+05
4.9694e+05
4.9219e+05
4.8749e+05
4.8283e+05
4.7823e+05
4.7368e+05
4.6918e+05
4.6474e+05
4.6035e+05
4.5602e+05
4.5175e+05
4.4754e+05
4.4339e+05
4.393e+05
4.3527e+05
4.3131e+05
4.2742e+05
4.2359e+05
4.1983e+05
4.1614e+05
4.1252e+05
4.0898e+05
4.055e+05
4.021e+05
3.9877e+05
3.9552e+05
3.9235e+05
3.8925e+05
3.8623e+05
3.833e+05
3.8044e+05
3.7766e+05
3.7496e+05
3.7235e+05
3.6982e+05
3.6737e+05
3.6501e+05
3.6274e+05
3.6055e+05
3.5845e+05
3.5643e+05
3.545e+05
3.5266e+05
3.5091e+05
3.4925e+05
3.4767e+05
3.4619e+05
3.448e+05
3.4349e+05
3.4228e+05
3.4116e+05
3.4012e+05
3.3918e+05
3.3833e+05
3.3757e+05
3.369e+05
3.3632e+05
3.3584e+05
3.3544e+05
3.3513e+05
3.3491e+05
3.3479e+05
3.3475e+05
3.348e+05
3.3493e+05
3.3516e+05
3.3547e+05
3.3588e+05
3.3636e+05
3.3694e+05
3.3759e+05
3.3834e+05
3.3916e+05
3.4007e+05
3.4107e+05
3.4214e+05
3.4329e+05
3.4453e+05
3.4584e+05
3.4723e+05
3.487e+05
3.5025e+05
3.5187e+05
3.5357e+05
3.5534e+05
3.5718e+05
3.5909e+05
3.6108e+05
3.6313e+05
3.6525e+05
3.6744e+05
3.697e+05
3.7202e+05
3.7441e+05
3.7686e+05
3.7937e+05
3.8195e+05
3.8458e+05
3.8728e+05
3.9003e+05
3.9284e+05
3.9571e+05
3.9863e+05
4.0161e+05
4.0464e+05
4.0773e+05
4.1087e+05
4.1406e+05
4.173e+05
4.2059e+05
4.2393e+05
4.2732e+05
4.3075e+05
4.3423e+05
4.3776e+05
4.4134e+05
4.4496e+05
4.4862e+05
4.5233e+05
4.5608e+05
4.5987e+05
4.637e+05
4.6758e+05
4.7149e+05
4.7545e+05
4.7945e+05
4.8348e+05
4.8755e+05
4.9167e+05
4.9582e+05
5e+05
5.0423e+05
5.0849e+05
5.1278e+05
5.1712e+05
5.2148e+05
5.2588e+05
5.3032e+05
5.3479e+05
5.3929e+05
5.4382e+05
5.4838e+05
5.5298e+05
5.5761e+05
5.6226e+05
5.6695e+05
5.7166e+05
5.764e+05
5.8117e+05
5.8597e+05
5.9079e+05
5.9563e+05
6.005e+05
6.054e+05
6.1031e+05
6.1525e+05
6.202e+05
6.2518e+05
6.3017e+05
6.3518e+05
6.402e+05
6.4524e+05
6.5029e+05
6.5535e+05
6.6042e+05
6.655e+05
6.7059e+05
6.7569e+05
6.8079e+05
6.8589e+05
6.9099e+05
6.9609e+05
7.0119e+05
7.0629e+05
7.1138e+05
7.1646e+05
7.2153e+05
7.2659e+05
7.3164e+05
7.3668e+05
7.4169e+05
7.4669e+05
7.5167e+05
7.5662e+05
7.6155e+05
7.6646e+05
7.7133e+05
7.7617e+05
7.8099e+05
7.8576e+05
7.905e+05
7.952e+05
7.9986e+05
8.0448e+05
8.0905e+05
8.1358e+05
8.1806e+05
8.2248e+05
8.2686e+05
8.3118e+05
8.3545e+05
8.3965e+05
8.438e+05
8.4789e+05
8.5192e+05
8.5588e+05
8.5977e+05
8.636e+05
8.6736e+05
8.7105e+05
8.7467e+05
8.7821e+05
8.8168e+05
8.8508e+05
8.884e+05
8.9164e+05
8.9481e+05
8.9789e+05
9.009e+05
9.0382e+05
9.0666e+05
9.0942e+05
9.121e+05
9.1469e+05
9.172e+05
9.1963e+05
9.2197e+05
9.2422e+05
9.264e+05
9.2848e+05
9.3048e+05
9.3239e+05
9.3422e+05
9.3597e+05
9.3762e+05
9.3919e+05
9.4068e+05
9.4208e+05
9.434e+05
9.4464e+05
9.4579e+05
9.4685e+05
9.4784e+05
9.4874e+05
9.4956e+05
9.503e+05
9.5096e+05
9.5153e+05
9.5203e+05
9.5245e+05
9.528e+05
9.5306e+05
9.5326e+05
9.5337e+05
9.5341e+05
9.5338e+05
9.5327e+05
9.5309e+05
9.5284e+05
9.5252e+05
9.5214e+05
9.5168e+05
9.5115e+05
9.5056e+05
9.499e+05
9.4918e+05
9.4839e+05
9.4753e+05
9.4662e+05
9.4564e+05
9.446e+05
9.435e+05
9.4235e+05
9.4113e+05
9.3985e+05
9.3852e+05
9.3713e+05
9.3568e+05
9.3418e+05
9.3262e+05
9.3101e+05
9.2935e+05
9.2763e+05
9.2586e+05
9.2404e+05
9.2217e+05
9.2024e+05
9.1827e+05
9.1625e+05
9.1417e+05
9.1205e+05
9.0988e+05
9.0766e+05
9.0539e+05
9.0308e+05
9.0072e+05
8.9831e+05
8.9586e+05
8.9336e+05
8.9082e+05
8.8823e+05
8.8559e+05
8.8291e+05
8.8019e+05
8.7742e+05
8.7461e+05
8.7176e+05
8.6886e+05
8.6592e+05
8.6294e+05
8.5991e+05
8.5685e+05
8.5374e+05
8.5059e+05
8.474e+05
8.4417e+05
8.409e+05
8.3759e+05
8.3423e+05
8.3084e+05
8.2741e+05
8.2394e+05
8.2044e+05
8.1689e+05
8.1331e+05
8.0968e+05
8.0603e+05
8.0233e+05
7.986e+05
7.9483e+05
7.9103e+05
7.8719e+05
7.8332e+05
7.7941e+05
7.7547e+05
7.7149e+05
7.6748e+05
7.6344e+05
7.5937e+05
7.5527e+05
7.5113e+05
7.4696e+05
7.4277e+05
7.3854e+05
7.3429e+05
7.3e+05
7.2569e+05
7.2135e+05
7.1698e+05
7.1259e+05
7.0817e+05
7.0373e+05
6.9926e+05
6.9477e+05
6.9025e+05
6.8571e+05
6.8115e+05
6.7656e+05
6.7196e+05
6.6733e+05
6.6268e+05
6.5801e+05
6.5333e+05
6.4862e+05
6.439e+05
6.3916e+05
6.344e+05
6.2963e+05
6.2484e+05
6.2004e+05
6.1522e+05
6.1039e+05
6.0554e+05
6.0068e+05
5.9581e+05
5.9093e+05
5.8604e+05
5.8114e+05
5.7622e+05
5.713e+05
5.6637e+05
5.6143e+05
5.5648e+05
5.5153e+05
5.4657e+05
5.416e+05
5.3663e+05
5.3165e+05
5.2667e+05
5.2169e+05
5.167e+05
5.1171e+05
5.0672e+05
5.0173e+05
4.9674e+05
4.9174e+05
4.8675e+05
4.8176e+05
4.7677e+05
4.7178e+05
4.6679e+05
4.6181e+05
4.5683e+05
4.5186e+05
4.4689e+05
4.4192e+05
4.3697e+05
4.3202e+05
4.2707e+05
4.2214e+05
4.1721e+05
4.1229e+05
4.0739e+05
4.0249e+05
3.976e+05
3.9273e+05
3.8786e+05
3.8301e+05
3.7817e+05
3.7335e+05
3.6854e+05
3.6374e+05
3.5896e+05
3.542e+05
3.4945e+05
3.4472e+05
3.4001e+05
3.3531e+05
3.3064e+05
3.2598e+05
3.2134e+05
3.1673e+05
3.1213e+05
3.0755e+05
3.03e+05
2.9847e+05
2.9396e+05
2.8947e+05
2.8501e+05
2.8057e+05
2.7616e+05
2.7177e+05
2.6741e+05
2.6307e+05
2.5875e+05
2.5447e+05
2.5021e+05
2.4598e+05
2.4177e+05
2.3759e+05
2.3344e+05
2.2932e+05
2.2523e+05
2.2116e+05
2.1713e+05
2.1312e+05
2.0915e+05
2.052e+05
2.0129e+05
1.974e+05
1.9354e+05
1.8972e+05
1.8592e+05
1.8216e+05
1.7843e+05
1.7472e+05
1.7105e+05
1.6741e+05
1.6381e+05
1.6023e+05
1.5668e+05
1.5317e+05
1.4968e+05
1.4623e+05
1.4281e+05
1.3942e+05
1.3607e+05
1.3274e+05
1.2945e+05
1.2618e+05
1.2295e+05
1.1975e+05
1.1658e+05
1.1344e+05
1.1033e+05
1.0725e+05
1.0421e+05
1.0119e+05
98203
95248
92322
89427
86561
83725
80919
78143
75395
72677
69988
67327
64695
62092
59517
56970
54450
51959
49495
47058
44649
42266
39911
37582
35279
33003
30752
28528
26329
24156
22008
19885
17787
15714
13665
11641
9641
7665.3
5713.4
3785.4
1881
0
