6.6124e+05
6.6811e+05
6.7487e+05
6.8154e+05
6.8812e+05
6.9461e+05
7.0102e+05
7.0735e+05
7.136e+05
7.1979e+05
7.2591e+05
7.3196e+05
7.3796e+05
7.4389e+05
7.4977e+05
7.556e+05
7.6138e+05
7.6711e+05
7.728e+05
7.7843e+05
7.8403e+05
7.8957e+05
7.9508e+05
8.0054e+05
8.0596e+05
8.1133e+05
8.1666e+05
8.2194e+05
8.2718e+05
8.3237e+05
8.3751e+05
8.4261e+05
8.4764e+05
8.5263e+05
8.5756e+05
8.6243e+05
8.6724e+05
8.7198e+05
8.7667e+05
8.8128e+05
8.8582e+05
8.9029e+05
8.9468e+05
8.99e+05
9.0323e+05
9.0738e+05
9.1144e+05
9.1541e+05
9.1929e+05
9.2308e+05
9.2676e+05
9.3035e+05
9.3384e+05
9.3722e+05
9.405e+05
9.4367e+05
9.4672e+05
9.4967e+05
9.525e+05
9.5521e+05
9.5781e+05
9.6029e+05
9.6265e+05
9.6488e+05
9.67e+05
9.6899e+05
9.7086e+05
9.726e+05
9.7421e+05
9.7571e+05
9.7707e+05
9.7831e+05
9.7942e+05
9.804e+05
9.8126e+05
9.82e+05
9.826e+05
9.8308e+05
9.8344e+05
9.8367e+05
9.8378e+05
9.8376e+05
9.8362e+05
9.8336e+05
9.8298e+05
9.8249e+05
9.8187e+05
9.8113e+05
9.8028e+05
9.7932e+05
9.7824e+05
9.7705e+05
9.7575e+05
9.7434e+05
9.7283e+05
9.712e+05
9.6948e+05
9.6764e+05
9.6571e+05
9.6368e+05
9.6155e+05
9.5932e+05
9.57e+05
9.5459e+05
9.5208e+05
9.4949e+05
9.468e+05
9.4403e+05
9.4117e+05
9.3824e+05
9.3522e+05
9.3212e+05
9.2894e+05
9.2568e+05
9.2236e+05
9.1895e+05
9.1548e+05
9.1194e+05
9.0833e+05
9.0465e+05
9.0091e+05
8.9711e+05
8.9325e+05
8.8933e+05
8.8535e+05
8.8131e+05
8.7722e+05
8.7308e+05
8.6888e+05
8.6464e+05
8.6035e+05
8.5602e+05
8.5164e+05
8.4722e+05
8.4275e+05
8.3825e+05
8.3371e+05
8.2913e+05
8.2452e+05
8.1988e+05
8.1521e+05
8.105e+05
8.0577e+05
8.0101e+05
7.9623e+05
7.9142e+05
7.866e+05
7.8175e+05
7.7688e+05
7.72e+05
7.671e+05
7.6219e+05
7.5726e+05
7.5232e+05
7.4738e+05
7.4243e+05
7.3747e+05
7.325e+05
7.2753e+05
7.2256e+05
7.1759e+05
7.1262e+05
7.0765e+05
7.0269e+05
6.9773e+05
6.9278e+05
6.8783e+05
6.829e+05
6.7797e+05
6.7306e+05
6.6816e+05
6.6327e+05
6.584e+05
6.5355e+05
6.4872e+05
6.4391e+05
6.3911e+05
6.3434e+05
6.296e+05
6.2488e+05
6.2018e+05
6.1551e+05
6.1087e+05
6.0626e+05
6.0168e+05
5.9713e+05
5.9261e+05
5.8812e+05
5.8367e+05
5.7926e+05
5.7488e+05
5.7054e+05
5.6624e+05
5.6198e+05
5.5775e+05
5.5357e+05
5.4943e+05
5.4534e+05
5.4128e+05
5.3727e+05
5.3331e+05
5.2939e+05
5.2551e+05
5.2169e+05
5.1791e+05
5.1418e+05
5.1049e+05
5.0686e+05
5.0328e+05
4.9974e+05
4.9626e+05
4.9283e+05
4.8945e+05
4.8612e+05
4.8285e+05
4.7963e+05
4.7646e+05
4.7335e+05
4.7029e+05
4.6728e+05
4.6433e+05
4.6143e+05
4.5859e+05
4.5581e+05
4.5308e+05
4.5041e+05
4.4779e+05
4.4523e+05
4.4273e+05
4.4028e+05
4.379e+05
4.3557e+05
4.3329e+05
4.3108e+05
4.2892e+05
4.2683e+05
4.2479e+05
4.2281e+05
4.2089e+05
4.1903e+05
4.1723e+05
4.1548e+05
4.138e+05
4.1218e+05
4.1062e+05
4.0912e+05
4.0768e+05
4.063e+05
4.0498e+05
4.0372e+05
4.0253e+05
4.0139e+05
4.0032e+05
3.9931e+05
3.9836e+05
3.9747e+05
3.9664e+05
3.9588e+05
3.9517e+05
3.9453e+05
3.9395e+05
3.9344e+05
3.9298e+05
3.9258e+05
3.9225e+05
3.9198e+05
3.9177e+05
3.9162e+05
3.9153e+05
3.915e+05
3.9153e+05
3.9162e+05
3.9177e+05
3.9198e+05
3.9225e+05
3.9258e+05
3.9296e+05
3.934e+05
3.9389e+05
3.9445e+05
3.9505e+05
3.9571e+05
3.9642e+05
3.9719e+05
3.9801e+05
3.9887e+05
3.9979e+05
4.0075e+05
4.0177e+05
4.0283e+05
4.0393e+05
4.0508e+05
4.0627e+05
4.075e+05
4.0878e+05
4.1009e+05
4.1144e+05
4.1283e+05
4.1425e+05
4.1571e+05
4.172e+05
4.1872e+05
4.2027e+05
4.2185e+05
4.2346e+05
4.251e+05
4.2675e+05
4.2844e+05
4.3014e+05
4.3187e+05
4.3362e+05
4.3538e+05
4.3717e+05
4.3897e+05
4.4078e+05
4.4261e+05
4.4446e+05
4.4631e+05
4.4818e+05
4.5006e+05
4.5195e+05
4.5384e+05
4.5575e+05
4.5766e+05
4.5959e+05
4.6151e+05
4.6345e+05
4.6539e+05
4.6734e+05
4.6929e+05
4.7125e+05
4.7321e+05
4.7518e+05
4.7715e+05
4.7913e+05
4.8112e+05
4.8311e+05
4.851e+05
4.8711e+05
4.8912e+05
4.9114e+05
4.9316e+05
4.952e+05
4.9724e+05
4.993e+05
5.0136e+05
5.0344e+05
5.0553e+05
5.0763e+05
5.0974e+05
5.1187e+05
5.1402e+05
5.1618e+05
5.1836e+05
5.2056e+05
5.2277e+05
5.2501e+05
5.2727e+05
5.2954e+05
5.3184e+05
5.3417e+05
5.3652e+05
5.3889e+05
5.4129e+05
5.4371e+05
5.4616e+05
5.4864e+05
5.5115e+05
5.5368e+05
5.5625e+05
5.5884e+05
5.6146e+05
5.6411e+05
5.6679e+05
5.6949e+05
5.7223e+05
5.75e+05
5.7779e+05
5.8061e+05
5.8346e+05
5.8634e+05
5.8925e+05
5.9218e+05
5.9513e+05
5.9811e+05
6.0112e+05
6.0414e+05
6.0719e+05
6.1026e+05
6.1334e+05
6.1645e+05
6.1956e+05
6.227e+05
6.2584e+05
6.29e+05
6.3216e+05
6.3533e+05
6.3851e+05
6.4169e+05
6.4487e+05
6.4805e+05
6.5123e+05
6.544e+05
6.5757e+05
6.6073e+05
6.6387e+05
6.67e+05
6.7012e+05
6.7322e+05
6.7629e+05
6.7935e+05
6.8238e+05
6.8538e+05
6.8835e+05
6.9129e+05
6.942e+05
6.9707e+05
6.999e+05
7.027e+05
7.0545e+05
7.0815e+05
7.1081e+05
7.1343e+05
7.1599e+05
7.185e+05
7.2096e+05
7.2336e+05
7.2571e+05
7.28e+05
7.3023e+05
7.3241e+05
7.3452e+05
7.3656e+05
7.3855e+05
7.4047e+05
7.4232e+05
7.4411e+05
7.4583e+05
7.4748e+05
7.4907e+05
7.5059e+05
7.5203e+05
7.5341e+05
7.5473e+05
7.5597e+05
7.5714e+05
7.5825e+05
7.5928e+05
7.6025e+05
7.6115e+05
7.6198e+05
7.6274e+05
7.6344e+05
7.6407e+05
7.6464e+05
7.6514e+05
7.6557e+05
7.6595e+05
7.6626e+05
7.6651e+05
7.667e+05
7.6683e+05
7.669e+05
7.6692e+05
7.6687e+05
7.6678e+05
7.6663e+05
7.6642e+05
7.6616e+05
7.6586e+05
7.655e+05
7.651e+05
7.6465e+05
7.6415e+05
7.6361e+05
7.6302e+05
7.6239e+05
7.6172e+05
7.6101e+05
7.6026e+05
7.5947e+05
7.5864e+05
7.5777e+05
7.5688e+05
7.5594e+05
7.5497e+05
7.5397e+05
7.5294e+05
7.5187e+05
7.5078e+05
7.4965e+05
7.485e+05
7.4732e+05
7.461e+05
7.4487e+05
7.436e+05
7.4231e+05
7.4099e+05
7.3964e+05
7.3827e+05
7.3688e+05
7.3545e+05
7.3401e+05
7.3254e+05
7.3104e+05
7.2953e+05
7.2798e+05
7.2642e+05
7.2483e+05
7.2321e+05
7.2157e+05
7.1991e+05
7.1822e+05
7.1651e+05
7.1478e+05
7.1302e+05
7.1124e+05
7.0943e+05
7.076e+05
7.0574e+05
7.0386e+05
7.0196e+05
7.0003e+05
6.9807e+05
6.9609e+05
6.9408e+05
6.9205e+05
6.8999e+05
6.8791e+05
6.858e+05
6.8366e+05
6.815e+05
6.7931e+05
6.7709e+05
6.7485e+05
6.7258e+05
6.7028e+05
6.6796e+05
6.6561e+05
6.6323e+05
6.6083e+05
6.584e+05
6.5594e+05
6.5345e+05
6.5094e+05
6.484e+05
6.4584e+05
6.4325e+05
6.4063e+05
6.3798e+05
6.3531e+05
6.3261e+05
6.2989e+05
6.2714e+05
6.2437e+05
6.2156e+05
6.1874e+05
6.1589e+05
6.1301e+05
6.1011e+05
6.0719e+05
6.0424e+05
6.0127e+05
5.9827e+05
5.9525e+05
5.9221e+05
5.8914e+05
5.8605e+05
5.8294e+05
5.7981e+05
5.7666e+05
5.7348e+05
5.7029e+05
5.6707e+05
5.6384e+05
5.6058e+05
5.573e+05
5.5401e+05
5.5069e+05
5.4736e+05
5.4401e+05
5.4064e+05
5.3725e+05
5.3384e+05
5.3042e+05
5.2698e+05
5.2352e+05
5.2005e+05
5.1656e+05
5.1305e+05
5.0953e+05
5.06e+05
5.0244e+05
4.9888e+05
4.953e+05
4.917e+05
4.881e+05
4.8447e+05
4.8084e+05
4.7719e+05
4.7353e+05
4.6986e+05
4.6617e+05
4.6248e+05
4.5877e+05
4.5505e+05
4.5132e+05
4.4758e+05
4.4383e+05
4.4007e+05
4.363e+05
4.3252e+05
4.2873e+05
4.2494e+05
4.2113e+05
4.1732e+05
4.135e+05
4.0968e+05
4.0584e+05
4.02e+05
3.9816e+05
3.9431e+05
3.9045e+05
3.8659e+05
3.8273e+05
3.7886e+05
3.7499e+05
3.7111e+05
3.6724e+05
3.6336e+05
3.5948e+05
3.556e+05
3.5172e+05
3.4784e+05
3.4396e+05
3.4008e+05
3.362e+05
3.3233e+05
3.2845e+05
3.2459e+05
3.2072e+05
3.1686e+05
3.13e+05
3.0915e+05
3.053e+05
3.0146e+05
2.9763e+05
2.9381e+05
2.8999e+05
2.8618e+05
2.8238e+05
2.7859e+05
2.748e+05
2.7103e+05
2.6727e+05
2.6352e+05
2.5978e+05
2.5606e+05
2.5234e+05
2.4864e+05
2.4495e+05
2.4128e+05
2.3762e+05
2.3397e+05
2.3034e+05
2.2672e+05
2.2312e+05
2.1953e+05
2.1596e+05
2.1241e+05
2.0887e+05
2.0535e+05
2.0185e+05
1.9836e+05
1.9489e+05
1.9143e+05
1.88e+05
1.8458e+05
1.8118e+05
1.778e+05
1.7443e+05
1.7108e+05
1.6775e+05
1.6444e+05
1.6115e+05
1.5787e+05
1.5461e+05
1.5137e+05
1.4815e+05
1.4495e+05
1.4176e+05
1.3859e+05
1.3544e+05
1.3231e+05
1.2919e+05
1.2609e+05
1.2301e+05
1.1994e+05
1.1689e+05
1.1386e+05
1.1085e+05
1.0785e+05
1.0487e+05
1.019e+05
98950
96015
93096
90193
87305
84432
81575
78732
75904
73091
70293
67508
64739
61983
59242
56514
53801
51101
48415
45743
43085
40441
37810
35192
32589
29999
27422
24860
22311
19776
17255
14747
12254
9774.5
7309.4
4858.5
2422
0
