74267
77594
81183
85034
89141
93500
98106
1.0295e+05
1.0803e+05
1.1332e+05
1.1883e+05
1.2455e+05
1.3045e+05
1.3653e+05
1.4277e+05
1.4916e+05
1.5569e+05
1.6234e+05
1.6909e+05
1.7593e+05
1.8284e+05
1.8981e+05
1.9681e+05
2.0383e+05
2.1085e+05
2.1785e+05
2.2482e+05
2.3173e+05
2.3858e+05
2.4533e+05
2.5198e+05
2.585e+05
2.6488e+05
2.7111e+05
2.7716e+05
2.8303e+05
2.8869e+05
2.9413e+05
2.9934e+05
3.043e+05
3.0901e+05
3.1345e+05
3.1761e+05
3.2148e+05
3.2506e+05
3.2832e+05
3.3127e+05
3.339e+05
3.3621e+05
3.3819e+05
3.3983e+05
3.4113e+05
3.421e+05
3.4273e+05
3.4302e+05
3.4296e+05
3.4258e+05
3.4186e+05
3.4081e+05
3.3943e+05
3.3773e+05
3.3572e+05
3.334e+05
3.3078e+05
3.2786e+05
3.2466e+05
3.2118e+05
3.1744e+05
3.1344e+05
3.092e+05
3.0472e+05
3.0002e+05
2.9511e+05
2.9e+05
2.8471e+05
2.7924e+05
2.7361e+05
2.6783e+05
2.6192e+05
2.5589e+05
2.4974e+05
2.435e+05
2.3718e+05
2.3079e+05
2.2435e+05
2.1786e+05
2.1134e+05
2.048e+05
1.9826e+05
1.9172e+05
1.852e+05
1.7871e+05
1.7226e+05
1.6586e+05
1.5952e+05
1.5326e+05
1.4708e+05
1.4099e+05
1.35e+05
1.2912e+05
1.2337e+05
1.1773e+05
1.1223e+05
1.0688e+05
1.0167e+05
96617
91726
87003
82452
78078
73888
69884
66071
62452
59030
55810
52792
49979
47374
44977
42790
40813
39048
37494
36151
35020
34099
33387
32883
32585
32492
32601
32909
33415
34115
35005
36082
37342
38781
40394
42177
44124
46231
48491
50900
53450
56137
58952
61891
64945
68108
71372
74731
78175
81699
85294
88952
92665
96425
1.0022e+05
1.0405e+05
1.079e+05
1.1177e+05
1.1564e+05
1.1951e+05
1.2337e+05
1.2721e+05
1.3103e+05
1.3481e+05
1.3855e+05
1.4224e+05
1.4588e+05
1.4945e+05
1.5296e+05
1.5638e+05
1.5973e+05
1.6299e+05
1.6615e+05
1.6921e+05
1.7217e+05
1.7502e+05
1.7776e+05
1.8038e+05
1.8287e+05
1.8524e+05
1.8749e+05
1.896e+05
1.9158e+05
1.9343e+05
1.9514e+05
1.9672e+05
1.9815e+05
1.9945e+05
2.0061e+05
2.0163e+05
2.0251e+05
2.0326e+05
2.0387e+05
2.0434e+05
2.0468e+05
2.049e+05
2.0498e+05
2.0493e+05
2.0476e+05
2.0447e+05
2.0406e+05
2.0353e+05
2.0289e+05
2.0213e+05
2.0127e+05
2.0031e+05
1.9924e+05
1.9808e+05
1.9682e+05
1.9547e+05
1.9403e+05
1.9251e+05
1.909e+05
1.8921e+05
1.8745e+05
1.8561e+05
1.837e+05
1.8172e+05
1.7968e+05
1.7757e+05
1.754e+05
1.7317e+05
1.7088e+05
1.6854e+05
1.6614e+05
1.637e+05
1.612e+05
1.5866e+05
1.5607e+05
1.5344e+05
1.5077e+05
1.4805e+05
1.453e+05
1.4251e+05
1.3968e+05
1.3683e+05
1.3394e+05
1.3102e+05
1.2807e+05
1.251e+05
1.221e+05
1.1908e+05
1.1605e+05
1.13e+05
1.0993e+05
1.0685e+05
1.0377e+05
1.0068e+05
97595
94509
91427
88355
85295
82252
79229
76231
73261
70324
67423
64563
61748
58982
56269
53614
51019
48489
46028
43638
41324
39089
36935
34865
32881
30986
29181
27468
25848
24322
22890
21553
20309
19159
18101
17134
16257
15466
14759
14134
13587
13115
12713
12379
12107
11892
11731
11617
11546
11513
11512
11537
11585
11648
11722
11802
11882
11958
12025
12079
12115
12129
12119
12081
12012
11911
11774
11601
11390
11142
10855
10531
10171
9776.1
9347.8
8888.8
8401.9
7890.3
7357.9
6808.7
6247
5677.7
5105.7
4536.6
3975.6
3428.7
2901.6
2400.1
1930.4
1498.3
1109.6
770.28
485.79
261.55
102.7
14.029
0
64.652
211.58
443.88
764.13
1174.3
1675.9
2269.6
2955.5
3733.2
4601.4
5558.2
6600.8
7726.1
8929.9
10208
11554
12962
14426
15938
17491
19076
20684
22306
23932
25552
27156
28733
30273
31766
33199
34564
35850
37047
38144
39133
40006
40753
41367
41842
42171
42349
42373
42239
41945
41491
40876
40102
39172
38090
36861
35493
33993
32372
30639
28807
26890
24903
22862
20784
18689
16595
14525
12499
10541
8674.9
6924.4
5315.1
3872.6
2623.3
1593.6
810.49
300.8
91.526
209.51
681.34
1533.3
2791
4479.7
6623.8
9246.7
12371
16018
20208
24959
30290
36216
42751
49907
57695
66124
75200
84928
95310
1.0635e+05
1.1804e+05
1.3037e+05
1.4336e+05
1.5697e+05
1.712e+05
1.8605e+05
2.0149e+05
2.175e+05
2.3407e+05
2.5118e+05
2.6879e+05
2.8689e+05
3.0544e+05
3.2442e+05
3.4379e+05
3.6351e+05
3.8357e+05
4.0391e+05
4.2449e+05
4.4529e+05
4.6625e+05
4.8734e+05
5.0851e+05
5.2973e+05
5.5094e+05
5.721e+05
5.9316e+05
6.1409e+05
6.3483e+05
6.5535e+05
6.7559e+05
6.9551e+05
7.1507e+05
7.3423e+05
7.5293e+05
7.7115e+05
7.8884e+05
8.0596e+05
8.2247e+05
8.3834e+05
8.5353e+05
8.6801e+05
8.8175e+05
8.9472e+05
9.0689e+05
9.1824e+05
9.2873e+05
9.3836e+05
9.471e+05
9.5493e+05
9.6185e+05
9.6783e+05
9.7287e+05
9.7696e+05
9.801e+05
9.8228e+05
9.8351e+05
9.8378e+05
9.831e+05
9.8147e+05
9.7891e+05
9.7542e+05
9.7102e+05
9.6573e+05
9.5955e+05
9.5252e+05
9.4464e+05
9.3595e+05
9.2647e+05
9.1621e+05
9.0522e+05
8.9352e+05
8.8114e+05
8.681e+05
8.5445e+05
8.4022e+05
8.2543e+05
8.1013e+05
7.9435e+05
7.7812e+05
7.6149e+05
7.4449e+05
7.2715e+05
7.0951e+05
6.9161e+05
6.7349e+05
6.5518e+05
6.3672e+05
6.1815e+05
5.995e+05
5.808e+05
5.6209e+05
5.4341e+05
5.2477e+05
5.0623e+05
4.8781e+05
4.6953e+05
4.5143e+05
4.3353e+05
4.1586e+05
3.9844e+05
3.8131e+05
3.6448e+05
3.4797e+05
3.318e+05
3.1599e+05
3.0057e+05
2.8553e+05
2.7091e+05
2.5671e+05
2.4294e+05
2.2961e+05
2.1674e+05
2.0433e+05
1.9238e+05
1.8091e+05
1.6991e+05
1.5939e+05
1.4934e+05
1.3978e+05
1.3069e+05
1.2207e+05
1.1392e+05
1.0625e+05
99027
92262
85943
80063
74612
69579
64955
60727
56885
53415
50305
47540
45108
42993
41182
39659
38410
37419
36671
36152
35844
35734
35805
36044
36434
36961
37611
38370
39223
40157
41158
42214
43313
44442
45591
46747
47901
49043
50163
51252
52303
53307
54258
55149
55974
56728
57406
58004
58519
58947
59287
59535
59692
59757
59729
59608
59396
59094
58703
58226
57665
57023
56303
55509
54646
53717
52726
51679
50580
49434
48248
47025
45771
44492
43193
41880
40559
39234
37911
36595
35291
34005
32741
31504
30298
29127
27996
26907
25865
24873
23933
23047
22219
21451
20742
20096
19513
18993
18537
18144
17816
17550
17346
17203
17119
17093
17122
17205
17338
17519
17745
18014
18321
18664
19039
19442
19870
20319
20786
21266
21756
22251
22749
23246
23737
24220
24691
25146
25583
25999
26390
26754
27089
27392
27661
27894
28090
28248
28365
28441
28476
28469
28419
28326
28192
28015
27798
27539
27242
26906
26534
26126
25685
25212
24710
24181
23626
23048
22450
21834
21203
20559
19905
19243
18577
17908
17239
16573
15912
15259
14615
13983
13366
12764
