1.473e+05
1.5019e+05
1.5312e+05
1.5607e+05
1.5905e+05
1.6205e+05
1.6507e+05
1.6812e+05
1.7118e+05
1.7426e+05
1.7734e+05
1.8044e+05
1.8354e+05
1.8665e+05
1.8976e+05
1.9287e+05
1.9598e+05
1.9908e+05
2.0218e+05
2.0526e+05
2.0833e+05
2.1138e+05
2.1442e+05
2.1743e+05
2.2042e+05
2.2339e+05
2.2633e+05
2.2924e+05
2.3212e+05
2.3496e+05
2.3777e+05
2.4053e+05
2.4326e+05
2.4595e+05
2.4859e+05
2.5118e+05
2.5373e+05
2.5623e+05
2.5867e+05
2.6106e+05
2.634e+05
2.6568e+05
2.679e+05
2.7007e+05
2.7217e+05
2.7422e+05
2.762e+05
2.7812e+05
2.7997e+05
2.8176e+05
2.8349e+05
2.8514e+05
2.8673e+05
2.8826e+05
2.8971e+05
2.911e+05
2.9242e+05
2.9367e+05
2.9486e+05
2.9597e+05
2.9702e+05
2.98e+05
2.9891e+05
2.9975e+05
3.0053e+05
3.0124e+05
3.0188e+05
3.0246e+05
3.0298e+05
3.0343e+05
3.0382e+05
3.0415e+05
3.0441e+05
3.0462e+05
3.0477e+05
3.0486e+05
3.049e+05
3.0488e+05
3.048e+05
3.0468e+05
3.0451e+05
3.0428e+05
3.0401e+05
3.037e+05
3.0334e+05
3.0293e+05
3.0249e+05
3.0201e+05
3.0149e+05
3.0093e+05
3.0034e+05
2.9972e+05
2.9906e+05
2.9838e+05
2.9767e+05
2.9694e+05
2.9618e+05
2.954e+05
2.946e+05
2.9378e+05
2.9295e+05
2.921e+05
2.9123e+05
2.9036e+05
2.8947e+05
2.8858e+05
2.8767e+05
2.8676e+05
2.8585e+05
2.8494e+05
2.8402e+05
2.831e+05
2.8218e+05
2.8126e+05
2.8035e+05
2.7944e+05
2.7853e+05
2.7764e+05
2.7674e+05
2.7586e+05
2.7498e+05
2.7411e+05
2.7325e+05
2.724e+05
2.7156e+05
2.7073e+05
2.6991e+05
2.6911e+05
2.6831e+05
2.6753e+05
2.6675e+05
2.6599e+05
2.6524e+05
2.645e+05
2.6377e+05
2.6306e+05
2.6235e+05
2.6165e+05
2.6096e+05
2.6028e+05
2.5961e+05
2.5895e+05
2.5829e+05
2.5764e+05
2.5699e+05
2.5635e+05
2.5571e+05
2.5507e+05
2.5444e+05
2.5381e+05
2.5317e+05
2.5254e+05
2.519e+05
2.5126e+05
2.5061e+05
2.4996e+05
2.493e+05
2.4863e+05
2.4795e+05
2.4726e+05
2.4656e+05
2.4585e+05
2.4512e+05
2.4438e+05
2.4362e+05
2.4284e+05
2.4205e+05
2.4123e+05
2.404e+05
2.3954e+05
2.3866e+05
2.3775e+05
2.3682e+05
2.3586e+05
2.3488e+05
2.3387e+05
2.3283e+05
2.3177e+05
2.3067e+05
2.2954e+05
2.2839e+05
2.272e+05
2.2598e+05
2.2473e+05
2.2344e+05
2.2213e+05
2.2078e+05
2.194e+05
2.1799e+05
2.1654e+05
2.1506e+05
2.1355e+05
2.1201e+05
2.1044e+05
2.0884e+05
2.072e+05
2.0554e+05
2.0384e+05
2.0212e+05
2.0037e+05
1.9859e+05
1.9679e+05
1.9496e+05
1.9311e+05
1.9124e+05
1.8934e+05
1.8742e+05
1.8549e+05
1.8354e+05
1.8157e+05
1.7958e+05
1.7758e+05
1.7557e+05
1.7355e+05
1.7152e+05
1.6949e+05
1.6744e+05
1.654e+05
1.6335e+05
1.613e+05
1.5926e+05
1.5722e+05
1.5518e+05
1.5315e+05
1.5113e+05
1.4912e+05
1.4712e+05
1.4513e+05
1.4317e+05
1.4122e+05
1.3929e+05
1.3738e+05
1.3549e+05
1.3363e+05
1.3179e+05
1.2998e+05
1.282e+05
1.2646e+05
1.2474e+05
1.2306e+05
1.2141e+05
1.198e+05
1.1823e+05
1.1669e+05
1.152e+05
1.1374e+05
1.1233e+05
1.1096e+05
1.0963e+05
1.0835e+05
1.0711e+05
1.0591e+05
1.0477e+05
1.0366e+05
1.026e+05
1.0159e+05
1.0063e+05
99707
98833
98005
97222
96484
95790
95139
94532
93967
93443
92959
92515
92108
91738
91404
91103
90835
90598
90390
90210
90055
89924
89815
89725
89654
89599
89557
89526
89506
89492
89483
89476
89470
89462
89449
89430
89401
89362
89308
89239
89152
89045
88915
88760
88579
88369
88128
87854
87546
87202
86820
86398
85936
85431
84882
84287
83647
82960
82225
81440
80607
79723
78789
77805
76769
75683
74547
73360
72124
70839
69505
68124
66697
65224
63708
62149
60551
58913
57239
55530
53790
52019
50222
48401
46558
44697
42821
40933
39037
37136
35235
33336
31445
29565
27700
25855
24034
22242
20483
18763
17085
15455
13878
12358
10902
9512.8
8196.9
6959.2
5805
4739.4
3767.6
2895
2126.8
1468.1
924.25
500.39
201.67
33.186
0
107.11
359.44
761.85
1319.1
2035.9
2916.9
3966.4
5188.9
6588.6
8169.6
9936
11892
14040
16385
18929
21677
24630
27792
31166
34754
38557
42579
46821
51285
55972
60883
66020
71382
76971
82787
88829
95098
1.0159e+05
1.0831e+05
1.1526e+05
1.2243e+05
1.2982e+05
1.3742e+05
1.4525e+05
1.5329e+05
1.6155e+05
1.7002e+05
1.7869e+05
1.8757e+05
1.9665e+05
2.0592e+05
2.1539e+05
2.2505e+05
2.3489e+05
2.4491e+05
2.5511e+05
2.6547e+05
2.76e+05
2.8669e+05
2.9753e+05
3.0852e+05
3.1965e+05
3.3091e+05
3.423e+05
3.5381e+05
3.6543e+05
3.7716e+05
3.8899e+05
4.0092e+05
4.1292e+05
4.25e+05
4.3715e+05
4.4937e+05
4.6163e+05
4.7394e+05
4.8628e+05
4.9865e+05
5.1104e+05
5.2344e+05
5.3584e+05
5.4823e+05
5.6061e+05
5.7296e+05
5.8528e+05
5.9756e+05
6.0978e+05
6.2195e+05
6.3404e+05
6.4606e+05
6.5799e+05
6.6982e+05
6.8155e+05
6.9316e+05
7.0465e+05
7.1602e+05
7.2724e+05
7.3832e+05
7.4924e+05
7.5999e+05
7.7058e+05
7.8098e+05
7.912e+05
8.0122e+05
8.1104e+05
8.2064e+05
8.3003e+05
8.392e+05
8.4813e+05
8.5683e+05
8.6528e+05
8.7348e+05
8.8142e+05
8.8911e+05
8.9652e+05
9.0366e+05
9.1052e+05
9.171e+05
9.2339e+05
9.2938e+05
9.3508e+05
9.4048e+05
9.4557e+05
9.5036e+05
9.5484e+05
9.59e+05
9.6284e+05
9.6637e+05
9.6957e+05
9.7246e+05
9.7501e+05
9.7725e+05
9.7915e+05
9.8073e+05
9.8199e+05
9.8291e+05
9.8351e+05
9.8378e+05
9.8372e+05
9.8334e+05
9.8263e+05
9.816e+05
9.8025e+05
9.7859e+05
9.766e+05
9.743e+05
9.7169e+05
9.6877e+05
9.6555e+05
9.6202e+05
9.582e+05
9.5408e+05
9.4967e+05
9.4498e+05
9.4001e+05
9.3476e+05
9.2924e+05
9.2345e+05
9.174e+05
9.111e+05
9.0455e+05
8.9776e+05
8.9073e+05
8.8346e+05
8.7598e+05
8.6827e+05
8.6036e+05
8.5224e+05
8.4392e+05
8.3541e+05
8.2672e+05
8.1785e+05
8.0881e+05
7.9961e+05
7.9025e+05
7.8075e+05
7.711e+05
7.6133e+05
7.5143e+05
7.4141e+05
7.3128e+05
7.2105e+05
7.1073e+05
7.0032e+05
6.8983e+05
6.7927e+05
6.6864e+05
6.5796e+05
6.4723e+05
6.3646e+05
6.2565e+05
6.1482e+05
6.0396e+05
5.931e+05
5.8222e+05
5.7136e+05
5.6049e+05
5.4965e+05
5.3882e+05
5.2803e+05
5.1727e+05
5.0655e+05
4.9588e+05
4.8526e+05
4.747e+05
4.6421e+05
4.5379e+05
4.4345e+05
4.3318e+05
4.2301e+05
4.1292e+05
4.0294e+05
3.9306e+05
3.8328e+05
3.7361e+05
3.6406e+05
3.5463e+05
3.4532e+05
3.3614e+05
3.2709e+05
3.1817e+05
3.0939e+05
3.0074e+05
2.9225e+05
2.8389e+05
2.7569e+05
2.6763e+05
2.5973e+05
2.5198e+05
2.4438e+05
2.3695e+05
2.2967e+05
2.2255e+05
2.1559e+05
2.0879e+05
2.0216e+05
1.9569e+05
1.8938e+05
1.8324e+05
1.7726e+05
1.7144e+05
1.6579e+05
1.603e+05
1.5497e+05
1.4981e+05
1.448e+05
1.3996e+05
1.3527e+05
1.3074e+05
1.2637e+05
1.2215e+05
1.1809e+05
1.1418e+05
1.1041e+05
1.068e+05
1.0333e+05
1e+05
96815
93770
90861
88087
85445
82932
80545
78283
76142
74119
72211
70417
68732
67153
65679
64305
63028
61847
60756
59755
58838
58004
57248
56569
55963
55426
54957
54551
54206
53918
53686
53505
53374
53288
53246
53245
53281
53353
53457
53591
53752
53939
54148
54377
54624
54886
55162
55450
55746
56050
56360
56673
56987
57302
57615
57924
58229
58528
58819
59101
59372
59633
59881
60115
60335
60539
60727
60898
61051
61186
61301
61396
61472
61526
61560
61573
61563
61532
61479
61404
61306
61186
61044
60880
60694
60486
60256
60004
59732
59438
59124
58789
58434
58060
57667
57255
56824
56376
55911
55430
54932
54419
53890
53348
52791
52222
51640
51046
50441
49825
49200
48564
47921
47269
46610
