27950
31396
35073
38976
43099
47438
51987
56737
61684
66819
72134
77621
83272
89077
95027
1.0111e+05
1.0732e+05
1.1365e+05
1.2008e+05
1.2661e+05
1.3322e+05
1.3991e+05
1.4665e+05
1.5345e+05
1.6029e+05
1.6715e+05
1.7403e+05
1.8092e+05
1.878e+05
1.9467e+05
2.0151e+05
2.0831e+05
2.1506e+05
2.2175e+05
2.2837e+05
2.3491e+05
2.4136e+05
2.4771e+05
2.5395e+05
2.6007e+05
2.6606e+05
2.7191e+05
2.7761e+05
2.8317e+05
2.8856e+05
2.9378e+05
2.9883e+05
3.0369e+05
3.0837e+05
3.1285e+05
3.1714e+05
3.2122e+05
3.2509e+05
3.2875e+05
3.322e+05
3.3542e+05
3.3843e+05
3.4121e+05
3.4376e+05
3.4609e+05
3.4819e+05
3.5007e+05
3.5171e+05
3.5313e+05
3.5433e+05
3.553e+05
3.5605e+05
3.5657e+05
3.5688e+05
3.5698e+05
3.5686e+05
3.5653e+05
3.56e+05
3.5528e+05
3.5435e+05
3.5324e+05
3.5195e+05
3.5047e+05
3.4883e+05
3.4702e+05
3.4505e+05
3.4292e+05
3.4065e+05
3.3825e+05
3.3571e+05
3.3304e+05
3.3027e+05
3.2738e+05
3.2439e+05
3.2131e+05
3.1814e+05
3.149e+05
3.1159e+05
3.0822e+05
3.0479e+05
3.0132e+05
2.9782e+05
2.9429e+05
2.9074e+05
2.8717e+05
2.8361e+05
2.8004e+05
2.7649e+05
2.7296e+05
2.6945e+05
2.6598e+05
2.6255e+05
2.5916e+05
2.5583e+05
2.5256e+05
2.4936e+05
2.4623e+05
2.4318e+05
2.4022e+05
2.3734e+05
2.3456e+05
2.3188e+05
2.2931e+05
2.2684e+05
2.2448e+05
2.2224e+05
2.2012e+05
2.1812e+05
2.1625e+05
2.145e+05
2.1288e+05
2.1139e+05
2.1003e+05
2.0881e+05
2.0772e+05
2.0676e+05
2.0594e+05
2.0525e+05
2.047e+05
2.0428e+05
2.0399e+05
2.0383e+05
2.038e+05
2.0389e+05
2.0411e+05
2.0444e+05
2.049e+05
2.0547e+05
2.0616e+05
2.0695e+05
2.0784e+05
2.0884e+05
2.0993e+05
2.1111e+05
2.1238e+05
2.1373e+05
2.1515e+05
2.1665e+05
2.1821e+05
2.1983e+05
2.2151e+05
2.2323e+05
2.25e+05
2.2681e+05
2.2865e+05
2.3051e+05
2.324e+05
2.3429e+05
2.362e+05
2.381e+05
2.4e+05
2.4189e+05
2.4377e+05
2.4562e+05
2.4745e+05
2.4924e+05
2.5099e+05
2.527e+05
2.5436e+05
2.5597e+05
2.5751e+05
2.59e+05
2.6041e+05
2.6175e+05
2.6301e+05
2.6419e+05
2.6529e+05
2.663e+05
2.6722e+05
2.6804e+05
2.6876e+05
2.6938e+05
2.699e+05
2.7032e+05
2.7063e+05
2.7083e+05
2.7092e+05
2.7089e+05
2.7076e+05
2.7052e+05
2.7016e+05
2.6969e+05
2.691e+05
2.6841e+05
2.676e+05
2.6668e+05
2.6565e+05
2.6451e+05
2.6327e+05
2.6192e+05
2.6047e+05
2.5891e+05
2.5726e+05
2.5551e+05
2.5367e+05
2.5173e+05
2.4971e+05
2.4761e+05
2.4542e+05
2.4315e+05
2.4081e+05
2.3839e+05
2.3591e+05
2.3336e+05
2.3075e+05
2.2808e+05
2.2536e+05
2.2259e+05
2.1978e+05
2.1692e+05
2.1402e+05
2.1108e+05
2.0812e+05
2.0512e+05
2.021e+05
1.9906e+05
1.9601e+05
1.9293e+05
1.8985e+05
1.8675e+05
1.8365e+05
1.8055e+05
1.7745e+05
1.7435e+05
1.7126e+05
1.6817e+05
1.6509e+05
1.6203e+05
1.5898e+05
1.5594e+05
1.5292e+05
1.4992e+05
1.4694e+05
1.4399e+05
1.4105e+05
1.3814e+05
1.3525e+05
1.3239e+05
1.2956e+05
1.2675e+05
1.2397e+05
1.2121e+05
1.1849e+05
1.1579e+05
1.1312e+05
1.1048e+05
1.0787e+05
1.0529e+05
1.0273e+05
1.002e+05
97704
95232
92788
90371
87981
85618
83282
80973
78689
76433
74202
71998
69820
67669
65545
63447
61377
59334
57319
55333
53377
51450
49554
47690
45859
44061
42299
40572
38882
37231
35620
34050
32523
31041
29604
28214
26874
25584
24346
23162
22033
20960
19946
18991
18098
17266
16498
15794
15156
14585
14080
13644
13275
12975
12745
12583
12489
12464
12507
12617
12794
13035
13341
13708
14137
14623
15167
15765
16414
17112
17857
18644
19471
20333
21228
22152
23100
24069
25054
26050
27055
28061
29066
30065
31052
32023
32974
33899
34793
35653
36474
37250
37978
38653
39271
39828
40321
40746
41099
41378
41579
41700
41740
41695
41564
41347
41043
40650
40169
39601
38945
38204
37379
36472
35485
34422
33287
32082
30814
29485
28103
26672
25200
23692
22157
20601
19033
17461
15894
14342
12814
11319
9868.9
8473.5
7143.8
5891
4726.3
3661.3
2707.8
1877.7
1182.9
635.6
247.89
31.973
0
164.1
536.34
1128.6
1952.8
3020.5
4343.1
5931.8
7797.5
9950.7
12402
15160
18236
21638
25375
29454
33883
38669
43819
49337
55230
61501
68155
75193
82619
90435
98640
1.0723e+05
1.1622e+05
1.2559e+05
1.3535e+05
1.4549e+05
1.56e+05
1.6689e+05
1.7815e+05
1.8977e+05
2.0174e+05
2.1405e+05
2.2671e+05
2.3969e+05
2.5299e+05
2.6659e+05
2.8048e+05
2.9466e+05
3.0911e+05
3.238e+05
3.3874e+05
3.539e+05
3.6926e+05
3.8482e+05
4.0055e+05
4.1644e+05
4.3246e+05
4.486e+05
4.6484e+05
4.8116e+05
4.9754e+05
5.1397e+05
5.3041e+05
5.4685e+05
5.6327e+05
5.7965e+05
5.9596e+05
6.1219e+05
6.2832e+05
6.4431e+05
6.6016e+05
6.7584e+05
6.9133e+05
7.066e+05
7.2165e+05
7.3645e+05
7.5097e+05
7.652e+05
7.7912e+05
7.9272e+05
8.0596e+05
8.1884e+05
8.3134e+05
8.4344e+05
8.5513e+05
8.6638e+05
8.7719e+05
8.8754e+05
8.9742e+05
9.0681e+05
9.157e+05
9.2409e+05
9.3195e+05
9.3929e+05
9.4609e+05
9.5234e+05
9.5804e+05
9.6318e+05
9.6776e+05
9.7177e+05
9.7521e+05
9.7808e+05
9.8037e+05
9.8208e+05
9.8322e+05
9.8378e+05
9.8376e+05
9.8318e+05
9.8202e+05
9.8031e+05
9.7803e+05
9.752e+05
9.7183e+05
9.6792e+05
9.6348e+05
9.5852e+05
9.5305e+05
9.4707e+05
9.4061e+05
9.3367e+05
9.2626e+05
9.184e+05
9.1011e+05
9.0138e+05
8.9225e+05
8.8272e+05
8.7281e+05
8.6253e+05
8.5191e+05
8.4095e+05
8.2967e+05
8.181e+05
8.0624e+05
7.9412e+05
7.8175e+05
7.6915e+05
7.5634e+05
7.4333e+05
7.3015e+05
7.168e+05
7.0332e+05
6.897e+05
6.7598e+05
6.6217e+05
6.4828e+05
6.3434e+05
6.2036e+05
6.0635e+05
5.9234e+05
5.7833e+05
5.6435e+05
5.504e+05
5.365e+05
5.2268e+05
5.0893e+05
4.9528e+05
4.8173e+05
4.683e+05
4.5501e+05
4.4186e+05
4.2886e+05
4.1602e+05
4.0336e+05
3.9088e+05
3.786e+05
3.6652e+05
3.5464e+05
3.4298e+05
3.3155e+05
3.2034e+05
3.0937e+05
2.9863e+05
2.8814e+05
2.779e+05
2.6792e+05
2.5818e+05
2.4871e+05
2.3949e+05
2.3054e+05
2.2185e+05
2.1342e+05
2.0525e+05
1.9735e+05
1.8971e+05
1.8233e+05
1.7521e+05
1.6835e+05
1.6174e+05
1.5538e+05
1.4928e+05
1.4342e+05
1.378e+05
1.3242e+05
1.2728e+05
1.2237e+05
1.1768e+05
1.1321e+05
1.0896e+05
1.0492e+05
1.0109e+05
97453
94012
90758
87687
84791
82066
79505
77102
74850
72744
70778
68944
67238
65653
64183
62822
61565
60404
59336
58354
57453
56627
55871
55180
54550
53975
53451
52973
52537
52139
51774
51440
51132
50847
50582
50332
50097
49872
49655
49443
49235
49028
48820
48609
48394
48173
47945
47709
47463
47206
46939
46659
46367
46062
45743
45411
45065
44706
44332
43946
43545
43132
42706
42268
41817
41356
40883
40400
39908
39407
38898
38381
37858
37329
36794
36256
35713
35168
34621
34072
33524
32975
32427
31881
31338
30797
30261
29728
29201
28679
28163
27654
27152
26657
26170
25691
25221
24760
24308
23865
23432
23008
22595
22191
21797
21414
21040
20676
20322
19978
19643
19318
19002
18696
18398
18109
17828
17555
17291
17033
16783
16539
16302
16070
15845
15624
15408
15197
14990
14786
14586
14388
14192
13999
13807
13616
13426
