2.8447e+05
2.8728e+05
2.9009e+05
2.9288e+05
2.9566e+05
2.9843e+05
3.0118e+05
3.0392e+05
3.0664e+05
3.0934e+05
3.1203e+05
3.1469e+05
3.1733e+05
3.1996e+05
3.2255e+05
3.2513e+05
3.2767e+05
3.302e+05
3.3269e+05
3.3516e+05
3.3759e+05
3.4e+05
3.4238e+05
3.4472e+05
3.4703e+05
3.4931e+05
3.5156e+05
3.5377e+05
3.5594e+05
3.5808e+05
3.6018e+05
3.6224e+05
3.6426e+05
3.6624e+05
3.6819e+05
3.7009e+05
3.7195e+05
3.7377e+05
3.7555e+05
3.7728e+05
3.7897e+05
3.8062e+05
3.8222e+05
3.8378e+05
3.8529e+05
3.8675e+05
3.8817e+05
3.8954e+05
3.9086e+05
3.9214e+05
3.9336e+05
3.9454e+05
3.9567e+05
3.9675e+05
3.9778e+05
3.9875e+05
3.9968e+05
4.0056e+05
4.0138e+05
4.0216e+05
4.0288e+05
4.0355e+05
4.0417e+05
4.0474e+05
4.0525e+05
4.0571e+05
4.0612e+05
4.0648e+05
4.0678e+05
4.0703e+05
4.0723e+05
4.0737e+05
4.0746e+05
4.075e+05
4.0749e+05
4.0742e+05
4.073e+05
4.0712e+05
4.0689e+05
4.0661e+05
4.0628e+05
4.059e+05
4.0546e+05
4.0497e+05
4.0443e+05
4.0384e+05
4.032e+05
4.0251e+05
4.0176e+05
4.0097e+05
4.0013e+05
3.9923e+05
3.9829e+05
3.973e+05
3.9627e+05
3.9518e+05
3.9405e+05
3.9288e+05
3.9165e+05
3.9039e+05
3.8908e+05
3.8772e+05
3.8632e+05
3.8489e+05
3.8341e+05
3.8188e+05
3.8032e+05
3.7873e+05
3.7709e+05
3.7541e+05
3.737e+05
3.7196e+05
3.7018e+05
3.6836e+05
3.6652e+05
3.6464e+05
3.6273e+05
3.608e+05
3.5883e+05
3.5684e+05
3.5482e+05
3.5278e+05
3.5072e+05
3.4863e+05
3.4652e+05
3.4439e+05
3.4224e+05
3.4007e+05
3.3789e+05
3.3569e+05
3.3348e+05
3.3125e+05
3.2901e+05
3.2676e+05
3.2451e+05
3.2224e+05
3.1997e+05
3.177e+05
3.1541e+05
3.1313e+05
3.1085e+05
3.0856e+05
3.0628e+05
3.0399e+05
3.0172e+05
2.9944e+05
2.9717e+05
2.9491e+05
2.9266e+05
2.9042e+05
2.8819e+05
2.8597e+05
2.8376e+05
2.8156e+05
2.7939e+05
2.7722e+05
2.7508e+05
2.7295e+05
2.7084e+05
2.6875e+05
2.6669e+05
2.6464e+05
2.6262e+05
2.6062e+05
2.5865e+05
2.567e+05
2.5478e+05
2.5288e+05
2.5101e+05
2.4917e+05
2.4736e+05
2.4558e+05
2.4383e+05
2.4211e+05
2.4041e+05
2.3875e+05
2.3712e+05
2.3552e+05
2.3396e+05
2.3242e+05
2.3092e+05
2.2945e+05
2.2802e+05
2.2661e+05
2.2524e+05
2.239e+05
2.2259e+05
2.2132e+05
2.2007e+05
2.1886e+05
2.1768e+05
2.1653e+05
2.1541e+05
2.1433e+05
2.1327e+05
2.1224e+05
2.1124e+05
2.1027e+05
2.0932e+05
2.084e+05
2.0751e+05
2.0664e+05
2.058e+05
2.0498e+05
2.0419e+05
2.0341e+05
2.0266e+05
2.0192e+05
2.0121e+05
2.0051e+05
1.9983e+05
1.9916e+05
1.9851e+05
1.9787e+05
1.9725e+05
1.9663e+05
1.9603e+05
1.9543e+05
1.9483e+05
1.9425e+05
1.9367e+05
1.9309e+05
1.9251e+05
1.9193e+05
1.9135e+05
1.9077e+05
1.9018e+05
1.8959e+05
1.8899e+05
1.8838e+05
1.8777e+05
1.8714e+05
1.865e+05
1.8584e+05
1.8517e+05
1.8449e+05
1.8378e+05
1.8306e+05
1.8232e+05
1.8155e+05
1.8076e+05
1.7995e+05
1.7911e+05
1.7825e+05
1.7735e+05
1.7643e+05
1.7548e+05
1.745e+05
1.7348e+05
1.7243e+05
1.7135e+05
1.7023e+05
1.6908e+05
1.6789e+05
1.6667e+05
1.6541e+05
1.6411e+05
1.6277e+05
1.6139e+05
1.5997e+05
1.5851e+05
1.5701e+05
1.5547e+05
1.5389e+05
1.5226e+05
1.506e+05
1.489e+05
1.4715e+05
1.4536e+05
1.4354e+05
1.4167e+05
1.3976e+05
1.3781e+05
1.3583e+05
1.338e+05
1.3174e+05
1.2964e+05
1.275e+05
1.2532e+05
1.2312e+05
1.2087e+05
1.186e+05
1.1629e+05
1.1396e+05
1.1159e+05
1.092e+05
1.0678e+05
1.0434e+05
1.0187e+05
99385
96877
94352
91810
89254
86687
84109
81523
78932
76337
73741
71145
68554
65968
63392
60826
58274
55738
53221
50726
48256
45814
43401
41022
38679
36375
34113
31896
29727
27609
25545
23538
21592
19709
17892
16145
14470
12871
11351
9912.5
8558.7
7292.7
6117.5
5036.1
4051.4
3166.4
2383.9
1706.9
1138
680.23
336.16
108.54
0
13.145
150.51
414.57
807.76
1332.4
1990.9
2785.3
3717.9
4790.8
6005.8
7365.1
8870.4
10524
12326
14280
16386
18646
21062
23634
26364
29253
32301
35510
38880
42412
46106
49963
53983
58167
62514
67025
71698
76535
81534
86696
92019
97503
1.0315e+05
1.0895e+05
1.1491e+05
1.2103e+05
1.273e+05
1.3373e+05
1.4031e+05
1.4705e+05
1.5393e+05
1.6096e+05
1.6813e+05
1.7545e+05
1.8291e+05
1.9051e+05
1.9825e+05
2.0612e+05
2.1412e+05
2.2225e+05
2.305e+05
2.3888e+05
2.4738e+05
2.56e+05
2.6473e+05
2.7357e+05
2.8252e+05
2.9157e+05
3.0073e+05
3.0997e+05
3.1932e+05
3.2875e+05
3.3826e+05
3.4786e+05
3.5753e+05
3.6727e+05
3.7709e+05
3.8697e+05
3.9691e+05
4.069e+05
4.1694e+05
4.2704e+05
4.3717e+05
4.4734e+05
4.5754e+05
4.6778e+05
4.7803e+05
4.8831e+05
4.9859e+05
5.0889e+05
5.1919e+05
5.2949e+05
5.3979e+05
5.5007e+05
5.6034e+05
5.7059e+05
5.8081e+05
5.91e+05
6.0116e+05
6.1128e+05
6.2135e+05
6.3137e+05
6.4134e+05
6.5124e+05
6.6109e+05
6.7086e+05
6.8056e+05
6.9017e+05
6.9971e+05
7.0915e+05
7.1851e+05
7.2776e+05
7.3691e+05
7.4595e+05
7.5489e+05
7.637e+05
7.724e+05
7.8097e+05
7.8941e+05
7.9772e+05
8.0589e+05
8.1391e+05
8.218e+05
8.2953e+05
8.3711e+05
8.4453e+05
8.5179e+05
8.5889e+05
8.6582e+05
8.7258e+05
8.7917e+05
8.8557e+05
8.918e+05
8.9784e+05
9.037e+05
9.0937e+05
9.1484e+05
9.2012e+05
9.2521e+05
9.3009e+05
9.3477e+05
9.3925e+05
9.4352e+05
9.4759e+05
9.5144e+05
9.5509e+05
9.5852e+05
9.6174e+05
9.6474e+05
9.6752e+05
9.7009e+05
9.7244e+05
9.7457e+05
9.7648e+05
9.7817e+05
9.7963e+05
9.8088e+05
9.819e+05
9.827e+05
9.8328e+05
9.8364e+05
9.8378e+05
9.8369e+05
9.8339e+05
9.8286e+05
9.8212e+05
9.8115e+05
9.7997e+05
9.7857e+05
9.7696e+05
9.7514e+05
9.731e+05
9.7085e+05
9.6839e+05
9.6572e+05
9.6285e+05
9.5977e+05
9.5649e+05
9.5302e+05
9.4934e+05
9.4547e+05
9.4141e+05
9.3715e+05
9.3271e+05
9.2809e+05
9.2328e+05
9.1829e+05
9.1313e+05
9.078e+05
9.0229e+05
8.9662e+05
8.9078e+05
8.8479e+05
8.7863e+05
8.7233e+05
8.6587e+05
8.5927e+05
8.5252e+05
8.4564e+05
8.3862e+05
8.3147e+05
8.2419e+05
8.1679e+05
8.0926e+05
8.0162e+05
7.9387e+05
7.8602e+05
7.7805e+05
7.6999e+05
7.6183e+05
7.5358e+05
7.4525e+05
7.3683e+05
7.2833e+05
7.1975e+05
7.1111e+05
7.024e+05
6.9362e+05
6.8479e+05
6.759e+05
6.6697e+05
6.5799e+05
6.4896e+05
6.399e+05
6.308e+05
6.2168e+05
6.1253e+05
6.0336e+05
5.9417e+05
5.8497e+05
5.7576e+05
5.6654e+05
5.5733e+05
5.4811e+05
5.389e+05
5.297e+05
5.2052e+05
5.1135e+05
5.022e+05
4.9308e+05
4.8399e+05
4.7492e+05
4.6589e+05
4.569e+05
4.4796e+05
4.3905e+05
4.302e+05
4.2139e+05
4.1264e+05
4.0395e+05
3.9532e+05
3.8675e+05
3.7824e+05
3.698e+05
3.6144e+05
3.5315e+05
3.4493e+05
3.3679e+05
3.2873e+05
3.2076e+05
3.1287e+05
3.0507e+05
2.9735e+05
2.8973e+05
2.822e+05
2.7477e+05
2.6743e+05
2.6019e+05
2.5305e+05
2.4601e+05
2.3907e+05
2.3223e+05
2.2551e+05
2.1888e+05
2.1237e+05
2.0596e+05
1.9966e+05
1.9347e+05
1.8739e+05
1.8143e+05
1.7557e+05
1.6983e+05
1.642e+05
1.5868e+05
1.5327e+05
1.4798e+05
1.428e+05
1.3774e+05
1.3279e+05
1.2796e+05
1.2323e+05
1.1862e+05
1.1413e+05
1.0974e+05
1.0547e+05
1.0131e+05
97266
93329
89501
85783
82174
78672
75277
71989
68805
65725
62747
59872
57097
54422
51844
49363
46978
44687
42489
40382
38364
36435
34593
32836
31162
29571
28059
26627
25272
23992
22785
21651
20587
19591
18662
17798
16997
16258
15578
14956
14391
13879
13420
13012
12653
12341
12075
11853
11672
11532
11430
11365
11335
11339
11375
11440
11535
11656
11803
11974
12167
12381
12614
12865
13133
13416
13712
14020
14340
14669
15007
15351
15702
16057
16416
16778
17141
17504
17867
18228
18586
18941
19292
19637
19976
20308
20633
20949
21256
21553
21840
22116
22381
22633
22873
23100
23313
23513
23698
23869
24024
24165
24290
24399
24493
24571
24632
24677
24706
