6884.6
10003
13320
16832
20532
24416
28478
32713
37112
41671
46381
51235
56226
61344
66582
71931
77382
82925
88553
94255
1.0002e+05
1.0584e+05
1.1171e+05
1.1761e+05
1.2354e+05
1.2948e+05
1.3543e+05
1.4138e+05
1.4731e+05
1.5322e+05
1.5909e+05
1.6493e+05
1.7071e+05
1.7643e+05
1.8208e+05
1.8765e+05
1.9313e+05
1.9852e+05
2.038e+05
2.0897e+05
2.1402e+05
2.1895e+05
2.2374e+05
2.2839e+05
2.3289e+05
2.3724e+05
2.4143e+05
2.4546e+05
2.4932e+05
2.5301e+05
2.5652e+05
2.5985e+05
2.63e+05
2.6596e+05
2.6872e+05
2.713e+05
2.7368e+05
2.7587e+05
2.7786e+05
2.7966e+05
2.8126e+05
2.8266e+05
2.8387e+05
2.8488e+05
2.8569e+05
2.8632e+05
2.8675e+05
2.87e+05
2.8706e+05
2.8694e+05
2.8664e+05
2.8617e+05
2.8552e+05
2.8471e+05
2.8374e+05
2.826e+05
2.8132e+05
2.7989e+05
2.7831e+05
2.766e+05
2.7476e+05
2.728e+05
2.7072e+05
2.6852e+05
2.6622e+05
2.6382e+05
2.6133e+05
2.5875e+05
2.561e+05
2.5337e+05
2.5058e+05
2.4773e+05
2.4483e+05
2.4189e+05
2.3891e+05
2.359e+05
2.3287e+05
2.2982e+05
2.2676e+05
2.2371e+05
2.2065e+05
2.1761e+05
2.1458e+05
2.1158e+05
2.0861e+05
2.0568e+05
2.0278e+05
1.9994e+05
1.9715e+05
1.9441e+05
1.9174e+05
1.8914e+05
1.8662e+05
1.8417e+05
1.818e+05
1.7953e+05
1.7734e+05
1.7524e+05
1.7325e+05
1.7135e+05
1.6956e+05
1.6788e+05
1.663e+05
1.6484e+05
1.6349e+05
1.6225e+05
1.6113e+05
1.6012e+05
1.5923e+05
1.5846e+05
1.5781e+05
1.5728e+05
1.5687e+05
1.5657e+05
1.5639e+05
1.5633e+05
1.5638e+05
1.5654e+05
1.5682e+05
1.572e+05
1.577e+05
1.5829e+05
1.5899e+05
1.5979e+05
1.6069e+05
1.6168e+05
1.6275e+05
1.6392e+05
1.6517e+05
1.6649e+05
1.6789e+05
1.6936e+05
1.709e+05
1.725e+05
1.7415e+05
1.7586e+05
1.7762e+05
1.7941e+05
1.8125e+05
1.8312e+05
1.8502e+05
1.8694e+05
1.8888e+05
1.9083e+05
1.928e+05
1.9476e+05
1.9672e+05
1.9868e+05
2.0063e+05
2.0256e+05
2.0447e+05
2.0635e+05
2.0821e+05
2.1002e+05
2.118e+05
2.1354e+05
2.1523e+05
2.1687e+05
2.1845e+05
2.1998e+05
2.2144e+05
2.2284e+05
2.2417e+05
2.2542e+05
2.266e+05
2.2771e+05
2.2873e+05
2.2967e+05
2.3053e+05
2.313e+05
2.3198e+05
2.3257e+05
2.3307e+05
2.3348e+05
2.338e+05
2.3402e+05
2.3414e+05
2.3418e+05
2.3411e+05
2.3395e+05
2.337e+05
2.3335e+05
2.3291e+05
2.3238e+05
2.3175e+05
2.3103e+05
2.3022e+05
2.2933e+05
2.2834e+05
2.2727e+05
2.2612e+05
2.2488e+05
2.2357e+05
2.2218e+05
2.2071e+05
2.1916e+05
2.1755e+05
2.1587e+05
2.1412e+05
2.1231e+05
2.1043e+05
2.085e+05
2.0651e+05
2.0447e+05
2.0238e+05
2.0024e+05
1.9805e+05
1.9582e+05
1.9355e+05
1.9124e+05
1.889e+05
1.8653e+05
1.8412e+05
1.8169e+05
1.7923e+05
1.7675e+05
1.7425e+05
1.7172e+05
1.6919e+05
1.6663e+05
1.6407e+05
1.6149e+05
1.589e+05
1.5631e+05
1.5371e+05
1.511e+05
1.485e+05
1.4589e+05
1.4328e+05
1.4067e+05
1.3806e+05
1.3545e+05
1.3285e+05
1.3025e+05
1.2766e+05
1.2507e+05
1.2249e+05
1.1992e+05
1.1736e+05
1.148e+05
1.1225e+05
1.0972e+05
1.0719e+05
1.0467e+05
1.0216e+05
99667
97183
94710
92249
89801
87366
84944
82536
80143
77764
75401
73054
70724
68411
66117
63841
61586
59351
57137
54947
52780
50638
48523
46434
44375
42346
40347
38382
36451
34556
32699
30880
29102
27366
25674
24027
22426
20875
19373
17923
16526
15183
13896
12666
11494
10383
9331.3
8341.7
7414.6
6550.8
5750.9
5015.5
4345
3739.7
3199.7
2725
2315.4
1970.6
1690.1
1473.3
1319.3
1227.1
1195.6
1223.5
1309.3
1451.3
1647.6
1896.3
2195.2
2541.9
2934.1
3369.1
3844
4356.1
4902.3
5479.4
6084.1
6713.2
7363.2
8030.5
8711.6
9402.8
10100
10801
11500
12195
12881
13556
14214
14854
15471
16062
16624
17153
17647
18103
18518
18891
19218
19497
19728
19909
20037
20114
20137
20107
20023
19887
19699
19459
19170
18833
18451
18026
17560
17058
16523
15959
15371
14764
14142
13512
12880
12252
11635
11036
10462
9921.4
9421.9
8972
8580.4
8255.8
8007.5
7844.7
7777.1
7814.3
7966.2
8242.8
8654.2
9210.7
9922.3
10799
11852
13091
14526
16167
18024
20107
22426
24990
27808
30889
34241
37874
41795
46012
50531
55360
60504
65970
71763
77887
84348
91147
98289
1.0578e+05
1.1361e+05
1.2179e+05
1.3032e+05
1.392e+05
1.4842e+05
1.5799e+05
1.679e+05
1.7816e+05
1.8874e+05
1.9966e+05
2.1091e+05
2.2248e+05
2.3436e+05
2.4655e+05
2.5903e+05
2.7181e+05
2.8487e+05
2.9819e+05
3.1178e+05
3.2561e+05
3.3968e+05
3.5397e+05
3.6846e+05
3.8316e+05
3.9803e+05
4.1307e+05
4.2826e+05
4.4358e+05
4.5902e+05
4.7456e+05
4.9018e+05
5.0586e+05
5.2159e+05
5.3735e+05
5.5311e+05
5.6887e+05
5.846e+05
6.0027e+05
6.1588e+05
6.314e+05
6.4682e+05
6.621e+05
6.7724e+05
6.9222e+05
7.07e+05
7.2158e+05
7.3594e+05
7.5005e+05
7.639e+05
7.7747e+05
7.9074e+05
8.0369e+05
8.1631e+05
8.2857e+05
8.4047e+05
8.5199e+05
8.631e+05
8.738e+05
8.8408e+05
8.9391e+05
9.0328e+05
9.1219e+05
9.2062e+05
9.2855e+05
9.3599e+05
9.4291e+05
9.4932e+05
9.552e+05
9.6054e+05
9.6534e+05
9.696e+05
9.733e+05
9.7645e+05
9.7904e+05
9.8107e+05
9.8253e+05
9.8344e+05
9.8378e+05
9.8355e+05
9.8277e+05
9.8143e+05
9.7954e+05
9.771e+05
9.7411e+05
9.7058e+05
9.6652e+05
9.6194e+05
9.5684e+05
9.5123e+05
9.4513e+05
9.3854e+05
9.3146e+05
9.2393e+05
9.1594e+05
9.075e+05
8.9864e+05
8.8937e+05
8.7969e+05
8.6963e+05
8.592e+05
8.4841e+05
8.3727e+05
8.2582e+05
8.1406e+05
8.02e+05
7.8967e+05
7.7708e+05
7.6425e+05
7.512e+05
7.3794e+05
7.245e+05
7.1088e+05
6.971e+05
6.8319e+05
6.6916e+05
6.5503e+05
6.4081e+05
6.2652e+05
6.1218e+05
5.9781e+05
5.8341e+05
5.6902e+05
5.5464e+05
5.4028e+05
5.2597e+05
5.1172e+05
4.9753e+05
4.8344e+05
4.6944e+05
4.5556e+05
4.4181e+05
4.2819e+05
4.1472e+05
4.0141e+05
3.8827e+05
3.7532e+05
3.6256e+05
3.4999e+05
3.3764e+05
3.2551e+05
3.136e+05
3.0192e+05
2.9048e+05
2.7929e+05
2.6834e+05
2.5765e+05
2.4722e+05
2.3706e+05
2.2716e+05
2.1753e+05
2.0817e+05
1.9908e+05
1.9027e+05
1.8174e+05
1.7348e+05
1.6549e+05
1.5779e+05
1.5035e+05
1.4319e+05
1.363e+05
1.2968e+05
1.2332e+05
1.1723e+05
1.1139e+05
1.0582e+05
1.0049e+05
95413
90579
85982
81620
77485
73573
69877
66393
63114
60034
57147
54446
51925
49578
47397
45377
43510
41790
40210
38764
37445
36247
35162
34186
33310
32530
31838
31230
30698
30238
29844
29509
29230
29000
28814
28669
28558
28479
28426
28395
28382
28384
28397
28418
28444
28471
28497
28519
28535
28542
28540
28524
28495
28451
28390
28311
28212
28094
27956
27796
27615
27412
27187
26940
26671
26381
26068
25735
25382
25008
24615
24204
23775
23329
22867
22390
21899
21395
20879
20352
19816
19271
18719
18161
17598
17032
16462
15891
15320
14750
14181
13616
13054
12498
11947
11403
10868
10340
9822.6
9315
8818.4
8333.4
7860.6
7400.5
6953.8
6520.8
6101.9
5697.6
5308.1
4933.7
4574.5
4230.8
3902.6
3590
3292.9
3011.3
2745.1
2494.2
2258.4
2037.4
1831
1638.9
1460.6
1295.9
1144.3
1005.3
878.52
763.37
659.33
565.85
482.34
408.19
342.79
285.5
235.66
192.63
155.74
124.3
97.636
75.074
55.929
39.521
25.175
12.222
0
