5.4078e+05
5.4653e+05
5.5212e+05
5.5755e+05
5.628e+05
5.6789e+05
5.7281e+05
5.7755e+05
5.8211e+05
5.8649e+05
5.9069e+05
5.947e+05
5.9853e+05
6.0218e+05
6.0563e+05
6.089e+05
6.1198e+05
6.1487e+05
6.1757e+05
6.2008e+05
6.224e+05
6.2453e+05
6.2647e+05
6.2823e+05
6.298e+05
6.3118e+05
6.3238e+05
6.334e+05
6.3424e+05
6.349e+05
6.3538e+05
6.3569e+05
6.3583e+05
6.358e+05
6.356e+05
6.3524e+05
6.3472e+05
6.3405e+05
6.3322e+05
6.3224e+05
6.3112e+05
6.2985e+05
6.2845e+05
6.2691e+05
6.2524e+05
6.2345e+05
6.2154e+05
6.1951e+05
6.1737e+05
6.1513e+05
6.1278e+05
6.1033e+05
6.078e+05
6.0517e+05
6.0247e+05
5.9968e+05
5.9683e+05
5.9391e+05
5.9092e+05
5.8788e+05
5.8479e+05
5.8166e+05
5.7848e+05
5.7527e+05
5.7203e+05
5.6877e+05
5.6549e+05
5.6219e+05
5.5888e+05
5.5557e+05
5.5227e+05
5.4897e+05
5.4568e+05
5.424e+05
5.3915e+05
5.3593e+05
5.3274e+05
5.2958e+05
5.2646e+05
5.2339e+05
5.2036e+05
5.1739e+05
5.1448e+05
5.1162e+05
5.0884e+05
5.0612e+05
5.0347e+05
5.009e+05
4.9841e+05
4.9601e+05
4.9368e+05
4.9145e+05
4.8931e+05
4.8726e+05
4.8531e+05
4.8346e+05
4.8171e+05
4.8006e+05
4.7852e+05
4.7708e+05
4.7575e+05
4.7453e+05
4.7342e+05
4.7242e+05
4.7154e+05
4.7077e+05
4.7011e+05
4.6956e+05
4.6913e+05
4.6881e+05
4.6861e+05
4.6852e+05
4.6854e+05
4.6867e+05
4.6892e+05
4.6927e+05
4.6973e+05
4.7031e+05
4.7098e+05
4.7177e+05
4.7265e+05
4.7364e+05
4.7472e+05
4.759e+05
4.7718e+05
4.7855e+05
4.8e+05
4.8154e+05
4.8317e+05
4.8488e+05
4.8666e+05
4.8852e+05
4.9045e+05
4.9245e+05
4.9452e+05
4.9664e+05
4.9882e+05
5.0106e+05
5.0334e+05
5.0567e+05
5.0804e+05
5.1046e+05
5.129e+05
5.1538e+05
5.1788e+05
5.204e+05
5.2294e+05
5.255e+05
5.2806e+05
5.3063e+05
5.332e+05
5.3576e+05
5.3832e+05
5.4087e+05
5.434e+05
5.4591e+05
5.4839e+05
5.5085e+05
5.5327e+05
5.5566e+05
5.58e+05
5.603e+05
5.6255e+05
5.6475e+05
5.6689e+05
5.6897e+05
5.7099e+05
5.7293e+05
5.7481e+05
5.766e+05
5.7832e+05
5.7996e+05
5.8151e+05
5.8297e+05
5.8434e+05
5.8561e+05
5.8679e+05
5.8786e+05
5.8883e+05
5.8969e+05
5.9044e+05
5.9108e+05
5.9161e+05
5.9202e+05
5.9231e+05
5.9248e+05
5.9253e+05
5.9245e+05
5.9225e+05
5.9192e+05
5.9146e+05
5.9087e+05
5.9015e+05
5.893e+05
5.8831e+05
5.8719e+05
5.8593e+05
5.8454e+05
5.8301e+05
5.8135e+05
5.7955e+05
5.7761e+05
5.7554e+05
5.7333e+05
5.7099e+05
5.6851e+05
5.6589e+05
5.6314e+05
5.6026e+05
5.5724e+05
5.541e+05
5.5082e+05
5.4742e+05
5.4389e+05
5.4023e+05
5.3645e+05
5.3255e+05
5.2852e+05
5.2438e+05
5.2012e+05
5.1575e+05
5.1127e+05
5.0667e+05
5.0197e+05
4.9717e+05
4.9226e+05
4.8726e+05
4.8216e+05
4.7697e+05
4.7168e+05
4.6632e+05
4.6086e+05
4.5533e+05
4.4973e+05
4.4404e+05
4.3829e+05
4.3248e+05
4.266e+05
4.2066e+05
4.1467e+05
4.0863e+05
4.0254e+05
3.9641e+05
3.9024e+05
3.8403e+05
3.778e+05
3.7153e+05
3.6525e+05
3.5895e+05
3.5263e+05
3.463e+05
3.3997e+05
3.3363e+05
3.273e+05
3.2098e+05
3.1467e+05
3.0837e+05
3.021e+05
2.9585e+05
2.8963e+05
2.8344e+05
2.7729e+05
2.7118e+05
2.6512e+05
2.5911e+05
2.5315e+05
2.4726e+05
2.4142e+05
2.3566e+05
2.2996e+05
2.2435e+05
2.1881e+05
2.1335e+05
2.0799e+05
2.0271e+05
1.9754e+05
1.9246e+05
1.8748e+05
1.8261e+05
1.7786e+05
1.7321e+05
1.6869e+05
1.6429e+05
1.6001e+05
1.5586e+05
1.5184e+05
1.4795e+05
1.4421e+05
1.406e+05
1.3714e+05
1.3382e+05
1.3066e+05
1.2765e+05
1.2479e+05
1.2208e+05
1.1954e+05
1.1716e+05
1.1495e+05
1.129e+05
1.1102e+05
1.0931e+05
1.0777e+05
1.064e+05
1.0521e+05
1.042e+05
1.0337e+05
1.0272e+05
1.0225e+05
1.0196e+05
1.0185e+05
1.0193e+05
1.0219e+05
1.0264e+05
1.0327e+05
1.041e+05
1.051e+05
1.063e+05
1.0768e+05
1.0926e+05
1.1102e+05
1.1296e+05
1.1509e+05
1.1742e+05
1.1992e+05
1.2261e+05
1.2549e+05
1.2855e+05
1.3179e+05
1.3522e+05
1.3883e+05
1.4261e+05
1.4658e+05
1.5072e+05
1.5504e+05
1.5953e+05
1.6419e+05
1.6902e+05
1.7402e+05
1.7919e+05
1.8452e+05
1.9001e+05
1.9566e+05
2.0147e+05
2.0743e+05
2.1355e+05
2.1981e+05
2.2622e+05
2.3277e+05
2.3946e+05
2.463e+05
2.5326e+05
2.6036e+05
2.6758e+05
2.7493e+05
2.824e+05
2.8999e+05
2.9769e+05
3.055e+05
3.1342e+05
3.2145e+05
3.2957e+05
3.3779e+05
3.461e+05
3.5449e+05
3.6298e+05
3.7154e+05
3.8018e+05
3.8889e+05
3.9767e+05
4.0651e+05
4.1541e+05
4.2436e+05
4.3337e+05
4.4243e+05
4.5152e+05
4.6066e+05
4.6983e+05
4.7902e+05
4.8825e+05
4.9749e+05
5.0675e+05
5.1602e+05
5.253e+05
5.3459e+05
5.4387e+05
5.5315e+05
5.6242e+05
5.7167e+05
5.8091e+05
5.9012e+05
5.9931e+05
6.0846e+05
6.1759e+05
6.2667e+05
6.3571e+05
6.447e+05
6.5364e+05
6.6253e+05
6.7135e+05
6.8012e+05
6.8881e+05
6.9744e+05
7.0599e+05
7.1446e+05
7.2285e+05
7.3116e+05
7.3938e+05
7.475e+05
7.5553e+05
7.6346e+05
7.7129e+05
7.7901e+05
7.8662e+05
7.9412e+05
8.0151e+05
8.0878e+05
8.1593e+05
8.2295e+05
8.2985e+05
8.3663e+05
8.4327e+05
8.4978e+05
8.5615e+05
8.6238e+05
8.6848e+05
8.7443e+05
8.8024e+05
8.8591e+05
8.9142e+05
8.9679e+05
9.02e+05
9.0707e+05
9.1198e+05
9.1673e+05
9.2133e+05
9.2576e+05
9.3004e+05
9.3416e+05
9.3812e+05
9.4192e+05
9.4556e+05
9.4903e+05
9.5233e+05
9.5548e+05
9.5845e+05
9.6127e+05
9.6391e+05
9.6639e+05
9.6871e+05
9.7086e+05
9.7284e+05
9.7465e+05
9.7631e+05
9.7779e+05
9.7911e+05
9.8027e+05
9.8126e+05
9.8208e+05
9.8275e+05
9.8325e+05
9.8358e+05
9.8376e+05
9.8378e+05
9.8363e+05
9.8333e+05
9.8287e+05
9.8226e+05
9.8148e+05
9.8056e+05
9.7948e+05
9.7825e+05
9.7686e+05
9.7533e+05
9.7365e+05
9.7183e+05
9.6985e+05
9.6774e+05
9.6548e+05
9.6308e+05
9.6055e+05
9.5787e+05
9.5506e+05
9.5212e+05
9.4904e+05
9.4584e+05
9.425e+05
9.3904e+05
9.3546e+05
9.3175e+05
9.2792e+05
9.2397e+05
9.199e+05
9.1572e+05
9.1142e+05
9.0701e+05
9.025e+05
8.9787e+05
8.9314e+05
8.8831e+05
8.8338e+05
8.7835e+05
8.7322e+05
8.6799e+05
8.6267e+05
8.5727e+05
8.5177e+05
8.4619e+05
8.4052e+05
8.3477e+05
8.2894e+05
8.2304e+05
8.1706e+05
8.11e+05
8.0488e+05
7.9868e+05
7.9242e+05
7.8609e+05
7.7971e+05
7.7326e+05
7.6675e+05
7.6019e+05
7.5357e+05
7.4691e+05
7.4019e+05
7.3343e+05
7.2662e+05
7.1977e+05
7.1288e+05
7.0596e+05
6.9899e+05
6.92e+05
6.8497e+05
6.7791e+05
6.7082e+05
6.6371e+05
6.5658e+05
6.4943e+05
6.4225e+05
6.3506e+05
6.2786e+05
6.2064e+05
6.1342e+05
6.0618e+05
5.9894e+05
5.917e+05
5.8445e+05
5.772e+05
5.6996e+05
5.6272e+05
5.5548e+05
5.4825e+05
5.4104e+05
5.3383e+05
5.2664e+05
5.1946e+05
5.123e+05
5.0516e+05
4.9804e+05
4.9094e+05
4.8386e+05
4.7682e+05
4.698e+05
4.628e+05
4.5584e+05
4.4892e+05
4.4202e+05
4.3516e+05
4.2834e+05
4.2156e+05
4.1482e+05
4.0812e+05
4.0146e+05
3.9484e+05
3.8827e+05
3.8175e+05
3.7528e+05
3.6885e+05
3.6248e+05
3.5616e+05
3.4989e+05
3.4367e+05
3.3751e+05
3.314e+05
3.2535e+05
3.1936e+05
3.1343e+05
3.0755e+05
3.0174e+05
2.9598e+05
2.9029e+05
2.8466e+05
2.7909e+05
2.7359e+05
2.6815e+05
2.6278e+05
2.5746e+05
2.5222e+05
2.4704e+05
2.4193e+05
2.3688e+05
2.319e+05
2.2699e+05
2.2214e+05
2.1736e+05
2.1265e+05
2.0801e+05
2.0343e+05
1.9893e+05
1.9449e+05
1.9011e+05
1.8581e+05
1.8157e+05
1.774e+05
1.733e+05
1.6927e+05
1.653e+05
1.614e+05
1.5756e+05
1.538e+05
1.5009e+05
1.4645e+05
1.4288e+05
1.3937e+05
1.3593e+05
1.3255e+05
1.2923e+05
1.2598e+05
1.2279e+05
1.1966e+05
1.1659e+05
1.1358e+05
1.1063e+05
1.0775e+05
1.0492e+05
1.0215e+05
99432
96775
94174
91630
89140
86704
84322
81992
79715
77489
75313
73188
71111
69083
67103
65169
63282
61440
59643
57889
56179
54511
52884
51298
49753
48247
46779
45350
43957
42601
41280
39995
38743
37525
36340
35187
34066
32975
31914
30882
29879
28904
27957
27036
26141
25272
24427
23606
22809
22035
21284
20554
19845
19157
18488
17840
17210
16598
16005
15428
14869
14326
13798
13286
12788
12305
11836
11380
10937
10506
10088
9681.1
9285.4
8900.4
8525.8
8161.2
7806.1
7460.2
7123.2
6794.5
6474
6161.2
5855.8
5557.5
5265.9
4980.8
4701.7
4428.5
4160.8
3898.3
3640.7
3387.9
3139.5
2895.3
2654.9
2418.3
2185.2
1955.3
1728.4
1504.4
1283
1064.1
847.38
632.79
420.14
209.26
0
