7.7391e+05
7.8122e+05
7.8841e+05
7.9547e+05
8.0242e+05
8.0924e+05
8.1595e+05
8.2254e+05
8.2901e+05
8.3536e+05
8.4159e+05
8.4771e+05
8.5371e+05
8.5959e+05
8.6535e+05
8.7099e+05
8.7651e+05
8.8191e+05
8.8719e+05
8.9234e+05
8.9737e+05
9.0227e+05
9.0705e+05
9.117e+05
9.1621e+05
9.206e+05
9.2485e+05
9.2896e+05
9.3294e+05
9.3678e+05
9.4047e+05
9.4403e+05
9.4744e+05
9.5071e+05
9.5382e+05
9.5679e+05
9.5961e+05
9.6228e+05
9.6479e+05
9.6715e+05
9.6936e+05
9.7141e+05
9.733e+05
9.7504e+05
9.7662e+05
9.7804e+05
9.793e+05
9.8041e+05
9.8136e+05
9.8215e+05
9.8278e+05
9.8326e+05
9.8359e+05
9.8376e+05
9.8378e+05
9.8364e+05
9.8336e+05
9.8293e+05
9.8236e+05
9.8164e+05
9.8078e+05
9.7979e+05
9.7865e+05
9.7739e+05
9.7599e+05
9.7447e+05
9.7282e+05
9.7105e+05
9.6916e+05
9.6716e+05
9.6505e+05
9.6283e+05
9.6051e+05
9.5808e+05
9.5557e+05
9.5295e+05
9.5025e+05
9.4747e+05
9.446e+05
9.4166e+05
9.3864e+05
9.3555e+05
9.324e+05
9.2919e+05
9.2591e+05
9.2259e+05
9.1921e+05
9.1578e+05
9.1231e+05
9.088e+05
9.0526e+05
9.0168e+05
8.9807e+05
8.9443e+05
8.9077e+05
8.8708e+05
8.8338e+05
8.7967e+05
8.7594e+05
8.722e+05
8.6845e+05
8.647e+05
8.6095e+05
8.5719e+05
8.5344e+05
8.4968e+05
8.4594e+05
8.422e+05
8.3847e+05
8.3474e+05
8.3103e+05
8.2733e+05
8.2365e+05
8.1998e+05
8.1632e+05
8.1268e+05
8.0906e+05
8.0546e+05
8.0188e+05
7.9831e+05
7.9476e+05
7.9124e+05
7.8773e+05
7.8424e+05
7.8078e+05
7.7733e+05
7.739e+05
7.705e+05
7.6711e+05
7.6374e+05
7.604e+05
7.5707e+05
7.5376e+05
7.5047e+05
7.4719e+05
7.4394e+05
7.407e+05
7.3747e+05
7.3427e+05
7.3107e+05
7.279e+05
7.2473e+05
7.2158e+05
7.1844e+05
7.1532e+05
7.122e+05
7.091e+05
7.06e+05
7.0292e+05
6.9984e+05
6.9678e+05
6.9372e+05
6.9066e+05
6.8762e+05
6.8458e+05
6.8154e+05
6.7851e+05
6.7549e+05
6.7247e+05
6.6945e+05
6.6644e+05
6.6343e+05
6.6043e+05
6.5742e+05
6.5442e+05
6.5143e+05
6.4843e+05
6.4544e+05
6.4245e+05
6.3947e+05
6.3648e+05
6.335e+05
6.3053e+05
6.2756e+05
6.2459e+05
6.2162e+05
6.1867e+05
6.1571e+05
6.1277e+05
6.0982e+05
6.0689e+05
6.0397e+05
6.0105e+05
5.9814e+05
5.9524e+05
5.9236e+05
5.8948e+05
5.8662e+05
5.8378e+05
5.8094e+05
5.7813e+05
5.7533e+05
5.7255e+05
5.6978e+05
5.6704e+05
5.6432e+05
5.6162e+05
5.5895e+05
5.563e+05
5.5368e+05
5.5109e+05
5.4852e+05
5.4599e+05
5.4348e+05
5.4101e+05
5.3858e+05
5.3617e+05
5.3381e+05
5.3148e+05
5.292e+05
5.2695e+05
5.2475e+05
5.2259e+05
5.2047e+05
5.184e+05
5.1637e+05
5.1439e+05
5.1247e+05
5.1059e+05
5.0876e+05
5.0699e+05
5.0527e+05
5.036e+05
5.0199e+05
5.0043e+05
4.9893e+05
4.9749e+05
4.9611e+05
4.9479e+05
4.9353e+05
4.9233e+05
4.9119e+05
4.9011e+05
4.891e+05
4.8814e+05
4.8726e+05
4.8643e+05
4.8568e+05
4.8498e+05
4.8435e+05
4.8379e+05
4.8329e+05
4.8286e+05
4.825e+05
4.822e+05
4.8196e+05
4.818e+05
4.8169e+05
4.8166e+05
4.8169e+05
4.8178e+05
4.8194e+05
4.8216e+05
4.8245e+05
4.828e+05
4.8321e+05
4.8369e+05
4.8423e+05
4.8483e+05
4.8549e+05
4.862e+05
4.8698e+05
4.8782e+05
4.8871e+05
4.8966e+05
4.9066e+05
4.9172e+05
4.9283e+05
4.94e+05
4.9521e+05
4.9648e+05
4.9779e+05
4.9915e+05
5.0055e+05
5.0201e+05
5.035e+05
5.0503e+05
5.0661e+05
5.0822e+05
5.0988e+05
5.1156e+05
5.1329e+05
5.1504e+05
5.1683e+05
5.1865e+05
5.2049e+05
5.2236e+05
5.2426e+05
5.2618e+05
5.2812e+05
5.3009e+05
5.3207e+05
5.3407e+05
5.3608e+05
5.3811e+05
5.4015e+05
5.422e+05
5.4426e+05
5.4633e+05
5.484e+05
5.5048e+05
5.5257e+05
5.5465e+05
5.5674e+05
5.5883e+05
5.6091e+05
5.6299e+05
5.6507e+05
5.6714e+05
5.6921e+05
5.7126e+05
5.7331e+05
5.7535e+05
5.7738e+05
5.794e+05
5.8141e+05
5.834e+05
5.8538e+05
5.8735e+05
5.893e+05
5.9124e+05
5.9316e+05
5.9507e+05
5.9696e+05
5.9884e+05
6.007e+05
6.0254e+05
6.0437e+05
6.0618e+05
6.0798e+05
6.0976e+05
6.1152e+05
6.1327e+05
6.15e+05
6.1672e+05
6.1843e+05
6.2012e+05
6.218e+05
6.2347e+05
6.2512e+05
6.2677e+05
6.284e+05
6.3003e+05
6.3164e+05
6.3325e+05
6.3485e+05
6.3645e+05
6.3804e+05
6.3962e+05
6.4121e+05
6.4278e+05
6.4436e+05
6.4594e+05
6.4751e+05
6.4909e+05
6.5067e+05
6.5225e+05
6.5383e+05
6.5542e+05
6.5701e+05
6.5861e+05
6.6021e+05
6.6182e+05
6.6343e+05
6.6506e+05
6.6669e+05
6.6833e+05
6.6997e+05
6.7163e+05
6.733e+05
6.7497e+05
6.7666e+05
6.7835e+05
6.8005e+05
6.8177e+05
6.8349e+05
6.8522e+05
6.8695e+05
6.887e+05
6.9045e+05
6.9221e+05
6.9398e+05
6.9575e+05
6.9752e+05
6.993e+05
7.0108e+05
7.0286e+05
7.0465e+05
7.0643e+05
7.0821e+05
7.0999e+05
7.1176e+05
7.1353e+05
7.1528e+05
7.1703e+05
7.1877e+05
7.205e+05
7.2222e+05
7.2391e+05
7.2559e+05
7.2726e+05
7.289e+05
7.3052e+05
7.3211e+05
7.3368e+05
7.3522e+05
7.3674e+05
7.3822e+05
7.3966e+05
7.4108e+05
7.4245e+05
7.4379e+05
7.4509e+05
7.4634e+05
7.4756e+05
7.4872e+05
7.4984e+05
7.5092e+05
7.5194e+05
7.5291e+05
7.5383e+05
7.547e+05
7.5551e+05
7.5626e+05
7.5695e+05
7.5759e+05
7.5817e+05
7.5869e+05
7.5914e+05
7.5954e+05
7.5987e+05
7.6014e+05
7.6034e+05
7.6048e+05
7.6056e+05
7.6057e+05
7.6051e+05
7.6039e+05
7.602e+05
7.5995e+05
7.5963e+05
7.5925e+05
7.588e+05
7.5829e+05
7.5771e+05
7.5707e+05
7.5637e+05
7.556e+05
7.5478e+05
7.5389e+05
7.5294e+05
7.5193e+05
7.5086e+05
7.4974e+05
7.4856e+05
7.4733e+05
7.4604e+05
7.4469e+05
7.433e+05
7.4186e+05
7.4036e+05
7.3882e+05
7.3724e+05
7.356e+05
7.3393e+05
7.3221e+05
7.3045e+05
7.2865e+05
7.2682e+05
7.2495e+05
7.2304e+05
7.211e+05
7.1912e+05
7.1712e+05
7.1509e+05
7.1303e+05
7.1094e+05
7.0883e+05
7.0669e+05
7.0453e+05
7.0235e+05
7.0015e+05
6.9793e+05
6.9569e+05
6.9344e+05
6.9117e+05
6.8889e+05
6.8659e+05
6.8429e+05
6.8197e+05
6.7964e+05
6.773e+05
6.7495e+05
6.7259e+05
6.7023e+05
6.6786e+05
6.6549e+05
6.6311e+05
6.6072e+05
6.5834e+05
6.5594e+05
6.5355e+05
6.5115e+05
6.4875e+05
6.4635e+05
6.4394e+05
6.4154e+05
6.3913e+05
6.3672e+05
6.3431e+05
6.319e+05
6.2949e+05
6.2707e+05
6.2466e+05
6.2224e+05
6.1983e+05
6.1741e+05
6.1499e+05
6.1257e+05
6.1015e+05
6.0772e+05
6.053e+05
6.0287e+05
6.0044e+05
5.98e+05
5.9556e+05
5.9312e+05
5.9068e+05
5.8823e+05
5.8578e+05
5.8332e+05
5.8086e+05
5.7839e+05
5.7592e+05
5.7344e+05
5.7096e+05
5.6847e+05
5.6597e+05
5.6347e+05
5.6096e+05
5.5844e+05
5.5591e+05
5.5338e+05
5.5083e+05
5.4828e+05
5.4572e+05
5.4315e+05
5.4058e+05
5.3799e+05
5.3539e+05
5.3279e+05
5.3017e+05
5.2755e+05
5.2491e+05
5.2227e+05
5.1961e+05
5.1694e+05
5.1427e+05
5.1158e+05
5.0888e+05
5.0618e+05
5.0346e+05
5.0073e+05
4.9799e+05
4.9525e+05
4.9249e+05
4.8972e+05
4.8694e+05
4.8415e+05
4.8135e+05
4.7855e+05
4.7573e+05
4.729e+05
4.7006e+05
4.6722e+05
4.6436e+05
4.615e+05
4.5863e+05
4.5575e+05
4.5286e+05
4.4996e+05
4.4706e+05
4.4414e+05
4.4122e+05
4.383e+05
4.3536e+05
4.3242e+05
4.2948e+05
4.2652e+05
4.2356e+05
4.206e+05
4.1763e+05
4.1465e+05
4.1167e+05
4.0868e+05
4.0569e+05
4.0269e+05
3.9969e+05
3.9669e+05
3.9368e+05
3.9066e+05
3.8765e+05
3.8463e+05
3.8161e+05
3.7858e+05
3.7555e+05
3.7252e+05
3.6949e+05
3.6645e+05
3.6341e+05
3.6037e+05
3.5733e+05
3.5429e+05
3.5124e+05
3.482e+05
3.4515e+05
3.421e+05
3.3905e+05
3.36e+05
3.3295e+05
3.299e+05
3.2685e+05
3.238e+05
3.2075e+05
3.1769e+05
3.1464e+05
3.1159e+05
3.0854e+05
3.0548e+05
3.0243e+05
2.9938e+05
2.9633e+05
2.9328e+05
2.9023e+05
2.8718e+05
2.8413e+05
2.8109e+05
2.7804e+05
2.75e+05
2.7196e+05
2.6892e+05
2.6588e+05
2.6284e+05
2.598e+05
2.5677e+05
2.5373e+05
2.507e+05
2.4768e+05
2.4465e+05
2.4163e+05
2.3861e+05
2.3559e+05
2.3257e+05
2.2956e+05
2.2655e+05
2.2355e+05
2.2055e+05
2.1755e+05
2.1456e+05
2.1157e+05
2.0858e+05
2.056e+05
2.0262e+05
1.9965e+05
1.9669e+05
1.9373e+05
1.9077e+05
1.8782e+05
1.8488e+05
1.8194e+05
1.7901e+05
1.7608e+05
1.7317e+05
1.7025e+05
1.6735e+05
1.6445e+05
1.6157e+05
1.5869e+05
1.5581e+05
1.5295e+05
1.501e+05
1.4725e+05
1.4441e+05
1.4159e+05
1.3877e+05
1.3596e+05
1.3316e+05
1.3038e+05
1.276e+05
1.2483e+05
1.2208e+05
1.1934e+05
1.166e+05
1.1388e+05
1.1118e+05
1.0848e+05
1.058e+05
1.0313e+05
1.0047e+05
97821
95189
92569
89963
87371
84792
82228
79677
77141
74618
72111
69617
67139
64675
62226
59793
57374
54970
52582
50209
47851
45509
43183
40872
38577
36297
34034
31786
29554
27338
25138
22954
20786
18635
16499
14380
12276
10189
8118.8
6064.5
4026.6
2005.1
0
