16109
19460
23028
26808
30796
34985
39370
43943
48698
53627
58722
63976
69379
74922
80598
86396
92306
98319
1.0442e+05
1.1061e+05
1.1687e+05
1.232e+05
1.2957e+05
1.3598e+05
1.4243e+05
1.4889e+05
1.5536e+05
1.6183e+05
1.6829e+05
1.7472e+05
1.8112e+05
1.8747e+05
1.9377e+05
2.0001e+05
2.0617e+05
2.1225e+05
2.1824e+05
2.2412e+05
2.2989e+05
2.3555e+05
2.4107e+05
2.4646e+05
2.5171e+05
2.5681e+05
2.6175e+05
2.6653e+05
2.7113e+05
2.7556e+05
2.7981e+05
2.8388e+05
2.8775e+05
2.9143e+05
2.9491e+05
2.9818e+05
3.0126e+05
3.0412e+05
3.0678e+05
3.0923e+05
3.1146e+05
3.1348e+05
3.1529e+05
3.1688e+05
3.1826e+05
3.1943e+05
3.2039e+05
3.2114e+05
3.2169e+05
3.2202e+05
3.2216e+05
3.221e+05
3.2185e+05
3.214e+05
3.2076e+05
3.1995e+05
3.1895e+05
3.1779e+05
3.1645e+05
3.1496e+05
3.133e+05
3.115e+05
3.0955e+05
3.0747e+05
3.0526e+05
3.0292e+05
3.0046e+05
2.979e+05
2.9523e+05
2.9246e+05
2.8961e+05
2.8668e+05
2.8368e+05
2.8061e+05
2.7748e+05
2.743e+05
2.7108e+05
2.6783e+05
2.6455e+05
2.6124e+05
2.5793e+05
2.5461e+05
2.5129e+05
2.4798e+05
2.4469e+05
2.4143e+05
2.3819e+05
2.3499e+05
2.3183e+05
2.2872e+05
2.2567e+05
2.2268e+05
2.1975e+05
2.169e+05
2.1412e+05
2.1143e+05
2.0882e+05
2.0631e+05
2.0389e+05
2.0157e+05
1.9935e+05
1.9724e+05
1.9524e+05
1.9335e+05
1.9157e+05
1.8991e+05
1.8837e+05
1.8695e+05
1.8565e+05
1.8447e+05
1.8341e+05
1.8248e+05
1.8167e+05
1.8097e+05
1.804e+05
1.7996e+05
1.7963e+05
1.7941e+05
1.7932e+05
1.7933e+05
1.7946e+05
1.797e+05
1.8004e+05
1.8048e+05
1.8103e+05
1.8167e+05
1.824e+05
1.8322e+05
1.8412e+05
1.851e+05
1.8616e+05
1.8729e+05
1.8848e+05
1.8974e+05
1.9104e+05
1.924e+05
1.9381e+05
1.9525e+05
1.9672e+05
1.9823e+05
1.9976e+05
2.013e+05
2.0286e+05
2.0442e+05
2.0599e+05
2.0755e+05
2.0909e+05
2.1063e+05
2.1214e+05
2.1363e+05
2.1508e+05
2.165e+05
2.1788e+05
2.1921e+05
2.2049e+05
2.2172e+05
2.2289e+05
2.2399e+05
2.2503e+05
2.26e+05
2.2689e+05
2.2771e+05
2.2844e+05
2.2909e+05
2.2966e+05
2.3013e+05
2.3052e+05
2.3081e+05
2.3101e+05
2.3112e+05
2.3112e+05
2.3103e+05
2.3084e+05
2.3056e+05
2.3017e+05
2.2968e+05
2.291e+05
2.2842e+05
2.2764e+05
2.2676e+05
2.2579e+05
2.2472e+05
2.2356e+05
2.2231e+05
2.2097e+05
2.1954e+05
2.1803e+05
2.1644e+05
2.1477e+05
2.1302e+05
2.1119e+05
2.0929e+05
2.0733e+05
2.053e+05
2.032e+05
2.0105e+05
1.9884e+05
1.9658e+05
1.9427e+05
1.9191e+05
1.8951e+05
1.8707e+05
1.846e+05
1.8209e+05
1.7955e+05
1.7698e+05
1.7439e+05
1.7178e+05
1.6916e+05
1.6652e+05
1.6386e+05
1.612e+05
1.5853e+05
1.5586e+05
1.5318e+05
1.5051e+05
1.4784e+05
1.4517e+05
1.4251e+05
1.3986e+05
1.3722e+05
1.3459e+05
1.3197e+05
1.2937e+05
1.2678e+05
1.2421e+05
1.2165e+05
1.1912e+05
1.166e+05
1.141e+05
1.1162e+05
1.0916e+05
1.0672e+05
1.043e+05
1.019e+05
99522
97162
94822
92502
90202
87920
85658
83414
81189
78982
76792
74620
72465
70328
68207
66103
64016
61945
59891
57855
55835
53833
51849
49883
47936
46009
44102
42216
40353
38513
36698
34908
33146
31412
29709
28037
26398
24795
23228
21701
20214
18770
17370
16017
14713
13459
12258
11111
10021
8989.3
8017.6
7107.8
6261.5
5480.4
4765.9
4119.3
3541.9
3034.9
2599
2235.2
1944
1726
1581.3
1510
1512
1587
1734.4
1953.4
2243.1
2602.3
3029.5
3523
4081
4701.3
5381.5
6119.1
6911.3
7755
8647.1
9584.1
10562
11578
12627
13705
14808
15932
17072
18222
19379
20538
21693
22839
23972
25086
26177
27239
28267
29256
30203
31101
31947
32736
33464
34126
34720
35241
35687
36054
36339
36541
36657
36685
36624
36474
36234
35904
35484
34975
34378
33695
32929
32082
31157
30157
29088
27954
26760
25511
24214
22875
21502
20102
18683
17253
15822
14398
12992
11613
10272
8978.8
7745.4
6582.9
5502.8
4516.9
3637.1
2875.7
2244.9
1757.1
1424.9
1260.8
1277.3
1486.9
1902.1
2535.2
3398.4
4503.9
5863.4
7488.5
9390.6
11581
14069
16867
19984
23428
27210
31337
35818
40660
45868
51451
57412
63756
70488
77611
85126
93037
1.0134e+05
1.1005e+05
1.1914e+05
1.2864e+05
1.3852e+05
1.4879e+05
1.5944e+05
1.7048e+05
1.8189e+05
1.9366e+05
2.058e+05
2.1828e+05
2.3111e+05
2.4427e+05
2.5775e+05
2.7154e+05
2.8563e+05
3e+05
3.1464e+05
3.2954e+05
3.4468e+05
3.6004e+05
3.7561e+05
3.9138e+05
4.0731e+05
4.234e+05
4.3962e+05
4.5597e+05
4.724e+05
4.8892e+05
5.0549e+05
5.2209e+05
5.3871e+05
5.5532e+05
5.719e+05
5.8843e+05
6.0488e+05
6.2124e+05
6.3749e+05
6.5359e+05
6.6953e+05
6.8529e+05
7.0085e+05
7.1618e+05
7.3126e+05
7.4607e+05
7.6059e+05
7.7481e+05
7.8869e+05
8.0223e+05
8.154e+05
8.2818e+05
8.4056e+05
8.5252e+05
8.6404e+05
8.7511e+05
8.8571e+05
8.9583e+05
9.0545e+05
9.1456e+05
9.2314e+05
9.3119e+05
9.387e+05
9.4566e+05
9.5205e+05
9.5788e+05
9.6312e+05
9.6778e+05
9.7186e+05
9.7534e+05
9.7822e+05
9.8051e+05
9.822e+05
9.8329e+05
9.8378e+05
9.8367e+05
9.8296e+05
9.8167e+05
9.7978e+05
9.7731e+05
9.7427e+05
9.7065e+05
9.6648e+05
9.6175e+05
9.5647e+05
9.5066e+05
9.4432e+05
9.3747e+05
9.3012e+05
9.2229e+05
9.1397e+05
9.052e+05
8.9598e+05
8.8633e+05
8.7627e+05
8.6581e+05
8.5496e+05
8.4375e+05
8.3219e+05
8.203e+05
8.0809e+05
7.956e+05
7.8282e+05
7.6979e+05
7.5651e+05
7.4302e+05
7.2932e+05
7.1544e+05
7.0139e+05
6.872e+05
6.7288e+05
6.5846e+05
6.4394e+05
6.2935e+05
6.1471e+05
6.0003e+05
5.8533e+05
5.7062e+05
5.5594e+05
5.4128e+05
5.2668e+05
5.1213e+05
4.9767e+05
4.8329e+05
4.6903e+05
4.5489e+05
4.4088e+05
4.2702e+05
4.1333e+05
3.998e+05
3.8646e+05
3.7331e+05
3.6037e+05
3.4764e+05
3.3514e+05
3.2287e+05
3.1083e+05
2.9904e+05
2.8751e+05
2.7624e+05
2.6523e+05
2.5449e+05
2.4402e+05
2.3384e+05
2.2393e+05
2.1431e+05
2.0497e+05
1.9592e+05
1.8716e+05
1.7868e+05
1.705e+05
1.626e+05
1.55e+05
1.4767e+05
1.4063e+05
1.3387e+05
1.2739e+05
1.2119e+05
1.1526e+05
1.096e+05
1.042e+05
99058
94173
89538
85148
80996
77077
73385
69914
66657
63608
60761
58107
55642
53356
51245
49300
47515
45882
44395
43046
41828
40735
39760
38896
38136
37473
36902
36415
36006
35671
35401
35192
35039
34935
34875
34855
34869
34913
34981
35071
35178
35297
35425
35559
35695
35831
35962
36087
36204
36308
36400
36476
36534
36574
36594
36593
36568
36521
36449
36353
36231
36084
35911
35712
35487
35237
34961
34661
34336
33987
33615
33220
32803
32365
31908
31431
30936
30424
29896
29354
28797
28228
27648
27057
26458
25850
25236
24616
23992
23364
22734
22103
21472
20842
20214
19588
18967
18350
17739
17135
16537
15947
15366
14794
14232
13680
13139
12609
12091
11584
11090
10608
10139
9683.2
9240
8809.9
8392.8
7988.7
7597.7
7219.6
6854.2
6501.5
6161.2
5833.1
5516.9
5212.3
4919.1
4636.9
4365.3
4103.9
3852.3
3610.2
3377
3152.3
2935.6
2726.4
2524.3
2328.8
2139.3
1955.4
1776.6
1602.2
1432
1265.2
1101.5
940.27
781.13
623.57
467.13
311.34
155.77
0
