1.5806e+05
1.6228e+05
1.6651e+05
1.7075e+05
1.7501e+05
1.7926e+05
1.8352e+05
1.8776e+05
1.92e+05
1.9622e+05
2.0043e+05
2.046e+05
2.0876e+05
2.1287e+05
2.1696e+05
2.21e+05
2.25e+05
2.2895e+05
2.3286e+05
2.3671e+05
2.405e+05
2.4423e+05
2.4791e+05
2.5151e+05
2.5505e+05
2.5853e+05
2.6193e+05
2.6525e+05
2.685e+05
2.7168e+05
2.7478e+05
2.778e+05
2.8074e+05
2.836e+05
2.8637e+05
2.8907e+05
2.9168e+05
2.9422e+05
2.9667e+05
2.9904e+05
3.0132e+05
3.0353e+05
3.0566e+05
3.0771e+05
3.0968e+05
3.1158e+05
3.134e+05
3.1514e+05
3.1682e+05
3.1843e+05
3.1997e+05
3.2144e+05
3.2285e+05
3.242e+05
3.2549e+05
3.2672e+05
3.2791e+05
3.2904e+05
3.3012e+05
3.3116e+05
3.3215e+05
3.3311e+05
3.3403e+05
3.3492e+05
3.3578e+05
3.3661e+05
3.3742e+05
3.3821e+05
3.3899e+05
3.3975e+05
3.4049e+05
3.4123e+05
3.4197e+05
3.4271e+05
3.4345e+05
3.4419e+05
3.4494e+05
3.457e+05
3.4648e+05
3.4727e+05
3.4808e+05
3.4891e+05
3.4977e+05
3.5065e+05
3.5157e+05
3.5251e+05
3.5349e+05
3.545e+05
3.5555e+05
3.5663e+05
3.5776e+05
3.5893e+05
3.6014e+05
3.614e+05
3.627e+05
3.6404e+05
3.6544e+05
3.6688e+05
3.6836e+05
3.699e+05
3.7148e+05
3.7311e+05
3.7478e+05
3.765e+05
3.7827e+05
3.8009e+05
3.8195e+05
3.8385e+05
3.8579e+05
3.8778e+05
3.898e+05
3.9186e+05
3.9396e+05
3.9609e+05
3.9826e+05
4.0045e+05
4.0267e+05
4.0492e+05
4.0719e+05
4.0948e+05
4.1179e+05
4.1411e+05
4.1644e+05
4.1878e+05
4.2112e+05
4.2347e+05
4.2582e+05
4.2816e+05
4.3049e+05
4.3281e+05
4.3512e+05
4.3741e+05
4.3967e+05
4.4191e+05
4.4412e+05
4.463e+05
4.4844e+05
4.5054e+05
4.5259e+05
4.546e+05
4.5656e+05
4.5846e+05
4.6031e+05
4.6209e+05
4.638e+05
4.6545e+05
4.6703e+05
4.6853e+05
4.6996e+05
4.713e+05
4.7256e+05
4.7373e+05
4.7481e+05
4.758e+05
4.7669e+05
4.7748e+05
4.7818e+05
4.7877e+05
4.7926e+05
4.7965e+05
4.7992e+05
4.8009e+05
4.8014e+05
4.8008e+05
4.7991e+05
4.7962e+05
4.7922e+05
4.787e+05
4.7806e+05
4.773e+05
4.7643e+05
4.7544e+05
4.7433e+05
4.731e+05
4.7175e+05
4.7028e+05
4.687e+05
4.67e+05
4.6519e+05
4.6326e+05
4.6122e+05
4.5907e+05
4.568e+05
4.5443e+05
4.5195e+05
4.4937e+05
4.4668e+05
4.4389e+05
4.41e+05
4.3802e+05
4.3494e+05
4.3177e+05
4.2852e+05
4.2518e+05
4.2175e+05
4.1825e+05
4.1466e+05
4.1101e+05
4.0728e+05
4.0349e+05
3.9964e+05
3.9572e+05
3.9175e+05
3.8772e+05
3.8365e+05
3.7953e+05
3.7537e+05
3.7116e+05
3.6693e+05
3.6266e+05
3.5836e+05
3.5404e+05
3.497e+05
3.4535e+05
3.4098e+05
3.366e+05
3.3221e+05
3.2782e+05
3.2343e+05
3.1905e+05
3.1468e+05
3.1031e+05
3.0596e+05
3.0163e+05
2.9732e+05
2.9303e+05
2.8877e+05
2.8454e+05
2.8034e+05
2.7617e+05
2.7204e+05
2.6796e+05
2.6391e+05
2.5991e+05
2.5595e+05
2.5205e+05
2.4819e+05
2.4439e+05
2.4064e+05
2.3694e+05
2.3331e+05
2.2973e+05
2.2621e+05
2.2275e+05
2.1935e+05
2.1601e+05
2.1274e+05
2.0953e+05
2.0638e+05
2.033e+05
2.0028e+05
1.9733e+05
1.9444e+05
1.9161e+05
1.8885e+05
1.8615e+05
1.8351e+05
1.8093e+05
1.7842e+05
1.7596e+05
1.7357e+05
1.7123e+05
1.6895e+05
1.6672e+05
1.6455e+05
1.6243e+05
1.6037e+05
1.5835e+05
1.5638e+05
1.5445e+05
1.5257e+05
1.5074e+05
1.4894e+05
1.4718e+05
1.4546e+05
1.4377e+05
1.4212e+05
1.4049e+05
1.3889e+05
1.3732e+05
1.3577e+05
1.3424e+05
1.3274e+05
1.3125e+05
1.2977e+05
1.283e+05
1.2685e+05
1.2541e+05
1.2397e+05
1.2253e+05
1.211e+05
1.1966e+05
1.1823e+05
1.1679e+05
1.1534e+05
1.1389e+05
1.1243e+05
1.1096e+05
1.0947e+05
1.0798e+05
1.0646e+05
1.0493e+05
1.0338e+05
1.0182e+05
1.0023e+05
98625
96996
95346
93672
91976
90256
88512
86744
84953
83137
81298
79437
77552
75646
73719
71771
69804
67820
65818
63801
61771
59728
57675
55614
53547
51475
49401
47328
45258
43193
41137
39091
37060
35046
33052
31081
29137
27223
25343
23499
21696
19937
18226
16567
14963
13418
11937
10522
9179.1
7910.8
6721.6
5615.5
4596.4
3668.3
2835.3
2101.5
1470.6
946.81
533.96
235.97
56.708
0
69.618
269.28
602.65
1073.3
1684.8
2440.5
3343.9
4398.2
5606.6
6972.2
8498
10187
12042
14065
16259
18627
21170
23892
26793
29876
33143
36595
40233
44059
48075
52280
56676
61264
66044
71016
76180
81537
87086
92828
98760
1.0488e+05
1.112e+05
1.177e+05
1.2439e+05
1.3126e+05
1.3832e+05
1.4556e+05
1.5299e+05
1.6059e+05
1.6837e+05
1.7632e+05
1.8444e+05
1.9273e+05
2.0119e+05
2.0981e+05
2.1859e+05
2.2752e+05
2.3661e+05
2.4584e+05
2.5522e+05
2.6474e+05
2.7439e+05
2.8418e+05
2.9409e+05
3.0412e+05
3.1428e+05
3.2454e+05
3.3491e+05
3.4538e+05
3.5595e+05
3.6662e+05
3.7736e+05
3.8819e+05
3.9909e+05
4.1006e+05
4.211e+05
4.3219e+05
4.4333e+05
4.5451e+05
4.6573e+05
4.7699e+05
4.8827e+05
4.9956e+05
5.1087e+05
5.2219e+05
5.3351e+05
5.4481e+05
5.5611e+05
5.6738e+05
5.7863e+05
5.8984e+05
6.0101e+05
6.1213e+05
6.232e+05
6.3421e+05
6.4515e+05
6.5602e+05
6.6681e+05
6.7751e+05
6.8811e+05
6.9862e+05
7.0902e+05
7.1931e+05
7.2947e+05
7.3952e+05
7.4943e+05
7.592e+05
7.6883e+05
7.7831e+05
7.8764e+05
7.968e+05
8.058e+05
8.1463e+05
8.2328e+05
8.3175e+05
8.4003e+05
8.4812e+05
8.5601e+05
8.637e+05
8.7118e+05
8.7846e+05
8.8552e+05
8.9235e+05
8.9897e+05
9.0536e+05
9.1152e+05
9.1744e+05
9.2313e+05
9.2858e+05
9.3378e+05
9.3874e+05
9.4345e+05
9.4791e+05
9.5211e+05
9.5606e+05
9.5975e+05
9.6318e+05
9.6635e+05
9.6926e+05
9.7191e+05
9.7429e+05
9.7641e+05
9.7826e+05
9.7985e+05
9.8116e+05
9.8222e+05
9.83e+05
9.8352e+05
9.8378e+05
9.8377e+05
9.8349e+05
9.8295e+05
9.8215e+05
9.8109e+05
9.7977e+05
9.7819e+05
9.7636e+05
9.7427e+05
9.7193e+05
9.6934e+05
9.6651e+05
9.6343e+05
9.6011e+05
9.5655e+05
9.5275e+05
9.4873e+05
9.4447e+05
9.3999e+05
9.3528e+05
9.3036e+05
9.2522e+05
9.1988e+05
9.1432e+05
9.0857e+05
9.0261e+05
8.9646e+05
8.9013e+05
8.836e+05
8.769e+05
8.7002e+05
8.6298e+05
8.5576e+05
8.4839e+05
8.4086e+05
8.3318e+05
8.2535e+05
8.1738e+05
8.0928e+05
8.0105e+05
7.9269e+05
7.8422e+05
7.7563e+05
7.6693e+05
7.5813e+05
7.4923e+05
7.4023e+05
7.3116e+05
7.2199e+05
7.1276e+05
7.0345e+05
6.9408e+05
6.8465e+05
6.7516e+05
6.6562e+05
6.5604e+05
6.4643e+05
6.3677e+05
6.2709e+05
6.1739e+05
6.0767e+05
5.9794e+05
5.882e+05
5.7845e+05
5.6871e+05
5.5898e+05
5.4926e+05
5.3955e+05
5.2987e+05
5.2021e+05
5.1058e+05
5.0098e+05
4.9143e+05
4.8192e+05
4.7245e+05
4.6304e+05
4.5368e+05
4.4438e+05
4.3515e+05
4.2598e+05
4.1688e+05
4.0786e+05
3.9891e+05
3.9004e+05
3.8126e+05
3.7257e+05
3.6396e+05
3.5545e+05
3.4703e+05
3.3871e+05
3.3049e+05
3.2237e+05
3.1436e+05
3.0645e+05
2.9866e+05
2.9097e+05
2.834e+05
2.7595e+05
2.6861e+05
2.6139e+05
2.5429e+05
2.4731e+05
2.4045e+05
2.3371e+05
2.271e+05
2.2062e+05
2.1426e+05
2.0803e+05
2.0192e+05
1.9595e+05
1.901e+05
1.8437e+05
1.7878e+05
1.7332e+05
1.6798e+05
1.6277e+05
1.5769e+05
1.5274e+05
1.4792e+05
1.4322e+05
1.3865e+05
1.3421e+05
1.2989e+05
1.2569e+05
1.2162e+05
1.1767e+05
1.1384e+05
1.1013e+05
1.0654e+05
1.0307e+05
99712
96471
93344
90329
87425
84630
81942
79360
76882
74506
72231
70054
67973
65987
64094
62292
60578
58951
57408
55948
54568
53267
52041
50890
49811
48801
47859
46982
46169
45416
44723
44086
43504
42974
42495
42064
41679
41338
41039
40780
40560
40375
40224
40105
40017
39956
39922
39913
39926
39961
40014
40086
40173
40274
40388
40513
40648
40791
40940
41095
41254
41415
41578
41741
41902
42062
42218
42370
42516
42656
42788
42913
43028
43133
43228
43311
43382
43441
43486
43517
43534
43536
43522
43493
43448
43386
43308
43212
43100
42969
42822
42657
42474
42273
42055
41818
41564
41293
41003
40696
40372
