1.5311e+05
1.5746e+05
1.6183e+05
1.6619e+05
1.7055e+05
1.7491e+05
1.7925e+05
1.8358e+05
1.8788e+05
1.9215e+05
1.9638e+05
2.0058e+05
2.0473e+05
2.0883e+05
2.1288e+05
2.1687e+05
2.208e+05
2.2466e+05
2.2846e+05
2.3217e+05
2.3581e+05
2.3937e+05
2.4285e+05
2.4624e+05
2.4954e+05
2.5274e+05
2.5586e+05
2.5887e+05
2.6179e+05
2.646e+05
2.6732e+05
2.6993e+05
2.7244e+05
2.7484e+05
2.7713e+05
2.7933e+05
2.8141e+05
2.8339e+05
2.8526e+05
2.8703e+05
2.887e+05
2.9026e+05
2.9171e+05
2.9307e+05
2.9433e+05
2.9549e+05
2.9655e+05
2.9752e+05
2.984e+05
2.9919e+05
2.9989e+05
3.0051e+05
3.0105e+05
3.0151e+05
3.0189e+05
3.022e+05
3.0244e+05
3.0262e+05
3.0274e+05
3.028e+05
3.028e+05
3.0276e+05
3.0267e+05
3.0254e+05
3.0236e+05
3.0216e+05
3.0192e+05
3.0166e+05
3.0137e+05
3.0107e+05
3.0075e+05
3.0042e+05
3.0009e+05
2.9975e+05
2.9942e+05
2.9909e+05
2.9877e+05
2.9847e+05
2.9818e+05
2.9791e+05
2.9767e+05
2.9745e+05
2.9727e+05
2.9712e+05
2.9701e+05
2.9694e+05
2.9691e+05
2.9693e+05
2.9699e+05
2.9711e+05
2.9728e+05
2.975e+05
2.9779e+05
2.9813e+05
2.9853e+05
2.99e+05
2.9952e+05
3.0012e+05
3.0078e+05
3.015e+05
3.0229e+05
3.0315e+05
3.0408e+05
3.0507e+05
3.0614e+05
3.0727e+05
3.0846e+05
3.0972e+05
3.1105e+05
3.1244e+05
3.139e+05
3.1542e+05
3.1699e+05
3.1863e+05
3.2032e+05
3.2207e+05
3.2387e+05
3.2572e+05
3.2762e+05
3.2957e+05
3.3156e+05
3.3359e+05
3.3565e+05
3.3775e+05
3.3988e+05
3.4204e+05
3.4423e+05
3.4643e+05
3.4865e+05
3.5089e+05
3.5314e+05
3.5539e+05
3.5765e+05
3.5991e+05
3.6217e+05
3.6441e+05
3.6665e+05
3.6887e+05
3.7107e+05
3.7324e+05
3.7539e+05
3.7751e+05
3.796e+05
3.8164e+05
3.8365e+05
3.8561e+05
3.8752e+05
3.8937e+05
3.9117e+05
3.9292e+05
3.9459e+05
3.9621e+05
3.9775e+05
3.9922e+05
4.0062e+05
4.0193e+05
4.0317e+05
4.0432e+05
4.0539e+05
4.0637e+05
4.0726e+05
4.0806e+05
4.0876e+05
4.0937e+05
4.0988e+05
4.1028e+05
4.1059e+05
4.108e+05
4.109e+05
4.109e+05
4.108e+05
4.1059e+05
4.1027e+05
4.0985e+05
4.0932e+05
4.0868e+05
4.0794e+05
4.071e+05
4.0615e+05
4.0509e+05
4.0393e+05
4.0267e+05
4.013e+05
3.9984e+05
3.9827e+05
3.9661e+05
3.9485e+05
3.93e+05
3.9105e+05
3.8901e+05
3.8689e+05
3.8468e+05
3.8238e+05
3.8e+05
3.7755e+05
3.7502e+05
3.7241e+05
3.6973e+05
3.6698e+05
3.6417e+05
3.613e+05
3.5836e+05
3.5537e+05
3.5233e+05
3.4923e+05
3.4609e+05
3.4291e+05
3.3968e+05
3.3642e+05
3.3312e+05
3.298e+05
3.2644e+05
3.2307e+05
3.1967e+05
3.1625e+05
3.1282e+05
3.0938e+05
3.0592e+05
3.0247e+05
2.9901e+05
2.9555e+05
2.921e+05
2.8865e+05
2.8522e+05
2.8179e+05
2.7838e+05
2.7499e+05
2.7162e+05
2.6827e+05
2.6495e+05
2.6165e+05
2.5838e+05
2.5514e+05
2.5194e+05
2.4877e+05
2.4564e+05
2.4254e+05
2.3949e+05
2.3647e+05
2.335e+05
2.3057e+05
2.2769e+05
2.2485e+05
2.2205e+05
2.1931e+05
2.1661e+05
2.1396e+05
2.1135e+05
2.088e+05
2.0629e+05
2.0383e+05
2.0142e+05
1.9906e+05
1.9674e+05
1.9447e+05
1.9225e+05
1.9007e+05
1.8794e+05
1.8585e+05
1.838e+05
1.8179e+05
1.7983e+05
1.7791e+05
1.7602e+05
1.7417e+05
1.7235e+05
1.7057e+05
1.6882e+05
1.671e+05
1.6541e+05
1.6375e+05
1.6211e+05
1.6049e+05
1.5889e+05
1.5732e+05
1.5576e+05
1.5421e+05
1.5268e+05
1.5117e+05
1.4966e+05
1.4815e+05
1.4666e+05
1.4516e+05
1.4367e+05
1.4218e+05
1.4068e+05
1.3918e+05
1.3767e+05
1.3616e+05
1.3464e+05
1.331e+05
1.3155e+05
1.2999e+05
1.2841e+05
1.2681e+05
1.252e+05
1.2356e+05
1.219e+05
1.2022e+05
1.1852e+05
1.1679e+05
1.1504e+05
1.1326e+05
1.1145e+05
1.0962e+05
1.0776e+05
1.0587e+05
1.0395e+05
1.02e+05
1.0003e+05
98026
95997
93940
91856
89747
87612
85454
83271
81067
78843
76599
74337
72059
69768
67464
65149
62827
60500
58169
55837
53507
51183
48865
46559
44266
41989
39733
37500
35294
33119
30977
28873
26811
24794
22825
20910
19051
17254
15521
13857
12267
10754
9321.9
7975.7
6719.3
5556.7
4492.2
3529.9
2674
1928.6
1297.7
785.37
395.7
132.6
0
1.7574
141.67
423.47
850.8
1427.3
2156.3
3041.4
4085.9
5292.8
6665.5
8206.7
9919.6
11807
13871
16114
18540
21149
23945
26929
30102
33468
37026
40779
44728
48873
53216
57758
62498
67437
72575
77913
83450
89185
95119
1.0125e+05
1.0758e+05
1.141e+05
1.2082e+05
1.2773e+05
1.3483e+05
1.4212e+05
1.496e+05
1.5726e+05
1.651e+05
1.7313e+05
1.8133e+05
1.8971e+05
1.9825e+05
2.0697e+05
2.1585e+05
2.2489e+05
2.3409e+05
2.4344e+05
2.5294e+05
2.6259e+05
2.7237e+05
2.823e+05
2.9235e+05
3.0253e+05
3.1283e+05
3.2324e+05
3.3377e+05
3.444e+05
3.5513e+05
3.6596e+05
3.7687e+05
3.8787e+05
3.9894e+05
4.1008e+05
4.2129e+05
4.3255e+05
4.4387e+05
4.5523e+05
4.6663e+05
4.7806e+05
4.8952e+05
5.0099e+05
5.1248e+05
5.2397e+05
5.3546e+05
5.4694e+05
5.584e+05
5.6984e+05
5.8125e+05
5.9263e+05
6.0396e+05
6.1524e+05
6.2646e+05
6.3762e+05
6.487e+05
6.5971e+05
6.7063e+05
6.8146e+05
6.922e+05
7.0282e+05
7.1334e+05
7.2373e+05
7.34e+05
7.4414e+05
7.5414e+05
7.6399e+05
7.737e+05
7.8325e+05
7.9263e+05
8.0185e+05
8.1089e+05
8.1976e+05
8.2843e+05
8.3692e+05
8.4521e+05
8.533e+05
8.6118e+05
8.6886e+05
8.7631e+05
8.8355e+05
8.9056e+05
8.9734e+05
9.0389e+05
9.1021e+05
9.1628e+05
9.2211e+05
9.2769e+05
9.3302e+05
9.3809e+05
9.4291e+05
9.4747e+05
9.5177e+05
9.5581e+05
9.5958e+05
9.6308e+05
9.6631e+05
9.6927e+05
9.7196e+05
9.7437e+05
9.7652e+05
9.7838e+05
9.7997e+05
9.8128e+05
9.8232e+05
9.8308e+05
9.8357e+05
9.8378e+05
9.8371e+05
9.8337e+05
9.8276e+05
9.8187e+05
9.8072e+05
9.7929e+05
9.776e+05
9.7564e+05
9.7342e+05
9.7094e+05
9.682e+05
9.652e+05
9.6195e+05
9.5845e+05
9.547e+05
9.507e+05
9.4647e+05
9.42e+05
9.3729e+05
9.3235e+05
9.2719e+05
9.218e+05
9.162e+05
9.1038e+05
9.0435e+05
8.9812e+05
8.9168e+05
8.8505e+05
8.7823e+05
8.7123e+05
8.6404e+05
8.5668e+05
8.4914e+05
8.4144e+05
8.3358e+05
8.2557e+05
8.1741e+05
8.091e+05
8.0065e+05
7.9207e+05
7.8337e+05
7.7454e+05
7.656e+05
7.5654e+05
7.4739e+05
7.3813e+05
7.2878e+05
7.1935e+05
7.0983e+05
7.0024e+05
6.9058e+05
6.8085e+05
6.7107e+05
6.6124e+05
6.5135e+05
6.4143e+05
6.3148e+05
6.2149e+05
6.1148e+05
6.0145e+05
5.9141e+05
5.8136e+05
5.713e+05
5.6126e+05
5.5122e+05
5.4119e+05
5.3118e+05
5.212e+05
5.1124e+05
5.0132e+05
4.9144e+05
4.816e+05
4.718e+05
4.6206e+05
4.5238e+05
4.4276e+05
4.332e+05
4.2371e+05
4.143e+05
4.0496e+05
3.957e+05
3.8653e+05
3.7745e+05
3.6846e+05
3.5956e+05
3.5077e+05
3.4207e+05
3.3348e+05
3.2499e+05
3.1662e+05
3.0836e+05
3.0021e+05
2.9219e+05
2.8428e+05
2.7649e+05
2.6883e+05
2.613e+05
2.5389e+05
2.4661e+05
2.3947e+05
2.3246e+05
2.2558e+05
2.1883e+05
2.1222e+05
2.0575e+05
1.9942e+05
1.9322e+05
1.8717e+05
1.8125e+05
1.7547e+05
1.6984e+05
1.6434e+05
1.5899e+05
1.5377e+05
1.487e+05
1.4376e+05
1.3896e+05
1.3431e+05
1.2979e+05
1.2541e+05
1.2116e+05
1.1705e+05
1.1308e+05
1.0924e+05
1.0553e+05
1.0195e+05
98507
95190
91999
88935
85994
83176
80479
77900
75438
73091
70857
68735
66721
64814
63011
61311
59711
58209
56802
55488
54265
53131
52082
51117
50233
49427
48698
48042
47457
46940
46489
46102
45776
45508
45296
45138
45031
44972
44959
44990
45062
45173
45321
45502
45716
45959
46229
46525
46844
47183
47541
47916
48305
48707
49120
49542
49970
50404
50841
51279
51718
52155
52589
53018
53441
53857
54263
54660
55044
55416
55774
56118
56445
56755
57047
57320
57574
57807
58019
58209
58377
58521
58642
58738
58810
58858
58879
58876
58846
58791
58710
58602
58468
58308
58121
57908
57670
57405
57115
56799
56457
56091
55700
55285
54846
54384
53898
53390
52860
