1.7053e+05
1.7517e+05
1.7981e+05
1.8445e+05
1.8909e+05
1.9371e+05
1.9831e+05
2.0289e+05
2.0743e+05
2.1194e+05
2.1641e+05
2.2082e+05
2.2519e+05
2.295e+05
2.3375e+05
2.3793e+05
2.4204e+05
2.4608e+05
2.5003e+05
2.539e+05
2.5769e+05
2.6138e+05
2.6498e+05
2.6849e+05
2.7189e+05
2.7519e+05
2.7839e+05
2.8148e+05
2.8446e+05
2.8733e+05
2.9009e+05
2.9274e+05
2.9527e+05
2.9769e+05
2.9999e+05
3.0218e+05
3.0425e+05
3.062e+05
3.0804e+05
3.0976e+05
3.1137e+05
3.1287e+05
3.1425e+05
3.1553e+05
3.1669e+05
3.1775e+05
3.1871e+05
3.1956e+05
3.2031e+05
3.2096e+05
3.2152e+05
3.2198e+05
3.2236e+05
3.2264e+05
3.2285e+05
3.2297e+05
3.2302e+05
3.23e+05
3.2291e+05
3.2275e+05
3.2253e+05
3.2225e+05
3.2192e+05
3.2154e+05
3.2112e+05
3.2065e+05
3.2015e+05
3.1962e+05
3.1905e+05
3.1847e+05
3.1786e+05
3.1724e+05
3.1661e+05
3.1596e+05
3.1532e+05
3.1468e+05
3.1404e+05
3.1341e+05
3.128e+05
3.122e+05
3.1162e+05
3.1107e+05
3.1054e+05
3.1005e+05
3.0958e+05
3.0916e+05
3.0878e+05
3.0844e+05
3.0815e+05
3.0791e+05
3.0772e+05
3.0758e+05
3.075e+05
3.0748e+05
3.0751e+05
3.0761e+05
3.0778e+05
3.0801e+05
3.083e+05
3.0867e+05
3.091e+05
3.096e+05
3.1016e+05
3.108e+05
3.1151e+05
3.1229e+05
3.1314e+05
3.1406e+05
3.1505e+05
3.161e+05
3.1723e+05
3.1842e+05
3.1968e+05
3.21e+05
3.2238e+05
3.2382e+05
3.2533e+05
3.2689e+05
3.285e+05
3.3017e+05
3.3189e+05
3.3366e+05
3.3547e+05
3.3733e+05
3.3922e+05
3.4116e+05
3.4313e+05
3.4513e+05
3.4716e+05
3.4921e+05
3.5128e+05
3.5338e+05
3.5548e+05
3.576e+05
3.5973e+05
3.6186e+05
3.6399e+05
3.6612e+05
3.6824e+05
3.7035e+05
3.7245e+05
3.7453e+05
3.7659e+05
3.7863e+05
3.8063e+05
3.8261e+05
3.8455e+05
3.8645e+05
3.8831e+05
3.9012e+05
3.9188e+05
3.936e+05
3.9525e+05
3.9685e+05
3.9839e+05
3.9986e+05
4.0127e+05
4.026e+05
4.0387e+05
4.0506e+05
4.0617e+05
4.072e+05
4.0815e+05
4.0902e+05
4.098e+05
4.105e+05
4.111e+05
4.1162e+05
4.1204e+05
4.1237e+05
4.1261e+05
4.1275e+05
4.1279e+05
4.1274e+05
4.1259e+05
4.1234e+05
4.12e+05
4.1155e+05
4.1101e+05
4.1037e+05
4.0963e+05
4.0879e+05
4.0786e+05
4.0683e+05
4.057e+05
4.0448e+05
4.0316e+05
4.0176e+05
4.0025e+05
3.9866e+05
3.9699e+05
3.9522e+05
3.9337e+05
3.9143e+05
3.8941e+05
3.8731e+05
3.8514e+05
3.8288e+05
3.8055e+05
3.7816e+05
3.7569e+05
3.7315e+05
3.7055e+05
3.6789e+05
3.6517e+05
3.6239e+05
3.5955e+05
3.5667e+05
3.5373e+05
3.5075e+05
3.4773e+05
3.4466e+05
3.4155e+05
3.3841e+05
3.3524e+05
3.3203e+05
3.288e+05
3.2554e+05
3.2226e+05
3.1896e+05
3.1565e+05
3.1231e+05
3.0897e+05
3.0562e+05
3.0226e+05
2.9889e+05
2.9552e+05
2.9215e+05
2.8879e+05
2.8542e+05
2.8207e+05
2.7872e+05
2.7538e+05
2.7206e+05
2.6874e+05
2.6545e+05
2.6217e+05
2.5891e+05
2.5566e+05
2.5244e+05
2.4925e+05
2.4607e+05
2.4293e+05
2.398e+05
2.3671e+05
2.3364e+05
2.306e+05
2.2759e+05
2.2462e+05
2.2167e+05
2.1875e+05
2.1586e+05
2.13e+05
2.1018e+05
2.0739e+05
2.0462e+05
2.0189e+05
1.9919e+05
1.9652e+05
1.9389e+05
1.9128e+05
1.887e+05
1.8615e+05
1.8363e+05
1.8113e+05
1.7867e+05
1.7623e+05
1.7381e+05
1.7142e+05
1.6905e+05
1.6671e+05
1.6439e+05
1.6208e+05
1.598e+05
1.5754e+05
1.5529e+05
1.5306e+05
1.5084e+05
1.4864e+05
1.4645e+05
1.4427e+05
1.421e+05
1.3995e+05
1.378e+05
1.3565e+05
1.3351e+05
1.3138e+05
1.2925e+05
1.2712e+05
1.25e+05
1.2288e+05
1.2075e+05
1.1862e+05
1.165e+05
1.1437e+05
1.1223e+05
1.1009e+05
1.0795e+05
1.058e+05
1.0365e+05
1.0149e+05
99324
97151
94972
92787
90594
88395
86190
83978
81761
79539
77312
75082
72848
70612
68374
66137
63900
61666
59436
57211
54992
52782
50582
48394
46220
44063
41924
39805
37709
35638
33596
31584
29605
27662
25757
23894
22076
20306
18586
16920
15312
13763
12279
10861
9514.3
8241.1
7045.3
5930.3
4899.6
3956.8
3105.3
2348.8
1690.7
1134.5
683.88
342.25
113.14
0
6.2881
135.41
390.74
775.61
1293.3
1947
2740
3675.2
4755.9
5984.8
7365
8899.2
10590
12440
14453
16629
18973
21485
24168
27024
30055
33262
36648
40214
43960
47889
52001
56298
60779
65446
70299
75339
80565
85978
91578
97364
1.0334e+05
1.0949e+05
1.1583e+05
1.2236e+05
1.2906e+05
1.3595e+05
1.4302e+05
1.5026e+05
1.5768e+05
1.6527e+05
1.7304e+05
1.8097e+05
1.8908e+05
1.9734e+05
2.0577e+05
2.1436e+05
2.231e+05
2.3199e+05
2.4104e+05
2.5022e+05
2.5955e+05
2.6902e+05
2.7862e+05
2.8835e+05
2.982e+05
3.0818e+05
3.1826e+05
3.2846e+05
3.3877e+05
3.4918e+05
3.5968e+05
3.7027e+05
3.8095e+05
3.9171e+05
4.0254e+05
4.1344e+05
4.2441e+05
4.3543e+05
4.465e+05
4.5761e+05
4.6877e+05
4.7995e+05
4.9117e+05
5.024e+05
5.1364e+05
5.249e+05
5.3615e+05
5.474e+05
5.5863e+05
5.6985e+05
5.8104e+05
5.9219e+05
6.0331e+05
6.1438e+05
6.254e+05
6.3636e+05
6.4726e+05
6.5808e+05
6.6883e+05
6.7949e+05
6.9005e+05
7.0052e+05
7.1089e+05
7.2114e+05
7.3127e+05
7.4129e+05
7.5117e+05
7.6091e+05
7.7052e+05
7.7997e+05
7.8927e+05
7.9842e+05
8.0739e+05
8.162e+05
8.2483e+05
8.3328e+05
8.4154e+05
8.4961e+05
8.5748e+05
8.6515e+05
8.7261e+05
8.7986e+05
8.869e+05
8.9372e+05
9.0031e+05
9.0668e+05
9.1281e+05
9.1871e+05
9.2437e+05
9.2978e+05
9.3496e+05
9.3988e+05
9.4455e+05
9.4897e+05
9.5314e+05
9.5704e+05
9.6069e+05
9.6407e+05
9.6719e+05
9.7004e+05
9.7263e+05
9.7495e+05
9.77e+05
9.7878e+05
9.8029e+05
9.8153e+05
9.825e+05
9.8319e+05
9.8362e+05
9.8378e+05
9.8366e+05
9.8328e+05
9.8263e+05
9.8171e+05
9.8053e+05
9.7908e+05
9.7737e+05
9.754e+05
9.7317e+05
9.7068e+05
9.6794e+05
9.6494e+05
9.617e+05
9.5821e+05
9.5448e+05
9.505e+05
9.4629e+05
9.4184e+05
9.3717e+05
9.3226e+05
9.2714e+05
9.2179e+05
9.1623e+05
9.1046e+05
9.0449e+05
8.9831e+05
8.9193e+05
8.8537e+05
8.7861e+05
8.7167e+05
8.6455e+05
8.5726e+05
8.498e+05
8.4218e+05
8.344e+05
8.2647e+05
8.1839e+05
8.1017e+05
8.0182e+05
7.9333e+05
7.8472e+05
7.7599e+05
7.6715e+05
7.582e+05
7.4914e+05
7.3999e+05
7.3075e+05
7.2143e+05
7.1202e+05
7.0255e+05
6.93e+05
6.834e+05
6.7373e+05
6.6402e+05
6.5426e+05
6.4447e+05
6.3464e+05
6.2478e+05
6.149e+05
6.0501e+05
5.951e+05
5.8519e+05
5.7528e+05
5.6537e+05
5.5547e+05
5.4559e+05
5.3573e+05
5.2589e+05
5.1608e+05
5.0631e+05
4.9658e+05
4.869e+05
4.7726e+05
4.6768e+05
4.5815e+05
4.4869e+05
4.3929e+05
4.2997e+05
4.2072e+05
4.1154e+05
4.0246e+05
3.9345e+05
3.8454e+05
3.7572e+05
3.6699e+05
3.5837e+05
3.4984e+05
3.4143e+05
3.3312e+05
3.2492e+05
3.1684e+05
3.0887e+05
3.0102e+05
2.9329e+05
2.8568e+05
2.782e+05
2.7085e+05
2.6362e+05
2.5652e+05
2.4956e+05
2.4272e+05
2.3602e+05
2.2946e+05
2.2303e+05
2.1674e+05
2.1058e+05
2.0456e+05
1.9868e+05
1.9294e+05
1.8734e+05
1.8188e+05
1.7656e+05
1.7138e+05
1.6633e+05
1.6143e+05
1.5666e+05
1.5203e+05
1.4754e+05
1.4319e+05
1.3897e+05
1.3488e+05
1.3093e+05
1.2712e+05
1.2343e+05
1.1988e+05
1.1645e+05
1.1315e+05
1.0998e+05
1.0693e+05
1.04e+05
1.012e+05
98516
95950
93499
91162
88937
86822
84814
82912
81113
79415
77816
76313
74905
73588
72361
71220
70164
69189
68295
67477
66733
66061
65459
64924
64453
64043
63693
63400
63160
62973
62834
62742
62695
62689
62722
62793
62898
63036
63203
63398
63619
63862
64127
64411
64711
65026
65354
65693
66040
66394
66753
67116
67480
67844
68206
68564
68918
69265
69604
69934
70253
70560
70854
71134
71398
71646
71876
72088
72280
72451
72602
72731
72837
72920
72980
73015
73025
73010
72969
72903
72810
72691
72545
72372
72172
71946
71692
71411
71104
70770
70409
70022
69608
69169
68704
68214
67699
67160
66596
66009
65399
64766
64112
63435
62738
62021
