1.6345e+05
1.6637e+05
1.6933e+05
1.7233e+05
1.7538e+05
1.7846e+05
1.8158e+05
1.8473e+05
1.8791e+05
1.9113e+05
1.9436e+05
1.9762e+05
2.009e+05
2.042e+05
2.0752e+05
2.1084e+05
2.1418e+05
2.1752e+05
2.2087e+05
2.2422e+05
2.2757e+05
2.3092e+05
2.3426e+05
2.3759e+05
2.4091e+05
2.4422e+05
2.4751e+05
2.5078e+05
2.5404e+05
2.5727e+05
2.6047e+05
2.6365e+05
2.6679e+05
2.6991e+05
2.7299e+05
2.7603e+05
2.7903e+05
2.82e+05
2.8492e+05
2.878e+05
2.9063e+05
2.9342e+05
2.9615e+05
2.9884e+05
3.0147e+05
3.0405e+05
3.0657e+05
3.0904e+05
3.1145e+05
3.138e+05
3.161e+05
3.1833e+05
3.205e+05
3.2261e+05
3.2466e+05
3.2665e+05
3.2857e+05
3.3042e+05
3.3222e+05
3.3395e+05
3.3561e+05
3.3721e+05
3.3874e+05
3.4021e+05
3.4162e+05
3.4296e+05
3.4424e+05
3.4545e+05
3.466e+05
3.4769e+05
3.4871e+05
3.4968e+05
3.5058e+05
3.5142e+05
3.522e+05
3.5293e+05
3.5359e+05
3.542e+05
3.5476e+05
3.5526e+05
3.5571e+05
3.561e+05
3.5644e+05
3.5674e+05
3.5698e+05
3.5718e+05
3.5733e+05
3.5744e+05
3.575e+05
3.5752e+05
3.575e+05
3.5744e+05
3.5734e+05
3.5721e+05
3.5704e+05
3.5684e+05
3.566e+05
3.5634e+05
3.5604e+05
3.5572e+05
3.5537e+05
3.5499e+05
3.5459e+05
3.5416e+05
3.5372e+05
3.5325e+05
3.5276e+05
3.5226e+05
3.5173e+05
3.5119e+05
3.5064e+05
3.5007e+05
3.4949e+05
3.4889e+05
3.4829e+05
3.4767e+05
3.4704e+05
3.464e+05
3.4575e+05
3.451e+05
3.4444e+05
3.4377e+05
3.4309e+05
3.424e+05
3.4171e+05
3.4102e+05
3.4032e+05
3.3961e+05
3.3889e+05
3.3817e+05
3.3745e+05
3.3672e+05
3.3598e+05
3.3524e+05
3.3449e+05
3.3373e+05
3.3297e+05
3.3219e+05
3.3142e+05
3.3063e+05
3.2983e+05
3.2902e+05
3.2821e+05
3.2738e+05
3.2654e+05
3.2569e+05
3.2483e+05
3.2395e+05
3.2306e+05
3.2215e+05
3.2123e+05
3.2029e+05
3.1933e+05
3.1835e+05
3.1736e+05
3.1634e+05
3.153e+05
3.1424e+05
3.1316e+05
3.1205e+05
3.1092e+05
3.0976e+05
3.0858e+05
3.0737e+05
3.0613e+05
3.0486e+05
3.0356e+05
3.0223e+05
3.0087e+05
2.9948e+05
2.9806e+05
2.966e+05
2.9511e+05
2.9359e+05
2.9203e+05
2.9043e+05
2.8881e+05
2.8714e+05
2.8544e+05
2.8371e+05
2.8194e+05
2.8013e+05
2.7829e+05
2.7641e+05
2.7449e+05
2.7254e+05
2.7056e+05
2.6854e+05
2.6648e+05
2.6439e+05
2.6226e+05
2.6011e+05
2.5792e+05
2.5569e+05
2.5344e+05
2.5116e+05
2.4884e+05
2.465e+05
2.4413e+05
2.4174e+05
2.3931e+05
2.3687e+05
2.344e+05
2.3191e+05
2.294e+05
2.2687e+05
2.2432e+05
2.2176e+05
2.1918e+05
2.1659e+05
2.1399e+05
2.1138e+05
2.0876e+05
2.0613e+05
2.035e+05
2.0087e+05
1.9823e+05
1.956e+05
1.9297e+05
1.9034e+05
1.8772e+05
1.851e+05
1.825e+05
1.7991e+05
1.7733e+05
1.7476e+05
1.7222e+05
1.6969e+05
1.6718e+05
1.647e+05
1.6223e+05
1.598e+05
1.5739e+05
1.5501e+05
1.5266e+05
1.5034e+05
1.4805e+05
1.458e+05
1.4359e+05
1.4141e+05
1.3927e+05
1.3717e+05
1.3511e+05
1.3309e+05
1.3111e+05
1.2918e+05
1.2729e+05
1.2545e+05
1.2365e+05
1.219e+05
1.202e+05
1.1854e+05
1.1693e+05
1.1536e+05
1.1385e+05
1.1238e+05
1.1096e+05
1.0959e+05
1.0826e+05
1.0698e+05
1.0575e+05
1.0457e+05
1.0343e+05
1.0233e+05
1.0128e+05
1.0027e+05
99304
98379
97495
96649
95841
95070
94334
93631
92961
92321
91710
91127
90568
90034
89521
89028
88553
88094
87649
87217
86794
86379
85970
85564
85161
84757
84350
83940
83522
83096
82660
82211
81747
81267
80769
80252
79712
79149
78562
77948
77306
76635
75933
75200
74433
73633
72799
71929
71022
70079
69098
68080
67025
65931
64799
63630
62424
61180
59900
58585
57234
55850
54433
52984
51506
49999
48465
46906
45325
43722
42101
40464
38813
37151
35481
33806
32128
30452
28780
27115
25462
23825
22205
20609
19039
17500
15995
14530
13108
11733
10411
9146.2
7942.4
6804.5
5737.3
4745.5
3833.9
3007.1
2270
1627.5
1084.2
645.02
314.75
98.164
0
24.982
177.79
463.06
885.37
1449.2
2159.1
3019.4
4034.4
5208.2
6545.1
8048.9
9723.6
11573
13601
15810
18205
20788
23563
26532
29698
33064
36632
40405
44384
48572
52969
57578
62400
67436
72686
78152
83833
89730
95843
1.0217e+05
1.0872e+05
1.1547e+05
1.2244e+05
1.2963e+05
1.3702e+05
1.4463e+05
1.5244e+05
1.6045e+05
1.6867e+05
1.7709e+05
1.8571e+05
1.9452e+05
2.0352e+05
2.1271e+05
2.2208e+05
2.3163e+05
2.4136e+05
2.5126e+05
2.6132e+05
2.7154e+05
2.8193e+05
2.9246e+05
3.0314e+05
3.1396e+05
3.2491e+05
3.3599e+05
3.4719e+05
3.585e+05
3.6993e+05
3.8146e+05
3.9308e+05
4.0479e+05
4.1658e+05
4.2844e+05
4.4037e+05
4.5236e+05
4.6439e+05
4.7647e+05
4.8859e+05
5.0073e+05
5.1289e+05
5.2505e+05
5.3723e+05
5.4939e+05
5.6154e+05
5.7367e+05
5.8576e+05
5.9782e+05
6.0982e+05
6.2177e+05
6.3366e+05
6.4547e+05
6.572e+05
6.6883e+05
6.8037e+05
6.918e+05
7.0311e+05
7.143e+05
7.2536e+05
7.3628e+05
7.4705e+05
7.5766e+05
7.6811e+05
7.7839e+05
7.8849e+05
7.984e+05
8.0812e+05
8.1763e+05
8.2694e+05
8.3604e+05
8.4491e+05
8.5355e+05
8.6197e+05
8.7014e+05
8.7806e+05
8.8574e+05
8.9315e+05
9.0031e+05
9.0719e+05
9.1381e+05
9.2014e+05
9.262e+05
9.3197e+05
9.3745e+05
9.4264e+05
9.4753e+05
9.5212e+05
9.5641e+05
9.6039e+05
9.6407e+05
9.6744e+05
9.7049e+05
9.7323e+05
9.7566e+05
9.7777e+05
9.7956e+05
9.8104e+05
9.822e+05
9.8304e+05
9.8357e+05
9.8378e+05
9.8367e+05
9.8325e+05
9.8251e+05
9.8146e+05
9.801e+05
9.7843e+05
9.7645e+05
9.7418e+05
9.716e+05
9.6872e+05
9.6554e+05
9.6208e+05
9.5832e+05
9.5429e+05
9.4997e+05
9.4537e+05
9.4051e+05
9.3538e+05
9.2998e+05
9.2433e+05
9.1843e+05
9.1228e+05
9.0589e+05
8.9927e+05
8.9242e+05
8.8534e+05
8.7804e+05
8.7054e+05
8.6283e+05
8.5492e+05
8.4683e+05
8.3854e+05
8.3008e+05
8.2145e+05
8.1266e+05
8.037e+05
7.946e+05
7.8536e+05
7.7598e+05
7.6647e+05
7.5684e+05
7.471e+05
7.3725e+05
7.273e+05
7.1727e+05
7.0714e+05
6.9694e+05
6.8667e+05
6.7634e+05
6.6596e+05
6.5552e+05
6.4505e+05
6.3454e+05
6.24e+05
6.1345e+05
6.0288e+05
5.9231e+05
5.8174e+05
5.7117e+05
5.6062e+05
5.5009e+05
5.3959e+05
5.2912e+05
5.1869e+05
5.0831e+05
4.9797e+05
4.877e+05
4.7748e+05
4.6734e+05
4.5727e+05
4.4727e+05
4.3736e+05
4.2754e+05
4.1782e+05
4.0819e+05
3.9866e+05
3.8924e+05
3.7993e+05
3.7073e+05
3.6165e+05
3.527e+05
3.4386e+05
3.3516e+05
3.2659e+05
3.1815e+05
3.0985e+05
3.0169e+05
2.9368e+05
2.858e+05
2.7807e+05
2.705e+05
2.6307e+05
2.5579e+05
2.4866e+05
2.4169e+05
2.3487e+05
2.2821e+05
2.217e+05
2.1536e+05
2.0916e+05
2.0313e+05
1.9725e+05
1.9153e+05
1.8597e+05
1.8057e+05
1.7532e+05
1.7022e+05
1.6528e+05
1.605e+05
1.5587e+05
1.5138e+05
1.4705e+05
1.4287e+05
1.3884e+05
1.3495e+05
1.312e+05
1.276e+05
1.2414e+05
1.2081e+05
1.1762e+05
1.1457e+05
1.1164e+05
1.0885e+05
1.0618e+05
1.0363e+05
1.0121e+05
98907
96719
94645
92682
90827
89076
87428
85880
84427
83068
81800
80619
79522
78507
77571
76710
75921
75202
74549
73960
73432
72961
72546
72182
71867
71599
71375
71191
71046
70936
70860
70814
70796
70803
70834
70886
70957
71043
71145
71258
71382
71514
71652
71795
71940
72087
72233
72376
72517
72652
72780
72901
73013
73115
73205
73283
73348
73399
73435
73455
73458
73445
73413
73364
73295
73208
73100
72973
72826
72658
72470
72262
72033
71783
71512
71221
70910
70578
70227
69855
69464
69054
68624
68177
67711
67227
66726
66208
65674
65125
64560
63980
63386
62779
62158
61526
60881
60226
59560
58884
58199
57505
56804
56095
55380
54659
53932
53201
52466
