1.7401e+05
1.7903e+05
1.8408e+05
1.8915e+05
1.9424e+05
1.9934e+05
2.0445e+05
2.0955e+05
2.1464e+05
2.1971e+05
2.2477e+05
2.2979e+05
2.3479e+05
2.3974e+05
2.4465e+05
2.4951e+05
2.5432e+05
2.5906e+05
2.6374e+05
2.6834e+05
2.7288e+05
2.7733e+05
2.817e+05
2.8597e+05
2.9016e+05
2.9425e+05
2.9824e+05
3.0213e+05
3.0591e+05
3.0959e+05
3.1315e+05
3.166e+05
3.1993e+05
3.2314e+05
3.2623e+05
3.2921e+05
3.3206e+05
3.3479e+05
3.3739e+05
3.3987e+05
3.4222e+05
3.4445e+05
3.4656e+05
3.4854e+05
3.504e+05
3.5214e+05
3.5375e+05
3.5525e+05
3.5663e+05
3.5789e+05
3.5903e+05
3.6007e+05
3.6099e+05
3.6181e+05
3.6252e+05
3.6314e+05
3.6365e+05
3.6407e+05
3.6439e+05
3.6463e+05
3.6478e+05
3.6485e+05
3.6485e+05
3.6477e+05
3.6462e+05
3.6441e+05
3.6413e+05
3.638e+05
3.6342e+05
3.6299e+05
3.6251e+05
3.62e+05
3.6145e+05
3.6088e+05
3.6027e+05
3.5965e+05
3.59e+05
3.5835e+05
3.5769e+05
3.5702e+05
3.5635e+05
3.5569e+05
3.5504e+05
3.544e+05
3.5378e+05
3.5317e+05
3.5259e+05
3.5204e+05
3.5152e+05
3.5104e+05
3.5059e+05
3.5018e+05
3.4982e+05
3.495e+05
3.4923e+05
3.4901e+05
3.4885e+05
3.4874e+05
3.4869e+05
3.487e+05
3.4877e+05
3.489e+05
3.491e+05
3.4936e+05
3.4968e+05
3.5008e+05
3.5053e+05
3.5106e+05
3.5165e+05
3.5231e+05
3.5303e+05
3.5382e+05
3.5468e+05
3.556e+05
3.5658e+05
3.5762e+05
3.5873e+05
3.5989e+05
3.6111e+05
3.6239e+05
3.6372e+05
3.651e+05
3.6653e+05
3.68e+05
3.6952e+05
3.7108e+05
3.7268e+05
3.7431e+05
3.7598e+05
3.7767e+05
3.7939e+05
3.8113e+05
3.8288e+05
3.8465e+05
3.8644e+05
3.8823e+05
3.9002e+05
3.9182e+05
3.9361e+05
3.9539e+05
3.9716e+05
3.9892e+05
4.0065e+05
4.0236e+05
4.0405e+05
4.057e+05
4.0732e+05
4.089e+05
4.1044e+05
4.1193e+05
4.1338e+05
4.1477e+05
4.161e+05
4.1737e+05
4.1858e+05
4.1972e+05
4.2079e+05
4.2179e+05
4.2271e+05
4.2356e+05
4.2432e+05
4.25e+05
4.2559e+05
4.2609e+05
4.265e+05
4.2682e+05
4.2704e+05
4.2716e+05
4.2719e+05
4.2712e+05
4.2694e+05
4.2667e+05
4.2629e+05
4.258e+05
4.2521e+05
4.2452e+05
4.2372e+05
4.2281e+05
4.218e+05
4.2068e+05
4.1946e+05
4.1813e+05
4.167e+05
4.1516e+05
4.1352e+05
4.1178e+05
4.0993e+05
4.0799e+05
4.0595e+05
4.0382e+05
4.0159e+05
3.9927e+05
3.9685e+05
3.9435e+05
3.9177e+05
3.891e+05
3.8635e+05
3.8352e+05
3.8061e+05
3.7763e+05
3.7458e+05
3.7147e+05
3.6829e+05
3.6505e+05
3.6175e+05
3.5839e+05
3.5499e+05
3.5153e+05
3.4803e+05
3.4449e+05
3.4091e+05
3.373e+05
3.3365e+05
3.2998e+05
3.2628e+05
3.2256e+05
3.1882e+05
3.1507e+05
3.113e+05
3.0753e+05
3.0376e+05
2.9998e+05
2.962e+05
2.9243e+05
2.8866e+05
2.8491e+05
2.8117e+05
2.7745e+05
2.7374e+05
2.7006e+05
2.664e+05
2.6277e+05
2.5917e+05
2.556e+05
2.5207e+05
2.4857e+05
2.4511e+05
2.4168e+05
2.383e+05
2.3496e+05
2.3167e+05
2.2843e+05
2.2523e+05
2.2207e+05
2.1897e+05
2.1592e+05
2.1292e+05
2.0997e+05
2.0707e+05
2.0423e+05
2.0144e+05
1.987e+05
1.9602e+05
1.9339e+05
1.9081e+05
1.8828e+05
1.858e+05
1.8338e+05
1.8101e+05
1.7869e+05
1.7641e+05
1.7419e+05
1.7201e+05
1.6988e+05
1.6779e+05
1.6574e+05
1.6374e+05
1.6178e+05
1.5986e+05
1.5797e+05
1.5612e+05
1.543e+05
1.5252e+05
1.5076e+05
1.4903e+05
1.4733e+05
1.4566e+05
1.44e+05
1.4237e+05
1.4075e+05
1.3915e+05
1.3757e+05
1.3599e+05
1.3443e+05
1.3287e+05
1.3132e+05
1.2977e+05
1.2823e+05
1.2668e+05
1.2514e+05
1.2359e+05
1.2203e+05
1.2047e+05
1.189e+05
1.1732e+05
1.1572e+05
1.1411e+05
1.1249e+05
1.1085e+05
1.0919e+05
1.0752e+05
1.0582e+05
1.0411e+05
1.0237e+05
1.0061e+05
98831
97026
95198
93347
91471
89572
87649
85702
83732
81740
79726
77690
75634
73560
71467
69357
67232
65093
62942
60781
58612
56436
54257
52076
49896
47719
45548
43387
41237
39102
36985
34889
32817
30774
28762
26785
24846
22950
21100
19300
17554
15866
14240
12679
11189
9772.9
8435
7179.5
6010.6
4932.5
3949.4
3065.4
2284.7
1611.5
1049.8
603.79
277.48
74.898
0
56.7
248.85
580.23
1054.6
1675.5
2446.5
3371.1
4452.7
5694.6
7099.8
8671.6
10413
12326
14414
16680
19126
21754
24566
27565
30751
34128
37697
41458
45413
49564
53910
58454
63195
68133
73269
78603
84135
89865
95791
1.0191e+05
1.0823e+05
1.1474e+05
1.2145e+05
1.2834e+05
1.3543e+05
1.427e+05
1.5016e+05
1.578e+05
1.6563e+05
1.7363e+05
1.8181e+05
1.9016e+05
1.9869e+05
2.0738e+05
2.1623e+05
2.2524e+05
2.3441e+05
2.4373e+05
2.532e+05
2.6281e+05
2.7256e+05
2.8244e+05
2.9246e+05
3.026e+05
3.1286e+05
3.2324e+05
3.3372e+05
3.4431e+05
3.55e+05
3.6578e+05
3.7665e+05
3.876e+05
3.9862e+05
4.0972e+05
4.2088e+05
4.3209e+05
4.4336e+05
4.5467e+05
4.6602e+05
4.774e+05
4.888e+05
5.0022e+05
5.1166e+05
5.231e+05
5.3453e+05
5.4596e+05
5.5737e+05
5.6876e+05
5.8012e+05
5.9144e+05
6.0272e+05
6.1395e+05
6.2513e+05
6.3624e+05
6.4728e+05
6.5824e+05
6.6912e+05
6.799e+05
6.9059e+05
7.0118e+05
7.1165e+05
7.2201e+05
7.3224e+05
7.4235e+05
7.5232e+05
7.6214e+05
7.7182e+05
7.8134e+05
7.9071e+05
7.9991e+05
8.0893e+05
8.1778e+05
8.2645e+05
8.3493e+05
8.4321e+05
8.513e+05
8.5918e+05
8.6686e+05
8.7433e+05
8.8157e+05
8.886e+05
8.954e+05
9.0198e+05
9.0832e+05
9.1442e+05
9.2028e+05
9.259e+05
9.3128e+05
9.364e+05
9.4127e+05
9.4589e+05
9.5025e+05
9.5435e+05
9.5819e+05
9.6177e+05
9.6508e+05
9.6812e+05
9.709e+05
9.734e+05
9.7564e+05
9.7761e+05
9.793e+05
9.8073e+05
9.8188e+05
9.8276e+05
9.8337e+05
9.8371e+05
9.8378e+05
9.8357e+05
9.831e+05
9.8237e+05
9.8136e+05
9.8009e+05
9.7856e+05
9.7676e+05
9.7471e+05
9.724e+05
9.6983e+05
9.6701e+05
9.6394e+05
9.6062e+05
9.5706e+05
9.5326e+05
9.4922e+05
9.4495e+05
9.4044e+05
9.3571e+05
9.3075e+05
9.2558e+05
9.2019e+05
9.1458e+05
9.0877e+05
9.0276e+05
8.9655e+05
8.9014e+05
8.8355e+05
8.7677e+05
8.6981e+05
8.6268e+05
8.5538e+05
8.4791e+05
8.4028e+05
8.325e+05
8.2457e+05
8.165e+05
8.0829e+05
7.9995e+05
7.9148e+05
7.8288e+05
7.7417e+05
7.6536e+05
7.5643e+05
7.4741e+05
7.3829e+05
7.2908e+05
7.198e+05
7.1043e+05
7.0099e+05
6.9149e+05
6.8193e+05
6.7231e+05
6.6265e+05
6.5294e+05
6.4319e+05
6.3341e+05
6.2361e+05
6.1378e+05
6.0394e+05
5.9408e+05
5.8422e+05
5.7436e+05
5.645e+05
5.5466e+05
5.4482e+05
5.3501e+05
5.2522e+05
5.1546e+05
5.0574e+05
4.9605e+05
4.8641e+05
4.7681e+05
4.6726e+05
4.5777e+05
4.4834e+05
4.3898e+05
4.2968e+05
4.2046e+05
4.1131e+05
4.0224e+05
3.9325e+05
3.8435e+05
3.7554e+05
3.6682e+05
3.582e+05
3.4967e+05
3.4125e+05
3.3294e+05
3.2473e+05
3.1663e+05
3.0864e+05
3.0077e+05
2.9301e+05
2.8537e+05
2.7785e+05
2.7046e+05
2.6319e+05
2.5605e+05
2.4903e+05
2.4214e+05
2.3538e+05
2.2876e+05
2.2226e+05
2.159e+05
2.0967e+05
2.0358e+05
1.9762e+05
1.918e+05
1.8611e+05
1.8056e+05
1.7515e+05
1.6987e+05
1.6473e+05
1.5972e+05
1.5485e+05
1.5012e+05
1.4552e+05
1.4106e+05
1.3673e+05
1.3253e+05
1.2847e+05
1.2453e+05
1.2073e+05
1.1706e+05
1.1351e+05
1.1009e+05
1.068e+05
1.0363e+05
1.0059e+05
97665
94861
92175
89605
87150
84808
82577
80455
78440
76529
74722
73015
71407
69896
68478
67153
65917
64769
63705
62725
61824
61002
60255
59581
58977
58442
57973
57567
57222
56935
56704
56527
56402
56325
56294
56308
56363
56457
56588
56755
56953
57182
57439
57721
58027
58355
58702
59067
59446
59840
60244
60658
61080
61507
61939
62373
62807
63241
63672
64099
64520
64934
65340
65735
66120
66493
66851
67195
67524
67835
68129
68403
68658
68893
69106
69298
69466
69611
69733
69829
69901
69948
69968
69963
69931
69873
69787
69675
69536
69369
69175
68954
68706
68430
68128
67799
67444
67062
66654
66221
65762
65279
64771
64238
63683
