2.3984e+05
2.4363e+05
2.4744e+05
2.5125e+05
2.5507e+05
2.589e+05
2.6272e+05
2.6655e+05
2.7038e+05
2.7421e+05
2.7803e+05
2.8184e+05
2.8565e+05
2.8944e+05
2.9323e+05
2.97e+05
3.0076e+05
3.0449e+05
3.0821e+05
3.1192e+05
3.1559e+05
3.1925e+05
3.2288e+05
3.2648e+05
3.3006e+05
3.3361e+05
3.3712e+05
3.4061e+05
3.4406e+05
3.4747e+05
3.5085e+05
3.5419e+05
3.5749e+05
3.6075e+05
3.6396e+05
3.6714e+05
3.7027e+05
3.7335e+05
3.7639e+05
3.7938e+05
3.8232e+05
3.8521e+05
3.8805e+05
3.9084e+05
3.9357e+05
3.9625e+05
3.9887e+05
4.0144e+05
4.0394e+05
4.064e+05
4.0879e+05
4.1112e+05
4.1339e+05
4.156e+05
4.1775e+05
4.1983e+05
4.2185e+05
4.238e+05
4.2569e+05
4.2752e+05
4.2927e+05
4.3096e+05
4.3258e+05
4.3414e+05
4.3562e+05
4.3704e+05
4.3838e+05
4.3966e+05
4.4086e+05
4.42e+05
4.4306e+05
4.4405e+05
4.4497e+05
4.4582e+05
4.4659e+05
4.4729e+05
4.4792e+05
4.4848e+05
4.4896e+05
4.4937e+05
4.4971e+05
4.4998e+05
4.5017e+05
4.5029e+05
4.5033e+05
4.5031e+05
4.5021e+05
4.5004e+05
4.4979e+05
4.4948e+05
4.4909e+05
4.4864e+05
4.4811e+05
4.4751e+05
4.4684e+05
4.4611e+05
4.453e+05
4.4443e+05
4.4348e+05
4.4247e+05
4.414e+05
4.4026e+05
4.3905e+05
4.3778e+05
4.3645e+05
4.3505e+05
4.3359e+05
4.3207e+05
4.3049e+05
4.2885e+05
4.2716e+05
4.254e+05
4.2359e+05
4.2173e+05
4.1981e+05
4.1783e+05
4.1581e+05
4.1374e+05
4.1161e+05
4.0944e+05
4.0722e+05
4.0496e+05
4.0265e+05
4.003e+05
3.9791e+05
3.9547e+05
3.93e+05
3.9049e+05
3.8795e+05
3.8537e+05
3.8275e+05
3.8011e+05
3.7744e+05
3.7473e+05
3.72e+05
3.6925e+05
3.6647e+05
3.6367e+05
3.6085e+05
3.58e+05
3.5515e+05
3.5227e+05
3.4938e+05
3.4648e+05
3.4356e+05
3.4064e+05
3.3771e+05
3.3477e+05
3.3183e+05
3.2888e+05
3.2593e+05
3.2298e+05
3.2003e+05
3.1709e+05
3.1415e+05
3.1121e+05
3.0828e+05
3.0536e+05
3.0245e+05
2.9955e+05
2.9667e+05
2.938e+05
2.9094e+05
2.881e+05
2.8528e+05
2.8248e+05
2.797e+05
2.7694e+05
2.742e+05
2.7149e+05
2.6881e+05
2.6615e+05
2.6351e+05
2.6091e+05
2.5833e+05
2.5579e+05
2.5327e+05
2.5079e+05
2.4834e+05
2.4593e+05
2.4355e+05
2.412e+05
2.3889e+05
2.3661e+05
2.3437e+05
2.3217e+05
2.3001e+05
2.2788e+05
2.2579e+05
2.2374e+05
2.2173e+05
2.1975e+05
2.1782e+05
2.1593e+05
2.1407e+05
2.1225e+05
2.1047e+05
2.0873e+05
2.0703e+05
2.0537e+05
2.0375e+05
2.0216e+05
2.0061e+05
1.991e+05
1.9762e+05
1.9618e+05
1.9478e+05
1.9341e+05
1.9207e+05
1.9077e+05
1.895e+05
1.8826e+05
1.8706e+05
1.8588e+05
1.8474e+05
1.8362e+05
1.8253e+05
1.8147e+05
1.8043e+05
1.7942e+05
1.7843e+05
1.7746e+05
1.7651e+05
1.7558e+05
1.7468e+05
1.7378e+05
1.7291e+05
1.7205e+05
1.712e+05
1.7037e+05
1.6955e+05
1.6873e+05
1.6793e+05
1.6713e+05
1.6634e+05
1.6555e+05
1.6476e+05
1.6398e+05
1.6319e+05
1.6241e+05
1.6162e+05
1.6083e+05
1.6003e+05
1.5922e+05
1.5841e+05
1.5759e+05
1.5675e+05
1.5591e+05
1.5505e+05
1.5417e+05
1.5329e+05
1.5238e+05
1.5146e+05
1.5051e+05
1.4955e+05
1.4856e+05
1.4756e+05
1.4652e+05
1.4547e+05
1.4439e+05
1.4328e+05
1.4215e+05
1.4099e+05
1.398e+05
1.3858e+05
1.3733e+05
1.3605e+05
1.3474e+05
1.334e+05
1.3202e+05
1.3062e+05
1.2918e+05
1.2771e+05
1.2621e+05
1.2467e+05
1.2311e+05
1.215e+05
1.1987e+05
1.182e+05
1.165e+05
1.1477e+05
1.1301e+05
1.1122e+05
1.0939e+05
1.0754e+05
1.0565e+05
1.0374e+05
1.018e+05
99828
97834
95813
93769
91701
89612
87502
85373
83225
81062
78883
76691
74488
72275
70053
67826
65594
63360
61125
58893
56664
54441
52227
50024
47833
45658
43501
41365
39251
37163
35102
33073
31076
29116
27195
25315
23479
21691
19952
18267
16636
15064
13554
12107
10728
9418.2
8181.3
7020
5937.1
4935.5
4018
3187.4
2446.5
1798
1244.8
789.38
434.58
183.02
37.297
0
73.657
260.76
563.74
985
1526.9
2191.7
2981.6
3898.8
4945.5
6123.6
7435.2
8882
10466
12189
14053
16059
18208
20503
22945
25534
28272
31161
34201
37392
40737
44235
47888
51695
55657
59775
64049
68478
73064
77805
82702
87754
92961
98323
1.0384e+05
1.0951e+05
1.1533e+05
1.213e+05
1.2742e+05
1.3369e+05
1.4011e+05
1.4667e+05
1.5338e+05
1.6024e+05
1.6723e+05
1.7436e+05
1.8164e+05
1.8904e+05
1.9659e+05
2.0426e+05
2.1206e+05
2.1999e+05
2.2804e+05
2.3621e+05
2.4451e+05
2.5291e+05
2.6144e+05
2.7007e+05
2.788e+05
2.8765e+05
2.9659e+05
3.0563e+05
3.1476e+05
3.2398e+05
3.3329e+05
3.4268e+05
3.5215e+05
3.6169e+05
3.713e+05
3.8099e+05
3.9073e+05
4.0053e+05
4.1039e+05
4.203e+05
4.3025e+05
4.4025e+05
4.5028e+05
4.6035e+05
4.7044e+05
4.8056e+05
4.9069e+05
5.0084e+05
5.11e+05
5.2117e+05
5.3133e+05
5.415e+05
5.5165e+05
5.6179e+05
5.7191e+05
5.82e+05
5.9207e+05
6.0211e+05
6.1211e+05
6.2206e+05
6.3197e+05
6.4182e+05
6.5162e+05
6.6136e+05
6.7103e+05
6.8062e+05
6.9015e+05
6.9959e+05
7.0894e+05
7.1821e+05
7.2738e+05
7.3646e+05
7.4543e+05
7.5429e+05
7.6304e+05
7.7167e+05
7.8018e+05
7.8857e+05
7.9682e+05
8.0494e+05
8.1293e+05
8.2077e+05
8.2847e+05
8.3602e+05
8.4342e+05
8.5066e+05
8.5774e+05
8.6465e+05
8.714e+05
8.7798e+05
8.8438e+05
8.9061e+05
8.9666e+05
9.0252e+05
9.082e+05
9.1369e+05
9.1899e+05
9.2409e+05
9.29e+05
9.3371e+05
9.3822e+05
9.4252e+05
9.4662e+05
9.5052e+05
9.542e+05
9.5768e+05
9.6094e+05
9.6399e+05
9.6683e+05
9.6944e+05
9.7185e+05
9.7403e+05
9.76e+05
9.7774e+05
9.7927e+05
9.8057e+05
9.8166e+05
9.8252e+05
9.8316e+05
9.8358e+05
9.8378e+05
9.8375e+05
9.8351e+05
9.8305e+05
9.8236e+05
9.8146e+05
9.8034e+05
9.79e+05
9.7744e+05
9.7567e+05
9.7369e+05
9.7149e+05
9.6908e+05
9.6646e+05
9.6363e+05
9.606e+05
9.5737e+05
9.5393e+05
9.5029e+05
9.4645e+05
9.4242e+05
9.3819e+05
9.3378e+05
9.2917e+05
9.2438e+05
9.1941e+05
9.1426e+05
9.0893e+05
9.0343e+05
8.9775e+05
8.9191e+05
8.8591e+05
8.7974e+05
8.7341e+05
8.6693e+05
8.603e+05
8.5353e+05
8.4661e+05
8.3954e+05
8.3235e+05
8.2502e+05
8.1756e+05
8.0998e+05
8.0227e+05
7.9445e+05
7.8652e+05
7.7848e+05
7.7034e+05
7.6209e+05
7.5375e+05
7.4531e+05
7.3679e+05
7.2818e+05
7.195e+05
7.1073e+05
7.019e+05
6.93e+05
6.8404e+05
6.7502e+05
6.6594e+05
6.5682e+05
6.4765e+05
6.3844e+05
6.2919e+05
6.1991e+05
6.106e+05
6.0126e+05
5.9191e+05
5.8254e+05
5.7315e+05
5.6376e+05
5.5436e+05
5.4497e+05
5.3557e+05
5.2619e+05
5.1682e+05
5.0746e+05
4.9812e+05
4.8881e+05
4.7952e+05
4.7026e+05
4.6104e+05
4.5185e+05
4.4271e+05
4.3361e+05
4.2455e+05
4.1555e+05
4.066e+05
3.9771e+05
3.8889e+05
3.8012e+05
3.7142e+05
3.6279e+05
3.5424e+05
3.4576e+05
3.3735e+05
3.2903e+05
3.2079e+05
3.1264e+05
3.0457e+05
2.966e+05
2.8872e+05
2.8093e+05
2.7323e+05
2.6564e+05
2.5815e+05
2.5076e+05
2.4347e+05
2.3629e+05
2.2922e+05
2.2225e+05
2.154e+05
2.0866e+05
2.0203e+05
1.9551e+05
1.8911e+05
1.8282e+05
1.7665e+05
1.706e+05
1.6467e+05
1.5885e+05
1.5316e+05
1.4759e+05
1.4213e+05
1.368e+05
1.3159e+05
1.2649e+05
1.2153e+05
1.1668e+05
1.1195e+05
1.0734e+05
1.0286e+05
98494
94250
90125
86120
82234
78466
74816
71282
67864
64562
61373
58298
55335
52483
49740
47106
44580
42160
39844
37632
35521
33511
31600
29786
28067
26443
24910
23469
22116
20850
19670
18573
17558
16622
15764
14982
14275
13639
13073
12576
12144
11777
11472
11227
11041
10910
10834
10810
10836
10910
11030
11195
11401
11648
11934
12255
12611
13000
13419
13867
14342
14842
15365
15909
16473
17055
17653
18266
18891
19527
20173
20827
21488
22153
22821
23492
24163
24833
25500
26165
26824
27477
28123
28761
29388
30005
30611
31203
31781
32345
32893
33425
33939
34435
34912
35369
35806
36222
36617
36989
37338
37664
37967
38246
