6.2151e+05
6.2295e+05
6.2428e+05
6.2549e+05
6.2659e+05
6.2758e+05
6.2845e+05
6.2921e+05
6.2985e+05
6.3039e+05
6.3081e+05
6.3113e+05
6.3134e+05
6.3144e+05
6.3144e+05
6.3134e+05
6.3113e+05
6.3082e+05
6.3041e+05
6.299e+05
6.293e+05
6.286e+05
6.278e+05
6.2691e+05
6.2594e+05
6.2487e+05
6.2372e+05
6.2248e+05
6.2115e+05
6.1974e+05
6.1826e+05
6.1669e+05
6.1505e+05
6.1333e+05
6.1153e+05
6.0967e+05
6.0773e+05
6.0573e+05
6.0366e+05
6.0153e+05
5.9934e+05
5.9708e+05
5.9477e+05
5.924e+05
5.8997e+05
5.8749e+05
5.8496e+05
5.8238e+05
5.7976e+05
5.7709e+05
5.7437e+05
5.7161e+05
5.6882e+05
5.6598e+05
5.6311e+05
5.602e+05
5.5726e+05
5.5429e+05
5.5129e+05
5.4827e+05
5.4521e+05
5.4214e+05
5.3904e+05
5.3592e+05
5.3278e+05
5.2962e+05
5.2645e+05
5.2326e+05
5.2006e+05
5.1684e+05
5.1362e+05
5.1039e+05
5.0715e+05
5.039e+05
5.0066e+05
4.974e+05
4.9415e+05
4.9089e+05
4.8763e+05
4.8438e+05
4.8113e+05
4.7788e+05
4.7464e+05
4.714e+05
4.6817e+05
4.6495e+05
4.6173e+05
4.5853e+05
4.5534e+05
4.5215e+05
4.4898e+05
4.4583e+05
4.4268e+05
4.3955e+05
4.3644e+05
4.3334e+05
4.3026e+05
4.2719e+05
4.2414e+05
4.2111e+05
4.1809e+05
4.151e+05
4.1212e+05
4.0916e+05
4.0623e+05
4.0331e+05
4.0041e+05
3.9753e+05
3.9467e+05
3.9183e+05
3.8901e+05
3.8622e+05
3.8344e+05
3.8068e+05
3.7795e+05
3.7523e+05
3.7254e+05
3.6987e+05
3.6721e+05
3.6458e+05
3.6197e+05
3.5937e+05
3.568e+05
3.5424e+05
3.5171e+05
3.4919e+05
3.4669e+05
3.4421e+05
3.4175e+05
3.3931e+05
3.3688e+05
3.3447e+05
3.3208e+05
3.297e+05
3.2734e+05
3.2499e+05
3.2266e+05
3.2034e+05
3.1803e+05
3.1574e+05
3.1346e+05
3.112e+05
3.0894e+05
3.067e+05
3.0447e+05
3.0225e+05
3.0003e+05
2.9783e+05
2.9564e+05
2.9345e+05
2.9127e+05
2.891e+05
2.8693e+05
2.8478e+05
2.8262e+05
2.8047e+05
2.7833e+05
2.7619e+05
2.7406e+05
2.7192e+05
2.6979e+05
2.6767e+05
2.6554e+05
2.6342e+05
2.6129e+05
2.5917e+05
2.5705e+05
2.5492e+05
2.528e+05
2.5067e+05
2.4855e+05
2.4642e+05
2.4429e+05
2.4216e+05
2.4002e+05
2.3789e+05
2.3575e+05
2.336e+05
2.3146e+05
2.293e+05
2.2715e+05
2.2499e+05
2.2283e+05
2.2066e+05
2.1849e+05
2.1632e+05
2.1414e+05
2.1196e+05
2.0977e+05
2.0758e+05
2.0538e+05
2.0318e+05
2.0098e+05
1.9878e+05
1.9657e+05
1.9435e+05
1.9214e+05
1.8992e+05
1.877e+05
1.8547e+05
1.8325e+05
1.8102e+05
1.788e+05
1.7657e+05
1.7434e+05
1.7211e+05
1.6989e+05
1.6766e+05
1.6544e+05
1.6322e+05
1.61e+05
1.5879e+05
1.5658e+05
1.5437e+05
1.5217e+05
1.4998e+05
1.4779e+05
1.4562e+05
1.4345e+05
1.4129e+05
1.3914e+05
1.37e+05
1.3488e+05
1.3276e+05
1.3066e+05
1.2858e+05
1.2651e+05
1.2446e+05
1.2243e+05
1.2041e+05
1.1842e+05
1.1644e+05
1.1449e+05
1.1256e+05
1.1065e+05
1.0877e+05
1.0692e+05
1.0509e+05
1.0329e+05
1.0152e+05
99784
98077
96404
94765
93161
91594
90066
88576
87126
85718
84353
83032
81756
80527
79345
78212
77129
76097
75119
74193
73323
72509
71752
71054
70416
69838
69322
68870
68482
68160
67903
67715
67595
67546
67567
67659
67825
68065
68379
68769
69236
69781
70404
71107
71890
72754
73699
74728
75839
77035
78316
79682
81134
82672
84298
86012
87814
89704
91684
93754
95913
98163
1.005e+05
1.0293e+05
1.0546e+05
1.0807e+05
1.1078e+05
1.1357e+05
1.1646e+05
1.1944e+05
1.2251e+05
1.2568e+05
1.2893e+05
1.3228e+05
1.3572e+05
1.3925e+05
1.4288e+05
1.4659e+05
1.5039e+05
1.5429e+05
1.5827e+05
1.6235e+05
1.6651e+05
1.7076e+05
1.751e+05
1.7953e+05
1.8405e+05
1.8865e+05
1.9334e+05
1.9811e+05
2.0297e+05
2.0791e+05
2.1294e+05
2.1804e+05
2.2323e+05
2.285e+05
2.3385e+05
2.3928e+05
2.4478e+05
2.5036e+05
2.5602e+05
2.6175e+05
2.6755e+05
2.7343e+05
2.7937e+05
2.8538e+05
2.9147e+05
2.9762e+05
3.0383e+05
3.1011e+05
3.1645e+05
3.2285e+05
3.2931e+05
3.3583e+05
3.4241e+05
3.4904e+05
3.5572e+05
3.6246e+05
3.6924e+05
3.7608e+05
3.8296e+05
3.8988e+05
3.9685e+05
4.0386e+05
4.1091e+05
4.18e+05
4.2512e+05
4.3228e+05
4.3946e+05
4.4668e+05
4.5393e+05
4.612e+05
4.685e+05
4.7582e+05
4.8316e+05
4.9052e+05
4.979e+05
5.0528e+05
5.1269e+05
5.201e+05
5.2752e+05
5.3494e+05
5.4237e+05
5.4981e+05
5.5724e+05
5.6467e+05
5.7209e+05
5.7951e+05
5.8692e+05
5.9432e+05
6.017e+05
6.0907e+05
6.1643e+05
6.2376e+05
6.3107e+05
6.3836e+05
6.4562e+05
6.5286e+05
6.6006e+05
6.6723e+05
6.7437e+05
6.8147e+05
6.8854e+05
6.9556e+05
7.0254e+05
7.0948e+05
7.1637e+05
7.2321e+05
7.3e+05
7.3673e+05
7.4342e+05
7.5004e+05
7.5661e+05
7.6311e+05
7.6956e+05
7.7593e+05
7.8225e+05
7.8849e+05
7.9466e+05
8.0077e+05
8.0679e+05
8.1275e+05
8.1862e+05
8.2442e+05
8.3013e+05
8.3576e+05
8.4131e+05
8.4677e+05
8.5215e+05
8.5744e+05
8.6263e+05
8.6773e+05
8.7274e+05
8.7766e+05
8.8248e+05
8.872e+05
8.9182e+05
8.9634e+05
9.0075e+05
9.0507e+05
9.0928e+05
9.1338e+05
9.1738e+05
9.2127e+05
9.2505e+05
9.2872e+05
9.3228e+05
9.3573e+05
9.3906e+05
9.4228e+05
9.4539e+05
9.4837e+05
9.5125e+05
9.54e+05
9.5664e+05
9.5915e+05
9.6155e+05
9.6383e+05
9.6598e+05
9.6802e+05
9.6993e+05
9.7172e+05
9.7339e+05
9.7494e+05
9.7636e+05
9.7765e+05
9.7883e+05
9.7988e+05
9.808e+05
9.816e+05
9.8228e+05
9.8283e+05
9.8325e+05
9.8355e+05
9.8373e+05
9.8378e+05
9.837e+05
9.835e+05
9.8318e+05
9.8273e+05
9.8216e+05
9.8147e+05
9.8065e+05
9.7971e+05
9.7865e+05
9.7746e+05
9.7616e+05
9.7473e+05
9.7318e+05
9.7151e+05
9.6973e+05
9.6782e+05
9.658e+05
9.6366e+05
9.614e+05
9.5903e+05
9.5655e+05
9.5395e+05
9.5124e+05
9.4841e+05
9.4548e+05
9.4243e+05
9.3928e+05
9.3602e+05
9.3265e+05
9.2918e+05
9.256e+05
9.2192e+05
9.1813e+05
9.1425e+05
9.1026e+05
9.0618e+05
9.02e+05
8.9773e+05
8.9336e+05
8.889e+05
8.8434e+05
8.797e+05
8.7497e+05
8.7015e+05
8.6524e+05
8.6025e+05
8.5518e+05
8.5003e+05
8.4479e+05
8.3948e+05
8.341e+05
8.2863e+05
8.231e+05
8.1749e+05
8.1181e+05
8.0607e+05
8.0026e+05
7.9438e+05
7.8844e+05
7.8244e+05
7.7638e+05
7.7026e+05
7.6408e+05
7.5785e+05
7.5157e+05
7.4523e+05
7.3885e+05
7.3242e+05
7.2594e+05
7.1942e+05
7.1286e+05
7.0626e+05
6.9962e+05
6.9294e+05
6.8622e+05
6.7948e+05
6.727e+05
6.6589e+05
6.5906e+05
6.5219e+05
6.4531e+05
6.384e+05
6.3147e+05
6.2452e+05
6.1756e+05
6.1057e+05
6.0358e+05
5.9657e+05
5.8955e+05
5.8253e+05
5.755e+05
5.6846e+05
5.6142e+05
5.5437e+05
5.4733e+05
5.4029e+05
5.3325e+05
5.2621e+05
5.1919e+05
5.1217e+05
5.0516e+05
4.9816e+05
4.9117e+05
4.842e+05
4.7724e+05
4.703e+05
4.6338e+05
4.5648e+05
4.496e+05
4.4275e+05
4.3592e+05
4.2911e+05
4.2234e+05
4.1559e+05
4.0887e+05
4.0218e+05
3.9553e+05
3.8891e+05
3.8232e+05
3.7578e+05
3.6926e+05
3.6279e+05
3.5636e+05
3.4997e+05
3.4362e+05
3.3731e+05
3.3105e+05
3.2484e+05
3.1867e+05
3.1255e+05
3.0647e+05
3.0045e+05
2.9448e+05
2.8856e+05
2.8269e+05
2.7687e+05
2.7111e+05
2.654e+05
2.5974e+05
2.5415e+05
2.4861e+05
2.4312e+05
2.377e+05
2.3233e+05
2.2702e+05
2.2178e+05
2.1659e+05
2.1147e+05
2.064e+05
2.014e+05
1.9647e+05
1.9159e+05
1.8678e+05
1.8203e+05
1.7735e+05
1.7273e+05
1.6817e+05
1.6368e+05
1.5926e+05
1.549e+05
1.5061e+05
1.4638e+05
1.4222e+05
1.3812e+05
1.341e+05
1.3013e+05
1.2624e+05
1.2241e+05
1.1865e+05
1.1495e+05
1.1132e+05
1.0776e+05
1.0426e+05
1.0083e+05
97470
94172
90940
87774
84673
81637
78666
75760
72918
70141
67427
64776
62188
59664
57201
54800
52460
50182
47964
45806
43707
41667
39686
37762
35896
34086
32333
30635
28991
27403
25867
24385
22955
21577
20249
18972
17744
16566
15435
14351
13315
12324
11378
10476
9618.6
8803.5
8030.5
7298.8
6607.5
5955.8
5343.1
4768.4
4230.9
3729.9
3264.5
2834
2437.4
2074.1
1743.1
1443.7
1175.1
936.34
726.71
545.38
391.52
264.33
162.99
86.69
34.628
5.9982
0
15.837
52.715
109.85
186.45
281.73
394.94
525.28
672.01
834.37
1011.6
1202.9
1407.7
1625.1
1854.4
2095
2346.1
2607
2877
3155.4
3441.6
3734.9
