1.8912e+05
1.9242e+05
1.9574e+05
1.9907e+05
2.0242e+05
2.0577e+05
2.0913e+05
2.125e+05
2.1586e+05
2.1923e+05
2.2259e+05
2.2595e+05
2.293e+05
2.3263e+05
2.3595e+05
2.3926e+05
2.4255e+05
2.4581e+05
2.4906e+05
2.5227e+05
2.5546e+05
2.5862e+05
2.6175e+05
2.6484e+05
2.6789e+05
2.709e+05
2.7388e+05
2.7681e+05
2.7969e+05
2.8253e+05
2.8532e+05
2.8806e+05
2.9075e+05
2.9339e+05
2.9597e+05
2.9849e+05
3.0096e+05
3.0337e+05
3.0571e+05
3.08e+05
3.1023e+05
3.1239e+05
3.1448e+05
3.1652e+05
3.1848e+05
3.2038e+05
3.2222e+05
3.2398e+05
3.2568e+05
3.2731e+05
3.2888e+05
3.3037e+05
3.318e+05
3.3315e+05
3.3444e+05
3.3566e+05
3.3682e+05
3.379e+05
3.3892e+05
3.3987e+05
3.4076e+05
3.4158e+05
3.4234e+05
3.4303e+05
3.4365e+05
3.4422e+05
3.4472e+05
3.4517e+05
3.4555e+05
3.4588e+05
3.4614e+05
3.4636e+05
3.4651e+05
3.4662e+05
3.4667e+05
3.4667e+05
3.4662e+05
3.4652e+05
3.4638e+05
3.4619e+05
3.4596e+05
3.4569e+05
3.4538e+05
3.4503e+05
3.4464e+05
3.4421e+05
3.4376e+05
3.4327e+05
3.4275e+05
3.422e+05
3.4162e+05
3.4102e+05
3.404e+05
3.3975e+05
3.3908e+05
3.3839e+05
3.3769e+05
3.3697e+05
3.3623e+05
3.3549e+05
3.3473e+05
3.3396e+05
3.3318e+05
3.324e+05
3.3161e+05
3.3081e+05
3.3002e+05
3.2921e+05
3.2841e+05
3.2761e+05
3.2681e+05
3.2601e+05
3.2522e+05
3.2443e+05
3.2364e+05
3.2286e+05
3.2208e+05
3.2131e+05
3.2055e+05
3.198e+05
3.1906e+05
3.1832e+05
3.1759e+05
3.1687e+05
3.1617e+05
3.1547e+05
3.1478e+05
3.141e+05
3.1343e+05
3.1277e+05
3.1212e+05
3.1148e+05
3.1085e+05
3.1022e+05
3.096e+05
3.09e+05
3.0839e+05
3.078e+05
3.0721e+05
3.0663e+05
3.0605e+05
3.0547e+05
3.049e+05
3.0432e+05
3.0375e+05
3.0318e+05
3.0261e+05
3.0204e+05
3.0146e+05
3.0088e+05
3.003e+05
2.9971e+05
2.9911e+05
2.985e+05
2.9788e+05
2.9726e+05
2.9662e+05
2.9596e+05
2.9529e+05
2.9461e+05
2.9391e+05
2.9319e+05
2.9245e+05
2.917e+05
2.9092e+05
2.9011e+05
2.8929e+05
2.8844e+05
2.8756e+05
2.8666e+05
2.8572e+05
2.8476e+05
2.8377e+05
2.8275e+05
2.817e+05
2.8061e+05
2.7949e+05
2.7834e+05
2.7715e+05
2.7592e+05
2.7467e+05
2.7337e+05
2.7204e+05
2.7067e+05
2.6926e+05
2.6782e+05
2.6633e+05
2.6481e+05
2.6325e+05
2.6166e+05
2.6002e+05
2.5835e+05
2.5664e+05
2.5489e+05
2.531e+05
2.5128e+05
2.4942e+05
2.4753e+05
2.456e+05
2.4363e+05
2.4163e+05
2.396e+05
2.3754e+05
2.3544e+05
2.3332e+05
2.3117e+05
2.2898e+05
2.2677e+05
2.2454e+05
2.2228e+05
2.2e+05
2.1769e+05
2.1537e+05
2.1302e+05
2.1066e+05
2.0828e+05
2.0589e+05
2.0348e+05
2.0107e+05
1.9864e+05
1.9621e+05
1.9377e+05
1.9132e+05
1.8888e+05
1.8643e+05
1.8398e+05
1.8154e+05
1.7909e+05
1.7666e+05
1.7423e+05
1.7181e+05
1.694e+05
1.6701e+05
1.6463e+05
1.6227e+05
1.5992e+05
1.5759e+05
1.5529e+05
1.53e+05
1.5074e+05
1.4851e+05
1.463e+05
1.4412e+05
1.4197e+05
1.3985e+05
1.3776e+05
1.3571e+05
1.3368e+05
1.317e+05
1.2975e+05
1.2783e+05
1.2596e+05
1.2412e+05
1.2232e+05
1.2056e+05
1.1885e+05
1.1717e+05
1.1553e+05
1.1394e+05
1.1238e+05
1.1087e+05
1.094e+05
1.0797e+05
1.0658e+05
1.0523e+05
1.0392e+05
1.0265e+05
1.0143e+05
1.0024e+05
99091
97980
96907
95870
94868
93901
92967
92066
91195
90355
89542
88757
87998
87263
86551
85859
85188
84534
83896
83272
82662
82062
81472
80888
80311
79737
79165
78593
78020
77443
76862
76273
75676
75068
74449
73816
73167
72503
71820
71118
70396
69651
68883
68091
67274
66430
65560
64662
63735
62779
61794
60779
59734
58659
57553
56418
55253
54058
52834
51582
50302
48995
47662
46305
44924
43522
42098
40656
39196
37722
36234
34735
33228
31714
30197
28679
27162
25651
24147
22654
21175
19714
18275
16860
15473
14119
12800
11522
10288
9102.2
7968.7
6891.9
5876
4925.5
4044.7
3238.2
2510.3
1865.6
1308.6
844.01
476.26
209.97
49.691
0
65.438
250.53
559.75
997.57
1568.4
2276.6
3126.4
4122.1
5267.8
6567.7
8025.7
9645.7
11431
13387
15515
17820
20305
22972
25826
28869
32104
35532
39158
42983
47009
51237
55671
60311
65158
70214
75480
80956
86643
92542
98651
1.0497e+05
1.115e+05
1.1825e+05
1.252e+05
1.3236e+05
1.3972e+05
1.473e+05
1.5507e+05
1.6305e+05
1.7123e+05
1.796e+05
1.8817e+05
1.9693e+05
2.0588e+05
2.1502e+05
2.2434e+05
2.3383e+05
2.435e+05
2.5334e+05
2.6334e+05
2.7351e+05
2.8383e+05
2.943e+05
3.0491e+05
3.1567e+05
3.2655e+05
3.3757e+05
3.4871e+05
3.5996e+05
3.7133e+05
3.8279e+05
3.9436e+05
4.0601e+05
4.1774e+05
4.2955e+05
4.4142e+05
4.5336e+05
4.6534e+05
4.7737e+05
4.8944e+05
5.0154e+05
5.1365e+05
5.2578e+05
5.3791e+05
5.5004e+05
5.6216e+05
5.7425e+05
5.8632e+05
5.9835e+05
6.1033e+05
6.2226e+05
6.3412e+05
6.4592e+05
6.5763e+05
6.6925e+05
6.8078e+05
6.922e+05
7.0351e+05
7.147e+05
7.2575e+05
7.3667e+05
7.4744e+05
7.5806e+05
7.6851e+05
7.788e+05
7.889e+05
7.9882e+05
8.0855e+05
8.1808e+05
8.274e+05
8.365e+05
8.4539e+05
8.5405e+05
8.6247e+05
8.7065e+05
8.7859e+05
8.8627e+05
8.937e+05
9.0086e+05
9.0776e+05
9.1438e+05
9.2072e+05
9.2678e+05
9.3255e+05
9.3803e+05
9.4321e+05
9.481e+05
9.5268e+05
9.5696e+05
9.6092e+05
9.6458e+05
9.6792e+05
9.7095e+05
9.7366e+05
9.7605e+05
9.7812e+05
9.7987e+05
9.813e+05
9.824e+05
9.8318e+05
9.8364e+05
9.8378e+05
9.8359e+05
9.8308e+05
9.8226e+05
9.8111e+05
9.7965e+05
9.7787e+05
9.7578e+05
9.7338e+05
9.7067e+05
9.6765e+05
9.6434e+05
9.6072e+05
9.5681e+05
9.5261e+05
9.4812e+05
9.4335e+05
9.383e+05
9.3297e+05
9.2738e+05
9.2152e+05
9.1541e+05
9.0904e+05
9.0242e+05
8.9556e+05
8.8846e+05
8.8114e+05
8.7359e+05
8.6582e+05
8.5784e+05
8.4966e+05
8.4128e+05
8.3271e+05
8.2395e+05
8.1502e+05
8.0592e+05
7.9666e+05
7.8724e+05
7.7767e+05
7.6797e+05
7.5813e+05
7.4817e+05
7.3808e+05
7.2789e+05
7.176e+05
7.0721e+05
6.9673e+05
6.8617e+05
6.7555e+05
6.6485e+05
6.541e+05
6.433e+05
6.3246e+05
6.2158e+05
6.1068e+05
5.9975e+05
5.8881e+05
5.7787e+05
5.6693e+05
5.5599e+05
5.4507e+05
5.3418e+05
5.2331e+05
5.1248e+05
5.0168e+05
4.9094e+05
4.8025e+05
4.6962e+05
4.5906e+05
4.4857e+05
4.3815e+05
4.2782e+05
4.1758e+05
4.0743e+05
3.9738e+05
3.8743e+05
3.7759e+05
3.6786e+05
3.5825e+05
3.4876e+05
3.394e+05
3.3017e+05
3.2106e+05
3.121e+05
3.0327e+05
2.9459e+05
2.8605e+05
2.7766e+05
2.6942e+05
2.6133e+05
2.534e+05
2.4562e+05
2.3801e+05
2.3055e+05
2.2326e+05
2.1613e+05
2.0917e+05
2.0237e+05
1.9574e+05
1.8928e+05
1.8298e+05
1.7686e+05
1.7089e+05
1.651e+05
1.5948e+05
1.5402e+05
1.4873e+05
1.4361e+05
1.3865e+05
1.3386e+05
1.2923e+05
1.2476e+05
1.2045e+05
1.1631e+05
1.1232e+05
1.0848e+05
1.0481e+05
1.0128e+05
97905
94678
91596
88659
85863
83206
80685
78298
76042
73914
71911
70030
68269
66624
65093
63672
62358
61148
60038
59027
58110
57284
56546
55892
55320
54827
54408
54061
53783
53569
53419
53327
53291
53307
53374
53487
53644
53842
54078
54349
54652
54985
55344
55728
56133
56558
56999
57454
57921
58398
58882
59371
59864
60358
60851
61342
61828
62308
62780
63244
63696
64136
64563
64974
65370
65748
66108
66449
66770
67069
67347
67602
67833
68041
68224
68382
68515
68622
68704
68759
68787
68789
68765
68713
68635
68531
68400
68243
68059
67850
67616
67356
67071
66762
66428
66071
65691
65289
64864
64418
63951
63464
62957
62431
61887
61325
60747
60152
59541
58915
58276
57623
56957
56280
55591
