5.84e+05
5.9016e+05
5.9612e+05
6.0188e+05
6.0743e+05
6.1277e+05
6.179e+05
6.2282e+05
6.2752e+05
6.3199e+05
6.3625e+05
6.4028e+05
6.4409e+05
6.4766e+05
6.5102e+05
6.5414e+05
6.5703e+05
6.597e+05
6.6213e+05
6.6434e+05
6.6631e+05
6.6806e+05
6.6958e+05
6.7087e+05
6.7194e+05
6.7279e+05
6.7341e+05
6.7381e+05
6.74e+05
6.7397e+05
6.7373e+05
6.7328e+05
6.7262e+05
6.7176e+05
6.707e+05
6.6944e+05
6.6799e+05
6.6635e+05
6.6452e+05
6.6252e+05
6.6033e+05
6.5798e+05
6.5546e+05
6.5277e+05
6.4993e+05
6.4694e+05
6.4379e+05
6.4051e+05
6.3709e+05
6.3354e+05
6.2986e+05
6.2606e+05
6.2215e+05
6.1813e+05
6.1401e+05
6.0979e+05
6.0548e+05
6.0109e+05
5.9661e+05
5.9207e+05
5.8746e+05
5.8278e+05
5.7806e+05
5.7328e+05
5.6847e+05
5.6362e+05
5.5874e+05
5.5384e+05
5.4892e+05
5.4399e+05
5.3905e+05
5.3412e+05
5.2919e+05
5.2428e+05
5.1938e+05
5.1451e+05
5.0967e+05
5.0487e+05
5.0011e+05
4.954e+05
4.9074e+05
4.8613e+05
4.8159e+05
4.7712e+05
4.7272e+05
4.684e+05
4.6416e+05
4.6e+05
4.5594e+05
4.5197e+05
4.4811e+05
4.4434e+05
4.4069e+05
4.3714e+05
4.3371e+05
4.3039e+05
4.272e+05
4.2413e+05
4.2119e+05
4.1837e+05
4.1569e+05
4.1314e+05
4.1073e+05
4.0845e+05
4.0631e+05
4.0432e+05
4.0246e+05
4.0075e+05
3.9919e+05
3.9777e+05
3.9649e+05
3.9536e+05
3.9438e+05
3.9354e+05
3.9285e+05
3.923e+05
3.919e+05
3.9164e+05
3.9153e+05
3.9156e+05
3.9172e+05
3.9203e+05
3.9248e+05
3.9306e+05
3.9377e+05
3.9462e+05
3.956e+05
3.967e+05
3.9793e+05
3.9928e+05
4.0075e+05
4.0233e+05
4.0403e+05
4.0583e+05
4.0774e+05
4.0975e+05
4.1187e+05
4.1407e+05
4.1637e+05
4.1875e+05
4.2122e+05
4.2376e+05
4.2638e+05
4.2907e+05
4.3182e+05
4.3463e+05
4.375e+05
4.4042e+05
4.4339e+05
4.464e+05
4.4944e+05
4.5252e+05
4.5563e+05
4.5875e+05
4.619e+05
4.6506e+05
4.6822e+05
4.7139e+05
4.7456e+05
4.7772e+05
4.8086e+05
4.8399e+05
4.871e+05
4.9018e+05
4.9323e+05
4.9624e+05
4.9921e+05
5.0214e+05
5.0501e+05
5.0784e+05
5.106e+05
5.1329e+05
5.1592e+05
5.1848e+05
5.2096e+05
5.2336e+05
5.2567e+05
5.279e+05
5.3003e+05
5.3206e+05
5.34e+05
5.3583e+05
5.3756e+05
5.3917e+05
5.4068e+05
5.4206e+05
5.4333e+05
5.4447e+05
5.4549e+05
5.4638e+05
5.4715e+05
5.4778e+05
5.4827e+05
5.4863e+05
5.4886e+05
5.4894e+05
5.4888e+05
5.4868e+05
5.4833e+05
5.4784e+05
5.472e+05
5.4642e+05
5.4548e+05
5.444e+05
5.4317e+05
5.418e+05
5.4027e+05
5.3859e+05
5.3676e+05
5.3479e+05
5.3266e+05
5.3039e+05
5.2797e+05
5.254e+05
5.2269e+05
5.1984e+05
5.1684e+05
5.137e+05
5.1042e+05
5.07e+05
5.0345e+05
4.9976e+05
4.9593e+05
4.9198e+05
4.879e+05
4.8369e+05
4.7936e+05
4.7491e+05
4.7034e+05
4.6565e+05
4.6085e+05
4.5595e+05
4.5093e+05
4.4582e+05
4.406e+05
4.3529e+05
4.2989e+05
4.2439e+05
4.1881e+05
4.1315e+05
4.0742e+05
4.016e+05
3.9572e+05
3.8978e+05
3.8377e+05
3.777e+05
3.7158e+05
3.6541e+05
3.592e+05
3.5294e+05
3.4665e+05
3.4033e+05
3.3398e+05
3.2761e+05
3.2122e+05
3.1481e+05
3.084e+05
3.0198e+05
2.9557e+05
2.8916e+05
2.8275e+05
2.7637e+05
2.7e+05
2.6365e+05
2.5733e+05
2.5105e+05
2.448e+05
2.3859e+05
2.3243e+05
2.2632e+05
2.2027e+05
2.1427e+05
2.0834e+05
2.0248e+05
1.9669e+05
1.9098e+05
1.8535e+05
1.7981e+05
1.7436e+05
1.69e+05
1.6374e+05
1.5858e+05
1.5353e+05
1.4859e+05
1.4376e+05
1.3905e+05
1.3446e+05
1.3e+05
1.2566e+05
1.2146e+05
1.1739e+05
1.1346e+05
1.0968e+05
1.0604e+05
1.0254e+05
99199
96011
92979
90106
87395
84849
82469
80258
78219
76352
74661
73147
71812
70657
69684
68895
68290
67871
67639
67594
67739
68073
68598
69313
70219
71317
72606
74087
75760
77624
79680
81926
84363
86989
89805
92809
96000
99378
1.0294e+05
1.0669e+05
1.1062e+05
1.1473e+05
1.1902e+05
1.2349e+05
1.2813e+05
1.3295e+05
1.3794e+05
1.431e+05
1.4843e+05
1.5392e+05
1.5958e+05
1.654e+05
1.7138e+05
1.7751e+05
1.838e+05
1.9024e+05
1.9683e+05
2.0356e+05
2.1043e+05
2.1744e+05
2.2459e+05
2.3186e+05
2.3927e+05
2.468e+05
2.5446e+05
2.6223e+05
2.7012e+05
2.7812e+05
2.8623e+05
2.9444e+05
3.0275e+05
3.1116e+05
3.1966e+05
3.2825e+05
3.3692e+05
3.4568e+05
3.5451e+05
3.6341e+05
3.7238e+05
3.8141e+05
3.9051e+05
3.9966e+05
4.0886e+05
4.1811e+05
4.2741e+05
4.3674e+05
4.461e+05
4.555e+05
4.6492e+05
4.7437e+05
4.8383e+05
4.933e+05
5.0278e+05
5.1227e+05
5.2176e+05
5.3124e+05
5.4072e+05
5.5018e+05
5.5963e+05
5.6905e+05
5.7845e+05
5.8782e+05
5.9716e+05
6.0646e+05
6.1572e+05
6.2493e+05
6.3409e+05
6.4321e+05
6.5226e+05
6.6125e+05
6.7018e+05
6.7904e+05
6.8782e+05
6.9653e+05
7.0516e+05
7.1371e+05
7.2217e+05
7.3054e+05
7.3882e+05
7.47e+05
7.5509e+05
7.6307e+05
7.7094e+05
7.787e+05
7.8636e+05
7.9389e+05
8.0131e+05
8.0861e+05
8.1579e+05
8.2284e+05
8.2976e+05
8.3655e+05
8.4321e+05
8.4974e+05
8.5612e+05
8.6237e+05
8.6848e+05
8.7444e+05
8.8026e+05
8.8593e+05
8.9145e+05
8.9682e+05
9.0204e+05
9.071e+05
9.1201e+05
9.1677e+05
9.2137e+05
9.258e+05
9.3008e+05
9.342e+05
9.3816e+05
9.4196e+05
9.4559e+05
9.4906e+05
9.5236e+05
9.555e+05
9.5848e+05
9.6129e+05
9.6393e+05
9.6641e+05
9.6872e+05
9.7087e+05
9.7285e+05
9.7467e+05
9.7631e+05
9.778e+05
9.7912e+05
9.8027e+05
9.8126e+05
9.8208e+05
9.8275e+05
9.8325e+05
9.8358e+05
9.8376e+05
9.8378e+05
9.8363e+05
9.8333e+05
9.8287e+05
9.8226e+05
9.8148e+05
9.8056e+05
9.7948e+05
9.7825e+05
9.7687e+05
9.7534e+05
9.7366e+05
9.7183e+05
9.6986e+05
9.6775e+05
9.655e+05
9.631e+05
9.6057e+05
9.5789e+05
9.5509e+05
9.5215e+05
9.4908e+05
9.4587e+05
9.4254e+05
9.3909e+05
9.355e+05
9.318e+05
9.2797e+05
9.2403e+05
9.1997e+05
9.1579e+05
9.1151e+05
9.0711e+05
9.026e+05
8.9798e+05
8.9327e+05
8.8844e+05
8.8352e+05
8.785e+05
8.7339e+05
8.6818e+05
8.6287e+05
8.5748e+05
8.52e+05
8.4644e+05
8.4079e+05
8.3506e+05
8.2926e+05
8.2337e+05
8.1742e+05
8.1139e+05
8.0529e+05
7.9912e+05
7.9289e+05
7.866e+05
7.8024e+05
7.7383e+05
7.6735e+05
7.6083e+05
7.5425e+05
7.4763e+05
7.4095e+05
7.3423e+05
7.2747e+05
7.2066e+05
7.1382e+05
7.0694e+05
7.0003e+05
6.9308e+05
6.861e+05
6.791e+05
6.7207e+05
6.6501e+05
6.5794e+05
6.5084e+05
6.4373e+05
6.366e+05
6.2946e+05
6.223e+05
6.1514e+05
6.0797e+05
6.0079e+05
5.9361e+05
5.8643e+05
5.7925e+05
5.7207e+05
5.649e+05
5.5773e+05
5.5057e+05
5.4342e+05
5.3628e+05
5.2916e+05
5.2205e+05
5.1495e+05
5.0788e+05
5.0082e+05
4.9379e+05
4.8678e+05
4.798e+05
4.7284e+05
4.6591e+05
4.5902e+05
4.5215e+05
4.4532e+05
4.3852e+05
4.3175e+05
4.2503e+05
4.1834e+05
4.1169e+05
4.0509e+05
3.9852e+05
3.92e+05
3.8553e+05
3.791e+05
3.7272e+05
3.6638e+05
3.601e+05
3.5387e+05
3.4769e+05
3.4156e+05
3.3548e+05
3.2946e+05
3.235e+05
3.1759e+05
3.1174e+05
3.0595e+05
3.0021e+05
2.9454e+05
2.8892e+05
2.8337e+05
2.7787e+05
2.7244e+05
2.6707e+05
2.6177e+05
2.5652e+05
2.5135e+05
2.4623e+05
2.4118e+05
2.3619e+05
2.3127e+05
2.2642e+05
2.2163e+05
2.1691e+05
2.1225e+05
2.0766e+05
2.0313e+05
1.9867e+05
1.9428e+05
1.8995e+05
1.8569e+05
1.815e+05
1.7737e+05
1.7331e+05
1.6932e+05
1.6539e+05
1.6152e+05
1.5772e+05
1.5399e+05
1.5032e+05
1.4671e+05
1.4317e+05
1.3969e+05
1.3628e+05
1.3292e+05
1.2963e+05
1.2641e+05
1.2324e+05
1.2013e+05
1.1709e+05
1.141e+05
1.1118e+05
1.0831e+05
1.055e+05
1.0275e+05
1.0005e+05
97412
94828
92300
89825
87404
85036
82720
80455
78241
76077
73962
71895
69876
67903
65977
64097
62260
60468
58718
57011
55345
53720
52135
50589
49081
47611
46178
44781
43419
42092
40798
39538
38310
37113
35948
34812
33706
32629
31580
30559
29564
28595
27652
26733
25839
24968
24120
23294
22490
21707
20945
20203
19480
18776
18090
17422
16772
16138
15521
14920
14334
13762
13206
12663
12134
11619
11116
10625
10146
9679.2
9223.4
8778.4
8343.9
7919.6
7505
7100
6704.1
6317
5938.4
5568.1
5205.7
4850.9
4503.4
4163.1
3829.5
3502.5
3181.7
2867
2558.1
2254.7
1956.6
1663.6
1375.5
1091.9
812.85
537.97
267.08
0
