1.5935e+05
1.6305e+05
1.6679e+05
1.7055e+05
1.7433e+05
1.7814e+05
1.8197e+05
1.8581e+05
1.8967e+05
1.9354e+05
1.9742e+05
2.0131e+05
2.052e+05
2.0908e+05
2.1297e+05
2.1685e+05
2.2072e+05
2.2458e+05
2.2842e+05
2.3225e+05
2.3606e+05
2.3984e+05
2.4361e+05
2.4734e+05
2.5105e+05
2.5472e+05
2.5836e+05
2.6196e+05
2.6552e+05
2.6905e+05
2.7252e+05
2.7596e+05
2.7934e+05
2.8268e+05
2.8596e+05
2.8919e+05
2.9237e+05
2.9549e+05
2.9855e+05
3.0156e+05
3.045e+05
3.0738e+05
3.102e+05
3.1295e+05
3.1564e+05
3.1827e+05
3.2082e+05
3.2331e+05
3.2573e+05
3.2808e+05
3.3036e+05
3.3257e+05
3.3471e+05
3.3678e+05
3.3879e+05
3.4072e+05
3.4258e+05
3.4437e+05
3.4609e+05
3.4774e+05
3.4932e+05
3.5084e+05
3.5228e+05
3.5366e+05
3.5497e+05
3.5622e+05
3.574e+05
3.5851e+05
3.5957e+05
3.6056e+05
3.6149e+05
3.6236e+05
3.6317e+05
3.6393e+05
3.6463e+05
3.6527e+05
3.6586e+05
3.664e+05
3.6689e+05
3.6733e+05
3.6773e+05
3.6808e+05
3.6838e+05
3.6865e+05
3.6887e+05
3.6905e+05
3.692e+05
3.6931e+05
3.6939e+05
3.6943e+05
3.6945e+05
3.6943e+05
3.6939e+05
3.6933e+05
3.6924e+05
3.6912e+05
3.6899e+05
3.6884e+05
3.6867e+05
3.6848e+05
3.6829e+05
3.6807e+05
3.6785e+05
3.6761e+05
3.6737e+05
3.6712e+05
3.6686e+05
3.666e+05
3.6633e+05
3.6606e+05
3.6579e+05
3.6552e+05
3.6524e+05
3.6497e+05
3.6469e+05
3.6442e+05
3.6416e+05
3.6389e+05
3.6363e+05
3.6337e+05
3.6312e+05
3.6287e+05
3.6262e+05
3.6238e+05
3.6215e+05
3.6192e+05
3.617e+05
3.6147e+05
3.6126e+05
3.6105e+05
3.6084e+05
3.6064e+05
3.6043e+05
3.6023e+05
3.6004e+05
3.5984e+05
3.5965e+05
3.5945e+05
3.5925e+05
3.5905e+05
3.5885e+05
3.5865e+05
3.5843e+05
3.5822e+05
3.5799e+05
3.5776e+05
3.5752e+05
3.5727e+05
3.57e+05
3.5673e+05
3.5643e+05
3.5613e+05
3.558e+05
3.5546e+05
3.551e+05
3.5471e+05
3.5431e+05
3.5388e+05
3.5343e+05
3.5295e+05
3.5244e+05
3.519e+05
3.5133e+05
3.5073e+05
3.501e+05
3.4944e+05
3.4874e+05
3.48e+05
3.4722e+05
3.4641e+05
3.4555e+05
3.4466e+05
3.4372e+05
3.4274e+05
3.4172e+05
3.4065e+05
3.3954e+05
3.3838e+05
3.3717e+05
3.3592e+05
3.3462e+05
3.3327e+05
3.3187e+05
3.3042e+05
3.2893e+05
3.2738e+05
3.2578e+05
3.2414e+05
3.2244e+05
3.2069e+05
3.189e+05
3.1705e+05
3.1516e+05
3.1321e+05
3.1122e+05
3.0918e+05
3.0709e+05
3.0495e+05
3.0277e+05
3.0054e+05
2.9827e+05
2.9596e+05
2.936e+05
2.9119e+05
2.8875e+05
2.8627e+05
2.8375e+05
2.8119e+05
2.786e+05
2.7597e+05
2.7331e+05
2.7062e+05
2.679e+05
2.6514e+05
2.6236e+05
2.5956e+05
2.5673e+05
2.5388e+05
2.5101e+05
2.4812e+05
2.4521e+05
2.4228e+05
2.3935e+05
2.364e+05
2.3344e+05
2.3047e+05
2.2749e+05
2.2451e+05
2.2153e+05
2.1855e+05
2.1556e+05
2.1258e+05
2.0961e+05
2.0663e+05
2.0367e+05
2.0071e+05
1.9777e+05
1.9484e+05
1.9192e+05
1.8901e+05
1.8613e+05
1.8326e+05
1.8041e+05
1.7758e+05
1.7477e+05
1.7199e+05
1.6923e+05
1.6649e+05
1.6379e+05
1.6111e+05
1.5845e+05
1.5583e+05
1.5324e+05
1.5068e+05
1.4815e+05
1.4565e+05
1.4319e+05
1.4076e+05
1.3836e+05
1.36e+05
1.3367e+05
1.3137e+05
1.2911e+05
1.2689e+05
1.2469e+05
1.2254e+05
1.2041e+05
1.1832e+05
1.1627e+05
1.1425e+05
1.1226e+05
1.103e+05
1.0838e+05
1.0649e+05
1.0462e+05
1.0279e+05
1.0099e+05
99219
97474
95757
94066
92400
90760
89142
87548
85975
84423
82890
81376
79880
78400
76936
75487
74051
72628
71216
69815
68424
67041
65667
64300
62939
61584
60234
58888
57546
56208
54872
53539
52208
50879
49551
48226
46902
45579
44259
42941
41625
40313
39004
37699
36399
35104
33816
32536
31264
30002
28752
27514
26291
25083
23893
22722
21573
20447
19347
18274
17231
16221
15246
14308
13410
12555
11746
10985
10277
9622.3
9025.9
8490.3
8019
7615
7281.9
7022.8
6841.3
6740.9
6724.9
6796.8
6960.3
7218.9
7576
8035.4
8600.4
9274.6
10062
10965
11988
13135
14408
15811
17348
19021
20834
22790
24893
27144
29548
32107
34823
37700
40740
43945
47318
50860
54575
58463
62527
66769
71189
75790
80572
85536
90685
96017
1.0153e+05
1.0724e+05
1.1312e+05
1.192e+05
1.2545e+05
1.319e+05
1.3853e+05
1.4534e+05
1.5233e+05
1.5951e+05
1.6686e+05
1.744e+05
1.8211e+05
1.9e+05
1.9806e+05
2.063e+05
2.147e+05
2.2327e+05
2.32e+05
2.4089e+05
2.4994e+05
2.5914e+05
2.685e+05
2.78e+05
2.8764e+05
2.9742e+05
3.0733e+05
3.1738e+05
3.2755e+05
3.3784e+05
3.4824e+05
3.5875e+05
3.6937e+05
3.8009e+05
3.909e+05
4.018e+05
4.1278e+05
4.2383e+05
4.3496e+05
4.4614e+05
4.5739e+05
4.6868e+05
4.8002e+05
4.914e+05
5.028e+05
5.1423e+05
5.2568e+05
5.3713e+05
5.4858e+05
5.6003e+05
5.7147e+05
5.8289e+05
5.9428e+05
6.0564e+05
6.1695e+05
6.2821e+05
6.3942e+05
6.5056e+05
6.6164e+05
6.7263e+05
6.8353e+05
6.9435e+05
7.0506e+05
7.1566e+05
7.2615e+05
7.3651e+05
7.4675e+05
7.5685e+05
7.668e+05
7.766e+05
7.8625e+05
7.9573e+05
8.0504e+05
8.1418e+05
8.2313e+05
8.3189e+05
8.4045e+05
8.4882e+05
8.5697e+05
8.6492e+05
8.7264e+05
8.8014e+05
8.8741e+05
8.9445e+05
9.0125e+05
9.0781e+05
9.1411e+05
9.2017e+05
9.2597e+05
9.3151e+05
9.3678e+05
9.4179e+05
9.4653e+05
9.5099e+05
9.5518e+05
9.5909e+05
9.6272e+05
9.6607e+05
9.6913e+05
9.719e+05
9.7439e+05
9.7658e+05
9.7849e+05
9.801e+05
9.8142e+05
9.8245e+05
9.8318e+05
9.8363e+05
9.8378e+05
9.8364e+05
9.832e+05
9.8248e+05
9.8147e+05
9.8017e+05
9.7859e+05
9.7672e+05
9.7457e+05
9.7214e+05
9.6943e+05
9.6645e+05
9.632e+05
9.5968e+05
9.5589e+05
9.5184e+05
9.4754e+05
9.4297e+05
9.3816e+05
9.331e+05
9.278e+05
9.2226e+05
9.1649e+05
9.1048e+05
9.0426e+05
8.9782e+05
8.9116e+05
8.8429e+05
8.7722e+05
8.6996e+05
8.625e+05
8.5485e+05
8.4703e+05
8.3903e+05
8.3086e+05
8.2253e+05
8.1404e+05
8.054e+05
7.9662e+05
7.877e+05
7.7865e+05
7.6947e+05
7.6017e+05
7.5077e+05
7.4125e+05
7.3164e+05
7.2193e+05
7.1214e+05
7.0226e+05
6.9231e+05
6.823e+05
6.7222e+05
6.6209e+05
6.5191e+05
6.4169e+05
6.3143e+05
6.2114e+05
6.1083e+05
6.005e+05
5.9016e+05
5.7981e+05
5.6946e+05
5.5912e+05
5.4879e+05
5.3848e+05
5.2819e+05
5.1793e+05
5.077e+05
4.9751e+05
4.8736e+05
4.7726e+05
4.6722e+05
4.5723e+05
4.4731e+05
4.3746e+05
4.2767e+05
4.1796e+05
4.0834e+05
3.9879e+05
3.8934e+05
3.7997e+05
3.707e+05
3.6153e+05
3.5246e+05
3.435e+05
3.3464e+05
3.259e+05
3.1727e+05
3.0875e+05
3.0036e+05
2.9208e+05
2.8393e+05
2.7591e+05
2.6801e+05
2.6024e+05
2.526e+05
2.4509e+05
2.3771e+05
2.3048e+05
2.2337e+05
2.164e+05
2.0957e+05
2.0288e+05
1.9633e+05
1.8991e+05
1.8363e+05
1.775e+05
1.715e+05
1.6564e+05
1.5992e+05
1.5434e+05
1.489e+05
1.4359e+05
1.3843e+05
1.3339e+05
1.285e+05
1.2374e+05
1.1911e+05
1.1462e+05
1.1025e+05
1.0602e+05
1.0191e+05
97937
94085
90357
86752
83267
79901
76653
73519
70499
67591
64791
62099
59512
57027
54644
52358
50169
48075
46071
44157
42331
40589
38929
37350
35848
34421
33068
31786
30571
29423
28339
27316
26352
25445
24593
23793
23043
22342
21686
21075
20505
19975
19482
19025
18602
18211
17849
17516
17209
16927
16667
16429
16211
16010
15826
15656
15501
15357
15224
15101
14986
14878
14775
14677
14583
14491
14401
14311
14221
14130
14037
13941
13841
13738
13629
13515
13395
13268
13134
12992
12843
12685
12518
12343
12158
11963
11758
11544
11319
11085
10839
10583
10317
10040
9752.8
9454.8
9146.3
8827.4
8498.1
8158.5
7808.8
7449.1
7079.5
6700.2
6311.4
5913.3
5506.1
5090.1
4665.3
4232.2
3790.9
3341.8
2885
2420.8
1949.6
1471.7
987.19
496.54
0
