24678
26346
28281
30485
32955
35690
38688
41946
45460
49224
53234
57483
61965
66671
71593
76722
82049
87563
93253
99109
1.0512e+05
1.1127e+05
1.1755e+05
1.2394e+05
1.3044e+05
1.3703e+05
1.4369e+05
1.5041e+05
1.5717e+05
1.6397e+05
1.7078e+05
1.776e+05
1.844e+05
1.9118e+05
1.9791e+05
2.0459e+05
2.1119e+05
2.1771e+05
2.2413e+05
2.3044e+05
2.3662e+05
2.4266e+05
2.4854e+05
2.5427e+05
2.5981e+05
2.6516e+05
2.7032e+05
2.7526e+05
2.7999e+05
2.8448e+05
2.8873e+05
2.9274e+05
2.9649e+05
2.9997e+05
3.0319e+05
3.0614e+05
3.088e+05
3.1118e+05
3.1327e+05
3.1507e+05
3.1658e+05
3.1779e+05
3.1871e+05
3.1933e+05
3.1966e+05
3.1969e+05
3.1944e+05
3.1889e+05
3.1805e+05
3.1694e+05
3.1555e+05
3.1388e+05
3.1195e+05
3.0976e+05
3.0732e+05
3.0464e+05
3.0171e+05
2.9857e+05
2.952e+05
2.9162e+05
2.8785e+05
2.8389e+05
2.7975e+05
2.7544e+05
2.7098e+05
2.6638e+05
2.6165e+05
2.568e+05
2.5184e+05
2.4679e+05
2.4166e+05
2.3646e+05
2.3121e+05
2.2591e+05
2.2058e+05
2.1524e+05
2.0989e+05
2.0455e+05
1.9923e+05
1.9394e+05
1.8869e+05
1.835e+05
1.7838e+05
1.7333e+05
1.6838e+05
1.6352e+05
1.5876e+05
1.5413e+05
1.4962e+05
1.4525e+05
1.4102e+05
1.3695e+05
1.3303e+05
1.2927e+05
1.2569e+05
1.2229e+05
1.1906e+05
1.1602e+05
1.1317e+05
1.1052e+05
1.0806e+05
1.058e+05
1.0375e+05
1.0189e+05
1.0024e+05
98787
97540
96496
95653
95009
94563
94311
94251
94379
94691
95184
95853
96692
97697
98863
1.0018e+05
1.0165e+05
1.0326e+05
1.0501e+05
1.0689e+05
1.0889e+05
1.11e+05
1.1322e+05
1.1555e+05
1.1797e+05
1.2048e+05
1.2307e+05
1.2573e+05
1.2845e+05
1.3124e+05
1.3407e+05
1.3695e+05
1.3987e+05
1.4282e+05
1.4579e+05
1.4878e+05
1.5178e+05
1.5478e+05
1.5777e+05
1.6076e+05
1.6373e+05
1.6668e+05
1.6961e+05
1.725e+05
1.7535e+05
1.7816e+05
1.8091e+05
1.8362e+05
1.8627e+05
1.8885e+05
1.9137e+05
1.9382e+05
1.9619e+05
1.9848e+05
2.0069e+05
2.0282e+05
2.0485e+05
2.068e+05
2.0865e+05
2.104e+05
2.1205e+05
2.1359e+05
2.1504e+05
2.1637e+05
2.176e+05
2.1872e+05
2.1973e+05
2.2062e+05
2.214e+05
2.2206e+05
2.226e+05
2.2303e+05
2.2334e+05
2.2353e+05
2.236e+05
2.2356e+05
2.2339e+05
2.231e+05
2.227e+05
2.2217e+05
2.2153e+05
2.2077e+05
2.1989e+05
2.189e+05
2.1779e+05
2.1656e+05
2.1523e+05
2.1378e+05
2.1222e+05
2.1056e+05
2.0879e+05
2.0691e+05
2.0494e+05
2.0286e+05
2.0069e+05
1.9842e+05
1.9607e+05
1.9362e+05
1.9109e+05
1.8848e+05
1.858e+05
1.8303e+05
1.802e+05
1.773e+05
1.7433e+05
1.7131e+05
1.6823e+05
1.6511e+05
1.6193e+05
1.5872e+05
1.5546e+05
1.5218e+05
1.4886e+05
1.4553e+05
1.4217e+05
1.388e+05
1.3542e+05
1.3204e+05
1.2866e+05
1.2528e+05
1.2191e+05
1.1855e+05
1.1522e+05
1.119e+05
1.0861e+05
1.0536e+05
1.0214e+05
98956
95817
92725
89683
86693
83760
80885
78072
75323
72639
70024
67478
65003
62600
60270
58013
55831
53723
51690
49730
47844
46030
44288
42616
41014
39479
38009
36604
35260
33975
32747
31574
30452
29380
28355
27373
26433
25530
24664
23829
23025
22248
21496
20767
20057
19365
18688
18025
17375
16734
16102
15478
14861
14249
13643
13041
12444
11852
11265
10683
10108
9540
8980.2
8429.9
7890.7
7364.3
6852.5
6357.1
5880.4
5424.5
4991.8
4584.5
4205.1
3856.1
3539.9
3259.1
3015.9
2812.9
2652.4
2536.5
2467.4
2446.9
2477
2559.3
2695
2885.6
3131.8
3434.4
3793.8
4210.2
4683.4
5212.8
5797.8
6437.2
7129.5
7872.9
8665.4
9504.3
10387
11310
12270
13263
14286
15333
16400
17482
18574
19671
20766
21855
22930
23988
25020
26021
26986
27907
28779
29597
30353
31043
31661
32203
32663
33037
33321
33512
33605
33600
33492
33282
32967
32548
32025
31399
30672
29846
28924
27911
26811
25629
24373
23050
21666
20232
18757
17250
15724
14189
12659
11147
9666.1
8231.7
6858.7
5562.7
4360.1
3267.4
2301.8
1480.7
821.87
343.33
63.269
0
171.91
597.37
1294.7
2282
3577.3
5198.2
7162.1
9485.8
12186
15278
18777
22698
27054
31859
37124
42860
49077
55785
62991
70701
78921
87655
96905
1.0667e+05
1.1696e+05
1.2776e+05
1.3908e+05
1.5091e+05
1.6324e+05
1.7607e+05
1.8938e+05
2.0317e+05
2.1743e+05
2.3214e+05
2.4729e+05
2.6286e+05
2.7884e+05
2.952e+05
3.1192e+05
3.2899e+05
3.4638e+05
3.6407e+05
3.8203e+05
4.0024e+05
4.1866e+05
4.3728e+05
4.5605e+05
4.7496e+05
4.9396e+05
5.1304e+05
5.3215e+05
5.5127e+05
5.7036e+05
5.8939e+05
6.0832e+05
6.2713e+05
6.4577e+05
6.6421e+05
6.8243e+05
7.0038e+05
7.1804e+05
7.3536e+05
7.5233e+05
7.689e+05
7.8505e+05
8.0074e+05
8.1595e+05
8.3065e+05
8.4481e+05
8.584e+05
8.714e+05
8.8378e+05
8.9552e+05
9.0661e+05
9.1701e+05
9.2671e+05
9.3569e+05
9.4395e+05
9.5145e+05
9.5819e+05
9.6416e+05
9.6935e+05
9.7376e+05
9.7736e+05
9.8017e+05
9.8218e+05
9.8338e+05
9.8378e+05
9.8338e+05
9.8218e+05
9.8019e+05
9.7742e+05
9.7387e+05
9.6956e+05
9.645e+05
9.5869e+05
9.5216e+05
9.4493e+05
9.37e+05
9.284e+05
9.1914e+05
9.0926e+05
8.9876e+05
8.8768e+05
8.7603e+05
8.6385e+05
8.5115e+05
8.3797e+05
8.2433e+05
8.1026e+05
7.9579e+05
7.8094e+05
7.6575e+05
7.5024e+05
7.3444e+05
7.1839e+05
7.021e+05
6.8562e+05
6.6897e+05
6.5218e+05
6.3527e+05
6.1828e+05
6.0124e+05
5.8417e+05
5.671e+05
5.5005e+05
5.3305e+05
5.1614e+05
4.9932e+05
4.8263e+05
4.6608e+05
4.4971e+05
4.3352e+05
4.1755e+05
4.018e+05
3.8631e+05
3.7107e+05
3.5612e+05
3.4147e+05
3.2713e+05
3.1311e+05
2.9942e+05
2.8608e+05
2.7309e+05
2.6047e+05
2.4822e+05
2.3635e+05
2.2486e+05
2.1375e+05
2.0304e+05
1.9272e+05
1.8279e+05
1.7326e+05
1.6412e+05
1.5538e+05
1.4702e+05
1.3906e+05
1.3147e+05
1.2427e+05
1.1744e+05
1.1097e+05
1.0487e+05
99121
93718
88651
83914
79495
75387
71578
68060
64820
61848
59134
56666
54433
52424
50628
49032
47627
46400
45340
44438
43680
43058
42561
42177
41898
41714
41614
41591
41635
41737
41890
42085
42316
42575
42855
43151
43456
43764
44071
44371
44661
44936
45193
45427
45637
45820
45973
46094
46181
46235
46252
46233
46177
46084
45954
45786
45583
45343
45068
44760
44418
44045
43642
43210
42752
42268
41761
41232
40685
40119
39538
38944
38339
37724
37101
36473
35842
35210
34578
33948
33322
32702
32089
31485
30891
30309
29741
29186
28647
28124
27618
27131
26662
26213
25784
25375
24987
24620
24274
23950
23646
23363
23102
22861
22640
22438
22256
22093
21947
21819
21708
21612
21531
21464
21410
21368
21338
21317
21306
21303
21306
21316
21330
21348
21369
21391
21414
21437
21458
21476
21492
21502
21508
21508
21500
21485
21462
21429
21387
21334
21271
21195
21108
21009
20897
20772
20635
20483
20319
20140
19949
19743
19525
19293
19048
18790
18520
18237
17943
17638
17321
16994
16658
16312
15957
15595
