1.5565e+05
1.6059e+05
1.6555e+05
1.7054e+05
1.7554e+05
1.8055e+05
1.8555e+05
1.9056e+05
1.9555e+05
2.0052e+05
2.0547e+05
2.1038e+05
2.1526e+05
2.201e+05
2.2489e+05
2.2962e+05
2.3429e+05
2.3889e+05
2.4343e+05
2.4789e+05
2.5226e+05
2.5656e+05
2.6076e+05
2.6486e+05
2.6887e+05
2.7277e+05
2.7657e+05
2.8026e+05
2.8383e+05
2.8729e+05
2.9063e+05
2.9385e+05
2.9695e+05
2.9992e+05
3.0276e+05
3.0548e+05
3.0806e+05
3.1052e+05
3.1284e+05
3.1503e+05
3.171e+05
3.1903e+05
3.2082e+05
3.2249e+05
3.2403e+05
3.2544e+05
3.2672e+05
3.2788e+05
3.2892e+05
3.2983e+05
3.3062e+05
3.313e+05
3.3186e+05
3.3231e+05
3.3265e+05
3.3289e+05
3.3303e+05
3.3307e+05
3.3301e+05
3.3287e+05
3.3264e+05
3.3233e+05
3.3194e+05
3.3147e+05
3.3094e+05
3.3035e+05
3.2969e+05
3.2898e+05
3.2822e+05
3.2742e+05
3.2658e+05
3.257e+05
3.2479e+05
3.2386e+05
3.2291e+05
3.2194e+05
3.2096e+05
3.1998e+05
3.1899e+05
3.1801e+05
3.1704e+05
3.1609e+05
3.1515e+05
3.1423e+05
3.1335e+05
3.1249e+05
3.1167e+05
3.1089e+05
3.1015e+05
3.0946e+05
3.0881e+05
3.0823e+05
3.077e+05
3.0723e+05
3.0682e+05
3.0648e+05
3.0621e+05
3.06e+05
3.0587e+05
3.0582e+05
3.0584e+05
3.0594e+05
3.0612e+05
3.0638e+05
3.0672e+05
3.0714e+05
3.0764e+05
3.0823e+05
3.089e+05
3.0965e+05
3.1049e+05
3.114e+05
3.124e+05
3.1347e+05
3.1463e+05
3.1586e+05
3.1717e+05
3.1855e+05
3.2e+05
3.2153e+05
3.2312e+05
3.2477e+05
3.2649e+05
3.2826e+05
3.301e+05
3.3198e+05
3.3392e+05
3.359e+05
3.3793e+05
3.4e+05
3.421e+05
3.4424e+05
3.464e+05
3.4859e+05
3.5079e+05
3.5302e+05
3.5525e+05
3.5749e+05
3.5974e+05
3.6199e+05
3.6423e+05
3.6646e+05
3.6867e+05
3.7087e+05
3.7305e+05
3.752e+05
3.7731e+05
3.7939e+05
3.8144e+05
3.8343e+05
3.8539e+05
3.8728e+05
3.8913e+05
3.9091e+05
3.9263e+05
3.9428e+05
3.9586e+05
3.9737e+05
3.988e+05
4.0015e+05
4.0142e+05
4.026e+05
4.0369e+05
4.0468e+05
4.0559e+05
4.0639e+05
4.071e+05
4.0771e+05
4.0821e+05
4.0861e+05
4.089e+05
4.0909e+05
4.0916e+05
4.0913e+05
4.0899e+05
4.0873e+05
4.0836e+05
4.0789e+05
4.073e+05
4.0659e+05
4.0578e+05
4.0485e+05
4.0382e+05
4.0267e+05
4.0142e+05
4.0006e+05
3.9859e+05
3.9701e+05
3.9533e+05
3.9355e+05
3.9167e+05
3.8969e+05
3.8762e+05
3.8545e+05
3.8319e+05
3.8084e+05
3.7841e+05
3.7589e+05
3.7329e+05
3.7062e+05
3.6786e+05
3.6504e+05
3.6215e+05
3.592e+05
3.5618e+05
3.531e+05
3.4997e+05
3.4679e+05
3.4356e+05
3.4029e+05
3.3697e+05
3.3362e+05
3.3024e+05
3.2682e+05
3.2338e+05
3.1992e+05
3.1643e+05
3.1294e+05
3.0943e+05
3.0591e+05
3.0238e+05
2.9886e+05
2.9534e+05
2.9182e+05
2.8831e+05
2.8481e+05
2.8133e+05
2.7786e+05
2.7442e+05
2.71e+05
2.676e+05
2.6423e+05
2.6089e+05
2.5759e+05
2.5432e+05
2.5109e+05
2.479e+05
2.4475e+05
2.4165e+05
2.3859e+05
2.3557e+05
2.3261e+05
2.2969e+05
2.2683e+05
2.2401e+05
2.2125e+05
2.1854e+05
2.1588e+05
2.1328e+05
2.1073e+05
2.0824e+05
2.058e+05
2.0341e+05
2.0108e+05
1.988e+05
1.9657e+05
1.944e+05
1.9228e+05
1.902e+05
1.8818e+05
1.8621e+05
1.8428e+05
1.824e+05
1.8057e+05
1.7878e+05
1.7703e+05
1.7531e+05
1.7364e+05
1.7201e+05
1.704e+05
1.6883e+05
1.6729e+05
1.6578e+05
1.6429e+05
1.6283e+05
1.6139e+05
1.5997e+05
1.5856e+05
1.5717e+05
1.5579e+05
1.5442e+05
1.5306e+05
1.517e+05
1.5035e+05
1.49e+05
1.4764e+05
1.4628e+05
1.4491e+05
1.4354e+05
1.4215e+05
1.4075e+05
1.3934e+05
1.3791e+05
1.3646e+05
1.3499e+05
1.335e+05
1.3198e+05
1.3044e+05
1.2887e+05
1.2727e+05
1.2564e+05
1.2398e+05
1.2229e+05
1.2056e+05
1.188e+05
1.1701e+05
1.1518e+05
1.1331e+05
1.1141e+05
1.0948e+05
1.075e+05
1.0549e+05
1.0345e+05
1.0137e+05
99252
97102
94919
92704
90457
88180
85875
83542
81184
78803
76400
73978
71539
69085
66619
64144
61663
59178
56692
54210
51733
49266
46812
44375
41958
39566
37202
34870
32575
30321
28111
25951
23844
21796
19810
17891
16044
14273
12583
10979
9464.8
8045.4
6725.4
5509.6
4402.4
3408.5
2532.4
1778.7
1151.8
656.17
296.13
75.993
0
72.298
296.96
677.96
1219.2
1924.4
2797.3
3841.5
5060.3
6457.1
8035.1
9797.4
11747
13886
16218
18745
21469
24392
27517
30845
34378
38117
42063
46218
50583
55158
59943
64939
70146
75565
81194
87033
93081
99338
1.058e+05
1.1247e+05
1.1935e+05
1.2643e+05
1.3371e+05
1.4119e+05
1.4886e+05
1.5673e+05
1.6479e+05
1.7304e+05
1.8148e+05
1.9009e+05
1.9889e+05
2.0786e+05
2.17e+05
2.2631e+05
2.3578e+05
2.4541e+05
2.5519e+05
2.6512e+05
2.752e+05
2.8541e+05
2.9576e+05
3.0624e+05
3.1684e+05
3.2756e+05
3.3839e+05
3.4932e+05
3.6036e+05
3.7149e+05
3.827e+05
3.94e+05
4.0537e+05
4.168e+05
4.283e+05
4.3985e+05
4.5145e+05
4.6309e+05
4.7476e+05
4.8646e+05
4.9817e+05
5.099e+05
5.2163e+05
5.3336e+05
5.4508e+05
5.5678e+05
5.6846e+05
5.8011e+05
5.9171e+05
6.0327e+05
6.1477e+05
6.2622e+05
6.3759e+05
6.4889e+05
6.601e+05
6.7122e+05
6.8225e+05
6.9317e+05
7.0398e+05
7.1467e+05
7.2524e+05
7.3567e+05
7.4597e+05
7.5612e+05
7.6611e+05
7.7595e+05
7.8562e+05
7.9512e+05
8.0445e+05
8.1359e+05
8.2254e+05
8.313e+05
8.3986e+05
8.4821e+05
8.5636e+05
8.6428e+05
8.7199e+05
8.7947e+05
8.8672e+05
8.9373e+05
9.0051e+05
9.0705e+05
9.1333e+05
9.1937e+05
9.2515e+05
9.3068e+05
9.3595e+05
9.4095e+05
9.4568e+05
9.5015e+05
9.5435e+05
9.5827e+05
9.6192e+05
9.6529e+05
9.6838e+05
9.7119e+05
9.7372e+05
9.7597e+05
9.7794e+05
9.7962e+05
9.8102e+05
9.8213e+05
9.8297e+05
9.8351e+05
9.8378e+05
9.8376e+05
9.8346e+05
9.8288e+05
9.8202e+05
9.8088e+05
9.7946e+05
9.7777e+05
9.7581e+05
9.7358e+05
9.7108e+05
9.6831e+05
9.6528e+05
9.6199e+05
9.5844e+05
9.5464e+05
9.5059e+05
9.4629e+05
9.4175e+05
9.3697e+05
9.3195e+05
9.267e+05
9.2122e+05
9.1552e+05
9.096e+05
9.0347e+05
8.9713e+05
8.9058e+05
8.8384e+05
8.769e+05
8.6977e+05
8.6245e+05
8.5496e+05
8.4729e+05
8.3946e+05
8.3146e+05
8.2331e+05
8.15e+05
8.0655e+05
7.9796e+05
7.8923e+05
7.8038e+05
7.714e+05
7.6231e+05
7.5311e+05
7.438e+05
7.344e+05
7.249e+05
7.1532e+05
7.0565e+05
6.9592e+05
6.8611e+05
6.7624e+05
6.6631e+05
6.5634e+05
6.4632e+05
6.3626e+05
6.2616e+05
6.1604e+05
6.059e+05
5.9575e+05
5.8558e+05
5.7541e+05
5.6524e+05
5.5507e+05
5.4492e+05
5.3478e+05
5.2467e+05
5.1458e+05
5.0453e+05
4.9451e+05
4.8454e+05
4.7461e+05
4.6474e+05
4.5492e+05
4.4516e+05
4.3546e+05
4.2584e+05
4.1629e+05
4.0682e+05
3.9743e+05
3.8812e+05
3.789e+05
3.6978e+05
3.6075e+05
3.5182e+05
3.43e+05
3.3428e+05
3.2566e+05
3.1716e+05
3.0878e+05
3.0051e+05
2.9235e+05
2.8433e+05
2.7642e+05
2.6864e+05
2.6099e+05
2.5346e+05
2.4607e+05
2.3881e+05
2.3169e+05
2.247e+05
2.1784e+05
2.1113e+05
2.0455e+05
1.9811e+05
1.9181e+05
1.8566e+05
1.7964e+05
1.7376e+05
1.6803e+05
1.6244e+05
1.5699e+05
1.5168e+05
1.4651e+05
1.4148e+05
1.3659e+05
1.3184e+05
1.2723e+05
1.2276e+05
1.1843e+05
1.1423e+05
1.1017e+05
1.0624e+05
1.0244e+05
98779
95245
91841
88563
85411
82383
79477
76691
74024
71473
69037
66713
64499
62393
60394
58498
56703
55008
53409
51905
50493
49170
47934
46783
45715
44725
43813
42976
42210
41514
40886
40321
39819
39376
38990
38659
38380
38150
37967
37829
37733
37678
37659
37676
37726
37807
37916
38051
38211
38392
38594
38813
39048
39298
39559
39830
40110
40397
40688
40983
41279
41576
41871
42163
42450
42732
43007
43274
43531
43777
44012
44234
44442
44636
44813
44975
45119
45246
45353
45442
45510
45559
45586
45592
45577
45539
45480
45398
45293
45165
45015
44841
44644
44425
44182
43917
43629
43318
42985
42630
42253
41854
41435
40995
40534
40053
39553
39033
38495
37940
37366
36776
36169
