29881
32153
34700
37520
40610
43967
47587
51466
55597
59975
64592
69441
74513
79799
85288
90972
96838
1.0287e+05
1.0907e+05
1.1541e+05
1.2189e+05
1.2848e+05
1.3518e+05
1.4198e+05
1.4885e+05
1.5578e+05
1.6276e+05
1.6978e+05
1.7681e+05
1.8385e+05
1.9087e+05
1.9787e+05
2.0483e+05
2.1173e+05
2.1855e+05
2.2529e+05
2.3193e+05
2.3845e+05
2.4484e+05
2.5109e+05
2.5718e+05
2.6311e+05
2.6885e+05
2.744e+05
2.7974e+05
2.8487e+05
2.8977e+05
2.9443e+05
2.9885e+05
3.0302e+05
3.0692e+05
3.1056e+05
3.1392e+05
3.17e+05
3.1979e+05
3.2229e+05
3.2449e+05
3.2639e+05
3.28e+05
3.293e+05
3.303e+05
3.3099e+05
3.3138e+05
3.3147e+05
3.3126e+05
3.3075e+05
3.2995e+05
3.2886e+05
3.2748e+05
3.2582e+05
3.2389e+05
3.2169e+05
3.1923e+05
3.1651e+05
3.1355e+05
3.1036e+05
3.0694e+05
3.033e+05
2.9945e+05
2.9541e+05
2.9118e+05
2.8678e+05
2.8221e+05
2.7749e+05
2.7264e+05
2.6765e+05
2.6256e+05
2.5736e+05
2.5207e+05
2.467e+05
2.4127e+05
2.3579e+05
2.3027e+05
2.2473e+05
2.1917e+05
2.1361e+05
2.0807e+05
2.0254e+05
1.9706e+05
1.9162e+05
1.8623e+05
1.8092e+05
1.7569e+05
1.7055e+05
1.6551e+05
1.6058e+05
1.5577e+05
1.5109e+05
1.4655e+05
1.4215e+05
1.379e+05
1.3382e+05
1.299e+05
1.2615e+05
1.2258e+05
1.1919e+05
1.1598e+05
1.1297e+05
1.1015e+05
1.0753e+05
1.0511e+05
1.0289e+05
1.0087e+05
99053
97441
96033
94827
93824
93021
92417
92009
91794
91770
91933
92279
92804
93503
94372
95406
96599
97946
99442
1.0108e+05
1.0285e+05
1.0476e+05
1.0678e+05
1.0893e+05
1.1118e+05
1.1354e+05
1.1599e+05
1.1854e+05
1.2117e+05
1.2387e+05
1.2665e+05
1.2948e+05
1.3238e+05
1.3532e+05
1.383e+05
1.4132e+05
1.4437e+05
1.4744e+05
1.5053e+05
1.5362e+05
1.5672e+05
1.5982e+05
1.6291e+05
1.6599e+05
1.6904e+05
1.7207e+05
1.7506e+05
1.7802e+05
1.8094e+05
1.8381e+05
1.8663e+05
1.894e+05
1.921e+05
1.9473e+05
1.973e+05
1.9979e+05
2.022e+05
2.0453e+05
2.0678e+05
2.0893e+05
2.11e+05
2.1296e+05
2.1483e+05
2.166e+05
2.1826e+05
2.1981e+05
2.2125e+05
2.2258e+05
2.238e+05
2.2489e+05
2.2587e+05
2.2673e+05
2.2747e+05
2.2809e+05
2.2858e+05
2.2894e+05
2.2918e+05
2.2929e+05
2.2927e+05
2.2912e+05
2.2885e+05
2.2845e+05
2.2792e+05
2.2726e+05
2.2647e+05
2.2556e+05
2.2452e+05
2.2336e+05
2.2207e+05
2.2067e+05
2.1914e+05
2.175e+05
2.1574e+05
2.1387e+05
2.1188e+05
2.0979e+05
2.0759e+05
2.053e+05
2.029e+05
2.0041e+05
1.9782e+05
1.9515e+05
1.924e+05
1.8957e+05
1.8666e+05
1.8368e+05
1.8063e+05
1.7753e+05
1.7436e+05
1.7115e+05
1.6789e+05
1.6459e+05
1.6125e+05
1.5788e+05
1.5448e+05
1.5106e+05
1.4763e+05
1.4419e+05
1.4074e+05
1.3729e+05
1.3385e+05
1.3041e+05
1.2699e+05
1.236e+05
1.2022e+05
1.1687e+05
1.1356e+05
1.1028e+05
1.0705e+05
1.0386e+05
1.0072e+05
97628
94594
91619
88704
85853
83068
80351
77703
75125
72620
70188
67829
65544
63332
61195
59131
57140
55220
53371
51592
49880
48235
46654
45135
43676
42275
40929
39636
38393
37197
36046
34938
33868
32835
31836
30869
29930
29018
28129
27262
26415
25586
24772
23973
23187
22413
21649
20895
20151
19416
18690
17972
17265
16567
15880
15204
14542
13894
13262
12648
12054
11482
10933
10412
9919.1
9457.9
9030.9
8640.7
8290
7981.4
7717.6
7501.2
7334.7
7220.5
7160.9
7158.1
7214
7330.5
7509.2
7751.4
8058.2
8430.5
8868.7
9373.2
9943.8
10580
11282
12047
12874
13763
14709
15711
16766
17870
19020
20212
21441
22703
23992
25303
26630
27968
29311
30651
31983
33300
34595
35861
37091
38279
39417
40498
41516
42464
43335
44124
44824
45430
45937
46339
46632
46812
46876
46821
46644
46343
45918
45369
44694
43897
42977
41939
40784
39519
38146
36674
35107
33454
31722
29922
28063
26156
24212
22245
20266
18290
16331
14404
12526
10711
8978.5
7344.1
5825.8
4441.8
3210.4
2150.3
1280.2
619.18
186.1
0
79.775
444.19
1111.8
2100.8
3429.2
5114.4
7173.4
9622.6
12478
15754
19466
23626
28248
33342
38921
44992
51565
58646
66242
74357
82996
92158
1.0185e+05
1.1206e+05
1.228e+05
1.3405e+05
1.4582e+05
1.581e+05
1.7087e+05
1.8414e+05
1.9789e+05
2.121e+05
2.2677e+05
2.4188e+05
2.574e+05
2.7333e+05
2.8965e+05
3.0633e+05
3.2335e+05
3.407e+05
3.5834e+05
3.7624e+05
3.944e+05
4.1277e+05
4.3132e+05
4.5004e+05
4.6889e+05
4.8784e+05
5.0686e+05
5.2591e+05
5.4497e+05
5.6401e+05
5.8298e+05
6.0187e+05
6.2062e+05
6.3922e+05
6.5763e+05
6.7582e+05
6.9375e+05
7.1139e+05
7.2872e+05
7.4569e+05
7.6228e+05
7.7846e+05
7.942e+05
8.0948e+05
8.2425e+05
8.385e+05
8.5221e+05
8.6534e+05
8.7787e+05
8.8979e+05
9.0107e+05
9.1169e+05
9.2163e+05
9.3088e+05
9.3942e+05
9.4724e+05
9.5432e+05
9.6066e+05
9.6625e+05
9.7107e+05
9.7513e+05
9.7841e+05
9.8091e+05
9.8264e+05
9.836e+05
9.8378e+05
9.8319e+05
9.8183e+05
9.7971e+05
9.7684e+05
9.7323e+05
9.6889e+05
9.6383e+05
9.5806e+05
9.5161e+05
9.4447e+05
9.3668e+05
9.2826e+05
9.1921e+05
9.0956e+05
8.9934e+05
8.8855e+05
8.7724e+05
8.6542e+05
8.5311e+05
8.4035e+05
8.2715e+05
8.1354e+05
7.9956e+05
7.8522e+05
7.7055e+05
7.5558e+05
7.4034e+05
7.2486e+05
7.0915e+05
6.9326e+05
6.7721e+05
6.6102e+05
6.4472e+05
6.2834e+05
6.119e+05
5.9543e+05
5.7896e+05
5.625e+05
5.4609e+05
5.2974e+05
5.1348e+05
4.9733e+05
4.8132e+05
4.6545e+05
4.4976e+05
4.3425e+05
4.1895e+05
4.0388e+05
3.8905e+05
3.7447e+05
3.6016e+05
3.4614e+05
3.324e+05
3.1898e+05
3.0586e+05
2.9308e+05
2.8062e+05
2.6851e+05
2.5674e+05
2.4533e+05
2.3427e+05
2.2357e+05
2.1323e+05
2.0325e+05
1.9365e+05
1.844e+05
1.7552e+05
1.67e+05
1.5884e+05
1.5104e+05
1.436e+05
1.365e+05
1.2975e+05
1.2333e+05
1.1725e+05
1.115e+05
1.0606e+05
1.0094e+05
96116
91592
87355
83397
79707
76278
73098
70160
67451
64964
62687
60611
58726
57021
55487
54113
52891
51809
50860
50033
49319
48710
48196
47770
47422
47145
46931
46774
46664
46597
46565
46563
46584
46623
46674
46733
46796
46857
46914
46962
46999
47020
47025
47009
46972
46911
46825
46713
46573
46405
46208
45982
45727
45443
45129
44788
44419
44023
43600
43153
42682
42188
41673
41138
40585
40015
39430
38832
38222
37602
36974
36339
35700
35058
34415
33772
33131
32494
31862
31237
30620
30012
29416
28832
28262
27705
27165
26641
26134
25646
25176
24726
24295
23885
23496
23128
22781
22456
22151
21868
21606
21365
21144
20944
20763
20602
20459
20335
20228
20138
20064
20005
19960
19929
19910
19904
19907
19921
19943
19974
20011
20053
20101
20152
20206
20262
20319
20375
20431
20485
20536
20584
20627
20665
20697
20723
20741
20752
20755
20748
20733
20708
20672
20627
20570
20503
20425
20336
20235
20123
20000
19866
19721
19565
19398
19221
19034
18837
18630
18414
18190
17957
