6.0802e+05
6.149e+05
6.2158e+05
6.2803e+05
6.3427e+05
6.4029e+05
6.4608e+05
6.5164e+05
6.5697e+05
6.6207e+05
6.6693e+05
6.7155e+05
6.7593e+05
6.8007e+05
6.8397e+05
6.8762e+05
6.9103e+05
6.942e+05
6.9712e+05
6.998e+05
7.0223e+05
7.0443e+05
7.0637e+05
7.0808e+05
7.0955e+05
7.1078e+05
7.1178e+05
7.1254e+05
7.1308e+05
7.1338e+05
7.1346e+05
7.1331e+05
7.1295e+05
7.1237e+05
7.1158e+05
7.1058e+05
7.0937e+05
7.0797e+05
7.0637e+05
7.0458e+05
7.026e+05
7.0044e+05
6.981e+05
6.9559e+05
6.9291e+05
6.9008e+05
6.8708e+05
6.8394e+05
6.8065e+05
6.7722e+05
6.7366e+05
6.6998e+05
6.6617e+05
6.6225e+05
6.5822e+05
6.5409e+05
6.4986e+05
6.4554e+05
6.4114e+05
6.3666e+05
6.3211e+05
6.275e+05
6.2283e+05
6.1811e+05
6.1335e+05
6.0855e+05
6.0371e+05
5.9886e+05
5.9398e+05
5.8909e+05
5.842e+05
5.7931e+05
5.7442e+05
5.6955e+05
5.647e+05
5.5987e+05
5.5508e+05
5.5032e+05
5.4561e+05
5.4094e+05
5.3633e+05
5.3178e+05
5.2729e+05
5.2287e+05
5.1853e+05
5.1427e+05
5.101e+05
5.0602e+05
5.0203e+05
4.9814e+05
4.9435e+05
4.9068e+05
4.8711e+05
4.8366e+05
4.8033e+05
4.7712e+05
4.7403e+05
4.7108e+05
4.6826e+05
4.6557e+05
4.6302e+05
4.606e+05
4.5833e+05
4.5621e+05
4.5422e+05
4.5239e+05
4.507e+05
4.4916e+05
4.4777e+05
4.4653e+05
4.4545e+05
4.4451e+05
4.4373e+05
4.431e+05
4.4261e+05
4.4229e+05
4.4211e+05
4.4208e+05
4.422e+05
4.4246e+05
4.4287e+05
4.4343e+05
4.4413e+05
4.4497e+05
4.4594e+05
4.4705e+05
4.483e+05
4.4968e+05
4.5118e+05
4.5281e+05
4.5456e+05
4.5643e+05
4.5842e+05
4.6051e+05
4.6272e+05
4.6503e+05
4.6743e+05
4.6994e+05
4.7253e+05
4.7521e+05
4.7798e+05
4.8082e+05
4.8374e+05
4.8673e+05
4.8978e+05
4.9289e+05
4.9605e+05
4.9927e+05
5.0253e+05
5.0583e+05
5.0916e+05
5.1252e+05
5.1591e+05
5.1931e+05
5.2273e+05
5.2616e+05
5.2959e+05
5.3302e+05
5.3644e+05
5.3985e+05
5.4324e+05
5.4661e+05
5.4995e+05
5.5326e+05
5.5653e+05
5.5976e+05
5.6293e+05
5.6606e+05
5.6913e+05
5.7214e+05
5.7507e+05
5.7794e+05
5.8073e+05
5.8344e+05
5.8607e+05
5.886e+05
5.9105e+05
5.9339e+05
5.9564e+05
5.9778e+05
5.9981e+05
6.0172e+05
6.0353e+05
6.0521e+05
6.0677e+05
6.0821e+05
6.0951e+05
6.1069e+05
6.1173e+05
6.1264e+05
6.134e+05
6.1403e+05
6.1451e+05
6.1485e+05
6.1504e+05
6.1508e+05
6.1498e+05
6.1472e+05
6.1431e+05
6.1374e+05
6.1302e+05
6.1214e+05
6.1111e+05
6.0993e+05
6.0858e+05
6.0708e+05
6.0542e+05
6.036e+05
6.0163e+05
5.995e+05
5.9722e+05
5.9478e+05
5.9218e+05
5.8944e+05
5.8654e+05
5.8349e+05
5.8028e+05
5.7694e+05
5.7344e+05
5.698e+05
5.6602e+05
5.6209e+05
5.5803e+05
5.5383e+05
5.495e+05
5.4503e+05
5.4044e+05
5.3572e+05
5.3087e+05
5.2591e+05
5.2083e+05
5.1563e+05
5.1032e+05
5.049e+05
4.9938e+05
4.9375e+05
4.8803e+05
4.8221e+05
4.763e+05
4.7031e+05
4.6423e+05
4.5807e+05
4.5184e+05
4.4553e+05
4.3916e+05
4.3273e+05
4.2623e+05
4.1968e+05
4.1308e+05
4.0643e+05
3.9975e+05
3.9302e+05
3.8626e+05
3.7947e+05
3.7266e+05
3.6583e+05
3.5898e+05
3.5212e+05
3.4525e+05
3.3839e+05
3.3152e+05
3.2466e+05
3.1782e+05
3.1099e+05
3.0418e+05
2.974e+05
2.9064e+05
2.8392e+05
2.7724e+05
2.706e+05
2.6401e+05
2.5748e+05
2.5099e+05
2.4457e+05
2.3822e+05
2.3193e+05
2.2572e+05
2.1958e+05
2.1353e+05
2.0756e+05
2.0169e+05
1.9591e+05
1.9022e+05
1.8464e+05
1.7916e+05
1.7379e+05
1.6854e+05
1.634e+05
1.5839e+05
1.5349e+05
1.4873e+05
1.4409e+05
1.3959e+05
1.3523e+05
1.31e+05
1.2692e+05
1.2299e+05
1.1921e+05
1.1557e+05
1.121e+05
1.0878e+05
1.0562e+05
1.0262e+05
99783
97116
94618
92290
90136
88156
86352
84727
83281
82017
80934
80035
79321
78792
78450
78295
78328
78550
78961
79561
80350
81330
82499
83858
85407
87144
89071
91186
93488
95978
98653
1.0151e+05
1.0456e+05
1.0779e+05
1.112e+05
1.1479e+05
1.1856e+05
1.225e+05
1.2663e+05
1.3092e+05
1.3539e+05
1.4003e+05
1.4484e+05
1.4981e+05
1.5495e+05
1.6025e+05
1.6571e+05
1.7132e+05
1.7709e+05
1.8302e+05
1.8909e+05
1.953e+05
2.0166e+05
2.0817e+05
2.148e+05
2.2158e+05
2.2848e+05
2.3551e+05
2.4267e+05
2.4995e+05
2.5735e+05
2.6486e+05
2.7248e+05
2.8021e+05
2.8804e+05
2.9598e+05
3.0401e+05
3.1214e+05
3.2035e+05
3.2865e+05
3.3703e+05
3.4549e+05
3.5402e+05
3.6262e+05
3.7129e+05
3.8002e+05
3.8881e+05
3.9765e+05
4.0655e+05
4.1548e+05
4.2446e+05
4.3348e+05
4.4253e+05
4.5162e+05
4.6072e+05
4.6985e+05
4.79e+05
4.8816e+05
4.9733e+05
5.0651e+05
5.1568e+05
5.2486e+05
5.3403e+05
5.4319e+05
5.5233e+05
5.6146e+05
5.7056e+05
5.7964e+05
5.8869e+05
5.977e+05
6.0668e+05
6.1562e+05
6.2451e+05
6.3336e+05
6.4215e+05
6.5089e+05
6.5957e+05
6.6819e+05
6.7674e+05
6.8523e+05
6.9364e+05
7.0198e+05
7.1024e+05
7.1842e+05
7.2651e+05
7.3452e+05
7.4244e+05
7.5026e+05
7.5799e+05
7.6562e+05
7.7315e+05
7.8057e+05
7.8789e+05
7.951e+05
8.022e+05
8.0919e+05
8.1606e+05
8.2281e+05
8.2945e+05
8.3596e+05
8.4235e+05
8.4861e+05
8.5475e+05
8.6075e+05
8.6663e+05
8.7237e+05
8.7798e+05
8.8345e+05
8.8879e+05
8.9399e+05
8.9905e+05
9.0397e+05
9.0874e+05
9.1338e+05
9.1787e+05
9.2222e+05
9.2642e+05
9.3047e+05
9.3438e+05
9.3814e+05
9.4176e+05
9.4522e+05
9.4854e+05
9.5171e+05
9.5472e+05
9.5759e+05
9.6031e+05
9.6288e+05
9.653e+05
9.6757e+05
9.6969e+05
9.7166e+05
9.7347e+05
9.7514e+05
9.7667e+05
9.7804e+05
9.7926e+05
9.8034e+05
9.8127e+05
9.8205e+05
9.8268e+05
9.8317e+05
9.8352e+05
9.8372e+05
9.8378e+05
9.8369e+05
9.8346e+05
9.831e+05
9.8259e+05
9.8194e+05
9.8116e+05
9.8023e+05
9.7917e+05
9.7798e+05
9.7666e+05
9.752e+05
9.7361e+05
9.7189e+05
9.7004e+05
9.6806e+05
9.6596e+05
9.6373e+05
9.6138e+05
9.5891e+05
9.5631e+05
9.536e+05
9.5077e+05
9.4782e+05
9.4476e+05
9.4159e+05
9.383e+05
9.349e+05
9.314e+05
9.2779e+05
9.2407e+05
9.2025e+05
9.1632e+05
9.123e+05
9.0818e+05
9.0396e+05
8.9965e+05
8.9524e+05
8.9074e+05
8.8615e+05
8.8147e+05
8.767e+05
8.7185e+05
8.6692e+05
8.6191e+05
8.5681e+05
8.5164e+05
8.4639e+05
8.4107e+05
8.3568e+05
8.3021e+05
8.2468e+05
8.1908e+05
8.1341e+05
8.0768e+05
8.0189e+05
7.9604e+05
7.9014e+05
7.8417e+05
7.7816e+05
7.7209e+05
7.6597e+05
7.598e+05
7.5358e+05
7.4732e+05
7.4102e+05
7.3468e+05
7.2829e+05
7.2187e+05
7.1542e+05
7.0892e+05
7.024e+05
6.9585e+05
6.8927e+05
6.8266e+05
6.7603e+05
6.6937e+05
6.627e+05
6.56e+05
6.4929e+05
6.4256e+05
6.3581e+05
6.2906e+05
6.2229e+05
6.1551e+05
6.0873e+05
6.0194e+05
5.9515e+05
5.8836e+05
5.8156e+05
5.7477e+05
5.6798e+05
5.6119e+05
5.5441e+05
5.4764e+05
5.4087e+05
5.3412e+05
5.2738e+05
5.2065e+05
5.1394e+05
5.0724e+05
5.0056e+05
4.9391e+05
4.8727e+05
4.8066e+05
4.7407e+05
4.675e+05
4.6096e+05
4.5445e+05
4.4797e+05
4.4152e+05
4.351e+05
4.2871e+05
4.2236e+05
4.1604e+05
4.0975e+05
4.0351e+05
3.973e+05
3.9114e+05
3.8501e+05
3.7892e+05
3.7288e+05
3.6688e+05
3.6093e+05
3.5502e+05
3.4915e+05
3.4334e+05
3.3757e+05
3.3185e+05
3.2618e+05
3.2055e+05
3.1498e+05
3.0946e+05
3.0399e+05
2.9858e+05
2.9322e+05
2.8791e+05
2.8265e+05
2.7745e+05
2.723e+05
2.6721e+05
2.6218e+05
2.572e+05
2.5228e+05
2.4741e+05
2.426e+05
2.3785e+05
2.3316e+05
2.2852e+05
2.2394e+05
2.1942e+05
2.1496e+05
2.1055e+05
2.0621e+05
2.0192e+05
1.9769e+05
1.9352e+05
1.894e+05
1.8535e+05
1.8135e+05
1.7741e+05
1.7353e+05
1.697e+05
1.6594e+05
1.6223e+05
1.5857e+05
1.5498e+05
1.5144e+05
1.4796e+05
1.4453e+05
1.4116e+05
1.3784e+05
1.3458e+05
1.3137e+05
1.2822e+05
1.2512e+05
1.2207e+05
1.1908e+05
1.1614e+05
1.1325e+05
1.1041e+05
1.0763e+05
1.0489e+05
1.0221e+05
99574
96988
94451
91962
89520
87125
84777
82475
80218
78006
75839
73715
71633
69595
67598
65643
63728
61853
60018
58222
56464
54744
53061
51414
49803
48228
46687
45181
43708
42268
40860
39484
38140
36826
35542
34287
33062
31864
30695
29553
28437
27347
26284
25245
24231
23240
22273
21330
20408
19509
18631
17773
16937
16120
15323
14545
13785
13043
12319
11612
10922
10249
9590.6
8948.1
8320.6
7707.6
7108.9
6524
5952.4
5393.8
4847.8
4314.1
3792.1
3281.7
2782.4
2293.8
1815.6
1347.5
889.04
440
0
