24679
27910
31354
35007
38862
42916
47161
51591
56200
60981
65925
71026
76274
81661
87179
92818
98568
1.0442e+05
1.1037e+05
1.1639e+05
1.2249e+05
1.2865e+05
1.3487e+05
1.4112e+05
1.4741e+05
1.5371e+05
1.6003e+05
1.6634e+05
1.7265e+05
1.7893e+05
1.8518e+05
1.9139e+05
1.9755e+05
2.0365e+05
2.0967e+05
2.1562e+05
2.2148e+05
2.2724e+05
2.3289e+05
2.3842e+05
2.4384e+05
2.4912e+05
2.5426e+05
2.5926e+05
2.641e+05
2.6879e+05
2.7331e+05
2.7766e+05
2.8184e+05
2.8583e+05
2.8964e+05
2.9327e+05
2.9669e+05
2.9993e+05
3.0296e+05
3.0579e+05
3.0842e+05
3.1085e+05
3.1307e+05
3.1508e+05
3.1689e+05
3.1849e+05
3.1988e+05
3.2107e+05
3.2205e+05
3.2283e+05
3.2341e+05
3.2379e+05
3.2398e+05
3.2397e+05
3.2377e+05
3.2339e+05
3.2282e+05
3.2208e+05
3.2116e+05
3.2008e+05
3.1883e+05
3.1742e+05
3.1587e+05
3.1416e+05
3.1231e+05
3.1033e+05
3.0822e+05
3.0599e+05
3.0364e+05
3.0118e+05
2.9863e+05
2.9597e+05
2.9323e+05
2.904e+05
2.875e+05
2.8454e+05
2.8151e+05
2.7843e+05
2.7531e+05
2.7215e+05
2.6895e+05
2.6573e+05
2.6249e+05
2.5925e+05
2.5599e+05
2.5275e+05
2.4951e+05
2.4628e+05
2.4308e+05
2.3991e+05
2.3677e+05
2.3367e+05
2.3062e+05
2.2762e+05
2.2468e+05
2.218e+05
2.1899e+05
2.1625e+05
2.1359e+05
2.11e+05
2.0851e+05
2.061e+05
2.0378e+05
2.0156e+05
1.9944e+05
1.9741e+05
1.955e+05
1.9369e+05
1.9198e+05
1.9039e+05
1.8891e+05
1.8754e+05
1.8628e+05
1.8514e+05
1.8412e+05
1.8321e+05
1.8241e+05
1.8172e+05
1.8115e+05
1.807e+05
1.8035e+05
1.8012e+05
1.7999e+05
1.7997e+05
1.8005e+05
1.8023e+05
1.8051e+05
1.8089e+05
1.8137e+05
1.8193e+05
1.8257e+05
1.8331e+05
1.8412e+05
1.85e+05
1.8596e+05
1.8698e+05
1.8806e+05
1.892e+05
1.904e+05
1.9164e+05
1.9293e+05
1.9425e+05
1.9561e+05
1.97e+05
1.9841e+05
1.9984e+05
2.0128e+05
2.0273e+05
2.0418e+05
2.0563e+05
2.0707e+05
2.0851e+05
2.0992e+05
2.1131e+05
2.1268e+05
2.1401e+05
2.1531e+05
2.1657e+05
2.1778e+05
2.1894e+05
2.2005e+05
2.211e+05
2.2209e+05
2.2301e+05
2.2387e+05
2.2466e+05
2.2536e+05
2.26e+05
2.2655e+05
2.2702e+05
2.274e+05
2.277e+05
2.2791e+05
2.2802e+05
2.2805e+05
2.2798e+05
2.2781e+05
2.2756e+05
2.272e+05
2.2675e+05
2.2621e+05
2.2557e+05
2.2483e+05
2.24e+05
2.2308e+05
2.2206e+05
2.2095e+05
2.1975e+05
2.1846e+05
2.1708e+05
2.1562e+05
2.1408e+05
2.1245e+05
2.1075e+05
2.0897e+05
2.0712e+05
2.0519e+05
2.032e+05
2.0114e+05
1.9903e+05
1.9685e+05
1.9461e+05
1.9233e+05
1.8999e+05
1.8761e+05
1.8519e+05
1.8273e+05
1.8023e+05
1.7769e+05
1.7513e+05
1.7254e+05
1.6993e+05
1.673e+05
1.6465e+05
1.6199e+05
1.5931e+05
1.5663e+05
1.5394e+05
1.5125e+05
1.4856e+05
1.4587e+05
1.4319e+05
1.4051e+05
1.3784e+05
1.3519e+05
1.3254e+05
1.2992e+05
1.273e+05
1.2471e+05
1.2213e+05
1.1958e+05
1.1704e+05
1.1453e+05
1.1205e+05
1.0958e+05
1.0714e+05
1.0473e+05
1.0235e+05
99985
97652
95346
93066
90814
88588
86390
84218
82072
79953
77860
75793
73751
71734
69742
67774
65831
63912
62016
60144
58295
56470
54667
52888
51132
49399
47690
46005
44344
42708
41096
39511
37952
36420
34916
33440
31995
30581
29198
27849
26534
25255
24012
22809
21645
20522
19442
18407
17417
16474
15580
14735
13943
13203
12517
11886
11312
10795
10337
9937.8
9598.9
9320.7
9103.6
8948.1
8854.3
8822.3
8852
8943.1
9095.1
9307.3
9579
9909.1
10296
10740
11237
11786
12386
13035
13728
14466
15243
16058
16907
17787
18695
19627
20578
21546
22526
23514
24506
25498
26484
27461
28424
29369
30292
31187
32050
32877
33663
34405
35098
35738
36321
36844
37303
37695
38016
38265
38438
38533
38548
38482
38333
38100
37783
37381
36895
36325
35673
34939
34126
33235
32270
31234
30131
28964
27738
26458
25130
23760
22354
20919
19462
17991
16514
15039
13576
12134
10722
9350.2
8028.9
6768.6
5580.2
4474.6
3463.3
2557.5
1769
1109.5
590.94
225.16
24.177
0
164.6
529.91
1107.8
1909.9
2947.9
4233
5776.6
7589.4
9682.2
12065
14748
17741
21053
24692
28667
32985
37654
42680
48069
53826
59957
66465
73354
80625
88283
96326
1.0476e+05
1.1357e+05
1.2278e+05
1.3236e+05
1.4233e+05
1.5267e+05
1.6339e+05
1.7447e+05
1.8592e+05
1.9772e+05
2.0986e+05
2.2235e+05
2.3517e+05
2.483e+05
2.6175e+05
2.7549e+05
2.8952e+05
3.0382e+05
3.1838e+05
3.3319e+05
3.4822e+05
3.6347e+05
3.7891e+05
3.9454e+05
4.1033e+05
4.2627e+05
4.4233e+05
4.585e+05
4.7476e+05
4.911e+05
5.0748e+05
5.2389e+05
5.4031e+05
5.5672e+05
5.731e+05
5.8942e+05
6.0567e+05
6.2183e+05
6.3787e+05
6.5377e+05
6.6951e+05
6.8507e+05
7.0043e+05
7.1557e+05
7.3047e+05
7.4511e+05
7.5946e+05
7.7351e+05
7.8725e+05
8.0064e+05
8.1368e+05
8.2635e+05
8.3862e+05
8.5049e+05
8.6193e+05
8.7293e+05
8.8348e+05
8.9356e+05
9.0316e+05
9.1226e+05
9.2086e+05
9.2894e+05
9.365e+05
9.4352e+05
9.5e+05
9.5593e+05
9.6129e+05
9.661e+05
9.7033e+05
9.7399e+05
9.7707e+05
9.7957e+05
9.815e+05
9.8284e+05
9.836e+05
9.8378e+05
9.8338e+05
9.8241e+05
9.8086e+05
9.7875e+05
9.7608e+05
9.7285e+05
9.6907e+05
9.6476e+05
9.5991e+05
9.5454e+05
9.4866e+05
9.4227e+05
9.3539e+05
9.2804e+05
9.2022e+05
9.1194e+05
9.0323e+05
8.9409e+05
8.8454e+05
8.746e+05
8.6427e+05
8.5358e+05
8.4254e+05
8.3117e+05
8.1948e+05
8.075e+05
7.9523e+05
7.827e+05
7.6993e+05
7.5692e+05
7.4371e+05
7.303e+05
7.1672e+05
7.0298e+05
6.891e+05
6.751e+05
6.61e+05
6.4681e+05
6.3255e+05
6.1823e+05
6.0388e+05
5.8951e+05
5.7513e+05
5.6077e+05
5.4644e+05
5.3215e+05
5.1791e+05
5.0375e+05
4.8968e+05
4.757e+05
4.6184e+05
4.481e+05
4.3451e+05
4.2106e+05
4.0777e+05
3.9465e+05
3.8172e+05
3.6898e+05
3.5644e+05
3.441e+05
3.3199e+05
3.201e+05
3.0844e+05
2.9702e+05
2.8584e+05
2.7491e+05
2.6424e+05
2.5383e+05
2.4367e+05
2.3379e+05
2.2417e+05
2.1482e+05
2.0575e+05
1.9695e+05
1.8842e+05
1.8017e+05
1.722e+05
1.6449e+05
1.5707e+05
1.4991e+05
1.4302e+05
1.364e+05
1.3005e+05
1.2396e+05
1.1813e+05
1.1255e+05
1.0723e+05
1.0216e+05
97324
92731
88372
84243
80337
76649
73174
69906
66839
63967
61283
58782
56458
54303
52313
50479
48796
47257
45856
44587
43443
42418
41505
40699
39993
39381
38858
38417
38054
37761
37535
37369
37258
37198
37184
37210
37272
37367
37489
37634
37799
37980
38174
38376
38584
38795
39006
39214
39416
39611
39795
39968
40126
40269
40395
40502
40589
40656
40700
40721
40718
40691
40640
40563
40461
40333
40180
40001
39797
39568
39314
39036
38734
38409
38061
37691
37299
36888
36456
36006
35538
35054
34553
34038
33509
32967
32413
31849
31275
30692
30103
29507
28906
28301
27692
27082
26471
25860
25250
24641
24036
23435
22838
22247
21662
21084
20514
19953
19401
18859
18328
17808
17299
16802
16317
15846
15388
14943
14512
14095
13692
13304
12929
12570
12224
11894
11577
11275
10987
10714
10454
10207
9973.9
9753.7
9546.3
9351.1
9167.9
8996.3
8835.7
8685.9
8546.2
8416.3
8295.6
8183.6
