5.3193e+05
5.3579e+05
5.3967e+05
5.4357e+05
5.475e+05
5.5147e+05
5.5549e+05
5.5956e+05
5.6368e+05
5.6787e+05
5.7212e+05
5.7644e+05
5.8084e+05
5.8532e+05
5.8988e+05
5.9452e+05
5.9926e+05
6.0408e+05
6.0899e+05
6.14e+05
6.191e+05
6.2429e+05
6.2957e+05
6.3494e+05
6.4041e+05
6.4596e+05
6.516e+05
6.5733e+05
6.6314e+05
6.6902e+05
6.7499e+05
6.8103e+05
6.8713e+05
6.933e+05
6.9953e+05
7.0582e+05
7.1216e+05
7.1854e+05
7.2496e+05
7.3142e+05
7.3791e+05
7.4442e+05
7.5095e+05
7.5749e+05
7.6403e+05
7.7058e+05
7.7712e+05
7.8365e+05
7.9015e+05
7.9664e+05
8.0309e+05
8.0951e+05
8.1588e+05
8.2221e+05
8.2847e+05
8.3468e+05
8.4082e+05
8.4689e+05
8.5288e+05
8.5879e+05
8.6461e+05
8.7033e+05
8.7596e+05
8.8148e+05
8.8689e+05
8.9219e+05
8.9737e+05
9.0243e+05
9.0736e+05
9.1216e+05
9.1683e+05
9.2136e+05
9.2575e+05
9.3e+05
9.341e+05
9.3805e+05
9.4185e+05
9.4549e+05
9.4898e+05
9.5231e+05
9.5547e+05
9.5848e+05
9.6132e+05
9.6399e+05
9.665e+05
9.6883e+05
9.71e+05
9.73e+05
9.7483e+05
9.7649e+05
9.7798e+05
9.793e+05
9.8045e+05
9.8143e+05
9.8224e+05
9.8287e+05
9.8334e+05
9.8364e+05
9.8378e+05
9.8374e+05
9.8355e+05
9.8318e+05
9.8266e+05
9.8197e+05
9.8113e+05
9.8012e+05
9.7896e+05
9.7765e+05
9.7618e+05
9.7456e+05
9.728e+05
9.7088e+05
9.6882e+05
9.6662e+05
9.6428e+05
9.618e+05
9.5919e+05
9.5644e+05
9.5357e+05
9.5056e+05
9.4743e+05
9.4418e+05
9.4081e+05
9.3732e+05
9.3371e+05
9.2999e+05
9.2616e+05
9.2223e+05
9.1819e+05
9.1405e+05
9.0981e+05
9.0547e+05
9.0105e+05
8.9653e+05
8.9192e+05
8.8722e+05
8.8245e+05
8.7759e+05
8.7266e+05
8.6765e+05
8.6257e+05
8.5742e+05
8.522e+05
8.4692e+05
8.4157e+05
8.3617e+05
8.3071e+05
8.252e+05
8.1963e+05
8.1401e+05
8.0835e+05
8.0264e+05
7.9688e+05
7.9109e+05
7.8526e+05
7.7939e+05
7.7349e+05
7.6756e+05
7.616e+05
7.5561e+05
7.496e+05
7.4356e+05
7.375e+05
7.3142e+05
7.2532e+05
7.1921e+05
7.1309e+05
7.0695e+05
7.0081e+05
6.9466e+05
6.885e+05
6.8234e+05
6.7617e+05
6.7e+05
6.6384e+05
6.5768e+05
6.5152e+05
6.4537e+05
6.3923e+05
6.331e+05
6.2698e+05
6.2087e+05
6.1478e+05
6.087e+05
6.0264e+05
5.966e+05
5.9058e+05
5.8459e+05
5.7862e+05
5.7267e+05
5.6675e+05
5.6086e+05
5.55e+05
5.4917e+05
5.4338e+05
5.3762e+05
5.319e+05
5.2621e+05
5.2056e+05
5.1496e+05
5.0939e+05
5.0387e+05
4.9839e+05
4.9296e+05
4.8758e+05
4.8225e+05
4.7697e+05
4.7173e+05
4.6656e+05
4.6143e+05
4.5636e+05
4.5135e+05
4.464e+05
4.4151e+05
4.3667e+05
4.319e+05
4.272e+05
4.2255e+05
4.1798e+05
4.1347e+05
4.0902e+05
4.0465e+05
4.0035e+05
3.9611e+05
3.9196e+05
3.8787e+05
3.8386e+05
3.7992e+05
3.7606e+05
3.7227e+05
3.6857e+05
3.6494e+05
3.6139e+05
3.5793e+05
3.5454e+05
3.5124e+05
3.4802e+05
3.4488e+05
3.4183e+05
3.3886e+05
3.3597e+05
3.3318e+05
3.3046e+05
3.2784e+05
3.253e+05
3.2285e+05
3.2049e+05
3.1821e+05
3.1602e+05
3.1393e+05
3.1191e+05
3.0999e+05
3.0816e+05
3.0642e+05
3.0476e+05
3.0319e+05
3.0171e+05
3.0032e+05
2.9902e+05
2.9781e+05
2.9668e+05
2.9564e+05
2.9469e+05
2.9383e+05
2.9305e+05
2.9235e+05
2.9174e+05
2.9122e+05
2.9078e+05
2.9042e+05
2.9015e+05
2.8996e+05
2.8985e+05
2.8981e+05
2.8986e+05
2.8999e+05
2.9019e+05
2.9047e+05
2.9083e+05
2.9126e+05
2.9177e+05
2.9235e+05
2.93e+05
2.9372e+05
2.9451e+05
2.9537e+05
2.9629e+05
2.9728e+05
2.9834e+05
2.9946e+05
3.0065e+05
3.0189e+05
3.032e+05
3.0457e+05
3.0599e+05
3.0747e+05
3.0901e+05
3.1061e+05
3.1225e+05
3.1395e+05
3.157e+05
3.175e+05
3.1935e+05
3.2125e+05
3.232e+05
3.2519e+05
3.2723e+05
3.2932e+05
3.3144e+05
3.3361e+05
3.3583e+05
3.3808e+05
3.4037e+05
3.4271e+05
3.4508e+05
3.4749e+05
3.4994e+05
3.5242e+05
3.5494e+05
3.575e+05
3.6009e+05
3.6272e+05
3.6538e+05
3.6807e+05
3.708e+05
3.7356e+05
3.7636e+05
3.7918e+05
3.8204e+05
3.8493e+05
3.8785e+05
3.9081e+05
3.9379e+05
3.9681e+05
3.9985e+05
4.0293e+05
4.0604e+05
4.0917e+05
4.1234e+05
4.1554e+05
4.1877e+05
4.2203e+05
4.2531e+05
4.2863e+05
4.3198e+05
4.3536e+05
4.3876e+05
4.422e+05
4.4566e+05
4.4915e+05
4.5268e+05
4.5623e+05
4.598e+05
4.6341e+05
4.6704e+05
4.707e+05
4.7439e+05
4.781e+05
4.8184e+05
4.856e+05
4.8939e+05
4.932e+05
4.9704e+05
5.009e+05
5.0478e+05
5.0868e+05
5.1261e+05
5.1655e+05
5.2051e+05
5.2449e+05
5.2848e+05
5.3249e+05
5.3652e+05
5.4056e+05
5.4461e+05
5.4867e+05
5.5274e+05
5.5682e+05
5.6091e+05
5.65e+05
5.691e+05
5.7319e+05
5.7729e+05
5.8139e+05
5.8549e+05
5.8958e+05
5.9366e+05
5.9774e+05
6.0181e+05
6.0587e+05
6.0991e+05
6.1394e+05
6.1796e+05
6.2196e+05
6.2593e+05
6.2989e+05
6.3382e+05
6.3772e+05
6.416e+05
6.4545e+05
6.4927e+05
6.5305e+05
6.5681e+05
6.6052e+05
6.642e+05
6.6784e+05
6.7143e+05
6.7499e+05
6.785e+05
6.8196e+05
6.8538e+05
6.8874e+05
6.9206e+05
6.9532e+05
6.9854e+05
7.0169e+05
7.048e+05
7.0784e+05
7.1083e+05
7.1376e+05
7.1662e+05
7.1943e+05
7.2218e+05
7.2486e+05
7.2748e+05
7.3004e+05
7.3253e+05
7.3496e+05
7.3732e+05
7.3961e+05
7.4184e+05
7.4401e+05
7.461e+05
7.4813e+05
7.5009e+05
7.5199e+05
7.5381e+05
7.5558e+05
7.5727e+05
7.589e+05
7.6046e+05
7.6195e+05
7.6338e+05
7.6474e+05
7.6604e+05
7.6728e+05
7.6845e+05
7.6955e+05
7.706e+05
7.7158e+05
7.725e+05
7.7336e+05
7.7416e+05
7.749e+05
7.7558e+05
7.762e+05
7.7677e+05
7.7728e+05
7.7774e+05
7.7814e+05
7.7848e+05
7.7878e+05
7.7902e+05
7.7921e+05
7.7935e+05
7.7944e+05
7.7949e+05
7.7948e+05
7.7943e+05
7.7933e+05
7.7919e+05
7.79e+05
7.7877e+05
7.785e+05
7.7818e+05
7.7782e+05
7.7742e+05
7.7698e+05
7.765e+05
7.7598e+05
7.7542e+05
7.7483e+05
7.7419e+05
7.7352e+05
7.7281e+05
7.7207e+05
7.7129e+05
7.7048e+05
7.6963e+05
7.6874e+05
7.6782e+05
7.6687e+05
7.6588e+05
7.6486e+05
7.6381e+05
7.6272e+05
7.616e+05
7.6044e+05
7.5925e+05
7.5803e+05
7.5678e+05
7.5549e+05
7.5418e+05
7.5282e+05
7.5144e+05
7.5002e+05
7.4857e+05
7.4709e+05
7.4557e+05
7.4402e+05
7.4244e+05
7.4082e+05
7.3917e+05
7.3749e+05
7.3577e+05
7.3402e+05
7.3224e+05
7.3042e+05
7.2857e+05
7.2669e+05
7.2477e+05
7.2282e+05
7.2083e+05
7.1881e+05
7.1675e+05
7.1466e+05
7.1254e+05
7.1038e+05
7.0819e+05
7.0597e+05
7.0371e+05
7.0141e+05
6.9908e+05
6.9672e+05
6.9432e+05
6.9189e+05
6.8943e+05
6.8693e+05
6.844e+05
6.8184e+05
6.7924e+05
6.7661e+05
6.7395e+05
6.7125e+05
6.6852e+05
6.6576e+05
6.6297e+05
6.6015e+05
6.5729e+05
6.544e+05
6.5148e+05
6.4853e+05
6.4555e+05
6.4254e+05
6.3951e+05
6.3644e+05
6.3334e+05
6.3021e+05
6.2705e+05
6.2387e+05
6.2066e+05
6.1742e+05
6.1415e+05
6.1086e+05
6.0754e+05
6.0419e+05
6.0082e+05
5.9742e+05
5.94e+05
5.9055e+05
5.8708e+05
5.8358e+05
5.8006e+05
5.7652e+05
5.7295e+05
5.6936e+05
5.6575e+05
5.6212e+05
5.5847e+05
5.5479e+05
5.5109e+05
5.4738e+05
5.4364e+05
5.3989e+05
5.3611e+05
5.3232e+05
5.2851e+05
5.2468e+05
5.2083e+05
5.1696e+05
5.1308e+05
5.0919e+05
5.0527e+05
5.0134e+05
4.974e+05
4.9344e+05
4.8946e+05
4.8548e+05
4.8148e+05
4.7746e+05
4.7344e+05
4.694e+05
4.6535e+05
4.6129e+05
4.5722e+05
4.5314e+05
4.4905e+05
4.4495e+05
4.4084e+05
4.3673e+05
4.3261e+05
4.2848e+05
4.2435e+05
4.2021e+05
4.1606e+05
4.1191e+05
4.0776e+05
4.036e+05
3.9945e+05
3.9529e+05
3.9112e+05
3.8696e+05
3.828e+05
3.7864e+05
3.7448e+05
3.7033e+05
3.6617e+05
3.6202e+05
3.5788e+05
3.5374e+05
3.496e+05
3.4547e+05
3.4135e+05
3.3724e+05
3.3313e+05
3.2903e+05
3.2495e+05
3.2087e+05
3.168e+05
3.1275e+05
3.087e+05
3.0467e+05
3.0065e+05
2.9665e+05
2.9266e+05
2.8869e+05
2.8473e+05
2.8078e+05
2.7686e+05
2.7295e+05
2.6906e+05
2.6518e+05
2.6132e+05
2.5749e+05
2.5367e+05
2.4987e+05
2.4609e+05
2.4233e+05
2.3859e+05
2.3487e+05
2.3118e+05
2.275e+05
2.2384e+05
2.2021e+05
2.166e+05
2.1301e+05
2.0944e+05
2.0589e+05
2.0237e+05
1.9887e+05
1.9539e+05
1.9193e+05
1.8849e+05
1.8508e+05
1.8169e+05
1.7832e+05
1.7497e+05
1.7165e+05
1.6835e+05
1.6506e+05
1.618e+05
1.5857e+05
1.5535e+05
1.5215e+05
1.4898e+05
1.4583e+05
1.4269e+05
1.3958e+05
1.3649e+05
1.3342e+05
1.3037e+05
1.2734e+05
1.2433e+05
1.2134e+05
1.1837e+05
1.1541e+05
1.1248e+05
1.0957e+05
1.0667e+05
1.038e+05
1.0094e+05
98099
95279
92477
89693
86928
84180
81451
78741
76048
73373
70717
68079
65459
62857
60274
57709
55162
52634
50125
47635
45163
42711
40278
37864
35471
33096
30742
28408
26095
23802
21530
19279
17049
14840
12654
10489
8345.9
6225.4
4127.5
2052.3
0
