26978
30258
33762
37484
41420
45565
49913
54458
59192
64108
69200
74458
79875
85442
91150
96990
1.0295e+05
1.0903e+05
1.152e+05
1.2147e+05
1.2782e+05
1.3424e+05
1.4073e+05
1.4726e+05
1.5383e+05
1.6043e+05
1.6705e+05
1.7367e+05
1.8029e+05
1.8689e+05
1.9347e+05
2.0001e+05
2.0651e+05
2.1295e+05
2.1932e+05
2.2562e+05
2.3183e+05
2.3794e+05
2.4395e+05
2.4984e+05
2.5561e+05
2.6125e+05
2.6676e+05
2.7211e+05
2.7731e+05
2.8235e+05
2.8723e+05
2.9193e+05
2.9645e+05
3.0078e+05
3.0493e+05
3.0888e+05
3.1263e+05
3.1619e+05
3.1953e+05
3.2267e+05
3.256e+05
3.2832e+05
3.3082e+05
3.3311e+05
3.3518e+05
3.3703e+05
3.3867e+05
3.401e+05
3.4131e+05
3.4231e+05
3.4309e+05
3.4367e+05
3.4404e+05
3.4421e+05
3.4418e+05
3.4395e+05
3.4353e+05
3.4292e+05
3.4213e+05
3.4116e+05
3.4002e+05
3.3871e+05
3.3723e+05
3.356e+05
3.3382e+05
3.3189e+05
3.2983e+05
3.2764e+05
3.2532e+05
3.2289e+05
3.2034e+05
3.177e+05
3.1496e+05
3.1213e+05
3.0922e+05
3.0624e+05
3.0319e+05
3.0009e+05
2.9693e+05
2.9374e+05
2.905e+05
2.8725e+05
2.8397e+05
2.8068e+05
2.7738e+05
2.7408e+05
2.708e+05
2.6752e+05
2.6427e+05
2.6105e+05
2.5787e+05
2.5472e+05
2.5162e+05
2.4858e+05
2.4559e+05
2.4267e+05
2.3982e+05
2.3704e+05
2.3433e+05
2.3171e+05
2.2918e+05
2.2674e+05
2.2439e+05
2.2214e+05
2.1999e+05
2.1794e+05
2.16e+05
2.1417e+05
2.1244e+05
2.1082e+05
2.0932e+05
2.0793e+05
2.0665e+05
2.0548e+05
2.0443e+05
2.0349e+05
2.0267e+05
2.0195e+05
2.0135e+05
2.0086e+05
2.0047e+05
2.0019e+05
2.0001e+05
1.9993e+05
1.9995e+05
2.0007e+05
2.0027e+05
2.0057e+05
2.0095e+05
2.0141e+05
2.0195e+05
2.0257e+05
2.0325e+05
2.04e+05
2.0481e+05
2.0567e+05
2.0659e+05
2.0755e+05
2.0855e+05
2.0959e+05
2.1065e+05
2.1175e+05
2.1287e+05
2.14e+05
2.1514e+05
2.1629e+05
2.1744e+05
2.1858e+05
2.1972e+05
2.2084e+05
2.2194e+05
2.2301e+05
2.2406e+05
2.2508e+05
2.2605e+05
2.2699e+05
2.2788e+05
2.2872e+05
2.295e+05
2.3023e+05
2.3089e+05
2.3149e+05
2.3203e+05
2.3249e+05
2.3288e+05
2.3319e+05
2.3342e+05
2.3358e+05
2.3365e+05
2.3364e+05
2.3354e+05
2.3336e+05
2.3309e+05
2.3273e+05
2.3228e+05
2.3174e+05
2.3112e+05
2.304e+05
2.296e+05
2.2871e+05
2.2773e+05
2.2666e+05
2.2551e+05
2.2428e+05
2.2296e+05
2.2156e+05
2.2009e+05
2.1853e+05
2.169e+05
2.152e+05
2.1343e+05
2.1159e+05
2.0969e+05
2.0772e+05
2.0569e+05
2.0361e+05
2.0147e+05
1.9929e+05
1.9705e+05
1.9477e+05
1.9245e+05
1.9008e+05
1.8769e+05
1.8526e+05
1.828e+05
1.8031e+05
1.778e+05
1.7527e+05
1.7272e+05
1.7016e+05
1.6758e+05
1.6499e+05
1.624e+05
1.598e+05
1.572e+05
1.546e+05
1.52e+05
1.494e+05
1.4681e+05
1.4423e+05
1.4165e+05
1.3909e+05
1.3654e+05
1.34e+05
1.3147e+05
1.2896e+05
1.2647e+05
1.24e+05
1.2154e+05
1.191e+05
1.1668e+05
1.1428e+05
1.1189e+05
1.0953e+05
1.0719e+05
1.0486e+05
1.0256e+05
1.0027e+05
98007
95759
93530
91318
89124
86947
84787
82643
80514
78401
76303
74219
72149
70093
68051
66022
64006
62003
60013
58036
56073
54123
52187
50265
48358
46466
44591
42732
40891
39070
37268
35488
33730
31996
30288
28607
26955
25333
23744
22189
20670
19189
17748
16349
14995
13687
12427
11217
10060
8956.4
7909.5
6920.7
5991.7
5124.4
4320.4
3581.2
2908.2
2302.7
1766
1299
902.72
577.77
324.74
144
35.758
0
36.532
144.95
324.64
574.79
894.35
1282
1736.4
2255.8
2838.1
3481.4
4183.3
4941
5752
6613.1
7521.2
8473
9464.7
10493
11553
12642
13754
14887
16034
17193
18357
19523
20685
21838
22978
24101
25200
26271
27310
28312
29271
30184
31047
31854
32602
33287
33906
34454
34929
35328
35649
35888
36044
36115
36100
35998
35808
35531
35165
34713
34175
33553
32848
32063
31201
30265
29259
28187
27054
25864
24625
23340
22018
20665
19289
17896
16496
15096
13707
12336
10994
9690.5
8435.9
7240.6
6115.4
5071.4
4119.5
3271.4
2538.4
1932.3
1464.7
1147.5
992.45
1011.5
1216.3
1618.7
2230.4
3062.8
4127.3
5435.2
6997.2
8824.3
10927
13314
15997
18985
22286
25909
29862
34152
38787
43773
49115
54820
60891
67332
74148
81340
88911
96861
1.0519e+05
1.139e+05
1.2299e+05
1.3246e+05
1.423e+05
1.5251e+05
1.6308e+05
1.7402e+05
1.8532e+05
1.9697e+05
2.0895e+05
2.2127e+05
2.3392e+05
2.4689e+05
2.6015e+05
2.7372e+05
2.8756e+05
3.0168e+05
3.1606e+05
3.3067e+05
3.4552e+05
3.6058e+05
3.7584e+05
3.9128e+05
4.0688e+05
4.2264e+05
4.3852e+05
4.5452e+05
4.7061e+05
4.8677e+05
5.0299e+05
5.1925e+05
5.3552e+05
5.5179e+05
5.6803e+05
5.8423e+05
6.0037e+05
6.1641e+05
6.3236e+05
6.4817e+05
6.6384e+05
6.7934e+05
6.9465e+05
7.0975e+05
7.2462e+05
7.3924e+05
7.536e+05
7.6766e+05
7.8143e+05
7.9486e+05
8.0796e+05
8.207e+05
8.3305e+05
8.4502e+05
8.5658e+05
8.6771e+05
8.784e+05
8.8864e+05
8.9841e+05
9.077e+05
9.165e+05
9.248e+05
9.3258e+05
9.3984e+05
9.4657e+05
9.5276e+05
9.584e+05
9.6349e+05
9.6802e+05
9.7199e+05
9.7538e+05
9.7821e+05
9.8046e+05
9.8214e+05
9.8325e+05
9.8378e+05
9.8373e+05
9.8312e+05
9.8194e+05
9.8019e+05
9.7788e+05
9.7502e+05
9.7161e+05
9.6766e+05
9.6317e+05
9.5816e+05
9.5263e+05
9.466e+05
9.4007e+05
9.3306e+05
9.2557e+05
9.1762e+05
9.0923e+05
9.004e+05
8.9115e+05
8.8149e+05
8.7144e+05
8.6102e+05
8.5024e+05
8.3911e+05
8.2765e+05
8.1588e+05
8.0382e+05
7.9147e+05
7.7887e+05
7.6603e+05
7.5296e+05
7.3968e+05
7.2621e+05
7.1257e+05
6.9877e+05
6.8483e+05
6.7078e+05
6.5662e+05
6.4238e+05
6.2806e+05
6.137e+05
5.993e+05
5.8489e+05
5.7047e+05
5.5607e+05
5.4169e+05
5.2736e+05
5.1309e+05
4.989e+05
4.8479e+05
4.7078e+05
4.5689e+05
4.4313e+05
4.2951e+05
4.1604e+05
4.0274e+05
3.8961e+05
3.7666e+05
3.6391e+05
3.5136e+05
3.3903e+05
3.2692e+05
3.1503e+05
3.0339e+05
2.9198e+05
2.8083e+05
2.6992e+05
2.5928e+05
2.489e+05
2.3879e+05
2.2895e+05
2.1938e+05
2.1009e+05
2.0108e+05
1.9235e+05
1.8389e+05
1.7572e+05
1.6783e+05
1.6022e+05
1.5289e+05
1.4583e+05
1.3906e+05
1.3255e+05
1.2632e+05
1.2035e+05
1.1465e+05
1.0921e+05
1.0403e+05
99104
94424
89988
85791
81827
78091
74577
71280
68192
65309
62624
60129
57820
55688
53729
51933
50296
48810
47469
46265
45192
44243
43411
42691
42075
41557
41131
40790
40528
40339
40218
40159
40155
40203
40295
40428
40597
40796
41021
41268
41532
41809
42097
42390
42685
42980
43271
43556
43831
44094
44343
44575
44789
44983
45156
45305
45430
45529
45602
45647
45665
45654
45614
45546
45448
45321
45165
44980
44767
44526
44257
43962
43640
43293
42921
42526
42108
41669
41209
40729
40231
39716
39185
38639
38079
37507
36924
36331
35729
35120
34504
33884
33260
32633
32004
31375
30747
30121
29497
28877
28261
27651
27048
26452
25863
25284
24713
24153
23603
23064
22537
22022
21519
21029
20553
20089
19639
19202
18779
18370
17975
17593
17225
16871
16530
16202
15888
15586
15297
15020
14755
14502
14259
14028
13807
13595
13393
13200
13015
12838
12669
12506
12350
12199
