85243
89540
94084
98869
1.0389e+05
1.0914e+05
1.1462e+05
1.2031e+05
1.262e+05
1.3229e+05
1.3856e+05
1.4501e+05
1.5161e+05
1.5836e+05
1.6525e+05
1.7225e+05
1.7936e+05
1.8656e+05
1.9383e+05
2.0115e+05
2.0851e+05
2.159e+05
2.2329e+05
2.3067e+05
2.3802e+05
2.4532e+05
2.5255e+05
2.5971e+05
2.6676e+05
2.737e+05
2.805e+05
2.8715e+05
2.9364e+05
2.9994e+05
3.0605e+05
3.1194e+05
3.1761e+05
3.2304e+05
3.2822e+05
3.3313e+05
3.3776e+05
3.421e+05
3.4615e+05
3.4989e+05
3.5332e+05
3.5642e+05
3.592e+05
3.6164e+05
3.6374e+05
3.655e+05
3.6691e+05
3.6797e+05
3.6868e+05
3.6904e+05
3.6905e+05
3.6871e+05
3.6802e+05
3.67e+05
3.6563e+05
3.6392e+05
3.6189e+05
3.5953e+05
3.5686e+05
3.5387e+05
3.5059e+05
3.4701e+05
3.4315e+05
3.3902e+05
3.3462e+05
3.2997e+05
3.2508e+05
3.1996e+05
3.1462e+05
3.0907e+05
3.0333e+05
2.9742e+05
2.9133e+05
2.8509e+05
2.7871e+05
2.722e+05
2.6558e+05
2.5885e+05
2.5204e+05
2.4515e+05
2.382e+05
2.312e+05
2.2417e+05
2.1712e+05
2.1005e+05
2.0299e+05
1.9594e+05
1.8892e+05
1.8193e+05
1.75e+05
1.6813e+05
1.6133e+05
1.5461e+05
1.4798e+05
1.4146e+05
1.3505e+05
1.2875e+05
1.2259e+05
1.1657e+05
1.107e+05
1.0498e+05
99422
94033
88821
83790
78948
74300
69851
65605
61569
57744
54136
50748
47583
44643
41931
39448
37197
35178
33393
31841
30524
29440
28589
27970
27583
27424
27493
27786
28301
29034
29983
31143
32511
34081
35848
37809
39956
42284
44786
47458
50290
53277
56411
59685
63090
66618
70262
74012
77861
81799
85816
89906
94057
98261
1.0251e+05
1.0679e+05
1.111e+05
1.1542e+05
1.1975e+05
1.2407e+05
1.2839e+05
1.3268e+05
1.3695e+05
1.4117e+05
1.4535e+05
1.4948e+05
1.5354e+05
1.5753e+05
1.6145e+05
1.6528e+05
1.6902e+05
1.7266e+05
1.7619e+05
1.7962e+05
1.8293e+05
1.8612e+05
1.8919e+05
1.9212e+05
1.9492e+05
1.9759e+05
2.0012e+05
2.025e+05
2.0474e+05
2.0683e+05
2.0877e+05
2.1057e+05
2.1221e+05
2.137e+05
2.1504e+05
2.1623e+05
2.1727e+05
2.1816e+05
2.189e+05
2.195e+05
2.1995e+05
2.2025e+05
2.2042e+05
2.2044e+05
2.2033e+05
2.2008e+05
2.197e+05
2.1919e+05
2.1855e+05
2.178e+05
2.1692e+05
2.1592e+05
2.1481e+05
2.1358e+05
2.1225e+05
2.1081e+05
2.0927e+05
2.0763e+05
2.059e+05
2.0407e+05
2.0215e+05
2.0014e+05
1.9804e+05
1.9587e+05
1.9361e+05
1.9127e+05
1.8886e+05
1.8638e+05
1.8382e+05
1.812e+05
1.7851e+05
1.7576e+05
1.7294e+05
1.7007e+05
1.6714e+05
1.6416e+05
1.6112e+05
1.5803e+05
1.549e+05
1.5172e+05
1.4849e+05
1.4523e+05
1.4193e+05
1.386e+05
1.3523e+05
1.3184e+05
1.2842e+05
1.2498e+05
1.2152e+05
1.1805e+05
1.1456e+05
1.1107e+05
1.0757e+05
1.0408e+05
1.0059e+05
97105
93636
90185
86756
83353
79981
76645
73350
70099
66897
63749
60659
57631
54670
51779
48962
46224
43566
40993
38506
36110
33806
31597
29483
27467
25549
23730
22011
20391
18869
17446
16120
14889
13752
12706
11749
10878
10089
9379.5
8745.4
8182.8
7687.4
7254.9
6880.6
6560
6288.3
6060.5
5871.9
5717.4
5592.4
5491.9
5411.3
5346.1
5291.9
5244.4
5199.8
5154.3
5104.6
5047.5
4980.3
4900.6
4806.3
4695.9
4568.2
4422.2
4257.8
4074.8
3873.9
3655.8
3422
3174.3
2914.6
2645.7
2370.4
2091.8
1813.7
1539.9
1274.3
1021.5
785.88
572.13
385.02
229.4
110.14
32.081
0
18.564
92.281
225.45
422.14
686.11
1020.8
1429.2
1914
2477.4
3121
3846.1
4653.3
5542.5
6513.3
7564.6
8694.4
9900.5
11180
12528
13942
15416
16945
18522
20141
21794
23475
25173
26882
28591
30291
31974
33628
35245
36814
38324
39766
41130
42407
43586
44659
45616
46451
47155
47721
48143
48416
48535
48496
48296
47935
47410
46723
45876
44870
43711
42404
40955
39372
37665
35844
33921
31908
29821
27675
25486
23273
21054
18850
16681
14569
12537
10608
8807.4
7158.6
5687
4418.1
3377.8
2591.8
2086.2
1886.8
2019.2
2508.9
3380.8
4659.4
6368.3
8530.7
11168
14303
17954
22140
26880
32188
38079
44567
51663
59375
67713
76681
86283
96521
1.074e+05
1.189e+05
1.3104e+05
1.438e+05
1.5717e+05
1.7115e+05
1.8572e+05
2.0086e+05
2.1656e+05
2.328e+05
2.4955e+05
2.668e+05
2.8452e+05
3.0269e+05
3.2126e+05
3.4022e+05
3.5953e+05
3.7916e+05
3.9907e+05
4.1923e+05
4.396e+05
4.6014e+05
4.8081e+05
5.0157e+05
5.2238e+05
5.432e+05
5.6399e+05
5.847e+05
6.0529e+05
6.2572e+05
6.4595e+05
6.6593e+05
6.8562e+05
7.0498e+05
7.2397e+05
7.4256e+05
7.6069e+05
7.7833e+05
7.9545e+05
8.12e+05
8.2796e+05
8.4329e+05
8.5795e+05
8.7192e+05
8.8517e+05
8.9768e+05
9.0941e+05
9.2034e+05
9.3046e+05
9.3973e+05
9.4816e+05
9.5572e+05
9.6239e+05
9.6817e+05
9.7305e+05
9.7702e+05
9.8008e+05
9.8223e+05
9.8346e+05
9.8378e+05
9.8319e+05
9.817e+05
9.7931e+05
9.7604e+05
9.719e+05
9.6691e+05
9.6107e+05
9.5441e+05
9.4694e+05
9.387e+05
9.2969e+05
9.1994e+05
9.0948e+05
8.9834e+05
8.8654e+05
8.7411e+05
8.6108e+05
8.4748e+05
8.3335e+05
8.1871e+05
8.036e+05
7.8805e+05
7.7209e+05
7.5576e+05
7.391e+05
7.2213e+05
7.0489e+05
6.8742e+05
6.6975e+05
6.5191e+05
6.3394e+05
6.1586e+05
5.9772e+05
5.7955e+05
5.6136e+05
5.4321e+05
5.2511e+05
5.071e+05
4.892e+05
4.7144e+05
4.5385e+05
4.3645e+05
4.1926e+05
4.0232e+05
3.8563e+05
3.6923e+05
3.5313e+05
3.3735e+05
3.2191e+05
3.0682e+05
2.9209e+05
2.7775e+05
2.638e+05
2.5025e+05
2.3711e+05
2.244e+05
2.1211e+05
2.0025e+05
1.8884e+05
1.7786e+05
1.6733e+05
1.5725e+05
1.4761e+05
1.3841e+05
1.2966e+05
1.2134e+05
1.1346e+05
1.06e+05
98975
92363
86160
80359
74949
69923
65268
60976
57033
53429
50151
47187
44524
42148
40047
38206
36612
35251
34110
33174
32429
31862
31460
31208
31094
31103
31225
31445
31753
32135
32581
33080
33620
34192
34786
35393
36003
36609
37203
37778
38326
38842
39320
39755
40143
40479
40759
40982
41144
41243
41278
41247
41151
40989
40762
40469
40113
39695
39216
38678
38084
37438
36741
35997
35209
34381
33517
32620
31694
30745
29774
28788
27790
26783
25773
24763
23757
22760
21774
20803
19852
18923
18019
17144
16300
15489
14715
13979
13282
12627
12015
11447
10924
10446
10015
9629.2
9289.7
8995.8
8747
8542.5
8381.4
8262.5
8184.4
8145.6
8144.3
8178.7
8246.7
8346.3
8475.1
8630.8
8810.9
9012.9
9234.4
9472.5
9724.7
9988.4
10261
10539
10821
11104
11386
11663
11934
12196
12447
12686
12909
13116
13304
13472
13619
13744
13844
13920
13970
13994
13991
13962
13905
13821
13710
13573
13409
13219
13004
12765
12503
12218
11912
11586
11241
10879
10501
10109
9703.2
9286.5
8859.9
8425.1
7983.8
7537.4
7087.5
6635.7
6183.6
5732.5
5284
4839.3
4399.8
3966.8
3541.4
3124.7
2717.7
2321.4
1936.5
1563.7
