6.3147e+05
6.3292e+05
6.3426e+05
6.3547e+05
6.3658e+05
6.3757e+05
6.3845e+05
6.3922e+05
6.3987e+05
6.4042e+05
6.4085e+05
6.4118e+05
6.414e+05
6.4152e+05
6.4152e+05
6.4143e+05
6.4123e+05
6.4093e+05
6.4053e+05
6.4003e+05
6.3944e+05
6.3874e+05
6.3796e+05
6.3708e+05
6.3611e+05
6.3505e+05
6.339e+05
6.3266e+05
6.3134e+05
6.2994e+05
6.2845e+05
6.2689e+05
6.2524e+05
6.2352e+05
6.2173e+05
6.1986e+05
6.1793e+05
6.1592e+05
6.1385e+05
6.1171e+05
6.0951e+05
6.0724e+05
6.0492e+05
6.0254e+05
6.0011e+05
5.9762e+05
5.9507e+05
5.9248e+05
5.8984e+05
5.8716e+05
5.8442e+05
5.8165e+05
5.7884e+05
5.7598e+05
5.731e+05
5.7017e+05
5.6721e+05
5.6422e+05
5.612e+05
5.5816e+05
5.5509e+05
5.5199e+05
5.4887e+05
5.4573e+05
5.4257e+05
5.3939e+05
5.362e+05
5.3299e+05
5.2977e+05
5.2654e+05
5.233e+05
5.2005e+05
5.168e+05
5.1354e+05
5.1027e+05
5.0701e+05
5.0374e+05
5.0048e+05
4.9721e+05
4.9395e+05
4.9069e+05
4.8744e+05
4.842e+05
4.8096e+05
4.7773e+05
4.7452e+05
4.7131e+05
4.6812e+05
4.6493e+05
4.6177e+05
4.5861e+05
4.5548e+05
4.5236e+05
4.4926e+05
4.4617e+05
4.4311e+05
4.4006e+05
4.3704e+05
4.3403e+05
4.3105e+05
4.2809e+05
4.2515e+05
4.2223e+05
4.1934e+05
4.1647e+05
4.1363e+05
4.1081e+05
4.0801e+05
4.0524e+05
4.0249e+05
3.9977e+05
3.9708e+05
3.9441e+05
3.9177e+05
3.8915e+05
3.8656e+05
3.84e+05
3.8146e+05
3.7895e+05
3.7646e+05
3.74e+05
3.7156e+05
3.6915e+05
3.6677e+05
3.6441e+05
3.6207e+05
3.5976e+05
3.5747e+05
3.5521e+05
3.5297e+05
3.5075e+05
3.4856e+05
3.4639e+05
3.4424e+05
3.4211e+05
3.4001e+05
3.3792e+05
3.3586e+05
3.3381e+05
3.3179e+05
3.2978e+05
3.2779e+05
3.2582e+05
3.2386e+05
3.2193e+05
3.2001e+05
3.181e+05
3.1621e+05
3.1433e+05
3.1247e+05
3.1062e+05
3.0878e+05
3.0695e+05
3.0514e+05
3.0333e+05
3.0154e+05
2.9975e+05
2.9798e+05
2.9621e+05
2.9445e+05
2.927e+05
2.9095e+05
2.8921e+05
2.8747e+05
2.8574e+05
2.8402e+05
2.8229e+05
2.8057e+05
2.7885e+05
2.7714e+05
2.7542e+05
2.7371e+05
2.72e+05
2.7028e+05
2.6857e+05
2.6686e+05
2.6514e+05
2.6342e+05
2.617e+05
2.5998e+05
2.5826e+05
2.5653e+05
2.5479e+05
2.5306e+05
2.5132e+05
2.4957e+05
2.4783e+05
2.4607e+05
2.4431e+05
2.4255e+05
2.4078e+05
2.39e+05
2.3722e+05
2.3544e+05
2.3364e+05
2.3185e+05
2.3004e+05
2.2823e+05
2.2642e+05
2.246e+05
2.2277e+05
2.2094e+05
2.191e+05
2.1726e+05
2.1541e+05
2.1356e+05
2.117e+05
2.0984e+05
2.0797e+05
2.061e+05
2.0423e+05
2.0236e+05
2.0048e+05
1.986e+05
1.9672e+05
1.9483e+05
1.9295e+05
1.9107e+05
1.8918e+05
1.873e+05
1.8542e+05
1.8354e+05
1.8167e+05
1.798e+05
1.7793e+05
1.7606e+05
1.7421e+05
1.7236e+05
1.7051e+05
1.6868e+05
1.6685e+05
1.6503e+05
1.6322e+05
1.6143e+05
1.5964e+05
1.5787e+05
1.5612e+05
1.5438e+05
1.5265e+05
1.5094e+05
1.4925e+05
1.4758e+05
1.4593e+05
1.443e+05
1.4269e+05
1.4111e+05
1.3955e+05
1.3801e+05
1.3651e+05
1.3503e+05
1.3357e+05
1.3215e+05
1.3076e+05
1.294e+05
1.2807e+05
1.2678e+05
1.2553e+05
1.2431e+05
1.2313e+05
1.2199e+05
1.2088e+05
1.1982e+05
1.1881e+05
1.1783e+05
1.169e+05
1.1602e+05
1.1518e+05
1.144e+05
1.1366e+05
1.1297e+05
1.1233e+05
1.1175e+05
1.1122e+05
1.1075e+05
1.1033e+05
1.0997e+05
1.0967e+05
1.0943e+05
1.0925e+05
1.0913e+05
1.0907e+05
1.0908e+05
1.0915e+05
1.0929e+05
1.0949e+05
1.0977e+05
1.1011e+05
1.1052e+05
1.11e+05
1.1155e+05
1.1217e+05
1.1287e+05
1.1364e+05
1.1448e+05
1.154e+05
1.164e+05
1.1747e+05
1.1862e+05
1.1985e+05
1.2116e+05
1.2255e+05
1.2401e+05
1.2556e+05
1.2719e+05
1.289e+05
1.3069e+05
1.3256e+05
1.3452e+05
1.3656e+05
1.3869e+05
1.409e+05
1.4319e+05
1.4557e+05
1.4803e+05
1.5057e+05
1.5321e+05
1.5592e+05
1.5872e+05
1.6161e+05
1.6458e+05
1.6764e+05
1.7079e+05
1.7401e+05
1.7733e+05
1.8073e+05
1.8421e+05
1.8778e+05
1.9143e+05
1.9517e+05
1.9899e+05
2.0289e+05
2.0688e+05
2.1095e+05
2.151e+05
2.1933e+05
2.2364e+05
2.2803e+05
2.3251e+05
2.3706e+05
2.4169e+05
2.464e+05
2.5118e+05
2.5604e+05
2.6098e+05
2.6599e+05
2.7108e+05
2.7623e+05
2.8146e+05
2.8676e+05
2.9213e+05
2.9757e+05
3.0308e+05
3.0865e+05
3.1429e+05
3.1999e+05
3.2575e+05
3.3158e+05
3.3746e+05
3.4341e+05
3.4941e+05
3.5547e+05
3.6159e+05
3.6776e+05
3.7398e+05
3.8025e+05
3.8657e+05
3.9294e+05
3.9935e+05
4.0581e+05
4.1231e+05
4.1886e+05
4.2544e+05
4.3206e+05
4.3872e+05
4.4541e+05
4.5214e+05
4.5889e+05
4.6568e+05
4.725e+05
4.7934e+05
4.862e+05
4.9309e+05
4.9999e+05
5.0692e+05
5.1386e+05
5.2082e+05
5.2779e+05
5.3478e+05
5.4177e+05
5.4877e+05
5.5577e+05
5.6278e+05
5.6979e+05
5.768e+05
5.8381e+05
5.9081e+05
5.9781e+05
6.048e+05
6.1178e+05
6.1874e+05
6.2569e+05
6.3263e+05
6.3955e+05
6.4645e+05
6.5332e+05
6.6018e+05
6.67e+05
6.738e+05
6.8057e+05
6.8731e+05
6.9401e+05
7.0068e+05
7.0731e+05
7.1391e+05
7.2046e+05
7.2696e+05
7.3343e+05
7.3984e+05
7.4621e+05
7.5252e+05
7.5879e+05
7.65e+05
7.7115e+05
7.7724e+05
7.8328e+05
7.8925e+05
7.9516e+05
8.0101e+05
8.0679e+05
8.125e+05
8.1814e+05
8.2371e+05
8.2921e+05
8.3463e+05
8.3998e+05
8.4525e+05
8.5044e+05
8.5555e+05
8.6057e+05
8.6552e+05
8.7037e+05
8.7515e+05
8.7983e+05
8.8442e+05
8.8893e+05
8.9334e+05
8.9766e+05
9.0188e+05
9.0601e+05
9.1004e+05
9.1398e+05
9.1781e+05
9.2155e+05
9.2519e+05
9.2872e+05
9.3215e+05
9.3548e+05
9.387e+05
9.4181e+05
9.4482e+05
9.4773e+05
9.5052e+05
9.5321e+05
9.5578e+05
9.5825e+05
9.606e+05
9.6285e+05
9.6498e+05
9.67e+05
9.6891e+05
9.707e+05
9.7238e+05
9.7394e+05
9.7539e+05
9.7673e+05
9.7795e+05
9.7905e+05
9.8004e+05
9.8092e+05
9.8167e+05
9.8231e+05
9.8284e+05
9.8325e+05
9.8354e+05
9.8372e+05
9.8378e+05
9.8372e+05
9.8355e+05
9.8326e+05
9.8286e+05
9.8234e+05
9.8171e+05
9.8096e+05
9.801e+05
9.7912e+05
9.7803e+05
9.7683e+05
9.7551e+05
9.7409e+05
9.7255e+05
9.709e+05
9.6914e+05
9.6727e+05
9.6529e+05
9.632e+05
9.61e+05
9.587e+05
9.5629e+05
9.5378e+05
9.5116e+05
9.4844e+05
9.4561e+05
9.4269e+05
9.3966e+05
9.3653e+05
9.333e+05
9.2998e+05
9.2656e+05
9.2304e+05
9.1943e+05
9.1572e+05
9.1192e+05
9.0803e+05
9.0405e+05
8.9998e+05
8.9583e+05
8.9158e+05
8.8726e+05
8.8284e+05
8.7835e+05
8.7377e+05
8.6912e+05
8.6438e+05
8.5957e+05
8.5469e+05
8.4972e+05
8.4469e+05
8.3958e+05
8.3441e+05
8.2916e+05
8.2385e+05
8.1847e+05
8.1303e+05
8.0753e+05
8.0196e+05
7.9633e+05
7.9065e+05
7.8491e+05
7.7912e+05
7.7327e+05
7.6737e+05
7.6142e+05
7.5542e+05
7.4937e+05
7.4328e+05
7.3714e+05
7.3097e+05
7.2475e+05
7.1849e+05
7.1219e+05
7.0586e+05
6.995e+05
6.931e+05
6.8667e+05
6.8021e+05
6.7372e+05
6.6721e+05
6.6067e+05
6.5411e+05
6.4753e+05
6.4092e+05
6.343e+05
6.2767e+05
6.2101e+05
6.1434e+05
6.0767e+05
6.0098e+05
5.9428e+05
5.8757e+05
5.8086e+05
5.7414e+05
5.6742e+05
5.607e+05
5.5398e+05
5.4726e+05
5.4054e+05
5.3382e+05
5.2712e+05
5.2042e+05
5.1372e+05
5.0704e+05
5.0037e+05
4.9371e+05
4.8707e+05
4.8044e+05
4.7383e+05
4.6724e+05
4.6066e+05
4.5411e+05
4.4758e+05
4.4107e+05
4.3458e+05
4.2812e+05
4.2169e+05
4.1528e+05
4.0891e+05
4.0256e+05
3.9625e+05
3.8996e+05
3.8371e+05
3.775e+05
3.7132e+05
3.6517e+05
3.5907e+05
3.53e+05
3.4697e+05
3.4098e+05
3.3504e+05
3.2913e+05
3.2327e+05
3.1745e+05
3.1168e+05
3.0595e+05
3.0027e+05
2.9463e+05
2.8904e+05
2.835e+05
2.7801e+05
2.7257e+05
2.6718e+05
2.6184e+05
2.5655e+05
2.5132e+05
2.4613e+05
2.41e+05
2.3593e+05
2.309e+05
2.2594e+05
2.2102e+05
2.1617e+05
2.1136e+05
2.0662e+05
2.0193e+05
1.973e+05
1.9272e+05
1.8821e+05
1.8375e+05
1.7935e+05
1.7501e+05
1.7072e+05
1.665e+05
1.6233e+05
1.5822e+05
1.5418e+05
1.5019e+05
1.4626e+05
1.4239e+05
1.3858e+05
1.3483e+05
1.3114e+05
1.275e+05
1.2393e+05
1.2042e+05
1.1696e+05
1.1357e+05
1.1023e+05
1.0696e+05
1.0374e+05
1.0058e+05
97476
94433
91448
88521
85652
82839
80084
77385
74743
72156
69626
67151
64730
62365
60053
57795
55591
53440
51341
49294
47298
45354
43460
41616
39822
38076
36379
34730
33129
31574
30065
28602
27184
25811
24481
23194
21951
20749
19588
18468
17389
16348
15347
14383
13457
12568
11715
10898
10115
9366.2
8651
7968.6
7318.3
6699.3
6111.1
5552.9
5024.1
4523.9
4051.7
3606.9
3188.6
2796.3
2429.3
2086.8
1768.2
1472.9
1200.1
949.26
719.6
510.51
321.31
151.36
0
