1.9232e+05
1.967e+05
2.0109e+05
2.0546e+05
2.0983e+05
2.1417e+05
2.185e+05
2.228e+05
2.2707e+05
2.3131e+05
2.355e+05
2.3965e+05
2.4376e+05
2.4781e+05
2.5181e+05
2.5574e+05
2.5962e+05
2.6343e+05
2.6717e+05
2.7083e+05
2.7443e+05
2.7794e+05
2.8138e+05
2.8473e+05
2.88e+05
2.9118e+05
2.9428e+05
2.9728e+05
3.002e+05
3.0303e+05
3.0576e+05
3.084e+05
3.1095e+05
3.1341e+05
3.1577e+05
3.1804e+05
3.2022e+05
3.223e+05
3.243e+05
3.262e+05
3.2801e+05
3.2974e+05
3.3138e+05
3.3294e+05
3.3441e+05
3.358e+05
3.3712e+05
3.3836e+05
3.3952e+05
3.4061e+05
3.4164e+05
3.4259e+05
3.4349e+05
3.4433e+05
3.4511e+05
3.4583e+05
3.4651e+05
3.4714e+05
3.4772e+05
3.4827e+05
3.4878e+05
3.4926e+05
3.4971e+05
3.5014e+05
3.5054e+05
3.5093e+05
3.513e+05
3.5166e+05
3.5202e+05
3.5237e+05
3.5273e+05
3.5309e+05
3.5345e+05
3.5383e+05
3.5423e+05
3.5464e+05
3.5507e+05
3.5553e+05
3.5602e+05
3.5654e+05
3.5709e+05
3.5767e+05
3.583e+05
3.5897e+05
3.5968e+05
3.6044e+05
3.6125e+05
3.621e+05
3.6301e+05
3.6397e+05
3.6499e+05
3.6606e+05
3.6719e+05
3.6838e+05
3.6963e+05
3.7093e+05
3.723e+05
3.7373e+05
3.7521e+05
3.7676e+05
3.7837e+05
3.8003e+05
3.8175e+05
3.8354e+05
3.8537e+05
3.8727e+05
3.8922e+05
3.9122e+05
3.9327e+05
3.9537e+05
3.9751e+05
3.997e+05
4.0194e+05
4.0421e+05
4.0652e+05
4.0887e+05
4.1125e+05
4.1365e+05
4.1608e+05
4.1854e+05
4.2101e+05
4.235e+05
4.26e+05
4.2851e+05
4.3102e+05
4.3354e+05
4.3605e+05
4.3855e+05
4.4105e+05
4.4353e+05
4.4599e+05
4.4843e+05
4.5084e+05
4.5322e+05
4.5557e+05
4.5788e+05
4.6014e+05
4.6236e+05
4.6453e+05
4.6665e+05
4.687e+05
4.7069e+05
4.7262e+05
4.7448e+05
4.7626e+05
4.7797e+05
4.7959e+05
4.8114e+05
4.8259e+05
4.8396e+05
4.8523e+05
4.8641e+05
4.8749e+05
4.8846e+05
4.8934e+05
4.901e+05
4.9076e+05
4.9131e+05
4.9174e+05
4.9206e+05
4.9226e+05
4.9235e+05
4.9232e+05
4.9216e+05
4.9189e+05
4.9149e+05
4.9097e+05
4.9033e+05
4.8956e+05
4.8867e+05
4.8766e+05
4.8652e+05
4.8526e+05
4.8388e+05
4.8238e+05
4.8075e+05
4.7901e+05
4.7714e+05
4.7516e+05
4.7306e+05
4.7085e+05
4.6852e+05
4.6608e+05
4.6353e+05
4.6088e+05
4.5812e+05
4.5526e+05
4.523e+05
4.4924e+05
4.4609e+05
4.4285e+05
4.3951e+05
4.361e+05
4.326e+05
4.2902e+05
4.2536e+05
4.2164e+05
4.1784e+05
4.1398e+05
4.1006e+05
4.0608e+05
4.0204e+05
3.9795e+05
3.9382e+05
3.8964e+05
3.8542e+05
3.8117e+05
3.7688e+05
3.7257e+05
3.6823e+05
3.6387e+05
3.5949e+05
3.551e+05
3.507e+05
3.4629e+05
3.4188e+05
3.3746e+05
3.3306e+05
3.2866e+05
3.2427e+05
3.1989e+05
3.1553e+05
3.1119e+05
3.0688e+05
3.0258e+05
2.9832e+05
2.9409e+05
2.899e+05
2.8574e+05
2.8161e+05
2.7753e+05
2.735e+05
2.695e+05
2.6556e+05
2.6166e+05
2.5782e+05
2.5402e+05
2.5028e+05
2.466e+05
2.4297e+05
2.394e+05
2.3588e+05
2.3243e+05
2.2903e+05
2.257e+05
2.2242e+05
2.1921e+05
2.1606e+05
2.1296e+05
2.0993e+05
2.0696e+05
2.0405e+05
2.012e+05
1.984e+05
1.9567e+05
1.9299e+05
1.9037e+05
1.8781e+05
1.853e+05
1.8284e+05
1.8044e+05
1.7809e+05
1.7579e+05
1.7353e+05
1.7132e+05
1.6916e+05
1.6704e+05
1.6496e+05
1.6292e+05
1.6092e+05
1.5895e+05
1.5702e+05
1.5512e+05
1.5324e+05
1.514e+05
1.4958e+05
1.4779e+05
1.4601e+05
1.4426e+05
1.4252e+05
1.4079e+05
1.3908e+05
1.3738e+05
1.3569e+05
1.3401e+05
1.3233e+05
1.3065e+05
1.2897e+05
1.2729e+05
1.2561e+05
1.2393e+05
1.2224e+05
1.2054e+05
1.1883e+05
1.1711e+05
1.1538e+05
1.1364e+05
1.1188e+05
1.101e+05
1.0831e+05
1.065e+05
1.0467e+05
1.0283e+05
1.0096e+05
99075
97168
95240
93291
91321
89330
87319
85287
83236
81165
79076
76970
74847
72709
70556
68391
66214
64028
61833
59633
57429
55222
53016
50813
48615
46424
44243
42076
39925
37792
35682
33596
31539
29514
27523
25572
23662
21798
19983
18222
16517
14873
13293
11782
10343
8979.7
7697.1
6498.6
5388.2
4370
3447.8
2625.6
1907.4
1297.2
798.72
415.97
152.75
12.843
0
117.91
370.19
760.43
1292.1
1968.6
2793.4
3769.5
4900.3
6188.8
7638
9250.6
11030
12977
15097
17390
19859
22506
25334
28344
31537
34916
38482
42236
46179
50313
54637
59154
63862
68763
73857
79143
84622
90292
96155
1.0221e+05
1.0845e+05
1.1488e+05
1.215e+05
1.2831e+05
1.353e+05
1.4248e+05
1.4983e+05
1.5737e+05
1.6508e+05
1.7296e+05
1.8102e+05
1.8924e+05
1.9764e+05
2.0619e+05
2.1491e+05
2.2378e+05
2.328e+05
2.4197e+05
2.5129e+05
2.6075e+05
2.7034e+05
2.8007e+05
2.8992e+05
2.999e+05
3.1e+05
3.2021e+05
3.3053e+05
3.4095e+05
3.5147e+05
3.6208e+05
3.7278e+05
3.8356e+05
3.9442e+05
4.0535e+05
4.1634e+05
4.274e+05
4.385e+05
4.4965e+05
4.6084e+05
4.7207e+05
4.8332e+05
4.9459e+05
5.0588e+05
5.1718e+05
5.2847e+05
5.3977e+05
5.5105e+05
5.6231e+05
5.7355e+05
5.8476e+05
5.9593e+05
6.0706e+05
6.1813e+05
6.2915e+05
6.401e+05
6.5099e+05
6.6179e+05
6.7251e+05
6.8315e+05
6.9368e+05
7.0411e+05
7.1443e+05
7.2464e+05
7.3473e+05
7.4468e+05
7.5451e+05
7.6419e+05
7.7373e+05
7.8311e+05
7.9234e+05
8.0141e+05
8.1031e+05
8.1903e+05
8.2758e+05
8.3594e+05
8.4411e+05
8.5209e+05
8.5987e+05
8.6745e+05
8.7482e+05
8.8197e+05
8.8891e+05
8.9563e+05
9.0213e+05
9.084e+05
9.1444e+05
9.2024e+05
9.258e+05
9.3113e+05
9.3621e+05
9.4104e+05
9.4562e+05
9.4996e+05
9.5403e+05
9.5786e+05
9.6142e+05
9.6473e+05
9.6777e+05
9.7055e+05
9.7307e+05
9.7532e+05
9.7731e+05
9.7903e+05
9.8049e+05
9.8168e+05
9.826e+05
9.8326e+05
9.8365e+05
9.8378e+05
9.8364e+05
9.8323e+05
9.8257e+05
9.8164e+05
9.8045e+05
9.79e+05
9.773e+05
9.7533e+05
9.7312e+05
9.7065e+05
9.6794e+05
9.6498e+05
9.6177e+05
9.5833e+05
9.5464e+05
9.5072e+05
9.4657e+05
9.4219e+05
9.3759e+05
9.3276e+05
9.2772e+05
9.2246e+05
9.17e+05
9.1132e+05
9.0545e+05
8.9938e+05
8.9312e+05
8.8667e+05
8.8003e+05
8.7322e+05
8.6623e+05
8.5908e+05
8.5176e+05
8.4428e+05
8.3664e+05
8.2886e+05
8.2094e+05
8.1287e+05
8.0468e+05
7.9635e+05
7.879e+05
7.7934e+05
7.7067e+05
7.6188e+05
7.53e+05
7.4403e+05
7.3496e+05
7.2581e+05
7.1659e+05
7.0729e+05
6.9792e+05
6.8849e+05
6.7901e+05
6.6948e+05
6.599e+05
6.5028e+05
6.4063e+05
6.3095e+05
6.2124e+05
6.1152e+05
6.0179e+05
5.9205e+05
5.823e+05
5.7256e+05
5.6283e+05
5.5311e+05
5.434e+05
5.3372e+05
5.2407e+05
5.1445e+05
5.0487e+05
4.9532e+05
4.8583e+05
4.7638e+05
4.6699e+05
4.5765e+05
4.4838e+05
4.3918e+05
4.3004e+05
4.2098e+05
4.12e+05
4.031e+05
3.9428e+05
3.8556e+05
3.7692e+05
3.6838e+05
3.5993e+05
3.5159e+05
3.4335e+05
3.3521e+05
3.2719e+05
3.1927e+05
3.1147e+05
3.0378e+05
2.9621e+05
2.8876e+05
2.8143e+05
2.7422e+05
2.6714e+05
2.6019e+05
2.5336e+05
2.4666e+05
2.4008e+05
2.3364e+05
2.2733e+05
2.2116e+05
2.1511e+05
2.092e+05
2.0342e+05
1.9778e+05
1.9227e+05
1.8689e+05
1.8165e+05
1.7655e+05
1.7157e+05
1.6673e+05
1.6203e+05
1.5745e+05
1.5301e+05
1.487e+05
1.4452e+05
1.4047e+05
1.3655e+05
1.3275e+05
1.2908e+05
1.2554e+05
1.2212e+05
1.1882e+05
1.1564e+05
1.1259e+05
1.0965e+05
1.0682e+05
1.0411e+05
1.0151e+05
99028
96649
94378
92211
90146
88182
86317
84547
82872
81288
79793
78386
77063
75823
74663
73580
72573
71638
70774
69978
69247
68580
67973
67424
66931
66492
66103
65764
65470
65221
65013
64844
64712
64615
64551
64517
64511
64530
64574
64640
64725
64828
64947
65080
65225
65380
65543
65714
65889
66067
66248
66428
66607
66784
66956
67123
67283
67435
67578
67710
67831
67940
68035
68116
68181
68230
68263
68277
68274
68251
68209
68147
68065
67961
67837
67690
67522
67332
67119
66883
66625
66344
66041
65715
65366
64994
64600
64184
63746
63286
62804
62301
61777
61232
60667
60083
59478
58856
58214
57555
56879
