2.1254e+05
2.1654e+05
2.206e+05
2.247e+05
2.2885e+05
2.3305e+05
2.3729e+05
2.4158e+05
2.459e+05
2.5026e+05
2.5466e+05
2.5909e+05
2.6355e+05
2.6803e+05
2.7254e+05
2.7707e+05
2.8162e+05
2.8619e+05
2.9077e+05
2.9536e+05
2.9996e+05
3.0457e+05
3.0918e+05
3.1379e+05
3.184e+05
3.2301e+05
3.2761e+05
3.3219e+05
3.3677e+05
3.4134e+05
3.4588e+05
3.5041e+05
3.5492e+05
3.594e+05
3.6386e+05
3.6829e+05
3.7268e+05
3.7705e+05
3.8138e+05
3.8567e+05
3.8992e+05
3.9414e+05
3.983e+05
4.0243e+05
4.065e+05
4.1053e+05
4.1451e+05
4.1843e+05
4.223e+05
4.2611e+05
4.2987e+05
4.3356e+05
4.3719e+05
4.4077e+05
4.4427e+05
4.4771e+05
4.5109e+05
4.5439e+05
4.5763e+05
4.6079e+05
4.6388e+05
4.669e+05
4.6985e+05
4.7271e+05
4.755e+05
4.7822e+05
4.8085e+05
4.834e+05
4.8587e+05
4.8826e+05
4.9057e+05
4.9279e+05
4.9493e+05
4.9698e+05
4.9895e+05
5.0083e+05
5.0262e+05
5.0432e+05
5.0594e+05
5.0747e+05
5.089e+05
5.1025e+05
5.1151e+05
5.1267e+05
5.1375e+05
5.1473e+05
5.1562e+05
5.1642e+05
5.1713e+05
5.1775e+05
5.1827e+05
5.187e+05
5.1904e+05
5.1929e+05
5.1945e+05
5.1951e+05
5.1948e+05
5.1936e+05
5.1915e+05
5.1884e+05
5.1845e+05
5.1796e+05
5.1739e+05
5.1672e+05
5.1597e+05
5.1513e+05
5.1419e+05
5.1317e+05
5.1207e+05
5.1088e+05
5.096e+05
5.0823e+05
5.0679e+05
5.0525e+05
5.0364e+05
5.0194e+05
5.0016e+05
4.9831e+05
4.9637e+05
4.9435e+05
4.9226e+05
4.9009e+05
4.8785e+05
4.8553e+05
4.8314e+05
4.8067e+05
4.7814e+05
4.7554e+05
4.7286e+05
4.7012e+05
4.6732e+05
4.6445e+05
4.6151e+05
4.5852e+05
4.5546e+05
4.5235e+05
4.4917e+05
4.4594e+05
4.4266e+05
4.3932e+05
4.3593e+05
4.3249e+05
4.29e+05
4.2546e+05
4.2187e+05
4.1824e+05
4.1457e+05
4.1085e+05
4.071e+05
4.0331e+05
3.9948e+05
3.9561e+05
3.9171e+05
3.8778e+05
3.8382e+05
3.7983e+05
3.7582e+05
3.7178e+05
3.6771e+05
3.6362e+05
3.5952e+05
3.5539e+05
3.5125e+05
3.4709e+05
3.4292e+05
3.3874e+05
3.3454e+05
3.3034e+05
3.2613e+05
3.2192e+05
3.177e+05
3.1348e+05
3.0926e+05
3.0505e+05
3.0083e+05
2.9662e+05
2.9242e+05
2.8823e+05
2.8404e+05
2.7987e+05
2.7571e+05
2.7156e+05
2.6744e+05
2.6332e+05
2.5923e+05
2.5516e+05
2.5111e+05
2.4709e+05
2.4309e+05
2.3912e+05
2.3517e+05
2.3126e+05
2.2737e+05
2.2352e+05
2.1971e+05
2.1593e+05
2.1218e+05
2.0847e+05
2.0481e+05
2.0118e+05
1.976e+05
1.9406e+05
1.9056e+05
1.8711e+05
1.837e+05
1.8035e+05
1.7704e+05
1.7379e+05
1.7058e+05
1.6743e+05
1.6433e+05
1.6129e+05
1.5831e+05
1.5538e+05
1.5251e+05
1.4969e+05
1.4694e+05
1.4425e+05
1.4163e+05
1.3906e+05
1.3656e+05
1.3413e+05
1.3176e+05
1.2946e+05
1.2723e+05
1.2507e+05
1.2297e+05
1.2095e+05
1.19e+05
1.1712e+05
1.1532e+05
1.1359e+05
1.1194e+05
1.1036e+05
1.0886e+05
1.0743e+05
1.0609e+05
1.0482e+05
1.0363e+05
1.0253e+05
1.015e+05
1.0056e+05
99703
98927
98235
97628
97106
96670
96321
96058
95883
95796
95797
95886
96065
96334
96692
97140
97678
98308
99027
99838
1.0074e+05
1.0173e+05
1.0282e+05
1.0399e+05
1.0526e+05
1.0662e+05
1.0806e+05
1.096e+05
1.1123e+05
1.1295e+05
1.1476e+05
1.1666e+05
1.1865e+05
1.2073e+05
1.2289e+05
1.2515e+05
1.2749e+05
1.2992e+05
1.3243e+05
1.3503e+05
1.3772e+05
1.4049e+05
1.4334e+05
1.4628e+05
1.493e+05
1.524e+05
1.5558e+05
1.5884e+05
1.6218e+05
1.6559e+05
1.6908e+05
1.7265e+05
1.763e+05
1.8001e+05
1.838e+05
1.8766e+05
1.916e+05
1.956e+05
1.9967e+05
2.038e+05
2.0801e+05
2.1227e+05
2.1661e+05
2.21e+05
2.2546e+05
2.2998e+05
2.3455e+05
2.3919e+05
2.4388e+05
2.4863e+05
2.5344e+05
2.583e+05
2.6321e+05
2.6818e+05
2.7319e+05
2.7826e+05
2.8337e+05
2.8853e+05
2.9374e+05
2.99e+05
3.043e+05
3.0964e+05
3.1503e+05
3.2046e+05
3.2593e+05
3.3144e+05
3.3699e+05
3.4258e+05
3.4821e+05
3.5387e+05
3.5957e+05
3.6531e+05
3.7107e+05
3.7688e+05
3.8271e+05
3.8858e+05
3.9447e+05
4.004e+05
4.0636e+05
4.1234e+05
4.1835e+05
4.2439e+05
4.3046e+05
4.3655e+05
4.4266e+05
4.488e+05
4.5495e+05
4.6113e+05
4.6733e+05
4.7355e+05
4.7979e+05
4.8604e+05
4.9231e+05
4.986e+05
5.049e+05
5.1121e+05
5.1754e+05
5.2387e+05
5.3022e+05
5.3657e+05
5.4293e+05
5.493e+05
5.5567e+05
5.6205e+05
5.6842e+05
5.748e+05
5.8118e+05
5.8755e+05
5.9392e+05
6.0029e+05
6.0665e+05
6.13e+05
6.1934e+05
6.2567e+05
6.3199e+05
6.3829e+05
6.4458e+05
6.5085e+05
6.571e+05
6.6333e+05
6.6954e+05
6.7572e+05
6.8188e+05
6.8801e+05
6.9411e+05
7.0018e+05
7.0622e+05
7.1222e+05
7.1819e+05
7.2412e+05
7.3001e+05
7.3586e+05
7.4167e+05
7.4743e+05
7.5315e+05
7.5882e+05
7.6444e+05
7.7001e+05
7.7553e+05
7.81e+05
7.8641e+05
7.9176e+05
7.9706e+05
8.023e+05
8.0748e+05
8.126e+05
8.1765e+05
8.2264e+05
8.2757e+05
8.3243e+05
8.3722e+05
8.4194e+05
8.466e+05
8.5118e+05
8.557e+05
8.6014e+05
8.6451e+05
8.688e+05
8.7302e+05
8.7717e+05
8.8124e+05
8.8524e+05
8.8915e+05
8.9299e+05
8.9676e+05
9.0044e+05
9.0405e+05
9.0758e+05
9.1102e+05
9.1439e+05
9.1768e+05
9.2089e+05
9.2402e+05
9.2707e+05
9.3004e+05
9.3292e+05
9.3573e+05
9.3846e+05
9.411e+05
9.4367e+05
9.4615e+05
9.4856e+05
9.5088e+05
9.5312e+05
9.5528e+05
9.5737e+05
9.5937e+05
9.6129e+05
9.6313e+05
9.6489e+05
9.6657e+05
9.6818e+05
9.697e+05
9.7114e+05
9.7251e+05
9.7379e+05
9.75e+05
9.7613e+05
9.7718e+05
9.7815e+05
9.7905e+05
9.7986e+05
9.806e+05
9.8126e+05
9.8184e+05
9.8235e+05
9.8278e+05
9.8313e+05
9.8341e+05
9.8361e+05
9.8373e+05
9.8378e+05
9.8375e+05
9.8364e+05
9.8346e+05
9.832e+05
9.8287e+05
9.8246e+05
9.8198e+05
9.8142e+05
9.8079e+05
9.8008e+05
9.793e+05
9.7844e+05
9.7751e+05
9.7651e+05
9.7543e+05
9.7427e+05
9.7305e+05
9.7175e+05
9.7038e+05
9.6894e+05
9.6742e+05
9.6583e+05
9.6417e+05
9.6244e+05
9.6064e+05
9.5876e+05
9.5682e+05
9.548e+05
9.5272e+05
9.5056e+05
9.4834e+05
9.4605e+05
9.4369e+05
9.4126e+05
9.3877e+05
9.3621e+05
9.3358e+05
9.3088e+05
9.2812e+05
9.253e+05
9.2241e+05
9.1946e+05
9.1645e+05
9.1337e+05
9.1023e+05
9.0703e+05
9.0377e+05
9.0045e+05
8.9707e+05
8.9364e+05
8.9014e+05
8.8659e+05
8.8298e+05
8.7932e+05
8.756e+05
8.7183e+05
8.68e+05
8.6412e+05
8.6019e+05
8.5621e+05
8.5218e+05
8.481e+05
8.4397e+05
8.3979e+05
8.3556e+05
8.3129e+05
8.2698e+05
8.2262e+05
8.1821e+05
8.1377e+05
8.0928e+05
8.0475e+05
8.0018e+05
7.9557e+05
7.9092e+05
7.8623e+05
7.8151e+05
7.7675e+05
7.7195e+05
7.6712e+05
7.6226e+05
7.5736e+05
7.5243e+05
7.4747e+05
7.4248e+05
7.3746e+05
7.3241e+05
7.2733e+05
7.2223e+05
7.171e+05
7.1194e+05
7.0676e+05
7.0156e+05
6.9633e+05
6.9108e+05
6.8581e+05
6.8052e+05
6.7521e+05
6.6988e+05
6.6453e+05
6.5917e+05
6.5379e+05
6.4839e+05
6.4298e+05
6.3755e+05
6.3211e+05
6.2666e+05
6.212e+05
6.1572e+05
6.1024e+05
6.0474e+05
5.9924e+05
5.9373e+05
5.8822e+05
5.8269e+05
5.7717e+05
5.7163e+05
5.661e+05
5.6056e+05
5.5502e+05
5.4948e+05
5.4394e+05
5.384e+05
5.3286e+05
5.2732e+05
5.2178e+05
5.1625e+05
5.1073e+05
5.052e+05
4.9969e+05
4.9418e+05
4.8868e+05
4.8318e+05
4.777e+05
4.7222e+05
4.6676e+05
4.6131e+05
4.5587e+05
4.5044e+05
4.4502e+05
4.3962e+05
4.3423e+05
4.2886e+05
4.235e+05
4.1816e+05
4.1284e+05
4.0754e+05
4.0225e+05
3.9698e+05
3.9174e+05
3.8651e+05
3.813e+05
3.7612e+05
3.7096e+05
3.6582e+05
3.607e+05
3.5561e+05
3.5054e+05
3.4549e+05
3.4048e+05
3.3548e+05
3.3051e+05
3.2557e+05
3.2066e+05
3.1577e+05
3.1091e+05
3.0608e+05
3.0128e+05
2.9651e+05
2.9176e+05
2.8705e+05
2.8236e+05
2.7771e+05
2.7309e+05
2.6849e+05
2.6393e+05
2.5941e+05
2.5491e+05
2.5044e+05
2.4601e+05
2.4161e+05
2.3725e+05
2.3291e+05
2.2861e+05
2.2435e+05
2.2012e+05
2.1592e+05
2.1176e+05
2.0763e+05
2.0354e+05
1.9948e+05
1.9546e+05
1.9147e+05
1.8752e+05
1.8361e+05
1.7973e+05
1.7589e+05
1.7208e+05
1.6832e+05
1.6458e+05
1.6089e+05
1.5723e+05
1.5361e+05
1.5003e+05
1.4648e+05
1.4298e+05
1.3951e+05
1.3608e+05
1.3268e+05
1.2933e+05
1.2601e+05
1.2273e+05
1.1949e+05
1.1629e+05
1.1313e+05
1.1e+05
1.0692e+05
1.0387e+05
1.0086e+05
97896
94967
92076
89225
86413
83640
80906
78211
75555
72938
70360
67821
65321
62860
60437
58054
55708
53402
51133
48903
46711
44557
42441
40362
38321
36317
34351
32421
30528
28671
26851
25067
23319
21606
19929
18287
16679
15106
13568
12063
10592
9154.2
7749.7
6377.9
5038.7
3731.6
2456.3
1212.5
0
