6.9082e+05
6.9645e+05
7.0201e+05
7.0749e+05
7.1291e+05
7.1826e+05
7.2355e+05
7.2879e+05
7.3397e+05
7.3911e+05
7.442e+05
7.4925e+05
7.5426e+05
7.5924e+05
7.6418e+05
7.691e+05
7.7398e+05
7.7883e+05
7.8366e+05
7.8847e+05
7.9324e+05
7.98e+05
8.0272e+05
8.0743e+05
8.1211e+05
8.1676e+05
8.2139e+05
8.2599e+05
8.3057e+05
8.3512e+05
8.3963e+05
8.4412e+05
8.4857e+05
8.5298e+05
8.5736e+05
8.617e+05
8.6599e+05
8.7025e+05
8.7446e+05
8.7862e+05
8.8273e+05
8.8678e+05
8.9078e+05
8.9473e+05
8.9861e+05
9.0243e+05
9.0619e+05
9.0988e+05
9.135e+05
9.1705e+05
9.2052e+05
9.2392e+05
9.2724e+05
9.3048e+05
9.3364e+05
9.3671e+05
9.397e+05
9.426e+05
9.4541e+05
9.4814e+05
9.5076e+05
9.533e+05
9.5574e+05
9.5808e+05
9.6033e+05
9.6248e+05
9.6452e+05
9.6647e+05
9.6832e+05
9.7006e+05
9.7171e+05
9.7325e+05
9.7468e+05
9.7601e+05
9.7724e+05
9.7836e+05
9.7938e+05
9.8029e+05
9.8109e+05
9.8179e+05
9.8239e+05
9.8288e+05
9.8326e+05
9.8354e+05
9.8371e+05
9.8378e+05
9.8374e+05
9.836e+05
9.8335e+05
9.83e+05
9.8255e+05
9.8199e+05
9.8133e+05
9.8057e+05
9.7971e+05
9.7874e+05
9.7768e+05
9.7651e+05
9.7525e+05
9.7388e+05
9.7242e+05
9.7087e+05
9.6921e+05
9.6746e+05
9.6562e+05
9.6368e+05
9.6165e+05
9.5952e+05
9.5731e+05
9.55e+05
9.526e+05
9.5012e+05
9.4754e+05
9.4488e+05
9.4214e+05
9.3931e+05
9.3639e+05
9.334e+05
9.3032e+05
9.2716e+05
9.2392e+05
9.206e+05
9.1721e+05
9.1374e+05
9.1019e+05
9.0658e+05
9.0289e+05
8.9913e+05
8.953e+05
8.914e+05
8.8743e+05
8.834e+05
8.7931e+05
8.7515e+05
8.7093e+05
8.6665e+05
8.6231e+05
8.5791e+05
8.5346e+05
8.4896e+05
8.444e+05
8.3979e+05
8.3513e+05
8.3042e+05
8.2566e+05
8.2086e+05
8.1602e+05
8.1113e+05
8.0621e+05
8.0124e+05
7.9624e+05
7.912e+05
7.8612e+05
7.8102e+05
7.7588e+05
7.7071e+05
7.6552e+05
7.603e+05
7.5506e+05
7.4979e+05
7.445e+05
7.392e+05
7.3387e+05
7.2854e+05
7.2318e+05
7.1782e+05
7.1244e+05
7.0706e+05
7.0167e+05
6.9627e+05
6.9088e+05
6.8548e+05
6.8008e+05
6.7468e+05
6.6929e+05
6.6391e+05
6.5853e+05
6.5317e+05
6.4781e+05
6.4247e+05
6.3714e+05
6.3184e+05
6.2655e+05
6.2128e+05
6.1603e+05
6.1082e+05
6.0562e+05
6.0046e+05
5.9532e+05
5.9022e+05
5.8515e+05
5.8012e+05
5.7513e+05
5.7017e+05
5.6526e+05
5.6039e+05
5.5556e+05
5.5078e+05
5.4605e+05
5.4137e+05
5.3673e+05
5.3215e+05
5.2763e+05
5.2316e+05
5.1874e+05
5.1439e+05
5.1009e+05
5.0586e+05
5.0169e+05
4.9758e+05
4.9354e+05
4.8956e+05
4.8565e+05
4.8181e+05
4.7803e+05
4.7433e+05
4.707e+05
4.6714e+05
4.6365e+05
4.6024e+05
4.569e+05
4.5364e+05
4.5046e+05
4.4735e+05
4.4431e+05
4.4136e+05
4.3848e+05
4.3568e+05
4.3297e+05
4.3033e+05
4.2777e+05
4.2529e+05
4.2289e+05
4.2057e+05
4.1833e+05
4.1618e+05
4.141e+05
4.1211e+05
4.1019e+05
4.0836e+05
4.0661e+05
4.0494e+05
4.0335e+05
4.0184e+05
4.0041e+05
3.9906e+05
3.9779e+05
3.9661e+05
3.955e+05
3.9447e+05
3.9352e+05
3.9264e+05
3.9185e+05
3.9113e+05
3.9049e+05
3.8992e+05
3.8943e+05
3.8902e+05
3.8868e+05
3.8842e+05
3.8823e+05
3.8811e+05
3.8806e+05
3.8809e+05
3.8819e+05
3.8835e+05
3.8859e+05
3.8889e+05
3.8926e+05
3.897e+05
3.9021e+05
3.9077e+05
3.9141e+05
3.921e+05
3.9286e+05
3.9368e+05
3.9455e+05
3.9549e+05
3.9648e+05
3.9753e+05
3.9864e+05
3.998e+05
4.0101e+05
4.0227e+05
4.0358e+05
4.0495e+05
4.0636e+05
4.0781e+05
4.0932e+05
4.1086e+05
4.1245e+05
4.1408e+05
4.1575e+05
4.1745e+05
4.192e+05
4.2098e+05
4.2279e+05
4.2463e+05
4.2651e+05
4.2842e+05
4.3035e+05
4.3231e+05
4.343e+05
4.3631e+05
4.3834e+05
4.404e+05
4.4248e+05
4.4457e+05
4.4668e+05
4.4881e+05
4.5095e+05
4.5311e+05
4.5528e+05
4.5746e+05
4.5965e+05
4.6185e+05
4.6406e+05
4.6628e+05
4.685e+05
4.7073e+05
4.7296e+05
4.752e+05
4.7744e+05
4.7969e+05
4.8194e+05
4.8418e+05
4.8643e+05
4.8868e+05
4.9093e+05
4.9318e+05
4.9543e+05
4.9768e+05
4.9993e+05
5.0218e+05
5.0443e+05
5.0667e+05
5.0892e+05
5.1116e+05
5.1341e+05
5.1565e+05
5.179e+05
5.2014e+05
5.2239e+05
5.2463e+05
5.2688e+05
5.2913e+05
5.3138e+05
5.3363e+05
5.3589e+05
5.3815e+05
5.4042e+05
5.4268e+05
5.4496e+05
5.4724e+05
5.4953e+05
5.5182e+05
5.5412e+05
5.5643e+05
5.5875e+05
5.6107e+05
5.6341e+05
5.6575e+05
5.6811e+05
5.7047e+05
5.7285e+05
5.7524e+05
5.7764e+05
5.8005e+05
5.8247e+05
5.849e+05
5.8735e+05
5.8981e+05
5.9228e+05
5.9476e+05
5.9725e+05
5.9975e+05
6.0227e+05
6.0479e+05
6.0733e+05
6.0988e+05
6.1243e+05
6.1499e+05
6.1756e+05
6.2014e+05
6.2272e+05
6.2531e+05
6.279e+05
6.3049e+05
6.3309e+05
6.3568e+05
6.3828e+05
6.4087e+05
6.4346e+05
6.4605e+05
6.4863e+05
6.512e+05
6.5377e+05
6.5632e+05
6.5886e+05
6.6138e+05
6.6389e+05
6.6639e+05
6.6886e+05
6.7131e+05
6.7374e+05
6.7615e+05
6.7853e+05
6.8088e+05
6.8321e+05
6.855e+05
6.8776e+05
6.8998e+05
6.9217e+05
6.9431e+05
6.9642e+05
6.9849e+05
7.0051e+05
7.0249e+05
7.0442e+05
7.0631e+05
7.0814e+05
7.0993e+05
7.1166e+05
7.1334e+05
7.1497e+05
7.1654e+05
7.1805e+05
7.195e+05
7.209e+05
7.2224e+05
7.2351e+05
7.2473e+05
7.2588e+05
7.2697e+05
7.28e+05
7.2896e+05
7.2986e+05
7.3069e+05
7.3146e+05
7.3217e+05
7.3281e+05
7.3338e+05
7.3389e+05
7.3434e+05
7.3472e+05
7.3503e+05
7.3528e+05
7.3547e+05
7.3559e+05
7.3565e+05
7.3565e+05
7.3558e+05
7.3546e+05
7.3527e+05
7.3502e+05
7.3471e+05
7.3435e+05
7.3392e+05
7.3344e+05
7.3291e+05
7.3231e+05
7.3167e+05
7.3097e+05
7.3021e+05
7.2941e+05
7.2856e+05
7.2766e+05
7.267e+05
7.2571e+05
7.2466e+05
7.2357e+05
7.2244e+05
7.2126e+05
7.2005e+05
7.1879e+05
7.1749e+05
7.1615e+05
7.1478e+05
7.1337e+05
7.1192e+05
7.1044e+05
7.0892e+05
7.0737e+05
7.0579e+05
7.0418e+05
7.0254e+05
7.0086e+05
6.9916e+05
6.9743e+05
6.9567e+05
6.9389e+05
6.9208e+05
6.9025e+05
6.8839e+05
6.865e+05
6.8459e+05
6.8266e+05
6.8071e+05
6.7873e+05
6.7673e+05
6.7471e+05
6.7267e+05
6.7061e+05
6.6853e+05
6.6642e+05
6.643e+05
6.6216e+05
6.6e+05
6.5782e+05
6.5562e+05
6.534e+05
6.5116e+05
6.489e+05
6.4662e+05
6.4433e+05
6.4202e+05
6.3968e+05
6.3733e+05
6.3497e+05
6.3258e+05
6.3017e+05
6.2775e+05
6.2531e+05
6.2285e+05
6.2037e+05
6.1787e+05
6.1535e+05
6.1282e+05
6.1027e+05
6.0769e+05
6.051e+05
6.025e+05
5.9987e+05
5.9722e+05
5.9456e+05
5.9188e+05
5.8918e+05
5.8646e+05
5.8372e+05
5.8097e+05
5.7819e+05
5.754e+05
5.7259e+05
5.6977e+05
5.6692e+05
5.6406e+05
5.6118e+05
5.5828e+05
5.5537e+05
5.5243e+05
5.4949e+05
5.4652e+05
5.4354e+05
5.4054e+05
5.3753e+05
5.345e+05
5.3145e+05
5.2839e+05
5.2531e+05
5.2222e+05
5.1912e+05
5.16e+05
5.1286e+05
5.0971e+05
5.0655e+05
5.0338e+05
5.0019e+05
4.97e+05
4.9378e+05
4.9056e+05
4.8733e+05
4.8408e+05
4.8083e+05
4.7756e+05
4.7429e+05
4.7101e+05
4.6771e+05
4.6441e+05
4.611e+05
4.5778e+05
4.5446e+05
4.5113e+05
4.4779e+05
4.4444e+05
4.4109e+05
4.3773e+05
4.3437e+05
4.3101e+05
4.2764e+05
4.2426e+05
4.2089e+05
4.1751e+05
4.1412e+05
4.1074e+05
4.0735e+05
4.0397e+05
4.0058e+05
3.9719e+05
3.938e+05
3.9041e+05
3.8702e+05
3.8363e+05
3.8024e+05
3.7686e+05
3.7348e+05
3.701e+05
3.6672e+05
3.6334e+05
3.5997e+05
3.5661e+05
3.5324e+05
3.4988e+05
3.4653e+05
3.4318e+05
3.3984e+05
3.365e+05
3.3317e+05
3.2984e+05
3.2653e+05
3.2321e+05
3.1991e+05
3.1661e+05
3.1333e+05
3.1005e+05
3.0677e+05
3.0351e+05
3.0026e+05
2.9701e+05
2.9378e+05
2.9055e+05
2.8734e+05
2.8413e+05
2.8094e+05
2.7775e+05
2.7458e+05
2.7141e+05
2.6826e+05
2.6512e+05
2.6199e+05
2.5888e+05
2.5577e+05
2.5268e+05
2.496e+05
2.4653e+05
2.4347e+05
2.4042e+05
2.3739e+05
2.3437e+05
2.3137e+05
2.2837e+05
2.2539e+05
2.2242e+05
2.1947e+05
2.1653e+05
2.136e+05
2.1068e+05
2.0778e+05
2.0489e+05
2.0201e+05
1.9915e+05
1.963e+05
1.9346e+05
1.9064e+05
1.8783e+05
1.8503e+05
1.8224e+05
1.7947e+05
1.7671e+05
1.7396e+05
1.7123e+05
1.685e+05
1.6579e+05
1.631e+05
1.6041e+05
1.5773e+05
1.5507e+05
1.5242e+05
1.4978e+05
1.4716e+05
1.4454e+05
1.4193e+05
1.3934e+05
1.3676e+05
1.3418e+05
1.3162e+05
1.2907e+05
1.2653e+05
1.24e+05
1.2148e+05
1.1897e+05
1.1646e+05
1.1397e+05
1.1149e+05
1.0902e+05
1.0655e+05
1.041e+05
1.0165e+05
99211
96782
94361
91948
89544
87147
84759
82379
80007
77643
75286
72937
70596
68262
65936
63618
61307
59004
56709
54421
52141
49869
47604
45348
43099
40858
38626
36401
34185
31978
29779
27589
25408
23236
21073
18920
16776
14642
12519
10405
8302.2
6209.9
4128.7
2058.6
0
