6.0821e+05
6.0965e+05
6.11e+05
6.1224e+05
6.1339e+05
6.1444e+05
6.1539e+05
6.1624e+05
6.17e+05
6.1766e+05
6.1822e+05
6.187e+05
6.1908e+05
6.1937e+05
6.1958e+05
6.1969e+05
6.1972e+05
6.1966e+05
6.1951e+05
6.1929e+05
6.1898e+05
6.1859e+05
6.1812e+05
6.1757e+05
6.1694e+05
6.1625e+05
6.1547e+05
6.1463e+05
6.1371e+05
6.1273e+05
6.1168e+05
6.1056e+05
6.0938e+05
6.0813e+05
6.0682e+05
6.0546e+05
6.0403e+05
6.0255e+05
6.0102e+05
5.9943e+05
5.9779e+05
5.961e+05
5.9436e+05
5.9258e+05
5.9075e+05
5.8888e+05
5.8696e+05
5.8501e+05
5.8301e+05
5.8098e+05
5.7891e+05
5.7681e+05
5.7467e+05
5.7251e+05
5.7031e+05
5.6809e+05
5.6584e+05
5.6356e+05
5.6126e+05
5.5894e+05
5.566e+05
5.5423e+05
5.5185e+05
5.4945e+05
5.4703e+05
5.446e+05
5.4216e+05
5.397e+05
5.3724e+05
5.3476e+05
5.3227e+05
5.2978e+05
5.2728e+05
5.2477e+05
5.2226e+05
5.1975e+05
5.1723e+05
5.1471e+05
5.1219e+05
5.0967e+05
5.0715e+05
5.0463e+05
5.0212e+05
4.996e+05
4.9709e+05
4.9459e+05
4.9209e+05
4.896e+05
4.8711e+05
4.8463e+05
4.8215e+05
4.7968e+05
4.7723e+05
4.7478e+05
4.7233e+05
4.699e+05
4.6748e+05
4.6507e+05
4.6266e+05
4.6027e+05
4.5789e+05
4.5552e+05
4.5316e+05
4.5081e+05
4.4847e+05
4.4614e+05
4.4382e+05
4.4152e+05
4.3923e+05
4.3694e+05
4.3467e+05
4.3241e+05
4.3016e+05
4.2792e+05
4.2569e+05
4.2347e+05
4.2126e+05
4.1906e+05
4.1687e+05
4.1469e+05
4.1252e+05
4.1036e+05
4.0821e+05
4.0606e+05
4.0393e+05
4.018e+05
3.9968e+05
3.9756e+05
3.9545e+05
3.9335e+05
3.9125e+05
3.8916e+05
3.8707e+05
3.8499e+05
3.8291e+05
3.8083e+05
3.7876e+05
3.7668e+05
3.7462e+05
3.7255e+05
3.7048e+05
3.6842e+05
3.6635e+05
3.6428e+05
3.6222e+05
3.6015e+05
3.5808e+05
3.5601e+05
3.5393e+05
3.5186e+05
3.4977e+05
3.4769e+05
3.456e+05
3.435e+05
3.414e+05
3.393e+05
3.3719e+05
3.3507e+05
3.3294e+05
3.3081e+05
3.2867e+05
3.2653e+05
3.2437e+05
3.2221e+05
3.2003e+05
3.1785e+05
3.1566e+05
3.1346e+05
3.1125e+05
3.0903e+05
3.068e+05
3.0456e+05
3.0231e+05
3.0004e+05
2.9777e+05
2.9549e+05
2.9319e+05
2.9089e+05
2.8857e+05
2.8625e+05
2.8391e+05
2.8156e+05
2.792e+05
2.7683e+05
2.7445e+05
2.7206e+05
2.6966e+05
2.6725e+05
2.6483e+05
2.624e+05
2.5996e+05
2.5751e+05
2.5505e+05
2.5259e+05
2.5012e+05
2.4764e+05
2.4515e+05
2.4265e+05
2.4015e+05
2.3765e+05
2.3514e+05
2.3262e+05
2.301e+05
2.2758e+05
2.2505e+05
2.2253e+05
2.2e+05
2.1747e+05
2.1494e+05
2.1241e+05
2.0988e+05
2.0735e+05
2.0483e+05
2.0231e+05
1.998e+05
1.9729e+05
1.9479e+05
1.923e+05
1.8981e+05
1.8733e+05
1.8487e+05
1.8241e+05
1.7997e+05
1.7754e+05
1.7513e+05
1.7273e+05
1.7035e+05
1.6798e+05
1.6564e+05
1.6331e+05
1.61e+05
1.5872e+05
1.5646e+05
1.5423e+05
1.5202e+05
1.4984e+05
1.4768e+05
1.4556e+05
1.4346e+05
1.414e+05
1.3937e+05
1.3738e+05
1.3542e+05
1.3349e+05
1.3161e+05
1.2976e+05
1.2796e+05
1.262e+05
1.2448e+05
1.228e+05
1.2117e+05
1.1959e+05
1.1805e+05
1.1657e+05
1.1513e+05
1.1375e+05
1.1242e+05
1.1114e+05
1.0992e+05
1.0876e+05
1.0765e+05
1.0661e+05
1.0562e+05
1.047e+05
1.0384e+05
1.0304e+05
1.0231e+05
1.0164e+05
1.0105e+05
1.0052e+05
1.0006e+05
99665
99347
99101
98930
98832
98811
98866
98998
99209
99499
99869
1.0032e+05
1.0085e+05
1.0147e+05
1.0217e+05
1.0295e+05
1.0382e+05
1.0477e+05
1.0581e+05
1.0694e+05
1.0815e+05
1.0945e+05
1.1084e+05
1.1232e+05
1.1389e+05
1.1554e+05
1.1729e+05
1.1913e+05
1.2106e+05
1.2308e+05
1.2519e+05
1.2739e+05
1.2969e+05
1.3207e+05
1.3455e+05
1.3712e+05
1.3978e+05
1.4254e+05
1.4539e+05
1.4833e+05
1.5136e+05
1.5448e+05
1.577e+05
1.61e+05
1.644e+05
1.6789e+05
1.7147e+05
1.7514e+05
1.7891e+05
1.8276e+05
1.867e+05
1.9072e+05
1.9484e+05
1.9904e+05
2.0334e+05
2.0771e+05
2.1218e+05
2.1672e+05
2.2136e+05
2.2607e+05
2.3087e+05
2.3575e+05
2.4071e+05
2.4575e+05
2.5087e+05
2.5607e+05
2.6134e+05
2.6669e+05
2.7211e+05
2.7761e+05
2.8318e+05
2.8882e+05
2.9454e+05
3.0032e+05
3.0616e+05
3.1208e+05
3.1806e+05
3.241e+05
3.302e+05
3.3637e+05
3.4259e+05
3.4887e+05
3.5521e+05
3.616e+05
3.6804e+05
3.7454e+05
3.8108e+05
3.8768e+05
3.9432e+05
4.01e+05
4.0773e+05
4.1449e+05
4.213e+05
4.2815e+05
4.3503e+05
4.4194e+05
4.4889e+05
4.5587e+05
4.6287e+05
4.699e+05
4.7696e+05
4.8404e+05
4.9114e+05
4.9826e+05
5.0539e+05
5.1254e+05
5.1971e+05
5.2688e+05
5.3406e+05
5.4125e+05
5.4845e+05
5.5565e+05
5.6285e+05
5.7004e+05
5.7724e+05
5.8443e+05
5.9161e+05
5.9878e+05
6.0594e+05
6.1309e+05
6.2022e+05
6.2733e+05
6.3443e+05
6.415e+05
6.4855e+05
6.5557e+05
6.6257e+05
6.6954e+05
6.7647e+05
6.8337e+05
6.9024e+05
6.9706e+05
7.0385e+05
7.1059e+05
7.173e+05
7.2395e+05
7.3056e+05
7.3712e+05
7.4363e+05
7.5008e+05
7.5648e+05
7.6282e+05
7.6911e+05
7.7533e+05
7.8149e+05
7.8759e+05
7.9362e+05
7.9958e+05
8.0547e+05
8.113e+05
8.1704e+05
8.2272e+05
8.2832e+05
8.3384e+05
8.3928e+05
8.4464e+05
8.4992e+05
8.5511e+05
8.6022e+05
8.6524e+05
8.7017e+05
8.7502e+05
8.7977e+05
8.8443e+05
8.8899e+05
8.9347e+05
8.9784e+05
9.0212e+05
9.063e+05
9.1038e+05
9.1435e+05
9.1823e+05
9.22e+05
9.2567e+05
9.2923e+05
9.3269e+05
9.3604e+05
9.3929e+05
9.4242e+05
9.4544e+05
9.4836e+05
9.5116e+05
9.5385e+05
9.5643e+05
9.589e+05
9.6125e+05
9.6349e+05
9.6561e+05
9.6762e+05
9.6951e+05
9.7128e+05
9.7294e+05
9.7448e+05
9.7591e+05
9.7721e+05
9.784e+05
9.7947e+05
9.8042e+05
9.8126e+05
9.8197e+05
9.8257e+05
9.8305e+05
9.8341e+05
9.8365e+05
9.8377e+05
9.8378e+05
9.8366e+05
9.8343e+05
9.8308e+05
9.8261e+05
9.8203e+05
9.8133e+05
9.8051e+05
9.7958e+05
9.7853e+05
9.7736e+05
9.7608e+05
9.7469e+05
9.7318e+05
9.7156e+05
9.6983e+05
9.6798e+05
9.6602e+05
9.6396e+05
9.6178e+05
9.5949e+05
9.571e+05
9.546e+05
9.5199e+05
9.4928e+05
9.4646e+05
9.4354e+05
9.4051e+05
9.3739e+05
9.3416e+05
9.3083e+05
9.2741e+05
9.2389e+05
9.2027e+05
9.1655e+05
9.1274e+05
9.0884e+05
9.0485e+05
9.0077e+05
8.9659e+05
8.9233e+05
8.8798e+05
8.8355e+05
8.7904e+05
8.7444e+05
8.6976e+05
8.65e+05
8.6016e+05
8.5524e+05
8.5025e+05
8.4519e+05
8.4005e+05
8.3484e+05
8.2956e+05
8.2421e+05
8.188e+05
8.1332e+05
8.0778e+05
8.0218e+05
7.9651e+05
7.9079e+05
7.8501e+05
7.7917e+05
7.7328e+05
7.6734e+05
7.6134e+05
7.553e+05
7.4921e+05
7.4307e+05
7.3689e+05
7.3066e+05
7.244e+05
7.1809e+05
7.1175e+05
7.0537e+05
6.9895e+05
6.925e+05
6.8603e+05
6.7952e+05
6.7298e+05
6.6642e+05
6.5983e+05
6.5321e+05
6.4658e+05
6.3993e+05
6.3325e+05
6.2657e+05
6.1986e+05
6.1314e+05
6.0641e+05
5.9967e+05
5.9292e+05
5.8616e+05
5.794e+05
5.7263e+05
5.6586e+05
5.5909e+05
5.5232e+05
5.4555e+05
5.3878e+05
5.3202e+05
5.2526e+05
5.1852e+05
5.1178e+05
5.0505e+05
4.9833e+05
4.9162e+05
4.8493e+05
4.7826e+05
4.716e+05
4.6497e+05
4.5835e+05
4.5175e+05
4.4517e+05
4.3862e+05
4.321e+05
4.256e+05
4.1912e+05
4.1268e+05
4.0626e+05
3.9988e+05
3.9353e+05
3.8721e+05
3.8092e+05
3.7467e+05
3.6846e+05
3.6228e+05
3.5614e+05
3.5004e+05
3.4398e+05
3.3796e+05
3.3199e+05
3.2605e+05
3.2016e+05
3.1432e+05
3.0852e+05
3.0277e+05
2.9706e+05
2.914e+05
2.8579e+05
2.8023e+05
2.7472e+05
2.6926e+05
2.6385e+05
2.585e+05
2.5319e+05
2.4794e+05
2.4274e+05
2.376e+05
2.3251e+05
2.2748e+05
2.225e+05
2.1758e+05
2.1271e+05
2.0791e+05
2.0315e+05
1.9846e+05
1.9383e+05
1.8925e+05
1.8473e+05
1.8027e+05
1.7587e+05
1.7153e+05
1.6725e+05
1.6303e+05
1.5887e+05
1.5477e+05
1.5073e+05
1.4675e+05
1.4282e+05
1.3896e+05
1.3517e+05
1.3143e+05
1.2775e+05
1.2413e+05
1.2057e+05
1.1707e+05
1.1364e+05
1.1026e+05
1.0694e+05
1.0369e+05
1.0049e+05
97351
94272
91253
88293
85391
82548
79763
77036
74367
71755
69199
66701
64258
61871
59540
57264
55042
52874
50760
48700
46692
44736
42832
40979
39177
37426
35724
34071
32466
30910
29401
27939
26523
25153
23827
22546
21309
20115
18964
17854
16786
15758
14770
13821
12911
12039
11203
10405
9642.1
8914.5
8221.4
7562
6935.8
6341.9
5779.7
5248.6
4747.7
4276.5
3834.1
3420
3033.4
2673.7
2340.1
2031.9
1748.5
1489.1
1253.2
1039.9
848.64
678.73
529.48
400.24
290.32
199.08
125.84
69.963
30.791
7.6832
0
7.1085
28.381
63.196
110.94
170.99
