1.802e+05
1.8331e+05
1.8642e+05
1.8953e+05
1.9263e+05
1.9573e+05
1.9883e+05
2.0192e+05
2.05e+05
2.0806e+05
2.1111e+05
2.1415e+05
2.1716e+05
2.2015e+05
2.2313e+05
2.2607e+05
2.2899e+05
2.3188e+05
2.3474e+05
2.3757e+05
2.4036e+05
2.4312e+05
2.4583e+05
2.4851e+05
2.5115e+05
2.5375e+05
2.563e+05
2.5881e+05
2.6127e+05
2.6368e+05
2.6604e+05
2.6835e+05
2.7061e+05
2.7282e+05
2.7498e+05
2.7708e+05
2.7913e+05
2.8112e+05
2.8305e+05
2.8492e+05
2.8674e+05
2.885e+05
2.902e+05
2.9185e+05
2.9343e+05
2.9496e+05
2.9642e+05
2.9783e+05
2.9917e+05
3.0046e+05
3.0169e+05
3.0285e+05
3.0396e+05
3.0502e+05
3.0601e+05
3.0695e+05
3.0783e+05
3.0865e+05
3.0942e+05
3.1013e+05
3.1079e+05
3.114e+05
3.1196e+05
3.1246e+05
3.1292e+05
3.1332e+05
3.1368e+05
3.1399e+05
3.1426e+05
3.1448e+05
3.1466e+05
3.1479e+05
3.1489e+05
3.1495e+05
3.1497e+05
3.1496e+05
3.1491e+05
3.1482e+05
3.1471e+05
3.1456e+05
3.1439e+05
3.1419e+05
3.1397e+05
3.1372e+05
3.1345e+05
3.1315e+05
3.1284e+05
3.1251e+05
3.1217e+05
3.1181e+05
3.1143e+05
3.1105e+05
3.1065e+05
3.1024e+05
3.0983e+05
3.0941e+05
3.0899e+05
3.0856e+05
3.0813e+05
3.077e+05
3.0726e+05
3.0683e+05
3.064e+05
3.0598e+05
3.0556e+05
3.0514e+05
3.0473e+05
3.0433e+05
3.0393e+05
3.0355e+05
3.0317e+05
3.028e+05
3.0244e+05
3.021e+05
3.0176e+05
3.0144e+05
3.0113e+05
3.0083e+05
3.0054e+05
3.0026e+05
3e+05
2.9975e+05
2.9952e+05
2.9929e+05
2.9908e+05
2.9888e+05
2.9869e+05
2.9851e+05
2.9835e+05
2.9819e+05
2.9804e+05
2.9791e+05
2.9778e+05
2.9766e+05
2.9755e+05
2.9744e+05
2.9734e+05
2.9724e+05
2.9715e+05
2.9706e+05
2.9697e+05
2.9689e+05
2.968e+05
2.9671e+05
2.9662e+05
2.9652e+05
2.9642e+05
2.9631e+05
2.962e+05
2.9608e+05
2.9594e+05
2.958e+05
2.9564e+05
2.9547e+05
2.9528e+05
2.9508e+05
2.9485e+05
2.9461e+05
2.9435e+05
2.9407e+05
2.9376e+05
2.9343e+05
2.9307e+05
2.9269e+05
2.9227e+05
2.9183e+05
2.9136e+05
2.9085e+05
2.9032e+05
2.8975e+05
2.8914e+05
2.885e+05
2.8782e+05
2.871e+05
2.8635e+05
2.8556e+05
2.8472e+05
2.8385e+05
2.8293e+05
2.8197e+05
2.8097e+05
2.7993e+05
2.7884e+05
2.7772e+05
2.7654e+05
2.7532e+05
2.7406e+05
2.7276e+05
2.714e+05
2.7001e+05
2.6857e+05
2.6709e+05
2.6556e+05
2.6399e+05
2.6238e+05
2.6072e+05
2.5902e+05
2.5728e+05
2.555e+05
2.5368e+05
2.5182e+05
2.4992e+05
2.4798e+05
2.46e+05
2.4399e+05
2.4194e+05
2.3986e+05
2.3775e+05
2.3561e+05
2.3343e+05
2.3122e+05
2.2899e+05
2.2673e+05
2.2445e+05
2.2214e+05
2.1981e+05
2.1746e+05
2.1508e+05
2.1269e+05
2.1029e+05
2.0787e+05
2.0543e+05
2.0298e+05
2.0053e+05
1.9806e+05
1.9559e+05
1.9311e+05
1.9063e+05
1.8814e+05
1.8566e+05
1.8317e+05
1.8069e+05
1.7821e+05
1.7573e+05
1.7327e+05
1.7081e+05
1.6836e+05
1.6592e+05
1.6349e+05
1.6108e+05
1.5868e+05
1.5629e+05
1.5393e+05
1.5158e+05
1.4925e+05
1.4694e+05
1.4465e+05
1.4239e+05
1.4015e+05
1.3793e+05
1.3574e+05
1.3357e+05
1.3143e+05
1.2931e+05
1.2722e+05
1.2516e+05
1.2313e+05
1.2112e+05
1.1915e+05
1.172e+05
1.1528e+05
1.1339e+05
1.1153e+05
1.097e+05
1.079e+05
1.0612e+05
1.0437e+05
1.0266e+05
1.0097e+05
99304
97668
96058
94474
92915
91381
89871
88384
86919
85476
84054
82651
81268
79902
78553
77221
75904
74600
73310
72032
70765
69509
68261
67022
65789
64563
63343
62126
60913
59703
58494
57287
56079
54872
53663
52453
51241
50025
48807
47586
46361
45132
43899
42662
41422
40177
38929
37677
36422
35165
33906
32646
31385
30124
28865
27608
26354
25105
23863
22627
21401
20186
18983
17795
16622
15468
14335
13224
12139
11081
10053
9057.5
8097.5
7175.6
6294.8
5457.8
4667.8
3927.8
3241
2610.5
2039.7
1531.9
1090.4
718.77
420.36
198.73
57.419
0
30.073
151.25
367.18
681.48
1097.8
1619.8
2251.1
2995.3
3856
4836.9
5941.3
7173
8535.2
10031
11665
13440
15358
17423
19639
22008
24533
27217
30063
33073
36250
39597
43114
46806
50673
54718
58942
63347
67934
72705
77661
82803
88131
93646
99349
1.0524e+05
1.1132e+05
1.1759e+05
1.2404e+05
1.3068e+05
1.3751e+05
1.4453e+05
1.5173e+05
1.5911e+05
1.6667e+05
1.7442e+05
1.8234e+05
1.9044e+05
1.9872e+05
2.0717e+05
2.1579e+05
2.2457e+05
2.3352e+05
2.4263e+05
2.5189e+05
2.6131e+05
2.7088e+05
2.8059e+05
2.9045e+05
3.0044e+05
3.1057e+05
3.2083e+05
3.312e+05
3.417e+05
3.5231e+05
3.6303e+05
3.7385e+05
3.8476e+05
3.9577e+05
4.0686e+05
4.1803e+05
4.2928e+05
4.4059e+05
4.5195e+05
4.6338e+05
4.7484e+05
4.8635e+05
4.9789e+05
5.0945e+05
5.2104e+05
5.3263e+05
5.4423e+05
5.5582e+05
5.674e+05
5.7897e+05
5.9051e+05
6.0201e+05
6.1348e+05
6.2489e+05
6.3625e+05
6.4755e+05
6.5877e+05
6.6991e+05
6.8097e+05
6.9194e+05
7.028e+05
7.1355e+05
7.2419e+05
7.347e+05
7.4508e+05
7.5532e+05
7.6542e+05
7.7536e+05
7.8515e+05
7.9476e+05
8.0421e+05
8.1347e+05
8.2255e+05
8.3143e+05
8.4011e+05
8.4859e+05
8.5686e+05
8.649e+05
8.7273e+05
8.8032e+05
8.8768e+05
8.948e+05
9.0168e+05
9.0831e+05
9.1468e+05
9.2079e+05
9.2664e+05
9.3223e+05
9.3754e+05
9.4258e+05
9.4734e+05
9.5182e+05
9.5602e+05
9.5992e+05
9.6354e+05
9.6687e+05
9.699e+05
9.7264e+05
9.7508e+05
9.7722e+05
9.7906e+05
9.806e+05
9.8184e+05
9.8278e+05
9.8341e+05
9.8375e+05
9.8378e+05
9.8351e+05
9.8293e+05
9.8206e+05
9.8089e+05
9.7942e+05
9.7766e+05
9.7561e+05
9.7326e+05
9.7062e+05
9.677e+05
9.6449e+05
9.61e+05
9.5723e+05
9.5319e+05
9.4888e+05
9.443e+05
9.3946e+05
9.3435e+05
9.29e+05
9.2339e+05
9.1754e+05
9.1144e+05
9.0511e+05
8.9855e+05
8.9177e+05
8.8476e+05
8.7754e+05
8.7011e+05
8.6248e+05
8.5465e+05
8.4663e+05
8.3843e+05
8.3004e+05
8.2149e+05
8.1276e+05
8.0388e+05
7.9485e+05
7.8567e+05
7.7635e+05
7.6689e+05
7.5731e+05
7.4762e+05
7.3781e+05
7.2789e+05
7.1787e+05
7.0777e+05
6.9758e+05
6.8731e+05
6.7697e+05
6.6656e+05
6.561e+05
6.4559e+05
6.3503e+05
6.2444e+05
6.1382e+05
6.0317e+05
5.9251e+05
5.8184e+05
5.7116e+05
5.6048e+05
5.4982e+05
5.3916e+05
5.2853e+05
5.1793e+05
5.0736e+05
4.9683e+05
4.8634e+05
4.759e+05
4.6552e+05
4.552e+05
4.4495e+05
4.3476e+05
4.2466e+05
4.1463e+05
4.0469e+05
3.9484e+05
3.8509e+05
3.7543e+05
3.6588e+05
3.5643e+05
3.471e+05
3.3788e+05
3.2878e+05
3.198e+05
3.1094e+05
3.0222e+05
2.9362e+05
2.8515e+05
2.7683e+05
2.6864e+05
2.6059e+05
2.5268e+05
2.4492e+05
2.373e+05
2.2983e+05
2.2251e+05
2.1534e+05
2.0833e+05
2.0146e+05
1.9475e+05
1.8819e+05
1.8179e+05
1.7554e+05
1.6945e+05
1.6351e+05
1.5773e+05
1.5211e+05
1.4663e+05
1.4132e+05
1.3615e+05
1.3114e+05
1.2628e+05
1.2158e+05
1.1702e+05
1.1261e+05
1.0835e+05
1.0424e+05
1.0027e+05
96441
92756
89211
85804
82533
79395
76389
73513
70764
68139
65638
63256
60992
58843
56806
54879
53059
51343
49729
48214
46795
45469
44234
43086
42023
41042
40140
39314
38561
37878
37263
36713
36225
35796
35424
35105
34837
34618
34444
34313
34222
34169
34152
34167
34214
34288
34388
34511
34656
34821
35002
35198
35407
35627
35857
36094
36336
36582
36831
37080
37328
37574
37816
38053
38283
38506
38721
38925
39119
39300
39469
39624
39765
39890
40000
40093
40169
40228
40268
40290
40293
40277
40241
40186
40110
40015
39900
39765
39609
39434
39239
39023
38789
38534
38260
37968
37656
37326
36978
36613
36230
35829
35413
34980
34532
34069
33591
33099
32594
32075
31544
31001
30447
29883
29308
28723
28130
27528
26918
26302
25678
