2.6386e+05
2.6766e+05
2.7147e+05
2.7528e+05
2.7911e+05
2.8294e+05
2.8677e+05
2.9061e+05
2.9445e+05
2.9828e+05
3.0211e+05
3.0593e+05
3.0974e+05
3.1355e+05
3.1734e+05
3.2112e+05
3.2489e+05
3.2863e+05
3.3236e+05
3.3607e+05
3.3975e+05
3.4341e+05
3.4704e+05
3.5065e+05
3.5423e+05
3.5777e+05
3.6129e+05
3.6476e+05
3.6821e+05
3.7161e+05
3.7498e+05
3.7831e+05
3.8159e+05
3.8483e+05
3.8803e+05
3.9118e+05
3.9428e+05
3.9733e+05
4.0033e+05
4.0328e+05
4.0618e+05
4.0903e+05
4.1181e+05
4.1455e+05
4.1722e+05
4.1983e+05
4.2239e+05
4.2488e+05
4.2731e+05
4.2968e+05
4.3198e+05
4.3422e+05
4.364e+05
4.385e+05
4.4054e+05
4.4251e+05
4.4441e+05
4.4624e+05
4.4799e+05
4.4968e+05
4.5129e+05
4.5283e+05
4.543e+05
4.5569e+05
4.5701e+05
4.5826e+05
4.5942e+05
4.6051e+05
4.6153e+05
4.6247e+05
4.6333e+05
4.6411e+05
4.6482e+05
4.6544e+05
4.6599e+05
4.6647e+05
4.6686e+05
4.6717e+05
4.6741e+05
4.6757e+05
4.6765e+05
4.6765e+05
4.6758e+05
4.6743e+05
4.6719e+05
4.6689e+05
4.665e+05
4.6604e+05
4.655e+05
4.6489e+05
4.642e+05
4.6344e+05
4.626e+05
4.6169e+05
4.6071e+05
4.5965e+05
4.5853e+05
4.5733e+05
4.5606e+05
4.5472e+05
4.5332e+05
4.5184e+05
4.503e+05
4.487e+05
4.4703e+05
4.453e+05
4.435e+05
4.4164e+05
4.3972e+05
4.3775e+05
4.3571e+05
4.3362e+05
4.3148e+05
4.2928e+05
4.2702e+05
4.2472e+05
4.2236e+05
4.1996e+05
4.1751e+05
4.1501e+05
4.1247e+05
4.0989e+05
4.0727e+05
4.046e+05
4.019e+05
3.9917e+05
3.9639e+05
3.9359e+05
3.9075e+05
3.8788e+05
3.8499e+05
3.8206e+05
3.7912e+05
3.7615e+05
3.7316e+05
3.7014e+05
3.6711e+05
3.6407e+05
3.6101e+05
3.5793e+05
3.5485e+05
3.5175e+05
3.4865e+05
3.4554e+05
3.4243e+05
3.3931e+05
3.362e+05
3.3308e+05
3.2997e+05
3.2686e+05
3.2375e+05
3.2066e+05
3.1757e+05
3.1449e+05
3.1142e+05
3.0837e+05
3.0533e+05
3.0231e+05
2.993e+05
2.9632e+05
2.9335e+05
2.9041e+05
2.8749e+05
2.8459e+05
2.8172e+05
2.7887e+05
2.7606e+05
2.7327e+05
2.7052e+05
2.6779e+05
2.651e+05
2.6244e+05
2.5981e+05
2.5722e+05
2.5467e+05
2.5215e+05
2.4967e+05
2.4723e+05
2.4482e+05
2.4246e+05
2.4013e+05
2.3785e+05
2.356e+05
2.334e+05
2.3124e+05
2.2912e+05
2.2704e+05
2.2501e+05
2.2301e+05
2.2106e+05
2.1915e+05
2.1729e+05
2.1546e+05
2.1368e+05
2.1194e+05
2.1024e+05
2.0859e+05
2.0697e+05
2.0539e+05
2.0386e+05
2.0236e+05
2.009e+05
1.9949e+05
1.981e+05
1.9676e+05
1.9545e+05
1.9418e+05
1.9294e+05
1.9174e+05
1.9057e+05
1.8943e+05
1.8832e+05
1.8724e+05
1.8619e+05
1.8517e+05
1.8418e+05
1.8321e+05
1.8226e+05
1.8134e+05
1.8044e+05
1.7956e+05
1.787e+05
1.7786e+05
1.7703e+05
1.7622e+05
1.7542e+05
1.7463e+05
1.7385e+05
1.7309e+05
1.7233e+05
1.7158e+05
1.7083e+05
1.7009e+05
1.6934e+05
1.686e+05
1.6786e+05
1.6711e+05
1.6636e+05
1.6561e+05
1.6485e+05
1.6408e+05
1.633e+05
1.6251e+05
1.6171e+05
1.6089e+05
1.6006e+05
1.5921e+05
1.5835e+05
1.5746e+05
1.5656e+05
1.5563e+05
1.5469e+05
1.5371e+05
1.5272e+05
1.517e+05
1.5065e+05
1.4957e+05
1.4847e+05
1.4733e+05
1.4617e+05
1.4497e+05
1.4374e+05
1.4249e+05
1.4119e+05
1.3987e+05
1.3851e+05
1.3712e+05
1.3569e+05
1.3423e+05
1.3273e+05
1.312e+05
1.2963e+05
1.2802e+05
1.2639e+05
1.2471e+05
1.23e+05
1.2126e+05
1.1948e+05
1.1767e+05
1.1583e+05
1.1395e+05
1.1204e+05
1.101e+05
1.0812e+05
1.0612e+05
1.0409e+05
1.0203e+05
99940
97827
95689
93528
91344
89140
86916
84675
82417
80145
77861
75566
73261
70950
68633
66314
63994
61675
59360
57050
54749
52459
50181
47919
45676
43452
41253
39079
36933
34819
32739
30696
28693
26733
24817
22950
21135
19373
17668
16024
14442
12926
11479
10104
8803
7580
6437.4
5378.3
4405.6
3522
2730.4
2033.7
1434.7
936.07
540.62
251.03
69.948
0
43.756
203.74
482.43
882.26
1405.6
2054.7
2831.9
3739.3
4779.1
5953.4
7264
8712.9
10302
12033
13908
15928
18094
20409
22873
25488
28255
31174
34248
37477
40861
44401
48098
51953
55965
60135
64464
68950
73595
78398
83358
88476
93751
99182
1.0477e+05
1.1051e+05
1.164e+05
1.2245e+05
1.2865e+05
1.35e+05
1.415e+05
1.4815e+05
1.5494e+05
1.6188e+05
1.6895e+05
1.7617e+05
1.8353e+05
1.9103e+05
1.9865e+05
2.0641e+05
2.143e+05
2.2232e+05
2.3046e+05
2.3872e+05
2.471e+05
2.556e+05
2.642e+05
2.7292e+05
2.8174e+05
2.9067e+05
2.9969e+05
3.0882e+05
3.1803e+05
3.2733e+05
3.3672e+05
3.4619e+05
3.5573e+05
3.6535e+05
3.7504e+05
3.8479e+05
3.946e+05
4.0447e+05
4.144e+05
4.2437e+05
4.3438e+05
4.4443e+05
4.5452e+05
4.6464e+05
4.7478e+05
4.8495e+05
4.9513e+05
5.0532e+05
5.1552e+05
5.2573e+05
5.3592e+05
5.4612e+05
5.563e+05
5.6646e+05
5.766e+05
5.8671e+05
5.9679e+05
6.0684e+05
6.1684e+05
6.268e+05
6.3671e+05
6.4656e+05
6.5635e+05
6.6608e+05
6.7574e+05
6.8532e+05
6.9482e+05
7.0424e+05
7.1356e+05
7.228e+05
7.3194e+05
7.4097e+05
7.499e+05
7.5871e+05
7.6741e+05
7.76e+05
7.8445e+05
7.9278e+05
8.0097e+05
8.0903e+05
8.1695e+05
8.2473e+05
8.3235e+05
8.3982e+05
8.4714e+05
8.543e+05
8.6129e+05
8.6812e+05
8.7478e+05
8.8127e+05
8.8758e+05
8.9371e+05
8.9966e+05
9.0542e+05
9.11e+05
9.1639e+05
9.2158e+05
9.2658e+05
9.3138e+05
9.3598e+05
9.4038e+05
9.4458e+05
9.4857e+05
9.5235e+05
9.5593e+05
9.5929e+05
9.6244e+05
9.6538e+05
9.681e+05
9.7061e+05
9.729e+05
9.7497e+05
9.7683e+05
9.7847e+05
9.7988e+05
9.8108e+05
9.8206e+05
9.8282e+05
9.8336e+05
9.8368e+05
9.8378e+05
9.8366e+05
9.8332e+05
9.8276e+05
9.8199e+05
9.81e+05
9.798e+05
9.7838e+05
9.7674e+05
9.749e+05
9.7284e+05
9.7058e+05
9.6811e+05
9.6543e+05
9.6255e+05
9.5946e+05
9.5618e+05
9.527e+05
9.4902e+05
9.4515e+05
9.4109e+05
9.3683e+05
9.324e+05
9.2778e+05
9.2298e+05
9.18e+05
9.1285e+05
9.0753e+05
9.0203e+05
8.9637e+05
8.9055e+05
8.8458e+05
8.7844e+05
8.7215e+05
8.6572e+05
8.5914e+05
8.5242e+05
8.4556e+05
8.3856e+05
8.3144e+05
8.2419e+05
8.1681e+05
8.0932e+05
8.0171e+05
7.9399e+05
7.8617e+05
7.7824e+05
7.7021e+05
7.6209e+05
7.5388e+05
7.4558e+05
7.372e+05
7.2874e+05
7.202e+05
7.116e+05
7.0293e+05
6.942e+05
6.8541e+05
6.7656e+05
6.6767e+05
6.5873e+05
6.4975e+05
6.4074e+05
6.3169e+05
6.2262e+05
6.1351e+05
6.0439e+05
5.9525e+05
5.861e+05
5.7694e+05
5.6778e+05
5.5862e+05
5.4945e+05
5.403e+05
5.3115e+05
5.2202e+05
5.1291e+05
5.0382e+05
4.9476e+05
4.8572e+05
4.7672e+05
4.6775e+05
4.5882e+05
4.4993e+05
4.4109e+05
4.323e+05
4.2355e+05
4.1487e+05
4.0624e+05
3.9767e+05
3.8916e+05
3.8073e+05
3.7236e+05
3.6406e+05
3.5584e+05
3.4769e+05
3.3962e+05
3.3163e+05
3.2373e+05
3.1591e+05
3.0818e+05
3.0054e+05
2.93e+05
2.8554e+05
2.7818e+05
2.7092e+05
2.6376e+05
2.567e+05
2.4974e+05
2.4288e+05
2.3613e+05
2.2948e+05
2.2294e+05
2.1651e+05
2.1019e+05
2.0397e+05
1.9787e+05
1.9188e+05
1.86e+05
1.8023e+05
1.7457e+05
1.6903e+05
1.6361e+05
1.5829e+05
1.531e+05
1.4801e+05
1.4304e+05
1.3819e+05
1.3345e+05
1.2882e+05
1.2431e+05
1.1991e+05
1.1562e+05
1.1145e+05
1.0739e+05
1.0344e+05
99605
95878
92262
88755
85356
82065
78879
75800
72825
69953
67183
64514
61945
59474
57100
54822
52639
50548
48549
46639
44819
43085
41436
39871
38388
36985
35661
34414
33243
32145
31118
30162
29274
28452
27695
27001
26368
25794
25278
24817
24410
24055
23750
23494
23284
23119
22998
22917
22876
22873
22905
22973
23072
23203
23363
23550
23764
24002
24263
24545
24847
25166
25503
25855
26221
26599
26988
27387
27794
28209
28629
29053
29481
29912
30343
30775
31205
31633
32058
32479
32895
33305
33708
34104
34491
34869
35237
35594
35940
36274
36595
36904
37199
37479
37745
37996
38231
38451
38654
38841
39011
39165
39300
