96227
1.0017e+05
1.0429e+05
1.0859e+05
1.1305e+05
1.1767e+05
1.2245e+05
1.2737e+05
1.3244e+05
1.3764e+05
1.4296e+05
1.484e+05
1.5394e+05
1.5957e+05
1.6529e+05
1.7107e+05
1.7692e+05
1.8281e+05
1.8874e+05
1.9468e+05
2.0064e+05
2.0659e+05
2.1252e+05
2.1843e+05
2.2428e+05
2.3008e+05
2.358e+05
2.4144e+05
2.4698e+05
2.5241e+05
2.5771e+05
2.6287e+05
2.6788e+05
2.7273e+05
2.7741e+05
2.819e+05
2.862e+05
2.9029e+05
2.9416e+05
2.9781e+05
3.0122e+05
3.0439e+05
3.0732e+05
3.0998e+05
3.1239e+05
3.1452e+05
3.1639e+05
3.1797e+05
3.1928e+05
3.2031e+05
3.2105e+05
3.215e+05
3.2167e+05
3.2155e+05
3.2115e+05
3.2046e+05
3.1949e+05
3.1824e+05
3.1671e+05
3.1492e+05
3.1285e+05
3.1053e+05
3.0794e+05
3.0511e+05
3.0204e+05
2.9872e+05
2.9519e+05
2.9143e+05
2.8746e+05
2.8328e+05
2.7891e+05
2.7436e+05
2.6964e+05
2.6475e+05
2.5971e+05
2.5452e+05
2.492e+05
2.4376e+05
2.382e+05
2.3255e+05
2.268e+05
2.2098e+05
2.1508e+05
2.0913e+05
2.0313e+05
1.971e+05
1.9104e+05
1.8496e+05
1.7888e+05
1.7281e+05
1.6675e+05
1.6071e+05
1.5471e+05
1.4876e+05
1.4285e+05
1.3701e+05
1.3124e+05
1.2555e+05
1.1994e+05
1.1443e+05
1.0902e+05
1.0373e+05
98545
93489
88563
83774
79128
74631
70288
66104
62085
58234
54557
51057
47738
44604
41657
38901
36339
33973
31805
29836
28069
26504
25143
23986
23033
22285
21741
21401
21264
21328
21593
22056
22715
23568
24612
25845
27261
28859
30634
32581
34696
36974
39410
41999
44733
47608
50617
53754
57011
60382
63859
67435
71102
74852
78679
82572
86525
90528
94574
98655
1.0276e+05
1.0689e+05
1.1102e+05
1.1515e+05
1.1928e+05
1.2339e+05
1.2748e+05
1.3153e+05
1.3555e+05
1.3952e+05
1.4344e+05
1.4729e+05
1.5108e+05
1.5479e+05
1.5843e+05
1.6197e+05
1.6542e+05
1.6878e+05
1.7203e+05
1.7517e+05
1.782e+05
1.8111e+05
1.839e+05
1.8657e+05
1.8911e+05
1.9152e+05
1.938e+05
1.9595e+05
1.9796e+05
1.9983e+05
2.0157e+05
2.0316e+05
2.0462e+05
2.0594e+05
2.0712e+05
2.0816e+05
2.0906e+05
2.0982e+05
2.1045e+05
2.1094e+05
2.113e+05
2.1153e+05
2.1163e+05
2.116e+05
2.1145e+05
2.1117e+05
2.1077e+05
2.1025e+05
2.0962e+05
2.0887e+05
2.0801e+05
2.0704e+05
2.0596e+05
2.0478e+05
2.0349e+05
2.0211e+05
2.0063e+05
1.9905e+05
1.9738e+05
1.9562e+05
1.9377e+05
1.9183e+05
1.8981e+05
1.8771e+05
1.8553e+05
1.8327e+05
1.8093e+05
1.7852e+05
1.7604e+05
1.7349e+05
1.7087e+05
1.6819e+05
1.6544e+05
1.6263e+05
1.5976e+05
1.5683e+05
1.5385e+05
1.5082e+05
1.4774e+05
1.4461e+05
1.4144e+05
1.3823e+05
1.3499e+05
1.317e+05
1.2839e+05
1.2505e+05
1.2169e+05
1.1831e+05
1.1491e+05
1.115e+05
1.0808e+05
1.0467e+05
1.0125e+05
97840
94441
91058
87697
84360
81055
77785
74556
71372
68238
65160
62140
59185
56298
53484
50746
48089
45515
43029
40632
38328
36119
34007
31993
30080
28267
26555
24944
23435
22026
20716
19503
18387
17364
16432
15588
14828
14149
13548
13019
12559
12163
11825
11541
11306
11114
10960
10839
10745
10674
10619
10577
10541
10508
10473
10432
10380
10315
10232
10130
10005
9855.9
9680.5
9477.9
9247.4
8988.6
8701.8
8387.6
8047.3
7682.4
7295.1
6887.7
6463.2
6024.9
5576.6
5122.1
4665.9
4212.6
3767.1
3334.3
2919.6
2528.4
2165.9
1837.8
1549.4
1306.1
1113.2
975.85
898.84
886.84
944.18
1074.8
1282.4
1570
1940.3
2395.4
2937.1
3566.2
4283.3
5088.1
5979.8
6957
8017.4
9158.1
10376
11666
13024
14445
15922
17449
19017
20621
22250
23898
25553
27207
28850
30473
32064
33614
35112
36548
37912
39195
40385
41475
42455
43316
44052
44655
45118
45436
45604
45619
45477
45178
44719
44103
43330
42403
41328
40109
38753
37268
35664
33952
32144
30253
28294
26282
24236
22174
20114
18077
16085
14160
12326
10605
9023.3
7605.2
6376.5
5363
4590.9
4086.4
3875.7
3985.1
4440.5
5267.3
6490.8
8135.3
10225
12782
15829
19387
23476
28113
33316
39101
45482
52470
60077
68310
77178
86684
96831
1.0762e+05
1.1905e+05
1.3112e+05
1.4381e+05
1.5713e+05
1.7107e+05
1.856e+05
2.0072e+05
2.1641e+05
2.3264e+05
2.4941e+05
2.6668e+05
2.8444e+05
3.0265e+05
3.2128e+05
3.4031e+05
3.597e+05
3.7941e+05
3.9942e+05
4.1969e+05
4.4017e+05
4.6084e+05
4.8164e+05
5.0253e+05
5.2349e+05
5.4445e+05
5.6539e+05
5.8625e+05
6.0699e+05
6.2757e+05
6.4794e+05
6.6806e+05
6.8789e+05
7.0739e+05
7.265e+05
7.452e+05
7.6344e+05
7.8117e+05
7.9837e+05
8.1499e+05
8.3099e+05
8.4635e+05
8.6103e+05
8.75e+05
8.8823e+05
9.0069e+05
9.1235e+05
9.232e+05
9.332e+05
9.4235e+05
9.5062e+05
9.5799e+05
9.6446e+05
9.7001e+05
9.7463e+05
9.7833e+05
9.8108e+05
9.829e+05
9.8378e+05
9.8372e+05
9.8273e+05
9.8082e+05
9.78e+05
9.7427e+05
9.6966e+05
9.6416e+05
9.5781e+05
9.5063e+05
9.4262e+05
9.3382e+05
9.2425e+05
9.1393e+05
9.029e+05
8.9117e+05
8.7878e+05
8.6576e+05
8.5215e+05
8.3796e+05
8.2324e+05
8.0803e+05
7.9234e+05
7.7623e+05
7.5972e+05
7.4286e+05
7.2567e+05
7.0819e+05
6.9047e+05
6.7252e+05
6.544e+05
6.3614e+05
6.1776e+05
5.9931e+05
5.8081e+05
5.6231e+05
5.4384e+05
5.2541e+05
5.0708e+05
4.8886e+05
4.7078e+05
4.5288e+05
4.3518e+05
4.177e+05
4.0047e+05
3.8351e+05
3.6685e+05
3.505e+05
3.3449e+05
3.1882e+05
3.0353e+05
2.8862e+05
2.741e+05
2.6e+05
2.4631e+05
2.3306e+05
2.2025e+05
2.0788e+05
1.9597e+05
1.8451e+05
1.7352e+05
1.6298e+05
1.5291e+05
1.4331e+05
1.3416e+05
1.2547e+05
1.1724e+05
1.0946e+05
1.0213e+05
95229
88763
82720
77092
71868
67037
62590
58513
54796
51425
48387
45670
43258
41138
39296
37718
36388
35293
34417
33745
33265
32960
32816
32820
32958
33215
33579
34036
34573
35179
35841
36548
37289
38053
38830
39610
40386
41147
41886
42596
43269
43900
44483
45012
45482
45891
46233
46507
46709
46838
46892
46871
46773
46599
46349
46024
45625
45154
44613
44005
43331
42595
41800
40949
40047
39096
38102
37067
35998
34896
33769
32619
31451
30270
29080
27886
26693
25503
24322
23154
22002
20870
19763
18682
17632
16616
15635
14693
13792
12935
12122
11355
10636
9966.4
9345.8
8775.4
8255.3
7785.6
7366.2
6996.5
6676
6403.7
6178.6
5999.4
5864.6
5772.5
5721.4
5709.2
5733.9
5793.1
5884.6
6005.9
6154.5
6327.7
6522.9
6737.4
6968.5
7213.3
7469.3
7733.7
8003.7
8276.8
8550.3
8821.7
9088.7
9348.7
9599.7
9839.3
10066
10277
10471
10647
10802
10937
11048
11136
11200
11238
11251
11238
11198
11132
11039
10920
10776
10606
10412
10193
9951.9
9688.4
9403.9
9099.6
8776.7
8436.6
8080.6
7710.4
7327.2
6932.8
6528.7
6116.4
5697.6
5273.9
4847
4418.2
3989.4
3561.8
3137.2
2716.7
2302
1894.1
1494.5
1104.2
724.41
356.02
0
