69438
73886
78636
83685
89026
94654
1.0056e+05
1.0673e+05
1.1317e+05
1.1985e+05
1.2676e+05
1.339e+05
1.4125e+05
1.4878e+05
1.565e+05
1.6437e+05
1.7238e+05
1.8052e+05
1.8877e+05
1.9709e+05
2.0549e+05
2.1393e+05
2.2239e+05
2.3086e+05
2.3932e+05
2.4773e+05
2.5609e+05
2.6437e+05
2.7254e+05
2.806e+05
2.8852e+05
2.9627e+05
3.0384e+05
3.1122e+05
3.1838e+05
3.253e+05
3.3196e+05
3.3836e+05
3.4448e+05
3.5029e+05
3.5579e+05
3.6097e+05
3.658e+05
3.7029e+05
3.7441e+05
3.7817e+05
3.8154e+05
3.8454e+05
3.8714e+05
3.8935e+05
3.9116e+05
3.9257e+05
3.9358e+05
3.9418e+05
3.9438e+05
3.9418e+05
3.9358e+05
3.9259e+05
3.912e+05
3.8944e+05
3.8729e+05
3.8477e+05
3.8189e+05
3.7866e+05
3.7509e+05
3.7118e+05
3.6695e+05
3.6241e+05
3.5757e+05
3.5245e+05
3.4706e+05
3.4141e+05
3.3552e+05
3.294e+05
3.2307e+05
3.1654e+05
3.0982e+05
3.0294e+05
2.9591e+05
2.8874e+05
2.8146e+05
2.7406e+05
2.6658e+05
2.5903e+05
2.5142e+05
2.4377e+05
2.3608e+05
2.2839e+05
2.207e+05
2.1302e+05
2.0538e+05
1.9777e+05
1.9023e+05
1.8275e+05
1.7536e+05
1.6806e+05
1.6086e+05
1.5378e+05
1.4683e+05
1.4002e+05
1.3335e+05
1.2684e+05
1.2049e+05
1.1432e+05
1.0833e+05
1.0253e+05
96923
91518
86322
81338
76573
72030
67715
63630
59778
56163
52786
49650
46756
44106
41698
39535
37616
35940
34507
33314
32361
31646
31166
30919
30901
31109
31540
32190
33053
34127
35405
36883
38555
40415
42458
44677
47066
49618
52326
55183
58181
61314
64573
67950
71438
75029
78713
82484
86332
90249
94226
98256
1.0233e+05
1.0644e+05
1.1057e+05
1.1472e+05
1.1888e+05
1.2305e+05
1.272e+05
1.3134e+05
1.3546e+05
1.3955e+05
1.436e+05
1.4761e+05
1.5156e+05
1.5545e+05
1.5928e+05
1.6303e+05
1.667e+05
1.703e+05
1.738e+05
1.772e+05
1.805e+05
1.837e+05
1.8679e+05
1.8977e+05
1.9263e+05
1.9537e+05
1.9799e+05
2.0047e+05
2.0284e+05
2.0507e+05
2.0716e+05
2.0913e+05
2.1096e+05
2.1265e+05
2.1421e+05
2.1563e+05
2.1691e+05
2.1806e+05
2.1907e+05
2.1995e+05
2.2069e+05
2.2129e+05
2.2177e+05
2.2211e+05
2.2232e+05
2.2241e+05
2.2237e+05
2.222e+05
2.2191e+05
2.2151e+05
2.2098e+05
2.2033e+05
2.1957e+05
2.187e+05
2.1772e+05
2.1663e+05
2.1543e+05
2.1413e+05
2.1273e+05
2.1123e+05
2.0963e+05
2.0793e+05
2.0615e+05
2.0427e+05
2.023e+05
2.0024e+05
1.981e+05
1.9588e+05
1.9358e+05
1.9119e+05
1.8873e+05
1.862e+05
1.8359e+05
1.8091e+05
1.7817e+05
1.7536e+05
1.7248e+05
1.6955e+05
1.6655e+05
1.635e+05
1.604e+05
1.5725e+05
1.5405e+05
1.5081e+05
1.4753e+05
1.4421e+05
1.4085e+05
1.3747e+05
1.3406e+05
1.3063e+05
1.2719e+05
1.2373e+05
1.2025e+05
1.1678e+05
1.133e+05
1.0983e+05
1.0637e+05
1.0292e+05
99496
96091
92714
89371
86067
82805
79592
76431
73327
70284
67308
64401
61569
58813
56139
53549
51046
48632
46310
44083
41951
39915
37978
36139
34398
32755
31211
29763
28410
27152
25985
24907
23916
23009
22181
21431
20753
20144
19599
19114
18684
18305
17971
17678
17421
17195
16995
16817
16655
16506
16364
16226
16089
15948
15800
15642
15472
15287
15086
14868
14630
14373
14097
13801
13486
13155
12807
12445
12072
11690
11302
10912
10524
10141
9768.1
9409.3
9069.6
8753.7
8466.4
8212.8
7997.8
7826.4
7703.3
7633.3
7620.9
7670.5
7786.1
7971.4
8229.9
8564.6
8978
9472.2
10049
10709
11453
12282
13193
14187
15261
16412
17638
18935
20297
21721
23199
24727
26297
27902
29534
31185
32846
34508
36161
37796
39404
40974
42496
43960
45357
46676
47909
49045
50077
50995
51793
52462
52996
53390
53638
53737
53682
53473
53107
52585
51908
51079
50100
48977
47716
46325
44811
43185
41459
39644
37755
35807
33816
31799
29776
27765
25788
23866
22021
20277
18657
17186
15890
14793
13921
13300
12957
12916
13204
13846
14868
16293
18147
20451
23228
26501
30288
34608
39481
44921
50943
57561
64786
72628
81094
90190
99920
1.1029e+05
1.2129e+05
1.3292e+05
1.4518e+05
1.5807e+05
1.7157e+05
1.8566e+05
2.0035e+05
2.1561e+05
2.3143e+05
2.4778e+05
2.6464e+05
2.82e+05
2.9981e+05
3.1807e+05
3.3673e+05
3.5577e+05
3.7515e+05
3.9484e+05
4.148e+05
4.3499e+05
4.5539e+05
4.7594e+05
4.9661e+05
5.1735e+05
5.3813e+05
5.589e+05
5.7962e+05
6.0024e+05
6.2072e+05
6.4102e+05
6.6109e+05
6.809e+05
7.0039e+05
7.1952e+05
7.3826e+05
7.5657e+05
7.7439e+05
7.917e+05
8.0846e+05
8.2462e+05
8.4016e+05
8.5505e+05
8.6924e+05
8.8271e+05
8.9543e+05
9.0737e+05
9.1852e+05
9.2884e+05
9.3832e+05
9.4694e+05
9.5468e+05
9.6153e+05
9.6747e+05
9.725e+05
9.7661e+05
9.7979e+05
9.8205e+05
9.8338e+05
9.8378e+05
9.8325e+05
9.8181e+05
9.7947e+05
9.7622e+05
9.7209e+05
9.6709e+05
9.6123e+05
9.5453e+05
9.4702e+05
9.3871e+05
9.2963e+05
9.1981e+05
9.0926e+05
8.9801e+05
8.8611e+05
8.7356e+05
8.6041e+05
8.4669e+05
8.3243e+05
8.1766e+05
8.0241e+05
7.8673e+05
7.7064e+05
7.5419e+05
7.374e+05
7.2031e+05
7.0296e+05
6.8538e+05
6.676e+05
6.4967e+05
6.3161e+05
6.1346e+05
5.9526e+05
5.7703e+05
5.588e+05
5.4062e+05
5.225e+05
5.0448e+05
4.8659e+05
4.6885e+05
4.5129e+05
4.3394e+05
4.1681e+05
3.9994e+05
3.8334e+05
3.6704e+05
3.5104e+05
3.3538e+05
3.2006e+05
3.0511e+05
2.9053e+05
2.7635e+05
2.6256e+05
2.4918e+05
2.3622e+05
2.2369e+05
2.1159e+05
1.9992e+05
1.887e+05
1.7792e+05
1.6758e+05
1.5769e+05
1.4825e+05
1.3924e+05
1.3068e+05
1.2255e+05
1.1485e+05
1.0757e+05
1.0071e+05
94269
88226
82577
77314
72424
67900
63728
59898
56398
53215
50338
47752
45445
43405
41617
40067
38744
37632
36719
35992
35436
35040
34789
34672
34675
34787
34996
35290
35658
36089
36572
37099
37658
38240
38838
39443
40046
40641
41220
41778
42308
42806
43265
43682
44053
44374
44643
44856
45012
45110
45147
45123
45038
44891
44684
44417
44090
43705
43265
42770
42223
41627
40984
40297
39569
38803
38003
37171
36312
35430
34526
33606
32673
31731
30783
29833
28884
27940
27004
26080
25170
24277
23404
22555
21730
20933
20166
19430
18727
18059
17427
16832
16275
15756
15276
14836
14434
14072
13747
13461
13212
12999
12821
12677
12565
12483
12431
12406
12406
12429
12474
12537
12617
12712
12818
12935
13059
13188
13320
13453
13584
13711
13833
13947
14051
14144
14224
14289
14338
14369
14382
14375
14347
14297
14225
14131
14014
13873
13709
13522
13312
13080
12825
12549
12252
11936
11600
11247
10877
10492
10094
9682
9259.4
8827.3
8387.1
7940.6
7489.2
7034.7
6578.6
6122.6
5668.3
5217.2
4771
4331.1
3898.9
3475.9
3063.3
2662.5
2274.6
1900.6
1541.7
1198.7
872.33
563.39
272.45
0
