1.6871e+05
1.7324e+05
1.7778e+05
1.8233e+05
1.8688e+05
1.9142e+05
1.9596e+05
2.0047e+05
2.0496e+05
2.0942e+05
2.1385e+05
2.1824e+05
2.2258e+05
2.2687e+05
2.3111e+05
2.3529e+05
2.394e+05
2.4344e+05
2.4741e+05
2.5129e+05
2.551e+05
2.5882e+05
2.6245e+05
2.6599e+05
2.6943e+05
2.7277e+05
2.7602e+05
2.7915e+05
2.8218e+05
2.851e+05
2.8792e+05
2.9061e+05
2.932e+05
2.9567e+05
2.9803e+05
3.0027e+05
3.0239e+05
3.044e+05
3.0629e+05
3.0806e+05
3.0972e+05
3.1127e+05
3.127e+05
3.1402e+05
3.1523e+05
3.1632e+05
3.1731e+05
3.182e+05
3.1898e+05
3.1966e+05
3.2024e+05
3.2072e+05
3.2111e+05
3.2142e+05
3.2163e+05
3.2176e+05
3.2181e+05
3.2179e+05
3.2169e+05
3.2152e+05
3.2129e+05
3.21e+05
3.2065e+05
3.2024e+05
3.1979e+05
3.1929e+05
3.1875e+05
3.1818e+05
3.1758e+05
3.1694e+05
3.1629e+05
3.1561e+05
3.1493e+05
3.1423e+05
3.1352e+05
3.1282e+05
3.1211e+05
3.1142e+05
3.1073e+05
3.1006e+05
3.094e+05
3.0877e+05
3.0816e+05
3.0759e+05
3.0704e+05
3.0653e+05
3.0607e+05
3.0564e+05
3.0526e+05
3.0492e+05
3.0464e+05
3.0441e+05
3.0424e+05
3.0412e+05
3.0406e+05
3.0406e+05
3.0413e+05
3.0426e+05
3.0445e+05
3.0471e+05
3.0504e+05
3.0544e+05
3.0591e+05
3.0644e+05
3.0705e+05
3.0772e+05
3.0846e+05
3.0927e+05
3.1015e+05
3.111e+05
3.1211e+05
3.1318e+05
3.1433e+05
3.1553e+05
3.1679e+05
3.1812e+05
3.195e+05
3.2094e+05
3.2243e+05
3.2397e+05
3.2556e+05
3.2719e+05
3.2887e+05
3.3059e+05
3.3235e+05
3.3414e+05
3.3596e+05
3.3781e+05
3.3968e+05
3.4158e+05
3.4349e+05
3.4542e+05
3.4736e+05
3.4931e+05
3.5126e+05
3.5321e+05
3.5516e+05
3.571e+05
3.5903e+05
3.6095e+05
3.6284e+05
3.6472e+05
3.6657e+05
3.6839e+05
3.7017e+05
3.7193e+05
3.7364e+05
3.7531e+05
3.7693e+05
3.785e+05
3.8002e+05
3.8148e+05
3.8289e+05
3.8423e+05
3.855e+05
3.8671e+05
3.8785e+05
3.8892e+05
3.8991e+05
3.9082e+05
3.9166e+05
3.9241e+05
3.9308e+05
3.9366e+05
3.9416e+05
3.9456e+05
3.9488e+05
3.9511e+05
3.9525e+05
3.9529e+05
3.9524e+05
3.951e+05
3.9486e+05
3.9452e+05
3.941e+05
3.9357e+05
3.9296e+05
3.9224e+05
3.9144e+05
3.9054e+05
3.8955e+05
3.8846e+05
3.8729e+05
3.8603e+05
3.8468e+05
3.8324e+05
3.8171e+05
3.8011e+05
3.7842e+05
3.7665e+05
3.748e+05
3.7288e+05
3.7088e+05
3.6882e+05
3.6668e+05
3.6447e+05
3.6221e+05
3.5988e+05
3.5749e+05
3.5504e+05
3.5255e+05
3.5e+05
3.474e+05
3.4476e+05
3.4208e+05
3.3935e+05
3.3659e+05
3.338e+05
3.3098e+05
3.2813e+05
3.2526e+05
3.2236e+05
3.1945e+05
3.1652e+05
3.1357e+05
3.1062e+05
3.0766e+05
3.047e+05
3.0174e+05
2.9877e+05
2.9581e+05
2.9286e+05
2.8991e+05
2.8698e+05
2.8406e+05
2.8115e+05
2.7827e+05
2.754e+05
2.7255e+05
2.6973e+05
2.6693e+05
2.6416e+05
2.6142e+05
2.587e+05
2.5602e+05
2.5337e+05
2.5076e+05
2.4818e+05
2.4563e+05
2.4312e+05
2.4064e+05
2.3821e+05
2.3581e+05
2.3345e+05
2.3113e+05
2.2884e+05
2.2659e+05
2.2438e+05
2.2221e+05
2.2008e+05
2.1798e+05
2.1592e+05
2.1389e+05
2.119e+05
2.0995e+05
2.0802e+05
2.0613e+05
2.0427e+05
2.0243e+05
2.0063e+05
1.9885e+05
1.971e+05
1.9537e+05
1.9366e+05
1.9197e+05
1.903e+05
1.8865e+05
1.8701e+05
1.8539e+05
1.8378e+05
1.8217e+05
1.8058e+05
1.7899e+05
1.774e+05
1.7582e+05
1.7423e+05
1.7264e+05
1.7105e+05
1.6945e+05
1.6785e+05
1.6623e+05
1.646e+05
1.6296e+05
1.613e+05
1.5963e+05
1.5794e+05
1.5622e+05
1.5449e+05
1.5273e+05
1.5094e+05
1.4913e+05
1.473e+05
1.4543e+05
1.4353e+05
1.4161e+05
1.3965e+05
1.3766e+05
1.3563e+05
1.3358e+05
1.3149e+05
1.2936e+05
1.272e+05
1.25e+05
1.2278e+05
1.2051e+05
1.1821e+05
1.1588e+05
1.1352e+05
1.1112e+05
1.0869e+05
1.0623e+05
1.0374e+05
1.0122e+05
98676
96105
93510
90893
88255
85599
82926
80240
77542
74836
72123
69406
66689
63974
61264
58564
55875
53202
50548
47916
45311
42737
40196
37693
35233
32818
30454
28145
25894
23707
21587
19539
17567
15676
13870
12154
10532
9008
7587.3
6274
5072.5
3987.3
3022.5
2182.7
1471.9
894.47
454.51
156.12
3.3025
0
150.07
457.28
925.31
1557.7
2358
3329.5
4475.5
5799
7303.2
8990.8
10865
12927
15181
17628
20271
23112
26152
29393
32837
36485
40338
44398
48664
53137
57819
62709
67807
73113
78627
84349
90277
96411
1.0275e+05
1.0929e+05
1.1603e+05
1.2298e+05
1.3012e+05
1.3746e+05
1.4499e+05
1.5272e+05
1.6063e+05
1.6873e+05
1.7701e+05
1.8547e+05
1.9411e+05
2.0292e+05
2.1191e+05
2.2105e+05
2.3036e+05
2.3983e+05
2.4945e+05
2.5921e+05
2.6912e+05
2.7917e+05
2.8935e+05
2.9966e+05
3.101e+05
3.2065e+05
3.3131e+05
3.4208e+05
3.5295e+05
3.6392e+05
3.7497e+05
3.8611e+05
3.9732e+05
4.086e+05
4.1995e+05
4.3135e+05
4.428e+05
4.5429e+05
4.6583e+05
4.7739e+05
4.8897e+05
5.0057e+05
5.1218e+05
5.2379e+05
5.354e+05
5.4699e+05
5.5857e+05
5.7012e+05
5.8163e+05
5.931e+05
6.0453e+05
6.159e+05
6.2721e+05
6.3846e+05
6.4962e+05
6.607e+05
6.717e+05
6.8259e+05
6.9339e+05
7.0407e+05
7.1464e+05
7.2508e+05
7.3539e+05
7.4557e+05
7.556e+05
7.6548e+05
7.7521e+05
7.8478e+05
7.9418e+05
8.0341e+05
8.1246e+05
8.2132e+05
8.3e+05
8.3848e+05
8.4676e+05
8.5483e+05
8.6269e+05
8.7034e+05
8.7777e+05
8.8498e+05
8.9196e+05
8.9871e+05
9.0522e+05
9.1149e+05
9.1752e+05
9.233e+05
9.2883e+05
9.3411e+05
9.3913e+05
9.439e+05
9.484e+05
9.5264e+05
9.5662e+05
9.6033e+05
9.6377e+05
9.6694e+05
9.6984e+05
9.7247e+05
9.7482e+05
9.769e+05
9.7871e+05
9.8024e+05
9.815e+05
9.8248e+05
9.8319e+05
9.8362e+05
9.8378e+05
9.8366e+05
9.8328e+05
9.8262e+05
9.817e+05
9.805e+05
9.7904e+05
9.7732e+05
9.7534e+05
9.7309e+05
9.7059e+05
9.6783e+05
9.6482e+05
9.6157e+05
9.5806e+05
9.5432e+05
9.5033e+05
9.4611e+05
9.4165e+05
9.3697e+05
9.3206e+05
9.2694e+05
9.2159e+05
9.1603e+05
9.1027e+05
9.043e+05
8.9813e+05
8.9177e+05
8.8522e+05
8.7849e+05
8.7157e+05
8.6448e+05
8.5722e+05
8.498e+05
8.4222e+05
8.3448e+05
8.266e+05
8.1857e+05
8.1041e+05
8.0212e+05
7.9369e+05
7.8515e+05
7.7649e+05
7.6773e+05
7.5886e+05
7.4989e+05
7.4083e+05
7.3168e+05
7.2245e+05
7.1315e+05
7.0377e+05
6.9433e+05
6.8484e+05
6.7529e+05
6.6569e+05
6.5605e+05
6.4638e+05
6.3667e+05
6.2694e+05
6.1719e+05
6.0742e+05
5.9765e+05
5.8787e+05
5.7809e+05
5.6832e+05
5.5856e+05
5.4881e+05
5.3909e+05
5.2939e+05
5.1972e+05
5.1008e+05
5.0049e+05
4.9094e+05
4.8143e+05
4.7198e+05
4.6259e+05
4.5325e+05
4.4398e+05
4.3478e+05
4.2565e+05
4.166e+05
4.0762e+05
3.9873e+05
3.8992e+05
3.812e+05
3.7257e+05
3.6404e+05
3.5561e+05
3.4728e+05
3.3905e+05
3.3092e+05
3.229e+05
3.15e+05
3.072e+05
2.9952e+05
2.9196e+05
2.8451e+05
2.7718e+05
2.6998e+05
2.629e+05
2.5594e+05
2.491e+05
2.424e+05
2.3582e+05
2.2936e+05
2.2304e+05
2.1685e+05
2.1078e+05
2.0485e+05
1.9904e+05
1.9337e+05
1.8783e+05
1.8242e+05
1.7714e+05
1.7199e+05
1.6697e+05
1.6209e+05
1.5733e+05
1.527e+05
1.482e+05
1.4383e+05
1.3958e+05
1.3546e+05
1.3146e+05
1.2759e+05
1.2385e+05
1.2022e+05
1.1671e+05
1.1333e+05
1.1006e+05
1.0691e+05
1.0387e+05
1.0095e+05
98133
95430
92836
90347
87964
85683
83503
81421
79437
77548
75751
74045
72428
70897
69451
68086
66802
65596
64465
63408
62422
61506
60655
59870
59147
58483
57878
57329
56832
56388
55992
55643
55339
55077
54857
54674
54528
54417
54337
54288
54268
54274
54304
54357
54431
54524
54634
54760
54900
55052
55214
55385
55564
55749
55939
56131
56325
56520
56714
56905
57094
57277
57456
57627
57791
57946
58092
58227
58351
58463
58562
58647
58718
58774
58815
58840
58848
58839
58813
58769
58707
58627
58528
58410
58273
58117
57942
57747
57533
57299
57046
56774
56483
56172
55843
55494
55127
54742
54339
53918
53480
53024
52552
52063
51558
51037
50502
49952
