6.0967e+05
6.121e+05
6.1443e+05
6.1666e+05
6.1878e+05
6.208e+05
6.2272e+05
6.2453e+05
6.2624e+05
6.2784e+05
6.2935e+05
6.3075e+05
6.3206e+05
6.3326e+05
6.3436e+05
6.3537e+05
6.3627e+05
6.3708e+05
6.3779e+05
6.3841e+05
6.3893e+05
6.3936e+05
6.397e+05
6.3994e+05
6.401e+05
6.4016e+05
6.4014e+05
6.4003e+05
6.3984e+05
6.3956e+05
6.3919e+05
6.3875e+05
6.3822e+05
6.3762e+05
6.3693e+05
6.3617e+05
6.3534e+05
6.3443e+05
6.3345e+05
6.324e+05
6.3127e+05
6.3008e+05
6.2883e+05
6.2751e+05
6.2612e+05
6.2468e+05
6.2317e+05
6.2161e+05
6.1998e+05
6.183e+05
6.1657e+05
6.1478e+05
6.1295e+05
6.1106e+05
6.0913e+05
6.0714e+05
6.0512e+05
6.0305e+05
6.0093e+05
5.9878e+05
5.9659e+05
5.9436e+05
5.9209e+05
5.8979e+05
5.8746e+05
5.8509e+05
5.827e+05
5.8027e+05
5.7782e+05
5.7534e+05
5.7283e+05
5.7031e+05
5.6776e+05
5.6518e+05
5.6259e+05
5.5998e+05
5.5736e+05
5.5472e+05
5.5206e+05
5.4939e+05
5.4671e+05
5.4401e+05
5.4131e+05
5.3859e+05
5.3587e+05
5.3314e+05
5.304e+05
5.2766e+05
5.2492e+05
5.2217e+05
5.1942e+05
5.1666e+05
5.1391e+05
5.1116e+05
5.084e+05
5.0565e+05
5.029e+05
5.0016e+05
4.9741e+05
4.9467e+05
4.9194e+05
4.8921e+05
4.8649e+05
4.8377e+05
4.8106e+05
4.7836e+05
4.7567e+05
4.7298e+05
4.703e+05
4.6764e+05
4.6498e+05
4.6233e+05
4.5969e+05
4.5706e+05
4.5444e+05
4.5183e+05
4.4924e+05
4.4665e+05
4.4408e+05
4.4151e+05
4.3896e+05
4.3642e+05
4.3389e+05
4.3137e+05
4.2886e+05
4.2637e+05
4.2388e+05
4.2141e+05
4.1895e+05
4.165e+05
4.1406e+05
4.1163e+05
4.0921e+05
4.068e+05
4.044e+05
4.0202e+05
3.9964e+05
3.9727e+05
3.9491e+05
3.9257e+05
3.9023e+05
3.879e+05
3.8557e+05
3.8326e+05
3.8095e+05
3.7866e+05
3.7637e+05
3.7408e+05
3.7181e+05
3.6953e+05
3.6727e+05
3.6501e+05
3.6276e+05
3.6051e+05
3.5827e+05
3.5603e+05
3.5379e+05
3.5156e+05
3.4933e+05
3.4711e+05
3.4489e+05
3.4267e+05
3.4045e+05
3.3823e+05
3.3602e+05
3.3381e+05
3.3159e+05
3.2938e+05
3.2717e+05
3.2496e+05
3.2275e+05
3.2054e+05
3.1832e+05
3.1611e+05
3.1389e+05
3.1168e+05
3.0946e+05
3.0724e+05
3.0502e+05
3.0279e+05
3.0057e+05
2.9834e+05
2.961e+05
2.9387e+05
2.9163e+05
2.8939e+05
2.8715e+05
2.849e+05
2.8265e+05
2.804e+05
2.7815e+05
2.7589e+05
2.7363e+05
2.7136e+05
2.691e+05
2.6683e+05
2.6456e+05
2.6228e+05
2.6001e+05
2.5773e+05
2.5545e+05
2.5317e+05
2.5089e+05
2.486e+05
2.4632e+05
2.4404e+05
2.4175e+05
2.3947e+05
2.3718e+05
2.349e+05
2.3262e+05
2.3034e+05
2.2806e+05
2.2579e+05
2.2352e+05
2.2125e+05
2.1899e+05
2.1673e+05
2.1448e+05
2.1224e+05
2.1e+05
2.0777e+05
2.0554e+05
2.0333e+05
2.0112e+05
1.9893e+05
1.9674e+05
1.9457e+05
1.9241e+05
1.9026e+05
1.8813e+05
1.8601e+05
1.8391e+05
1.8182e+05
1.7975e+05
1.777e+05
1.7567e+05
1.7366e+05
1.7166e+05
1.6969e+05
1.6775e+05
1.6583e+05
1.6393e+05
1.6205e+05
1.6021e+05
1.5839e+05
1.566e+05
1.5484e+05
1.5311e+05
1.5141e+05
1.4975e+05
1.4811e+05
1.4652e+05
1.4496e+05
1.4343e+05
1.4195e+05
1.405e+05
1.3909e+05
1.3772e+05
1.364e+05
1.3512e+05
1.3388e+05
1.3269e+05
1.3155e+05
1.3045e+05
1.294e+05
1.284e+05
1.2745e+05
1.2655e+05
1.2571e+05
1.2492e+05
1.2418e+05
1.235e+05
1.2288e+05
1.2231e+05
1.218e+05
1.2135e+05
1.2097e+05
1.2064e+05
1.2038e+05
1.2018e+05
1.2004e+05
1.1997e+05
1.1997e+05
1.2003e+05
1.2016e+05
1.2036e+05
1.2063e+05
1.2097e+05
1.2138e+05
1.2186e+05
1.2242e+05
1.2304e+05
1.2375e+05
1.2452e+05
1.2537e+05
1.263e+05
1.2731e+05
1.2839e+05
1.2955e+05
1.3079e+05
1.321e+05
1.335e+05
1.3497e+05
1.3653e+05
1.3817e+05
1.3988e+05
1.4168e+05
1.4356e+05
1.4553e+05
1.4757e+05
1.497e+05
1.5191e+05
1.542e+05
1.5658e+05
1.5904e+05
1.6158e+05
1.642e+05
1.6691e+05
1.6971e+05
1.7258e+05
1.7554e+05
1.7858e+05
1.8171e+05
1.8492e+05
1.8821e+05
1.9158e+05
1.9504e+05
1.9858e+05
2.022e+05
2.059e+05
2.0968e+05
2.1354e+05
2.1748e+05
2.2151e+05
2.2561e+05
2.2979e+05
2.3405e+05
2.3838e+05
2.4279e+05
2.4728e+05
2.5185e+05
2.5649e+05
2.612e+05
2.6598e+05
2.7084e+05
2.7577e+05
2.8077e+05
2.8584e+05
2.9098e+05
2.9619e+05
3.0146e+05
3.068e+05
3.122e+05
3.1767e+05
3.232e+05
3.2879e+05
3.3444e+05
3.4015e+05
3.4592e+05
3.5174e+05
3.5762e+05
3.6355e+05
3.6954e+05
3.7558e+05
3.8166e+05
3.878e+05
3.9398e+05
4.0021e+05
4.0648e+05
4.1279e+05
4.1915e+05
4.2554e+05
4.3197e+05
4.3844e+05
4.4494e+05
4.5148e+05
4.5805e+05
4.6465e+05
4.7127e+05
4.7792e+05
4.846e+05
4.913e+05
4.9802e+05
5.0477e+05
5.1152e+05
5.183e+05
5.2509e+05
5.3189e+05
5.3871e+05
5.4553e+05
5.5236e+05
5.5919e+05
5.6603e+05
5.7287e+05
5.7971e+05
5.8655e+05
5.9339e+05
6.0021e+05
6.0704e+05
6.1385e+05
6.2065e+05
6.2744e+05
6.3421e+05
6.4097e+05
6.477e+05
6.5442e+05
6.6111e+05
6.6778e+05
6.7443e+05
6.8104e+05
6.8763e+05
6.9419e+05
7.0071e+05
7.0719e+05
7.1364e+05
7.2005e+05
7.2642e+05
7.3275e+05
7.3903e+05
7.4527e+05
7.5146e+05
7.576e+05
7.6369e+05
7.6972e+05
7.757e+05
7.8163e+05
7.875e+05
7.933e+05
7.9905e+05
8.0473e+05
8.1035e+05
8.159e+05
8.2139e+05
8.2681e+05
8.3215e+05
8.3742e+05
8.4262e+05
8.4775e+05
8.528e+05
8.5777e+05
8.6266e+05
8.6747e+05
8.722e+05
8.7684e+05
8.814e+05
8.8588e+05
8.9027e+05
8.9456e+05
8.9877e+05
9.0289e+05
9.0692e+05
9.1085e+05
9.1469e+05
9.1844e+05
9.2209e+05
9.2564e+05
9.291e+05
9.3245e+05
9.3571e+05
9.3886e+05
9.4191e+05
9.4486e+05
9.4771e+05
9.5046e+05
9.531e+05
9.5563e+05
9.5806e+05
9.6038e+05
9.6259e+05
9.647e+05
9.667e+05
9.6859e+05
9.7037e+05
9.7204e+05
9.736e+05
9.7505e+05
9.7639e+05
9.7762e+05
9.7874e+05
9.7975e+05
9.8064e+05
9.8143e+05
9.821e+05
9.8266e+05
9.8311e+05
9.8344e+05
9.8367e+05
9.8378e+05
9.8378e+05
9.8366e+05
9.8344e+05
9.831e+05
9.8266e+05
9.821e+05
9.8143e+05
9.8065e+05
9.7976e+05
9.7876e+05
9.7765e+05
9.7643e+05
9.7511e+05
9.7367e+05
9.7213e+05
9.7048e+05
9.6872e+05
9.6686e+05
9.6489e+05
9.6282e+05
9.6064e+05
9.5836e+05
9.5598e+05
9.5349e+05
9.5091e+05
9.4822e+05
9.4544e+05
9.4255e+05
9.3957e+05
9.3649e+05
9.3332e+05
9.3005e+05
9.2669e+05
9.2323e+05
9.1968e+05
9.1605e+05
9.1232e+05
9.085e+05
9.046e+05
9.0061e+05
8.9653e+05
8.9237e+05
8.8813e+05
8.8381e+05
8.7941e+05
8.7492e+05
8.7036e+05
8.6572e+05
8.6101e+05
8.5622e+05
8.5137e+05
8.4644e+05
8.4143e+05
8.3637e+05
8.3123e+05
8.2603e+05
8.2076e+05
8.1543e+05
8.1004e+05
8.0459e+05
7.9908e+05
7.9351e+05
7.8789e+05
7.8222e+05
7.7649e+05
7.7071e+05
7.6488e+05
7.59e+05
7.5307e+05
7.471e+05
7.4109e+05
7.3503e+05
7.2893e+05
7.228e+05
7.1662e+05
7.1041e+05
7.0417e+05
6.9789e+05
6.9158e+05
6.8524e+05
6.7887e+05
6.7247e+05
6.6605e+05
6.5961e+05
6.5314e+05
6.4665e+05
6.4015e+05
6.3362e+05
6.2708e+05
6.2052e+05
6.1395e+05
6.0737e+05
6.0078e+05
5.9418e+05
5.8757e+05
5.8095e+05
5.7433e+05
5.6771e+05
5.6109e+05
5.5446e+05
5.4784e+05
5.4121e+05
5.346e+05
5.2798e+05
5.2138e+05
5.1478e+05
5.0819e+05
5.0161e+05
4.9505e+05
4.8849e+05
4.8195e+05
4.7543e+05
4.6892e+05
4.6244e+05
4.5597e+05
4.4952e+05
4.4309e+05
4.3669e+05
4.3031e+05
4.2395e+05
4.1763e+05
4.1133e+05
4.0506e+05
3.9881e+05
3.926e+05
3.8642e+05
3.8027e+05
3.7416e+05
3.6808e+05
3.6204e+05
3.5603e+05
3.5006e+05
3.4413e+05
3.3824e+05
3.3239e+05
3.2658e+05
3.2081e+05
3.1509e+05
3.0941e+05
3.0377e+05
2.9818e+05
2.9263e+05
2.8713e+05
2.8167e+05
2.7627e+05
2.7091e+05
2.656e+05
2.6034e+05
2.5513e+05
2.4997e+05
2.4486e+05
2.398e+05
2.348e+05
2.2985e+05
2.2495e+05
2.201e+05
2.1531e+05
2.1057e+05
2.0589e+05
2.0126e+05
1.9669e+05
1.9217e+05
1.8771e+05
1.8331e+05
1.7896e+05
1.7467e+05
1.7043e+05
1.6625e+05
1.6213e+05
1.5807e+05
1.5406e+05
1.5011e+05
1.4622e+05
1.4239e+05
1.3861e+05
1.3489e+05
1.3123e+05
1.2763e+05
1.2408e+05
1.2059e+05
1.1716e+05
1.1379e+05
1.1047e+05
1.0721e+05
1.0401e+05
1.0087e+05
97780
94748
91773
88855
85992
83185
80433
77736
75095
72507
69974
67495
65070
62697
60378
58111
55895
53732
51620
49558
47547
45585
43673
41810
39996
38229
36510
34837
33211
31631
30096
28606
27160
25758
24399
23083
21808
20575
19382
18230
17117
16043
15007
14009
13048
12124
11235
10382
9563.2
8778.2
8026.6
7307.6
6620.6
5964.9
5339.9
4745
4179.5
3642.8
3134.2
2653
2198.7
1770.6
1368
990.23
636.76
306.89
0
