1.4813e+05
1.5114e+05
1.5418e+05
1.5724e+05
1.6033e+05
1.6344e+05
1.6657e+05
1.6971e+05
1.7287e+05
1.7605e+05
1.7923e+05
1.8242e+05
1.8562e+05
1.8882e+05
1.9202e+05
1.9521e+05
1.984e+05
2.0159e+05
2.0477e+05
2.0793e+05
2.1108e+05
2.1421e+05
2.1733e+05
2.2043e+05
2.235e+05
2.2654e+05
2.2956e+05
2.3255e+05
2.3551e+05
2.3844e+05
2.4133e+05
2.4418e+05
2.4699e+05
2.4976e+05
2.5249e+05
2.5518e+05
2.5782e+05
2.6041e+05
2.6296e+05
2.6545e+05
2.6789e+05
2.7028e+05
2.7261e+05
2.7489e+05
2.7712e+05
2.7928e+05
2.8139e+05
2.8344e+05
2.8543e+05
2.8736e+05
2.8923e+05
2.9104e+05
2.9278e+05
2.9447e+05
2.9609e+05
2.9765e+05
2.9915e+05
3.0058e+05
3.0195e+05
3.0326e+05
3.0451e+05
3.057e+05
3.0682e+05
3.0789e+05
3.0889e+05
3.0983e+05
3.1072e+05
3.1154e+05
3.1231e+05
3.1302e+05
3.1368e+05
3.1428e+05
3.1483e+05
3.1532e+05
3.1576e+05
3.1616e+05
3.165e+05
3.1679e+05
3.1704e+05
3.1724e+05
3.174e+05
3.1752e+05
3.1759e+05
3.1763e+05
3.1763e+05
3.1759e+05
3.1751e+05
3.1741e+05
3.1727e+05
3.171e+05
3.169e+05
3.1667e+05
3.1642e+05
3.1615e+05
3.1585e+05
3.1553e+05
3.1519e+05
3.1484e+05
3.1447e+05
3.1408e+05
3.1368e+05
3.1327e+05
3.1285e+05
3.1241e+05
3.1197e+05
3.1153e+05
3.1108e+05
3.1062e+05
3.1016e+05
3.097e+05
3.0924e+05
3.0878e+05
3.0832e+05
3.0787e+05
3.0741e+05
3.0696e+05
3.0652e+05
3.0608e+05
3.0564e+05
3.0521e+05
3.0479e+05
3.0438e+05
3.0397e+05
3.0357e+05
3.0318e+05
3.028e+05
3.0242e+05
3.0205e+05
3.017e+05
3.0134e+05
3.01e+05
3.0067e+05
3.0034e+05
3.0002e+05
2.997e+05
2.9939e+05
2.9909e+05
2.9879e+05
2.9849e+05
2.982e+05
2.9791e+05
2.9762e+05
2.9733e+05
2.9704e+05
2.9676e+05
2.9646e+05
2.9617e+05
2.9587e+05
2.9557e+05
2.9525e+05
2.9494e+05
2.9461e+05
2.9427e+05
2.9392e+05
2.9355e+05
2.9318e+05
2.9278e+05
2.9237e+05
2.9195e+05
2.915e+05
2.9103e+05
2.9054e+05
2.9003e+05
2.8949e+05
2.8892e+05
2.8833e+05
2.8771e+05
2.8706e+05
2.8638e+05
2.8567e+05
2.8492e+05
2.8414e+05
2.8333e+05
2.8248e+05
2.8159e+05
2.8066e+05
2.7969e+05
2.7869e+05
2.7764e+05
2.7655e+05
2.7542e+05
2.7425e+05
2.7304e+05
2.7178e+05
2.7047e+05
2.6913e+05
2.6773e+05
2.663e+05
2.6481e+05
2.6329e+05
2.6172e+05
2.601e+05
2.5844e+05
2.5673e+05
2.5498e+05
2.5319e+05
2.5135e+05
2.4947e+05
2.4755e+05
2.4558e+05
2.4357e+05
2.4153e+05
2.3944e+05
2.3732e+05
2.3516e+05
2.3296e+05
2.3073e+05
2.2846e+05
2.2616e+05
2.2383e+05
2.2147e+05
2.1907e+05
2.1666e+05
2.1421e+05
2.1174e+05
2.0925e+05
2.0674e+05
2.042e+05
2.0165e+05
1.9909e+05
1.965e+05
1.9391e+05
1.913e+05
1.8869e+05
1.8607e+05
1.8344e+05
1.808e+05
1.7817e+05
1.7554e+05
1.729e+05
1.7027e+05
1.6765e+05
1.6503e+05
1.6242e+05
1.5983e+05
1.5724e+05
1.5467e+05
1.5211e+05
1.4957e+05
1.4705e+05
1.4455e+05
1.4207e+05
1.3961e+05
1.3718e+05
1.3478e+05
1.324e+05
1.3005e+05
1.2773e+05
1.2544e+05
1.2318e+05
1.2096e+05
1.1877e+05
1.1661e+05
1.1449e+05
1.1241e+05
1.1036e+05
1.0835e+05
1.0637e+05
1.0444e+05
1.0254e+05
1.0068e+05
98866
97087
95346
93645
91982
90359
88773
87226
85717
84245
82809
81410
80046
78716
77420
76157
74926
73726
72556
71415
70301
69214
68152
67115
66100
65106
64132
63178
62240
61319
60412
59518
58635
57764
56901
56045
55196
54351
53510
52671
51832
50994
50154
49311
48464
47613
46755
45891
45019
44139
43249
42350
41440
40520
39588
38645
37690
36723
35744
34754
33752
32738
31714
30680
29635
28582
27520
26451
25376
24296
23212
22126
21040
19954
18871
17793
16721
15658
14606
13568
12545
11540
10556
9596.4
8663
7759.1
6887.8
6052.1
5255.4
4500.8
3791.8
3131.9
2524.5
1973.3
1481.9
1054
693.32
403.74
189.06
53.181
0
33.455
157.5
376.1
693.23
1112.9
1639
2275.5
3026.4
3895.5
4886.9
6004.2
7251.4
8632.2
10150
11809
13612
15564
17667
19924
22339
24916
27656
30564
33641
36891
40316
43918
47700
51663
55811
60143
64663
69372
74271
79361
84643
90117
95786
1.0165e+05
1.077e+05
1.1395e+05
1.204e+05
1.2704e+05
1.3387e+05
1.4089e+05
1.481e+05
1.5551e+05
1.631e+05
1.7088e+05
1.7884e+05
1.8699e+05
1.9532e+05
2.0382e+05
2.1251e+05
2.2136e+05
2.3038e+05
2.3957e+05
2.4893e+05
2.5844e+05
2.6811e+05
2.7792e+05
2.8789e+05
2.98e+05
3.0824e+05
3.1862e+05
3.2912e+05
3.3975e+05
3.5049e+05
3.6135e+05
3.7231e+05
3.8337e+05
3.9452e+05
4.0576e+05
4.1708e+05
4.2848e+05
4.3994e+05
4.5146e+05
4.6304e+05
4.7466e+05
4.8633e+05
4.9802e+05
5.0974e+05
5.2148e+05
5.3323e+05
5.4498e+05
5.5673e+05
5.6846e+05
5.8018e+05
5.9186e+05
6.0351e+05
6.1511e+05
6.2667e+05
6.3816e+05
6.4958e+05
6.6093e+05
6.722e+05
6.8337e+05
6.9445e+05
7.0542e+05
7.1627e+05
7.2701e+05
7.3761e+05
7.4807e+05
7.5839e+05
7.6856e+05
7.7857e+05
7.8841e+05
7.9808e+05
8.0756e+05
8.1686e+05
8.2597e+05
8.3487e+05
8.4357e+05
8.5205e+05
8.6031e+05
8.6835e+05
8.7616e+05
8.8373e+05
8.9105e+05
8.9813e+05
9.0496e+05
9.1152e+05
9.1783e+05
9.2387e+05
9.2964e+05
9.3513e+05
9.4035e+05
9.4528e+05
9.4992e+05
9.5428e+05
9.5835e+05
9.6212e+05
9.6559e+05
9.6877e+05
9.7164e+05
9.7422e+05
9.7648e+05
9.7845e+05
9.801e+05
9.8145e+05
9.825e+05
9.8323e+05
9.8366e+05
9.8378e+05
9.8359e+05
9.831e+05
9.823e+05
9.812e+05
9.7979e+05
9.7808e+05
9.7608e+05
9.7378e+05
9.7118e+05
9.683e+05
9.6512e+05
9.6166e+05
9.5791e+05
9.5389e+05
9.4959e+05
9.4502e+05
9.4018e+05
9.3508e+05
9.2972e+05
9.2411e+05
9.1825e+05
9.1214e+05
9.0579e+05
8.9921e+05
8.924e+05
8.8537e+05
8.7811e+05
8.7065e+05
8.6298e+05
8.5512e+05
8.4706e+05
8.3881e+05
8.3038e+05
8.2178e+05
8.1301e+05
8.0408e+05
7.9499e+05
7.8576e+05
7.7638e+05
7.6688e+05
7.5724e+05
7.4749e+05
7.3762e+05
7.2765e+05
7.1757e+05
7.0741e+05
6.9716e+05
6.8683e+05
6.7644e+05
6.6597e+05
6.5545e+05
6.4489e+05
6.3427e+05
6.2363e+05
6.1295e+05
6.0225e+05
5.9153e+05
5.8081e+05
5.7008e+05
5.5935e+05
5.4864e+05
5.3794e+05
5.2726e+05
5.1661e+05
5.06e+05
4.9542e+05
4.8489e+05
4.7442e+05
4.64e+05
4.5364e+05
4.4335e+05
4.3313e+05
4.2299e+05
4.1294e+05
4.0297e+05
3.9309e+05
3.8331e+05
3.7363e+05
3.6405e+05
3.5458e+05
3.4522e+05
3.3598e+05
3.2686e+05
3.1786e+05
3.0899e+05
3.0025e+05
2.9164e+05
2.8316e+05
2.7482e+05
2.6661e+05
2.5855e+05
2.5064e+05
2.4286e+05
2.3524e+05
2.2776e+05
2.2043e+05
2.1326e+05
2.0623e+05
1.9936e+05
1.9264e+05
1.8608e+05
1.7967e+05
1.7341e+05
1.6731e+05
1.6137e+05
1.5558e+05
1.4995e+05
1.4447e+05
1.3914e+05
1.3397e+05
1.2895e+05
1.2409e+05
1.1937e+05
1.148e+05
1.1038e+05
1.0611e+05
1.0199e+05
98004
94164
90465
86905
83481
80193
77038
74013
71117
68347
65701
63177
60772
58483
56308
54245
52291
50442
48698
47054
45508
44057
42699
41430
40248
39150
38134
37195
36333
35543
34823
34170
33582
33055
32587
32176
31818
31511
31252
31039
30869
30740
30649
30594
30571
30580
30618
30682
30770
30881
31011
31160
31324
31503
31693
31894
32103
32320
32541
32767
32994
33222
33449
33674
33895
34112
34323
34527
34723
34910
35087
35254
35408
35550
35679
35794
35894
35979
36049
36103
36140
36160
36163
36149
36117
36068
36000
35914
35811
35689
35548
35390
35213
35019
34807
34577
34330
34065
33784
33486
33172
32841
32495
32134
31757
31367
30962
30543
30111
29666
29209
28740
28260
27768
27267
26755
26234
25705
25166
