6.753e+05
6.7697e+05
6.7851e+05
6.7991e+05
6.8118e+05
6.8231e+05
6.8331e+05
6.8417e+05
6.8491e+05
6.8551e+05
6.8598e+05
6.8632e+05
6.8653e+05
6.8662e+05
6.8658e+05
6.8642e+05
6.8613e+05
6.8572e+05
6.852e+05
6.8455e+05
6.8379e+05
6.8291e+05
6.8192e+05
6.8082e+05
6.7961e+05
6.7829e+05
6.7687e+05
6.7534e+05
6.7371e+05
6.7198e+05
6.7015e+05
6.6823e+05
6.6621e+05
6.641e+05
6.619e+05
6.5961e+05
6.5724e+05
6.5478e+05
6.5225e+05
6.4963e+05
6.4694e+05
6.4417e+05
6.4134e+05
6.3843e+05
6.3546e+05
6.3242e+05
6.2931e+05
6.2615e+05
6.2293e+05
6.1966e+05
6.1633e+05
6.1294e+05
6.0951e+05
6.0604e+05
6.0252e+05
5.9895e+05
5.9535e+05
5.9171e+05
5.8803e+05
5.8432e+05
5.8058e+05
5.7681e+05
5.7301e+05
5.6919e+05
5.6535e+05
5.6148e+05
5.576e+05
5.537e+05
5.4978e+05
5.4585e+05
5.4192e+05
5.3797e+05
5.3402e+05
5.3006e+05
5.2609e+05
5.2213e+05
5.1817e+05
5.142e+05
5.1025e+05
5.0629e+05
5.0235e+05
4.9841e+05
4.9448e+05
4.9057e+05
4.8666e+05
4.8277e+05
4.789e+05
4.7504e+05
4.712e+05
4.6738e+05
4.6358e+05
4.5981e+05
4.5605e+05
4.5232e+05
4.4861e+05
4.4493e+05
4.4128e+05
4.3765e+05
4.3406e+05
4.3049e+05
4.2695e+05
4.2344e+05
4.1997e+05
4.1652e+05
4.1311e+05
4.0974e+05
4.0639e+05
4.0308e+05
3.9981e+05
3.9657e+05
3.9336e+05
3.9019e+05
3.8706e+05
3.8396e+05
3.809e+05
3.7788e+05
3.7489e+05
3.7194e+05
3.6902e+05
3.6615e+05
3.6331e+05
3.605e+05
3.5773e+05
3.55e+05
3.5231e+05
3.4965e+05
3.4702e+05
3.4444e+05
3.4188e+05
3.3936e+05
3.3688e+05
3.3443e+05
3.3202e+05
3.2963e+05
3.2728e+05
3.2497e+05
3.2268e+05
3.2043e+05
3.1821e+05
3.1601e+05
3.1385e+05
3.1172e+05
3.0961e+05
3.0753e+05
3.0548e+05
3.0346e+05
3.0146e+05
2.9949e+05
2.9754e+05
2.9561e+05
2.9371e+05
2.9183e+05
2.8997e+05
2.8814e+05
2.8632e+05
2.8452e+05
2.8274e+05
2.8098e+05
2.7923e+05
2.7751e+05
2.7579e+05
2.741e+05
2.7241e+05
2.7074e+05
2.6908e+05
2.6744e+05
2.658e+05
2.6417e+05
2.6256e+05
2.6095e+05
2.5935e+05
2.5776e+05
2.5617e+05
2.546e+05
2.5302e+05
2.5145e+05
2.4989e+05
2.4833e+05
2.4677e+05
2.4521e+05
2.4365e+05
2.421e+05
2.4055e+05
2.3899e+05
2.3744e+05
2.3588e+05
2.3433e+05
2.3277e+05
2.3121e+05
2.2964e+05
2.2808e+05
2.2651e+05
2.2493e+05
2.2335e+05
2.2177e+05
2.2018e+05
2.1859e+05
2.1699e+05
2.1539e+05
2.1378e+05
2.1217e+05
2.1055e+05
2.0892e+05
2.0729e+05
2.0566e+05
2.0401e+05
2.0237e+05
2.0071e+05
1.9905e+05
1.9739e+05
1.9571e+05
1.9404e+05
1.9236e+05
1.9067e+05
1.8898e+05
1.8729e+05
1.8559e+05
1.8389e+05
1.8218e+05
1.8047e+05
1.7876e+05
1.7705e+05
1.7533e+05
1.7362e+05
1.719e+05
1.7019e+05
1.6847e+05
1.6676e+05
1.6505e+05
1.6334e+05
1.6163e+05
1.5993e+05
1.5823e+05
1.5654e+05
1.5486e+05
1.5318e+05
1.5151e+05
1.4985e+05
1.4819e+05
1.4655e+05
1.4492e+05
1.433e+05
1.417e+05
1.4011e+05
1.3853e+05
1.3697e+05
1.3543e+05
1.339e+05
1.324e+05
1.3091e+05
1.2945e+05
1.2801e+05
1.2659e+05
1.2519e+05
1.2383e+05
1.2248e+05
1.2117e+05
1.1989e+05
1.1863e+05
1.1741e+05
1.1622e+05
1.1506e+05
1.1394e+05
1.1285e+05
1.1181e+05
1.108e+05
1.0983e+05
1.089e+05
1.0801e+05
1.0716e+05
1.0636e+05
1.0561e+05
1.049e+05
1.0424e+05
1.0363e+05
1.0306e+05
1.0255e+05
1.0209e+05
1.0169e+05
1.0134e+05
1.0105e+05
1.0081e+05
1.0063e+05
1.0051e+05
1.0045e+05
1.0045e+05
1.0051e+05
1.0064e+05
1.0083e+05
1.0109e+05
1.0141e+05
1.018e+05
1.0226e+05
1.0278e+05
1.0338e+05
1.0405e+05
1.0479e+05
1.056e+05
1.0648e+05
1.0744e+05
1.0848e+05
1.0959e+05
1.1077e+05
1.1204e+05
1.1338e+05
1.148e+05
1.163e+05
1.1787e+05
1.1953e+05
1.2127e+05
1.2309e+05
1.2499e+05
1.2697e+05
1.2904e+05
1.3119e+05
1.3342e+05
1.3574e+05
1.3813e+05
1.4062e+05
1.4318e+05
1.4584e+05
1.4857e+05
1.5139e+05
1.543e+05
1.5729e+05
1.6036e+05
1.6352e+05
1.6677e+05
1.701e+05
1.7351e+05
1.7701e+05
1.8059e+05
1.8426e+05
1.8801e+05
1.9184e+05
1.9576e+05
1.9975e+05
2.0383e+05
2.08e+05
2.1224e+05
2.1656e+05
2.2097e+05
2.2545e+05
2.3002e+05
2.3466e+05
2.3938e+05
2.4417e+05
2.4904e+05
2.5399e+05
2.5901e+05
2.6411e+05
2.6928e+05
2.7452e+05
2.7983e+05
2.8521e+05
2.9066e+05
2.9617e+05
3.0176e+05
3.0741e+05
3.1312e+05
3.1889e+05
3.2473e+05
3.3063e+05
3.3659e+05
3.4261e+05
3.4868e+05
3.5481e+05
3.6099e+05
3.6723e+05
3.7351e+05
3.7985e+05
3.8623e+05
3.9266e+05
3.9914e+05
4.0566e+05
4.1222e+05
4.1882e+05
4.2546e+05
4.3214e+05
4.3885e+05
4.456e+05
4.5238e+05
4.5919e+05
4.6602e+05
4.7289e+05
4.7977e+05
4.8669e+05
4.9362e+05
5.0057e+05
5.0754e+05
5.1453e+05
5.2153e+05
5.2854e+05
5.3556e+05
5.4259e+05
5.4962e+05
5.5666e+05
5.6371e+05
5.7075e+05
5.7779e+05
5.8483e+05
5.9186e+05
5.9889e+05
6.0591e+05
6.1291e+05
6.199e+05
6.2688e+05
6.3384e+05
6.4078e+05
6.477e+05
6.546e+05
6.6147e+05
6.6832e+05
6.7513e+05
6.8192e+05
6.8867e+05
6.9539e+05
7.0207e+05
7.0871e+05
7.1531e+05
7.2187e+05
7.2839e+05
7.3486e+05
7.4128e+05
7.4766e+05
7.5398e+05
7.6024e+05
7.6646e+05
7.7261e+05
7.7871e+05
7.8474e+05
7.9072e+05
7.9663e+05
8.0247e+05
8.0825e+05
8.1395e+05
8.1959e+05
8.2516e+05
8.3065e+05
8.3606e+05
8.414e+05
8.4666e+05
8.5184e+05
8.5693e+05
8.6195e+05
8.6688e+05
8.7172e+05
8.7648e+05
8.8115e+05
8.8573e+05
8.9021e+05
8.9461e+05
8.9891e+05
9.0311e+05
9.0722e+05
9.1124e+05
9.1515e+05
9.1896e+05
9.2268e+05
9.2629e+05
9.298e+05
9.332e+05
9.365e+05
9.397e+05
9.4279e+05
9.4577e+05
9.4864e+05
9.5141e+05
9.5407e+05
9.5661e+05
9.5905e+05
9.6137e+05
9.6358e+05
9.6568e+05
9.6767e+05
9.6954e+05
9.713e+05
9.7294e+05
9.7447e+05
9.7588e+05
9.7718e+05
9.7836e+05
9.7943e+05
9.8038e+05
9.8121e+05
9.8193e+05
9.8253e+05
9.8301e+05
9.8338e+05
9.8363e+05
9.8376e+05
9.8378e+05
9.8368e+05
9.8346e+05
9.8313e+05
9.8268e+05
9.8211e+05
9.8143e+05
9.8063e+05
9.7972e+05
9.787e+05
9.7756e+05
9.7631e+05
9.7494e+05
9.7346e+05
9.7187e+05
9.7017e+05
9.6835e+05
9.6643e+05
9.6439e+05
9.6225e+05
9.6e+05
9.5764e+05
9.5518e+05
9.5261e+05
9.4993e+05
9.4715e+05
9.4427e+05
9.4128e+05
9.3819e+05
9.35e+05
9.3172e+05
9.2833e+05
9.2485e+05
9.2127e+05
9.176e+05
9.1383e+05
9.0997e+05
9.0601e+05
9.0197e+05
8.9784e+05
8.9362e+05
8.8931e+05
8.8491e+05
8.8044e+05
8.7588e+05
8.7123e+05
8.6651e+05
8.6171e+05
8.5683e+05
8.5188e+05
8.4685e+05
8.4175e+05
8.3657e+05
8.3133e+05
8.2602e+05
8.2064e+05
8.1519e+05
8.0968e+05
8.0411e+05
7.9847e+05
7.9278e+05
7.8702e+05
7.8122e+05
7.7535e+05
7.6943e+05
7.6346e+05
7.5745e+05
7.5138e+05
7.4526e+05
7.391e+05
7.329e+05
7.2665e+05
7.2036e+05
7.1404e+05
7.0767e+05
7.0127e+05
6.9484e+05
6.8837e+05
6.8188e+05
6.7535e+05
6.688e+05
6.6222e+05
6.5561e+05
6.4899e+05
6.4234e+05
6.3567e+05
6.2899e+05
6.2229e+05
6.1557e+05
6.0884e+05
6.021e+05
5.9535e+05
5.8859e+05
5.8182e+05
5.7505e+05
5.6827e+05
5.615e+05
5.5472e+05
5.4794e+05
5.4116e+05
5.3439e+05
5.2763e+05
5.2086e+05
5.1411e+05
5.0737e+05
5.0064e+05
4.9392e+05
4.8721e+05
4.8052e+05
4.7385e+05
4.6719e+05
4.6055e+05
4.5393e+05
4.4734e+05
4.4077e+05
4.3422e+05
4.2769e+05
4.212e+05
4.1473e+05
4.0829e+05
4.0188e+05
3.955e+05
3.8916e+05
3.8285e+05
3.7657e+05
3.7033e+05
3.6412e+05
3.5796e+05
3.5183e+05
3.4574e+05
3.3969e+05
3.3369e+05
3.2772e+05
3.218e+05
3.1593e+05
3.101e+05
3.0431e+05
2.9858e+05
2.9289e+05
2.8725e+05
2.8165e+05
2.7611e+05
2.7062e+05
2.6518e+05
2.5979e+05
2.5445e+05
2.4917e+05
2.4394e+05
2.3877e+05
2.3365e+05
2.2858e+05
2.2357e+05
2.1862e+05
2.1373e+05
2.0889e+05
2.0411e+05
1.9938e+05
1.9472e+05
1.9011e+05
1.8556e+05
1.8107e+05
1.7665e+05
1.7228e+05
1.6797e+05
1.6372e+05
1.5953e+05
1.554e+05
1.5133e+05
1.4732e+05
1.4337e+05
1.3949e+05
1.3566e+05
1.319e+05
1.2819e+05
1.2455e+05
1.2097e+05
1.1745e+05
1.1399e+05
1.1059e+05
1.0725e+05
1.0397e+05
1.0075e+05
97589
94490
91450
88469
85548
82685
79881
77136
74448
71818
69245
66729
64269
61866
59518
57226
54989
52806
50677
48602
46579
44610
42692
40826
39010
37245
35530
33864
32247
30678
29157
27682
26254
24871
23534
22241
20991
19785
18622
17500
16419
15378
14378
13416
12493
11607
10759
9946.4
9169.7
8427.8
7720.1
7045.8
6404.2
5794.6
5216.3
4668.5
4150.6
3661.8
3201.3
2768.6
2362.7
1983.1
1629
1299.7
994.48
712.6
453.36
216.07
0
