5.7981e+05
5.8095e+05
5.8198e+05
5.8291e+05
5.8373e+05
5.8445e+05
5.8507e+05
5.8558e+05
5.86e+05
5.8631e+05
5.8652e+05
5.8663e+05
5.8665e+05
5.8656e+05
5.8639e+05
5.8612e+05
5.8575e+05
5.8529e+05
5.8475e+05
5.8411e+05
5.8339e+05
5.8258e+05
5.8168e+05
5.8071e+05
5.7965e+05
5.7851e+05
5.7729e+05
5.7599e+05
5.7462e+05
5.7318e+05
5.7166e+05
5.7007e+05
5.6842e+05
5.6669e+05
5.6491e+05
5.6305e+05
5.6114e+05
5.5917e+05
5.5714e+05
5.5505e+05
5.5291e+05
5.5071e+05
5.4846e+05
5.4617e+05
5.4382e+05
5.4143e+05
5.39e+05
5.3652e+05
5.3401e+05
5.3145e+05
5.2886e+05
5.2623e+05
5.2357e+05
5.2088e+05
5.1816e+05
5.1541e+05
5.1263e+05
5.0983e+05
5.07e+05
5.0416e+05
5.0129e+05
4.9841e+05
4.955e+05
4.9259e+05
4.8966e+05
4.8671e+05
4.8376e+05
4.808e+05
4.7782e+05
4.7485e+05
4.7186e+05
4.6888e+05
4.6589e+05
4.629e+05
4.5991e+05
4.5692e+05
4.5393e+05
4.5095e+05
4.4797e+05
4.45e+05
4.4204e+05
4.3908e+05
4.3614e+05
4.332e+05
4.3027e+05
4.2736e+05
4.2446e+05
4.2157e+05
4.187e+05
4.1584e+05
4.13e+05
4.1017e+05
4.0736e+05
4.0457e+05
4.018e+05
3.9905e+05
3.9632e+05
3.936e+05
3.9091e+05
3.8824e+05
3.8559e+05
3.8296e+05
3.8035e+05
3.7777e+05
3.7521e+05
3.7267e+05
3.7015e+05
3.6766e+05
3.6519e+05
3.6274e+05
3.6031e+05
3.5791e+05
3.5554e+05
3.5318e+05
3.5085e+05
3.4854e+05
3.4626e+05
3.44e+05
3.4176e+05
3.3954e+05
3.3735e+05
3.3517e+05
3.3302e+05
3.3089e+05
3.2878e+05
3.267e+05
3.2463e+05
3.2258e+05
3.2055e+05
3.1854e+05
3.1655e+05
3.1458e+05
3.1263e+05
3.1069e+05
3.0877e+05
3.0686e+05
3.0497e+05
3.031e+05
3.0124e+05
2.9939e+05
2.9756e+05
2.9574e+05
2.9394e+05
2.9214e+05
2.9035e+05
2.8858e+05
2.8681e+05
2.8506e+05
2.8331e+05
2.8157e+05
2.7984e+05
2.7811e+05
2.7639e+05
2.7467e+05
2.7296e+05
2.7125e+05
2.6955e+05
2.6785e+05
2.6615e+05
2.6445e+05
2.6275e+05
2.6105e+05
2.5935e+05
2.5765e+05
2.5595e+05
2.5425e+05
2.5254e+05
2.5083e+05
2.4912e+05
2.474e+05
2.4568e+05
2.4395e+05
2.4222e+05
2.4047e+05
2.3873e+05
2.3697e+05
2.3521e+05
2.3344e+05
2.3166e+05
2.2987e+05
2.2808e+05
2.2627e+05
2.2445e+05
2.2263e+05
2.2079e+05
2.1894e+05
2.1709e+05
2.1522e+05
2.1334e+05
2.1145e+05
2.0955e+05
2.0763e+05
2.0571e+05
2.0378e+05
2.0183e+05
1.9987e+05
1.979e+05
1.9592e+05
1.9393e+05
1.9192e+05
1.8991e+05
1.8788e+05
1.8585e+05
1.838e+05
1.8175e+05
1.7968e+05
1.7761e+05
1.7552e+05
1.7343e+05
1.7133e+05
1.6922e+05
1.6711e+05
1.6498e+05
1.6285e+05
1.6072e+05
1.5858e+05
1.5643e+05
1.5428e+05
1.5213e+05
1.4998e+05
1.4782e+05
1.4566e+05
1.435e+05
1.4134e+05
1.3918e+05
1.3702e+05
1.3487e+05
1.3271e+05
1.3057e+05
1.2842e+05
1.2629e+05
1.2416e+05
1.2204e+05
1.1993e+05
1.1782e+05
1.1573e+05
1.1365e+05
1.1158e+05
1.0953e+05
1.0749e+05
1.0547e+05
1.0347e+05
1.0149e+05
99520
97575
95653
93754
91879
90030
88208
86414
84649
82915
81212
79543
77908
76309
74747
73222
71738
70293
68891
67533
66219
64950
63729
62556
61433
60361
59341
58374
57463
56607
55808
55067
54387
53767
53209
52714
52283
51918
51619
51388
51226
51134
51113
51163
51287
51485
51757
52106
52531
53035
53617
54278
55021
55844
56749
57737
58809
59965
61206
62532
63945
65445
67031
68706
70470
72322
74263
76295
78416
80628
82930
85324
87809
90385
93054
95813
98665
1.0161e+05
1.0464e+05
1.0777e+05
1.1099e+05
1.143e+05
1.1771e+05
1.212e+05
1.2479e+05
1.2846e+05
1.3223e+05
1.3609e+05
1.4004e+05
1.4408e+05
1.4821e+05
1.5242e+05
1.5673e+05
1.6112e+05
1.6561e+05
1.7017e+05
1.7483e+05
1.7957e+05
1.8439e+05
1.893e+05
1.9429e+05
1.9936e+05
2.0452e+05
2.0976e+05
2.1507e+05
2.2047e+05
2.2594e+05
2.3149e+05
2.3711e+05
2.4281e+05
2.4858e+05
2.5443e+05
2.6034e+05
2.6633e+05
2.7238e+05
2.7851e+05
2.8469e+05
2.9094e+05
2.9726e+05
3.0364e+05
3.1007e+05
3.1657e+05
3.2312e+05
3.2973e+05
3.364e+05
3.4311e+05
3.4988e+05
3.567e+05
3.6356e+05
3.7047e+05
3.7742e+05
3.8442e+05
3.9146e+05
3.9854e+05
4.0565e+05
4.128e+05
4.1999e+05
4.272e+05
4.3445e+05
4.4172e+05
4.4902e+05
4.5634e+05
4.6369e+05
4.7105e+05
4.7844e+05
4.8584e+05
4.9326e+05
5.0068e+05
5.0812e+05
5.1557e+05
5.2302e+05
5.3048e+05
5.3794e+05
5.454e+05
5.5286e+05
5.6031e+05
5.6776e+05
5.752e+05
5.8263e+05
5.9004e+05
5.9745e+05
6.0484e+05
6.122e+05
6.1955e+05
6.2688e+05
6.3418e+05
6.4145e+05
6.487e+05
6.5592e+05
6.631e+05
6.7024e+05
6.7736e+05
6.8443e+05
6.9146e+05
6.9845e+05
7.0539e+05
7.1229e+05
7.1913e+05
7.2593e+05
7.3267e+05
7.3936e+05
7.46e+05
7.5257e+05
7.5908e+05
7.6554e+05
7.7192e+05
7.7825e+05
7.845e+05
7.9069e+05
7.968e+05
8.0284e+05
8.0881e+05
8.147e+05
8.2051e+05
8.2624e+05
8.3189e+05
8.3746e+05
8.4295e+05
8.4834e+05
8.5365e+05
8.5888e+05
8.6401e+05
8.6905e+05
8.7399e+05
8.7884e+05
8.836e+05
8.8826e+05
8.9282e+05
8.9727e+05
9.0163e+05
9.0589e+05
9.1004e+05
9.1409e+05
9.1803e+05
9.2187e+05
9.256e+05
9.2922e+05
9.3273e+05
9.3612e+05
9.3941e+05
9.4259e+05
9.4565e+05
9.486e+05
9.5143e+05
9.5415e+05
9.5675e+05
9.5924e+05
9.616e+05
9.6385e+05
9.6599e+05
9.68e+05
9.6989e+05
9.7167e+05
9.7332e+05
9.7485e+05
9.7627e+05
9.7756e+05
9.7873e+05
9.7977e+05
9.807e+05
9.8151e+05
9.8219e+05
9.8275e+05
9.8319e+05
9.8351e+05
9.837e+05
9.8378e+05
9.8373e+05
9.8356e+05
9.8327e+05
9.8286e+05
9.8233e+05
9.8167e+05
9.809e+05
9.8001e+05
9.79e+05
9.7787e+05
9.7662e+05
9.7526e+05
9.7377e+05
9.7217e+05
9.7046e+05
9.6863e+05
9.6668e+05
9.6462e+05
9.6245e+05
9.6016e+05
9.5777e+05
9.5526e+05
9.5264e+05
9.4992e+05
9.4708e+05
9.4414e+05
9.411e+05
9.3795e+05
9.3469e+05
9.3133e+05
9.2787e+05
9.2431e+05
9.2065e+05
9.1689e+05
9.1303e+05
9.0908e+05
9.0503e+05
9.0089e+05
8.9666e+05
8.9234e+05
8.8793e+05
8.8343e+05
8.7884e+05
8.7417e+05
8.6941e+05
8.6457e+05
8.5965e+05
8.5465e+05
8.4957e+05
8.4442e+05
8.3919e+05
8.3388e+05
8.2851e+05
8.2306e+05
8.1755e+05
8.1196e+05
8.0632e+05
8.0061e+05
7.9483e+05
7.89e+05
7.831e+05
7.7715e+05
7.7114e+05
7.6508e+05
7.5896e+05
7.528e+05
7.4658e+05
7.4032e+05
7.3401e+05
7.2766e+05
7.2126e+05
7.1482e+05
7.0835e+05
7.0183e+05
6.9529e+05
6.887e+05
6.8209e+05
6.7544e+05
6.6877e+05
6.6206e+05
6.5534e+05
6.4858e+05
6.4181e+05
6.3501e+05
6.282e+05
6.2137e+05
6.1452e+05
6.0766e+05
6.0079e+05
5.9391e+05
5.8702e+05
5.8012e+05
5.7321e+05
5.663e+05
5.5939e+05
5.5248e+05
5.4557e+05
5.3866e+05
5.3175e+05
5.2485e+05
5.1796e+05
5.1107e+05
5.042e+05
4.9733e+05
4.9048e+05
4.8364e+05
4.7682e+05
4.7002e+05
4.6323e+05
4.5647e+05
4.4972e+05
4.43e+05
4.363e+05
4.2963e+05
4.2298e+05
4.1636e+05
4.0977e+05
4.0321e+05
3.9668e+05
3.9019e+05
3.8372e+05
3.773e+05
3.7091e+05
3.6455e+05
3.5824e+05
3.5196e+05
3.4573e+05
3.3954e+05
3.3338e+05
3.2728e+05
3.2121e+05
3.152e+05
3.0923e+05
3.033e+05
2.9743e+05
2.916e+05
2.8582e+05
2.801e+05
2.7442e+05
2.688e+05
2.6323e+05
2.5772e+05
2.5225e+05
2.4685e+05
2.415e+05
2.362e+05
2.3096e+05
2.2578e+05
2.2066e+05
2.1559e+05
2.1059e+05
2.0564e+05
2.0075e+05
1.9593e+05
1.9116e+05
1.8646e+05
1.8181e+05
1.7723e+05
1.7271e+05
1.6825e+05
1.6386e+05
1.5952e+05
1.5525e+05
1.5105e+05
1.469e+05
1.4282e+05
1.3881e+05
1.3485e+05
1.3096e+05
1.2714e+05
1.2338e+05
1.1968e+05
1.1605e+05
1.1247e+05
1.0897e+05
1.0553e+05
1.0215e+05
98829
95576
92387
89260
86196
83194
80255
77378
74562
71808
69116
66484
63912
61401
58950
56558
54225
51951
49735
47576
45475
43431
41443
39510
37633
35811
34043
32328
30667
29058
27501
25995
24540
23135
21780
20473
19214
18003
16839
15721
14649
13621
12637
11697
10799
9943.4
9129
8355.1
7621.1
6926
6269.4
5650.3
5068.1
4521.9
4011.1
3535
3092.6
2683.4
2306.4
1961.1
1646.5
1362.1
1106.9
880.24
681.38
509.54
363.96
243.9
148.6
77.302
29.268
3.7476
0
17.285
54.868
