57456
59912
62646
65661
68956
72532
76386
80515
84915
89582
94508
99688
1.0511e+05
1.1077e+05
1.1665e+05
1.2275e+05
1.2905e+05
1.3554e+05
1.422e+05
1.4902e+05
1.5598e+05
1.6308e+05
1.7028e+05
1.7758e+05
1.8496e+05
1.9239e+05
1.9987e+05
2.0737e+05
2.1487e+05
2.2235e+05
2.2981e+05
2.372e+05
2.4452e+05
2.5175e+05
2.5887e+05
2.6586e+05
2.727e+05
2.7937e+05
2.8586e+05
2.9215e+05
2.9822e+05
3.0406e+05
3.0966e+05
3.1498e+05
3.2004e+05
3.248e+05
3.2926e+05
3.3341e+05
3.3723e+05
3.4073e+05
3.4388e+05
3.4668e+05
3.4913e+05
3.5121e+05
3.5293e+05
3.5428e+05
3.5526e+05
3.5587e+05
3.561e+05
3.5596e+05
3.5545e+05
3.5456e+05
3.5331e+05
3.517e+05
3.4974e+05
3.4742e+05
3.4476e+05
3.4176e+05
3.3844e+05
3.348e+05
3.3085e+05
3.2661e+05
3.2208e+05
3.1728e+05
3.1222e+05
3.0692e+05
3.0138e+05
2.9562e+05
2.8966e+05
2.8351e+05
2.7718e+05
2.707e+05
2.6407e+05
2.5731e+05
2.5044e+05
2.4348e+05
2.3643e+05
2.2932e+05
2.2216e+05
2.1497e+05
2.0776e+05
2.0055e+05
1.9335e+05
1.8617e+05
1.7904e+05
1.7197e+05
1.6496e+05
1.5804e+05
1.5121e+05
1.4449e+05
1.3789e+05
1.3143e+05
1.251e+05
1.1894e+05
1.1293e+05
1.071e+05
1.0146e+05
96002
90747
85700
80866
76252
71865
67709
63789
60109
56673
53483
50543
47853
45416
43232
41301
39624
38200
37028
36106
35432
35003
34818
34872
35162
35683
36432
37403
38591
39991
41597
43402
45401
47585
49949
52485
55185
58041
61047
64193
67471
70872
74388
78011
81730
85538
89425
93381
97399
1.0147e+05
1.0558e+05
1.0972e+05
1.1389e+05
1.1807e+05
1.2226e+05
1.2644e+05
1.3061e+05
1.3476e+05
1.3888e+05
1.4297e+05
1.47e+05
1.5098e+05
1.549e+05
1.5875e+05
1.6252e+05
1.662e+05
1.698e+05
1.7329e+05
1.7668e+05
1.7996e+05
1.8313e+05
1.8617e+05
1.8909e+05
1.9188e+05
1.9453e+05
1.9705e+05
1.9942e+05
2.0165e+05
2.0373e+05
2.0566e+05
2.0744e+05
2.0907e+05
2.1054e+05
2.1186e+05
2.1303e+05
2.1404e+05
2.149e+05
2.156e+05
2.1615e+05
2.1655e+05
2.1679e+05
2.169e+05
2.1685e+05
2.1666e+05
2.1633e+05
2.1587e+05
2.1527e+05
2.1454e+05
2.1368e+05
2.1269e+05
2.1159e+05
2.1037e+05
2.0903e+05
2.0759e+05
2.0604e+05
2.0439e+05
2.0264e+05
2.008e+05
1.9886e+05
1.9685e+05
1.9475e+05
1.9257e+05
1.9031e+05
1.8799e+05
1.8559e+05
1.8314e+05
1.8062e+05
1.7804e+05
1.7541e+05
1.7273e+05
1.6999e+05
1.6721e+05
1.6439e+05
1.6152e+05
1.5862e+05
1.5568e+05
1.527e+05
1.497e+05
1.4666e+05
1.4359e+05
1.405e+05
1.3739e+05
1.3425e+05
1.3109e+05
1.2792e+05
1.2473e+05
1.2153e+05
1.1831e+05
1.1509e+05
1.1185e+05
1.0862e+05
1.0538e+05
1.0214e+05
98906
95676
92455
89245
86049
82871
79714
76581
73475
70401
67361
64359
61400
58486
55622
52812
50058
47365
44737
42177
39689
37276
34942
32689
30521
28440
26450
24551
22747
21039
19428
17916
16504
15191
13979
12867
11854
10940
10123
9400.8
8772.4
8234.8
7785.4
7420.8
7137.7
6932.2
6800.1
6737.1
6738.4
6799.2
6914.2
7078.1
7285.4
7530.6
7807.9
8111.5
8435.6
8774.5
9122.3
9473.5
9822.4
10164
10492
10803
11092
11353
11584
11780
11938
12056
12129
12158
12139
12072
11956
11792
11578
11318
11010
10659
10265
9831.8
9362.6
8861
8331.2
7777.4
7204.5
6617.6
6022.1
5423.4
4827.5
4240.2
3667.5
3115.5
2590.1
2097.6
1643.6
1234
874.43
570.08
325.98
146.83
36.885
0
39.547
158.39
358.84
642.63
1010.9
1464.2
2002.3
2624.4
3329
4114
4976.6
5913.1
6919.4
7990.6
9121.3
10305
11536
12806
14108
15434
16774
18121
19464
20795
22103
23379
24613
25796
26918
27969
28940
29823
30609
31291
31860
32312
32639
32837
32902
32830
32620
32271
31782
31155
30392
29498
28477
27335
26080
24722
23270
21737
20134
18478
16783
15066
13346
11641
9971.9
8360
6827.4
5397.5
4094.1
2941.9
1966.1
1192.4
646.93
356.07
346.33
644.26
1276.3
2268.8
3647.5
5437.9
7664.8
10352
13524
17201
21405
26157
31474
37374
43871
50981
58715
67082
76092
85751
96062
1.0703e+05
1.1865e+05
1.3092e+05
1.4383e+05
1.5739e+05
1.7158e+05
1.8638e+05
2.0179e+05
2.1778e+05
2.3434e+05
2.5145e+05
2.6908e+05
2.8721e+05
3.0581e+05
3.2484e+05
3.4429e+05
3.6411e+05
3.8426e+05
4.0472e+05
4.2544e+05
4.4638e+05
4.6751e+05
4.8877e+05
5.1012e+05
5.3152e+05
5.5293e+05
5.7429e+05
5.9557e+05
6.167e+05
6.3766e+05
6.5838e+05
6.7883e+05
6.9895e+05
7.187e+05
7.3803e+05
7.569e+05
7.7527e+05
7.9309e+05
8.1033e+05
8.2693e+05
8.4287e+05
8.581e+05
8.7259e+05
8.8631e+05
8.9923e+05
9.1131e+05
9.2253e+05
9.3287e+05
9.423e+05
9.508e+05
9.5835e+05
9.6494e+05
9.7056e+05
9.7519e+05
9.7884e+05
9.8148e+05
9.8313e+05
9.8378e+05
9.8343e+05
9.8209e+05
9.7977e+05
9.7647e+05
9.7222e+05
9.6702e+05
9.6089e+05
9.5386e+05
9.4593e+05
9.3715e+05
9.2752e+05
9.1709e+05
9.0587e+05
8.9391e+05
8.8122e+05
8.6785e+05
8.5383e+05
8.392e+05
8.2399e+05
8.0824e+05
7.9199e+05
7.7527e+05
7.5813e+05
7.4061e+05
7.2275e+05
7.0459e+05
6.8616e+05
6.6752e+05
6.4869e+05
6.2972e+05
6.1064e+05
5.915e+05
5.7233e+05
5.5318e+05
5.3407e+05
5.1503e+05
4.9612e+05
4.7735e+05
4.5876e+05
4.4038e+05
4.2223e+05
4.0435e+05
3.8677e+05
3.695e+05
3.5256e+05
3.3599e+05
3.198e+05
3.0401e+05
2.8863e+05
2.7369e+05
2.5918e+05
2.4514e+05
2.3156e+05
2.1845e+05
2.0583e+05
1.9369e+05
1.8204e+05
1.7089e+05
1.6024e+05
1.5007e+05
1.4041e+05
1.3123e+05
1.2254e+05
1.1433e+05
1.0659e+05
99327
92518
86160
80241
74750
69675
65005
60725
56823
53283
50092
47235
44696
42460
40511
38833
37412
36230
35272
34523
33967
33589
33374
33306
33372
33557
33847
34230
34692
35221
35805
36433
37093
37776
38471
39170
39864
40544
41204
41835
42433
42991
43504
43967
44376
44728
45020
45248
45412
45510
45540
45502
45397
45223
44982
44674
44302
43866
43369
42813
42201
41534
40817
40052
39243
38393
37506
36585
35634
34657
33658
32641
31609
30567
29518
28466
27415
26369
25330
24303
23290
22296
21322
20372
19448
18553
17690
16860
16065
15308
14589
13910
13273
12678
12126
11617
11152
10731
10355
10022
9731.9
9484.9
9279.9
9115.9
8991.9
8906.5
8858.4
8846.1
8867.8
8921.9
9006.5
9119.6
9259.1
9422.9
9608.9
9814.8
10038
10277
10529
10791
11062
11339
11620
11902
12183
12461
12734
13001
13258
13504
13738
13957
14161
14347
14514
14662
14788
14893
14975
15033
15067
15076
15061
15021
14955
14865
14749
14609
14445
14258
14048
13815
13562
13288
12995
12683
12355
12011
11653
11282
10899
10506
10104
9695.4
9280.8
8861.8
8440.1
8017.1
7594.2
7173
6754.6
6340.6
5932.2
5530.6
5137
4752.6
