1.5619e+05
1.5906e+05
1.6196e+05
1.649e+05
1.6788e+05
1.709e+05
1.7395e+05
1.7704e+05
1.8015e+05
1.8329e+05
1.8646e+05
1.8965e+05
1.9285e+05
1.9608e+05
1.9932e+05
2.0257e+05
2.0584e+05
2.0911e+05
2.1239e+05
2.1567e+05
2.1895e+05
2.2223e+05
2.2551e+05
2.2878e+05
2.3204e+05
2.3528e+05
2.3852e+05
2.4174e+05
2.4494e+05
2.4812e+05
2.5127e+05
2.544e+05
2.5751e+05
2.6058e+05
2.6363e+05
2.6664e+05
2.6961e+05
2.7255e+05
2.7544e+05
2.783e+05
2.8111e+05
2.8388e+05
2.866e+05
2.8927e+05
2.919e+05
2.9447e+05
2.9699e+05
2.9946e+05
3.0187e+05
3.0422e+05
3.0652e+05
3.0876e+05
3.1094e+05
3.1306e+05
3.1512e+05
3.1712e+05
3.1905e+05
3.2093e+05
3.2273e+05
3.2448e+05
3.2616e+05
3.2778e+05
3.2933e+05
3.3081e+05
3.3223e+05
3.3359e+05
3.3488e+05
3.3611e+05
3.3727e+05
3.3837e+05
3.3941e+05
3.4038e+05
3.4129e+05
3.4214e+05
3.4292e+05
3.4365e+05
3.4432e+05
3.4492e+05
3.4547e+05
3.4597e+05
3.464e+05
3.4679e+05
3.4711e+05
3.4739e+05
3.4761e+05
3.4779e+05
3.4791e+05
3.4799e+05
3.4802e+05
3.48e+05
3.4795e+05
3.4785e+05
3.4771e+05
3.4753e+05
3.4731e+05
3.4705e+05
3.4677e+05
3.4644e+05
3.4609e+05
3.4571e+05
3.4529e+05
3.4485e+05
3.4439e+05
3.439e+05
3.4338e+05
3.4285e+05
3.423e+05
3.4172e+05
3.4113e+05
3.4052e+05
3.399e+05
3.3927e+05
3.3862e+05
3.3796e+05
3.3729e+05
3.3662e+05
3.3593e+05
3.3524e+05
3.3454e+05
3.3384e+05
3.3314e+05
3.3243e+05
3.3171e+05
3.31e+05
3.3029e+05
3.2957e+05
3.2886e+05
3.2814e+05
3.2743e+05
3.2672e+05
3.2601e+05
3.253e+05
3.2459e+05
3.2389e+05
3.2319e+05
3.2249e+05
3.2179e+05
3.211e+05
3.204e+05
3.1971e+05
3.1902e+05
3.1833e+05
3.1764e+05
3.1695e+05
3.1626e+05
3.1557e+05
3.1488e+05
3.1418e+05
3.1348e+05
3.1278e+05
3.1207e+05
3.1136e+05
3.1064e+05
3.0992e+05
3.0919e+05
3.0845e+05
3.0769e+05
3.0693e+05
3.0616e+05
3.0537e+05
3.0457e+05
3.0376e+05
3.0292e+05
3.0207e+05
3.0121e+05
3.0032e+05
2.9942e+05
2.9849e+05
2.9754e+05
2.9656e+05
2.9557e+05
2.9454e+05
2.9349e+05
2.9242e+05
2.9131e+05
2.9018e+05
2.8901e+05
2.8782e+05
2.8659e+05
2.8533e+05
2.8404e+05
2.8271e+05
2.8135e+05
2.7996e+05
2.7853e+05
2.7706e+05
2.7556e+05
2.7402e+05
2.7244e+05
2.7082e+05
2.6917e+05
2.6748e+05
2.6575e+05
2.6399e+05
2.6218e+05
2.6034e+05
2.5847e+05
2.5655e+05
2.546e+05
2.5261e+05
2.5058e+05
2.4852e+05
2.4643e+05
2.443e+05
2.4214e+05
2.3994e+05
2.3771e+05
2.3545e+05
2.3317e+05
2.3085e+05
2.285e+05
2.2613e+05
2.2373e+05
2.2131e+05
2.1886e+05
2.1639e+05
2.139e+05
2.114e+05
2.0887e+05
2.0633e+05
2.0378e+05
2.0121e+05
1.9863e+05
1.9604e+05
1.9344e+05
1.9083e+05
1.8822e+05
1.8561e+05
1.83e+05
1.8038e+05
1.7777e+05
1.7517e+05
1.7256e+05
1.6997e+05
1.6738e+05
1.6481e+05
1.6225e+05
1.597e+05
1.5717e+05
1.5465e+05
1.5216e+05
1.4968e+05
1.4723e+05
1.448e+05
1.4239e+05
1.4001e+05
1.3766e+05
1.3534e+05
1.3305e+05
1.3079e+05
1.2857e+05
1.2637e+05
1.2422e+05
1.2209e+05
1.2001e+05
1.1796e+05
1.1595e+05
1.1398e+05
1.1205e+05
1.1016e+05
1.0832e+05
1.0651e+05
1.0474e+05
1.0302e+05
1.0134e+05
99697
98099
96543
95029
93557
92126
90735
89386
88076
86806
85574
84381
83224
82104
81019
79968
78950
77964
77010
76084
75187
74317
73472
72652
71854
71077
70320
69580
68857
68149
67454
66770
66096
65430
64771
64117
63466
62816
62167
61516
60862
60203
59538
58866
58185
57493
56790
56074
55344
54599
53837
53059
52263
51448
50613
49759
48883
47987
47069
46130
45169
44186
43181
42155
41108
40040
38952
37844
36718
35574
34413
33236
32046
30842
29627
28402
27169
25931
24688
23443
22199
20958
19723
18495
17278
16075
14888
13721
12576
11458
10369
9313.2
8293.6
7314.2
6378.5
5490.4
4653.7
3872.4
3150.3
2491.6
1900.3
1380.6
936.53
572.42
292.46
100.89
1.9811
0
99.222
303.92
618.35
1046.8
1593.4
2262.3
3057.9
3984
5044.9
6244.5
7586.7
9075.4
10714
12507
14458
16570
18846
21291
23906
26695
29662
32808
36137
39651
43352
47243
51325
55602
60073
64741
69608
74673
79939
85406
91075
96946
1.0302e+05
1.0929e+05
1.1577e+05
1.2245e+05
1.2933e+05
1.3641e+05
1.4369e+05
1.5116e+05
1.5883e+05
1.667e+05
1.7476e+05
1.8301e+05
1.9144e+05
2.0007e+05
2.0887e+05
2.1785e+05
2.2701e+05
2.3634e+05
2.4584e+05
2.555e+05
2.6533e+05
2.7531e+05
2.8544e+05
2.9572e+05
3.0614e+05
3.1669e+05
3.2738e+05
3.382e+05
3.4913e+05
3.6018e+05
3.7133e+05
3.8259e+05
3.9394e+05
4.0538e+05
4.1691e+05
4.285e+05
4.4017e+05
4.519e+05
4.6368e+05
4.7551e+05
4.8737e+05
4.9927e+05
5.1119e+05
5.2313e+05
5.3508e+05
5.4702e+05
5.5896e+05
5.7088e+05
5.8278e+05
5.9464e+05
6.0647e+05
6.1825e+05
6.2997e+05
6.4162e+05
6.532e+05
6.647e+05
6.7612e+05
6.8743e+05
6.9864e+05
7.0973e+05
7.207e+05
7.3155e+05
7.4225e+05
7.5281e+05
7.6322e+05
7.7346e+05
7.8354e+05
7.9344e+05
8.0316e+05
8.1269e+05
8.2202e+05
8.3114e+05
8.4006e+05
8.4875e+05
8.5723e+05
8.6547e+05
8.7348e+05
8.8124e+05
8.8876e+05
8.9602e+05
9.0303e+05
9.0977e+05
9.1624e+05
9.2244e+05
9.2836e+05
9.3399e+05
9.3935e+05
9.4441e+05
9.4917e+05
9.5364e+05
9.5781e+05
9.6168e+05
9.6524e+05
9.685e+05
9.7144e+05
9.7407e+05
9.7639e+05
9.784e+05
9.8009e+05
9.8146e+05
9.8251e+05
9.8325e+05
9.8367e+05
9.8378e+05
9.8356e+05
9.8304e+05
9.8219e+05
9.8104e+05
9.7957e+05
9.7779e+05
9.757e+05
9.7331e+05
9.7061e+05
9.6761e+05
9.6432e+05
9.6073e+05
9.5685e+05
9.5268e+05
9.4823e+05
9.435e+05
9.3849e+05
9.3321e+05
9.2767e+05
9.2186e+05
9.158e+05
9.0949e+05
9.0293e+05
8.9613e+05
8.891e+05
8.8184e+05
8.7435e+05
8.6665e+05
8.5874e+05
8.5063e+05
8.4232e+05
8.3382e+05
8.2513e+05
8.1627e+05
8.0724e+05
7.9805e+05
7.887e+05
7.792e+05
7.6956e+05
7.5979e+05
7.4989e+05
7.3987e+05
7.2974e+05
7.1951e+05
7.0918e+05
6.9876e+05
6.8826e+05
6.7768e+05
6.6704e+05
6.5634e+05
6.4558e+05
6.3478e+05
6.2395e+05
6.1308e+05
6.0219e+05
5.9128e+05
5.8037e+05
5.6945e+05
5.5854e+05
5.4764e+05
5.3676e+05
5.259e+05
5.1508e+05
5.0429e+05
4.9355e+05
4.8286e+05
4.7223e+05
4.6166e+05
4.5116e+05
4.4073e+05
4.3038e+05
4.2012e+05
4.0995e+05
3.9987e+05
3.899e+05
3.8003e+05
3.7027e+05
3.6062e+05
3.5109e+05
3.4169e+05
3.3241e+05
3.2326e+05
3.1424e+05
3.0537e+05
2.9663e+05
2.8804e+05
2.7959e+05
2.7129e+05
2.6315e+05
2.5515e+05
2.4732e+05
2.3964e+05
2.3212e+05
2.2476e+05
2.1757e+05
2.1054e+05
2.0368e+05
1.9698e+05
1.9045e+05
1.8409e+05
1.7789e+05
1.7187e+05
1.6601e+05
1.6032e+05
1.548e+05
1.4944e+05
1.4426e+05
1.3924e+05
1.3438e+05
1.2969e+05
1.2517e+05
1.2081e+05
1.166e+05
1.1256e+05
1.0868e+05
1.0495e+05
1.0138e+05
97961
94692
91572
88597
85767
83078
80528
78114
75834
73685
71664
69768
67995
66341
64803
63378
62064
60856
59752
58749
57843
57031
56310
55677
55127
54659
54268
53952
53706
53529
53416
53364
53371
53432
53545
53707
53915
54165
54455
54782
55142
55533
55952
56396
56863
57350
57854
58374
58905
59447
59996
60551
61109
61667
62226
62781
63331
63874
64410
64935
65448
65948
66433
66902
67354
67787
68200
68592
68962
69309
69633
69931
70204
70452
70672
70865
71031
71168
71277
71358
71409
71431
71424
71388
71322
71227
71103
70950
70769
70559
70320
70054
69760
69439
69092
68718
68319
67895
67446
66974
66478
65960
65420
64858
64277
63676
63055
62417
61761
61089
60401
59698
