1.4775e+05
1.5041e+05
1.531e+05
1.5582e+05
1.5857e+05
1.6135e+05
1.6415e+05
1.6699e+05
1.6984e+05
1.7271e+05
1.756e+05
1.7851e+05
1.8143e+05
1.8436e+05
1.873e+05
1.9025e+05
1.9321e+05
1.9616e+05
1.9912e+05
2.0208e+05
2.0504e+05
2.0799e+05
2.1093e+05
2.1387e+05
2.1679e+05
2.197e+05
2.226e+05
2.2547e+05
2.2833e+05
2.3117e+05
2.3399e+05
2.3678e+05
2.3955e+05
2.4229e+05
2.45e+05
2.4767e+05
2.5032e+05
2.5293e+05
2.5551e+05
2.5805e+05
2.6055e+05
2.6301e+05
2.6543e+05
2.6781e+05
2.7015e+05
2.7244e+05
2.7469e+05
2.7689e+05
2.7904e+05
2.8115e+05
2.8321e+05
2.8521e+05
2.8717e+05
2.8908e+05
2.9094e+05
2.9275e+05
2.9451e+05
2.9621e+05
2.9786e+05
2.9946e+05
3.0101e+05
3.0251e+05
3.0395e+05
3.0534e+05
3.0669e+05
3.0797e+05
3.0921e+05
3.104e+05
3.1153e+05
3.1262e+05
3.1366e+05
3.1464e+05
3.1558e+05
3.1647e+05
3.1732e+05
3.1811e+05
3.1887e+05
3.1957e+05
3.2024e+05
3.2086e+05
3.2143e+05
3.2197e+05
3.2247e+05
3.2292e+05
3.2334e+05
3.2372e+05
3.2407e+05
3.2438e+05
3.2466e+05
3.249e+05
3.2511e+05
3.2529e+05
3.2545e+05
3.2557e+05
3.2567e+05
3.2574e+05
3.2578e+05
3.258e+05
3.258e+05
3.2578e+05
3.2573e+05
3.2567e+05
3.2559e+05
3.2549e+05
3.2537e+05
3.2524e+05
3.2509e+05
3.2493e+05
3.2475e+05
3.2456e+05
3.2436e+05
3.2415e+05
3.2393e+05
3.237e+05
3.2346e+05
3.2322e+05
3.2296e+05
3.227e+05
3.2243e+05
3.2215e+05
3.2187e+05
3.2158e+05
3.2128e+05
3.2098e+05
3.2067e+05
3.2036e+05
3.2004e+05
3.1972e+05
3.1939e+05
3.1906e+05
3.1872e+05
3.1837e+05
3.1801e+05
3.1765e+05
3.1729e+05
3.1691e+05
3.1653e+05
3.1614e+05
3.1574e+05
3.1533e+05
3.1491e+05
3.1447e+05
3.1403e+05
3.1358e+05
3.1311e+05
3.1262e+05
3.1213e+05
3.1161e+05
3.1108e+05
3.1054e+05
3.0997e+05
3.0939e+05
3.0879e+05
3.0816e+05
3.0751e+05
3.0684e+05
3.0615e+05
3.0543e+05
3.0469e+05
3.0392e+05
3.0312e+05
3.0229e+05
3.0144e+05
3.0055e+05
2.9964e+05
2.9869e+05
2.977e+05
2.9669e+05
2.9564e+05
2.9455e+05
2.9343e+05
2.9227e+05
2.9108e+05
2.8984e+05
2.8857e+05
2.8726e+05
2.8591e+05
2.8452e+05
2.8309e+05
2.8162e+05
2.8011e+05
2.7856e+05
2.7696e+05
2.7533e+05
2.7365e+05
2.7193e+05
2.7018e+05
2.6838e+05
2.6654e+05
2.6466e+05
2.6273e+05
2.6077e+05
2.5877e+05
2.5673e+05
2.5466e+05
2.5254e+05
2.5039e+05
2.482e+05
2.4598e+05
2.4372e+05
2.4143e+05
2.391e+05
2.3675e+05
2.3436e+05
2.3194e+05
2.295e+05
2.2703e+05
2.2453e+05
2.2202e+05
2.1947e+05
2.1691e+05
2.1433e+05
2.1173e+05
2.0911e+05
2.0648e+05
2.0383e+05
2.0117e+05
1.985e+05
1.9583e+05
1.9315e+05
1.9046e+05
1.8777e+05
1.8508e+05
1.8239e+05
1.797e+05
1.7701e+05
1.7433e+05
1.7166e+05
1.69e+05
1.6635e+05
1.6371e+05
1.6109e+05
1.5848e+05
1.5589e+05
1.5332e+05
1.5077e+05
1.4824e+05
1.4574e+05
1.4326e+05
1.4081e+05
1.3839e+05
1.36e+05
1.3363e+05
1.313e+05
1.2901e+05
1.2675e+05
1.2452e+05
1.2233e+05
1.2018e+05
1.1807e+05
1.1599e+05
1.1396e+05
1.1196e+05
1.1001e+05
1.081e+05
1.0623e+05
1.044e+05
1.0262e+05
1.0088e+05
99177
97520
95906
94335
92806
91320
89875
88471
87109
85786
84503
83259
82053
80883
79750
78653
77589
76558
75559
74590
73651
72740
71855
70995
70159
69345
68551
67777
67020
66279
65552
64838
64135
63441
62755
62076
61400
60728
60056
59385
58712
58035
57354
56666
55971
55267
54553
53827
53089
52337
51571
50789
49991
49175
48341
47489
46618
45727
44817
43886
42935
41964
40973
39963
38932
37883
36815
35729
34626
33507
32373
31226
30065
28893
27712
26523
25327
24127
22925
21723
20523
19327
18138
16960
15793
14642
13509
12397
11309
10250
9220.7
8226.3
7269.8
6354.8
5485.1
4664.3
3896.4
3185.1
2534.4
1948.4
1431
986.39
618.66
331.97
130.49
18.428
0
79.424
260.92
548.7
946.97
1459.9
2091.7
2846.4
3728.2
4741
5888.9
7175.8
8605.6
10182
11909
13790
15828
18027
20391
22922
25624
28499
31551
34782
38195
41792
45575
49547
53710
58065
62613
67358
72298
77437
82774
88310
94047
99983
1.0612e+05
1.1246e+05
1.1899e+05
1.2573e+05
1.3266e+05
1.3979e+05
1.4712e+05
1.5464e+05
1.6236e+05
1.7027e+05
1.7836e+05
1.8665e+05
1.9511e+05
2.0376e+05
2.1259e+05
2.216e+05
2.3078e+05
2.4012e+05
2.4964e+05
2.5931e+05
2.6914e+05
2.7912e+05
2.8925e+05
2.9953e+05
3.0994e+05
3.2049e+05
3.3116e+05
3.4195e+05
3.5287e+05
3.6389e+05
3.7501e+05
3.8624e+05
3.9756e+05
4.0896e+05
4.2044e+05
4.3199e+05
4.4361e+05
4.5528e+05
4.6701e+05
4.7878e+05
4.9058e+05
5.0242e+05
5.1427e+05
5.2614e+05
5.3801e+05
5.4988e+05
5.6174e+05
5.7358e+05
5.854e+05
5.9718e+05
6.0892e+05
6.206e+05
6.3223e+05
6.438e+05
6.5529e+05
6.6669e+05
6.7801e+05
6.8923e+05
7.0034e+05
7.1134e+05
7.2221e+05
7.3296e+05
7.4356e+05
7.5402e+05
7.6433e+05
7.7448e+05
7.8446e+05
7.9427e+05
8.039e+05
8.1333e+05
8.2257e+05
8.3161e+05
8.4044e+05
8.4906e+05
8.5745e+05
8.6562e+05
8.7355e+05
8.8124e+05
8.8869e+05
8.9589e+05
9.0284e+05
9.0952e+05
9.1594e+05
9.2209e+05
9.2797e+05
9.3357e+05
9.3889e+05
9.4393e+05
9.4868e+05
9.5313e+05
9.573e+05
9.6116e+05
9.6473e+05
9.6799e+05
9.7095e+05
9.7361e+05
9.7596e+05
9.7801e+05
9.7974e+05
9.8117e+05
9.8228e+05
9.8309e+05
9.8359e+05
9.8378e+05
9.8366e+05
9.8323e+05
9.8249e+05
9.8145e+05
9.8011e+05
9.7847e+05
9.7652e+05
9.7428e+05
9.7174e+05
9.6891e+05
9.6579e+05
9.6238e+05
9.5869e+05
9.5472e+05
9.5048e+05
9.4596e+05
9.4118e+05
9.3613e+05
9.3082e+05
9.2527e+05
9.1946e+05
9.1341e+05
9.0712e+05
9.0059e+05
8.9384e+05
8.8687e+05
8.7968e+05
8.7228e+05
8.6468e+05
8.5688e+05
8.4889e+05
8.4071e+05
8.3235e+05
8.2383e+05
8.1513e+05
8.0628e+05
7.9728e+05
7.8813e+05
7.7884e+05
7.6943e+05
7.5989e+05
7.5023e+05
7.4046e+05
7.3059e+05
7.2063e+05
7.1057e+05
7.0044e+05
6.9022e+05
6.7995e+05
6.6961e+05
6.5922e+05
6.4878e+05
6.383e+05
6.278e+05
6.1726e+05
6.0671e+05
5.9614e+05
5.8557e+05
5.75e+05
5.6444e+05
5.5389e+05
5.4336e+05
5.3285e+05
5.2238e+05
5.1195e+05
5.0156e+05
4.9122e+05
4.8093e+05
4.7071e+05
4.6055e+05
4.5046e+05
4.4045e+05
4.3052e+05
4.2067e+05
4.1092e+05
4.0126e+05
3.917e+05
3.8224e+05
3.7289e+05
3.6365e+05
3.5453e+05
3.4552e+05
3.3664e+05
3.2788e+05
3.1924e+05
3.1074e+05
3.0237e+05
2.9414e+05
2.8605e+05
2.7809e+05
2.7028e+05
2.6261e+05
2.5509e+05
2.4772e+05
2.4049e+05
2.3342e+05
2.2649e+05
2.1972e+05
2.131e+05
2.0663e+05
2.0032e+05
1.9416e+05
1.8816e+05
1.8231e+05
1.7661e+05
1.7107e+05
1.6568e+05
1.6044e+05
1.5536e+05
1.5042e+05
1.4564e+05
1.4101e+05
1.3652e+05
1.3218e+05
1.2799e+05
1.2394e+05
1.2003e+05
1.1627e+05
1.1264e+05
1.0915e+05
1.058e+05
1.0257e+05
99483
96521
93685
90973
88383
85912
83558
81318
79190
77171
75258
73448
71739
70129
68613
67190
65857
64610
63447
62366
61362
60434
59578
58792
58072
57417
56822
56287
55806
55379
55002
54673
54388
54146
53944
53779
53649
53551
53483
53443
53428
53437
53466
53514
53579
53659
53752
53855
53968
54088
54213
54342
54474
54606
54738
54868
54994
55115
55230
55338
55438
55529
55609
55678
55734
55778
55808
55824
55825
55810
55779
55731
55666
55584
55484
55366
55230
55076
54902
54710
54500
54271
54023
53756
53471
53168
52846
52506
52149
51774
51382
50973
50547
50105
49648
49175
48687
48185
47669
47139
46597
46042
45475
44896
44306
43707
43097
42478
41851
41215
40572
39922
39265
