9.8378e+05
9.802e+05
9.7655e+05
9.7282e+05
9.6902e+05
9.6515e+05
9.612e+05
9.5719e+05
9.5311e+05
9.4896e+05
9.4475e+05
9.4047e+05
9.3613e+05
9.3173e+05
9.2726e+05
9.2274e+05
9.1815e+05
9.1351e+05
9.0881e+05
9.0406e+05
8.9925e+05
8.9439e+05
8.8948e+05
8.8452e+05
8.7951e+05
8.7445e+05
8.6935e+05
8.6419e+05
8.59e+05
8.5376e+05
8.4848e+05
8.4315e+05
8.3779e+05
8.3239e+05
8.2695e+05
8.2148e+05
8.1597e+05
8.1043e+05
8.0485e+05
7.9924e+05
7.936e+05
7.8793e+05
7.8224e+05
7.7651e+05
7.7077e+05
7.6499e+05
7.5919e+05
7.5337e+05
7.4753e+05
7.4167e+05
7.3578e+05
7.2988e+05
7.2397e+05
7.1803e+05
7.1208e+05
7.0612e+05
7.0014e+05
6.9415e+05
6.8815e+05
6.8215e+05
6.7613e+05
6.701e+05
6.6407e+05
6.5803e+05
6.5198e+05
6.4594e+05
6.3989e+05
6.3383e+05
6.2778e+05
6.2172e+05
6.1567e+05
6.0962e+05
6.0357e+05
5.9752e+05
5.9148e+05
5.8545e+05
5.7942e+05
5.734e+05
5.6738e+05
5.6138e+05
5.5538e+05
5.4939e+05
5.4342e+05
5.3746e+05
5.3151e+05
5.2557e+05
5.1965e+05
5.1375e+05
5.0786e+05
5.0199e+05
4.9613e+05
4.9029e+05
4.8448e+05
4.7868e+05
4.729e+05
4.6715e+05
4.6141e+05
4.557e+05
4.5001e+05
4.4435e+05
4.3871e+05
4.3309e+05
4.275e+05
4.2194e+05
4.1641e+05
4.109e+05
4.0542e+05
3.9997e+05
3.9455e+05
3.8916e+05
3.838e+05
3.7847e+05
3.7317e+05
3.6791e+05
3.6267e+05
3.5748e+05
3.5231e+05
3.4718e+05
3.4208e+05
3.3702e+05
3.3199e+05
3.27e+05
3.2205e+05
3.1714e+05
3.1226e+05
3.0741e+05
3.0261e+05
2.9785e+05
2.9312e+05
2.8843e+05
2.8379e+05
2.7918e+05
2.7462e+05
2.7009e+05
2.6561e+05
2.6116e+05
2.5676e+05
2.524e+05
2.4808e+05
2.4381e+05
2.3958e+05
2.3539e+05
2.3124e+05
2.2714e+05
2.2308e+05
2.1907e+05
2.151e+05
2.1117e+05
2.0729e+05
2.0346e+05
1.9967e+05
1.9592e+05
1.9222e+05
1.8856e+05
1.8496e+05
1.8139e+05
1.7788e+05
1.7441e+05
1.7098e+05
1.676e+05
1.6427e+05
1.6099e+05
1.5775e+05
1.5456e+05
1.5141e+05
1.4831e+05
1.4526e+05
1.4226e+05
1.393e+05
1.3639e+05
1.3353e+05
1.3071e+05
1.2794e+05
1.2522e+05
1.2255e+05
1.1992e+05
1.1734e+05
1.1481e+05
1.1233e+05
1.0989e+05
1.075e+05
1.0515e+05
1.0285e+05
1.006e+05
98401
96245
94135
92072
90055
88085
86161
84284
82452
80667
78928
77234
75586
73984
72426
70915
69448
68026
66649
65316
64028
62784
61584
60428
59316
58247
57222
56239
55300
54403
53548
52736
51965
51237
50550
49904
49299
48735
48212
47728
47285
46882
46518
46193
45907
45660
45452
45281
45148
45053
44995
44975
44990
45042
45131
45255
45414
45609
45838
46102
46400
46732
47098
47497
47929
48393
48890
49418
49978
50570
51192
51845
52528
53241
53984
54756
55557
56386
57243
58129
59041
59981
60948
61940
62959
64004
65074
66169
67289
68432
69600
70791
72006
73243
74502
75784
77087
78412
79758
81124
82510
83917
85343
86787
88251
89733
91233
92751
94286
95838
97407
98991
1.0059e+05
1.0221e+05
1.0384e+05
1.0548e+05
1.0715e+05
1.0882e+05
1.1051e+05
1.1221e+05
1.1392e+05
1.1565e+05
1.1739e+05
1.1914e+05
1.209e+05
1.2267e+05
1.2446e+05
1.2625e+05
1.2805e+05
1.2987e+05
1.3169e+05
1.3352e+05
1.3536e+05
1.3721e+05
1.3907e+05
1.4093e+05
1.4281e+05
1.4468e+05
1.4657e+05
1.4846e+05
1.5036e+05
1.5226e+05
1.5417e+05
1.5608e+05
1.58e+05
1.5992e+05
1.6184e+05
1.6377e+05
1.657e+05
1.6764e+05
1.6957e+05
1.7151e+05
1.7345e+05
1.7539e+05
1.7734e+05
1.7928e+05
1.8123e+05
1.8317e+05
1.8511e+05
1.8706e+05
1.89e+05
1.9094e+05
1.9289e+05
1.9483e+05
1.9676e+05
1.987e+05
2.0063e+05
2.0256e+05
2.0449e+05
2.0641e+05
2.0833e+05
2.1024e+05
2.1216e+05
2.1406e+05
2.1596e+05
2.1786e+05
2.1975e+05
2.2164e+05
2.2352e+05
2.2539e+05
2.2726e+05
2.2911e+05
2.3097e+05
2.3281e+05
2.3465e+05
2.3648e+05
2.383e+05
2.4012e+05
2.4192e+05
2.4372e+05
2.455e+05
2.4728e+05
2.4905e+05
2.5081e+05
2.5255e+05
2.5429e+05
2.5602e+05
2.5774e+05
2.5944e+05
2.6114e+05
2.6282e+05
2.6449e+05
2.6615e+05
2.678e+05
2.6943e+05
2.7106e+05
2.7267e+05
2.7426e+05
2.7585e+05
2.7742e+05
2.7898e+05
2.8052e+05
2.8205e+05
2.8357e+05
2.8507e+05
2.8655e+05
2.8803e+05
2.8948e+05
2.9093e+05
2.9236e+05
2.9377e+05
2.9517e+05
2.9655e+05
2.9791e+05
2.9926e+05
3.006e+05
3.0192e+05
3.0322e+05
3.045e+05
3.0577e+05
3.0702e+05
3.0826e+05
3.0947e+05
3.1068e+05
3.1186e+05
3.1302e+05
3.1417e+05
3.153e+05
3.1642e+05
3.1751e+05
3.1859e+05
3.1965e+05
3.2069e+05
3.2171e+05
3.2271e+05
3.237e+05
3.2467e+05
3.2561e+05
3.2654e+05
3.2745e+05
3.2835e+05
3.2922e+05
3.3007e+05
3.309e+05
3.3172e+05
3.3251e+05
3.3329e+05
3.3405e+05
3.3478e+05
3.355e+05
3.362e+05
3.3688e+05
3.3753e+05
3.3817e+05
3.3879e+05
3.3939e+05
3.3997e+05
3.4053e+05
3.4107e+05
3.4158e+05
3.4208e+05
3.4256e+05
3.4302e+05
3.4346e+05
3.4387e+05
3.4427e+05
3.4465e+05
3.4501e+05
3.4534e+05
3.4566e+05
3.4596e+05
3.4623e+05
3.4649e+05
3.4672e+05
3.4694e+05
3.4713e+05
3.4731e+05
3.4746e+05
3.476e+05
3.4771e+05
3.478e+05
3.4788e+05
3.4793e+05
3.4796e+05
3.4798e+05
3.4797e+05
3.4794e+05
3.479e+05
3.4783e+05
3.4774e+05
3.4763e+05
3.4751e+05
3.4736e+05
3.472e+05
3.4701e+05
3.468e+05
3.4658e+05
3.4633e+05
3.4607e+05
3.4578e+05
3.4548e+05
3.4516e+05
3.4482e+05
3.4446e+05
3.4408e+05
3.4368e+05
3.4326e+05
3.4282e+05
3.4236e+05
3.4189e+05
3.414e+05
3.4088e+05
3.4035e+05
3.398e+05
3.3924e+05
3.3865e+05
3.3805e+05
3.3743e+05
3.3679e+05
3.3613e+05
3.3545e+05
3.3476e+05
3.3405e+05
3.3332e+05
3.3258e+05
3.3181e+05
3.3103e+05
3.3024e+05
3.2942e+05
3.2859e+05
3.2774e+05
3.2688e+05
3.26e+05
3.251e+05
3.2419e+05
3.2326e+05
3.2231e+05
3.2135e+05
3.2037e+05
3.1938e+05
3.1837e+05
3.1735e+05
3.1631e+05
3.1526e+05
3.1419e+05
3.131e+05
3.12e+05
3.1089e+05
3.0976e+05
3.0862e+05
3.0746e+05
3.0629e+05
3.0511e+05
3.0391e+05
3.027e+05
3.0147e+05
3.0024e+05
2.9898e+05
2.9772e+05
2.9644e+05
2.9515e+05
2.9385e+05
2.9253e+05
2.912e+05
2.8986e+05
2.8851e+05
2.8715e+05
2.8577e+05
2.8439e+05
2.8299e+05
2.8158e+05
2.8016e+05
2.7872e+05
2.7728e+05
2.7583e+05
2.7436e+05
2.7289e+05
2.7141e+05
2.6991e+05
2.6841e+05
2.6689e+05
2.6537e+05
2.6384e+05
2.623e+05
2.6074e+05
2.5919e+05
2.5762e+05
2.5604e+05
2.5445e+05
2.5286e+05
2.5126e+05
2.4965e+05
2.4803e+05
2.4641e+05
2.4478e+05
2.4314e+05
2.4149e+05
2.3984e+05
2.3818e+05
2.3651e+05
2.3484e+05
2.3316e+05
2.3147e+05
2.2978e+05
2.2808e+05
2.2638e+05
2.2467e+05
2.2296e+05
2.2124e+05
2.1952e+05
2.1779e+05
2.1606e+05
2.1432e+05
2.1258e+05
2.1083e+05
2.0908e+05
2.0733e+05
2.0557e+05
2.0381e+05
2.0205e+05
2.0028e+05
1.9851e+05
1.9674e+05
1.9497e+05
1.9319e+05
1.9141e+05
1.8963e+05
1.8784e+05
1.8606e+05
1.8427e+05
1.8248e+05
1.8069e+05
1.789e+05
1.7711e+05
1.7531e+05
1.7352e+05
1.7172e+05
1.6993e+05
1.6813e+05
1.6634e+05
1.6454e+05
1.6275e+05
1.6095e+05
1.5916e+05
1.5736e+05
1.5557e+05
1.5378e+05
1.5199e+05
1.502e+05
1.4841e+05
1.4662e+05
1.4484e+05
1.4306e+05
1.4128e+05
1.395e+05
1.3772e+05
1.3595e+05
1.3417e+05
1.324e+05
1.3064e+05
1.2888e+05
1.2712e+05
1.2536e+05
1.236e+05
1.2185e+05
1.2011e+05
1.1837e+05
1.1663e+05
1.1489e+05
1.1316e+05
1.1144e+05
1.0972e+05
1.08e+05
1.0629e+05
1.0458e+05
1.0288e+05
1.0118e+05
99487
97800
96118
94442
92772
91108
89449
87797
86151
84510
82877
81249
79629
78015
76408
74807
73214
71628
70049
68477
66913
65357
63807
62266
60733
59207
57689
56180
54678
53185
51700
50224
48756
47297
45846
44404
42972
41547
40132
38727
37330
35942
34564
33195
31836
30486
29145
27815
26494
25182
23881
22590
21308
20036
18775
17523
16282
15051
13831
12620
11420
10231
9051.4
7882.8
6724.7
5577.2
4440.4
3314.2
2198.7
1094
0
