6.5014e+05
6.5106e+05
6.5186e+05
6.5255e+05
6.5313e+05
6.536e+05
6.5395e+05
6.5419e+05
6.5433e+05
6.5435e+05
6.5427e+05
6.5408e+05
6.5379e+05
6.5339e+05
6.5289e+05
6.5229e+05
6.516e+05
6.508e+05
6.499e+05
6.4891e+05
6.4783e+05
6.4665e+05
6.4539e+05
6.4403e+05
6.4259e+05
6.4106e+05
6.3945e+05
6.3776e+05
6.3599e+05
6.3413e+05
6.3221e+05
6.302e+05
6.2813e+05
6.2598e+05
6.2376e+05
6.2148e+05
6.1913e+05
6.1672e+05
6.1425e+05
6.1171e+05
6.0912e+05
6.0647e+05
6.0377e+05
6.0102e+05
5.9822e+05
5.9537e+05
5.9247e+05
5.8953e+05
5.8655e+05
5.8353e+05
5.8047e+05
5.7737e+05
5.7424e+05
5.7108e+05
5.6788e+05
5.6466e+05
5.614e+05
5.5813e+05
5.5483e+05
5.515e+05
5.4816e+05
5.448e+05
5.4142e+05
5.3803e+05
5.3463e+05
5.3121e+05
5.2778e+05
5.2434e+05
5.209e+05
5.1745e+05
5.14e+05
5.1054e+05
5.0709e+05
5.0363e+05
5.0018e+05
4.9672e+05
4.9328e+05
4.8984e+05
4.864e+05
4.8297e+05
4.7956e+05
4.7615e+05
4.7275e+05
4.6937e+05
4.66e+05
4.6264e+05
4.593e+05
4.5597e+05
4.5266e+05
4.4937e+05
4.461e+05
4.4285e+05
4.3962e+05
4.3641e+05
4.3322e+05
4.3005e+05
4.2691e+05
4.2379e+05
4.2069e+05
4.1761e+05
4.1456e+05
4.1154e+05
4.0854e+05
4.0557e+05
4.0262e+05
3.997e+05
3.9681e+05
3.9394e+05
3.911e+05
3.8828e+05
3.855e+05
3.8274e+05
3.8e+05
3.773e+05
3.7462e+05
3.7197e+05
3.6934e+05
3.6674e+05
3.6417e+05
3.6162e+05
3.591e+05
3.5661e+05
3.5414e+05
3.517e+05
3.4928e+05
3.4688e+05
3.4451e+05
3.4217e+05
3.3985e+05
3.3755e+05
3.3527e+05
3.3302e+05
3.3078e+05
3.2857e+05
3.2638e+05
3.2421e+05
3.2206e+05
3.1993e+05
3.1782e+05
3.1572e+05
3.1364e+05
3.1158e+05
3.0954e+05
3.0751e+05
3.0549e+05
3.0349e+05
3.0151e+05
2.9953e+05
2.9757e+05
2.9562e+05
2.9368e+05
2.9176e+05
2.8984e+05
2.8793e+05
2.8603e+05
2.8414e+05
2.8225e+05
2.8037e+05
2.785e+05
2.7663e+05
2.7477e+05
2.7291e+05
2.7105e+05
2.692e+05
2.6735e+05
2.655e+05
2.6365e+05
2.618e+05
2.5995e+05
2.5811e+05
2.5626e+05
2.5441e+05
2.5255e+05
2.507e+05
2.4884e+05
2.4698e+05
2.4511e+05
2.4324e+05
2.4137e+05
2.3949e+05
2.3761e+05
2.3572e+05
2.3382e+05
2.3192e+05
2.3001e+05
2.281e+05
2.2617e+05
2.2424e+05
2.2231e+05
2.2036e+05
2.1841e+05
2.1645e+05
2.1449e+05
2.1251e+05
2.1053e+05
2.0854e+05
2.0654e+05
2.0454e+05
2.0252e+05
2.005e+05
1.9848e+05
1.9644e+05
1.944e+05
1.9235e+05
1.903e+05
1.8823e+05
1.8617e+05
1.8409e+05
1.8202e+05
1.7993e+05
1.7785e+05
1.7576e+05
1.7366e+05
1.7156e+05
1.6946e+05
1.6736e+05
1.6526e+05
1.6315e+05
1.6105e+05
1.5894e+05
1.5684e+05
1.5474e+05
1.5264e+05
1.5054e+05
1.4845e+05
1.4636e+05
1.4428e+05
1.422e+05
1.4013e+05
1.3807e+05
1.3602e+05
1.3398e+05
1.3195e+05
1.2993e+05
1.2792e+05
1.2593e+05
1.2395e+05
1.2199e+05
1.2004e+05
1.1811e+05
1.162e+05
1.1431e+05
1.1244e+05
1.106e+05
1.0877e+05
1.0697e+05
1.052e+05
1.0345e+05
1.0174e+05
1.0005e+05
98386
96757
95161
93599
92071
90580
89126
87711
86336
85001
83709
82460
81257
80098
78988
77925
76912
75950
75039
74182
73379
72632
71942
71309
70735
70222
69769
69379
69053
68791
68595
68465
68404
68411
68488
68635
68855
69147
69513
69953
70469
71061
71730
72477
73303
74208
75194
76260
77409
78639
79953
81350
82832
84398
86049
87787
89610
91520
93517
95602
97774
1.0003e+05
1.0238e+05
1.0482e+05
1.0735e+05
1.0996e+05
1.1266e+05
1.1546e+05
1.1834e+05
1.2131e+05
1.2437e+05
1.2752e+05
1.3076e+05
1.3409e+05
1.3751e+05
1.4101e+05
1.4461e+05
1.4829e+05
1.5206e+05
1.5592e+05
1.5986e+05
1.6389e+05
1.6801e+05
1.7222e+05
1.7651e+05
1.8088e+05
1.8534e+05
1.8988e+05
1.9451e+05
1.9922e+05
2.0401e+05
2.0888e+05
2.1383e+05
2.1886e+05
2.2397e+05
2.2916e+05
2.3442e+05
2.3976e+05
2.4517e+05
2.5066e+05
2.5622e+05
2.6185e+05
2.6755e+05
2.7333e+05
2.7916e+05
2.8507e+05
2.9104e+05
2.9708e+05
3.0318e+05
3.0934e+05
3.1556e+05
3.2184e+05
3.2817e+05
3.3456e+05
3.4101e+05
3.4751e+05
3.5406e+05
3.6067e+05
3.6732e+05
3.7401e+05
3.8075e+05
3.8754e+05
3.9437e+05
4.0123e+05
4.0814e+05
4.1508e+05
4.2206e+05
4.2907e+05
4.3611e+05
4.4318e+05
4.5028e+05
4.5741e+05
4.6455e+05
4.7172e+05
4.7892e+05
4.8613e+05
4.9335e+05
5.0059e+05
5.0784e+05
5.1511e+05
5.2238e+05
5.2966e+05
5.3694e+05
5.4423e+05
5.5152e+05
5.588e+05
5.6609e+05
5.7336e+05
5.8064e+05
5.879e+05
5.9515e+05
6.0238e+05
6.0961e+05
6.1681e+05
6.24e+05
6.3116e+05
6.383e+05
6.4542e+05
6.5251e+05
6.5957e+05
6.666e+05
6.7359e+05
6.8055e+05
6.8747e+05
6.9436e+05
7.012e+05
7.08e+05
7.1476e+05
7.2147e+05
7.2813e+05
7.3474e+05
7.4129e+05
7.478e+05
7.5424e+05
7.6063e+05
7.6696e+05
7.7323e+05
7.7943e+05
7.8557e+05
7.9165e+05
7.9765e+05
8.0359e+05
8.0945e+05
8.1524e+05
8.2095e+05
8.2659e+05
8.3215e+05
8.3763e+05
8.4303e+05
8.4834e+05
8.5357e+05
8.5872e+05
8.6378e+05
8.6874e+05
8.7362e+05
8.7841e+05
8.8311e+05
8.8771e+05
8.9221e+05
8.9662e+05
9.0093e+05
9.0515e+05
9.0926e+05
9.1327e+05
9.1718e+05
9.2099e+05
9.2469e+05
9.2828e+05
9.3178e+05
9.3516e+05
9.3843e+05
9.416e+05
9.4466e+05
9.476e+05
9.5044e+05
9.5316e+05
9.5577e+05
9.5827e+05
9.6065e+05
9.6292e+05
9.6508e+05
9.6711e+05
9.6904e+05
9.7084e+05
9.7253e+05
9.741e+05
9.7556e+05
9.769e+05
9.7811e+05
9.7921e+05
9.802e+05
9.8106e+05
9.818e+05
9.8243e+05
9.8294e+05
9.8333e+05
9.8359e+05
9.8375e+05
9.8378e+05
9.8369e+05
9.8348e+05
9.8316e+05
9.8272e+05
9.8216e+05
9.8148e+05
9.8069e+05
9.7978e+05
9.7875e+05
9.7761e+05
9.7635e+05
9.7498e+05
9.7349e+05
9.7189e+05
9.7017e+05
9.6835e+05
9.6641e+05
9.6436e+05
9.622e+05
9.5993e+05
9.5755e+05
9.5506e+05
9.5246e+05
9.4976e+05
9.4695e+05
9.4404e+05
9.4102e+05
9.379e+05
9.3468e+05
9.3136e+05
9.2794e+05
9.2441e+05
9.208e+05
9.1708e+05
9.1327e+05
9.0937e+05
9.0537e+05
9.0128e+05
8.971e+05
8.9283e+05
8.8847e+05
8.8403e+05
8.795e+05
8.7488e+05
8.7019e+05
8.6541e+05
8.6055e+05
8.5561e+05
8.506e+05
8.4551e+05
8.4034e+05
8.3511e+05
8.298e+05
8.2442e+05
8.1897e+05
8.1346e+05
8.0788e+05
8.0224e+05
7.9653e+05
7.9077e+05
7.8494e+05
7.7906e+05
7.7312e+05
7.6713e+05
7.6108e+05
7.5498e+05
7.4884e+05
7.4264e+05
7.364e+05
7.3011e+05
7.2378e+05
7.1741e+05
7.11e+05
7.0456e+05
6.9807e+05
6.9155e+05
6.85e+05
6.7841e+05
6.718e+05
6.6515e+05
6.5848e+05
6.5179e+05
6.4507e+05
6.3833e+05
6.3157e+05
6.2479e+05
6.1799e+05
6.1118e+05
6.0435e+05
5.9751e+05
5.9067e+05
5.8381e+05
5.7694e+05
5.7007e+05
5.632e+05
5.5632e+05
5.4944e+05
5.4256e+05
5.3569e+05
5.2881e+05
5.2194e+05
5.1508e+05
5.0823e+05
5.0138e+05
4.9455e+05
4.8772e+05
4.8092e+05
4.7412e+05
4.6734e+05
4.6058e+05
4.5384e+05
4.4712e+05
4.4042e+05
4.3375e+05
4.271e+05
4.2047e+05
4.1387e+05
4.073e+05
4.0076e+05
3.9425e+05
3.8777e+05
3.8132e+05
3.7491e+05
3.6853e+05
3.6219e+05
3.5589e+05
3.4962e+05
3.434e+05
3.3721e+05
3.3107e+05
3.2497e+05
3.1891e+05
3.129e+05
3.0693e+05
3.0101e+05
2.9513e+05
2.8931e+05
2.8353e+05
2.778e+05
2.7212e+05
2.665e+05
2.6092e+05
2.554e+05
2.4993e+05
2.4452e+05
2.3916e+05
2.3385e+05
2.286e+05
2.2341e+05
2.1828e+05
2.132e+05
2.0818e+05
2.0322e+05
1.9832e+05
1.9348e+05
1.887e+05
1.8398e+05
1.7932e+05
1.7472e+05
1.7019e+05
1.6571e+05
1.613e+05
1.5695e+05
1.5266e+05
1.4844e+05
1.4427e+05
1.4018e+05
1.3614e+05
1.3217e+05
1.2826e+05
1.2442e+05
1.2064e+05
1.1692e+05
1.1327e+05
1.0969e+05
1.0616e+05
1.027e+05
99309
95977
92710
89506
86366
83290
80277
77327
74439
71615
68853
66153
63516
60940
58425
55971
53578
51246
48973
46760
44607
42512
40475
38496
36575
34711
32903
31152
29455
27814
26228
24695
23215
21788
20414
19091
17819
16597
15425
14302
13228
12201
11222
10289
9402
8560.1
7762.6
7008.8
6298.1
5629.8
5003.1
4417.3
3871.6
3365.4
2898
2468.5
2076.2
1720.5
1400.5
1115.4
864.66
647.36
462.79
310.19
188.79
97.831
36.556
4.2002
0
23.193
73.018
148.71
249.52
374.68
523.43
695.03
