21788
25282
29001
32940
37094
41455
46016
50770
55709
60825
66108
71550
77142
82873
88733
94713
1.008e+05
1.0699e+05
1.1326e+05
1.1961e+05
1.2603e+05
1.325e+05
1.3901e+05
1.4555e+05
1.5212e+05
1.5869e+05
1.6526e+05
1.7182e+05
1.7835e+05
1.8484e+05
1.9129e+05
1.9768e+05
2.04e+05
2.1025e+05
2.164e+05
2.2246e+05
2.2841e+05
2.3424e+05
2.3995e+05
2.4553e+05
2.5096e+05
2.5624e+05
2.6136e+05
2.6632e+05
2.7111e+05
2.7572e+05
2.8014e+05
2.8438e+05
2.8842e+05
2.9226e+05
2.959e+05
2.9933e+05
3.0255e+05
3.0556e+05
3.0835e+05
3.1093e+05
3.1329e+05
3.1543e+05
3.1734e+05
3.1904e+05
3.2052e+05
3.2178e+05
3.2281e+05
3.2364e+05
3.2424e+05
3.2464e+05
3.2482e+05
3.248e+05
3.2458e+05
3.2415e+05
3.2353e+05
3.2272e+05
3.2173e+05
3.2055e+05
3.1919e+05
3.1767e+05
3.1598e+05
3.1414e+05
3.1214e+05
3.0999e+05
3.0771e+05
3.053e+05
3.0276e+05
3.001e+05
2.9734e+05
2.9447e+05
2.915e+05
2.8845e+05
2.8532e+05
2.8212e+05
2.7885e+05
2.7552e+05
2.7215e+05
2.6873e+05
2.6528e+05
2.618e+05
2.5831e+05
2.548e+05
2.5129e+05
2.4778e+05
2.4429e+05
2.4081e+05
2.3736e+05
2.3393e+05
2.3055e+05
2.2721e+05
2.2392e+05
2.2069e+05
2.1752e+05
2.1442e+05
2.114e+05
2.0845e+05
2.0558e+05
2.0281e+05
2.0012e+05
1.9754e+05
1.9505e+05
1.9267e+05
1.904e+05
1.8824e+05
1.8619e+05
1.8426e+05
1.8244e+05
1.8075e+05
1.7917e+05
1.7773e+05
1.764e+05
1.752e+05
1.7413e+05
1.7318e+05
1.7235e+05
1.7165e+05
1.7108e+05
1.7063e+05
1.703e+05
1.7009e+05
1.7e+05
1.7003e+05
1.7017e+05
1.7042e+05
1.7078e+05
1.7125e+05
1.7181e+05
1.7248e+05
1.7325e+05
1.741e+05
1.7505e+05
1.7607e+05
1.7718e+05
1.7836e+05
1.796e+05
1.8092e+05
1.8229e+05
1.8372e+05
1.852e+05
1.8672e+05
1.8828e+05
1.8987e+05
1.915e+05
1.9314e+05
1.948e+05
1.9648e+05
1.9816e+05
1.9984e+05
2.0151e+05
2.0318e+05
2.0483e+05
2.0646e+05
2.0807e+05
2.0964e+05
2.1118e+05
2.1267e+05
2.1412e+05
2.1553e+05
2.1687e+05
2.1816e+05
2.1938e+05
2.2054e+05
2.2163e+05
2.2264e+05
2.2358e+05
2.2443e+05
2.252e+05
2.2589e+05
2.2648e+05
2.2699e+05
2.274e+05
2.2771e+05
2.2793e+05
2.2805e+05
2.2807e+05
2.2799e+05
2.2781e+05
2.2753e+05
2.2715e+05
2.2667e+05
2.2608e+05
2.254e+05
2.2462e+05
2.2373e+05
2.2275e+05
2.2168e+05
2.2051e+05
2.1925e+05
2.1789e+05
2.1645e+05
2.1492e+05
2.1331e+05
2.1161e+05
2.0984e+05
2.0799e+05
2.0607e+05
2.0408e+05
2.0202e+05
1.9989e+05
1.9771e+05
1.9547e+05
1.9318e+05
1.9084e+05
1.8845e+05
1.8602e+05
1.8354e+05
1.8103e+05
1.7849e+05
1.7592e+05
1.7332e+05
1.7071e+05
1.6807e+05
1.6541e+05
1.6274e+05
1.6006e+05
1.5738e+05
1.5468e+05
1.5199e+05
1.493e+05
1.4661e+05
1.4393e+05
1.4125e+05
1.3858e+05
1.3593e+05
1.3329e+05
1.3066e+05
1.2805e+05
1.2546e+05
1.2289e+05
1.2034e+05
1.1781e+05
1.153e+05
1.1282e+05
1.1036e+05
1.0792e+05
1.0551e+05
1.0313e+05
1.0076e+05
98428
96116
93829
91566
89328
87113
84922
82754
80608
78485
76383
74302
72241
70201
68179
66177
64193
62227
60279
58347
56433
54536
52656
50792
48945
47115
45302
43506
41729
39969
38229
36509
34810
33132
31476
29845
28239
26659
25107
23584
22092
20633
19208
17819
16468
15157
13888
12662
11481
10349
9265.3
8233.2
7254.3
6330.4
5463.3
4654.7
3906.2
3219.5
2595.9
2036.7
1543.3
1116.6
757.59
467.12
245.76
93.97
12.023
0
57.788
185.07
381.33
645.83
977.61
1375.5
1838.1
2363.8
2950.8
3596.9
4300
5057.4
5866.4
6724.2
7627.5
8573
9557.1
10576
11626
12703
13803
14922
16054
17195
18341
19487
20628
21759
22876
23973
25045
26088
27097
28066
28993
29871
30696
31465
32173
32817
33392
33895
34324
34675
34946
35134
35239
35257
35189
35033
34788
34456
34037
33531
32939
32265
31509
30676
29767
28787
27741
26632
25466
24249
22987
21687
20355
19000
17629
16250
14873
13507
12161
10846
9571.3
8348.1
7187.3
6100.1
5097.9
4192.6
3395.8
2719.8
2176.6
1778.6
1538.1
1467.5
1579.2
1885.5
2398.7
3131
4094.4
5300.8
6761.9
8489.1
10494
12786
15377
18277
21494
25040
28921
33147
37726
42663
47966
53640
59692
66124
72942
80147
87744
95732
1.0411e+05
1.1289e+05
1.2205e+05
1.3161e+05
1.4155e+05
1.5188e+05
1.6259e+05
1.7367e+05
1.8513e+05
1.9694e+05
2.0911e+05
2.2163e+05
2.3449e+05
2.4767e+05
2.6117e+05
2.7498e+05
2.8908e+05
3.0346e+05
3.181e+05
3.33e+05
3.4813e+05
3.6349e+05
3.7904e+05
3.9479e+05
4.107e+05
4.2676e+05
4.4296e+05
4.5926e+05
4.7566e+05
4.9214e+05
5.0866e+05
5.2522e+05
5.4178e+05
5.5834e+05
5.7486e+05
5.9133e+05
6.0772e+05
6.2402e+05
6.4019e+05
6.5623e+05
6.721e+05
6.8779e+05
7.0327e+05
7.1852e+05
7.3352e+05
7.4826e+05
7.627e+05
7.7683e+05
7.9064e+05
8.0409e+05
8.1718e+05
8.2988e+05
8.4218e+05
8.5406e+05
8.655e+05
8.7648e+05
8.87e+05
8.9704e+05
9.0658e+05
9.1561e+05
9.2411e+05
9.3209e+05
9.3952e+05
9.464e+05
9.5272e+05
9.5847e+05
9.6365e+05
9.6824e+05
9.7224e+05
9.7566e+05
9.7848e+05
9.807e+05
9.8232e+05
9.8335e+05
9.8378e+05
9.8361e+05
9.8284e+05
9.8149e+05
9.7954e+05
9.7702e+05
9.7392e+05
9.7025e+05
9.6601e+05
9.6123e+05
9.5589e+05
9.5003e+05
9.4363e+05
9.3673e+05
9.2932e+05
9.2143e+05
9.1306e+05
9.0422e+05
8.9495e+05
8.8523e+05
8.7511e+05
8.6458e+05
8.5366e+05
8.4238e+05
8.3075e+05
8.1878e+05
8.065e+05
7.9392e+05
7.8106e+05
7.6794e+05
7.5458e+05
7.4099e+05
7.272e+05
7.1321e+05
6.9906e+05
6.8476e+05
6.7033e+05
6.5579e+05
6.4115e+05
6.2643e+05
6.1166e+05
5.9684e+05
5.82e+05
5.6716e+05
5.5232e+05
5.3751e+05
5.2274e+05
5.0804e+05
4.9341e+05
4.7886e+05
4.6442e+05
4.501e+05
4.3591e+05
4.2186e+05
4.0797e+05
3.9425e+05
3.807e+05
3.6735e+05
3.542e+05
3.4126e+05
3.2854e+05
3.1605e+05
3.038e+05
2.9179e+05
2.8003e+05
2.6853e+05
2.573e+05
2.4633e+05
2.3564e+05
2.2522e+05
2.1508e+05
2.0523e+05
1.9567e+05
1.8639e+05
1.774e+05
1.687e+05
1.6029e+05
1.5218e+05
1.4435e+05
1.3681e+05
1.2956e+05
1.2259e+05
1.1591e+05
1.0951e+05
1.0338e+05
97528
91945
86628
81573
76773
72225
67924
63863
60036
56439
53065
49908
46961
44217
41671
39315
37143
35148
33323
31661
30156
28799
27585
26507
25557
24729
24017
23413
22912
22507
22191
21959
21804
21720
21703
21746
21843
21990
22182
22413
22678
22975
23296
23640
24001
24376
24761
25153
25549
25944
26338
26726
27106
27477
27835
28179
28507
28817
29108
29379
29628
29854
30057
30236
30389
30517
30619
30695
30745
30769
30767
30739
30685
30606
30503
30374
30223
30048
29850
29632
29392
29132
28854
28557
28243
27913
27567
27208
26835
26451
26055
25649
25234
24811
24381
23946
23505
23061
22613
22163
21713
21262
20811
20362
19916
19472
19032
18596
18165
17740
17322
16910
16505
16108
15720
15340
14969
14607
14255
13912
13579
13257
12944
12642
12350
12069
11798
11537
11286
11046
10815
10594
10383
10181
9987.5
9803.1
9627.2
9459.4
9299.3
9146.7
9001.2
8862.3
8729.6
8602.7
8481.2
8364.7
8252.6
8144.6
8040.1
