1.597e+05
1.6244e+05
1.6519e+05
1.6796e+05
1.7074e+05
1.7353e+05
1.7633e+05
1.7913e+05
1.8194e+05
1.8475e+05
1.8756e+05
1.9036e+05
1.9317e+05
1.9596e+05
1.9875e+05
2.0152e+05
2.0428e+05
2.0703e+05
2.0976e+05
2.1246e+05
2.1515e+05
2.1782e+05
2.2045e+05
2.2307e+05
2.2565e+05
2.282e+05
2.3072e+05
2.3321e+05
2.3566e+05
2.3807e+05
2.4044e+05
2.4278e+05
2.4507e+05
2.4732e+05
2.4952e+05
2.5168e+05
2.538e+05
2.5586e+05
2.5788e+05
2.5984e+05
2.6176e+05
2.6362e+05
2.6543e+05
2.6719e+05
2.689e+05
2.7055e+05
2.7215e+05
2.7369e+05
2.7517e+05
2.766e+05
2.7798e+05
2.793e+05
2.8056e+05
2.8177e+05
2.8292e+05
2.8401e+05
2.8505e+05
2.8603e+05
2.8696e+05
2.8784e+05
2.8866e+05
2.8942e+05
2.9014e+05
2.908e+05
2.9141e+05
2.9197e+05
2.9248e+05
2.9294e+05
2.9335e+05
2.9371e+05
2.9403e+05
2.943e+05
2.9453e+05
2.9472e+05
2.9486e+05
2.9497e+05
2.9503e+05
2.9506e+05
2.9505e+05
2.95e+05
2.9492e+05
2.9481e+05
2.9467e+05
2.9449e+05
2.9429e+05
2.9406e+05
2.938e+05
2.9353e+05
2.9322e+05
2.929e+05
2.9255e+05
2.9219e+05
2.9181e+05
2.9142e+05
2.91e+05
2.9058e+05
2.9014e+05
2.897e+05
2.8924e+05
2.8877e+05
2.883e+05
2.8782e+05
2.8734e+05
2.8685e+05
2.8636e+05
2.8587e+05
2.8538e+05
2.8489e+05
2.8439e+05
2.839e+05
2.8341e+05
2.8293e+05
2.8245e+05
2.8197e+05
2.815e+05
2.8103e+05
2.8057e+05
2.8011e+05
2.7966e+05
2.7921e+05
2.7878e+05
2.7835e+05
2.7792e+05
2.775e+05
2.7709e+05
2.7669e+05
2.7629e+05
2.759e+05
2.7551e+05
2.7513e+05
2.7475e+05
2.7438e+05
2.7401e+05
2.7364e+05
2.7328e+05
2.7292e+05
2.7256e+05
2.722e+05
2.7183e+05
2.7147e+05
2.7111e+05
2.7074e+05
2.7037e+05
2.6999e+05
2.6961e+05
2.6921e+05
2.6882e+05
2.6841e+05
2.6799e+05
2.6755e+05
2.6711e+05
2.6665e+05
2.6618e+05
2.6568e+05
2.6518e+05
2.6465e+05
2.641e+05
2.6353e+05
2.6294e+05
2.6232e+05
2.6168e+05
2.6101e+05
2.6032e+05
2.596e+05
2.5885e+05
2.5807e+05
2.5726e+05
2.5641e+05
2.5553e+05
2.5462e+05
2.5368e+05
2.527e+05
2.5168e+05
2.5062e+05
2.4953e+05
2.484e+05
2.4724e+05
2.4603e+05
2.4478e+05
2.435e+05
2.4217e+05
2.408e+05
2.394e+05
2.3795e+05
2.3647e+05
2.3494e+05
2.3337e+05
2.3177e+05
2.3012e+05
2.2843e+05
2.2671e+05
2.2495e+05
2.2315e+05
2.2131e+05
2.1944e+05
2.1753e+05
2.1559e+05
2.1361e+05
2.116e+05
2.0956e+05
2.0749e+05
2.0539e+05
2.0326e+05
2.011e+05
1.9892e+05
1.9672e+05
1.9449e+05
1.9224e+05
1.8997e+05
1.8768e+05
1.8538e+05
1.8306e+05
1.8073e+05
1.7839e+05
1.7604e+05
1.7368e+05
1.7132e+05
1.6895e+05
1.6658e+05
1.6421e+05
1.6184e+05
1.5947e+05
1.5711e+05
1.5476e+05
1.5242e+05
1.5009e+05
1.4777e+05
1.4546e+05
1.4317e+05
1.409e+05
1.3865e+05
1.3642e+05
1.3422e+05
1.3204e+05
1.2989e+05
1.2776e+05
1.2567e+05
1.2361e+05
1.2158e+05
1.1958e+05
1.1762e+05
1.157e+05
1.1381e+05
1.1196e+05
1.1016e+05
1.0839e+05
1.0666e+05
1.0498e+05
1.0334e+05
1.0175e+05
1.002e+05
98694
97234
95820
94451
93129
91852
90622
89437
88298
87204
86154
85149
84188
83270
82394
81559
80765
80010
79293
78613
77970
77361
76785
76241
75727
75241
74783
74350
73940
73552
73184
72834
72500
72180
71872
71575
71286
71003
70724
70447
70170
69891
69608
69320
69023
68717
68399
68067
67719
67355
66971
66566
66140
65689
65213
64710
64179
63619
63029
62406
61752
61063
60341
59584
58791
57963
57099
56199
55262
54289
53280
52235
51156
50041
48893
47712
46499
45255
43981
42680
41352
40000
38624
37228
35814
34382
32937
31481
30016
28545
27072
25598
24128
22665
21212
19774
18352
16952
15577
14231
12919
11644
10411
9224
8087.3
7005.6
5983.3
5025
4135.5
3319.3
2581.1
1925.8
1358
882.61
504.31
227.92
58.232
0
57.974
236.87
541.38
976.13
1545.7
2254.7
3107.5
4108.5
5262.1
6572.4
8043.7
9679.9
11485
13463
15617
17951
20468
23172
26066
29152
32434
35914
39595
43478
47567
51863
56367
61081
66007
71146
76497
82063
87844
93840
1.0005e+05
1.0648e+05
1.1311e+05
1.1997e+05
1.2703e+05
1.3431e+05
1.418e+05
1.4949e+05
1.5739e+05
1.655e+05
1.7381e+05
1.8231e+05
1.9102e+05
1.9991e+05
2.09e+05
2.1828e+05
2.2773e+05
2.3737e+05
2.4718e+05
2.5716e+05
2.6731e+05
2.7761e+05
2.8807e+05
2.9869e+05
3.0944e+05
3.2034e+05
3.3137e+05
3.4252e+05
3.538e+05
3.6519e+05
3.7668e+05
3.8828e+05
3.9997e+05
4.1174e+05
4.236e+05
4.3553e+05
4.4752e+05
4.5956e+05
4.7166e+05
4.8379e+05
4.9596e+05
5.0815e+05
5.2035e+05
5.3257e+05
5.4478e+05
5.5698e+05
5.6917e+05
5.8133e+05
5.9345e+05
6.0553e+05
6.1756e+05
6.2952e+05
6.4142e+05
6.5324e+05
6.6497e+05
6.766e+05
6.8814e+05
6.9955e+05
7.1085e+05
7.2202e+05
7.3305e+05
7.4394e+05
7.5467e+05
7.6523e+05
7.7563e+05
7.8585e+05
7.9589e+05
8.0573e+05
8.1537e+05
8.248e+05
8.3402e+05
8.4302e+05
8.5179e+05
8.6032e+05
8.6861e+05
8.7665e+05
8.8444e+05
8.9197e+05
8.9923e+05
9.0623e+05
9.1294e+05
9.1938e+05
9.2553e+05
9.3139e+05
9.3696e+05
9.4223e+05
9.472e+05
9.5186e+05
9.5622e+05
9.6026e+05
9.6399e+05
9.674e+05
9.7049e+05
9.7327e+05
9.7572e+05
9.7784e+05
9.7965e+05
9.8113e+05
9.8228e+05
9.831e+05
9.836e+05
9.8378e+05
9.8363e+05
9.8315e+05
9.8235e+05
9.8123e+05
9.7979e+05
9.7803e+05
9.7596e+05
9.7357e+05
9.7087e+05
9.6786e+05
9.6454e+05
9.6093e+05
9.5701e+05
9.5281e+05
9.4831e+05
9.4352e+05
9.3846e+05
9.3312e+05
9.275e+05
9.2162e+05
9.1548e+05
9.0908e+05
9.0243e+05
8.9554e+05
8.8841e+05
8.8105e+05
8.7346e+05
8.6565e+05
8.5763e+05
8.494e+05
8.4098e+05
8.3236e+05
8.2355e+05
8.1457e+05
8.0542e+05
7.961e+05
7.8663e+05
7.7701e+05
7.6724e+05
7.5735e+05
7.4733e+05
7.3718e+05
7.2693e+05
7.1658e+05
7.0613e+05
6.9559e+05
6.8497e+05
6.7428e+05
6.6353e+05
6.5272e+05
6.4186e+05
6.3095e+05
6.2002e+05
6.0905e+05
5.9807e+05
5.8707e+05
5.7607e+05
5.6507e+05
5.5409e+05
5.4311e+05
5.3216e+05
5.2124e+05
5.1036e+05
4.9952e+05
4.8872e+05
4.7799e+05
4.6731e+05
4.5671e+05
4.4617e+05
4.3572e+05
4.2535e+05
4.1507e+05
4.0488e+05
3.948e+05
3.8482e+05
3.7495e+05
3.652e+05
3.5556e+05
3.4605e+05
3.3667e+05
3.2741e+05
3.1829e+05
3.0931e+05
3.0047e+05
2.9178e+05
2.8323e+05
2.7483e+05
2.6659e+05
2.585e+05
2.5057e+05
2.428e+05
2.3518e+05
2.2774e+05
2.2045e+05
2.1333e+05
2.0638e+05
1.996e+05
1.9298e+05
1.8654e+05
1.8026e+05
1.7415e+05
1.6822e+05
1.6245e+05
1.5685e+05
1.5142e+05
1.4616e+05
1.4107e+05
1.3614e+05
1.3138e+05
1.2679e+05
1.2236e+05
1.1809e+05
1.1398e+05
1.1003e+05
1.0623e+05
1.0259e+05
99110
95776
92592
89554
86660
83908
81295
78819
76476
74265
72181
70223
68387
66670
65069
63581
62203
60931
59763
58695
57724
56847
56060
55359
54743
54207
53748
53363
53048
52800
52617
52494
52429
52419
52459
52548
52682
52858
53073
53325
53609
53925
54268
54636
55026
55436
55864
56306
56761
57225
57698
58176
58657
59140
59623
60102
60578
61047
61509
61960
62401
62830
63245
63644
64027
64393
64739
65066
65372
65657
65919
66158
66373
66564
66729
66869
66983
67071
67132
67166
67174
67154
67107
67032
66930
66802
66646
66463
66254
66018
65757
65469
65157
64819
64457
64071
63662
63230
62775
62299
61802
61284
60746
60189
59614
59021
58411
57785
57144
56487
55817
55133
54437
53729
53010
52281
51542
50795
50040
49278
48510
