83086
87487
92171
97131
1.0236e+05
1.0786e+05
1.1362e+05
1.1962e+05
1.2586e+05
1.3233e+05
1.3902e+05
1.4591e+05
1.5299e+05
1.6025e+05
1.6766e+05
1.7522e+05
1.8291e+05
1.9071e+05
1.986e+05
2.0657e+05
2.146e+05
2.2266e+05
2.3074e+05
2.3882e+05
2.4688e+05
2.549e+05
2.6286e+05
2.7074e+05
2.7852e+05
2.8618e+05
2.937e+05
3.0107e+05
3.0827e+05
3.1527e+05
3.2206e+05
3.2863e+05
3.3495e+05
3.4101e+05
3.468e+05
3.5231e+05
3.5751e+05
3.624e+05
3.6696e+05
3.7119e+05
3.7507e+05
3.786e+05
3.8176e+05
3.8456e+05
3.8698e+05
3.8902e+05
3.9067e+05
3.9194e+05
3.9282e+05
3.9331e+05
3.9341e+05
3.9312e+05
3.9245e+05
3.9139e+05
3.8995e+05
3.8814e+05
3.8596e+05
3.8341e+05
3.8052e+05
3.7728e+05
3.737e+05
3.6979e+05
3.6557e+05
3.6104e+05
3.5622e+05
3.5112e+05
3.4575e+05
3.4012e+05
3.3426e+05
3.2816e+05
3.2186e+05
3.1535e+05
3.0867e+05
3.0181e+05
2.948e+05
2.8766e+05
2.8039e+05
2.7301e+05
2.6555e+05
2.5801e+05
2.5041e+05
2.4276e+05
2.3509e+05
2.274e+05
2.1971e+05
2.1203e+05
2.0438e+05
1.9677e+05
1.8922e+05
1.8173e+05
1.7433e+05
1.6701e+05
1.5981e+05
1.5271e+05
1.4575e+05
1.3892e+05
1.3225e+05
1.2572e+05
1.1937e+05
1.1319e+05
1.072e+05
1.0139e+05
95786
90386
85198
80227
75479
70958
66670
62618
58806
55237
51913
48837
46010
43434
41110
39038
37219
35652
34336
33271
32455
31886
31563
31482
31641
32036
32664
33522
34604
35906
37424
39152
41085
43217
45542
48053
50744
53608
56638
59826
63165
66646
70262
74005
77866
81836
85906
90068
94313
98631
1.0301e+05
1.0745e+05
1.1193e+05
1.1645e+05
1.2099e+05
1.2556e+05
1.3013e+05
1.347e+05
1.3925e+05
1.4379e+05
1.483e+05
1.5278e+05
1.572e+05
1.6158e+05
1.6588e+05
1.7012e+05
1.7428e+05
1.7836e+05
1.8234e+05
1.8622e+05
1.8999e+05
1.9365e+05
1.9719e+05
2.006e+05
2.0389e+05
2.0704e+05
2.1005e+05
2.1291e+05
2.1563e+05
2.182e+05
2.2061e+05
2.2287e+05
2.2497e+05
2.2691e+05
2.2869e+05
2.3031e+05
2.3176e+05
2.3305e+05
2.3417e+05
2.3514e+05
2.3594e+05
2.3658e+05
2.3706e+05
2.3738e+05
2.3754e+05
2.3755e+05
2.3741e+05
2.3712e+05
2.3668e+05
2.361e+05
2.3538e+05
2.3452e+05
2.3352e+05
2.324e+05
2.3114e+05
2.2976e+05
2.2826e+05
2.2665e+05
2.2492e+05
2.2308e+05
2.2114e+05
2.1909e+05
2.1694e+05
2.147e+05
2.1237e+05
2.0995e+05
2.0745e+05
2.0486e+05
2.022e+05
1.9946e+05
1.9665e+05
1.9377e+05
1.9083e+05
1.8783e+05
1.8477e+05
1.8165e+05
1.7848e+05
1.7526e+05
1.72e+05
1.6869e+05
1.6534e+05
1.6196e+05
1.5854e+05
1.551e+05
1.5162e+05
1.4812e+05
1.446e+05
1.4107e+05
1.3751e+05
1.3395e+05
1.3038e+05
1.2681e+05
1.2324e+05
1.1967e+05
1.1611e+05
1.1256e+05
1.0902e+05
1.0551e+05
1.0202e+05
98555
95122
91725
88367
85053
81786
78571
75412
72311
69274
66303
63403
60575
57825
55154
52565
50061
47644
45317
43080
40936
38885
36929
35068
33302
31631
30054
28571
27181
25882
24672
23549
22511
21554
20676
19873
19142
18479
17879
17338
16853
16417
16027
15678
15364
15081
14825
14589
14370
14162
13962
13765
13566
13362
13150
12925
12686
12429
12152
11853
11531
11184
10812
10416
9994.1
9548.3
9079.6
8589.6
8080.2
7554.1
7014.1
6463.4
5905.9
5345.5
4786.5
4233.6
3691.8
3166
2661.7
2184.2
1739.2
1332.2
968.96
654.97
395.77
196.77
63.18
0
11.957
103.47
278.58
540.96
893.8
1339.8
1881.3
2519.8
3256.5
4091.8
5025.5
6056.9
7184.5
8406
9718.7
11119
12603
14165
15801
17503
19266
21081
22941
24837
26761
28703
30653
32602
34539
36453
38333
40170
41952
43669
45310
46865
48324
49676
50914
52028
53011
53854
54552
55098
55487
55716
55781
55680
55413
54980
54382
53621
52703
51632
50414
49057
47571
45966
44253
42445
40557
38604
36603
34571
32528
30492
28485
26528
24644
22856
21188
19664
18310
17149
16208
15513
15088
14959
15152
15692
16602
17908
19632
21797
24425
27537
31151
35287
39962
45191
50989
57368
64339
71912
80095
88892
98307
1.0834e+05
1.19e+05
1.3027e+05
1.4216e+05
1.5466e+05
1.6775e+05
1.8143e+05
1.9569e+05
2.1051e+05
2.2588e+05
2.4177e+05
2.5817e+05
2.7505e+05
2.9239e+05
3.1017e+05
3.2835e+05
3.4691e+05
3.6581e+05
3.8502e+05
4.0452e+05
4.2426e+05
4.4421e+05
4.6433e+05
4.8458e+05
5.0492e+05
5.2533e+05
5.4574e+05
5.6613e+05
5.8645e+05
6.0667e+05
6.2673e+05
6.466e+05
6.6625e+05
6.8562e+05
7.0467e+05
7.2338e+05
7.4169e+05
7.5957e+05
7.7699e+05
7.939e+05
8.1027e+05
8.2607e+05
8.4127e+05
8.5582e+05
8.6971e+05
8.8291e+05
8.9539e+05
9.0711e+05
9.1807e+05
9.2824e+05
9.376e+05
9.4613e+05
9.5381e+05
9.6064e+05
9.6661e+05
9.7169e+05
9.7589e+05
9.792e+05
9.8162e+05
9.8315e+05
9.8378e+05
9.8352e+05
9.8237e+05
9.8035e+05
9.7745e+05
9.737e+05
9.6909e+05
9.6366e+05
9.5741e+05
9.5036e+05
9.4252e+05
9.3393e+05
9.246e+05
9.1456e+05
9.0382e+05
8.9243e+05
8.8039e+05
8.6775e+05
8.5452e+05
8.4075e+05
8.2645e+05
8.1167e+05
7.9643e+05
7.8077e+05
7.6471e+05
7.483e+05
7.3156e+05
7.1453e+05
6.9725e+05
6.7973e+05
6.6203e+05
6.4416e+05
6.2618e+05
6.0809e+05
5.8995e+05
5.7178e+05
5.536e+05
5.3546e+05
5.1738e+05
4.9939e+05
4.8152e+05
4.6379e+05
4.4624e+05
4.2888e+05
4.1174e+05
3.9484e+05
3.7822e+05
3.6187e+05
3.4584e+05
3.3013e+05
3.1476e+05
2.9975e+05
2.8512e+05
2.7087e+05
2.5702e+05
2.4359e+05
2.3057e+05
2.1799e+05
2.0584e+05
1.9414e+05
1.8289e+05
1.7209e+05
1.6174e+05
1.5185e+05
1.4242e+05
1.3345e+05
1.2493e+05
1.1686e+05
1.0925e+05
1.0207e+05
95333
89026
83142
77673
72610
67942
63659
59750
56203
53005
50145
47607
45380
43447
41797
40413
39281
38386
37714
37248
36975
36878
36944
37158
37504
37969
38539
39199
39936
40738
41592
42485
43405
44342
45284
46222
47146
48046
48914
49742
50522
51249
51916
52517
53048
53504
53882
54178
54391
54518
54558
54511
54376
54154
53845
53450
52973
52414
51776
51063
50278
49425
48507
47529
46495
45410
44279
43107
41899
40660
39396
38112
36813
35504
34191
32879
31573
30277
28997
27737
26501
25294
24119
22980
21881
20825
19813
18850
17938
17077
16271
15520
14825
14187
13606
13084
12618
12210
11858
11561
11318
11128
10989
10898
10854
10855
10898
10980
11098
11250
11433
11644
11879
12135
12410
12700
13002
13312
13628
13946
14265
14580
14889
15189
15478
15754
16014
16257
16479
16680
16858
17012
17140
17242
17316
17363
17381
17370
17330
17262
17165
17040
16888
16709
16504
16275
16021
15745
15449
15132
14797
14446
14079
13700
13308
12907
12498
12082
11662
11238
10814
10390
9967.6
9548.9
9135.1
8727.6
8327.8
7936.7
7555.6
7185.4
6827.1
6481.5
