9.8378e+05
9.7954e+05
9.7524e+05
9.7086e+05
9.6642e+05
9.6191e+05
9.5734e+05
9.527e+05
9.48e+05
9.4323e+05
9.3841e+05
9.3353e+05
9.2859e+05
9.236e+05
9.1855e+05
9.1345e+05
9.083e+05
9.0309e+05
8.9784e+05
8.9254e+05
8.8719e+05
8.818e+05
8.7637e+05
8.709e+05
8.6538e+05
8.5982e+05
8.5423e+05
8.486e+05
8.4294e+05
8.3724e+05
8.315e+05
8.2574e+05
8.1995e+05
8.1413e+05
8.0828e+05
8.0241e+05
7.9651e+05
7.9058e+05
7.8464e+05
7.7867e+05
7.7269e+05
7.6669e+05
7.6066e+05
7.5463e+05
7.4858e+05
7.4251e+05
7.3644e+05
7.3035e+05
7.2425e+05
7.1815e+05
7.1203e+05
7.0591e+05
6.9979e+05
6.9366e+05
6.8753e+05
6.814e+05
6.7527e+05
6.6913e+05
6.63e+05
6.5687e+05
6.5075e+05
6.4463e+05
6.3851e+05
6.3241e+05
6.2631e+05
6.2022e+05
6.1414e+05
6.0807e+05
6.0201e+05
5.9597e+05
5.8994e+05
5.8392e+05
5.7792e+05
5.7194e+05
5.6597e+05
5.6002e+05
5.541e+05
5.4819e+05
5.423e+05
5.3644e+05
5.3059e+05
5.2477e+05
5.1898e+05
5.1321e+05
5.0747e+05
5.0175e+05
4.9606e+05
4.904e+05
4.8476e+05
4.7916e+05
4.7359e+05
4.6804e+05
4.6253e+05
4.5705e+05
4.5161e+05
4.462e+05
4.4082e+05
4.3548e+05
4.3017e+05
4.249e+05
4.1966e+05
4.1446e+05
4.093e+05
4.0418e+05
3.9909e+05
3.9405e+05
3.8904e+05
3.8408e+05
3.7915e+05
3.7427e+05
3.6942e+05
3.6462e+05
3.5986e+05
3.5515e+05
3.5048e+05
3.4585e+05
3.4126e+05
3.3672e+05
3.3222e+05
3.2777e+05
3.2336e+05
3.19e+05
3.1468e+05
3.1041e+05
3.0619e+05
3.0201e+05
2.9788e+05
2.938e+05
2.8976e+05
2.8578e+05
2.8183e+05
2.7794e+05
2.741e+05
2.703e+05
2.6655e+05
2.6285e+05
2.592e+05
2.556e+05
2.5204e+05
2.4854e+05
2.4508e+05
2.4167e+05
2.3832e+05
2.3501e+05
2.3175e+05
2.2854e+05
2.2538e+05
2.2227e+05
2.1921e+05
2.1619e+05
2.1323e+05
2.1032e+05
2.0745e+05
2.0464e+05
2.0187e+05
1.9916e+05
1.9649e+05
1.9387e+05
1.9131e+05
1.8879e+05
1.8631e+05
1.8389e+05
1.8152e+05
1.792e+05
1.7692e+05
1.7469e+05
1.7251e+05
1.7038e+05
1.683e+05
1.6626e+05
1.6427e+05
1.6233e+05
1.6044e+05
1.5859e+05
1.5679e+05
1.5504e+05
1.5333e+05
1.5167e+05
1.5006e+05
1.4849e+05
1.4696e+05
1.4548e+05
1.4405e+05
1.4266e+05
1.4132e+05
1.4002e+05
1.3876e+05
1.3755e+05
1.3638e+05
1.3526e+05
1.3418e+05
1.3314e+05
1.3214e+05
1.3119e+05
1.3027e+05
1.294e+05
1.2857e+05
1.2778e+05
1.2703e+05
1.2632e+05
1.2565e+05
1.2502e+05
1.2443e+05
1.2388e+05
1.2336e+05
1.2289e+05
1.2245e+05
1.2205e+05
1.2169e+05
1.2136e+05
1.2107e+05
1.2082e+05
1.206e+05
1.2042e+05
1.2027e+05
1.2016e+05
1.2008e+05
1.2003e+05
1.2002e+05
1.2004e+05
1.201e+05
1.2018e+05
1.203e+05
1.2045e+05
1.2063e+05
1.2084e+05
1.2108e+05
1.2136e+05
1.2166e+05
1.2199e+05
1.2235e+05
1.2274e+05
1.2315e+05
1.236e+05
1.2407e+05
1.2456e+05
1.2509e+05
1.2564e+05
1.2621e+05
1.2681e+05
1.2744e+05
1.2809e+05
1.2877e+05
1.2946e+05
1.3018e+05
1.3093e+05
1.317e+05
1.3248e+05
1.3329e+05
1.3413e+05
1.3498e+05
1.3585e+05
1.3674e+05
1.3766e+05
1.3859e+05
1.3954e+05
1.4051e+05
1.415e+05
1.425e+05
1.4352e+05
1.4456e+05
1.4562e+05
1.4669e+05
1.4778e+05
1.4888e+05
1.5e+05
1.5113e+05
1.5228e+05
1.5344e+05
1.5462e+05
1.5581e+05
1.5701e+05
1.5822e+05
1.5944e+05
1.6068e+05
1.6193e+05
1.6319e+05
1.6446e+05
1.6574e+05
1.6703e+05
1.6833e+05
1.6963e+05
1.7095e+05
1.7228e+05
1.7361e+05
1.7495e+05
1.763e+05
1.7765e+05
1.7902e+05
1.8039e+05
1.8176e+05
1.8314e+05
1.8453e+05
1.8592e+05
1.8731e+05
1.8871e+05
1.9012e+05
1.9152e+05
1.9293e+05
1.9435e+05
1.9576e+05
1.9718e+05
1.9861e+05
2.0003e+05
2.0145e+05
2.0288e+05
2.0431e+05
2.0573e+05
2.0716e+05
2.0859e+05
2.1002e+05
2.1145e+05
2.1287e+05
2.143e+05
2.1572e+05
2.1715e+05
2.1857e+05
2.1999e+05
2.214e+05
2.2282e+05
2.2423e+05
2.2564e+05
2.2704e+05
2.2844e+05
2.2984e+05
2.3123e+05
2.3262e+05
2.3401e+05
2.3538e+05
2.3676e+05
2.3813e+05
2.3949e+05
2.4085e+05
2.422e+05
2.4354e+05
2.4488e+05
2.4621e+05
2.4754e+05
2.4886e+05
2.5017e+05
2.5147e+05
2.5277e+05
2.5405e+05
2.5533e+05
2.566e+05
2.5787e+05
2.5912e+05
2.6036e+05
2.616e+05
2.6283e+05
2.6405e+05
2.6525e+05
2.6645e+05
2.6764e+05
2.6882e+05
2.6999e+05
2.7114e+05
2.7229e+05
2.7343e+05
2.7455e+05
2.7567e+05
2.7677e+05
2.7786e+05
2.7895e+05
2.8002e+05
2.8107e+05
2.8212e+05
2.8315e+05
2.8418e+05
2.8518e+05
2.8618e+05
2.8717e+05
2.8814e+05
2.891e+05
2.9005e+05
2.9098e+05
2.919e+05
2.9281e+05
2.9371e+05
2.9459e+05
2.9546e+05
2.9631e+05
2.9715e+05
2.9798e+05
2.9879e+05
2.9959e+05
3.0038e+05
3.0115e+05
3.0191e+05
3.0265e+05
3.0338e+05
3.041e+05
3.048e+05
3.0549e+05
3.0616e+05
3.0682e+05
3.0746e+05
3.0809e+05
3.087e+05
3.093e+05
3.0988e+05
3.1045e+05
3.1101e+05
3.1155e+05
3.1207e+05
3.1258e+05
3.1307e+05
3.1355e+05
3.1402e+05
3.1447e+05
3.149e+05
3.1532e+05
3.1572e+05
3.1611e+05
3.1648e+05
3.1684e+05
3.1718e+05
3.1751e+05
3.1782e+05
3.1812e+05
3.184e+05
3.1866e+05
3.1891e+05
3.1915e+05
3.1936e+05
3.1957e+05
3.1976e+05
3.1993e+05
3.2009e+05
3.2023e+05
3.2036e+05
3.2047e+05
3.2056e+05
3.2064e+05
3.2071e+05
3.2076e+05
3.2079e+05
3.2081e+05
3.2082e+05
3.2081e+05
3.2078e+05
3.2074e+05
3.2068e+05
3.2061e+05
3.2053e+05
3.2043e+05
3.2031e+05
3.2018e+05
3.2003e+05
3.1987e+05
3.1969e+05
3.195e+05
3.193e+05
3.1908e+05
3.1884e+05
3.1859e+05
3.1833e+05
3.1805e+05
3.1775e+05
3.1745e+05
3.1712e+05
3.1679e+05
3.1644e+05
3.1607e+05
3.1569e+05
3.153e+05
3.1489e+05
3.1447e+05
3.1404e+05
3.1359e+05
3.1312e+05
3.1265e+05
3.1216e+05
3.1165e+05
3.1114e+05
3.1061e+05
3.1006e+05
3.095e+05
3.0893e+05
3.0835e+05
3.0775e+05
3.0714e+05
3.0652e+05
3.0589e+05
3.0524e+05
3.0458e+05
3.039e+05
3.0322e+05
3.0252e+05
3.0181e+05
3.0108e+05
3.0035e+05
2.996e+05
2.9884e+05
2.9807e+05
2.9729e+05
2.9649e+05
2.9568e+05
2.9486e+05
2.9403e+05
2.9319e+05
2.9234e+05
2.9148e+05
2.906e+05
2.8972e+05
2.8882e+05
2.8791e+05
2.8699e+05
2.8606e+05
2.8513e+05
2.8418e+05
2.8321e+05
2.8224e+05
2.8126e+05
2.8027e+05
2.7927e+05
2.7826e+05
2.7724e+05
2.7621e+05
2.7517e+05
2.7412e+05
2.7307e+05
2.72e+05
2.7092e+05
2.6984e+05
2.6874e+05
2.6764e+05
2.6653e+05
2.6541e+05
2.6428e+05
2.6314e+05
2.6199e+05
2.6084e+05
2.5968e+05
2.5851e+05
2.5733e+05
2.5615e+05
2.5495e+05
2.5375e+05
2.5255e+05
2.5133e+05
2.5011e+05
2.4888e+05
2.4764e+05
2.464e+05
2.4515e+05
2.4389e+05
2.4263e+05
2.4136e+05
2.4009e+05
2.388e+05
2.3752e+05
2.3622e+05
2.3492e+05
2.3362e+05
2.3231e+05
2.3099e+05
2.2967e+05
2.2834e+05
2.2701e+05
2.2567e+05
2.2433e+05
2.2298e+05
2.2163e+05
2.2028e+05
2.1892e+05
2.1755e+05
2.1618e+05
2.1481e+05
2.1343e+05
2.1205e+05
2.1066e+05
2.0928e+05
2.0788e+05
2.0649e+05
2.0509e+05
2.0368e+05
2.0228e+05
2.0087e+05
1.9946e+05
1.9804e+05
1.9663e+05
1.9521e+05
1.9379e+05
1.9236e+05
1.9094e+05
1.8951e+05
1.8808e+05
1.8664e+05
1.8521e+05
1.8377e+05
1.8233e+05
1.8089e+05
1.7945e+05
1.7801e+05
1.7657e+05
1.7512e+05
1.7368e+05
1.7223e+05
1.7079e+05
1.6934e+05
1.6789e+05
1.6644e+05
1.65e+05
1.6355e+05
1.621e+05
1.6065e+05
1.592e+05
1.5775e+05
1.563e+05
1.5486e+05
1.5341e+05
1.5196e+05
1.5052e+05
1.4907e+05
1.4763e+05
1.4618e+05
1.4474e+05
1.433e+05
1.4186e+05
1.4042e+05
1.3899e+05
1.3755e+05
1.3612e+05
1.3469e+05
1.3326e+05
1.3183e+05
1.3041e+05
1.2898e+05
1.2756e+05
1.2614e+05
1.2473e+05
1.2331e+05
1.219e+05
1.2049e+05
1.1909e+05
1.1768e+05
1.1628e+05
1.1489e+05
1.1349e+05
1.121e+05
1.1072e+05
1.0933e+05
1.0795e+05
1.0658e+05
1.052e+05
1.0383e+05
1.0247e+05
1.0111e+05
99750
98397
97048
95703
94362
93025
91693
90366
89043
87725
86411
85102
83799
82500
81206
79917
78633
77355
76081
74814
73551
72294
71043
69797
68557
67322
66093
64870
63653
62442
61237
60038
58845
57659
56478
55304
54136
52974
51819
50671
49528
48393
47264
46142
45026
43917
42815
41720
40631
39550
38475
37408
36347
35294
34247
33208
32176
31151
30133
29123
28120
27124
26135
25154
24180
23214
22255
21304
20360
19424
18495
17573
16660
15754
14855
13964
13081
12206
11338
10478
9625
8780.3
7943.3
7114
6292.5
5478.7
4672.7
3874.5
3084
2301.3
1526.4
759.31
0
