7.2382e+05
7.3086e+05
7.3779e+05
7.4462e+05
7.5135e+05
7.5798e+05
7.6452e+05
7.7095e+05
7.7729e+05
7.8354e+05
7.8969e+05
7.9575e+05
8.0171e+05
8.0759e+05
8.1337e+05
8.1905e+05
8.2465e+05
8.3015e+05
8.3556e+05
8.4088e+05
8.4611e+05
8.5124e+05
8.5628e+05
8.6123e+05
8.6609e+05
8.7085e+05
8.7552e+05
8.8009e+05
8.8457e+05
8.8896e+05
8.9325e+05
8.9744e+05
9.0153e+05
9.0553e+05
9.0943e+05
9.1324e+05
9.1694e+05
9.2055e+05
9.2405e+05
9.2746e+05
9.3076e+05
9.3397e+05
9.3707e+05
9.4008e+05
9.4298e+05
9.4578e+05
9.4849e+05
9.5109e+05
9.5358e+05
9.5598e+05
9.5828e+05
9.6047e+05
9.6257e+05
9.6456e+05
9.6645e+05
9.6825e+05
9.6994e+05
9.7153e+05
9.7303e+05
9.7442e+05
9.7572e+05
9.7692e+05
9.7802e+05
9.7902e+05
9.7993e+05
9.8073e+05
9.8145e+05
9.8206e+05
9.8259e+05
9.8301e+05
9.8334e+05
9.8358e+05
9.8373e+05
9.8378e+05
9.8373e+05
9.836e+05
9.8337e+05
9.8305e+05
9.8264e+05
9.8214e+05
9.8155e+05
9.8087e+05
9.8009e+05
9.7923e+05
9.7828e+05
9.7723e+05
9.761e+05
9.7488e+05
9.7357e+05
9.7218e+05
9.7069e+05
9.6912e+05
9.6746e+05
9.6571e+05
9.6388e+05
9.6196e+05
9.5995e+05
9.5786e+05
9.5568e+05
9.5342e+05
9.5107e+05
9.4864e+05
9.4613e+05
9.4353e+05
9.4085e+05
9.3809e+05
9.3525e+05
9.3233e+05
9.2933e+05
9.2625e+05
9.231e+05
9.1986e+05
9.1655e+05
9.1317e+05
9.0971e+05
9.0618e+05
9.0258e+05
8.9891e+05
8.9517e+05
8.9136e+05
8.8749e+05
8.8355e+05
8.7955e+05
8.7549e+05
8.7136e+05
8.6718e+05
8.6294e+05
8.5864e+05
8.5429e+05
8.4989e+05
8.4543e+05
8.4093e+05
8.3638e+05
8.3179e+05
8.2715e+05
8.2248e+05
8.1776e+05
8.13e+05
8.0821e+05
8.0339e+05
7.9853e+05
7.9364e+05
7.8873e+05
7.8379e+05
7.7882e+05
7.7383e+05
7.6883e+05
7.638e+05
7.5876e+05
7.537e+05
7.4863e+05
7.4355e+05
7.3846e+05
7.3337e+05
7.2827e+05
7.2316e+05
7.1806e+05
7.1295e+05
7.0785e+05
7.0275e+05
6.9766e+05
6.9257e+05
6.8749e+05
6.8242e+05
6.7737e+05
6.7233e+05
6.673e+05
6.6229e+05
6.573e+05
6.5233e+05
6.4738e+05
6.4246e+05
6.3756e+05
6.3268e+05
6.2783e+05
6.2301e+05
6.1822e+05
6.1346e+05
6.0874e+05
6.0405e+05
5.9939e+05
5.9477e+05
5.9019e+05
5.8564e+05
5.8114e+05
5.7667e+05
5.7225e+05
5.6788e+05
5.6355e+05
5.5926e+05
5.5502e+05
5.5083e+05
5.4668e+05
5.4259e+05
5.3855e+05
5.3456e+05
5.3062e+05
5.2674e+05
5.2291e+05
5.1914e+05
5.1542e+05
5.1176e+05
5.0816e+05
5.0462e+05
5.0114e+05
4.9772e+05
4.9436e+05
4.9106e+05
4.8783e+05
4.8466e+05
4.8156e+05
4.7852e+05
4.7554e+05
4.7263e+05
4.6979e+05
4.6702e+05
4.6431e+05
4.6168e+05
4.5911e+05
4.5661e+05
4.5418e+05
4.5183e+05
4.4954e+05
4.4732e+05
4.4518e+05
4.4311e+05
4.4111e+05
4.3919e+05
4.3733e+05
4.3555e+05
4.3385e+05
4.3221e+05
4.3065e+05
4.2917e+05
4.2775e+05
4.2642e+05
4.2515e+05
4.2396e+05
4.2285e+05
4.2181e+05
4.2084e+05
4.1994e+05
4.1912e+05
4.1838e+05
4.177e+05
4.171e+05
4.1658e+05
4.1612e+05
4.1574e+05
4.1543e+05
4.152e+05
4.1503e+05
4.1494e+05
4.1492e+05
4.1496e+05
4.1508e+05
4.1527e+05
4.1553e+05
4.1585e+05
4.1624e+05
4.167e+05
4.1723e+05
4.1782e+05
4.1848e+05
4.1921e+05
4.2e+05
4.2085e+05
4.2176e+05
4.2274e+05
4.2377e+05
4.2487e+05
4.2603e+05
4.2725e+05
4.2852e+05
4.2985e+05
4.3123e+05
4.3268e+05
4.3417e+05
4.3572e+05
4.3732e+05
4.3897e+05
4.4067e+05
4.4241e+05
4.4421e+05
4.4605e+05
4.4794e+05
4.4987e+05
4.5184e+05
4.5386e+05
4.5592e+05
4.5801e+05
4.6015e+05
4.6232e+05
4.6453e+05
4.6677e+05
4.6904e+05
4.7135e+05
4.7369e+05
4.7606e+05
4.7845e+05
4.8088e+05
4.8333e+05
4.858e+05
4.883e+05
4.9082e+05
4.9337e+05
4.9593e+05
4.9851e+05
5.0112e+05
5.0374e+05
5.0637e+05
5.0902e+05
5.1169e+05
5.1436e+05
5.1706e+05
5.1976e+05
5.2247e+05
5.2519e+05
5.2793e+05
5.3067e+05
5.3342e+05
5.3617e+05
5.3893e+05
5.417e+05
5.4448e+05
5.4725e+05
5.5004e+05
5.5282e+05
5.5561e+05
5.584e+05
5.612e+05
5.64e+05
5.6679e+05
5.696e+05
5.724e+05
5.752e+05
5.7801e+05
5.8082e+05
5.8362e+05
5.8643e+05
5.8924e+05
5.9206e+05
5.9487e+05
5.9768e+05
6.0049e+05
6.0331e+05
6.0613e+05
6.0894e+05
6.1176e+05
6.1458e+05
6.174e+05
6.2023e+05
6.2305e+05
6.2587e+05
6.287e+05
6.3153e+05
6.3436e+05
6.3719e+05
6.4002e+05
6.4286e+05
6.4569e+05
6.4853e+05
6.5136e+05
6.542e+05
6.5704e+05
6.5988e+05
6.6272e+05
6.6556e+05
6.6839e+05
6.7123e+05
6.7406e+05
6.7689e+05
6.7972e+05
6.8255e+05
6.8537e+05
6.8818e+05
6.91e+05
6.938e+05
6.966e+05
6.9938e+05
7.0216e+05
7.0493e+05
7.0769e+05
7.1043e+05
7.1317e+05
7.1588e+05
7.1858e+05
7.2127e+05
7.2393e+05
7.2657e+05
7.292e+05
7.318e+05
7.3437e+05
7.3692e+05
7.3945e+05
7.4194e+05
7.444e+05
7.4683e+05
7.4923e+05
7.516e+05
7.5392e+05
7.5621e+05
7.5846e+05
7.6067e+05
7.6283e+05
7.6495e+05
7.6703e+05
7.6905e+05
7.7103e+05
7.7296e+05
7.7483e+05
7.7666e+05
7.7842e+05
7.8014e+05
7.8179e+05
7.8339e+05
7.8492e+05
7.864e+05
7.8781e+05
7.8916e+05
7.9045e+05
7.9168e+05
7.9283e+05
7.9392e+05
7.9495e+05
7.9591e+05
7.9679e+05
7.9761e+05
7.9837e+05
7.9905e+05
7.9966e+05
8.002e+05
8.0067e+05
8.0107e+05
8.0141e+05
8.0167e+05
8.0186e+05
8.0198e+05
8.0203e+05
8.0201e+05
8.0193e+05
8.0178e+05
8.0155e+05
8.0127e+05
8.0091e+05
8.0049e+05
8.0001e+05
7.9946e+05
7.9884e+05
7.9817e+05
7.9743e+05
7.9664e+05
7.9578e+05
7.9487e+05
7.939e+05
7.9288e+05
7.918e+05
7.9066e+05
7.8948e+05
7.8824e+05
7.8696e+05
7.8563e+05
7.8425e+05
7.8282e+05
7.8135e+05
7.7984e+05
7.7828e+05
7.7669e+05
7.7505e+05
7.7338e+05
7.7167e+05
7.6993e+05
7.6815e+05
7.6634e+05
7.6449e+05
7.6262e+05
7.6072e+05
7.5879e+05
7.5683e+05
7.5484e+05
7.5283e+05
7.508e+05
7.4874e+05
7.4666e+05
7.4456e+05
7.4244e+05
7.4029e+05
7.3813e+05
7.3595e+05
7.3375e+05
7.3154e+05
7.293e+05
7.2706e+05
7.2479e+05
7.2251e+05
7.2022e+05
7.1791e+05
7.1558e+05
7.1325e+05
7.109e+05
7.0853e+05
7.0616e+05
7.0377e+05
7.0136e+05
6.9895e+05
6.9652e+05
6.9408e+05
6.9162e+05
6.8916e+05
6.8668e+05
6.8419e+05
6.8168e+05
6.7917e+05
6.7664e+05
6.7409e+05
6.7154e+05
6.6897e+05
6.6639e+05
6.6379e+05
6.6118e+05
6.5856e+05
6.5592e+05
6.5327e+05
6.5061e+05
6.4793e+05
6.4524e+05
6.4253e+05
6.3981e+05
6.3707e+05
6.3432e+05
6.3155e+05
6.2877e+05
6.2597e+05
6.2316e+05
6.2033e+05
6.1749e+05
6.1463e+05
6.1175e+05
6.0886e+05
6.0596e+05
6.0304e+05
6.001e+05
5.9715e+05
5.9419e+05
5.9121e+05
5.8821e+05
5.852e+05
5.8217e+05
5.7913e+05
5.7608e+05
5.7301e+05
5.6993e+05
5.6683e+05
5.6372e+05
5.6059e+05
5.5746e+05
5.5431e+05
5.5114e+05
5.4797e+05
5.4478e+05
5.4158e+05
5.3837e+05
5.3514e+05
5.3191e+05
5.2866e+05
5.2541e+05
5.2214e+05
5.1886e+05
5.1558e+05
5.1228e+05
5.0898e+05
5.0566e+05
5.0234e+05
4.9901e+05
4.9567e+05
4.9233e+05
4.8898e+05
4.8562e+05
4.8225e+05
4.7888e+05
4.755e+05
4.7212e+05
4.6873e+05
4.6533e+05
4.6193e+05
4.5853e+05
4.5512e+05
4.5171e+05
4.4829e+05
4.4487e+05
4.4144e+05
4.3802e+05
4.3459e+05
4.3115e+05
4.2772e+05
4.2428e+05
4.2084e+05
4.174e+05
4.1396e+05
4.1052e+05
4.0707e+05
4.0363e+05
4.0018e+05
3.9673e+05
3.9329e+05
3.8984e+05
3.8639e+05
3.8295e+05
3.795e+05
3.7606e+05
3.7261e+05
3.6917e+05
3.6573e+05
3.6229e+05
3.5886e+05
3.5542e+05
3.5199e+05
3.4856e+05
3.4513e+05
3.417e+05
3.3828e+05
3.3486e+05
3.3145e+05
3.2804e+05
3.2463e+05
3.2123e+05
3.1783e+05
3.1444e+05
3.1105e+05
3.0767e+05
3.0429e+05
3.0092e+05
2.9755e+05
2.9419e+05
2.9084e+05
2.8749e+05
2.8415e+05
2.8082e+05
2.775e+05
2.7418e+05
2.7087e+05
2.6757e+05
2.6427e+05
2.6099e+05
2.5771e+05
2.5444e+05
2.5118e+05
2.4793e+05
2.4469e+05
2.4146e+05
2.3824e+05
2.3503e+05
2.3183e+05
2.2864e+05
2.2546e+05
2.2229e+05
2.1914e+05
2.1599e+05
2.1285e+05
2.0973e+05
2.0662e+05
2.0352e+05
2.0043e+05
1.9735e+05
1.9429e+05
1.9124e+05
1.8819e+05
1.8517e+05
1.8215e+05
1.7915e+05
1.7616e+05
1.7318e+05
1.7022e+05
1.6726e+05
1.6432e+05
1.614e+05
1.5848e+05
1.5558e+05
1.527e+05
1.4982e+05
1.4696e+05
1.4412e+05
1.4128e+05
1.3846e+05
1.3565e+05
1.3286e+05
1.3008e+05
1.2731e+05
1.2456e+05
1.2182e+05
1.1909e+05
1.1638e+05
1.1368e+05
1.11e+05
1.0833e+05
1.0567e+05
1.0303e+05
1.004e+05
97783
95183
92596
90023
87465
84921
82392
79877
77377
74892
72422
69967
67526
65101
62692
60297
57918
55555
53208
50876
48561
46261
43978
41712
39461
37228
35011
32811
30628
28462
26314
24183
22069
19973
17895
15834
13791
11767
9760.1
7771.5
5801.2
3849.1
1915.4
0
