1.3075e+05
1.3372e+05
1.3673e+05
1.3977e+05
1.4283e+05
1.4592e+05
1.4904e+05
1.5217e+05
1.5533e+05
1.585e+05
1.6168e+05
1.6488e+05
1.6808e+05
1.713e+05
1.7451e+05
1.7772e+05
1.8094e+05
1.8415e+05
1.8735e+05
1.9055e+05
1.9373e+05
1.9691e+05
2.0006e+05
2.032e+05
2.0632e+05
2.0941e+05
2.1248e+05
2.1553e+05
2.1854e+05
2.2152e+05
2.2447e+05
2.2739e+05
2.3027e+05
2.3311e+05
2.3591e+05
2.3866e+05
2.4137e+05
2.4404e+05
2.4666e+05
2.4923e+05
2.5175e+05
2.5422e+05
2.5663e+05
2.59e+05
2.613e+05
2.6356e+05
2.6575e+05
2.6789e+05
2.6997e+05
2.7199e+05
2.7395e+05
2.7585e+05
2.7769e+05
2.7946e+05
2.8118e+05
2.8283e+05
2.8443e+05
2.8596e+05
2.8743e+05
2.8884e+05
2.9018e+05
2.9147e+05
2.9269e+05
2.9386e+05
2.9496e+05
2.9601e+05
2.9699e+05
2.9792e+05
2.9879e+05
2.9961e+05
3.0037e+05
3.0107e+05
3.0172e+05
3.0232e+05
3.0287e+05
3.0336e+05
3.0381e+05
3.0421e+05
3.0457e+05
3.0487e+05
3.0514e+05
3.0536e+05
3.0554e+05
3.0568e+05
3.0578e+05
3.0585e+05
3.0588e+05
3.0588e+05
3.0584e+05
3.0577e+05
3.0568e+05
3.0556e+05
3.0541e+05
3.0523e+05
3.0504e+05
3.0482e+05
3.0458e+05
3.0432e+05
3.0405e+05
3.0376e+05
3.0345e+05
3.0313e+05
3.028e+05
3.0246e+05
3.0211e+05
3.0176e+05
3.0139e+05
3.0102e+05
3.0064e+05
3.0027e+05
2.9988e+05
2.995e+05
2.9912e+05
2.9873e+05
2.9835e+05
2.9796e+05
2.9758e+05
2.972e+05
2.9683e+05
2.9645e+05
2.9609e+05
2.9572e+05
2.9536e+05
2.9501e+05
2.9466e+05
2.9431e+05
2.9397e+05
2.9363e+05
2.933e+05
2.9297e+05
2.9265e+05
2.9233e+05
2.9201e+05
2.917e+05
2.9139e+05
2.9108e+05
2.9077e+05
2.9046e+05
2.9016e+05
2.8985e+05
2.8954e+05
2.8923e+05
2.8892e+05
2.886e+05
2.8828e+05
2.8795e+05
2.8761e+05
2.8727e+05
2.8691e+05
2.8655e+05
2.8617e+05
2.8579e+05
2.8538e+05
2.8497e+05
2.8454e+05
2.8409e+05
2.8362e+05
2.8313e+05
2.8263e+05
2.821e+05
2.8155e+05
2.8097e+05
2.8037e+05
2.7974e+05
2.7909e+05
2.7841e+05
2.7769e+05
2.7695e+05
2.7618e+05
2.7537e+05
2.7453e+05
2.7366e+05
2.7275e+05
2.718e+05
2.7082e+05
2.698e+05
2.6875e+05
2.6766e+05
2.6652e+05
2.6535e+05
2.6414e+05
2.6289e+05
2.616e+05
2.6027e+05
2.589e+05
2.5749e+05
2.5604e+05
2.5455e+05
2.5302e+05
2.5144e+05
2.4983e+05
2.4818e+05
2.4649e+05
2.4476e+05
2.43e+05
2.4119e+05
2.3935e+05
2.3748e+05
2.3557e+05
2.3362e+05
2.3164e+05
2.2963e+05
2.2759e+05
2.2552e+05
2.2342e+05
2.2129e+05
2.1913e+05
2.1695e+05
2.1475e+05
2.1252e+05
2.1027e+05
2.08e+05
2.0572e+05
2.0341e+05
2.011e+05
1.9877e+05
1.9642e+05
1.9407e+05
1.9171e+05
1.8934e+05
1.8697e+05
1.8459e+05
1.8221e+05
1.7983e+05
1.7745e+05
1.7508e+05
1.7271e+05
1.7034e+05
1.6799e+05
1.6564e+05
1.6331e+05
1.6099e+05
1.5868e+05
1.5639e+05
1.5412e+05
1.5186e+05
1.4963e+05
1.4741e+05
1.4522e+05
1.4306e+05
1.4091e+05
1.388e+05
1.3671e+05
1.3465e+05
1.3262e+05
1.3062e+05
1.2865e+05
1.2672e+05
1.2481e+05
1.2294e+05
1.211e+05
1.193e+05
1.1753e+05
1.1579e+05
1.1409e+05
1.1243e+05
1.108e+05
1.092e+05
1.0764e+05
1.0612e+05
1.0463e+05
1.0317e+05
1.0175e+05
1.0036e+05
99007
97684
96394
95134
93905
92706
91535
90391
89274
88183
87116
86072
85050
84049
83067
82103
81156
80224
79306
78400
77505
76620
75742
74871
74005
73143
72283
71423
70562
69700
68833
67962
67084
66199
65305
64401
63486
62559
61619
60664
59695
58709
57707
56688
55651
54596
53523
52430
51319
50188
49038
47869
46682
45476
44252
43011
41753
40479
39190
37887
36571
35244
33907
32561
31209
29851
28490
27128
25767
24409
23056
21712
20378
19057
17753
16467
15204
13966
12757
11579
10436
9332.6
8270.9
7255.2
6289
5376.3
4520.8
3726.5
2997.4
2337.5
1750.7
1241.4
813.49
471.22
218.76
60.283
0
42.106
190.79
450.25
824.63
1318.1
1934.7
2678.6
3553.7
4564.2
5713.7
7006.3
8445.7
10036
11780
13681
15744
17972
20366
22932
25672
28588
31683
34960
38422
42070
45907
49935
54155
58570
63180
67987
72993
78197
83601
89205
95009
1.0101e+05
1.0722e+05
1.1363e+05
1.2023e+05
1.2704e+05
1.3404e+05
1.4124e+05
1.4864e+05
1.5623e+05
1.6401e+05
1.7198e+05
1.8015e+05
1.8849e+05
1.9702e+05
2.0573e+05
2.1462e+05
2.2369e+05
2.3292e+05
2.4232e+05
2.5188e+05
2.616e+05
2.7148e+05
2.815e+05
2.9168e+05
3.0199e+05
3.1243e+05
3.2301e+05
3.3371e+05
3.4453e+05
3.5547e+05
3.6651e+05
3.7765e+05
3.8889e+05
4.0022e+05
4.1162e+05
4.2311e+05
4.3466e+05
4.4627e+05
4.5794e+05
4.6965e+05
4.8141e+05
4.9319e+05
5.0501e+05
5.1683e+05
5.2867e+05
5.4052e+05
5.5235e+05
5.6417e+05
5.7597e+05
5.8775e+05
5.9948e+05
6.1117e+05
6.2281e+05
6.3439e+05
6.4589e+05
6.5732e+05
6.6867e+05
6.7992e+05
6.9108e+05
7.0212e+05
7.1305e+05
7.2386e+05
7.3454e+05
7.4507e+05
7.5546e+05
7.657e+05
7.7578e+05
7.8568e+05
7.9542e+05
8.0497e+05
8.1433e+05
8.235e+05
8.3247e+05
8.4123e+05
8.4977e+05
8.581e+05
8.662e+05
8.7407e+05
8.817e+05
8.8908e+05
8.9622e+05
9.0311e+05
9.0974e+05
9.1611e+05
9.2221e+05
9.2805e+05
9.3361e+05
9.3889e+05
9.4389e+05
9.486e+05
9.5303e+05
9.5717e+05
9.6102e+05
9.6457e+05
9.6782e+05
9.7078e+05
9.7344e+05
9.7579e+05
9.7784e+05
9.7959e+05
9.8104e+05
9.8218e+05
9.8302e+05
9.8355e+05
9.8378e+05
9.837e+05
9.8333e+05
9.8265e+05
9.8167e+05
9.8039e+05
9.7882e+05
9.7695e+05
9.7479e+05
9.7234e+05
9.6961e+05
9.6658e+05
9.6328e+05
9.597e+05
9.5585e+05
9.5172e+05
9.4733e+05
9.4267e+05
9.3776e+05
9.3259e+05
9.2717e+05
9.2151e+05
9.1561e+05
9.0947e+05
9.031e+05
8.9651e+05
8.897e+05
8.8267e+05
8.7544e+05
8.6801e+05
8.6038e+05
8.5256e+05
8.4456e+05
8.3638e+05
8.2803e+05
8.1951e+05
8.1084e+05
8.0202e+05
7.9305e+05
7.8394e+05
7.747e+05
7.6533e+05
7.5585e+05
7.4625e+05
7.3656e+05
7.2676e+05
7.1687e+05
7.069e+05
6.9685e+05
6.8672e+05
6.7654e+05
6.663e+05
6.56e+05
6.4566e+05
6.3529e+05
6.2488e+05
6.1445e+05
6.04e+05
5.9354e+05
5.8307e+05
5.726e+05
5.6214e+05
5.5169e+05
5.4126e+05
5.3085e+05
5.2048e+05
5.1013e+05
4.9983e+05
4.8958e+05
4.7937e+05
4.6923e+05
4.5914e+05
4.4912e+05
4.3917e+05
4.293e+05
4.1951e+05
4.098e+05
4.0017e+05
3.9065e+05
3.8121e+05
3.7188e+05
3.6265e+05
3.5353e+05
3.4452e+05
3.3562e+05
3.2684e+05
3.1817e+05
3.0963e+05
3.0122e+05
2.9293e+05
2.8476e+05
2.7673e+05
2.6884e+05
2.6107e+05
2.5345e+05
2.4596e+05
2.3861e+05
2.314e+05
2.2433e+05
2.174e+05
2.1062e+05
2.0397e+05
1.9748e+05
1.9112e+05
1.8492e+05
1.7885e+05
1.7293e+05
1.6716e+05
1.6152e+05
1.5604e+05
1.5069e+05
1.4549e+05
1.4042e+05
1.355e+05
1.3072e+05
1.2608e+05
1.2157e+05
1.172e+05
1.1297e+05
1.0887e+05
1.049e+05
1.0106e+05
97349
93766
90307
86971
83756
80661
77683
74819
72069
69429
66897
64472
62150
59929
57808
55783
53853
52014
50265
48602
47024
45528
44111
42772
41506
40313
39190
38133
37142
36213
35343
34532
33775
33072
32419
31814
31255
30741
30268
29835
29439
29079
28752
28457
28192
27954
27742
27554
27388
27243
27117
27008
26915
26836
26770
26716
26671
26636
26607
26585
26568
26555
26545
26537
26530
26523
26515
26505
26492
26477
26457
26433
26403
26368
26327
26278
26223
26159
26088
26008
25920
25823
25716
25600
25475
25340
25195
25040
24875
24700
24516
24321
24116
23902
23677
23443
23200
22947
22684
22413
22132
21843
21545
21239
20924
20602
20272
19935
19591
19239
18881
18517
18146
17770
17388
17001
16609
16212
15811
