1.5995e+05
1.6414e+05
1.6834e+05
1.7254e+05
1.7674e+05
1.8094e+05
1.8513e+05
1.893e+05
1.9345e+05
1.9758e+05
2.0167e+05
2.0574e+05
2.0976e+05
2.1375e+05
2.1768e+05
2.2157e+05
2.254e+05
2.2918e+05
2.3289e+05
2.3654e+05
2.4013e+05
2.4364e+05
2.4708e+05
2.5045e+05
2.5373e+05
2.5694e+05
2.6006e+05
2.631e+05
2.6606e+05
2.6893e+05
2.7171e+05
2.744e+05
2.77e+05
2.7951e+05
2.8193e+05
2.8425e+05
2.8649e+05
2.8863e+05
2.9068e+05
2.9264e+05
2.9451e+05
2.9629e+05
2.9798e+05
2.9959e+05
3.0111e+05
3.0254e+05
3.0389e+05
3.0516e+05
3.0635e+05
3.0747e+05
3.0851e+05
3.0948e+05
3.1037e+05
3.112e+05
3.1197e+05
3.1267e+05
3.1332e+05
3.1391e+05
3.1444e+05
3.1493e+05
3.1537e+05
3.1577e+05
3.1612e+05
3.1644e+05
3.1673e+05
3.1699e+05
3.1722e+05
3.1743e+05
3.1762e+05
3.178e+05
3.1796e+05
3.1811e+05
3.1826e+05
3.1841e+05
3.1855e+05
3.1871e+05
3.1887e+05
3.1904e+05
3.1923e+05
3.1943e+05
3.1965e+05
3.199e+05
3.2017e+05
3.2047e+05
3.2081e+05
3.2117e+05
3.2157e+05
3.2201e+05
3.2249e+05
3.2302e+05
3.2358e+05
3.242e+05
3.2485e+05
3.2556e+05
3.2632e+05
3.2713e+05
3.2799e+05
3.289e+05
3.2987e+05
3.3089e+05
3.3197e+05
3.331e+05
3.3428e+05
3.3552e+05
3.3682e+05
3.3816e+05
3.3956e+05
3.4101e+05
3.4252e+05
3.4407e+05
3.4567e+05
3.4732e+05
3.4902e+05
3.5076e+05
3.5255e+05
3.5437e+05
3.5624e+05
3.5814e+05
3.6008e+05
3.6205e+05
3.6405e+05
3.6608e+05
3.6813e+05
3.702e+05
3.723e+05
3.7441e+05
3.7653e+05
3.7866e+05
3.808e+05
3.8295e+05
3.8509e+05
3.8724e+05
3.8937e+05
3.915e+05
3.9362e+05
3.9572e+05
3.978e+05
3.9986e+05
4.0189e+05
4.039e+05
4.0587e+05
4.078e+05
4.097e+05
4.1155e+05
4.1336e+05
4.1512e+05
4.1683e+05
4.1848e+05
4.2008e+05
4.2161e+05
4.2308e+05
4.2449e+05
4.2582e+05
4.2708e+05
4.2827e+05
4.2939e+05
4.3042e+05
4.3137e+05
4.3224e+05
4.3303e+05
4.3373e+05
4.3434e+05
4.3485e+05
4.3528e+05
4.3562e+05
4.3586e+05
4.36e+05
4.3605e+05
4.36e+05
4.3585e+05
4.3561e+05
4.3527e+05
4.3482e+05
4.3428e+05
4.3364e+05
4.329e+05
4.3206e+05
4.3113e+05
4.3009e+05
4.2896e+05
4.2773e+05
4.2641e+05
4.2499e+05
4.2347e+05
4.2187e+05
4.2018e+05
4.1839e+05
4.1652e+05
4.1456e+05
4.1252e+05
4.1039e+05
4.0819e+05
4.059e+05
4.0355e+05
4.0111e+05
3.9861e+05
3.9603e+05
3.9339e+05
3.9069e+05
3.8792e+05
3.8509e+05
3.8221e+05
3.7927e+05
3.7629e+05
3.7325e+05
3.7017e+05
3.6704e+05
3.6388e+05
3.6068e+05
3.5744e+05
3.5418e+05
3.5088e+05
3.4756e+05
3.4421e+05
3.4085e+05
3.3747e+05
3.3407e+05
3.3066e+05
3.2724e+05
3.2382e+05
3.2039e+05
3.1695e+05
3.1352e+05
3.1009e+05
3.0667e+05
3.0326e+05
2.9985e+05
2.9646e+05
2.9307e+05
2.8971e+05
2.8636e+05
2.8303e+05
2.7973e+05
2.7644e+05
2.7318e+05
2.6995e+05
2.6674e+05
2.6356e+05
2.6041e+05
2.5729e+05
2.542e+05
2.5114e+05
2.4812e+05
2.4513e+05
2.4217e+05
2.3925e+05
2.3636e+05
2.3351e+05
2.3069e+05
2.279e+05
2.2515e+05
2.2244e+05
2.1976e+05
2.1712e+05
2.145e+05
2.1193e+05
2.0938e+05
2.0687e+05
2.0438e+05
2.0193e+05
1.9951e+05
1.9712e+05
1.9475e+05
1.9241e+05
1.901e+05
1.8781e+05
1.8554e+05
1.8329e+05
1.8107e+05
1.7887e+05
1.7668e+05
1.7451e+05
1.7235e+05
1.7021e+05
1.6808e+05
1.6596e+05
1.6384e+05
1.6174e+05
1.5964e+05
1.5755e+05
1.5546e+05
1.5337e+05
1.5128e+05
1.492e+05
1.471e+05
1.4501e+05
1.4291e+05
1.408e+05
1.3869e+05
1.3657e+05
1.3444e+05
1.323e+05
1.3014e+05
1.2798e+05
1.258e+05
1.2361e+05
1.214e+05
1.1918e+05
1.1695e+05
1.147e+05
1.1243e+05
1.1014e+05
1.0784e+05
1.0553e+05
1.032e+05
1.0085e+05
98487
96109
93717
91312
88894
86464
84023
81572
79113
76647
74176
71700
69222
66744
64268
61795
59328
56870
54421
51986
49567
47165
44785
42429
40099
37800
35534
33304
31114
28967
26867
24816
22820
20880
19002
17188
15443
13770
12173
10656
9223
7877.9
6624.6
5467
4409
3454.6
2607.6
1872.1
1251.8
750.64
372.44
120.98
0
13.201
164.22
456.63
893.94
1479.6
2217
3109.3
4159.9
5371.7
6747.9
8291.2
10005
11891
13952
16191
18610
21211
23996
26968
30127
33476
37017
40749
44675
48796
53112
57624
62333
67239
72342
77643
83140
88834
94724
1.0081e+05
1.0709e+05
1.1356e+05
1.2023e+05
1.2709e+05
1.3413e+05
1.4137e+05
1.4879e+05
1.5639e+05
1.6417e+05
1.7213e+05
1.8027e+05
1.8858e+05
1.9707e+05
2.0571e+05
2.1453e+05
2.235e+05
2.3263e+05
2.4191e+05
2.5134e+05
2.6091e+05
2.7062e+05
2.8047e+05
2.9045e+05
3.0055e+05
3.1078e+05
3.2112e+05
3.3158e+05
3.4213e+05
3.5279e+05
3.6354e+05
3.7439e+05
3.8531e+05
3.9631e+05
4.0739e+05
4.1852e+05
4.2972e+05
4.4097e+05
4.5226e+05
4.636e+05
4.7497e+05
4.8636e+05
4.9778e+05
5.0921e+05
5.2064e+05
5.3208e+05
5.435e+05
5.5492e+05
5.6631e+05
5.7768e+05
5.8901e+05
6.003e+05
6.1155e+05
6.2273e+05
6.3386e+05
6.4492e+05
6.559e+05
6.668e+05
6.7762e+05
6.8833e+05
6.9895e+05
7.0945e+05
7.1984e+05
7.3011e+05
7.4025e+05
7.5026e+05
7.6012e+05
7.6984e+05
7.7941e+05
7.8882e+05
7.9806e+05
8.0713e+05
8.1603e+05
8.2474e+05
8.3327e+05
8.4161e+05
8.4974e+05
8.5768e+05
8.6541e+05
8.7293e+05
8.8023e+05
8.8731e+05
8.9417e+05
9.008e+05
9.0719e+05
9.1335e+05
9.1927e+05
9.2494e+05
9.3037e+05
9.3555e+05
9.4048e+05
9.4515e+05
9.4956e+05
9.5371e+05
9.576e+05
9.6123e+05
9.6459e+05
9.6768e+05
9.7051e+05
9.7306e+05
9.7534e+05
9.7735e+05
9.7909e+05
9.8055e+05
9.8174e+05
9.8266e+05
9.8331e+05
9.8368e+05
9.8378e+05
9.836e+05
9.8316e+05
9.8245e+05
9.8147e+05
9.8022e+05
9.787e+05
9.7692e+05
9.7488e+05
9.7258e+05
9.7003e+05
9.6722e+05
9.6415e+05
9.6084e+05
9.5728e+05
9.5347e+05
9.4943e+05
9.4515e+05
9.4063e+05
9.3589e+05
9.3092e+05
9.2573e+05
9.2032e+05
9.1469e+05
9.0886e+05
9.0282e+05
8.9658e+05
8.9014e+05
8.8352e+05
8.767e+05
8.6971e+05
8.6254e+05
8.5519e+05
8.4768e+05
8.4001e+05
8.3218e+05
8.2421e+05
8.1609e+05
8.0782e+05
7.9943e+05
7.909e+05
7.8226e+05
7.7349e+05
7.6461e+05
7.5563e+05
7.4655e+05
7.3737e+05
7.281e+05
7.1875e+05
7.0933e+05
6.9983e+05
6.9026e+05
6.8064e+05
6.7096e+05
6.6123e+05
6.5146e+05
6.4165e+05
6.3181e+05
6.2194e+05
6.1205e+05
6.0215e+05
5.9223e+05
5.8231e+05
5.7239e+05
5.6248e+05
5.5258e+05
5.4269e+05
5.3282e+05
5.2298e+05
5.1317e+05
5.034e+05
4.9366e+05
4.8397e+05
4.7433e+05
4.6474e+05
4.5522e+05
4.4575e+05
4.3635e+05
4.2702e+05
4.1776e+05
4.0858e+05
3.9948e+05
3.9047e+05
3.8155e+05
3.7272e+05
3.6398e+05
3.5535e+05
3.4681e+05
3.3838e+05
3.3006e+05
3.2184e+05
3.1374e+05
3.0575e+05
2.9788e+05
2.9013e+05
2.825e+05
2.75e+05
2.6762e+05
2.6036e+05
2.5324e+05
2.4624e+05
2.3937e+05
2.3264e+05
2.2604e+05
2.1958e+05
2.1325e+05
2.0705e+05
2.0099e+05
1.9507e+05
1.8929e+05
1.8365e+05
1.7814e+05
1.7277e+05
1.6754e+05
1.6245e+05
1.5749e+05
1.5267e+05
1.4799e+05
1.4344e+05
1.3903e+05
1.3476e+05
1.3062e+05
1.2661e+05
1.2273e+05
1.1899e+05
1.1537e+05
1.1189e+05
1.0853e+05
1.0529e+05
1.0218e+05
99194
96328
93582
90952
88439
86040
83753
81575
79506
77543
75683
73925
72266
70705
69238
67864
66581
65385
64275
63248
62301
61433
60641
59922
59274
58694
58181
57731
57342
57012
56738
56517
56348
56228
56154
56124
56136
56187
56276
56399
56555
56740
56955
57194
57458
57744
58049
58371
58709
59061
59425
59798
60180
60568
60960
61356
61753
62149
62544
62935
63321
63702
64075
64439
64794
65137
65468
65785
66089
66377
66648
66903
67140
67358
67557
67736
67894
68030
68146
68238
68309
68356
68380
68381
68357
68310
68238
68142
68022
67878
67709
67516
67298
67057
66792
66503
66190
65855
65496
65115
64712
64287
63840
63373
62884
62376
61848
61302
60736
60153
59552
