5.2643e+05
5.3183e+05
5.3707e+05
5.4215e+05
5.4705e+05
5.5178e+05
5.5633e+05
5.607e+05
5.6489e+05
5.6889e+05
5.7272e+05
5.7635e+05
5.798e+05
5.8306e+05
5.8613e+05
5.8901e+05
5.917e+05
5.942e+05
5.9651e+05
5.9863e+05
6.0055e+05
6.0229e+05
6.0384e+05
6.052e+05
6.0638e+05
6.0737e+05
6.0817e+05
6.088e+05
6.0925e+05
6.0951e+05
6.0961e+05
6.0953e+05
6.0928e+05
6.0886e+05
6.0828e+05
6.0753e+05
6.0663e+05
6.0558e+05
6.0437e+05
6.0302e+05
6.0152e+05
5.9988e+05
5.9811e+05
5.9621e+05
5.9418e+05
5.9202e+05
5.8975e+05
5.8737e+05
5.8488e+05
5.8228e+05
5.7958e+05
5.7679e+05
5.7391e+05
5.7095e+05
5.6791e+05
5.6479e+05
5.6161e+05
5.5836e+05
5.5505e+05
5.5169e+05
5.4829e+05
5.4484e+05
5.4135e+05
5.3783e+05
5.3429e+05
5.3072e+05
5.2714e+05
5.2355e+05
5.1995e+05
5.1635e+05
5.1276e+05
5.0917e+05
5.056e+05
5.0205e+05
4.9853e+05
4.9503e+05
4.9157e+05
4.8815e+05
4.8477e+05
4.8144e+05
4.7816e+05
4.7494e+05
4.7178e+05
4.6868e+05
4.6565e+05
4.627e+05
4.5982e+05
4.5701e+05
4.543e+05
4.5166e+05
4.4912e+05
4.4667e+05
4.4431e+05
4.4206e+05
4.399e+05
4.3784e+05
4.3589e+05
4.3405e+05
4.3231e+05
4.3069e+05
4.2917e+05
4.2777e+05
4.2649e+05
4.2532e+05
4.2427e+05
4.2333e+05
4.2251e+05
4.2181e+05
4.2123e+05
4.2077e+05
4.2043e+05
4.202e+05
4.2009e+05
4.201e+05
4.2023e+05
4.2047e+05
4.2082e+05
4.2129e+05
4.2187e+05
4.2256e+05
4.2336e+05
4.2427e+05
4.2528e+05
4.264e+05
4.2761e+05
4.2893e+05
4.3034e+05
4.3184e+05
4.3343e+05
4.3512e+05
4.3688e+05
4.3873e+05
4.4066e+05
4.4266e+05
4.4474e+05
4.4688e+05
4.4909e+05
4.5136e+05
4.5369e+05
4.5608e+05
4.5851e+05
4.61e+05
4.6352e+05
4.6609e+05
4.6869e+05
4.7132e+05
4.7397e+05
4.7666e+05
4.7936e+05
4.8207e+05
4.848e+05
4.8753e+05
4.9026e+05
4.93e+05
4.9572e+05
4.9844e+05
5.0115e+05
5.0383e+05
5.0649e+05
5.0913e+05
5.1174e+05
5.1431e+05
5.1685e+05
5.1934e+05
5.2179e+05
5.2418e+05
5.2653e+05
5.2881e+05
5.3104e+05
5.332e+05
5.3529e+05
5.3732e+05
5.3926e+05
5.4113e+05
5.4292e+05
5.4463e+05
5.4625e+05
5.4778e+05
5.4921e+05
5.5055e+05
5.5179e+05
5.5294e+05
5.5397e+05
5.5491e+05
5.5573e+05
5.5645e+05
5.5705e+05
5.5754e+05
5.5791e+05
5.5817e+05
5.5831e+05
5.5832e+05
5.5822e+05
5.5799e+05
5.5764e+05
5.5716e+05
5.5655e+05
5.5582e+05
5.5496e+05
5.5398e+05
5.5286e+05
5.5161e+05
5.5024e+05
5.4873e+05
5.471e+05
5.4533e+05
5.4344e+05
5.4142e+05
5.3927e+05
5.3699e+05
5.3458e+05
5.3205e+05
5.2939e+05
5.266e+05
5.2369e+05
5.2066e+05
5.1751e+05
5.1423e+05
5.1084e+05
5.0733e+05
5.0371e+05
4.9997e+05
4.9612e+05
4.9216e+05
4.8809e+05
4.8392e+05
4.7964e+05
4.7526e+05
4.7078e+05
4.6621e+05
4.6154e+05
4.5678e+05
4.5193e+05
4.4699e+05
4.4198e+05
4.3688e+05
4.317e+05
4.2645e+05
4.2113e+05
4.1575e+05
4.1029e+05
4.0478e+05
3.992e+05
3.9358e+05
3.879e+05
3.8217e+05
3.764e+05
3.7058e+05
3.6473e+05
3.5885e+05
3.5294e+05
3.47e+05
3.4103e+05
3.3505e+05
3.2906e+05
3.2305e+05
3.1703e+05
3.1102e+05
3.05e+05
2.9898e+05
2.9298e+05
2.8698e+05
2.8101e+05
2.7505e+05
2.6911e+05
2.6321e+05
2.5733e+05
2.5149e+05
2.4569e+05
2.3993e+05
2.3422e+05
2.2856e+05
2.2296e+05
2.1741e+05
2.1192e+05
2.0651e+05
2.0116e+05
1.9588e+05
1.9068e+05
1.8556e+05
1.8053e+05
1.7558e+05
1.7073e+05
1.6597e+05
1.6131e+05
1.5675e+05
1.5229e+05
1.4794e+05
1.437e+05
1.3958e+05
1.3558e+05
1.3169e+05
1.2793e+05
1.2429e+05
1.2079e+05
1.1741e+05
1.1417e+05
1.1107e+05
1.081e+05
1.0528e+05
1.026e+05
1.0007e+05
97691
95460
93382
91459
89693
88085
86638
85353
84231
83274
82484
81861
81406
81122
81008
81066
81296
81698
82275
83026
83951
85051
86325
87775
89400
91200
93174
95323
97646
1.0014e+05
1.0281e+05
1.0565e+05
1.0867e+05
1.1185e+05
1.152e+05
1.1873e+05
1.2242e+05
1.2627e+05
1.3029e+05
1.3448e+05
1.3882e+05
1.4333e+05
1.48e+05
1.5282e+05
1.578e+05
1.6293e+05
1.6821e+05
1.7364e+05
1.7922e+05
1.8494e+05
1.9081e+05
1.9681e+05
2.0296e+05
2.0923e+05
2.1564e+05
2.2218e+05
2.2885e+05
2.3564e+05
2.4255e+05
2.4958e+05
2.5673e+05
2.6399e+05
2.7135e+05
2.7882e+05
2.864e+05
2.9408e+05
3.0185e+05
3.0971e+05
3.1767e+05
3.2571e+05
3.3383e+05
3.4203e+05
3.5031e+05
3.5866e+05
3.6707e+05
3.7556e+05
3.841e+05
3.927e+05
4.0136e+05
4.1006e+05
4.1881e+05
4.2761e+05
4.3644e+05
4.4531e+05
4.5421e+05
4.6313e+05
4.7208e+05
4.8105e+05
4.9004e+05
4.9904e+05
5.0805e+05
5.1706e+05
5.2607e+05
5.3508e+05
5.4408e+05
5.5308e+05
5.6206e+05
5.7102e+05
5.7996e+05
5.8887e+05
5.9776e+05
6.0662e+05
6.1544e+05
6.2421e+05
6.3295e+05
6.4164e+05
6.5028e+05
6.5887e+05
6.674e+05
6.7587e+05
6.8428e+05
6.9262e+05
7.0089e+05
7.0909e+05
7.1722e+05
7.2526e+05
7.3323e+05
7.411e+05
7.4889e+05
7.5659e+05
7.642e+05
7.7171e+05
7.7912e+05
7.8643e+05
7.9364e+05
8.0074e+05
8.0773e+05
8.1461e+05
8.2137e+05
8.2802e+05
8.3455e+05
8.4096e+05
8.4725e+05
8.5342e+05
8.5946e+05
8.6537e+05
8.7115e+05
8.768e+05
8.8231e+05
8.8769e+05
8.9294e+05
8.9804e+05
9.0301e+05
9.0784e+05
9.1252e+05
9.1707e+05
9.2147e+05
9.2572e+05
9.2983e+05
9.3379e+05
9.376e+05
9.4126e+05
9.4478e+05
9.4814e+05
9.5136e+05
9.5442e+05
9.5733e+05
9.6009e+05
9.627e+05
9.6516e+05
9.6746e+05
9.6961e+05
9.7161e+05
9.7345e+05
9.7514e+05
9.7669e+05
9.7807e+05
9.7931e+05
9.8039e+05
9.8133e+05
9.8211e+05
9.8274e+05
9.8322e+05
9.8356e+05
9.8374e+05
9.8378e+05
9.8367e+05
9.8341e+05
9.8301e+05
9.8246e+05
9.8177e+05
9.8093e+05
9.7996e+05
9.7884e+05
9.7759e+05
9.7619e+05
9.7466e+05
9.73e+05
9.712e+05
9.6926e+05
9.672e+05
9.65e+05
9.6268e+05
9.6022e+05
9.5765e+05
9.5494e+05
9.5212e+05
9.4917e+05
9.461e+05
9.4292e+05
9.3962e+05
9.362e+05
9.3267e+05
9.2903e+05
9.2528e+05
9.2142e+05
9.1746e+05
9.1339e+05
9.0922e+05
9.0495e+05
9.0058e+05
8.9612e+05
8.9156e+05
8.8691e+05
8.8216e+05
8.7733e+05
8.7241e+05
8.6741e+05
8.6232e+05
8.5715e+05
8.5191e+05
8.4658e+05
8.4118e+05
8.3571e+05
8.3017e+05
8.2455e+05
8.1888e+05
8.1313e+05
8.0732e+05
8.0145e+05
7.9553e+05
7.8954e+05
7.835e+05
7.7741e+05
7.7127e+05
7.6507e+05
7.5883e+05
7.5255e+05
7.4622e+05
7.3985e+05
7.3344e+05
7.27e+05
7.2052e+05
7.14e+05
7.0746e+05
7.0088e+05
6.9428e+05
6.8765e+05
6.81e+05
6.7432e+05
6.6762e+05
6.6091e+05
6.5418e+05
6.4743e+05
6.4067e+05
6.339e+05
6.2712e+05
6.2034e+05
6.1354e+05
6.0674e+05
5.9994e+05
5.9314e+05
5.8634e+05
5.7954e+05
5.7274e+05
5.6595e+05
5.5917e+05
5.5239e+05
5.4563e+05
5.3887e+05
5.3213e+05
5.254e+05
5.1869e+05
5.12e+05
5.0532e+05
4.9866e+05
4.9203e+05
4.8542e+05
4.7883e+05
4.7226e+05
4.6573e+05
4.5922e+05
4.5274e+05
4.4628e+05
4.3986e+05
4.3348e+05
4.2712e+05
4.208e+05
4.1452e+05
4.0827e+05
4.0206e+05
3.9588e+05
3.8975e+05
3.8365e+05
3.776e+05
3.7159e+05
3.6562e+05
3.597e+05
3.5382e+05
3.4799e+05
3.422e+05
3.3645e+05
3.3076e+05
3.2511e+05
3.1951e+05
3.1396e+05
3.0846e+05
3.0302e+05
2.9762e+05
2.9227e+05
2.8698e+05
2.8173e+05
2.7654e+05
2.7141e+05
2.6632e+05
2.6129e+05
2.5632e+05
2.514e+05
2.4653e+05
2.4172e+05
2.3697e+05
2.3227e+05
2.2762e+05
2.2304e+05
2.185e+05
2.1403e+05
2.0961e+05
2.0525e+05
2.0094e+05
1.9669e+05
1.925e+05
1.8836e+05
1.8428e+05
1.8026e+05
1.7629e+05
1.7238e+05
1.6852e+05
1.6472e+05
1.6098e+05
1.5729e+05
1.5366e+05
1.5009e+05
1.4657e+05
1.431e+05
1.3969e+05
1.3634e+05
1.3304e+05
1.2979e+05
1.2659e+05
1.2346e+05
1.2037e+05
1.1733e+05
1.1435e+05
1.1142e+05
1.0855e+05
1.0572e+05
1.0294e+05
1.0022e+05
97544
94919
92343
89816
87338
84907
82524
80188
77898
75654
73455
71302
69193
67127
65106
63127
61190
59295
57442
55629
53856
52123
50429
48773
47155
45575
44032
42524
41053
39616
38214
36846
35511
34210
32940
31702
30496
29320
28174
27058
25970
24911
23880
22876
21899
20948
20023
19123
18247
17396
16568
15763
14981
14221
13483
12766
12069
11392
10735
10097
9477.5
8876.3
8292.9
7726.7
7177.3
6644.3
6127.2
5625.6
5139.1
4667.2
4209.6
3765.7
3335.3
2917.8
2513
2120.3
1739.5
1370.2
1011.9
664.4
327.2
0
