5.5916e+05
5.6574e+05
5.7215e+05
5.7842e+05
5.8452e+05
5.9045e+05
5.9622e+05
6.0181e+05
6.0723e+05
6.1247e+05
6.1753e+05
6.2241e+05
6.271e+05
6.316e+05
6.3591e+05
6.4004e+05
6.4396e+05
6.477e+05
6.5123e+05
6.5458e+05
6.5772e+05
6.6067e+05
6.6342e+05
6.6597e+05
6.6832e+05
6.7048e+05
6.7244e+05
6.742e+05
6.7577e+05
6.7715e+05
6.7834e+05
6.7933e+05
6.8013e+05
6.8075e+05
6.8118e+05
6.8143e+05
6.815e+05
6.814e+05
6.8112e+05
6.8066e+05
6.8004e+05
6.7925e+05
6.783e+05
6.7719e+05
6.7593e+05
6.7452e+05
6.7296e+05
6.7125e+05
6.6941e+05
6.6744e+05
6.6533e+05
6.631e+05
6.6075e+05
6.5828e+05
6.557e+05
6.5301e+05
6.5023e+05
6.4734e+05
6.4437e+05
6.413e+05
6.3816e+05
6.3494e+05
6.3165e+05
6.2829e+05
6.2488e+05
6.2141e+05
6.1789e+05
6.1432e+05
6.1072e+05
6.0708e+05
6.0341e+05
5.9972e+05
5.9602e+05
5.9229e+05
5.8857e+05
5.8484e+05
5.8111e+05
5.7738e+05
5.7368e+05
5.6998e+05
5.6631e+05
5.6267e+05
5.5906e+05
5.5548e+05
5.5195e+05
5.4846e+05
5.4501e+05
5.4162e+05
5.3829e+05
5.3502e+05
5.3181e+05
5.2867e+05
5.256e+05
5.2261e+05
5.197e+05
5.1686e+05
5.1412e+05
5.1145e+05
5.0888e+05
5.064e+05
5.0402e+05
5.0173e+05
4.9954e+05
4.9745e+05
4.9547e+05
4.9358e+05
4.9181e+05
4.9014e+05
4.8857e+05
4.8712e+05
4.8578e+05
4.8454e+05
4.8342e+05
4.824e+05
4.815e+05
4.8071e+05
4.8003e+05
4.7945e+05
4.7899e+05
4.7864e+05
4.7839e+05
4.7826e+05
4.7822e+05
4.783e+05
4.7847e+05
4.7875e+05
4.7912e+05
4.796e+05
4.8017e+05
4.8084e+05
4.8159e+05
4.8244e+05
4.8337e+05
4.8439e+05
4.8549e+05
4.8666e+05
4.8792e+05
4.8924e+05
4.9064e+05
4.921e+05
4.9363e+05
4.9521e+05
4.9686e+05
4.9855e+05
5.003e+05
5.0209e+05
5.0392e+05
5.0579e+05
5.077e+05
5.0964e+05
5.116e+05
5.1359e+05
5.1559e+05
5.1762e+05
5.1965e+05
5.2169e+05
5.2373e+05
5.2577e+05
5.2781e+05
5.2984e+05
5.3186e+05
5.3386e+05
5.3583e+05
5.3779e+05
5.3971e+05
5.4161e+05
5.4346e+05
5.4528e+05
5.4705e+05
5.4878e+05
5.5045e+05
5.5207e+05
5.5363e+05
5.5512e+05
5.5655e+05
5.5792e+05
5.5921e+05
5.6042e+05
5.6156e+05
5.6261e+05
5.6358e+05
5.6447e+05
5.6526e+05
5.6596e+05
5.6656e+05
5.6706e+05
5.6747e+05
5.6777e+05
5.6796e+05
5.6805e+05
5.6803e+05
5.6789e+05
5.6765e+05
5.6729e+05
5.6681e+05
5.6621e+05
5.6549e+05
5.6465e+05
5.6369e+05
5.6261e+05
5.6141e+05
5.6007e+05
5.5862e+05
5.5703e+05
5.5532e+05
5.5349e+05
5.5152e+05
5.4943e+05
5.4722e+05
5.4487e+05
5.424e+05
5.398e+05
5.3708e+05
5.3423e+05
5.3126e+05
5.2816e+05
5.2494e+05
5.216e+05
5.1814e+05
5.1456e+05
5.1086e+05
5.0704e+05
5.0311e+05
4.9907e+05
4.9491e+05
4.9065e+05
4.8627e+05
4.818e+05
4.7721e+05
4.7253e+05
4.6775e+05
4.6288e+05
4.5791e+05
4.5284e+05
4.477e+05
4.4246e+05
4.3714e+05
4.3175e+05
4.2627e+05
4.2073e+05
4.1511e+05
4.0943e+05
4.0368e+05
3.9787e+05
3.9201e+05
3.8609e+05
3.8012e+05
3.741e+05
3.6805e+05
3.6195e+05
3.5582e+05
3.4965e+05
3.4346e+05
3.3725e+05
3.3101e+05
3.2476e+05
3.1849e+05
3.1222e+05
3.0594e+05
2.9967e+05
2.9339e+05
2.8713e+05
2.8087e+05
2.7463e+05
2.6841e+05
2.6222e+05
2.5605e+05
2.4991e+05
2.4381e+05
2.3775e+05
2.3173e+05
2.2577e+05
2.1985e+05
2.1399e+05
2.0818e+05
2.0245e+05
1.9677e+05
1.9117e+05
1.8565e+05
1.802e+05
1.7484e+05
1.6956e+05
1.6437e+05
1.5928e+05
1.5428e+05
1.4939e+05
1.4459e+05
1.3991e+05
1.3533e+05
1.3087e+05
1.2653e+05
1.2231e+05
1.1821e+05
1.1424e+05
1.1039e+05
1.0668e+05
1.0311e+05
99672
96376
93223
90216
87357
84649
82094
79694
77452
75368
73446
71688
70094
68666
67407
66318
65399
64653
64081
63683
63460
63415
63547
63857
64345
65013
65861
66889
68097
69486
71055
72804
74734
76843
79133
81601
84248
87073
90075
93253
96607
1.0014e+05
1.0384e+05
1.0771e+05
1.1175e+05
1.1597e+05
1.2035e+05
1.2489e+05
1.2961e+05
1.3448e+05
1.3951e+05
1.4471e+05
1.5006e+05
1.5556e+05
1.6122e+05
1.6703e+05
1.7298e+05
1.7909e+05
1.8533e+05
1.9171e+05
1.9823e+05
2.0489e+05
2.1168e+05
2.186e+05
2.2564e+05
2.3281e+05
2.4009e+05
2.475e+05
2.5502e+05
2.6264e+05
2.7038e+05
2.7822e+05
2.8616e+05
2.942e+05
3.0233e+05
3.1055e+05
3.1885e+05
3.2724e+05
3.3571e+05
3.4426e+05
3.5287e+05
3.6156e+05
3.703e+05
3.7911e+05
3.8797e+05
3.9689e+05
4.0586e+05
4.1487e+05
4.2392e+05
4.33e+05
4.4212e+05
4.5127e+05
4.6045e+05
4.6964e+05
4.7886e+05
4.8808e+05
4.9732e+05
5.0656e+05
5.158e+05
5.2504e+05
5.3427e+05
5.4349e+05
5.527e+05
5.6189e+05
5.7106e+05
5.802e+05
5.8931e+05
5.9839e+05
6.0743e+05
6.1643e+05
6.2539e+05
6.343e+05
6.4316e+05
6.5196e+05
6.607e+05
6.6939e+05
6.78e+05
6.8655e+05
6.9503e+05
7.0343e+05
7.1175e+05
7.1999e+05
7.2815e+05
7.3621e+05
7.4419e+05
7.5207e+05
7.5986e+05
7.6755e+05
7.7513e+05
7.8261e+05
7.8998e+05
7.9725e+05
8.044e+05
8.1143e+05
8.1835e+05
8.2515e+05
8.3182e+05
8.3838e+05
8.448e+05
8.511e+05
8.5727e+05
8.6331e+05
8.6921e+05
8.7498e+05
8.8061e+05
8.861e+05
8.9145e+05
8.9666e+05
9.0173e+05
9.0666e+05
9.1143e+05
9.1606e+05
9.2055e+05
9.2488e+05
9.2907e+05
9.331e+05
9.3698e+05
9.4072e+05
9.4429e+05
9.4772e+05
9.5099e+05
9.541e+05
9.5706e+05
9.5987e+05
9.6252e+05
9.6501e+05
9.6735e+05
9.6953e+05
9.7156e+05
9.7343e+05
9.7514e+05
9.767e+05
9.781e+05
9.7935e+05
9.8044e+05
9.8138e+05
9.8216e+05
9.8279e+05
9.8327e+05
9.8359e+05
9.8376e+05
9.8378e+05
9.8364e+05
9.8336e+05
9.8293e+05
9.8235e+05
9.8162e+05
9.8075e+05
9.7973e+05
9.7857e+05
9.7726e+05
9.7581e+05
9.7422e+05
9.7249e+05
9.7063e+05
9.6862e+05
9.6648e+05
9.642e+05
9.6179e+05
9.5925e+05
9.5658e+05
9.5378e+05
9.5085e+05
9.478e+05
9.4462e+05
9.4132e+05
9.3789e+05
9.3435e+05
9.3069e+05
9.2692e+05
9.2303e+05
9.1903e+05
9.1491e+05
9.1069e+05
9.0636e+05
9.0193e+05
8.9739e+05
8.9275e+05
8.8802e+05
8.8318e+05
8.7825e+05
8.7322e+05
8.6811e+05
8.629e+05
8.576e+05
8.5222e+05
8.4676e+05
8.4121e+05
8.3559e+05
8.2988e+05
8.241e+05
8.1825e+05
8.1233e+05
8.0633e+05
8.0027e+05
7.9415e+05
7.8796e+05
7.8171e+05
7.7541e+05
7.6904e+05
7.6262e+05
7.5615e+05
7.4963e+05
7.4306e+05
7.3645e+05
7.2979e+05
7.2309e+05
7.1635e+05
7.0957e+05
7.0276e+05
6.9591e+05
6.8903e+05
6.8213e+05
6.7519e+05
6.6824e+05
6.6126e+05
6.5425e+05
6.4723e+05
6.402e+05
6.3314e+05
6.2608e+05
6.19e+05
6.1192e+05
6.0483e+05
5.9773e+05
5.9063e+05
5.8353e+05
5.7643e+05
5.6933e+05
5.6224e+05
5.5515e+05
5.4808e+05
5.4101e+05
5.3395e+05
5.2691e+05
5.1988e+05
5.1286e+05
5.0587e+05
4.989e+05
4.9194e+05
4.8501e+05
4.7811e+05
4.7123e+05
4.6438e+05
4.5755e+05
4.5076e+05
4.44e+05
4.3727e+05
4.3058e+05
4.2392e+05
4.173e+05
4.1071e+05
4.0417e+05
3.9767e+05
3.9121e+05
3.8479e+05
3.7841e+05
3.7208e+05
3.658e+05
3.5956e+05
3.5337e+05
3.4723e+05
3.4114e+05
3.351e+05
3.2911e+05
3.2317e+05
3.1728e+05
3.1145e+05
3.0567e+05
2.9995e+05
2.9428e+05
2.8867e+05
2.8311e+05
2.7761e+05
2.7217e+05
2.6678e+05
2.6146e+05
2.5619e+05
2.5098e+05
2.4583e+05
2.4074e+05
2.3571e+05
2.3075e+05
2.2584e+05
2.2099e+05
2.162e+05
2.1147e+05
2.0681e+05
2.022e+05
1.9766e+05
1.9318e+05
1.8875e+05
1.8439e+05
1.801e+05
1.7586e+05
1.7168e+05
1.6757e+05
1.6351e+05
1.5952e+05
1.5559e+05
1.5171e+05
1.479e+05
1.4415e+05
1.4046e+05
1.3683e+05
1.3326e+05
1.2974e+05
1.2629e+05
1.2289e+05
1.1956e+05
1.1628e+05
1.1306e+05
1.0989e+05
1.0679e+05
1.0374e+05
1.0074e+05
97805
94923
92096
89325
86607
83944
81334
78777
76273
73821
71421
69072
66774
64526
62328
60180
58080
56029
54025
52069
50160
48297
46480
44708
42981
41298
39659
38063
36510
34998
33529
32100
30711
29363
28054
26784
25551
24357
23200
22079
20994
19945
18930
17950
17003
16089
15208
14359
13542
12755
11998
11271
10574
9904.3
9263
8649
8061.8
7500.8
6965.5
6455.1
5969.3
5507.3
5068.7
4652.8
4259.1
3887
3535.9
3205.2
2894.4
2603
2330.3
2075.8
1838.9
1619.1
1415.8
1228.5
1056.6
899.54
756.8
627.85
512.13
409.12
318.3
239.12
171.08
113.66
66.338
28.62
0
