2.3235e+05
2.3579e+05
2.3925e+05
2.4273e+05
2.4623e+05
2.4975e+05
2.5328e+05
2.5682e+05
2.6038e+05
2.6394e+05
2.6751e+05
2.7109e+05
2.7467e+05
2.7825e+05
2.8183e+05
2.8541e+05
2.8899e+05
2.9256e+05
2.9612e+05
2.9968e+05
3.0322e+05
3.0676e+05
3.1028e+05
3.1378e+05
3.1727e+05
3.2073e+05
3.2418e+05
3.2761e+05
3.3101e+05
3.3438e+05
3.3773e+05
3.4105e+05
3.4433e+05
3.4759e+05
3.5081e+05
3.54e+05
3.5715e+05
3.6026e+05
3.6334e+05
3.6637e+05
3.6936e+05
3.7231e+05
3.7521e+05
3.7807e+05
3.8087e+05
3.8363e+05
3.8634e+05
3.89e+05
3.9161e+05
3.9416e+05
3.9666e+05
3.991e+05
4.0148e+05
4.0381e+05
4.0608e+05
4.0829e+05
4.1043e+05
4.1252e+05
4.1454e+05
4.165e+05
4.184e+05
4.2023e+05
4.22e+05
4.237e+05
4.2533e+05
4.2689e+05
4.2839e+05
4.2982e+05
4.3118e+05
4.3247e+05
4.3369e+05
4.3484e+05
4.3592e+05
4.3693e+05
4.3787e+05
4.3874e+05
4.3954e+05
4.4026e+05
4.4092e+05
4.415e+05
4.4201e+05
4.4245e+05
4.4281e+05
4.4311e+05
4.4334e+05
4.4349e+05
4.4357e+05
4.4359e+05
4.4353e+05
4.4341e+05
4.4321e+05
4.4295e+05
4.4262e+05
4.4222e+05
4.4175e+05
4.4122e+05
4.4062e+05
4.3996e+05
4.3923e+05
4.3844e+05
4.3758e+05
4.3666e+05
4.3569e+05
4.3465e+05
4.3355e+05
4.3239e+05
4.3118e+05
4.2991e+05
4.2859e+05
4.2721e+05
4.2577e+05
4.2429e+05
4.2275e+05
4.2117e+05
4.1954e+05
4.1786e+05
4.1613e+05
4.1436e+05
4.1254e+05
4.1069e+05
4.0879e+05
4.0685e+05
4.0488e+05
4.0287e+05
4.0082e+05
3.9874e+05
3.9663e+05
3.9448e+05
3.9231e+05
3.9011e+05
3.8788e+05
3.8563e+05
3.8335e+05
3.8105e+05
3.7873e+05
3.7639e+05
3.7403e+05
3.7166e+05
3.6927e+05
3.6687e+05
3.6445e+05
3.6203e+05
3.5959e+05
3.5715e+05
3.547e+05
3.5224e+05
3.4979e+05
3.4733e+05
3.4486e+05
3.424e+05
3.3994e+05
3.3748e+05
3.3503e+05
3.3258e+05
3.3014e+05
3.277e+05
3.2528e+05
3.2286e+05
3.2045e+05
3.1806e+05
3.1568e+05
3.1331e+05
3.1096e+05
3.0862e+05
3.063e+05
3.04e+05
3.0172e+05
2.9945e+05
2.972e+05
2.9498e+05
2.9277e+05
2.9059e+05
2.8843e+05
2.8629e+05
2.8418e+05
2.8209e+05
2.8002e+05
2.7798e+05
2.7596e+05
2.7397e+05
2.72e+05
2.7006e+05
2.6814e+05
2.6625e+05
2.6439e+05
2.6255e+05
2.6074e+05
2.5895e+05
2.5719e+05
2.5545e+05
2.5374e+05
2.5205e+05
2.5039e+05
2.4875e+05
2.4713e+05
2.4554e+05
2.4397e+05
2.4243e+05
2.409e+05
2.394e+05
2.3792e+05
2.3646e+05
2.3501e+05
2.3359e+05
2.3218e+05
2.308e+05
2.2942e+05
2.2807e+05
2.2672e+05
2.254e+05
2.2408e+05
2.2278e+05
2.2148e+05
2.202e+05
2.1893e+05
2.1766e+05
2.164e+05
2.1515e+05
2.139e+05
2.1266e+05
2.1142e+05
2.1018e+05
2.0894e+05
2.077e+05
2.0645e+05
2.0521e+05
2.0396e+05
2.0271e+05
2.0145e+05
2.0018e+05
1.989e+05
1.9762e+05
1.9632e+05
1.9501e+05
1.9369e+05
1.9236e+05
1.9101e+05
1.8964e+05
1.8826e+05
1.8686e+05
1.8545e+05
1.8401e+05
1.8255e+05
1.8107e+05
1.7957e+05
1.7805e+05
1.765e+05
1.7493e+05
1.7334e+05
1.7171e+05
1.7007e+05
1.6839e+05
1.6669e+05
1.6496e+05
1.6321e+05
1.6142e+05
1.5961e+05
1.5777e+05
1.5589e+05
1.5399e+05
1.5206e+05
1.501e+05
1.4812e+05
1.461e+05
1.4405e+05
1.4197e+05
1.3987e+05
1.3774e+05
1.3558e+05
1.3339e+05
1.3117e+05
1.2893e+05
1.2666e+05
1.2437e+05
1.2205e+05
1.1971e+05
1.1735e+05
1.1496e+05
1.1256e+05
1.1013e+05
1.0769e+05
1.0523e+05
1.0275e+05
1.0026e+05
97750
95232
92703
90166
87621
85071
82517
79961
77405
74850
72299
69754
67216
64688
62172
59671
57186
54719
52274
49852
47456
45088
42751
40447
38179
35949
33761
31616
29517
27468
25470
23526
21639
19812
18048
16349
14717
13157
11670
10259
8926.6
7676.1
6509.9
5430.7
4441.2
3544
2741.7
2037.1
1432.5
930.68
534.04
245.09
66.276
0
48.624
214.46
499.79
906.82
1437.7
2094.6
2879.5
3794.5
4841.4
6022.1
7338.5
8792.3
10385
12119
13994
16013
18177
20488
22946
25552
28308
31214
34272
37482
40845
44361
48031
51855
55834
59968
64256
68700
73298
78050
82957
88018
93232
98599
1.0412e+05
1.0979e+05
1.1561e+05
1.2158e+05
1.2769e+05
1.3396e+05
1.4037e+05
1.4692e+05
1.5362e+05
1.6046e+05
1.6743e+05
1.7455e+05
1.818e+05
1.8918e+05
1.9669e+05
2.0433e+05
2.121e+05
2.1999e+05
2.2801e+05
2.3614e+05
2.4439e+05
2.5275e+05
2.6122e+05
2.698e+05
2.7849e+05
2.8727e+05
2.9616e+05
3.0513e+05
3.142e+05
3.2336e+05
3.326e+05
3.4192e+05
3.5132e+05
3.6079e+05
3.7033e+05
3.7993e+05
3.896e+05
3.9932e+05
4.0909e+05
4.1892e+05
4.2878e+05
4.3869e+05
4.4864e+05
4.5861e+05
4.6862e+05
4.7865e+05
4.8869e+05
4.9875e+05
5.0882e+05
5.1889e+05
5.2897e+05
5.3903e+05
5.4909e+05
5.5914e+05
5.6917e+05
5.7918e+05
5.8915e+05
5.991e+05
6.0901e+05
6.1888e+05
6.287e+05
6.3847e+05
6.4819e+05
6.5784e+05
6.6743e+05
6.7696e+05
6.8641e+05
6.9578e+05
7.0506e+05
7.1426e+05
7.2337e+05
7.3239e+05
7.413e+05
7.5011e+05
7.5881e+05
7.674e+05
7.7587e+05
7.8421e+05
7.9244e+05
8.0053e+05
8.085e+05
8.1632e+05
8.24e+05
8.3154e+05
8.3894e+05
8.4618e+05
8.5326e+05
8.6019e+05
8.6696e+05
8.7356e+05
8.7999e+05
8.8626e+05
8.9235e+05
8.9826e+05
9.0399e+05
9.0954e+05
9.1491e+05
9.2009e+05
9.2508e+05
9.2988e+05
9.3448e+05
9.3889e+05
9.431e+05
9.4712e+05
9.5093e+05
9.5453e+05
9.5794e+05
9.6113e+05
9.6412e+05
9.669e+05
9.6948e+05
9.7184e+05
9.7399e+05
9.7593e+05
9.7765e+05
9.7917e+05
9.8047e+05
9.8155e+05
9.8242e+05
9.8308e+05
9.8353e+05
9.8376e+05
9.8378e+05
9.8358e+05
9.8317e+05
9.8256e+05
9.8173e+05
9.8069e+05
9.7944e+05
9.7798e+05
9.7631e+05
9.7444e+05
9.7237e+05
9.7009e+05
9.6761e+05
9.6494e+05
9.6206e+05
9.5899e+05
9.5572e+05
9.5227e+05
9.4862e+05
9.4478e+05
9.4076e+05
9.3656e+05
9.3218e+05
9.2762e+05
9.2288e+05
9.1798e+05
9.129e+05
9.0765e+05
9.0225e+05
8.9668e+05
8.9096e+05
8.8508e+05
8.7905e+05
8.7287e+05
8.6655e+05
8.6008e+05
8.5348e+05
8.4675e+05
8.3988e+05
8.3289e+05
8.2578e+05
8.1854e+05
8.1119e+05
8.0373e+05
7.9616e+05
7.8849e+05
7.8071e+05
7.7284e+05
7.6488e+05
7.5682e+05
7.4869e+05
7.4047e+05
7.3217e+05
7.238e+05
7.1536e+05
7.0686e+05
6.983e+05
6.8968e+05
6.81e+05
6.7228e+05
6.6351e+05
6.547e+05
6.4585e+05
6.3697e+05
6.2806e+05
6.1913e+05
6.1017e+05
6.0119e+05
5.9221e+05
5.8321e+05
5.742e+05
5.6519e+05
5.5618e+05
5.4718e+05
5.3819e+05
5.292e+05
5.2023e+05
5.1128e+05
5.0236e+05
4.9345e+05
4.8458e+05
4.7574e+05
4.6693e+05
4.5817e+05
4.4944e+05
4.4076e+05
4.3213e+05
4.2354e+05
4.1501e+05
4.0654e+05
3.9813e+05
3.8977e+05
3.8148e+05
3.7326e+05
3.6511e+05
3.5703e+05
3.4902e+05
3.4109e+05
3.3323e+05
3.2546e+05
3.1777e+05
3.1016e+05
3.0265e+05
2.9521e+05
2.8787e+05
2.8062e+05
2.7346e+05
2.664e+05
2.5943e+05
2.5257e+05
2.4579e+05
2.3912e+05
2.3255e+05
2.2609e+05
2.1972e+05
2.1346e+05
2.073e+05
2.0125e+05
1.9531e+05
1.8947e+05
1.8374e+05
1.7812e+05
1.726e+05
1.6719e+05
1.619e+05
1.5671e+05
1.5163e+05
1.4666e+05
1.4179e+05
1.3704e+05
1.324e+05
1.2786e+05
1.2343e+05
1.1911e+05
1.149e+05
1.1079e+05
1.0679e+05
1.029e+05
99112
95429
91849
88372
84997
81723
78550
75476
72500
69621
66838
64150
61556
59054
56644
54323
52090
49945
47886
45910
44018
42207
40475
38822
37246
35744
34317
32961
31675
30458
29309
28224
27204
26245
25346
24507
23724
22997
22323
21701
21130
20607
20130
19699
19312
18966
18661
18395
18165
17971
17810
17682
17584
17516
17475
17460
17470
17503
17558
17632
17726
17837
17965
18107
18262
18430
18609
18798
18995
19199
19410
19626
19846
20070
20295
20521
20748
20973
21197
21419
21636
21850
22059
22262
22459
22648
22830
23004
23169
23324
23469
23604
23728
23840
23941
24030
24106
24170
24220
24258
24281
24291
24287
24270
24237
24191
