1.8229e+05
1.8566e+05
1.8907e+05
1.9251e+05
1.9598e+05
1.9947e+05
2.0299e+05
2.0653e+05
2.1008e+05
2.1365e+05
2.1723e+05
2.2082e+05
2.2442e+05
2.2802e+05
2.3161e+05
2.3521e+05
2.388e+05
2.4237e+05
2.4594e+05
2.4949e+05
2.5303e+05
2.5654e+05
2.6003e+05
2.635e+05
2.6693e+05
2.7034e+05
2.7371e+05
2.7705e+05
2.8034e+05
2.836e+05
2.8682e+05
2.8998e+05
2.9311e+05
2.9618e+05
2.992e+05
3.0216e+05
3.0508e+05
3.0793e+05
3.1073e+05
3.1347e+05
3.1614e+05
3.1875e+05
3.213e+05
3.2378e+05
3.262e+05
3.2855e+05
3.3083e+05
3.3304e+05
3.3518e+05
3.3726e+05
3.3926e+05
3.4119e+05
3.4304e+05
3.4483e+05
3.4654e+05
3.4819e+05
3.4976e+05
3.5126e+05
3.5268e+05
3.5404e+05
3.5533e+05
3.5654e+05
3.5769e+05
3.5877e+05
3.5978e+05
3.6072e+05
3.6159e+05
3.6241e+05
3.6315e+05
3.6384e+05
3.6446e+05
3.6503e+05
3.6553e+05
3.6598e+05
3.6637e+05
3.667e+05
3.6698e+05
3.6722e+05
3.674e+05
3.6753e+05
3.6762e+05
3.6766e+05
3.6766e+05
3.6762e+05
3.6754e+05
3.6742e+05
3.6726e+05
3.6707e+05
3.6685e+05
3.666e+05
3.6632e+05
3.6602e+05
3.6568e+05
3.6533e+05
3.6495e+05
3.6456e+05
3.6415e+05
3.6372e+05
3.6327e+05
3.6281e+05
3.6235e+05
3.6187e+05
3.6138e+05
3.6088e+05
3.6038e+05
3.5988e+05
3.5937e+05
3.5886e+05
3.5835e+05
3.5783e+05
3.5732e+05
3.5681e+05
3.5631e+05
3.558e+05
3.553e+05
3.5481e+05
3.5432e+05
3.5384e+05
3.5336e+05
3.5289e+05
3.5242e+05
3.5197e+05
3.5152e+05
3.5107e+05
3.5063e+05
3.502e+05
3.4978e+05
3.4936e+05
3.4895e+05
3.4854e+05
3.4814e+05
3.4774e+05
3.4734e+05
3.4695e+05
3.4656e+05
3.4616e+05
3.4577e+05
3.4538e+05
3.4499e+05
3.4459e+05
3.4419e+05
3.4378e+05
3.4337e+05
3.4295e+05
3.4252e+05
3.4208e+05
3.4162e+05
3.4116e+05
3.4067e+05
3.4018e+05
3.3966e+05
3.3913e+05
3.3857e+05
3.3799e+05
3.3739e+05
3.3676e+05
3.3611e+05
3.3543e+05
3.3472e+05
3.3398e+05
3.332e+05
3.324e+05
3.3155e+05
3.3067e+05
3.2976e+05
3.288e+05
3.2781e+05
3.2677e+05
3.2569e+05
3.2457e+05
3.234e+05
3.2219e+05
3.2093e+05
3.1962e+05
3.1827e+05
3.1687e+05
3.1542e+05
3.1392e+05
3.1237e+05
3.1077e+05
3.0912e+05
3.0742e+05
3.0566e+05
3.0386e+05
3.0201e+05
3.0011e+05
2.9815e+05
2.9615e+05
2.9409e+05
2.9199e+05
2.8984e+05
2.8764e+05
2.854e+05
2.8311e+05
2.8077e+05
2.7839e+05
2.7596e+05
2.735e+05
2.7099e+05
2.6845e+05
2.6586e+05
2.6324e+05
2.6059e+05
2.579e+05
2.5518e+05
2.5243e+05
2.4966e+05
2.4686e+05
2.4403e+05
2.4118e+05
2.3831e+05
2.3543e+05
2.3253e+05
2.2961e+05
2.2669e+05
2.2375e+05
2.2081e+05
2.1786e+05
2.1492e+05
2.1197e+05
2.0902e+05
2.0608e+05
2.0315e+05
2.0022e+05
1.9731e+05
1.9441e+05
1.9153e+05
1.8866e+05
1.8582e+05
1.83e+05
1.8021e+05
1.7744e+05
1.747e+05
1.7199e+05
1.6932e+05
1.6668e+05
1.6408e+05
1.6151e+05
1.5899e+05
1.5651e+05
1.5407e+05
1.5168e+05
1.4934e+05
1.4704e+05
1.4479e+05
1.4259e+05
1.4045e+05
1.3835e+05
1.3631e+05
1.3433e+05
1.324e+05
1.3052e+05
1.287e+05
1.2693e+05
1.2523e+05
1.2357e+05
1.2198e+05
1.2044e+05
1.1896e+05
1.1753e+05
1.1616e+05
1.1484e+05
1.1358e+05
1.1237e+05
1.1122e+05
1.1012e+05
1.0906e+05
1.0806e+05
1.0711e+05
1.062e+05
1.0534e+05
1.0453e+05
1.0375e+05
1.0302e+05
1.0233e+05
1.0168e+05
1.0106e+05
1.0047e+05
99919
99396
98900
98430
97983
97557
97150
96759
96382
96016
95660
95310
94965
94621
94277
93929
93577
93216
92846
92463
92065
91650
91217
90762
90283
89780
89249
88689
88098
87475
86817
86124
85394
84626
83818
82969
82079
81147
80172
79153
78090
76983
75832
74636
73396
72111
70784
69412
67999
66544
65049
63514
61942
60333
58689
57013
55305
53568
51805
50017
48208
46379
44535
42677
40809
38934
37056
35178
33304
31437
29582
27742
25921
24124
22355
20619
18919
17261
15649
14087
12581
11135
9754.9
8444.4
7209
6053.6
4983.3
4002.9
3117.5
2332.2
1651.9
1081.7
626.48
291.2
80.751
0
53.744
246.72
583.61
1069
1707.4
2503.2
3460.8
4584.4
5878.1
7345.8
8991.4
10819
12831
15033
17426
20014
22800
25788
28978
32375
35980
39795
43822
48063
52519
57191
62081
67189
72516
78062
83828
89812
96016
1.0244e+05
1.0908e+05
1.1593e+05
1.2301e+05
1.3029e+05
1.3779e+05
1.455e+05
1.5341e+05
1.6153e+05
1.6986e+05
1.7838e+05
1.871e+05
1.9602e+05
2.0512e+05
2.1441e+05
2.2388e+05
2.3353e+05
2.4335e+05
2.5334e+05
2.635e+05
2.7381e+05
2.8428e+05
2.9489e+05
3.0564e+05
3.1653e+05
3.2756e+05
3.387e+05
3.4996e+05
3.6133e+05
3.7281e+05
3.8438e+05
3.9604e+05
4.0779e+05
4.1961e+05
4.3149e+05
4.4344e+05
4.5544e+05
4.6749e+05
4.7957e+05
4.9168e+05
5.0381e+05
5.1596e+05
5.2811e+05
5.4025e+05
5.5239e+05
5.645e+05
5.7659e+05
5.8864e+05
6.0064e+05
6.1259e+05
6.2448e+05
6.363e+05
6.4804e+05
6.597e+05
6.7126e+05
6.8272e+05
6.9406e+05
7.0529e+05
7.1639e+05
7.2735e+05
7.3818e+05
7.4885e+05
7.5936e+05
7.6971e+05
7.7989e+05
7.8988e+05
7.9969e+05
8.0931e+05
8.1872e+05
8.2793e+05
8.3692e+05
8.457e+05
8.5424e+05
8.6256e+05
8.7064e+05
8.7847e+05
8.8606e+05
8.9339e+05
9.0046e+05
9.0727e+05
9.1381e+05
9.2008e+05
9.2607e+05
9.3178e+05
9.3721e+05
9.4235e+05
9.472e+05
9.5176e+05
9.5602e+05
9.5999e+05
9.6365e+05
9.6701e+05
9.7007e+05
9.7283e+05
9.7527e+05
9.7741e+05
9.7924e+05
9.8077e+05
9.8198e+05
9.8289e+05
9.8349e+05
9.8378e+05
9.8376e+05
9.8344e+05
9.8281e+05
9.8189e+05
9.8066e+05
9.7913e+05
9.773e+05
9.7518e+05
9.7277e+05
9.7007e+05
9.6709e+05
9.6382e+05
9.6027e+05
9.5645e+05
9.5236e+05
9.48e+05
9.4337e+05
9.3849e+05
9.3336e+05
9.2797e+05
9.2234e+05
9.1648e+05
9.1037e+05
9.0404e+05
8.9749e+05
8.9072e+05
8.8374e+05
8.7655e+05
8.6916e+05
8.6158e+05
8.5382e+05
8.4587e+05
8.3774e+05
8.2945e+05
8.21e+05
8.1239e+05
8.0364e+05
7.9474e+05
7.857e+05
7.7654e+05
7.6726e+05
7.5786e+05
7.4836e+05
7.3875e+05
7.2905e+05
7.1927e+05
7.094e+05
6.9946e+05
6.8945e+05
6.7938e+05
6.6926e+05
6.5909e+05
6.4889e+05
6.3865e+05
6.2838e+05
6.1809e+05
6.0779e+05
5.9748e+05
5.8717e+05
5.7686e+05
5.6656e+05
5.5628e+05
5.4603e+05
5.358e+05
5.256e+05
5.1545e+05
5.0534e+05
4.9528e+05
4.8527e+05
4.7533e+05
4.6545e+05
4.5564e+05
4.4591e+05
4.3625e+05
4.2668e+05
4.172e+05
4.0781e+05
3.9851e+05
3.8932e+05
3.8022e+05
3.7124e+05
3.6237e+05
3.5361e+05
3.4496e+05
3.3644e+05
3.2804e+05
3.1976e+05
3.1161e+05
3.0359e+05
2.957e+05
2.8795e+05
2.8033e+05
2.7285e+05
2.655e+05
2.583e+05
2.5124e+05
2.4432e+05
2.3755e+05
2.3092e+05
2.2443e+05
2.1809e+05
2.119e+05
2.0585e+05
1.9995e+05
1.942e+05
1.8859e+05
1.8313e+05
1.7781e+05
1.7264e+05
1.6761e+05
1.6273e+05
1.5799e+05
1.5339e+05
1.4893e+05
1.4462e+05
1.4044e+05
1.364e+05
1.3249e+05
1.2872e+05
1.2508e+05
1.2157e+05
1.1819e+05
1.1494e+05
1.1182e+05
1.0881e+05
1.0593e+05
1.0317e+05
1.0053e+05
97997
95580
93274
91076
88983
86994
85105
83315
81621
80020
78509
77087
75750
74496
73323
72227
71207
70258
69380
68570
67824
67140
66516
65949
65436
64976
64565
64201
63882
63606
63369
63170
63007
62876
62777
62706
62662
62643
62646
62669
62711
62770
62843
62930
63028
63135
63250
63371
63497
63626
63757
63888
64018
64146
64270
64389
64503
64610
64708
64798
64878
64947
65004
65049
65080
65098
65102
65090
65063
65019
64960
64883
64789
64677
64547
64400
64233
64049
63845
63623
63383
63123
62845
62548
62232
61898
61545
61175
60786
60379
59955
59513
59055
58579
58088
57580
57057
56518
55964
55397
54815
54219
53610
52989
52355
