5.3073e+05
5.3692e+05
5.4294e+05
5.4878e+05
5.5443e+05
5.599e+05
5.6518e+05
5.7026e+05
5.7515e+05
5.7983e+05
5.8431e+05
5.8858e+05
5.9264e+05
5.9649e+05
6.0013e+05
6.0355e+05
6.0675e+05
6.0974e+05
6.125e+05
6.1504e+05
6.1736e+05
6.1946e+05
6.2134e+05
6.23e+05
6.2443e+05
6.2565e+05
6.2664e+05
6.2741e+05
6.2797e+05
6.2831e+05
6.2844e+05
6.2835e+05
6.2806e+05
6.2756e+05
6.2685e+05
6.2594e+05
6.2483e+05
6.2352e+05
6.2202e+05
6.2033e+05
6.1846e+05
6.164e+05
6.1417e+05
6.1176e+05
6.0919e+05
6.0645e+05
6.0355e+05
6.0049e+05
5.9729e+05
5.9394e+05
5.9046e+05
5.8684e+05
5.8309e+05
5.7921e+05
5.7522e+05
5.7112e+05
5.6691e+05
5.6261e+05
5.5821e+05
5.5372e+05
5.4914e+05
5.445e+05
5.3978e+05
5.35e+05
5.3016e+05
5.2527e+05
5.2033e+05
5.1536e+05
5.1035e+05
5.0531e+05
5.0026e+05
4.9519e+05
4.9011e+05
4.8503e+05
4.7995e+05
4.7488e+05
4.6982e+05
4.6478e+05
4.5977e+05
4.548e+05
4.4986e+05
4.4496e+05
4.4011e+05
4.3531e+05
4.3057e+05
4.2589e+05
4.2128e+05
4.1674e+05
4.1228e+05
4.079e+05
4.0361e+05
3.994e+05
3.9529e+05
3.9128e+05
3.8736e+05
3.8355e+05
3.7985e+05
3.7626e+05
3.7278e+05
3.6942e+05
3.6618e+05
3.6306e+05
3.6007e+05
3.572e+05
3.5446e+05
3.5184e+05
3.4936e+05
3.4702e+05
3.4481e+05
3.4273e+05
3.4079e+05
3.3898e+05
3.3731e+05
3.3578e+05
3.3439e+05
3.3314e+05
3.3202e+05
3.3104e+05
3.302e+05
3.295e+05
3.2892e+05
3.2849e+05
3.2819e+05
3.2801e+05
3.2797e+05
3.2806e+05
3.2828e+05
3.2862e+05
3.2908e+05
3.2966e+05
3.3037e+05
3.3119e+05
3.3212e+05
3.3316e+05
3.3431e+05
3.3557e+05
3.3693e+05
3.3838e+05
3.3994e+05
3.4158e+05
3.4332e+05
3.4513e+05
3.4704e+05
3.4901e+05
3.5107e+05
3.5319e+05
3.5538e+05
3.5763e+05
3.5995e+05
3.6231e+05
3.6473e+05
3.6719e+05
3.697e+05
3.7224e+05
3.7482e+05
3.7742e+05
3.8006e+05
3.8271e+05
3.8538e+05
3.8806e+05
3.9075e+05
3.9344e+05
3.9614e+05
3.9882e+05
4.015e+05
4.0417e+05
4.0682e+05
4.0945e+05
4.1205e+05
4.1462e+05
4.1716e+05
4.1966e+05
4.2212e+05
4.2453e+05
4.269e+05
4.2921e+05
4.3146e+05
4.3365e+05
4.3578e+05
4.3784e+05
4.3983e+05
4.4175e+05
4.4359e+05
4.4535e+05
4.4702e+05
4.4861e+05
4.501e+05
4.5151e+05
4.5282e+05
4.5403e+05
4.5514e+05
4.5615e+05
4.5705e+05
4.5785e+05
4.5853e+05
4.5911e+05
4.5957e+05
4.5992e+05
4.6015e+05
4.6026e+05
4.6025e+05
4.6012e+05
4.5987e+05
4.595e+05
4.59e+05
4.5837e+05
4.5762e+05
4.5675e+05
4.5575e+05
4.5462e+05
4.5336e+05
4.5197e+05
4.5046e+05
4.4882e+05
4.4705e+05
4.4516e+05
4.4314e+05
4.4099e+05
4.3872e+05
4.3632e+05
4.338e+05
4.3116e+05
4.284e+05
4.2551e+05
4.2251e+05
4.1939e+05
4.1615e+05
4.128e+05
4.0934e+05
4.0576e+05
4.0208e+05
3.9829e+05
3.944e+05
3.904e+05
3.863e+05
3.8211e+05
3.7782e+05
3.7344e+05
3.6897e+05
3.6441e+05
3.5977e+05
3.5505e+05
3.5025e+05
3.4537e+05
3.4043e+05
3.3541e+05
3.3033e+05
3.2518e+05
3.1998e+05
3.1472e+05
3.0941e+05
3.0405e+05
2.9865e+05
2.932e+05
2.8772e+05
2.822e+05
2.7665e+05
2.7108e+05
2.6549e+05
2.5987e+05
2.5424e+05
2.486e+05
2.4295e+05
2.373e+05
2.3166e+05
2.2601e+05
2.2038e+05
2.1475e+05
2.0915e+05
2.0356e+05
1.98e+05
1.9247e+05
1.8697e+05
1.8151e+05
1.7609e+05
1.7071e+05
1.6538e+05
1.6011e+05
1.5489e+05
1.4972e+05
1.4463e+05
1.396e+05
1.3464e+05
1.2976e+05
1.2495e+05
1.2023e+05
1.1559e+05
1.1105e+05
1.0659e+05
1.0224e+05
97978
93823
89774
85835
82008
78297
74705
71235
67889
64671
61583
58628
55808
53127
50585
48187
45934
43828
41872
40067
38416
36920
35581
34402
33382
32525
31831
31301
30938
30742
30714
30855
31166
31649
32302
33128
34126
35297
36642
38160
39852
41717
43756
45968
48354
50912
53642
56545
59618
62862
66276
69858
73608
77524
81606
85852
90261
94831
99561
1.0445e+05
1.0949e+05
1.1469e+05
1.2005e+05
1.2555e+05
1.312e+05
1.37e+05
1.4295e+05
1.4903e+05
1.5526e+05
1.6162e+05
1.6812e+05
1.7476e+05
1.8152e+05
1.8841e+05
1.9543e+05
2.0256e+05
2.0982e+05
2.172e+05
2.2468e+05
2.3228e+05
2.3999e+05
2.478e+05
2.5571e+05
2.6372e+05
2.7182e+05
2.8002e+05
2.883e+05
2.9667e+05
3.0512e+05
3.1364e+05
3.2225e+05
3.3092e+05
3.3966e+05
3.4847e+05
3.5733e+05
3.6625e+05
3.7523e+05
3.8425e+05
3.9332e+05
4.0243e+05
4.1158e+05
4.2077e+05
4.2998e+05
4.3923e+05
4.4849e+05
4.5778e+05
4.6708e+05
4.7639e+05
4.8572e+05
4.9504e+05
5.0437e+05
5.137e+05
5.2302e+05
5.3233e+05
5.4162e+05
5.509e+05
5.6016e+05
5.6939e+05
5.7859e+05
5.8776e+05
5.969e+05
6.06e+05
6.1505e+05
6.2406e+05
6.3302e+05
6.4193e+05
6.5078e+05
6.5957e+05
6.6829e+05
6.7696e+05
6.8555e+05
6.9407e+05
7.0251e+05
7.1087e+05
7.1915e+05
7.2735e+05
7.3546e+05
7.4348e+05
7.514e+05
7.5923e+05
7.6696e+05
7.7458e+05
7.8211e+05
7.8952e+05
7.9682e+05
8.0401e+05
8.1109e+05
8.1805e+05
8.2489e+05
8.3161e+05
8.382e+05
8.4467e+05
8.5101e+05
8.5722e+05
8.633e+05
8.6924e+05
8.7505e+05
8.8072e+05
8.8625e+05
8.9164e+05
8.9689e+05
9.0199e+05
9.0695e+05
9.1176e+05
9.1643e+05
9.2094e+05
9.2531e+05
9.2952e+05
9.3358e+05
9.3748e+05
9.4123e+05
9.4483e+05
9.4827e+05
9.5155e+05
9.5468e+05
9.5765e+05
9.6046e+05
9.6311e+05
9.656e+05
9.6793e+05
9.701e+05
9.7211e+05
9.7396e+05
9.7565e+05
9.7719e+05
9.7856e+05
9.7977e+05
9.8082e+05
9.8171e+05
9.8244e+05
9.8301e+05
9.8342e+05
9.8368e+05
9.8378e+05
9.8372e+05
9.835e+05
9.8313e+05
9.826e+05
9.8192e+05
9.8109e+05
9.801e+05
9.7896e+05
9.7768e+05
9.7624e+05
9.7465e+05
9.7292e+05
9.7104e+05
9.6901e+05
9.6684e+05
9.6453e+05
9.6208e+05
9.5949e+05
9.5676e+05
9.539e+05
9.509e+05
9.4777e+05
9.445e+05
9.411e+05
9.3758e+05
9.3393e+05
9.3015e+05
9.2625e+05
9.2223e+05
9.1809e+05
9.1383e+05
9.0946e+05
9.0497e+05
9.0037e+05
8.9566e+05
8.9084e+05
8.8592e+05
8.8089e+05
8.7576e+05
8.7053e+05
8.652e+05
8.5977e+05
8.5425e+05
8.4864e+05
8.4294e+05
8.3716e+05
8.3129e+05
8.2533e+05
8.193e+05
8.1319e+05
8.07e+05
8.0074e+05
7.944e+05
7.88e+05
7.8153e+05
7.7499e+05
7.6839e+05
7.6174e+05
7.5502e+05
7.4825e+05
7.4142e+05
7.3455e+05
7.2762e+05
7.2065e+05
7.1364e+05
7.0658e+05
6.9948e+05
6.9235e+05
6.8518e+05
6.7797e+05
6.7074e+05
6.6348e+05
6.5619e+05
6.4888e+05
6.4154e+05
6.3419e+05
6.2682e+05
6.1943e+05
6.1203e+05
6.0462e+05
5.972e+05
5.8977e+05
5.8234e+05
5.749e+05
5.6747e+05
5.6003e+05
5.526e+05
5.4518e+05
5.3776e+05
5.3035e+05
5.2295e+05
5.1557e+05
5.082e+05
5.0084e+05
4.9351e+05
4.8619e+05
4.789e+05
4.7163e+05
4.6439e+05
4.5717e+05
4.4999e+05
4.4283e+05
4.3571e+05
4.2862e+05
4.2156e+05
4.1454e+05
4.0756e+05
4.0062e+05
3.9372e+05
3.8687e+05
3.8005e+05
3.7328e+05
3.6656e+05
3.5989e+05
3.5327e+05
3.4669e+05
3.4017e+05
3.337e+05
3.2728e+05
3.2092e+05
3.1461e+05
3.0836e+05
3.0217e+05
2.9604e+05
2.8996e+05
2.8395e+05
2.7799e+05
2.721e+05
2.6627e+05
2.6051e+05
2.5481e+05
2.4917e+05
2.436e+05
2.3809e+05
2.3265e+05
2.2728e+05
2.2198e+05
2.1674e+05
2.1157e+05
2.0647e+05
2.0144e+05
1.9648e+05
1.9159e+05
1.8677e+05
1.8202e+05
1.7733e+05
1.7272e+05
1.6818e+05
1.6371e+05
1.5931e+05
1.5498e+05
1.5073e+05
1.4654e+05
1.4242e+05
1.3838e+05
1.344e+05
1.305e+05
1.2666e+05
1.229e+05
1.1921e+05
1.1558e+05
1.1203e+05
1.0854e+05
1.0512e+05
1.0177e+05
98490
95277
92131
89051
86038
83091
80210
77394
74642
71954
69329
66767
64268
61830
59453
57136
54880
52682
50543
48461
46437
44469
42557
40699
38896
37146
35449
33803
32209
30666
29172
27726
26329
24979
23676
22418
21205
20036
18910
17826
16784
15783
14822
13900
13016
12170
11361
10587
9848.1
9143.6
8472.5
7834.1
7227.4
6651.7
6106.2
5590.1
5102.5
4642.8
4210.2
3803.8
3422.8
3066.6
2734.3
2425.2
2138.6
1873.6
1629.6
1405.8
1201.5
1016
848.54
698.45
565.03
447.59
345.45
257.93
184.37
124.11
76.512
40.927
16.726
3.2881
0
6.2575
21.466
45.039
76.4
114.98
160.23
211.6
268.54
330.53
397.06
