1.7714e+05
1.8005e+05
1.8299e+05
1.8594e+05
1.8892e+05
1.919e+05
1.949e+05
1.9791e+05
2.0093e+05
2.0395e+05
2.0698e+05
2.1e+05
2.1302e+05
2.1604e+05
2.1905e+05
2.2205e+05
2.2503e+05
2.28e+05
2.3096e+05
2.3389e+05
2.3681e+05
2.3969e+05
2.4256e+05
2.4539e+05
2.4819e+05
2.5097e+05
2.537e+05
2.564e+05
2.5906e+05
2.6168e+05
2.6426e+05
2.668e+05
2.6929e+05
2.7173e+05
2.7412e+05
2.7647e+05
2.7876e+05
2.81e+05
2.8318e+05
2.8531e+05
2.8739e+05
2.8941e+05
2.9136e+05
2.9326e+05
2.9511e+05
2.9689e+05
2.986e+05
3.0026e+05
3.0186e+05
3.0339e+05
3.0486e+05
3.0627e+05
3.0762e+05
3.089e+05
3.1012e+05
3.1128e+05
3.1237e+05
3.134e+05
3.1437e+05
3.1528e+05
3.1613e+05
3.1692e+05
3.1765e+05
3.1832e+05
3.1893e+05
3.1948e+05
3.1998e+05
3.2042e+05
3.2081e+05
3.2114e+05
3.2142e+05
3.2165e+05
3.2183e+05
3.2197e+05
3.2205e+05
3.2209e+05
3.2208e+05
3.2203e+05
3.2194e+05
3.2181e+05
3.2164e+05
3.2144e+05
3.2119e+05
3.2092e+05
3.2061e+05
3.2027e+05
3.199e+05
3.195e+05
3.1908e+05
3.1863e+05
3.1816e+05
3.1767e+05
3.1716e+05
3.1662e+05
3.1608e+05
3.1551e+05
3.1494e+05
3.1435e+05
3.1375e+05
3.1314e+05
3.1252e+05
3.119e+05
3.1127e+05
3.1064e+05
3.1e+05
3.0936e+05
3.0872e+05
3.0808e+05
3.0744e+05
3.0681e+05
3.0618e+05
3.0555e+05
3.0492e+05
3.043e+05
3.0369e+05
3.0309e+05
3.0249e+05
3.019e+05
3.0131e+05
3.0074e+05
3.0018e+05
2.9962e+05
2.9907e+05
2.9853e+05
2.9801e+05
2.9749e+05
2.9698e+05
2.9647e+05
2.9598e+05
2.955e+05
2.9502e+05
2.9455e+05
2.9409e+05
2.9363e+05
2.9318e+05
2.9274e+05
2.923e+05
2.9186e+05
2.9143e+05
2.91e+05
2.9057e+05
2.9014e+05
2.8972e+05
2.8929e+05
2.8885e+05
2.8842e+05
2.8797e+05
2.8753e+05
2.8707e+05
2.8661e+05
2.8614e+05
2.8565e+05
2.8516e+05
2.8465e+05
2.8413e+05
2.8359e+05
2.8303e+05
2.8246e+05
2.8187e+05
2.8126e+05
2.8062e+05
2.7996e+05
2.7928e+05
2.7858e+05
2.7784e+05
2.7708e+05
2.7629e+05
2.7548e+05
2.7463e+05
2.7375e+05
2.7283e+05
2.7189e+05
2.7091e+05
2.6989e+05
2.6884e+05
2.6775e+05
2.6663e+05
2.6547e+05
2.6427e+05
2.6303e+05
2.6175e+05
2.6044e+05
2.5908e+05
2.5769e+05
2.5625e+05
2.5478e+05
2.5327e+05
2.5172e+05
2.5012e+05
2.4849e+05
2.4682e+05
2.4512e+05
2.4337e+05
2.4159e+05
2.3977e+05
2.3792e+05
2.3603e+05
2.341e+05
2.3215e+05
2.3016e+05
2.2813e+05
2.2608e+05
2.24e+05
2.2189e+05
2.1976e+05
2.1759e+05
2.1541e+05
2.132e+05
2.1097e+05
2.0872e+05
2.0646e+05
2.0417e+05
2.0187e+05
1.9956e+05
1.9724e+05
1.9491e+05
1.9257e+05
1.9022e+05
1.8787e+05
1.8552e+05
1.8316e+05
1.8081e+05
1.7846e+05
1.7611e+05
1.7377e+05
1.7144e+05
1.6912e+05
1.6682e+05
1.6452e+05
1.6225e+05
1.5999e+05
1.5774e+05
1.5552e+05
1.5333e+05
1.5115e+05
1.4901e+05
1.4688e+05
1.4479e+05
1.4273e+05
1.407e+05
1.387e+05
1.3674e+05
1.3481e+05
1.3292e+05
1.3107e+05
1.2925e+05
1.2747e+05
1.2574e+05
1.2404e+05
1.2239e+05
1.2078e+05
1.1921e+05
1.1768e+05
1.162e+05
1.1476e+05
1.1336e+05
1.1201e+05
1.107e+05
1.0943e+05
1.0821e+05
1.0703e+05
1.059e+05
1.048e+05
1.0375e+05
1.0274e+05
1.0177e+05
1.0083e+05
99940
99084
98264
97480
96729
96011
95325
94668
94040
93438
92862
92309
91778
91267
90774
90298
89836
89386
88947
88516
88092
87672
87255
86838
86419
85997
85569
85134
84689
84232
83762
83276
82773
82251
81708
81143
80554
79939
79296
78625
77924
77192
76428
75630
74797
73930
73026
72085
71107
70092
69038
67947
66816
65648
64442
63198
61917
60599
59246
57858
56435
54980
53494
51978
50433
48862
47266
45648
44009
42352
40680
38994
37299
35596
33888
32180
30474
28773
27081
25402
23739
22097
20479
18889
17332
15812
14332
12899
11515
10187
8917.3
7711.8
6575.2
5512.1
4527.4
3625.9
2812.6
2092.4
1470.1
950.68
539.08
240.18
58.87
0
68.396
268.84
606.06
1084.7
1709.5
2484.8
3415.3
4505.1
5758.7
7180.1
8773.5
10543
12492
14624
16944
19454
22157
25057
28157
31460
34967
38682
42607
46743
51093
55658
60439
65438
70656
76094
81752
87630
93728
1.0005e+05
1.0659e+05
1.1334e+05
1.2032e+05
1.2751e+05
1.3492e+05
1.4255e+05
1.5038e+05
1.5843e+05
1.6668e+05
1.7514e+05
1.8381e+05
1.9267e+05
2.0173e+05
2.1098e+05
2.2042e+05
2.3004e+05
2.3985e+05
2.4983e+05
2.5998e+05
2.703e+05
2.8078e+05
2.9142e+05
3.022e+05
3.1313e+05
3.242e+05
3.354e+05
3.4672e+05
3.5817e+05
3.6973e+05
3.8139e+05
3.9315e+05
4.05e+05
4.1693e+05
4.2894e+05
4.4102e+05
4.5316e+05
4.6535e+05
4.7758e+05
4.8985e+05
5.0214e+05
5.1446e+05
5.2679e+05
5.3911e+05
5.5143e+05
5.6374e+05
5.7602e+05
5.8827e+05
6.0048e+05
6.1263e+05
6.2473e+05
6.3676e+05
6.4871e+05
6.6057e+05
6.7234e+05
6.8401e+05
6.9557e+05
7.07e+05
7.183e+05
7.2947e+05
7.4049e+05
7.5136e+05
7.6206e+05
7.7259e+05
7.8295e+05
7.9311e+05
8.0308e+05
8.1285e+05
8.2241e+05
8.3176e+05
8.4087e+05
8.4976e+05
8.5841e+05
8.6682e+05
8.7498e+05
8.8288e+05
8.9051e+05
8.9788e+05
9.0498e+05
9.1179e+05
9.1832e+05
9.2456e+05
9.3051e+05
9.3616e+05
9.4151e+05
9.4656e+05
9.5129e+05
9.5571e+05
9.5982e+05
9.6361e+05
9.6708e+05
9.7022e+05
9.7304e+05
9.7554e+05
9.777e+05
9.7954e+05
9.8105e+05
9.8223e+05
9.8307e+05
9.8359e+05
9.8378e+05
9.8363e+05
9.8316e+05
9.8236e+05
9.8124e+05
9.7979e+05
9.7802e+05
9.7593e+05
9.7352e+05
9.7079e+05
9.6776e+05
9.6441e+05
9.6076e+05
9.5681e+05
9.5256e+05
9.4802e+05
9.4319e+05
9.3807e+05
9.3267e+05
9.27e+05
9.2106e+05
9.1486e+05
9.084e+05
9.0168e+05
8.9472e+05
8.8752e+05
8.8008e+05
8.7242e+05
8.6454e+05
8.5644e+05
8.4813e+05
8.3963e+05
8.3093e+05
8.2204e+05
8.1298e+05
8.0374e+05
7.9434e+05
7.8479e+05
7.7508e+05
7.6524e+05
7.5526e+05
7.4516e+05
7.3493e+05
7.246e+05
7.1417e+05
7.0364e+05
6.9303e+05
6.8233e+05
6.7157e+05
6.6074e+05
6.4986e+05
6.3893e+05
6.2797e+05
6.1696e+05
6.0594e+05
5.949e+05
5.8384e+05
5.7279e+05
5.6174e+05
5.507e+05
5.3969e+05
5.2869e+05
5.1774e+05
5.0682e+05
4.9594e+05
4.8512e+05
4.7436e+05
4.6367e+05
4.5304e+05
4.4249e+05
4.3203e+05
4.2165e+05
4.1137e+05
4.0119e+05
3.9111e+05
3.8114e+05
3.7128e+05
3.6154e+05
3.5193e+05
3.4244e+05
3.3309e+05
3.2387e+05
3.1478e+05
3.0584e+05
2.9705e+05
2.884e+05
2.7991e+05
2.7156e+05
2.6338e+05
2.5535e+05
2.4749e+05
2.3979e+05
2.3225e+05
2.2488e+05
2.1768e+05
2.1064e+05
2.0378e+05
1.9709e+05
1.9057e+05
1.8422e+05
1.7804e+05
1.7204e+05
1.662e+05
1.6054e+05
1.5506e+05
1.4974e+05
1.4459e+05
1.3962e+05
1.3481e+05
1.3017e+05
1.257e+05
1.2139e+05
1.1725e+05
1.1327e+05
1.0945e+05
1.0579e+05
1.0228e+05
98930
95731
92681
89778
87021
84405
81929
79590
77384
75309
73363
71541
69841
68260
66794
65440
64196
63057
62020
61082
60240
59491
58830
58254
57761
57346
57007
56739
56540
56407
56335
56321
56364
56458
56601
56790
57021
57292
57600
57941
58314
58713
59138
59585
60052
60536
61034
61545
62064
62591
63123
63658
64193
64727
65257
65782
66300
66809
67308
67794
68266
68724
69165
69588
69992
70375
70738
71079
71396
71689
71958
72201
72418
72609
72772
72908
73016
73096
73148
73170
73165
73130
73067
72974
72854
72705
72527
72322
72089
71828
71541
71227
70887
70521
70131
69716
69276
68814
68329
67822
67294
66745
66176
65589
64983
64359
63719
63062
62391
61705
61006
60294
59570
58835
58090
57336
56573
55802
55024
54241
53451
