9.8378e+05
9.7949e+05
9.7513e+05
9.707e+05
9.662e+05
9.6163e+05
9.57e+05
9.5231e+05
9.4755e+05
9.4272e+05
9.3784e+05
9.329e+05
9.279e+05
9.2284e+05
9.1773e+05
9.1256e+05
9.0734e+05
9.0207e+05
8.9675e+05
8.9138e+05
8.8596e+05
8.8049e+05
8.7498e+05
8.6943e+05
8.6383e+05
8.582e+05
8.5252e+05
8.4681e+05
8.4105e+05
8.3527e+05
8.2944e+05
8.2359e+05
8.177e+05
8.1178e+05
8.0584e+05
7.9986e+05
7.9386e+05
7.8783e+05
7.8177e+05
7.757e+05
7.696e+05
7.6348e+05
7.5734e+05
7.5119e+05
7.4501e+05
7.3882e+05
7.3262e+05
7.264e+05
7.2017e+05
7.1393e+05
7.0768e+05
7.0142e+05
6.9515e+05
6.8887e+05
6.8259e+05
6.7631e+05
6.7002e+05
6.6373e+05
6.5744e+05
6.5115e+05
6.4486e+05
6.3857e+05
6.3228e+05
6.26e+05
6.1972e+05
6.1345e+05
6.0719e+05
6.0094e+05
5.9469e+05
5.8845e+05
5.8223e+05
5.7602e+05
5.6982e+05
5.6363e+05
5.5746e+05
5.5131e+05
5.4517e+05
5.3905e+05
5.3294e+05
5.2686e+05
5.208e+05
5.1475e+05
5.0873e+05
5.0273e+05
4.9676e+05
4.9081e+05
4.8488e+05
4.7898e+05
4.731e+05
4.6726e+05
4.6144e+05
4.5564e+05
4.4988e+05
4.4415e+05
4.3845e+05
4.3278e+05
4.2714e+05
4.2153e+05
4.1596e+05
4.1042e+05
4.0492e+05
3.9945e+05
3.9401e+05
3.8861e+05
3.8325e+05
3.7793e+05
3.7264e+05
3.6739e+05
3.6218e+05
3.5701e+05
3.5188e+05
3.4679e+05
3.4174e+05
3.3673e+05
3.3177e+05
3.2684e+05
3.2196e+05
3.1712e+05
3.1232e+05
3.0757e+05
3.0286e+05
2.9819e+05
2.9357e+05
2.89e+05
2.8447e+05
2.7998e+05
2.7554e+05
2.7115e+05
2.6681e+05
2.6251e+05
2.5825e+05
2.5405e+05
2.4989e+05
2.4578e+05
2.4172e+05
2.377e+05
2.3374e+05
2.2982e+05
2.2595e+05
2.2213e+05
2.1836e+05
2.1464e+05
2.1097e+05
2.0734e+05
2.0377e+05
2.0024e+05
1.9677e+05
1.9334e+05
1.8997e+05
1.8664e+05
1.8337e+05
1.8014e+05
1.7696e+05
1.7384e+05
1.7076e+05
1.6773e+05
1.6476e+05
1.6183e+05
1.5896e+05
1.5613e+05
1.5335e+05
1.5063e+05
1.4795e+05
1.4532e+05
1.4274e+05
1.4022e+05
1.3774e+05
1.3531e+05
1.3293e+05
1.306e+05
1.2832e+05
1.2608e+05
1.239e+05
1.2177e+05
1.1968e+05
1.1764e+05
1.1565e+05
1.1371e+05
1.1182e+05
1.0997e+05
1.0817e+05
1.0642e+05
1.0472e+05
1.0306e+05
1.0145e+05
99885
98367
96896
95470
94090
92755
91465
90221
89020
87864
86753
85685
84660
83679
82740
81845
80991
80180
79411
78682
77995
77349
76743
76178
75652
75166
74719
74310
73941
73609
73315
73059
72839
72657
72510
72400
72325
72286
72282
72312
72376
72474
72605
72770
72967
73196
73458
73750
74074
74429
74813
75228
75672
76146
76648
77178
77737
78323
78936
79576
80242
80934
81652
82395
83163
83954
84770
85610
86472
87357
88265
89194
90145
91117
92110
93123
94156
95209
96280
97370
98479
99605
1.0075e+05
1.0191e+05
1.0309e+05
1.0428e+05
1.0549e+05
1.0672e+05
1.0796e+05
1.0921e+05
1.1048e+05
1.1177e+05
1.1306e+05
1.1437e+05
1.157e+05
1.1703e+05
1.1838e+05
1.1974e+05
1.2111e+05
1.2249e+05
1.2388e+05
1.2529e+05
1.267e+05
1.2812e+05
1.2955e+05
1.3099e+05
1.3243e+05
1.3389e+05
1.3535e+05
1.3682e+05
1.383e+05
1.3978e+05
1.4127e+05
1.4277e+05
1.4427e+05
1.4577e+05
1.4728e+05
1.488e+05
1.5032e+05
1.5184e+05
1.5336e+05
1.5489e+05
1.5642e+05
1.5796e+05
1.5949e+05
1.6103e+05
1.6257e+05
1.6411e+05
1.6565e+05
1.6719e+05
1.6874e+05
1.7028e+05
1.7182e+05
1.7336e+05
1.749e+05
1.7644e+05
1.7797e+05
1.7951e+05
1.8104e+05
1.8257e+05
1.8409e+05
1.8562e+05
1.8714e+05
1.8865e+05
1.9016e+05
1.9167e+05
1.9318e+05
1.9467e+05
1.9617e+05
1.9766e+05
1.9914e+05
2.0062e+05
2.0209e+05
2.0355e+05
2.0501e+05
2.0646e+05
2.0791e+05
2.0934e+05
2.1077e+05
2.122e+05
2.1361e+05
2.1502e+05
2.1641e+05
2.178e+05
2.1918e+05
2.2056e+05
2.2192e+05
2.2327e+05
2.2461e+05
2.2595e+05
2.2727e+05
2.2858e+05
2.2988e+05
2.3117e+05
2.3246e+05
2.3373e+05
2.3498e+05
2.3623e+05
2.3747e+05
2.3869e+05
2.399e+05
2.411e+05
2.4229e+05
2.4347e+05
2.4463e+05
2.4578e+05
2.4692e+05
2.4804e+05
2.4915e+05
2.5025e+05
2.5134e+05
2.5241e+05
2.5347e+05
2.5451e+05
2.5554e+05
2.5656e+05
2.5756e+05
2.5855e+05
2.5952e+05
2.6048e+05
2.6143e+05
2.6235e+05
2.6327e+05
2.6417e+05
2.6506e+05
2.6593e+05
2.6678e+05
2.6762e+05
2.6844e+05
2.6925e+05
2.7005e+05
2.7082e+05
2.7159e+05
2.7233e+05
2.7306e+05
2.7378e+05
2.7448e+05
2.7516e+05
2.7583e+05
2.7648e+05
2.7711e+05
2.7773e+05
2.7833e+05
2.7892e+05
2.7949e+05
2.8004e+05
2.8058e+05
2.811e+05
2.816e+05
2.8209e+05
2.8256e+05
2.8301e+05
2.8345e+05
2.8387e+05
2.8428e+05
2.8467e+05
2.8504e+05
2.8539e+05
2.8573e+05
2.8605e+05
2.8635e+05
2.8664e+05
2.8691e+05
2.8717e+05
2.8741e+05
2.8763e+05
2.8783e+05
2.8802e+05
2.8819e+05
2.8835e+05
2.8849e+05
2.8861e+05
2.8871e+05
2.888e+05
2.8887e+05
2.8893e+05
2.8897e+05
2.8899e+05
2.89e+05
2.8899e+05
2.8896e+05
2.8892e+05
2.8886e+05
2.8879e+05
2.887e+05
2.8859e+05
2.8847e+05
2.8833e+05
2.8818e+05
2.8801e+05
2.8782e+05
2.8762e+05
2.8741e+05
2.8717e+05
2.8693e+05
2.8666e+05
2.8638e+05
2.8609e+05
2.8578e+05
2.8546e+05
2.8512e+05
2.8476e+05
2.8439e+05
2.8401e+05
2.8361e+05
2.832e+05
2.8277e+05
2.8233e+05
2.8187e+05
2.814e+05
2.8091e+05
2.8041e+05
2.799e+05
2.7937e+05
2.7883e+05
2.7827e+05
2.777e+05
2.7712e+05
2.7652e+05
2.7591e+05
2.7529e+05
2.7466e+05
2.7401e+05
2.7334e+05
2.7267e+05
2.7198e+05
2.7128e+05
2.7057e+05
2.6984e+05
2.691e+05
2.6835e+05
2.6759e+05
2.6682e+05
2.6603e+05
2.6523e+05
2.6442e+05
2.636e+05
2.6277e+05
2.6193e+05
2.6107e+05
2.6021e+05
2.5933e+05
2.5844e+05
2.5754e+05
2.5663e+05
2.5571e+05
2.5478e+05
2.5384e+05
2.5289e+05
2.5193e+05
2.5096e+05
2.4998e+05
2.4899e+05
2.4799e+05
2.4698e+05
2.4597e+05
2.4494e+05
2.439e+05
2.4286e+05
2.4181e+05
2.4075e+05
2.3967e+05
2.386e+05
2.3751e+05
2.3641e+05
2.3531e+05
2.342e+05
2.3308e+05
2.3196e+05
2.3082e+05
2.2968e+05
2.2853e+05
2.2738e+05
2.2622e+05
2.2505e+05
2.2387e+05
2.2269e+05
2.215e+05
2.2031e+05
2.1911e+05
2.179e+05
2.1669e+05
2.1547e+05
2.1425e+05
2.1302e+05
2.1178e+05
2.1054e+05
2.093e+05
2.0805e+05
2.0679e+05
2.0553e+05
2.0427e+05
2.03e+05
2.0173e+05
2.0045e+05
1.9917e+05
1.9788e+05
1.9659e+05
1.953e+05
1.94e+05
1.927e+05
1.914e+05
1.9009e+05
1.8879e+05
1.8747e+05
1.8616e+05
1.8484e+05
1.8352e+05
1.822e+05
1.8087e+05
1.7954e+05
1.7822e+05
1.7688e+05
1.7555e+05
1.7422e+05
1.7288e+05
1.7154e+05
1.702e+05
1.6886e+05
1.6752e+05
1.6618e+05
1.6483e+05
1.6349e+05
1.6215e+05
1.608e+05
1.5945e+05
1.5811e+05
1.5676e+05
1.5541e+05
1.5407e+05
1.5272e+05
1.5138e+05
1.5003e+05
1.4868e+05
1.4734e+05
1.46e+05
1.4465e+05
1.4331e+05
1.4197e+05
1.4063e+05
1.3929e+05
1.3795e+05
1.3661e+05
1.3528e+05
1.3395e+05
1.3261e+05
1.3128e+05
1.2996e+05
1.2863e+05
1.2731e+05
1.2598e+05
1.2467e+05
1.2335e+05
1.2203e+05
1.2072e+05
1.1941e+05
1.1811e+05
1.168e+05
1.155e+05
1.142e+05
1.1291e+05
1.1162e+05
1.1033e+05
1.0904e+05
1.0776e+05
1.0649e+05
1.0521e+05
1.0394e+05
1.0267e+05
1.0141e+05
1.0015e+05
98897
97646
96399
95157
93919
92685
91456
90231
89011
87795
86584
85378
84177
82981
81790
80604
79423
78247
77077
75912
74752
73597
72449
71305
70168
69036
67909
66789
65674
64565
63462
62365
61274
60189
59110
58038
56971
55911
54857
53810
52769
51734
50706
49684
48668
47660
46658
45662
44673
43691
42716
41747
40785
39830
38882
37941
37006
36079
35158
34245
33338
32439
31546
30661
29783
28911
28047
27190
26341
25498
24663
23834
23013
22199
21393
20594
19801
19017
18239
17469
16706
15950
15202
14461
13727
13000
12281
11569
10865
10167
9477.3
8794.6
8119.1
7451
6790.2
6136.7
5490.4
4851.4
4219.6
3595.1
2977.9
2367.9
1765.1
1169.5
581.18
0
