5.4466e+05
5.4965e+05
5.5448e+05
5.5914e+05
5.6364e+05
5.6796e+05
5.7212e+05
5.7611e+05
5.7993e+05
5.8357e+05
5.8704e+05
5.9033e+05
5.9345e+05
5.9639e+05
5.9916e+05
6.0175e+05
6.0417e+05
6.0641e+05
6.0848e+05
6.1037e+05
6.1209e+05
6.1364e+05
6.1502e+05
6.1623e+05
6.1728e+05
6.1816e+05
6.1887e+05
6.1943e+05
6.1982e+05
6.2006e+05
6.2014e+05
6.2007e+05
6.1984e+05
6.1948e+05
6.1896e+05
6.1831e+05
6.1751e+05
6.1658e+05
6.1552e+05
6.1433e+05
6.1302e+05
6.1158e+05
6.1003e+05
6.0835e+05
6.0657e+05
6.0469e+05
6.0269e+05
6.006e+05
5.9842e+05
5.9614e+05
5.9377e+05
5.9133e+05
5.888e+05
5.862e+05
5.8353e+05
5.8079e+05
5.78e+05
5.7514e+05
5.7224e+05
5.6928e+05
5.6628e+05
5.6324e+05
5.6017e+05
5.5707e+05
5.5394e+05
5.5079e+05
5.4762e+05
5.4444e+05
5.4125e+05
5.3806e+05
5.3487e+05
5.3169e+05
5.2851e+05
5.2535e+05
5.2221e+05
5.1909e+05
5.1599e+05
5.1293e+05
5.099e+05
5.0691e+05
5.0396e+05
5.0105e+05
4.982e+05
4.954e+05
4.9266e+05
4.8998e+05
4.8736e+05
4.8481e+05
4.8233e+05
4.7993e+05
4.776e+05
4.7535e+05
4.7318e+05
4.711e+05
4.6911e+05
4.672e+05
4.6539e+05
4.6368e+05
4.6206e+05
4.6054e+05
4.5912e+05
4.578e+05
4.5659e+05
4.5548e+05
4.5447e+05
4.5358e+05
4.5279e+05
4.5212e+05
4.5155e+05
4.5109e+05
4.5075e+05
4.5051e+05
4.5039e+05
4.5038e+05
4.5048e+05
4.5069e+05
4.5101e+05
4.5144e+05
4.5198e+05
4.5263e+05
4.5339e+05
4.5425e+05
4.5522e+05
4.5629e+05
4.5746e+05
4.5873e+05
4.601e+05
4.6157e+05
4.6313e+05
4.6478e+05
4.6653e+05
4.6836e+05
4.7027e+05
4.7227e+05
4.7435e+05
4.765e+05
4.7873e+05
4.8103e+05
4.8339e+05
4.8582e+05
4.8831e+05
4.9086e+05
4.9347e+05
4.9612e+05
4.9882e+05
5.0156e+05
5.0435e+05
5.0717e+05
5.1002e+05
5.129e+05
5.1581e+05
5.1873e+05
5.2168e+05
5.2463e+05
5.276e+05
5.3057e+05
5.3354e+05
5.365e+05
5.3946e+05
5.4241e+05
5.4535e+05
5.4826e+05
5.5115e+05
5.5401e+05
5.5685e+05
5.5964e+05
5.624e+05
5.6512e+05
5.6778e+05
5.704e+05
5.7297e+05
5.7547e+05
5.7792e+05
5.803e+05
5.8261e+05
5.8485e+05
5.8701e+05
5.8909e+05
5.911e+05
5.9302e+05
5.9485e+05
5.9658e+05
5.9823e+05
5.9978e+05
6.0123e+05
6.0257e+05
6.0381e+05
6.0495e+05
6.0597e+05
6.0688e+05
6.0768e+05
6.0836e+05
6.0893e+05
6.0937e+05
6.097e+05
6.099e+05
6.0997e+05
6.0992e+05
6.0974e+05
6.0943e+05
6.0899e+05
6.0842e+05
6.0772e+05
6.0689e+05
6.0592e+05
6.0482e+05
6.0359e+05
6.0222e+05
6.0072e+05
5.9908e+05
5.9731e+05
5.954e+05
5.9336e+05
5.9119e+05
5.8888e+05
5.8644e+05
5.8386e+05
5.8116e+05
5.7832e+05
5.7536e+05
5.7227e+05
5.6905e+05
5.657e+05
5.6223e+05
5.5864e+05
5.5493e+05
5.5109e+05
5.4714e+05
5.4307e+05
5.3889e+05
5.346e+05
5.302e+05
5.2569e+05
5.2108e+05
5.1637e+05
5.1155e+05
5.0664e+05
5.0164e+05
4.9654e+05
4.9135e+05
4.8608e+05
4.8072e+05
4.7529e+05
4.6978e+05
4.6419e+05
4.5854e+05
4.5282e+05
4.4703e+05
4.4119e+05
4.3528e+05
4.2933e+05
4.2333e+05
4.1728e+05
4.1118e+05
4.0505e+05
3.9889e+05
3.9269e+05
3.8647e+05
3.8022e+05
3.7396e+05
3.6767e+05
3.6138e+05
3.5508e+05
3.4878e+05
3.4247e+05
3.3617e+05
3.2988e+05
3.2361e+05
3.1734e+05
3.111e+05
3.0489e+05
2.987e+05
2.9254e+05
2.8642e+05
2.8034e+05
2.7431e+05
2.6832e+05
2.6239e+05
2.5651e+05
2.507e+05
2.4494e+05
2.3926e+05
2.3365e+05
2.2811e+05
2.2265e+05
2.1728e+05
2.1199e+05
2.0679e+05
2.0169e+05
1.9668e+05
1.9178e+05
1.8697e+05
1.8228e+05
1.777e+05
1.7323e+05
1.6888e+05
1.6465e+05
1.6055e+05
1.5657e+05
1.5272e+05
1.4901e+05
1.4543e+05
1.4198e+05
1.3868e+05
1.3553e+05
1.3252e+05
1.2965e+05
1.2694e+05
1.2438e+05
1.2198e+05
1.1973e+05
1.1765e+05
1.1572e+05
1.1396e+05
1.1236e+05
1.1093e+05
1.0967e+05
1.0858e+05
1.0766e+05
1.0691e+05
1.0633e+05
1.0593e+05
1.0571e+05
1.0566e+05
1.0579e+05
1.061e+05
1.0658e+05
1.0725e+05
1.0809e+05
1.0912e+05
1.1032e+05
1.117e+05
1.1327e+05
1.1501e+05
1.1694e+05
1.1904e+05
1.2133e+05
1.2379e+05
1.2643e+05
1.2925e+05
1.3224e+05
1.3541e+05
1.3875e+05
1.4227e+05
1.4596e+05
1.4983e+05
1.5386e+05
1.5806e+05
1.6242e+05
1.6696e+05
1.7165e+05
1.7651e+05
1.8152e+05
1.867e+05
1.9203e+05
1.9751e+05
2.0314e+05
2.0892e+05
2.1485e+05
2.2092e+05
2.2713e+05
2.3348e+05
2.3997e+05
2.4659e+05
2.5333e+05
2.6021e+05
2.6721e+05
2.7433e+05
2.8156e+05
2.8891e+05
2.9638e+05
3.0395e+05
3.1162e+05
3.1939e+05
3.2726e+05
3.3523e+05
3.4328e+05
3.5142e+05
3.5964e+05
3.6794e+05
3.7632e+05
3.8477e+05
3.9328e+05
4.0186e+05
4.105e+05
4.1919e+05
4.2793e+05
4.3672e+05
4.4555e+05
4.5443e+05
4.6334e+05
4.7228e+05
4.8124e+05
4.9023e+05
4.9924e+05
5.0826e+05
5.173e+05
5.2634e+05
5.3538e+05
5.4443e+05
5.5346e+05
5.6249e+05
5.715e+05
5.805e+05
5.8947e+05
5.9842e+05
6.0734e+05
6.1623e+05
6.2508e+05
6.3388e+05
6.4265e+05
6.5136e+05
6.6003e+05
6.6863e+05
6.7718e+05
6.8566e+05
6.9408e+05
7.0243e+05
7.107e+05
7.189e+05
7.2701e+05
7.3505e+05
7.4299e+05
7.5085e+05
7.5861e+05
7.6628e+05
7.7385e+05
7.8132e+05
7.8868e+05
7.9594e+05
8.0308e+05
8.1012e+05
8.1704e+05
8.2384e+05
8.3052e+05
8.3708e+05
8.4351e+05
8.4982e+05
8.56e+05
8.6205e+05
8.6797e+05
8.7375e+05
8.794e+05
8.8491e+05
8.9028e+05
8.955e+05
9.0059e+05
9.0554e+05
9.1033e+05
9.1499e+05
9.1949e+05
9.2385e+05
9.2806e+05
9.3212e+05
9.3603e+05
9.3978e+05
9.4339e+05
9.4684e+05
9.5013e+05
9.5328e+05
9.5627e+05
9.591e+05
9.6178e+05
9.6431e+05
9.6668e+05
9.689e+05
9.7096e+05
9.7286e+05
9.7461e+05
9.7621e+05
9.7765e+05
9.7894e+05
9.8008e+05
9.8106e+05
9.8189e+05
9.8257e+05
9.831e+05
9.8347e+05
9.837e+05
9.8378e+05
9.8371e+05
9.8349e+05
9.8312e+05
9.8261e+05
9.8196e+05
9.8116e+05
9.8022e+05
9.7914e+05
9.7792e+05
9.7656e+05
9.7506e+05
9.7343e+05
9.7166e+05
9.6976e+05
9.6773e+05
9.6556e+05
9.6327e+05
9.6084e+05
9.5829e+05
9.5562e+05
9.5282e+05
9.4991e+05
9.4687e+05
9.4371e+05
9.4043e+05
9.3705e+05
9.3354e+05
9.2993e+05
9.262e+05
9.2237e+05
9.1843e+05
9.1438e+05
9.1023e+05
9.0598e+05
9.0164e+05
8.9719e+05
8.9265e+05
8.8801e+05
8.8328e+05
8.7846e+05
8.7355e+05
8.6856e+05
8.6348e+05
8.5832e+05
8.5308e+05
8.4776e+05
8.4236e+05
8.3689e+05
8.3134e+05
8.2572e+05
8.2004e+05
8.1428e+05
8.0847e+05
8.0259e+05
7.9664e+05
7.9064e+05
7.8458e+05
7.7847e+05
7.723e+05
7.6608e+05
7.5981e+05
7.535e+05
7.4714e+05
7.4073e+05
7.3429e+05
7.278e+05
7.2128e+05
7.1472e+05
7.0813e+05
7.0151e+05
6.9486e+05
6.8818e+05
6.8147e+05
6.7474e+05
6.6799e+05
6.6122e+05
6.5443e+05
6.4762e+05
6.408e+05
6.3397e+05
6.2713e+05
6.2028e+05
6.1342e+05
6.0656e+05
5.997e+05
5.9283e+05
5.8596e+05
5.791e+05
5.7224e+05
5.6538e+05
5.5854e+05
5.517e+05
5.4487e+05
5.3805e+05
5.3125e+05
5.2447e+05
5.177e+05
5.1095e+05
5.0422e+05
4.9751e+05
4.9083e+05
4.8416e+05
4.7753e+05
4.7092e+05
4.6434e+05
4.5779e+05
4.5128e+05
4.4479e+05
4.3834e+05
4.3193e+05
4.2555e+05
4.192e+05
4.129e+05
4.0663e+05
4.0041e+05
3.9423e+05
3.8809e+05
3.8199e+05
3.7594e+05
3.6993e+05
3.6397e+05
3.5805e+05
3.5219e+05
3.4637e+05
3.406e+05
3.3488e+05
3.2921e+05
3.2359e+05
3.1802e+05
3.1251e+05
3.0704e+05
3.0163e+05
2.9628e+05
2.9098e+05
2.8573e+05
2.8053e+05
2.7539e+05
2.7031e+05
2.6528e+05
2.6031e+05
2.5539e+05
2.5053e+05
2.4572e+05
2.4097e+05
2.3628e+05
2.3164e+05
2.2706e+05
2.2254e+05
2.1807e+05
2.1366e+05
2.093e+05
2.05e+05
2.0076e+05
1.9657e+05
1.9244e+05
1.8836e+05
1.8434e+05
1.8038e+05
1.7646e+05
1.7261e+05
1.688e+05
1.6506e+05
1.6136e+05
1.5772e+05
1.5413e+05
1.506e+05
1.4712e+05
1.4369e+05
1.4031e+05
1.3699e+05
1.3371e+05
1.3049e+05
1.2732e+05
1.2419e+05
1.2112e+05
1.181e+05
1.1513e+05
1.122e+05
1.0932e+05
1.0649e+05
1.0371e+05
1.0098e+05
98290
95649
93054
90504
87999
85539
83123
80751
78423
76138
73896
71696
69538
67421
65346
63311
61317
59363
57448
55573
53737
51939
50179
48457
46772
45125
43513
41938
40399
38896
37427
35993
34594
33228
31897
30598
29332
28098
26897
25727
24589
23481
22404
21357
20339
19351
18392
17461
16558
15683
14835
14014
13219
12449
11706
10987
10293
9622.6
8976
8352.7
7752
7173.5
6616.8
6081.3
5566.6
5072.2
4597.5
4142.2
3705.7
3287.4
2887
2503.8
2137.5
1787.4
1453
1134
829.65
539.55
263.18
0
