23034
26380
29948
33734
37731
41935
46338
50934
55715
60674
65802
71090
76530
82113
87828
93666
99617
1.0567e+05
1.1182e+05
1.1804e+05
1.2434e+05
1.3069e+05
1.371e+05
1.4354e+05
1.5e+05
1.5648e+05
1.6296e+05
1.6944e+05
1.7589e+05
1.8232e+05
1.887e+05
1.9503e+05
2.013e+05
2.0749e+05
2.136e+05
2.1962e+05
2.2554e+05
2.3134e+05
2.3702e+05
2.4257e+05
2.4798e+05
2.5325e+05
2.5836e+05
2.633e+05
2.6808e+05
2.7268e+05
2.771e+05
2.8134e+05
2.8538e+05
2.8922e+05
2.9286e+05
2.9629e+05
2.9951e+05
3.0253e+05
3.0532e+05
3.079e+05
3.1026e+05
3.124e+05
3.1432e+05
3.1602e+05
3.175e+05
3.1876e+05
3.198e+05
3.2062e+05
3.2123e+05
3.2163e+05
3.2181e+05
3.2179e+05
3.2157e+05
3.2114e+05
3.2052e+05
3.1972e+05
3.1872e+05
3.1755e+05
3.1621e+05
3.1469e+05
3.1301e+05
3.1118e+05
3.092e+05
3.0708e+05
3.0482e+05
3.0243e+05
2.9993e+05
2.9731e+05
2.9459e+05
2.9177e+05
2.8886e+05
2.8587e+05
2.828e+05
2.7967e+05
2.7648e+05
2.7325e+05
2.6997e+05
2.6666e+05
2.6332e+05
2.5997e+05
2.5661e+05
2.5325e+05
2.4989e+05
2.4654e+05
2.4322e+05
2.3992e+05
2.3666e+05
2.3344e+05
2.3027e+05
2.2716e+05
2.241e+05
2.2112e+05
2.182e+05
2.1537e+05
2.1261e+05
2.0995e+05
2.0738e+05
2.0491e+05
2.0254e+05
2.0027e+05
1.9812e+05
1.9608e+05
1.9415e+05
1.9235e+05
1.9066e+05
1.891e+05
1.8766e+05
1.8635e+05
1.8516e+05
1.841e+05
1.8318e+05
1.8238e+05
1.8171e+05
1.8117e+05
1.8076e+05
1.8047e+05
1.8031e+05
1.8028e+05
1.8036e+05
1.8057e+05
1.809e+05
1.8134e+05
1.8189e+05
1.8256e+05
1.8333e+05
1.8421e+05
1.8518e+05
1.8625e+05
1.8741e+05
1.8866e+05
1.8999e+05
1.914e+05
1.9288e+05
1.9444e+05
1.9605e+05
1.9772e+05
1.9945e+05
2.0123e+05
2.0305e+05
2.049e+05
2.0679e+05
2.087e+05
2.1064e+05
2.1259e+05
2.1455e+05
2.1651e+05
2.1847e+05
2.2043e+05
2.2237e+05
2.243e+05
2.262e+05
2.2808e+05
2.2992e+05
2.3172e+05
2.3348e+05
2.352e+05
2.3686e+05
2.3846e+05
2.4e+05
2.4148e+05
2.4289e+05
2.4422e+05
2.4548e+05
2.4665e+05
2.4774e+05
2.4875e+05
2.4966e+05
2.5049e+05
2.5121e+05
2.5184e+05
2.5237e+05
2.528e+05
2.5313e+05
2.5335e+05
2.5347e+05
2.5348e+05
2.5338e+05
2.5318e+05
2.5287e+05
2.5245e+05
2.5193e+05
2.5129e+05
2.5055e+05
2.4971e+05
2.4876e+05
2.477e+05
2.4655e+05
2.4529e+05
2.4393e+05
2.4248e+05
2.4093e+05
2.3929e+05
2.3756e+05
2.3574e+05
2.3383e+05
2.3184e+05
2.2978e+05
2.2763e+05
2.2541e+05
2.2312e+05
2.2076e+05
2.1833e+05
2.1585e+05
2.133e+05
2.107e+05
2.0805e+05
2.0535e+05
2.0261e+05
1.9982e+05
1.9699e+05
1.9413e+05
1.9124e+05
1.8832e+05
1.8537e+05
1.824e+05
1.7941e+05
1.764e+05
1.7338e+05
1.7035e+05
1.6731e+05
1.6426e+05
1.6122e+05
1.5817e+05
1.5512e+05
1.5208e+05
1.4904e+05
1.4601e+05
1.43e+05
1.3999e+05
1.37e+05
1.3402e+05
1.3106e+05
1.2812e+05
1.252e+05
1.2229e+05
1.1941e+05
1.1655e+05
1.1372e+05
1.1091e+05
1.0812e+05
1.0536e+05
1.0263e+05
99923
97243
94591
91966
89369
86800
84260
81748
79264
76809
74383
71986
69618
67279
64969
62689
60437
58216
56024
53862
51730
49629
47559
45521
43514
41540
39599
37692
35819
33981
32179
30414
28687
26998
25349
23741
22175
20652
19173
17740
16353
15015
13725
12486
11299
10165
9085.2
8060.8
7093.1
6183.3
5332.4
4541.4
3811.5
3143.4
2538.1
1996.2
1518.4
1105.3
757.26
474.64
257.61
106.24
20.445
0
44.531
153.51
326.25
561.91
859.46
1217.7
1635.3
2110.8
2642.4
3228.2
3866.3
4554.4
5290.2
6071
6894.3
7757.1
8656.5
9589.3
10552
11542
12555
13587
14635
15696
16764
17837
18909
19978
21039
22088
23121
24134
25123
26083
27012
27905
28759
29570
30334
31049
31711
32317
32866
33353
33778
34137
34430
34655
34811
34897
34912
34857
34732
34537
34273
33942
33545
33085
32564
31984
31349
30664
29931
29156
28343
27498
26627
25736
24830
23918
23006
22102
21214
20351
19520
18731
17993
17315
16707
16179
15740
15403
15175
15069
15095
15264
15585
16071
16732
17578
18620
19869
21336
23030
24962
27141
29577
32279
35258
38520
42075
45930
50093
54572
59372
64499
69960
75760
81902
88391
95229
1.0242e+05
1.0997e+05
1.1787e+05
1.2613e+05
1.3474e+05
1.4371e+05
1.5303e+05
1.6271e+05
1.7273e+05
1.831e+05
1.9381e+05
2.0486e+05
2.1623e+05
2.2793e+05
2.3995e+05
2.5227e+05
2.6489e+05
2.778e+05
2.9099e+05
3.0445e+05
3.1816e+05
3.3212e+05
3.4631e+05
3.6072e+05
3.7533e+05
3.9013e+05
4.0511e+05
4.2024e+05
4.3552e+05
4.5092e+05
4.6643e+05
4.8203e+05
4.9771e+05
5.1344e+05
5.292e+05
5.4499e+05
5.6077e+05
5.7653e+05
5.9225e+05
6.0791e+05
6.2349e+05
6.3897e+05
6.5433e+05
6.6955e+05
6.8461e+05
6.995e+05
7.1418e+05
7.2866e+05
7.4289e+05
7.5687e+05
7.7058e+05
7.8399e+05
7.971e+05
8.0988e+05
8.2231e+05
8.3439e+05
8.4608e+05
8.5739e+05
8.6829e+05
8.7877e+05
8.8881e+05
8.9841e+05
9.0754e+05
9.162e+05
9.2438e+05
9.3207e+05
9.3925e+05
9.4591e+05
9.5206e+05
9.5768e+05
9.6276e+05
9.673e+05
9.713e+05
9.7475e+05
9.7765e+05
9.7999e+05
9.8177e+05
9.83e+05
9.8366e+05
9.8378e+05
9.8333e+05
9.8234e+05
9.8079e+05
9.787e+05
9.7607e+05
9.7291e+05
9.6922e+05
9.65e+05
9.6028e+05
9.5505e+05
9.4932e+05
9.4311e+05
9.3642e+05
9.2927e+05
9.2166e+05
9.1362e+05
9.0515e+05
8.9626e+05
8.8698e+05
8.7731e+05
8.6726e+05
8.5686e+05
8.4612e+05
8.3506e+05
8.2368e+05
8.1201e+05
8.0006e+05
7.8785e+05
7.754e+05
7.6272e+05
7.4983e+05
7.3675e+05
7.2349e+05
7.1007e+05
6.9651e+05
6.8283e+05
6.6903e+05
6.5515e+05
6.4119e+05
6.2717e+05
6.1311e+05
5.9902e+05
5.8492e+05
5.7083e+05
5.5675e+05
5.4271e+05
5.2872e+05
5.1479e+05
5.0094e+05
4.8718e+05
4.7353e+05
4.5999e+05
4.4657e+05
4.333e+05
4.2017e+05
4.0721e+05
3.9442e+05
3.8181e+05
3.6939e+05
3.5716e+05
3.4515e+05
3.3335e+05
3.2176e+05
3.1041e+05
2.9929e+05
2.8841e+05
2.7777e+05
2.6739e+05
2.5725e+05
2.4737e+05
2.3775e+05
2.2839e+05
2.193e+05
2.1046e+05
2.019e+05
1.936e+05
1.8557e+05
1.778e+05
1.703e+05
1.6306e+05
1.5608e+05
1.4937e+05
1.4291e+05
1.3671e+05
1.3076e+05
1.2506e+05
1.1961e+05
1.1439e+05
1.0942e+05
1.0468e+05
1.0017e+05
95877
91806
87949
84299
80852
77601
74541
71666
68970
66446
64089
61891
59848
57953
56199
54581
53091
51725
50475
49336
48302
47367
46525
45770
45097
44500
43974
43514
43114
42770
42476
42229
42024
41856
41722
41617
41537
41479
41439
41415
41402
41399
41401
41408
41415
41421
41424
41422
41413
41396
41368
41328
41277
41211
41131
41035
40924
40796
40650
40488
40308
40110
39894
39661
39411
39143
38858
38557
38240
37907
37559
37197
36820
36431
36029
35616
35191
34756
34312
33859
33399
32931
32458
31979
31495
31008
30518
30025
29532
29037
28542
28048
27556
27065
26577
26092
25611
25133
24661
24194
23732
23276
22827
22384
21948
21519
21097
20683
20277
19879
19488
19106
18731
18365
18007
17656
17314
16979
16652
16333
16021
15716
15419
15128
14844
14567
14295
14030
13770
13516
13266
13022
12782
12546
12315
12086
11862
11640
