74437
78242
82266
86506
90957
95616
1.0048e+05
1.0553e+05
1.1077e+05
1.1619e+05
1.2178e+05
1.2752e+05
1.3342e+05
1.3945e+05
1.4561e+05
1.5188e+05
1.5824e+05
1.647e+05
1.7122e+05
1.7781e+05
1.8443e+05
1.9108e+05
1.9775e+05
2.0441e+05
2.1105e+05
2.1765e+05
2.242e+05
2.3069e+05
2.3709e+05
2.4339e+05
2.4958e+05
2.5564e+05
2.6156e+05
2.6732e+05
2.729e+05
2.783e+05
2.835e+05
2.8848e+05
2.9325e+05
2.9777e+05
3.0205e+05
3.0607e+05
3.0983e+05
3.1331e+05
3.1651e+05
3.1942e+05
3.2203e+05
3.2434e+05
3.2634e+05
3.2803e+05
3.294e+05
3.3046e+05
3.312e+05
3.3161e+05
3.3171e+05
3.3149e+05
3.3095e+05
3.301e+05
3.2894e+05
3.2746e+05
3.2569e+05
3.2361e+05
3.2124e+05
3.1859e+05
3.1565e+05
3.1244e+05
3.0897e+05
3.0525e+05
3.0128e+05
2.9707e+05
2.9264e+05
2.8799e+05
2.8313e+05
2.7808e+05
2.7285e+05
2.6745e+05
2.6189e+05
2.5617e+05
2.5033e+05
2.4436e+05
2.3827e+05
2.3209e+05
2.2582e+05
2.1948e+05
2.1307e+05
2.0661e+05
2.0011e+05
1.9359e+05
1.8705e+05
1.8051e+05
1.7398e+05
1.6746e+05
1.6098e+05
1.5454e+05
1.4815e+05
1.4182e+05
1.3557e+05
1.294e+05
1.2332e+05
1.1734e+05
1.1147e+05
1.0572e+05
1.001e+05
94611
89268
84075
79039
74168
69467
64943
60602
56448
52488
48725
45164
41808
38662
35729
33012
30513
28234
26178
24345
22737
21354
20198
19267
18562
18082
17825
17791
17977
18381
19001
19833
20875
22122
23571
25217
27055
29081
31289
33674
36229
38947
41824
44851
48021
51328
54763
58318
61987
65759
69628
73585
77620
81725
85892
90112
94375
98673
1.03e+05
1.0734e+05
1.1169e+05
1.1604e+05
1.2038e+05
1.247e+05
1.29e+05
1.3326e+05
1.3748e+05
1.4165e+05
1.4577e+05
1.4982e+05
1.538e+05
1.577e+05
1.6151e+05
1.6524e+05
1.6887e+05
1.724e+05
1.7582e+05
1.7913e+05
1.8232e+05
1.8539e+05
1.8834e+05
1.9116e+05
1.9385e+05
1.9641e+05
1.9883e+05
2.0111e+05
2.0326e+05
2.0526e+05
2.0713e+05
2.0885e+05
2.1043e+05
2.1186e+05
2.1316e+05
2.1431e+05
2.1532e+05
2.1619e+05
2.1692e+05
2.1751e+05
2.1796e+05
2.1828e+05
2.1847e+05
2.1852e+05
2.1844e+05
2.1824e+05
2.1791e+05
2.1745e+05
2.1688e+05
2.1618e+05
2.1537e+05
2.1444e+05
2.1341e+05
2.1226e+05
2.11e+05
2.0964e+05
2.0817e+05
2.066e+05
2.0494e+05
2.0318e+05
2.0132e+05
1.9937e+05
1.9733e+05
1.952e+05
1.9299e+05
1.9069e+05
1.8832e+05
1.8586e+05
1.8332e+05
1.8071e+05
1.7803e+05
1.7527e+05
1.7245e+05
1.6956e+05
1.666e+05
1.6359e+05
1.6052e+05
1.5739e+05
1.5421e+05
1.5098e+05
1.477e+05
1.4438e+05
1.4102e+05
1.3762e+05
1.342e+05
1.3074e+05
1.2726e+05
1.2376e+05
1.2024e+05
1.1671e+05
1.1317e+05
1.0963e+05
1.061e+05
1.0257e+05
99054
95554
92078
88628
85211
81832
78496
75208
71972
68794
65678
62630
59652
56751
53929
51191
48541
45980
43513
41143
38870
36699
34629
32662
30800
29043
27390
25842
24398
23056
21815
20674
19629
18679
17820
17048
16361
15754
15222
14762
14368
14035
13759
13534
13354
13215
13110
13034
12982
12948
12927
12913
12903
12890
12870
12840
12794
12730
12644
12533
12395
12228
12029
11798
11533
11235
10904
10539
10143
9717
9262.3
8781.6
8277.7
7753.7
7213.3
6660.1
6098.5
5532.9
4967.9
4408.6
3859.9
3327
2815.4
2330.2
1876.8
1460.6
1086.6
760.07
485.77
268.38
112.3
21.592
0
50.86
177.09
381.14
664.98
1030.1
1477.3
2007
2619
3312.4
4085.7
4937
5863.6
6862.3
7929.1
9059.6
10249
11491
12781
14111
15475
16865
18273
19691
21111
22525
23923
25296
26637
27935
29182
30370
31490
32534
33494
34363
35134
35801
36359
36801
37125
37327
37404
37355
37180
36878
36451
35902
35234
34453
33563
32573
31490
30324
29085
27786
26438
25056
23656
22252
20862
19503
18195
16958
15810
14774
13871
13123
12552
12182
12034
12134
12502
13163
14140
15454
17129
19186
21647
24531
27858
31647
35916
40681
45958
51761
58103
64995
72446
80465
89059
98232
1.0799e+05
1.1833e+05
1.2925e+05
1.4075e+05
1.5283e+05
1.6548e+05
1.7869e+05
1.9245e+05
2.0676e+05
2.2158e+05
2.3692e+05
2.5275e+05
2.6905e+05
2.858e+05
3.0298e+05
3.2057e+05
3.3853e+05
3.5684e+05
3.7547e+05
3.9439e+05
4.1357e+05
4.3297e+05
4.5256e+05
4.7231e+05
4.9217e+05
5.1212e+05
5.3211e+05
5.521e+05
5.7207e+05
5.9196e+05
6.1174e+05
6.3137e+05
6.5081e+05
6.7003e+05
6.8898e+05
7.0762e+05
7.2592e+05
7.4384e+05
7.6135e+05
7.784e+05
7.9497e+05
8.1101e+05
8.2651e+05
8.4142e+05
8.5571e+05
8.6937e+05
8.8235e+05
8.9465e+05
9.0622e+05
9.1705e+05
9.2713e+05
9.3642e+05
9.4492e+05
9.526e+05
9.5946e+05
9.6549e+05
9.7067e+05
9.75e+05
9.7848e+05
9.8109e+05
9.8285e+05
9.8374e+05
9.8378e+05
9.8296e+05
9.8129e+05
9.7879e+05
9.7545e+05
9.713e+05
9.6634e+05
9.6059e+05
9.5407e+05
9.4679e+05
9.3877e+05
9.3004e+05
9.2062e+05
9.1052e+05
8.9978e+05
8.8842e+05
8.7646e+05
8.6393e+05
8.5087e+05
8.3729e+05
8.2323e+05
8.0872e+05
7.9379e+05
7.7846e+05
7.6278e+05
7.4677e+05
7.3046e+05
7.1389e+05
6.9708e+05
6.8007e+05
6.6289e+05
6.4557e+05
6.2813e+05
6.1062e+05
5.9305e+05
5.7546e+05
5.5788e+05
5.4033e+05
5.2284e+05
5.0544e+05
4.8815e+05
4.7101e+05
4.5402e+05
4.3721e+05
4.2062e+05
4.0425e+05
3.8812e+05
3.7226e+05
3.5669e+05
3.4141e+05
3.2645e+05
3.1182e+05
2.9753e+05
2.836e+05
2.7004e+05
2.5685e+05
2.4404e+05
2.3163e+05
2.1962e+05
2.0801e+05
1.9682e+05
1.8603e+05
1.7566e+05
1.6571e+05
1.5617e+05
1.4705e+05
1.3834e+05
1.3004e+05
1.2215e+05
1.1467e+05
1.0759e+05
1.009e+05
94595
88671
83120
77932
73099
68611
64457
60628
57112
53899
50976
48332
45954
43831
41950
40298
38862
37630
36589
35727
35031
34488
34086
33813
33657
33606
33648
33774
33970
34228
34537
34887
35269
35674
36093
36518
36942
37358
37758
38137
38489
38809
39091
39333
39529
39677
39774
39818
39806
39738
39612
39428
39186
38886
38529
38115
37646
37124
36550
35928
35258
34545
33791
32998
32172
31314
30429
29520
28591
27645
26688
25721
24750
23778
22808
21845
20892
19952
19029
18126
17245
16391
15565
14770
14009
13283
12594
11944
11335
10767
10242
9759.9
9321.6
8927.3
8577.1
8270.8
8008.1
7788.2
7610.4
7473.7
7376.8
7318.5
7297.1
7311.1
7358.4
7437.3
7545.5
7681
7841.4
8024.3
8227.4
8448.2
8684.1
8932.8
9191.5
9457.8
9729.2
10003
10277
10549
10817
11078
11330
11571
11799
12013
12210
12390
12550
12690
12807
12903
12974
13022
13045
13042
13014
12961
12882
12778
12649
12496
12318
12118
11895
11650
11386
11101
10799
10480
10145
9796.1
9434.3
9061.2
8678.2
8286.9
7888.7
7485.1
7077.7
6667.9
6257.1
5846.7
5438.2
5032.8
4631.8
4236.4
3847.7
3466.8
3094.6
