90041
93061
96160
99335
1.0258e+05
1.059e+05
1.0928e+05
1.1272e+05
1.1622e+05
1.1977e+05
1.2337e+05
1.2701e+05
1.3069e+05
1.3441e+05
1.3815e+05
1.4193e+05
1.4572e+05
1.4953e+05
1.5336e+05
1.5719e+05
1.6102e+05
1.6486e+05
1.6869e+05
1.7251e+05
1.7631e+05
1.801e+05
1.8387e+05
1.8761e+05
1.9132e+05
1.9499e+05
1.9863e+05
2.0223e+05
2.0578e+05
2.0928e+05
2.1273e+05
2.1612e+05
2.1946e+05
2.2274e+05
2.2595e+05
2.2909e+05
2.3217e+05
2.3518e+05
2.3811e+05
2.4097e+05
2.4375e+05
2.4645e+05
2.4907e+05
2.5161e+05
2.5407e+05
2.5644e+05
2.5873e+05
2.6094e+05
2.6306e+05
2.6509e+05
2.6704e+05
2.6891e+05
2.7069e+05
2.7238e+05
2.7399e+05
2.7551e+05
2.7696e+05
2.7832e+05
2.796e+05
2.808e+05
2.8192e+05
2.8296e+05
2.8393e+05
2.8482e+05
2.8564e+05
2.8639e+05
2.8708e+05
2.8769e+05
2.8824e+05
2.8873e+05
2.8916e+05
2.8953e+05
2.8985e+05
2.9011e+05
2.9032e+05
2.9048e+05
2.906e+05
2.9067e+05
2.907e+05
2.907e+05
2.9065e+05
2.9057e+05
2.9046e+05
2.9032e+05
2.9015e+05
2.8996e+05
2.8975e+05
2.8951e+05
2.8926e+05
2.8899e+05
2.887e+05
2.884e+05
2.8809e+05
2.8778e+05
2.8745e+05
2.8713e+05
2.8679e+05
2.8646e+05
2.8612e+05
2.8579e+05
2.8545e+05
2.8512e+05
2.848e+05
2.8447e+05
2.8416e+05
2.8385e+05
2.8355e+05
2.8325e+05
2.8296e+05
2.8269e+05
2.8242e+05
2.8216e+05
2.8191e+05
2.8167e+05
2.8144e+05
2.8122e+05
2.8101e+05
2.8081e+05
2.8061e+05
2.8043e+05
2.8025e+05
2.8008e+05
2.7992e+05
2.7977e+05
2.7962e+05
2.7947e+05
2.7934e+05
2.792e+05
2.7907e+05
2.7894e+05
2.7881e+05
2.7868e+05
2.7855e+05
2.7842e+05
2.7828e+05
2.7815e+05
2.7801e+05
2.7786e+05
2.7771e+05
2.7755e+05
2.7738e+05
2.772e+05
2.7701e+05
2.7681e+05
2.766e+05
2.7637e+05
2.7613e+05
2.7588e+05
2.7561e+05
2.7532e+05
2.7502e+05
2.747e+05
2.7435e+05
2.7399e+05
2.7361e+05
2.7321e+05
2.7278e+05
2.7234e+05
2.7186e+05
2.7137e+05
2.7085e+05
2.7031e+05
2.6974e+05
2.6914e+05
2.6852e+05
2.6787e+05
2.672e+05
2.665e+05
2.6577e+05
2.6501e+05
2.6422e+05
2.6341e+05
2.6257e+05
2.6169e+05
2.6079e+05
2.5986e+05
2.589e+05
2.5791e+05
2.5689e+05
2.5584e+05
2.5476e+05
2.5364e+05
2.525e+05
2.5133e+05
2.5013e+05
2.489e+05
2.4763e+05
2.4634e+05
2.4501e+05
2.4366e+05
2.4227e+05
2.4085e+05
2.394e+05
2.3792e+05
2.3641e+05
2.3487e+05
2.3329e+05
2.3169e+05
2.3005e+05
2.2838e+05
2.2669e+05
2.2496e+05
2.232e+05
2.214e+05
2.1958e+05
2.1773e+05
2.1584e+05
2.1393e+05
2.1198e+05
2.1001e+05
2.08e+05
2.0596e+05
2.0389e+05
2.018e+05
1.9967e+05
1.9751e+05
1.9533e+05
1.9312e+05
1.9088e+05
1.8861e+05
1.8631e+05
1.8399e+05
1.8164e+05
1.7926e+05
1.7686e+05
1.7444e+05
1.7199e+05
1.6952e+05
1.6703e+05
1.6451e+05
1.6198e+05
1.5943e+05
1.5686e+05
1.5427e+05
1.5167e+05
1.4905e+05
1.4642e+05
1.4378e+05
1.4113e+05
1.3847e+05
1.358e+05
1.3313e+05
1.3045e+05
1.2777e+05
1.2509e+05
1.2241e+05
1.1974e+05
1.1707e+05
1.1441e+05
1.1175e+05
1.0911e+05
1.0648e+05
1.0387e+05
1.0127e+05
98694
96138
93606
91099
88621
86172
83756
81374
79029
76723
74457
72234
70056
67924
65841
63809
61830
59904
58034
56222
54468
52775
51144
49576
48071
46632
45259
43953
42714
41544
40442
39410
38446
37552
36727
35970
35282
34663
34110
33625
33205
32849
32557
32327
32158
32047
31993
31995
32050
32155
32309
32510
32754
33039
33362
33720
34111
34531
34978
35447
35937
36442
36961
37490
38024
38562
39099
39631
40156
40670
41170
41652
42112
42548
42956
43333
43677
43983
44250
44474
44654
44786
44868
44899
44876
44797
44661
44467
44212
43897
43521
43082
42582
42019
41394
40707
39959
39151
38285
37361
36382
35350
34266
33134
31956
30736
29477
28183
26858
25505
24130
22737
21331
19918
18503
17091
15689
14303
12940
11605
10306
9049.3
7842.4
6692.6
5607.1
4593.6
3659.8
2813.2
2061.9
1413.8
876.69
458.73
167.94
12.346
0
138.91
437.06
902.37
1542.7
2365.7
3379.1
4590.4
6007
7636
9484.5
11559
13867
16414
19207
22251
25551
29115
32945
37048
41426
46085
51028
56259
61779
67592
73700
80104
86805
93805
1.011e+05
1.087e+05
1.166e+05
1.2479e+05
1.3328e+05
1.4206e+05
1.5113e+05
1.6049e+05
1.7013e+05
1.8006e+05
1.9026e+05
2.0074e+05
2.1148e+05
2.2248e+05
2.3374e+05
2.4524e+05
2.5698e+05
2.6896e+05
2.8117e+05
2.9358e+05
3.0621e+05
3.1904e+05
3.3205e+05
3.4524e+05
3.586e+05
3.7212e+05
3.8579e+05
3.9958e+05
4.1351e+05
4.2754e+05
4.4167e+05
4.5588e+05
4.7017e+05
4.8452e+05
4.9891e+05
5.1334e+05
5.2778e+05
5.4223e+05
5.5667e+05
5.7109e+05
5.8547e+05
5.9979e+05
6.1405e+05
6.2823e+05
6.4231e+05
6.5629e+05
6.7014e+05
6.8385e+05
6.9741e+05
7.108e+05
7.2401e+05
7.3702e+05
7.4983e+05
7.6241e+05
7.7476e+05
7.8686e+05
7.987e+05
8.1027e+05
8.2155e+05
8.3253e+05
8.4321e+05
8.5356e+05
8.6358e+05
8.7326e+05
8.8258e+05
8.9154e+05
9.0013e+05
9.0834e+05
9.1617e+05
9.2359e+05
9.3061e+05
9.3722e+05
9.4341e+05
9.4917e+05
9.5451e+05
9.5941e+05
9.6387e+05
9.6789e+05
9.7146e+05
9.7458e+05
9.7725e+05
9.7947e+05
9.8123e+05
9.8253e+05
9.8338e+05
9.8378e+05
9.8371e+05
9.832e+05
9.8223e+05
9.8082e+05
9.7896e+05
9.7665e+05
9.7391e+05
9.7073e+05
9.6713e+05
9.631e+05
9.5865e+05
9.5379e+05
9.4853e+05
9.4287e+05
9.3682e+05
9.3039e+05
9.2359e+05
9.1642e+05
9.089e+05
9.0103e+05
8.9283e+05
8.843e+05
8.7546e+05
8.6631e+05
8.5687e+05
8.4715e+05
8.3717e+05
8.2692e+05
8.1642e+05
8.057e+05
7.9475e+05
7.8358e+05
7.7223e+05
7.6069e+05
7.4897e+05
7.371e+05
7.2508e+05
7.1292e+05
7.0065e+05
6.8826e+05
6.7578e+05
6.6322e+05
6.5058e+05
6.3789e+05
6.2515e+05
6.1237e+05
5.9958e+05
5.8677e+05
5.7397e+05
5.6118e+05
5.4841e+05
5.3568e+05
5.23e+05
5.1037e+05
4.9781e+05
4.8533e+05
4.7293e+05
4.6064e+05
4.4845e+05
4.3637e+05
4.2442e+05
4.126e+05
4.0092e+05
3.8939e+05
3.7802e+05
3.6681e+05
3.5577e+05
3.449e+05
3.3421e+05
3.2372e+05
3.1341e+05
3.033e+05
2.934e+05
2.837e+05
2.7421e+05
2.6493e+05
2.5587e+05
2.4703e+05
2.3841e+05
2.3002e+05
2.2185e+05
2.1391e+05
2.0619e+05
1.987e+05
1.9145e+05
1.8442e+05
1.7762e+05
1.7105e+05
1.647e+05
1.5859e+05
1.5269e+05
1.4702e+05
1.4158e+05
1.3635e+05
1.3134e+05
1.2654e+05
1.2195e+05
1.1757e+05
1.134e+05
1.0943e+05
1.0566e+05
1.0208e+05
98689
95486
92464
89620
86949
84446
82106
79926
77899
76021
74287
72692
71231
69899
68690
67600
66623
65755
64990
64323
63750
63264
62862
62539
62289
62108
61991
61934
61932
61981
62077
62214
62391
62601
62842
63110
63401
63711
64038
64378
64727
65084
65445
65807
66167
66524
66875
67218
67551
67871
68178
68469
68742
68997
69232
69446
69637
69806
69950
70070
70164
70233
70275
70290
70279
70240
70175
70082
69962
69816
69642
69443
69218
68967
68691
68391
68066
67719
67349
66957
66543
66110
65656
65184
64694
64187
63664
63125
62572
62006
61426
60835
60233
59621
58999
58370
57733
57089
56440
55785
55127
54465
53800
53134
52466
51798
51130
50463
49797
49134
48472
47814
47160
46509
45863
45222
44586
43956
43332
42715
42104
41500
40903
40313
39731
39157
38590
38032
37482
36939
36406
35880
