6.0873e+05
6.1338e+05
6.1805e+05
6.2275e+05
6.2747e+05
6.3224e+05
6.3704e+05
6.4189e+05
6.468e+05
6.5176e+05
6.5677e+05
6.6186e+05
6.67e+05
6.7221e+05
6.775e+05
6.8285e+05
6.8827e+05
6.9375e+05
6.9931e+05
7.0494e+05
7.1062e+05
7.1638e+05
7.2219e+05
7.2806e+05
7.3398e+05
7.3995e+05
7.4597e+05
7.5203e+05
7.5812e+05
7.6424e+05
7.7039e+05
7.7656e+05
7.8274e+05
7.8893e+05
7.9512e+05
8.013e+05
8.0747e+05
8.1362e+05
8.1974e+05
8.2584e+05
8.3189e+05
8.379e+05
8.4385e+05
8.4975e+05
8.5558e+05
8.6134e+05
8.6702e+05
8.7261e+05
8.7812e+05
8.8353e+05
8.8883e+05
8.9403e+05
8.9912e+05
9.0409e+05
9.0894e+05
9.1366e+05
9.1825e+05
9.227e+05
9.2702e+05
9.3119e+05
9.3521e+05
9.3909e+05
9.4282e+05
9.4639e+05
9.498e+05
9.5306e+05
9.5616e+05
9.5909e+05
9.6186e+05
9.6447e+05
9.6691e+05
9.6919e+05
9.713e+05
9.7324e+05
9.7502e+05
9.7663e+05
9.7808e+05
9.7936e+05
9.8047e+05
9.8143e+05
9.8222e+05
9.8285e+05
9.8331e+05
9.8362e+05
9.8378e+05
9.8377e+05
9.8362e+05
9.8331e+05
9.8285e+05
9.8224e+05
9.8149e+05
9.8059e+05
9.7955e+05
9.7837e+05
9.7705e+05
9.756e+05
9.7401e+05
9.723e+05
9.7045e+05
9.6848e+05
9.6638e+05
9.6417e+05
9.6183e+05
9.5938e+05
9.5681e+05
9.5413e+05
9.5134e+05
9.4845e+05
9.4545e+05
9.4234e+05
9.3914e+05
9.3584e+05
9.3244e+05
9.2896e+05
9.2538e+05
9.2171e+05
9.1795e+05
9.1411e+05
9.1019e+05
9.0619e+05
9.0212e+05
8.9796e+05
8.9374e+05
8.8944e+05
8.8508e+05
8.8065e+05
8.7616e+05
8.716e+05
8.6699e+05
8.6232e+05
8.5759e+05
8.5281e+05
8.4798e+05
8.431e+05
8.3818e+05
8.3321e+05
8.2819e+05
8.2314e+05
8.1805e+05
8.1293e+05
8.0777e+05
8.0258e+05
7.9736e+05
7.9212e+05
7.8685e+05
7.8155e+05
7.7624e+05
7.7091e+05
7.6556e+05
7.602e+05
7.5483e+05
7.4944e+05
7.4405e+05
7.3865e+05
7.3325e+05
7.2785e+05
7.2245e+05
7.1705e+05
7.1166e+05
7.0627e+05
7.009e+05
6.9553e+05
6.9018e+05
6.8484e+05
6.7952e+05
6.7422e+05
6.6893e+05
6.6368e+05
6.5844e+05
6.5324e+05
6.4806e+05
6.4291e+05
6.378e+05
6.3271e+05
6.2767e+05
6.2266e+05
6.1769e+05
6.1276e+05
6.0788e+05
6.0303e+05
5.9824e+05
5.9349e+05
5.8879e+05
5.8414e+05
5.7954e+05
5.75e+05
5.7051e+05
5.6607e+05
5.6169e+05
5.5737e+05
5.5311e+05
5.4891e+05
5.4478e+05
5.407e+05
5.3669e+05
5.3274e+05
5.2886e+05
5.2504e+05
5.213e+05
5.1762e+05
5.14e+05
5.1046e+05
5.0699e+05
5.0359e+05
5.0026e+05
4.97e+05
4.9381e+05
4.907e+05
4.8765e+05
4.8468e+05
4.8179e+05
4.7896e+05
4.7621e+05
4.7354e+05
4.7093e+05
4.684e+05
4.6595e+05
4.6356e+05
4.6125e+05
4.5902e+05
4.5685e+05
4.5476e+05
4.5274e+05
4.5079e+05
4.4891e+05
4.471e+05
4.4537e+05
4.437e+05
4.421e+05
4.4057e+05
4.3911e+05
4.3772e+05
4.3639e+05
4.3513e+05
4.3394e+05
4.3281e+05
4.3175e+05
4.3075e+05
4.2981e+05
4.2893e+05
4.2812e+05
4.2737e+05
4.2668e+05
4.2604e+05
4.2547e+05
4.2495e+05
4.2449e+05
4.2409e+05
4.2375e+05
4.2346e+05
4.2322e+05
4.2304e+05
4.2291e+05
4.2283e+05
4.2281e+05
4.2284e+05
4.2291e+05
4.2304e+05
4.2322e+05
4.2345e+05
4.2372e+05
4.2404e+05
4.2441e+05
4.2483e+05
4.2529e+05
4.258e+05
4.2636e+05
4.2695e+05
4.276e+05
4.2828e+05
4.2901e+05
4.2979e+05
4.306e+05
4.3146e+05
4.3236e+05
4.333e+05
4.3429e+05
4.3531e+05
4.3637e+05
4.3748e+05
4.3862e+05
4.398e+05
4.4102e+05
4.4228e+05
4.4357e+05
4.4491e+05
4.4628e+05
4.4769e+05
4.4913e+05
4.5061e+05
4.5212e+05
4.5367e+05
4.5526e+05
4.5688e+05
4.5853e+05
4.6021e+05
4.6193e+05
4.6368e+05
4.6546e+05
4.6727e+05
4.6911e+05
4.7098e+05
4.7288e+05
4.7481e+05
4.7677e+05
4.7876e+05
4.8077e+05
4.8281e+05
4.8487e+05
4.8696e+05
4.8908e+05
4.9122e+05
4.9338e+05
4.9557e+05
4.9777e+05
5e+05
5.0225e+05
5.0452e+05
5.0682e+05
5.0913e+05
5.1145e+05
5.138e+05
5.1616e+05
5.1855e+05
5.2094e+05
5.2336e+05
5.2579e+05
5.2823e+05
5.3069e+05
5.3316e+05
5.3565e+05
5.3815e+05
5.4066e+05
5.4318e+05
5.4572e+05
5.4827e+05
5.5083e+05
5.534e+05
5.5598e+05
5.5857e+05
5.6117e+05
5.6378e+05
5.6641e+05
5.6904e+05
5.7168e+05
5.7433e+05
5.7699e+05
5.7965e+05
5.8233e+05
5.8502e+05
5.8771e+05
5.9041e+05
5.9312e+05
5.9584e+05
5.9856e+05
6.013e+05
6.0404e+05
6.0679e+05
6.0954e+05
6.123e+05
6.1507e+05
6.1785e+05
6.2063e+05
6.2342e+05
6.2622e+05
6.2902e+05
6.3183e+05
6.3464e+05
6.3746e+05
6.4028e+05
6.4311e+05
6.4594e+05
6.4877e+05
6.516e+05
6.5444e+05
6.5728e+05
6.6012e+05
6.6296e+05
6.6579e+05
6.6863e+05
6.7146e+05
6.743e+05
6.7712e+05
6.7994e+05
6.8276e+05
6.8557e+05
6.8837e+05
6.9116e+05
6.9394e+05
6.9671e+05
6.9946e+05
7.022e+05
7.0493e+05
7.0764e+05
7.1033e+05
7.13e+05
7.1565e+05
7.1827e+05
7.2087e+05
7.2345e+05
7.26e+05
7.2852e+05
7.31e+05
7.3346e+05
7.3588e+05
7.3827e+05
7.4062e+05
7.4293e+05
7.452e+05
7.4743e+05
7.4962e+05
7.5176e+05
7.5386e+05
7.5591e+05
7.5791e+05
7.5986e+05
7.6175e+05
7.6359e+05
7.6538e+05
7.6711e+05
7.6879e+05
7.704e+05
7.7196e+05
7.7345e+05
7.7489e+05
7.7626e+05
7.7756e+05
7.788e+05
7.7998e+05
7.8109e+05
7.8213e+05
7.8311e+05
7.8402e+05
7.8485e+05
7.8562e+05
7.8632e+05
7.8695e+05
7.8751e+05
7.88e+05
7.8843e+05
7.8878e+05
7.8906e+05
7.8927e+05
7.8941e+05
7.8948e+05
7.8948e+05
7.8942e+05
7.8929e+05
7.8908e+05
7.8882e+05
7.8848e+05
7.8808e+05
7.8762e+05
7.8709e+05
7.8649e+05
7.8584e+05
7.8512e+05
7.8434e+05
7.8351e+05
7.8261e+05
7.8166e+05
7.8065e+05
7.7958e+05
7.7847e+05
7.7729e+05
7.7607e+05
7.7479e+05
7.7347e+05
7.721e+05
7.7068e+05
7.6921e+05
7.677e+05
7.6614e+05
7.6454e+05
7.629e+05
7.6122e+05
7.595e+05
7.5775e+05
7.5595e+05
7.5412e+05
7.5226e+05
7.5036e+05
7.4842e+05
7.4646e+05
7.4446e+05
7.4243e+05
7.4038e+05
7.3829e+05
7.3618e+05
7.3404e+05
7.3187e+05
7.2968e+05
7.2746e+05
7.2521e+05
7.2295e+05
7.2066e+05
7.1834e+05
7.16e+05
7.1364e+05
7.1126e+05
7.0886e+05
7.0644e+05
7.0399e+05
7.0153e+05
6.9904e+05
6.9653e+05
6.94e+05
6.9146e+05
6.8889e+05
6.863e+05
6.8369e+05
6.8107e+05
6.7842e+05
6.7575e+05
6.7307e+05
6.7036e+05
6.6763e+05
6.6489e+05
6.6212e+05
6.5933e+05
6.5653e+05
6.537e+05
6.5085e+05
6.4798e+05
6.4509e+05
6.4218e+05
6.3925e+05
6.363e+05
6.3333e+05
6.3034e+05
6.2732e+05
6.2429e+05
6.2123e+05
6.1816e+05
6.1506e+05
6.1194e+05
6.088e+05
6.0564e+05
6.0246e+05
5.9926e+05
5.9604e+05
5.9279e+05
5.8953e+05
5.8624e+05
5.8294e+05
5.7962e+05
5.7627e+05
5.7291e+05
5.6952e+05
5.6612e+05
5.627e+05
5.5926e+05
5.558e+05
5.5232e+05
5.4883e+05
5.4532e+05
5.4179e+05
5.3824e+05
5.3468e+05
5.311e+05
5.2751e+05
5.239e+05
5.2028e+05
5.1664e+05
5.1299e+05
5.0932e+05
5.0564e+05
5.0195e+05
4.9825e+05
4.9453e+05
4.908e+05
4.8707e+05
4.8332e+05
4.7956e+05
4.7579e+05
4.7202e+05
4.6823e+05
4.6444e+05
4.6064e+05
4.5683e+05
4.5301e+05
4.4919e+05
4.4537e+05
4.4153e+05
4.377e+05
4.3386e+05
4.3001e+05
4.2616e+05
4.2231e+05
4.1845e+05
4.146e+05
4.1074e+05
4.0688e+05
4.0301e+05
3.9915e+05
3.9529e+05
3.9143e+05
3.8757e+05
3.8371e+05
3.7985e+05
3.7599e+05
3.7214e+05
3.6828e+05
3.6444e+05
3.6059e+05
3.5675e+05
3.5291e+05
3.4908e+05
3.4526e+05
3.4144e+05
3.3762e+05
3.3382e+05
3.3002e+05
3.2622e+05
3.2244e+05
3.1866e+05
3.149e+05
3.1114e+05
3.0739e+05
3.0365e+05
2.9993e+05
2.9621e+05
2.9251e+05
2.8882e+05
2.8514e+05
2.8147e+05
2.7782e+05
2.7418e+05
2.7056e+05
2.6695e+05
2.6336e+05
2.5978e+05
2.5622e+05
2.5268e+05
2.4916e+05
2.4565e+05
2.4216e+05
2.3869e+05
2.3524e+05
2.3181e+05
2.284e+05
2.2502e+05
2.2165e+05
2.183e+05
2.1498e+05
2.1168e+05
2.084e+05
2.0515e+05
2.0192e+05
1.9871e+05
1.9553e+05
1.9237e+05
1.8924e+05
1.8613e+05
1.8305e+05
1.8e+05
1.7697e+05
1.7396e+05
1.7099e+05
1.6804e+05
1.6511e+05
1.6222e+05
1.5935e+05
1.5651e+05
1.5369e+05
1.509e+05
1.4814e+05
1.4541e+05
1.427e+05
1.4002e+05
1.3737e+05
1.3474e+05
1.3214e+05
1.2957e+05
1.2702e+05
1.245e+05
1.2201e+05
1.1954e+05
1.1709e+05
1.1467e+05
1.1228e+05
1.0991e+05
1.0757e+05
1.0524e+05
1.0295e+05
1.0067e+05
98419
96190
93982
91796
89631
87486
85362
83258
81174
79109
77062
75034
73023
71030
69054
67095
65152
63226
61315
59419
57538
55672
53820
51983
50159
48349
46553
44769
42999
41242
39497
37765
36046
34339
32644
30962
29292
27634
25989
24356
22735
21127
19531
17949
16378
14821
13277
11747
10229
8725.5
7235.6
5759.6
4297.9
2850.5
1417.8
0
