5.979e+05
5.9979e+05
6.016e+05
6.0331e+05
6.0495e+05
6.0649e+05
6.0795e+05
6.0933e+05
6.1062e+05
6.1182e+05
6.1294e+05
6.1399e+05
6.1494e+05
6.1582e+05
6.1662e+05
6.1733e+05
6.1797e+05
6.1853e+05
6.1901e+05
6.1941e+05
6.1974e+05
6.2e+05
6.2018e+05
6.2029e+05
6.2032e+05
6.2029e+05
6.2018e+05
6.2001e+05
6.1977e+05
6.1946e+05
6.1909e+05
6.1865e+05
6.1815e+05
6.1759e+05
6.1697e+05
6.1629e+05
6.1554e+05
6.1475e+05
6.1389e+05
6.1299e+05
6.1202e+05
6.1101e+05
6.0994e+05
6.0883e+05
6.0766e+05
6.0645e+05
6.0519e+05
6.0389e+05
6.0254e+05
6.0116e+05
5.9972e+05
5.9825e+05
5.9674e+05
5.952e+05
5.9361e+05
5.9199e+05
5.9034e+05
5.8865e+05
5.8693e+05
5.8518e+05
5.834e+05
5.8159e+05
5.7975e+05
5.7788e+05
5.7599e+05
5.7408e+05
5.7214e+05
5.7018e+05
5.682e+05
5.6619e+05
5.6417e+05
5.6213e+05
5.6007e+05
5.5799e+05
5.5589e+05
5.5378e+05
5.5166e+05
5.4952e+05
5.4737e+05
5.452e+05
5.4303e+05
5.4084e+05
5.3864e+05
5.3644e+05
5.3422e+05
5.32e+05
5.2976e+05
5.2752e+05
5.2528e+05
5.2302e+05
5.2076e+05
5.185e+05
5.1623e+05
5.1396e+05
5.1168e+05
5.094e+05
5.0711e+05
5.0482e+05
5.0253e+05
5.0024e+05
4.9794e+05
4.9564e+05
4.9334e+05
4.9104e+05
4.8874e+05
4.8643e+05
4.8413e+05
4.8182e+05
4.7951e+05
4.772e+05
4.7489e+05
4.7258e+05
4.7027e+05
4.6796e+05
4.6564e+05
4.6333e+05
4.6102e+05
4.587e+05
4.5638e+05
4.5407e+05
4.5175e+05
4.4943e+05
4.471e+05
4.4478e+05
4.4246e+05
4.4013e+05
4.378e+05
4.3547e+05
4.3313e+05
4.308e+05
4.2846e+05
4.2612e+05
4.2377e+05
4.2142e+05
4.1907e+05
4.1671e+05
4.1435e+05
4.1198e+05
4.0961e+05
4.0724e+05
4.0485e+05
4.0247e+05
4.0008e+05
3.9768e+05
3.9527e+05
3.9286e+05
3.9044e+05
3.8802e+05
3.8559e+05
3.8315e+05
3.807e+05
3.7825e+05
3.7578e+05
3.7331e+05
3.7083e+05
3.6834e+05
3.6584e+05
3.6334e+05
3.6082e+05
3.583e+05
3.5576e+05
3.5321e+05
3.5066e+05
3.4809e+05
3.4552e+05
3.4293e+05
3.4034e+05
3.3773e+05
3.3511e+05
3.3249e+05
3.2985e+05
3.272e+05
3.2454e+05
3.2187e+05
3.1919e+05
3.165e+05
3.138e+05
3.1109e+05
3.0837e+05
3.0564e+05
3.029e+05
3.0015e+05
2.9739e+05
2.9462e+05
2.9185e+05
2.8906e+05
2.8626e+05
2.8346e+05
2.8065e+05
2.7783e+05
2.75e+05
2.7217e+05
2.6933e+05
2.6648e+05
2.6363e+05
2.6077e+05
2.5791e+05
2.5504e+05
2.5217e+05
2.493e+05
2.4642e+05
2.4354e+05
2.4066e+05
2.3778e+05
2.349e+05
2.3202e+05
2.2914e+05
2.2626e+05
2.2338e+05
2.2051e+05
2.1764e+05
2.1477e+05
2.1191e+05
2.0905e+05
2.0621e+05
2.0337e+05
2.0053e+05
1.9771e+05
1.949e+05
1.921e+05
1.8931e+05
1.8653e+05
1.8377e+05
1.8102e+05
1.7829e+05
1.7557e+05
1.7288e+05
1.702e+05
1.6754e+05
1.649e+05
1.6229e+05
1.5969e+05
1.5712e+05
1.5458e+05
1.5206e+05
1.4957e+05
1.4711e+05
1.4468e+05
1.4227e+05
1.399e+05
1.3756e+05
1.3526e+05
1.3299e+05
1.3076e+05
1.2856e+05
1.264e+05
1.2429e+05
1.2221e+05
1.2017e+05
1.1818e+05
1.1623e+05
1.1433e+05
1.1248e+05
1.1067e+05
1.0891e+05
1.072e+05
1.0554e+05
1.0393e+05
1.0238e+05
1.0088e+05
99433
98045
96715
95444
94233
93082
91993
90967
90006
89109
88278
87514
86818
86191
85633
85147
84732
84390
84121
83926
83807
83763
83796
83907
84096
84363
84711
85139
85648
86239
86912
87668
88507
89430
90438
91531
92710
93974
95324
96762
98286
99898
1.016e+05
1.0338e+05
1.0526e+05
1.0722e+05
1.0928e+05
1.1142e+05
1.1365e+05
1.1596e+05
1.1837e+05
1.2087e+05
1.2345e+05
1.2613e+05
1.2889e+05
1.3174e+05
1.3468e+05
1.3771e+05
1.4083e+05
1.4404e+05
1.4733e+05
1.5071e+05
1.5418e+05
1.5773e+05
1.6137e+05
1.651e+05
1.6891e+05
1.7281e+05
1.7679e+05
1.8085e+05
1.85e+05
1.8924e+05
1.9355e+05
1.9794e+05
2.0242e+05
2.0698e+05
2.1161e+05
2.1632e+05
2.2112e+05
2.2598e+05
2.3093e+05
2.3595e+05
2.4104e+05
2.462e+05
2.5144e+05
2.5675e+05
2.6213e+05
2.6758e+05
2.7309e+05
2.7867e+05
2.8432e+05
2.9003e+05
2.958e+05
3.0164e+05
3.0753e+05
3.1349e+05
3.195e+05
3.2557e+05
3.317e+05
3.3787e+05
3.441e+05
3.5038e+05
3.5671e+05
3.6309e+05
3.6952e+05
3.7599e+05
3.825e+05
3.8905e+05
3.9565e+05
4.0228e+05
4.0895e+05
4.1565e+05
4.2239e+05
4.2916e+05
4.3596e+05
4.4279e+05
4.4965e+05
4.5653e+05
4.6344e+05
4.7037e+05
4.7731e+05
4.8428e+05
4.9126e+05
4.9826e+05
5.0527e+05
5.1229e+05
5.1932e+05
5.2635e+05
5.3339e+05
5.4044e+05
5.4749e+05
5.5454e+05
5.6159e+05
5.6863e+05
5.7567e+05
5.827e+05
5.8972e+05
5.9673e+05
6.0373e+05
6.1071e+05
6.1768e+05
6.2463e+05
6.3156e+05
6.3846e+05
6.4535e+05
6.5221e+05
6.5904e+05
6.6584e+05
6.7261e+05
6.7934e+05
6.8605e+05
6.9271e+05
6.9934e+05
7.0593e+05
7.1248e+05
7.1898e+05
7.2544e+05
7.3185e+05
7.3821e+05
7.4453e+05
7.5079e+05
7.5699e+05
7.6315e+05
7.6924e+05
7.7528e+05
7.8126e+05
7.8717e+05
7.9303e+05
7.9881e+05
8.0454e+05
8.1019e+05
8.1577e+05
8.2129e+05
8.2673e+05
8.321e+05
8.374e+05
8.4261e+05
8.4775e+05
8.5282e+05
8.578e+05
8.627e+05
8.6751e+05
8.7225e+05
8.769e+05
8.8146e+05
8.8593e+05
8.9032e+05
8.9461e+05
8.9882e+05
9.0293e+05
9.0695e+05
9.1088e+05
9.1471e+05
9.1845e+05
9.2209e+05
9.2563e+05
9.2907e+05
9.3242e+05
9.3566e+05
9.3881e+05
9.4185e+05
9.4479e+05
9.4762e+05
9.5036e+05
9.5299e+05
9.5551e+05
9.5793e+05
9.6024e+05
9.6245e+05
9.6455e+05
9.6654e+05
9.6843e+05
9.7021e+05
9.7188e+05
9.7344e+05
9.7489e+05
9.7623e+05
9.7746e+05
9.7859e+05
9.796e+05
9.805e+05
9.813e+05
9.8198e+05
9.8256e+05
9.8302e+05
9.8337e+05
9.8362e+05
9.8375e+05
9.8378e+05
9.8369e+05
9.835e+05
9.8319e+05
9.8278e+05
9.8226e+05
9.8163e+05
9.8089e+05
9.8005e+05
9.7909e+05
9.7803e+05
9.7687e+05
9.756e+05
9.7422e+05
9.7273e+05
9.7115e+05
9.6946e+05
9.6766e+05
9.6577e+05
9.6377e+05
9.6167e+05
9.5946e+05
9.5716e+05
9.5476e+05
9.5226e+05
9.4967e+05
9.4698e+05
9.4419e+05
9.413e+05
9.3833e+05
9.3525e+05
9.3209e+05
9.2884e+05
9.2549e+05
9.2206e+05
9.1853e+05
9.1492e+05
9.1122e+05
9.0744e+05
9.0358e+05
8.9963e+05
8.956e+05
8.9148e+05
8.8729e+05
8.8302e+05
8.7867e+05
8.7425e+05
8.6975e+05
8.6518e+05
8.6054e+05
8.5582e+05
8.5104e+05
8.4618e+05
8.4126e+05
8.3628e+05
8.3122e+05
8.2611e+05
8.2093e+05
8.1569e+05
8.104e+05
8.0504e+05
7.9963e+05
7.9417e+05
7.8865e+05
7.8307e+05
7.7745e+05
7.7178e+05
7.6606e+05
7.6029e+05
7.5448e+05
7.4862e+05
7.4272e+05
7.3678e+05
7.308e+05
7.2479e+05
7.1873e+05
7.1264e+05
7.0652e+05
7.0036e+05
6.9418e+05
6.8796e+05
6.8172e+05
6.7544e+05
6.6915e+05
6.6283e+05
6.5649e+05
6.5012e+05
6.4374e+05
6.3734e+05
6.3092e+05
6.2449e+05
6.1804e+05
6.1159e+05
6.0512e+05
5.9864e+05
5.9215e+05
5.8565e+05
5.7915e+05
5.7265e+05
5.6614e+05
5.5963e+05
5.5312e+05
5.4661e+05
5.4011e+05
5.3361e+05
5.2711e+05
5.2062e+05
5.1413e+05
5.0766e+05
5.0119e+05
4.9474e+05
4.883e+05
4.8187e+05
4.7546e+05
4.6906e+05
4.6268e+05
4.5632e+05
4.4998e+05
4.4366e+05
4.3736e+05
4.3108e+05
4.2483e+05
4.186e+05
4.124e+05
4.0622e+05
4.0008e+05
3.9396e+05
3.8787e+05
3.8181e+05
3.7579e+05
3.6979e+05
3.6383e+05
3.5791e+05
3.5202e+05
3.4617e+05
3.4035e+05
3.3457e+05
3.2883e+05
3.2313e+05
3.1747e+05
3.1185e+05
3.0628e+05
3.0074e+05
2.9525e+05
2.8981e+05
2.844e+05
2.7905e+05
2.7373e+05
2.6847e+05
2.6325e+05
2.5808e+05
2.5296e+05
2.4788e+05
2.4286e+05
2.3788e+05
2.3295e+05
2.2808e+05
2.2326e+05
2.1848e+05
2.1376e+05
2.0909e+05
2.0448e+05
1.9991e+05
1.954e+05
1.9094e+05
1.8654e+05
1.8219e+05
1.7789e+05
1.7365e+05
1.6947e+05
1.6534e+05
1.6126e+05
1.5724e+05
1.5327e+05
1.4936e+05
1.455e+05
1.417e+05
1.3796e+05
1.3427e+05
1.3064e+05
1.2706e+05
1.2354e+05
1.2008e+05
1.1667e+05
1.1331e+05
1.1001e+05
1.0677e+05
1.0358e+05
1.0045e+05
97373
94351
91384
88471
85613
82809
80059
77363
74721
72132
69596
67113
64682
62304
59978
57703
55479
53306
51184
49112
47089
45116
43192
41316
39489
37709
35976
34290
32651
31057
29508
28005
26545
25130
23758
22428
21141
19896
18692
17529
16406
15322
14278
13272
12304
11373
10479
9621
8798.7
8011.5
7258.7
6539.8
5854.1
5201
4580
3990.4
3431.7
2903.3
2404.4
1934.6
1493.3
1079.7
693.4
333.7
0
