17728
21137
24762
28597
32637
36876
41309
45927
50725
55694
60827
66114
71548
77120
82819
88637
94564
1.0059e+05
1.067e+05
1.1289e+05
1.1915e+05
1.2547e+05
1.3183e+05
1.3823e+05
1.4465e+05
1.5108e+05
1.5752e+05
1.6394e+05
1.7035e+05
1.7673e+05
1.8307e+05
1.8936e+05
1.9559e+05
2.0174e+05
2.0782e+05
2.138e+05
2.1968e+05
2.2546e+05
2.3111e+05
2.3664e+05
2.4204e+05
2.4729e+05
2.5239e+05
2.5734e+05
2.6212e+05
2.6672e+05
2.7116e+05
2.754e+05
2.7946e+05
2.8333e+05
2.87e+05
2.9047e+05
2.9374e+05
2.968e+05
2.9965e+05
3.0228e+05
3.047e+05
3.0691e+05
3.089e+05
3.1067e+05
3.1223e+05
3.1357e+05
3.1469e+05
3.156e+05
3.163e+05
3.1678e+05
3.1706e+05
3.1714e+05
3.1701e+05
3.1668e+05
3.1616e+05
3.1545e+05
3.1455e+05
3.1347e+05
3.1222e+05
3.1079e+05
3.092e+05
3.0745e+05
3.0555e+05
3.0351e+05
3.0132e+05
2.9901e+05
2.9656e+05
2.94e+05
2.9133e+05
2.8856e+05
2.8568e+05
2.8272e+05
2.7968e+05
2.7657e+05
2.7339e+05
2.7016e+05
2.6688e+05
2.6355e+05
2.6019e+05
2.5681e+05
2.534e+05
2.4999e+05
2.4657e+05
2.4316e+05
2.3976e+05
2.3638e+05
2.3303e+05
2.297e+05
2.2642e+05
2.2319e+05
2.2001e+05
2.1689e+05
2.1384e+05
2.1085e+05
2.0795e+05
2.0512e+05
2.0239e+05
1.9974e+05
1.972e+05
1.9475e+05
1.9241e+05
1.9018e+05
1.8806e+05
1.8606e+05
1.8418e+05
1.8242e+05
1.8078e+05
1.7927e+05
1.7789e+05
1.7664e+05
1.7552e+05
1.7453e+05
1.7367e+05
1.7294e+05
1.7234e+05
1.7188e+05
1.7155e+05
1.7134e+05
1.7127e+05
1.7132e+05
1.715e+05
1.718e+05
1.7222e+05
1.7276e+05
1.7342e+05
1.7419e+05
1.7506e+05
1.7605e+05
1.7713e+05
1.7831e+05
1.7959e+05
1.8095e+05
1.824e+05
1.8393e+05
1.8553e+05
1.872e+05
1.8894e+05
1.9073e+05
1.9259e+05
1.9448e+05
1.9643e+05
1.9841e+05
2.0042e+05
2.0246e+05
2.0452e+05
2.0659e+05
2.0867e+05
2.1076e+05
2.1284e+05
2.1492e+05
2.1698e+05
2.1902e+05
2.2104e+05
2.2303e+05
2.2498e+05
2.2689e+05
2.2876e+05
2.3058e+05
2.3234e+05
2.3404e+05
2.3568e+05
2.3725e+05
2.3874e+05
2.4016e+05
2.415e+05
2.4276e+05
2.4393e+05
2.4501e+05
2.46e+05
2.4689e+05
2.4768e+05
2.4838e+05
2.4897e+05
2.4946e+05
2.4984e+05
2.5012e+05
2.5029e+05
2.5035e+05
2.503e+05
2.5014e+05
2.4988e+05
2.495e+05
2.4902e+05
2.4843e+05
2.4773e+05
2.4693e+05
2.4602e+05
2.4501e+05
2.4389e+05
2.4268e+05
2.4137e+05
2.3996e+05
2.3846e+05
2.3686e+05
2.3518e+05
2.3341e+05
2.3156e+05
2.2963e+05
2.2762e+05
2.2554e+05
2.2338e+05
2.2116e+05
2.1887e+05
2.1652e+05
2.1411e+05
2.1164e+05
2.0913e+05
2.0656e+05
2.0395e+05
2.013e+05
1.9861e+05
1.9588e+05
1.9313e+05
1.9034e+05
1.8753e+05
1.8469e+05
1.8184e+05
1.7896e+05
1.7608e+05
1.7318e+05
1.7027e+05
1.6736e+05
1.6444e+05
1.6152e+05
1.586e+05
1.5568e+05
1.5277e+05
1.4986e+05
1.4696e+05
1.4407e+05
1.4119e+05
1.3832e+05
1.3547e+05
1.3263e+05
1.2981e+05
1.27e+05
1.2421e+05
1.2144e+05
1.1868e+05
1.1595e+05
1.1323e+05
1.1054e+05
1.0787e+05
1.0522e+05
1.0258e+05
99975
97387
94821
92277
89755
87255
84777
82321
79888
77477
75089
72723
70380
68060
65764
63491
61242
59017
56818
54643
52495
50373
48278
46212
44174
42166
40189
38243
36331
34452
32609
30802
29032
27302
25613
23965
22360
20800
19287
17821
16404
15037
13723
12462
11256
10106
9012.9
7978.6
7004
6090
5237.7
4448
3721.6
3059.1
2461.1
1928
1460.1
1057.4
720
447.66
240.07
96.736
16.988
0
44.768
150.11
314.69
536.96
815.22
1147.6
1532.1
1966.4
2448.2
2974.9
3543.8
4152.1
4796.8
5474.8
6182.8
6917.5
7675.3
8452.8
9246.2
10052
10866
11685
12505
13321
14131
14930
15714
16480
17224
17942
18631
19288
19908
20490
21030
21525
21973
22371
22717
23011
23249
23430
23555
23621
23629
23578
23469
23303
23080
22803
22472
22090
21659
21183
20665
20109
19518
18898
18253
17589
16912
16227
15541
14861
14195
13549
12932
12352
11818
11338
10921
10577
10315
10145
10077
10121
10286
10585
11026
11620
12378
13311
14428
15740
17257
18989
20948
23141
25579
28272
31228
34456
37965
41763
45857
50255
54964
59990
65339
71016
77027
83376
90066
97100
1.0448e+05
1.1221e+05
1.2029e+05
1.2872e+05
1.375e+05
1.4663e+05
1.5611e+05
1.6593e+05
1.761e+05
1.866e+05
1.9744e+05
2.0861e+05
2.201e+05
2.3191e+05
2.4402e+05
2.5644e+05
2.6915e+05
2.8214e+05
2.954e+05
3.0893e+05
3.227e+05
3.3672e+05
3.5095e+05
3.654e+05
3.8005e+05
3.9488e+05
4.0988e+05
4.2502e+05
4.4031e+05
4.5571e+05
4.7122e+05
4.8681e+05
5.0246e+05
5.1817e+05
5.3391e+05
5.4965e+05
5.6539e+05
5.8111e+05
5.9677e+05
6.1238e+05
6.2789e+05
6.4331e+05
6.5859e+05
6.7374e+05
6.8872e+05
7.0352e+05
7.1812e+05
7.3249e+05
7.4663e+05
7.6051e+05
7.7411e+05
7.8742e+05
8.0041e+05
8.1308e+05
8.254e+05
8.3736e+05
8.4894e+05
8.6012e+05
8.709e+05
8.8125e+05
8.9117e+05
9.0064e+05
9.0964e+05
9.1818e+05
9.2623e+05
9.3378e+05
9.4083e+05
9.4737e+05
9.5339e+05
9.5888e+05
9.6384e+05
9.6825e+05
9.7213e+05
9.7545e+05
9.7823e+05
9.8045e+05
9.8211e+05
9.8322e+05
9.8378e+05
9.8378e+05
9.8322e+05
9.8212e+05
9.8047e+05
9.7828e+05
9.7555e+05
9.7228e+05
9.6849e+05
9.6419e+05
9.5937e+05
9.5405e+05
9.4824e+05
9.4194e+05
9.3518e+05
9.2795e+05
9.2027e+05
9.1215e+05
9.0361e+05
8.9465e+05
8.853e+05
8.7556e+05
8.6546e+05
8.5499e+05
8.4419e+05
8.3306e+05
8.2163e+05
8.099e+05
7.979e+05
7.8563e+05
7.7312e+05
7.6039e+05
7.4744e+05
7.343e+05
7.2099e+05
7.0751e+05
6.939e+05
6.8015e+05
6.663e+05
6.5235e+05
6.3832e+05
6.2424e+05
6.1011e+05
5.9595e+05
5.8178e+05
5.6761e+05
5.5345e+05
5.3933e+05
5.2525e+05
5.1124e+05
4.9729e+05
4.8344e+05
4.6968e+05
4.5603e+05
4.4251e+05
4.2912e+05
4.1587e+05
4.0279e+05
3.8987e+05
3.7712e+05
3.6456e+05
3.5219e+05
3.4003e+05
3.2807e+05
3.1633e+05
3.0482e+05
2.9353e+05
2.8248e+05
2.7166e+05
2.6109e+05
2.5077e+05
2.407e+05
2.3088e+05
2.2132e+05
2.1202e+05
2.0298e+05
1.942e+05
1.8569e+05
1.7744e+05
1.6945e+05
1.6172e+05
1.5426e+05
1.4705e+05
1.401e+05
1.3341e+05
1.2698e+05
1.208e+05
1.1486e+05
1.0917e+05
1.0372e+05
98510
93532
88785
84262
79959
75872
71995
68323
64850
61572
58482
55574
52844
50285
47892
45658
43577
41644
39852
38196
36670
35268
33983
32811
31746
30781
29912
29133
28439
27823
27283
26811
26404
26057
25765
25524
25328
25176
25061
24980
24930
24907
24908
24929
24968
25020
25085
25158
25237
25321
25407
25492
25576
25656
25730
25798
25858
25908
25947
25976
25992
25994
25983
25958
25919
25864
25793
25708
25607
25490
25357
25210
25047
24869
24676
24469
24248
24014
23766
23506
23234
22951
22656
22352
22038
21715
21383
21044
20697
20345
19986
19623
19255
18883
18508
18131
17752
17371
16990
16608
16227
15846
15467
15090
14715
14343
13974
13609
13247
12890
12537
12189
11847
11509
11177
10851
10531
10217
9909.3
9607.8
9312.7
9024
8741.7
8465.9
8196.6
7933.7
7677.2
7427.1
7183.1
6945.3
6713.5
6487.5
6267.3
6052.6
5843.4
5639.3
5440.2
5245.9
5056.2
4870.8
4689.5
4512
4338.1
4167.6
4000.2
