9.8378e+05
9.7954e+05
9.7523e+05
9.7085e+05
9.6641e+05
9.6189e+05
9.5732e+05
9.5268e+05
9.4797e+05
9.4321e+05
9.3838e+05
9.335e+05
9.2856e+05
9.2356e+05
9.1851e+05
9.1341e+05
9.0826e+05
9.0305e+05
8.978e+05
8.925e+05
8.8715e+05
8.8175e+05
8.7632e+05
8.7084e+05
8.6532e+05
8.5976e+05
8.5416e+05
8.4853e+05
8.4286e+05
8.3715e+05
8.3142e+05
8.2565e+05
8.1985e+05
8.1402e+05
8.0816e+05
8.0228e+05
7.9637e+05
7.9044e+05
7.8448e+05
7.7851e+05
7.7251e+05
7.6649e+05
7.6046e+05
7.5441e+05
7.4835e+05
7.4227e+05
7.3618e+05
7.3007e+05
7.2396e+05
7.1784e+05
7.117e+05
7.0557e+05
6.9942e+05
6.9327e+05
6.8712e+05
6.8097e+05
6.7481e+05
6.6866e+05
6.625e+05
6.5635e+05
6.502e+05
6.4405e+05
6.3791e+05
6.3178e+05
6.2565e+05
6.1953e+05
6.1342e+05
6.0732e+05
6.0124e+05
5.9516e+05
5.891e+05
5.8305e+05
5.7702e+05
5.71e+05
5.65e+05
5.5902e+05
5.5306e+05
5.4712e+05
5.4119e+05
5.3529e+05
5.2941e+05
5.2356e+05
5.1773e+05
5.1192e+05
5.0614e+05
5.0039e+05
4.9466e+05
4.8896e+05
4.8329e+05
4.7765e+05
4.7204e+05
4.6646e+05
4.6091e+05
4.5539e+05
4.4991e+05
4.4446e+05
4.3904e+05
4.3366e+05
4.2832e+05
4.2301e+05
4.1774e+05
4.125e+05
4.0731e+05
4.0215e+05
3.9703e+05
3.9195e+05
3.8692e+05
3.8192e+05
3.7696e+05
3.7205e+05
3.6717e+05
3.6234e+05
3.5756e+05
3.5281e+05
3.4811e+05
3.4346e+05
3.3885e+05
3.3429e+05
3.2977e+05
3.2529e+05
3.2087e+05
3.1649e+05
3.1216e+05
3.0787e+05
3.0363e+05
2.9945e+05
2.9531e+05
2.9121e+05
2.8717e+05
2.8318e+05
2.7923e+05
2.7534e+05
2.7149e+05
2.677e+05
2.6395e+05
2.6026e+05
2.5662e+05
2.5303e+05
2.4948e+05
2.46e+05
2.4256e+05
2.3917e+05
2.3584e+05
2.3255e+05
2.2932e+05
2.2614e+05
2.2301e+05
2.1994e+05
2.1692e+05
2.1394e+05
2.1103e+05
2.0816e+05
2.0535e+05
2.0258e+05
1.9987e+05
1.9722e+05
1.9461e+05
1.9206e+05
1.8956e+05
1.8711e+05
1.8472e+05
1.8237e+05
1.8008e+05
1.7784e+05
1.7566e+05
1.7352e+05
1.7144e+05
1.6941e+05
1.6742e+05
1.655e+05
1.6362e+05
1.6179e+05
1.6002e+05
1.5829e+05
1.5662e+05
1.5499e+05
1.5342e+05
1.519e+05
1.5042e+05
1.49e+05
1.4763e+05
1.463e+05
1.4503e+05
1.438e+05
1.4262e+05
1.4149e+05
1.4041e+05
1.3938e+05
1.384e+05
1.3746e+05
1.3657e+05
1.3572e+05
1.3493e+05
1.3418e+05
1.3347e+05
1.3282e+05
1.322e+05
1.3164e+05
1.3111e+05
1.3063e+05
1.302e+05
1.2981e+05
1.2947e+05
1.2916e+05
1.289e+05
1.2869e+05
1.2851e+05
1.2838e+05
1.2829e+05
1.2824e+05
1.2823e+05
1.2826e+05
1.2833e+05
1.2844e+05
1.2859e+05
1.2879e+05
1.2901e+05
1.2928e+05
1.2959e+05
1.2993e+05
1.3031e+05
1.3072e+05
1.3118e+05
1.3167e+05
1.3219e+05
1.3275e+05
1.3334e+05
1.3397e+05
1.3463e+05
1.3533e+05
1.3606e+05
1.3682e+05
1.3761e+05
1.3844e+05
1.393e+05
1.4018e+05
1.411e+05
1.4205e+05
1.4303e+05
1.4404e+05
1.4507e+05
1.4614e+05
1.4723e+05
1.4835e+05
1.495e+05
1.5067e+05
1.5187e+05
1.531e+05
1.5435e+05
1.5562e+05
1.5692e+05
1.5825e+05
1.596e+05
1.6097e+05
1.6236e+05
1.6378e+05
1.6522e+05
1.6668e+05
1.6816e+05
1.6966e+05
1.7118e+05
1.7272e+05
1.7428e+05
1.7586e+05
1.7745e+05
1.7907e+05
1.807e+05
1.8235e+05
1.8402e+05
1.857e+05
1.8739e+05
1.8911e+05
1.9083e+05
1.9258e+05
1.9433e+05
1.961e+05
1.9788e+05
1.9968e+05
2.0149e+05
2.033e+05
2.0513e+05
2.0698e+05
2.0883e+05
2.1069e+05
2.1256e+05
2.1444e+05
2.1633e+05
2.1823e+05
2.2014e+05
2.2205e+05
2.2397e+05
2.259e+05
2.2784e+05
2.2978e+05
2.3172e+05
2.3367e+05
2.3563e+05
2.3759e+05
2.3956e+05
2.4152e+05
2.435e+05
2.4547e+05
2.4745e+05
2.4943e+05
2.5141e+05
2.5339e+05
2.5538e+05
2.5736e+05
2.5934e+05
2.6133e+05
2.6331e+05
2.653e+05
2.6728e+05
2.6926e+05
2.7124e+05
2.7321e+05
2.7519e+05
2.7716e+05
2.7913e+05
2.8109e+05
2.8305e+05
2.8501e+05
2.8696e+05
2.8891e+05
2.9085e+05
2.9278e+05
2.9471e+05
2.9664e+05
2.9856e+05
3.0047e+05
3.0237e+05
3.0427e+05
3.0616e+05
3.0804e+05
3.0991e+05
3.1177e+05
3.1363e+05
3.1548e+05
3.1731e+05
3.1914e+05
3.2096e+05
3.2277e+05
3.2456e+05
3.2635e+05
3.2812e+05
3.2989e+05
3.3164e+05
3.3338e+05
3.3511e+05
3.3682e+05
3.3853e+05
3.4022e+05
3.419e+05
3.4356e+05
3.4521e+05
3.4685e+05
3.4848e+05
3.5009e+05
3.5168e+05
3.5326e+05
3.5483e+05
3.5638e+05
3.5792e+05
3.5944e+05
3.6095e+05
3.6244e+05
3.6391e+05
3.6537e+05
3.6682e+05
3.6824e+05
3.6965e+05
3.7104e+05
3.7242e+05
3.7378e+05
3.7512e+05
3.7645e+05
3.7775e+05
3.7904e+05
3.8031e+05
3.8157e+05
3.828e+05
3.8402e+05
3.8522e+05
3.864e+05
3.8756e+05
3.8871e+05
3.8983e+05
3.9094e+05
3.9202e+05
3.9309e+05
3.9414e+05
3.9517e+05
3.9617e+05
3.9716e+05
3.9813e+05
3.9908e+05
4.0001e+05
4.0092e+05
4.0181e+05
4.0268e+05
4.0353e+05
4.0436e+05
4.0517e+05
4.0596e+05
4.0673e+05
4.0748e+05
4.0821e+05
4.0891e+05
4.096e+05
4.1027e+05
4.1091e+05
4.1153e+05
4.1214e+05
4.1272e+05
4.1328e+05
4.1382e+05
4.1434e+05
4.1484e+05
4.1531e+05
4.1577e+05
4.1621e+05
4.1662e+05
4.1701e+05
4.1738e+05
4.1773e+05
4.1806e+05
4.1837e+05
4.1866e+05
4.1893e+05
4.1917e+05
4.194e+05
4.196e+05
4.1978e+05
4.1994e+05
4.2008e+05
4.202e+05
4.203e+05
4.2037e+05
4.2043e+05
4.2046e+05
4.2048e+05
4.2047e+05
4.2044e+05
4.2039e+05
4.2032e+05
4.2023e+05
4.2012e+05
4.1999e+05
4.1984e+05
4.1967e+05
4.1948e+05
4.1926e+05
4.1903e+05
4.1878e+05
4.185e+05
4.1821e+05
4.1789e+05
4.1756e+05
4.172e+05
4.1683e+05
4.1644e+05
4.1602e+05
4.1559e+05
4.1514e+05
4.1467e+05
4.1417e+05
4.1366e+05
4.1313e+05
4.1259e+05
4.1202e+05
4.1143e+05
4.1082e+05
4.102e+05
4.0956e+05
4.0889e+05
4.0821e+05
4.0752e+05
4.068e+05
4.0606e+05
4.0531e+05
4.0454e+05
4.0375e+05
4.0294e+05
4.0212e+05
4.0128e+05
4.0042e+05
3.9954e+05
3.9865e+05
3.9774e+05
3.9681e+05
3.9587e+05
3.9491e+05
3.9393e+05
3.9294e+05
3.9192e+05
3.909e+05
3.8986e+05
3.888e+05
3.8772e+05
3.8663e+05
3.8553e+05
3.8441e+05
3.8327e+05
3.8212e+05
3.8096e+05
3.7977e+05
3.7858e+05
3.7737e+05
3.7614e+05
3.749e+05
3.7365e+05
3.7238e+05
3.711e+05
3.6981e+05
3.685e+05
3.6718e+05
3.6584e+05
3.645e+05
3.6313e+05
3.6176e+05
3.6037e+05
3.5897e+05
3.5756e+05
3.5614e+05
3.547e+05
3.5325e+05
3.5179e+05
3.5032e+05
3.4884e+05
3.4734e+05
3.4584e+05
3.4432e+05
3.4279e+05
3.4125e+05
3.397e+05
3.3814e+05
3.3657e+05
3.3499e+05
3.334e+05
3.318e+05
3.3019e+05
3.2857e+05
3.2694e+05
3.253e+05
3.2366e+05
3.22e+05
3.2034e+05
3.1866e+05
3.1698e+05
3.1529e+05
3.1359e+05
3.1189e+05
3.1017e+05
3.0845e+05
3.0672e+05
3.0498e+05
3.0324e+05
3.0149e+05
2.9973e+05
2.9796e+05
2.9619e+05
2.9442e+05
2.9263e+05
2.9084e+05
2.8905e+05
2.8724e+05
2.8544e+05
2.8362e+05
2.818e+05
2.7998e+05
2.7815e+05
2.7632e+05
2.7448e+05
2.7264e+05
2.7079e+05
2.6894e+05
2.6708e+05
2.6522e+05
2.6336e+05
2.6149e+05
2.5962e+05
2.5775e+05
2.5587e+05
2.5399e+05
2.5211e+05
2.5022e+05
2.4833e+05
2.4644e+05
2.4455e+05
2.4265e+05
2.4075e+05
2.3885e+05
2.3695e+05
2.3505e+05
2.3315e+05
2.3124e+05
2.2933e+05
2.2743e+05
2.2552e+05
2.2361e+05
2.217e+05
2.1979e+05
2.1788e+05
2.1597e+05
2.1405e+05
2.1214e+05
2.1023e+05
2.0832e+05
2.0641e+05
2.045e+05
2.026e+05
2.0069e+05
1.9878e+05
1.9688e+05
1.9497e+05
1.9307e+05
1.9117e+05
1.8927e+05
1.8737e+05
1.8548e+05
1.8359e+05
1.817e+05
1.7981e+05
1.7792e+05
1.7604e+05
1.7416e+05
1.7228e+05
1.704e+05
1.6853e+05
1.6666e+05
1.648e+05
1.6294e+05
1.6108e+05
1.5922e+05
1.5737e+05
1.5553e+05
1.5368e+05
1.5184e+05
1.5001e+05
1.4818e+05
1.4635e+05
1.4453e+05
1.4272e+05
1.409e+05
1.391e+05
1.373e+05
1.355e+05
1.3371e+05
1.3192e+05
1.3014e+05
1.2837e+05
1.266e+05
1.2483e+05
1.2308e+05
1.2133e+05
1.1958e+05
1.1784e+05
1.1611e+05
1.1438e+05
1.1266e+05
1.1094e+05
1.0924e+05
1.0754e+05
1.0584e+05
1.0415e+05
1.0247e+05
1.008e+05
99134
97474
95823
94178
92541
90911
89289
87675
86068
84470
82879
81296
79721
78154
76596
75045
73503
71969
70444
68927
67419
65920
64429
62947
61473
60009
58553
57107
55669
54241
52821
51411
50010
48619
47236
45863
44500
43146
41801
40466
39141
37825
36519
35223
33936
32659
31392
30135
28887
27650
26422
25205
23997
22800
21612
20435
19267
18110
16963
15826
14699
13583
12476
11380
10294
9218.5
8153
7097.9
6053
5018.4
3994.1
2980.1
1976.4
983.05
0
