53902
56990
60181
63470
66854
70330
73893
77539
81264
85064
88933
92868
96863
1.0091e+05
1.0502e+05
1.0916e+05
1.1335e+05
1.1757e+05
1.2183e+05
1.2611e+05
1.3041e+05
1.3472e+05
1.3904e+05
1.4337e+05
1.4769e+05
1.5201e+05
1.5632e+05
1.6061e+05
1.6488e+05
1.6912e+05
1.7334e+05
1.7751e+05
1.8165e+05
1.8573e+05
1.8977e+05
1.9376e+05
1.9769e+05
2.0155e+05
2.0535e+05
2.0907e+05
2.1273e+05
2.163e+05
2.198e+05
2.2321e+05
2.2654e+05
2.2978e+05
2.3292e+05
2.3597e+05
2.3893e+05
2.4178e+05
2.4454e+05
2.472e+05
2.4975e+05
2.522e+05
2.5455e+05
2.5679e+05
2.5892e+05
2.6095e+05
2.6287e+05
2.6468e+05
2.6639e+05
2.68e+05
2.695e+05
2.7089e+05
2.7218e+05
2.7337e+05
2.7446e+05
2.7545e+05
2.7634e+05
2.7713e+05
2.7783e+05
2.7844e+05
2.7896e+05
2.7939e+05
2.7974e+05
2.8e+05
2.8019e+05
2.8029e+05
2.8032e+05
2.8028e+05
2.8018e+05
2.8e+05
2.7976e+05
2.7947e+05
2.7911e+05
2.787e+05
2.7825e+05
2.7774e+05
2.7719e+05
2.766e+05
2.7597e+05
2.7531e+05
2.7461e+05
2.7389e+05
2.7314e+05
2.7237e+05
2.7158e+05
2.7077e+05
2.6994e+05
2.6911e+05
2.6827e+05
2.6742e+05
2.6657e+05
2.6571e+05
2.6486e+05
2.6401e+05
2.6316e+05
2.6233e+05
2.615e+05
2.6068e+05
2.5988e+05
2.5909e+05
2.5831e+05
2.5756e+05
2.5682e+05
2.561e+05
2.554e+05
2.5472e+05
2.5407e+05
2.5343e+05
2.5282e+05
2.5224e+05
2.5168e+05
2.5114e+05
2.5063e+05
2.5014e+05
2.4968e+05
2.4924e+05
2.4883e+05
2.4844e+05
2.4807e+05
2.4773e+05
2.4741e+05
2.4711e+05
2.4683e+05
2.4658e+05
2.4634e+05
2.4612e+05
2.4592e+05
2.4573e+05
2.4556e+05
2.4541e+05
2.4527e+05
2.4514e+05
2.4502e+05
2.4491e+05
2.4481e+05
2.4472e+05
2.4463e+05
2.4455e+05
2.4447e+05
2.444e+05
2.4432e+05
2.4424e+05
2.4417e+05
2.4409e+05
2.44e+05
2.4391e+05
2.4381e+05
2.4371e+05
2.436e+05
2.4347e+05
2.4334e+05
2.4319e+05
2.4303e+05
2.4285e+05
2.4266e+05
2.4245e+05
2.4222e+05
2.4198e+05
2.4171e+05
2.4143e+05
2.4112e+05
2.4079e+05
2.4044e+05
2.4007e+05
2.3967e+05
2.3924e+05
2.3879e+05
2.3832e+05
2.3782e+05
2.3729e+05
2.3673e+05
2.3615e+05
2.3554e+05
2.3489e+05
2.3422e+05
2.3352e+05
2.3279e+05
2.3203e+05
2.3124e+05
2.3041e+05
2.2956e+05
2.2867e+05
2.2776e+05
2.2681e+05
2.2583e+05
2.2481e+05
2.2377e+05
2.2269e+05
2.2158e+05
2.2043e+05
2.1926e+05
2.1805e+05
2.168e+05
2.1553e+05
2.1422e+05
2.1288e+05
2.115e+05
2.1009e+05
2.0865e+05
2.0718e+05
2.0567e+05
2.0413e+05
2.0255e+05
2.0095e+05
1.9931e+05
1.9763e+05
1.9593e+05
1.9419e+05
1.9242e+05
1.9062e+05
1.8878e+05
1.8692e+05
1.8502e+05
1.8309e+05
1.8113e+05
1.7914e+05
1.7712e+05
1.7507e+05
1.7299e+05
1.7088e+05
1.6875e+05
1.6658e+05
1.6439e+05
1.6218e+05
1.5994e+05
1.5767e+05
1.5538e+05
1.5307e+05
1.5073e+05
1.4838e+05
1.46e+05
1.4361e+05
1.412e+05
1.3877e+05
1.3632e+05
1.3386e+05
1.3139e+05
1.2891e+05
1.2642e+05
1.2392e+05
1.2141e+05
1.1889e+05
1.1638e+05
1.1386e+05
1.1134e+05
1.0882e+05
1.063e+05
1.0379e+05
1.0128e+05
98788
96302
93829
91370
88927
86503
84099
81717
79359
77028
74724
72451
70210
68003
65832
63699
61605
59552
57543
55579
53661
51791
49971
48202
46485
44822
43214
41662
40167
38730
37352
36033
34775
33577
32440
31365
30352
29400
28509
27680
26912
26205
25557
24969
24440
23968
23552
23192
22886
22632
22429
22276
22169
22109
22092
22116
22180
22280
22415
22582
22779
23002
23250
23519
23806
24110
24426
24752
25086
25423
25762
26100
26432
26758
27073
27374
27660
27928
28174
28397
28593
28761
28898
29002
29071
29104
29098
29052
28964
28834
28660
28441
28177
27867
27511
27109
26660
26166
25626
25043
24415
23746
23036
22287
21502
20682
19829
18948
18040
17109
16158
15191
14212
13225
12234
11245
10261
9288.6
8332.2
7397.4
6489.9
5615.6
4780.3
3990.3
3251.8
2571.4
1955.5
1411
944.65
563.33
274.05
83.902
0
29.523
179.67
457.67
870.74
1426.1
2130.9
2992.3
4017.3
5213
6586.3
8143.9
9892.6
11839
13989
16350
18927
21725
24752
28012
31510
35251
39240
43482
47979
52737
57758
63045
68602
74431
80533
86910
93564
1.005e+05
1.077e+05
1.1519e+05
1.2296e+05
1.31e+05
1.3932e+05
1.4791e+05
1.5677e+05
1.6591e+05
1.7531e+05
1.8497e+05
1.9489e+05
2.0507e+05
2.155e+05
2.2618e+05
2.3709e+05
2.4824e+05
2.5962e+05
2.7122e+05
2.8303e+05
2.9505e+05
3.0726e+05
3.1967e+05
3.3226e+05
3.4502e+05
3.5794e+05
3.7102e+05
3.8424e+05
3.9759e+05
4.1106e+05
4.2464e+05
4.3833e+05
4.521e+05
4.6594e+05
4.7985e+05
4.9381e+05
5.0781e+05
5.2183e+05
5.3587e+05
5.4991e+05
5.6394e+05
5.7794e+05
5.919e+05
6.0581e+05
6.1965e+05
6.3342e+05
6.4709e+05
6.6065e+05
6.741e+05
6.8741e+05
7.0058e+05
7.1359e+05
7.2642e+05
7.3907e+05
7.5152e+05
7.6376e+05
7.7578e+05
7.8756e+05
7.9909e+05
8.1036e+05
8.2137e+05
8.3209e+05
8.4252e+05
8.5264e+05
8.6245e+05
8.7194e+05
8.8109e+05
8.899e+05
8.9836e+05
9.0645e+05
9.1418e+05
9.2154e+05
9.2851e+05
9.3509e+05
9.4127e+05
9.4705e+05
9.5242e+05
9.5738e+05
9.6193e+05
9.6605e+05
9.6975e+05
9.7302e+05
9.7586e+05
9.7826e+05
9.8024e+05
9.8178e+05
9.8288e+05
9.8355e+05
9.8378e+05
9.8357e+05
9.8294e+05
9.8187e+05
9.8038e+05
9.7846e+05
9.7611e+05
9.7335e+05
9.7017e+05
9.6659e+05
9.626e+05
9.582e+05
9.5342e+05
9.4825e+05
9.427e+05
9.3677e+05
9.3048e+05
9.2384e+05
9.1684e+05
9.095e+05
9.0183e+05
8.9384e+05
8.8553e+05
8.7692e+05
8.6801e+05
8.5882e+05
8.4936e+05
8.3963e+05
8.2965e+05
8.1943e+05
8.0898e+05
7.9831e+05
7.8743e+05
7.7636e+05
7.651e+05
7.5367e+05
7.4207e+05
7.3033e+05
7.1845e+05
7.0644e+05
6.9432e+05
6.821e+05
6.6978e+05
6.5739e+05
6.4492e+05
6.3241e+05
6.1984e+05
6.0724e+05
5.9462e+05
5.8199e+05
5.6935e+05
5.5673e+05
5.4413e+05
5.3155e+05
5.1902e+05
5.0653e+05
4.9411e+05
4.8175e+05
4.6947e+05
4.5728e+05
4.4519e+05
4.332e+05
4.2132e+05
4.0956e+05
3.9792e+05
3.8642e+05
3.7507e+05
3.6386e+05
3.528e+05
3.4191e+05
3.3118e+05
3.2062e+05
3.1024e+05
3.0004e+05
2.9003e+05
2.802e+05
2.7057e+05
2.6113e+05
2.5189e+05
2.4286e+05
2.3403e+05
2.2541e+05
2.17e+05
2.088e+05
2.0081e+05
1.9303e+05
1.8547e+05
1.7813e+05
1.7099e+05
1.6407e+05
1.5737e+05
1.5088e+05
1.446e+05
1.3854e+05
1.3268e+05
1.2704e+05
1.216e+05
1.1636e+05
1.1133e+05
1.065e+05
1.0187e+05
97434
93190
89135
85267
81581
78074
74744
71585
68595
65769
63104
60594
58237
56028
53962
52036
50245
48584
47049
45635
44339
43156
42081
41110
40239
39462
38776
38177
37660
37221
36855
36559
36329
36160
36049
35992
35984
36023
36105
36226
36383
36573
36791
37036
37304
37592
37897
38217
38548
38889
39237
39590
39945
40300
40653
41003
41347
41684
42012
42329
42635
42928
43206
43469
43715
43943
44153
44344
44515
44665
44794
44901
44986
45049
45089
45106
45100
45070
45017
44941
44842
44720
44575
44407
44217
44004
43770
43514
43237
42940
42622
42285
41928
41552
41159
40747
40319
39874
39414
38938
38447
37943
37425
36894
36351
35797
35232
34657
34072
33478
32877
32267
31651
31028
30399
29765
29127
28484
27839
27190
26539
25886
25232
24577
23922
23267
22613
