54534
57757
61055
64421
67854
71349
74901
78507
82162
85862
89602
93378
97186
1.0102e+05
1.0488e+05
1.0875e+05
1.1264e+05
1.1654e+05
1.2044e+05
1.2434e+05
1.2823e+05
1.3211e+05
1.3598e+05
1.3983e+05
1.4366e+05
1.4746e+05
1.5122e+05
1.5496e+05
1.5865e+05
1.6229e+05
1.6589e+05
1.6944e+05
1.7293e+05
1.7636e+05
1.7973e+05
1.8304e+05
1.8628e+05
1.8944e+05
1.9253e+05
1.9555e+05
1.9849e+05
2.0134e+05
2.0411e+05
2.068e+05
2.094e+05
2.1191e+05
2.1433e+05
2.1666e+05
2.1889e+05
2.2104e+05
2.2309e+05
2.2504e+05
2.2691e+05
2.2867e+05
2.3035e+05
2.3193e+05
2.3341e+05
2.348e+05
2.361e+05
2.3731e+05
2.3843e+05
2.3946e+05
2.404e+05
2.4125e+05
2.4202e+05
2.4271e+05
2.4331e+05
2.4384e+05
2.4429e+05
2.4467e+05
2.4497e+05
2.452e+05
2.4536e+05
2.4546e+05
2.455e+05
2.4548e+05
2.454e+05
2.4527e+05
2.4508e+05
2.4485e+05
2.4458e+05
2.4426e+05
2.439e+05
2.435e+05
2.4307e+05
2.4261e+05
2.4213e+05
2.4161e+05
2.4108e+05
2.4053e+05
2.3996e+05
2.3938e+05
2.3878e+05
2.3818e+05
2.3757e+05
2.3696e+05
2.3635e+05
2.3574e+05
2.3514e+05
2.3454e+05
2.3395e+05
2.3337e+05
2.328e+05
2.3225e+05
2.3171e+05
2.3119e+05
2.3069e+05
2.302e+05
2.2974e+05
2.2931e+05
2.2889e+05
2.285e+05
2.2814e+05
2.278e+05
2.2749e+05
2.272e+05
2.2694e+05
2.2671e+05
2.2651e+05
2.2634e+05
2.2619e+05
2.2608e+05
2.2599e+05
2.2593e+05
2.2589e+05
2.2588e+05
2.259e+05
2.2595e+05
2.2601e+05
2.2611e+05
2.2622e+05
2.2636e+05
2.2652e+05
2.2669e+05
2.2689e+05
2.271e+05
2.2733e+05
2.2758e+05
2.2784e+05
2.2811e+05
2.284e+05
2.2869e+05
2.2899e+05
2.293e+05
2.2961e+05
2.2993e+05
2.3025e+05
2.3057e+05
2.309e+05
2.3122e+05
2.3153e+05
2.3184e+05
2.3215e+05
2.3245e+05
2.3274e+05
2.3302e+05
2.3328e+05
2.3354e+05
2.3378e+05
2.34e+05
2.3421e+05
2.344e+05
2.3457e+05
2.3472e+05
2.3484e+05
2.3495e+05
2.3503e+05
2.3509e+05
2.3512e+05
2.3512e+05
2.351e+05
2.3505e+05
2.3496e+05
2.3485e+05
2.3471e+05
2.3454e+05
2.3433e+05
2.3409e+05
2.3382e+05
2.3351e+05
2.3317e+05
2.328e+05
2.3238e+05
2.3194e+05
2.3145e+05
2.3093e+05
2.3038e+05
2.2978e+05
2.2915e+05
2.2848e+05
2.2777e+05
2.2702e+05
2.2623e+05
2.2541e+05
2.2455e+05
2.2364e+05
2.227e+05
2.2172e+05
2.207e+05
2.1964e+05
2.1854e+05
2.174e+05
2.1622e+05
2.15e+05
2.1375e+05
2.1245e+05
2.1111e+05
2.0974e+05
2.0832e+05
2.0687e+05
2.0538e+05
2.0385e+05
2.0228e+05
2.0067e+05
1.9903e+05
1.9734e+05
1.9562e+05
1.9386e+05
1.9207e+05
1.9024e+05
1.8837e+05
1.8647e+05
1.8453e+05
1.8255e+05
1.8055e+05
1.7851e+05
1.7643e+05
1.7432e+05
1.7218e+05
1.7001e+05
1.6781e+05
1.6558e+05
1.6332e+05
1.6104e+05
1.5872e+05
1.5638e+05
1.5401e+05
1.5162e+05
1.4921e+05
1.4677e+05
1.4431e+05
1.4184e+05
1.3934e+05
1.3683e+05
1.343e+05
1.3176e+05
1.292e+05
1.2664e+05
1.2406e+05
1.2148e+05
1.1888e+05
1.1629e+05
1.1369e+05
1.1109e+05
1.0848e+05
1.0588e+05
1.0329e+05
1.007e+05
98111
95537
92974
90423
87888
85370
82870
80391
77935
75504
73099
70723
68377
66063
63783
61540
59333
57166
55041
52957
50918
48925
46979
45081
43234
41437
39693
38002
36365
34784
33258
31789
30378
29024
27729
26492
25314
24195
23135
22133
21189
20304
19476
18704
17989
17330
16724
16172
15672
15223
14823
14471
14166
13905
13687
13511
13373
13272
13206
13173
13170
13196
13247
13322
13418
13532
13663
13807
13961
14125
14294
14466
14640
14812
14980
15142
15295
15437
15567
15681
15778
15855
15912
15947
15957
15942
15899
15829
15730
15601
15441
15251
15029
14775
14490
14174
13826
13449
13043
12608
12146
11659
11148
10616
10063
9493.8
8909.6
8313.5
7708.6
7098.2
6485.6
5874.7
5269.2
4673.3
4091.3
3527.6
2987
2474.3
1994.6
1553
1154.9
805.93
511.68
277.97
110.73
16.027
0
68.903
229.07
486.9
848.86
1321.4
1911.2
2624.7
3468.5
4449.2
5573.3
6847.4
8277.8
9871
11633
13571
15690
17997
20497
23195
26099
29213
32541
36090
39864
43868
48105
52580
57296
62258
67468
72929
78643
84614
90842
97330
1.0408e+05
1.1109e+05
1.1836e+05
1.2589e+05
1.3369e+05
1.4175e+05
1.5006e+05
1.5864e+05
1.6747e+05
1.7656e+05
1.859e+05
1.9548e+05
2.0531e+05
2.1539e+05
2.257e+05
2.3624e+05
2.4701e+05
2.58e+05
2.6921e+05
2.8062e+05
2.9224e+05
3.0406e+05
3.1606e+05
3.2825e+05
3.406e+05
3.5312e+05
3.6579e+05
3.7861e+05
3.9157e+05
4.0465e+05
4.1785e+05
4.3115e+05
4.4455e+05
4.5803e+05
4.7159e+05
4.852e+05
4.9887e+05
5.1257e+05
5.263e+05
5.4005e+05
5.5379e+05
5.6753e+05
5.8124e+05
5.9491e+05
6.0854e+05
6.221e+05
6.3559e+05
6.4899e+05
6.6229e+05
6.7548e+05
6.8854e+05
7.0146e+05
7.1423e+05
7.2684e+05
7.3927e+05
7.5151e+05
7.6356e+05
7.7538e+05
7.8699e+05
7.9835e+05
8.0947e+05
8.2033e+05
8.3092e+05
8.4123e+05
8.5124e+05
8.6096e+05
8.7036e+05
8.7944e+05
8.8819e+05
8.9661e+05
9.0467e+05
9.1239e+05
9.1973e+05
9.2671e+05
9.3331e+05
9.3953e+05
9.4536e+05
9.5079e+05
9.5583e+05
9.6045e+05
9.6467e+05
9.6848e+05
9.7187e+05
9.7484e+05
9.7739e+05
9.7952e+05
9.8122e+05
9.825e+05
9.8335e+05
9.8378e+05
9.8378e+05
9.8335e+05
9.8251e+05
9.8124e+05
9.7955e+05
9.7745e+05
9.7493e+05
9.7201e+05
9.6868e+05
9.6495e+05
9.6082e+05
9.5631e+05
9.5141e+05
9.4614e+05
9.4049e+05
9.3448e+05
9.2811e+05
9.2139e+05
9.1433e+05
9.0694e+05
8.9922e+05
8.9119e+05
8.8285e+05
8.7421e+05
8.6528e+05
8.5608e+05
8.4661e+05
8.3688e+05
8.2691e+05
8.167e+05
8.0626e+05
7.9561e+05
7.8476e+05
7.7371e+05
7.6248e+05
7.5108e+05
7.3953e+05
7.2782e+05
7.1599e+05
7.0402e+05
6.9195e+05
6.7977e+05
6.675e+05
6.5515e+05
6.4274e+05
6.3027e+05
6.1775e+05
6.052e+05
5.9263e+05
5.8004e+05
5.6745e+05
5.5487e+05
5.4231e+05
5.2977e+05
5.1728e+05
5.0483e+05
4.9244e+05
4.8011e+05
4.6786e+05
4.5569e+05
4.4362e+05
4.3165e+05
4.1978e+05
4.0803e+05
3.9641e+05
3.8491e+05
3.7355e+05
3.6234e+05
3.5128e+05
3.4037e+05
3.2962e+05
3.1904e+05
3.0864e+05
2.9841e+05
2.8836e+05
2.7849e+05
2.6882e+05
2.5934e+05
2.5005e+05
2.4096e+05
2.3208e+05
2.2339e+05
2.1491e+05
2.0664e+05
1.9858e+05
1.9073e+05
1.8308e+05
1.7565e+05
1.6843e+05
1.6142e+05
1.5463e+05
1.4804e+05
1.4166e+05
1.355e+05
1.2954e+05
1.2378e+05
1.1823e+05
1.1289e+05
1.0774e+05
1.028e+05
98050
93496
89132
84957
80967
77159
73530
70077
66795
63682
60733
57944
55312
52833
50502
48316
46270
44360
42581
40931
39403
37994
36700
35516
34438
33461
32582
31796
31098
30485
29953
29497
29114
28798
28548
28357
28224
28143
28112
28127
28184
28280
28412
28576
28770
28989
29232
29496
29777
30073
30382
30700
31027
31359
31694
32030
32365
32698
33027
33349
33664
33969
34264
34547
34817
35073
35314
35538
35745
35935
36106
36257
36389
36500
36591
36660
36708
36734
36739
36721
36681
36619
36535
36430
36302
36152
35981
35789
35576
35342
35088
34813
34519
34206
33875
33525
33157
32772
32370
31952
31518
31070
30606
30129
29638
29135
28619
28091
27553
27004
26445
25876
25299
24714
24122
23522
22916
22303
21686
21064
20437
19807
19173
18537
17899
17258
16617
15974
15331
14689
14046
13405
