2.6513e+05
2.6838e+05
2.7163e+05
2.7489e+05
2.7815e+05
2.8141e+05
2.8467e+05
2.8794e+05
2.912e+05
2.9445e+05
2.977e+05
3.0095e+05
3.0418e+05
3.074e+05
3.1062e+05
3.1382e+05
3.17e+05
3.2017e+05
3.2332e+05
3.2645e+05
3.2956e+05
3.3265e+05
3.3571e+05
3.3875e+05
3.4177e+05
3.4475e+05
3.4771e+05
3.5064e+05
3.5353e+05
3.5639e+05
3.5922e+05
3.6201e+05
3.6477e+05
3.6748e+05
3.7016e+05
3.728e+05
3.7539e+05
3.7795e+05
3.8045e+05
3.8292e+05
3.8534e+05
3.8771e+05
3.9003e+05
3.923e+05
3.9452e+05
3.9669e+05
3.9881e+05
4.0088e+05
4.0289e+05
4.0485e+05
4.0675e+05
4.0859e+05
4.1038e+05
4.1211e+05
4.1378e+05
4.1539e+05
4.1694e+05
4.1842e+05
4.1985e+05
4.2122e+05
4.2252e+05
4.2376e+05
4.2493e+05
4.2605e+05
4.2709e+05
4.2807e+05
4.2899e+05
4.2984e+05
4.3063e+05
4.3135e+05
4.32e+05
4.3258e+05
4.331e+05
4.3355e+05
4.3394e+05
4.3426e+05
4.3451e+05
4.3469e+05
4.3481e+05
4.3486e+05
4.3484e+05
4.3476e+05
4.3461e+05
4.3439e+05
4.3411e+05
4.3377e+05
4.3335e+05
4.3288e+05
4.3234e+05
4.3173e+05
4.3107e+05
4.3034e+05
4.2954e+05
4.2869e+05
4.2777e+05
4.268e+05
4.2577e+05
4.2467e+05
4.2352e+05
4.2231e+05
4.2105e+05
4.1973e+05
4.1836e+05
4.1693e+05
4.1545e+05
4.1392e+05
4.1234e+05
4.1071e+05
4.0903e+05
4.0731e+05
4.0554e+05
4.0372e+05
4.0186e+05
3.9996e+05
3.9802e+05
3.9604e+05
3.9402e+05
3.9196e+05
3.8987e+05
3.8775e+05
3.8559e+05
3.8339e+05
3.8117e+05
3.7892e+05
3.7665e+05
3.7434e+05
3.7201e+05
3.6966e+05
3.6729e+05
3.649e+05
3.6249e+05
3.6006e+05
3.5762e+05
3.5516e+05
3.5269e+05
3.502e+05
3.4771e+05
3.4521e+05
3.427e+05
3.4019e+05
3.3767e+05
3.3515e+05
3.3263e+05
3.3011e+05
3.2759e+05
3.2508e+05
3.2256e+05
3.2006e+05
3.1756e+05
3.1506e+05
3.1258e+05
3.1011e+05
3.0764e+05
3.052e+05
3.0276e+05
3.0034e+05
2.9794e+05
2.9555e+05
2.9318e+05
2.9083e+05
2.885e+05
2.8619e+05
2.839e+05
2.8164e+05
2.794e+05
2.7718e+05
2.7499e+05
2.7282e+05
2.7068e+05
2.6856e+05
2.6647e+05
2.6441e+05
2.6238e+05
2.6037e+05
2.584e+05
2.5645e+05
2.5453e+05
2.5264e+05
2.5078e+05
2.4895e+05
2.4715e+05
2.4538e+05
2.4364e+05
2.4193e+05
2.4025e+05
2.3859e+05
2.3697e+05
2.3537e+05
2.338e+05
2.3226e+05
2.3075e+05
2.2927e+05
2.2781e+05
2.2638e+05
2.2497e+05
2.2359e+05
2.2223e+05
2.2089e+05
2.1958e+05
2.1829e+05
2.1702e+05
2.1577e+05
2.1454e+05
2.1333e+05
2.1214e+05
2.1096e+05
2.098e+05
2.0865e+05
2.0751e+05
2.0639e+05
2.0528e+05
2.0418e+05
2.0308e+05
2.02e+05
2.0092e+05
1.9985e+05
1.9878e+05
1.9771e+05
1.9665e+05
1.9558e+05
1.9452e+05
1.9345e+05
1.9238e+05
1.913e+05
1.9022e+05
1.8914e+05
1.8804e+05
1.8693e+05
1.8582e+05
1.8469e+05
1.8354e+05
1.8239e+05
1.8122e+05
1.8003e+05
1.7882e+05
1.776e+05
1.7635e+05
1.7509e+05
1.738e+05
1.7249e+05
1.7116e+05
1.698e+05
1.6842e+05
1.6701e+05
1.6557e+05
1.6411e+05
1.6262e+05
1.6109e+05
1.5954e+05
1.5796e+05
1.5635e+05
1.5471e+05
1.5304e+05
1.5133e+05
1.4959e+05
1.4782e+05
1.4602e+05
1.4419e+05
1.4232e+05
1.4042e+05
1.3849e+05
1.3653e+05
1.3454e+05
1.3251e+05
1.3045e+05
1.2837e+05
1.2625e+05
1.241e+05
1.2193e+05
1.1972e+05
1.1749e+05
1.1523e+05
1.1295e+05
1.1064e+05
1.0831e+05
1.0596e+05
1.0358e+05
1.0119e+05
98777
96347
93901
91441
88969
86486
83994
81495
78990
76482
73973
71464
68958
66456
63962
61477
59004
56545
54102
51678
49276
46897
44545
42223
39932
37675
35456
33277
31141
29050
27008
25017
23080
21200
19380
17623
15932
14309
12758
11281
9881.8
8562.6
7326.5
6176.4
5115.1
4145.5
3270.5
2492.7
1814.9
1239.9
770.43
409.09
158.52
21.311
0
97.082
315
656.15
1122.9
1717.4
2442.1
3298.9
4290.1
5417.6
6683.5
8089.5
9637.5
11329
13166
15150
17283
19565
21998
24584
27324
30217
33267
36472
39835
43356
47034
50872
54869
59025
63340
67815
72449
77243
82195
87307
92576
98002
1.0359e+05
1.0932e+05
1.1522e+05
1.2127e+05
1.2747e+05
1.3382e+05
1.4032e+05
1.4697e+05
1.5377e+05
1.6071e+05
1.6779e+05
1.7502e+05
1.8238e+05
1.8989e+05
1.9752e+05
2.0529e+05
2.1319e+05
2.2122e+05
2.2937e+05
2.3765e+05
2.4604e+05
2.5455e+05
2.6317e+05
2.719e+05
2.8074e+05
2.8968e+05
2.9872e+05
3.0786e+05
3.1708e+05
3.264e+05
3.3581e+05
3.4529e+05
3.5485e+05
3.6449e+05
3.7419e+05
3.8396e+05
3.9379e+05
4.0368e+05
4.1362e+05
4.2361e+05
4.3364e+05
4.4371e+05
4.5382e+05
4.6396e+05
4.7412e+05
4.843e+05
4.945e+05
5.0471e+05
5.1492e+05
5.2514e+05
5.3536e+05
5.4557e+05
5.5576e+05
5.6594e+05
5.761e+05
5.8623e+05
5.9632e+05
6.0638e+05
6.164e+05
6.2638e+05
6.363e+05
6.4616e+05
6.5597e+05
6.6571e+05
6.7538e+05
6.8497e+05
6.9448e+05
7.0391e+05
7.1325e+05
7.225e+05
7.3165e+05
7.4069e+05
7.4963e+05
7.5845e+05
7.6716e+05
7.7575e+05
7.8422e+05
7.9255e+05
8.0076e+05
8.0882e+05
8.1675e+05
8.2453e+05
8.3216e+05
8.3964e+05
8.4697e+05
8.5413e+05
8.6113e+05
8.6796e+05
8.7463e+05
8.8112e+05
8.8744e+05
8.9357e+05
8.9953e+05
9.053e+05
9.1088e+05
9.1627e+05
9.2147e+05
9.2647e+05
9.3127e+05
9.3588e+05
9.4028e+05
9.4448e+05
9.4848e+05
9.5226e+05
9.5584e+05
9.5921e+05
9.6236e+05
9.6531e+05
9.6803e+05
9.7055e+05
9.7284e+05
9.7492e+05
9.7678e+05
9.7842e+05
9.7985e+05
9.8105e+05
9.8203e+05
9.828e+05
9.8334e+05
9.8367e+05
9.8378e+05
9.8366e+05
9.8333e+05
9.8279e+05
9.8202e+05
9.8104e+05
9.7985e+05
9.7844e+05
9.7681e+05
9.7498e+05
9.7294e+05
9.7068e+05
9.6822e+05
9.6556e+05
9.6269e+05
9.5962e+05
9.5635e+05
9.5289e+05
9.4922e+05
9.4537e+05
9.4132e+05
9.3709e+05
9.3267e+05
9.2807e+05
9.2329e+05
9.1833e+05
9.132e+05
9.079e+05
9.0243e+05
8.9679e+05
8.91e+05
8.8504e+05
8.7893e+05
8.7267e+05
8.6626e+05
8.597e+05
8.5301e+05
8.4618e+05
8.3921e+05
8.3212e+05
8.2489e+05
8.1755e+05
8.1009e+05
8.0251e+05
7.9483e+05
7.8703e+05
7.7914e+05
7.7114e+05
7.6306e+05
7.5488e+05
7.4662e+05
7.3827e+05
7.2985e+05
7.2135e+05
7.1279e+05
7.0415e+05
6.9546e+05
6.8671e+05
6.7791e+05
6.6906e+05
6.6016e+05
6.5123e+05
6.4226e+05
6.3325e+05
6.2422e+05
6.1516e+05
6.0609e+05
5.97e+05
5.8789e+05
5.7878e+05
5.6966e+05
5.6055e+05
5.5144e+05
5.4233e+05
5.3324e+05
5.2416e+05
5.151e+05
5.0606e+05
4.9705e+05
4.8807e+05
4.7912e+05
4.702e+05
4.6133e+05
4.525e+05
4.4372e+05
4.3498e+05
4.263e+05
4.1767e+05
4.091e+05
4.0059e+05
3.9215e+05
3.8378e+05
3.7547e+05
3.6724e+05
3.5908e+05
3.51e+05
3.43e+05
3.3508e+05
3.2724e+05
3.195e+05
3.1184e+05
3.0427e+05
2.968e+05
2.8942e+05
2.8213e+05
2.7495e+05
2.6786e+05
2.6088e+05
2.54e+05
2.4722e+05
2.4055e+05
2.3398e+05
2.2753e+05
2.2118e+05
2.1494e+05
2.0882e+05
2.028e+05
1.969e+05
1.9111e+05
1.8544e+05
1.7988e+05
1.7443e+05
1.691e+05
1.6388e+05
1.5878e+05
1.538e+05
1.4893e+05
1.4418e+05
1.3954e+05
1.3502e+05
1.3062e+05
1.2633e+05
1.2215e+05
1.1809e+05
1.1414e+05
1.1031e+05
1.0659e+05
1.0298e+05
99482
96095
92817
89648
86587
83633
80784
78040
75399
72860
70423
68085
65845
63702
61655
59701
57840
56070
54390
52797
51291
49868
48529
47271
46092
44991
43966
43014
42135
41327
40587
39913
39305
38759
38275
37849
37482
37169
36910
36703
36546
36436
36373
36353
36376
36440
36541
36680
36854
37060
37298
37565
37860
38181
38527
38895
39283
39691
40117
40559
41014
41483
41963
42453
42951
43456
43966
44480
44997
45515
46033
46550
47065
47576
48082
48582
49075
49559
50035
50501
50955
51397
51827
52243
52644
53030
53399
53752
54088
54405
54704
54983
55243
55482
55701
55898
56074
56228
56360
56469
56555
56619
56659
56676
56670
56640
56586
56508
56407
56283
56134
55962
55767
55548
