1.6565e+05
1.6894e+05
1.7226e+05
1.7562e+05
1.7901e+05
1.8243e+05
1.8587e+05
1.8934e+05
1.9282e+05
1.9632e+05
1.9984e+05
2.0336e+05
2.0689e+05
2.1043e+05
2.1397e+05
2.1751e+05
2.2105e+05
2.2458e+05
2.281e+05
2.3161e+05
2.3511e+05
2.3859e+05
2.4205e+05
2.4548e+05
2.489e+05
2.5228e+05
2.5563e+05
2.5896e+05
2.6224e+05
2.655e+05
2.6871e+05
2.7188e+05
2.75e+05
2.7808e+05
2.8112e+05
2.841e+05
2.8703e+05
2.8991e+05
2.9274e+05
2.955e+05
2.9821e+05
3.0087e+05
3.0346e+05
3.0598e+05
3.0845e+05
3.1085e+05
3.1319e+05
3.1546e+05
3.1766e+05
3.198e+05
3.2186e+05
3.2386e+05
3.2579e+05
3.2765e+05
3.2944e+05
3.3117e+05
3.3282e+05
3.344e+05
3.3591e+05
3.3735e+05
3.3873e+05
3.4003e+05
3.4127e+05
3.4244e+05
3.4354e+05
3.4457e+05
3.4554e+05
3.4645e+05
3.4729e+05
3.4806e+05
3.4878e+05
3.4943e+05
3.5003e+05
3.5056e+05
3.5104e+05
3.5147e+05
3.5183e+05
3.5215e+05
3.5241e+05
3.5263e+05
3.5279e+05
3.5291e+05
3.5299e+05
3.5302e+05
3.5301e+05
3.5295e+05
3.5286e+05
3.5273e+05
3.5257e+05
3.5237e+05
3.5214e+05
3.5188e+05
3.516e+05
3.5128e+05
3.5094e+05
3.5058e+05
3.5019e+05
3.4979e+05
3.4936e+05
3.4892e+05
3.4847e+05
3.48e+05
3.4751e+05
3.4702e+05
3.4651e+05
3.46e+05
3.4548e+05
3.4495e+05
3.4442e+05
3.4388e+05
3.4335e+05
3.428e+05
3.4226e+05
3.4172e+05
3.4118e+05
3.4064e+05
3.401e+05
3.3957e+05
3.3904e+05
3.3851e+05
3.3799e+05
3.3747e+05
3.3695e+05
3.3644e+05
3.3594e+05
3.3543e+05
3.3494e+05
3.3445e+05
3.3396e+05
3.3348e+05
3.33e+05
3.3253e+05
3.3205e+05
3.3159e+05
3.3112e+05
3.3065e+05
3.3019e+05
3.2972e+05
3.2926e+05
3.2879e+05
3.2832e+05
3.2785e+05
3.2737e+05
3.2689e+05
3.264e+05
3.259e+05
3.2539e+05
3.2488e+05
3.2435e+05
3.2381e+05
3.2326e+05
3.2269e+05
3.221e+05
3.215e+05
3.2088e+05
3.2024e+05
3.1957e+05
3.1889e+05
3.1818e+05
3.1744e+05
3.1668e+05
3.1589e+05
3.1507e+05
3.1422e+05
3.1334e+05
3.1243e+05
3.1149e+05
3.105e+05
3.0949e+05
3.0843e+05
3.0734e+05
3.0621e+05
3.0504e+05
3.0383e+05
3.0258e+05
3.0129e+05
2.9996e+05
2.9858e+05
2.9716e+05
2.9569e+05
2.9418e+05
2.9263e+05
2.9103e+05
2.8939e+05
2.877e+05
2.8596e+05
2.8419e+05
2.8236e+05
2.805e+05
2.7858e+05
2.7663e+05
2.7463e+05
2.7259e+05
2.705e+05
2.6838e+05
2.6621e+05
2.6401e+05
2.6176e+05
2.5948e+05
2.5716e+05
2.548e+05
2.5241e+05
2.4999e+05
2.4754e+05
2.4505e+05
2.4254e+05
2.3999e+05
2.3742e+05
2.3483e+05
2.3222e+05
2.2958e+05
2.2692e+05
2.2425e+05
2.2156e+05
2.1886e+05
2.1614e+05
2.1342e+05
2.1069e+05
2.0795e+05
2.0521e+05
2.0247e+05
1.9972e+05
1.9698e+05
1.9424e+05
1.9151e+05
1.8879e+05
1.8608e+05
1.8337e+05
1.8069e+05
1.7802e+05
1.7537e+05
1.7273e+05
1.7012e+05
1.6753e+05
1.6497e+05
1.6244e+05
1.5993e+05
1.5746e+05
1.5501e+05
1.526e+05
1.5023e+05
1.4789e+05
1.4559e+05
1.4333e+05
1.411e+05
1.3892e+05
1.3678e+05
1.3469e+05
1.3264e+05
1.3063e+05
1.2867e+05
1.2675e+05
1.2488e+05
1.2306e+05
1.2129e+05
1.1956e+05
1.1788e+05
1.1625e+05
1.1466e+05
1.1313e+05
1.1164e+05
1.1019e+05
1.088e+05
1.0745e+05
1.0615e+05
1.0489e+05
1.0367e+05
1.025e+05
1.0137e+05
1.0028e+05
99229
98218
97245
96308
95406
94538
93700
92893
92115
91363
90636
89932
89250
88587
87941
87310
86694
86088
85493
84904
84321
83742
83163
82585
82003
81417
80824
80223
79611
78987
78350
77696
77025
76334
75624
74891
74134
73352
72545
71710
70846
69954
69031
68077
67091
66074
65023
63940
62824
61675
60492
59277
58030
56750
55439
54097
52726
51326
49898
48444
46965
45463
43940
42397
40837
39261
37672
36073
34466
32853
31238
29623
28012
26408
24814
23234
21671
20129
18611
17123
15666
14247
12868
11534
10250
9019.2
7846.8
6737.1
5694.8
4724.3
3830.4
3017.8
2291
1654.9
1114.2
673.63
337.92
111.81
0
7.1909
138.04
397.16
789.13
1318.5
1989.6
2807
3774.9
4897.6
6179.2
7623.8
9235.2
11017
12974
15109
17425
19926
22615
25495
28568
31839
35308
38979
42854
46934
51222
55718
60425
65344
70475
75820
81379
87152
93140
99342
1.0576e+05
1.1239e+05
1.1923e+05
1.2628e+05
1.3355e+05
1.4102e+05
1.487e+05
1.5659e+05
1.6468e+05
1.7297e+05
1.8145e+05
1.9014e+05
1.9901e+05
2.0807e+05
2.1732e+05
2.2675e+05
2.3636e+05
2.4614e+05
2.5608e+05
2.662e+05
2.7647e+05
2.8689e+05
2.9746e+05
3.0818e+05
3.1903e+05
3.3001e+05
3.4112e+05
3.5234e+05
3.6368e+05
3.7513e+05
3.8667e+05
3.983e+05
4.1002e+05
4.2182e+05
4.3369e+05
4.4562e+05
4.576e+05
4.6963e+05
4.8171e+05
4.9381e+05
5.0594e+05
5.1808e+05
5.3023e+05
5.4237e+05
5.5451e+05
5.6663e+05
5.7873e+05
5.9079e+05
6.028e+05
6.1477e+05
6.2667e+05
6.3851e+05
6.5027e+05
6.6195e+05
6.7353e+05
6.8501e+05
6.9637e+05
7.0762e+05
7.1875e+05
7.2974e+05
7.4058e+05
7.5128e+05
7.6181e+05
7.7218e+05
7.8238e+05
7.924e+05
8.0222e+05
8.1185e+05
8.2128e+05
8.305e+05
8.395e+05
8.4828e+05
8.5683e+05
8.6514e+05
8.7321e+05
8.8103e+05
8.8861e+05
8.9592e+05
9.0297e+05
9.0974e+05
9.1625e+05
9.2248e+05
9.2842e+05
9.3408e+05
9.3945e+05
9.4452e+05
9.493e+05
9.5378e+05
9.5795e+05
9.6182e+05
9.6538e+05
9.6863e+05
9.7156e+05
9.7419e+05
9.765e+05
9.7849e+05
9.8016e+05
9.8152e+05
9.8256e+05
9.8328e+05
9.8369e+05
9.8378e+05
9.8355e+05
9.8301e+05
9.8215e+05
9.8098e+05
9.795e+05
9.7771e+05
9.7561e+05
9.7321e+05
9.7051e+05
9.6751e+05
9.6422e+05
9.6063e+05
9.5676e+05
9.526e+05
9.4816e+05
9.4345e+05
9.3846e+05
9.3321e+05
9.2769e+05
9.2192e+05
9.159e+05
9.0963e+05
9.0312e+05
8.9637e+05
8.8939e+05
8.8219e+05
8.7477e+05
8.6714e+05
8.5931e+05
8.5128e+05
8.4305e+05
8.3464e+05
8.2605e+05
8.1729e+05
8.0836e+05
7.9928e+05
7.9004e+05
7.8066e+05
7.7115e+05
7.615e+05
7.5174e+05
7.4185e+05
7.3186e+05
7.2177e+05
7.1159e+05
7.0131e+05
6.9096e+05
6.8054e+05
6.7006e+05
6.5952e+05
6.4892e+05
6.3829e+05
6.2762e+05
6.1692e+05
6.0619e+05
5.9546e+05
5.8471e+05
5.7396e+05
5.6322e+05
5.5249e+05
5.4178e+05
5.3109e+05
5.2043e+05
5.0981e+05
4.9923e+05
4.887e+05
4.7823e+05
4.6781e+05
4.5746e+05
4.4718e+05
4.3698e+05
4.2685e+05
4.1682e+05
4.0687e+05
3.9702e+05
3.8727e+05
3.7762e+05
3.6808e+05
3.5865e+05
3.4934e+05
3.4015e+05
3.3108e+05
3.2214e+05
3.1332e+05
3.0464e+05
2.9609e+05
2.8769e+05
2.7942e+05
2.7129e+05
2.6331e+05
2.5548e+05
2.4779e+05
2.4026e+05
2.3288e+05
2.2565e+05
2.1857e+05
2.1165e+05
2.0489e+05
1.9828e+05
1.9183e+05
1.8553e+05
1.794e+05
1.7342e+05
1.676e+05
1.6194e+05
1.5644e+05
1.5109e+05
1.459e+05
1.4087e+05
1.3599e+05
1.3126e+05
1.2669e+05
1.2226e+05
1.1799e+05
1.1387e+05
1.0989e+05
1.0606e+05
1.0237e+05
98826
95421
92153
89022
86024
83158
80421
77810
75324
72961
70716
68588
66575
64673
62879
61192
59608
58125
56739
55448
54248
53138
52115
51174
50314
49531
48824
48188
47621
47120
46682
46305
45986
45722
45510
45347
45232
45161
45132
45142
45188
45269
45382
45524
45693
45887
46103
46341
46596
46868
47154
47452
47761
48078
48403
48732
49064
49399
49734
50067
50398
50725
51047
51362
51670
51968
52257
52534
52800
53053
53292
53517
53726
53920
54097
54257
54399
54523
54629
54716
54783
54831
54859
54867
54855
54822
54770
54696
54603
54488
54354
54199
54024
53829
53614
53379
53126
52853
52561
52250
51922
51575
51211
50830
50432
50018
49588
49143
48683
48208
47719
47216
46701
46172
45632
45080
44517
43944
