4994.9
6183.6
7639.7
9365.5
11362
13630
16169
18979
22056
25398
29002
32864
36978
41338
45939
50772
55831
61105
66586
72264
78129
84169
90373
96729
1.0322e+05
1.0985e+05
1.1658e+05
1.2341e+05
1.3033e+05
1.3733e+05
1.4437e+05
1.5146e+05
1.5858e+05
1.6571e+05
1.7284e+05
1.7995e+05
1.8702e+05
1.9405e+05
2.0102e+05
2.0791e+05
2.1471e+05
2.214e+05
2.2797e+05
2.3441e+05
2.407e+05
2.4683e+05
2.5279e+05
2.5857e+05
2.6414e+05
2.6951e+05
2.7466e+05
2.7958e+05
2.8426e+05
2.887e+05
2.9287e+05
2.9678e+05
3.0043e+05
3.0379e+05
3.0687e+05
3.0966e+05
3.1215e+05
3.1435e+05
3.1625e+05
3.1785e+05
3.1914e+05
3.2013e+05
3.2082e+05
3.212e+05
3.2128e+05
3.2106e+05
3.2054e+05
3.1972e+05
3.1862e+05
3.1723e+05
3.1557e+05
3.1363e+05
3.1142e+05
3.0896e+05
3.0625e+05
3.0329e+05
3.001e+05
2.9668e+05
2.9306e+05
2.8923e+05
2.852e+05
2.81e+05
2.7663e+05
2.721e+05
2.6742e+05
2.6261e+05
2.5768e+05
2.5265e+05
2.4752e+05
2.423e+05
2.3702e+05
2.3169e+05
2.2631e+05
2.209e+05
2.1547e+05
2.1005e+05
2.0463e+05
1.9923e+05
1.9387e+05
1.8856e+05
1.8331e+05
1.7812e+05
1.7302e+05
1.6801e+05
1.631e+05
1.5831e+05
1.5364e+05
1.491e+05
1.4471e+05
1.4046e+05
1.3638e+05
1.3245e+05
1.2871e+05
1.2514e+05
1.2175e+05
1.1856e+05
1.1556e+05
1.1276e+05
1.1017e+05
1.0778e+05
1.056e+05
1.0364e+05
1.0188e+05
1.0034e+05
99016
97906
97010
96328
95857
95596
95542
95693
96045
96595
97339
98271
99388
1.0068e+05
1.0215e+05
1.0379e+05
1.0559e+05
1.0755e+05
1.0965e+05
1.119e+05
1.1428e+05
1.1679e+05
1.1942e+05
1.2216e+05
1.2501e+05
1.2796e+05
1.31e+05
1.3412e+05
1.3732e+05
1.4059e+05
1.4392e+05
1.4729e+05
1.5072e+05
1.5418e+05
1.5767e+05
1.6118e+05
1.647e+05
1.6823e+05
1.7177e+05
1.7529e+05
1.788e+05
1.8229e+05
1.8575e+05
1.8917e+05
1.9256e+05
1.959e+05
1.9918e+05
2.0241e+05
2.0557e+05
2.0867e+05
2.1168e+05
2.1462e+05
2.1747e+05
2.2023e+05
2.229e+05
2.2547e+05
2.2794e+05
2.303e+05
2.3255e+05
2.3469e+05
2.3671e+05
2.3861e+05
2.4039e+05
2.4205e+05
2.4357e+05
2.4497e+05
2.4624e+05
2.4737e+05
2.4837e+05
2.4924e+05
2.4996e+05
2.5055e+05
2.51e+05
2.5131e+05
2.5148e+05
2.5151e+05
2.514e+05
2.5116e+05
2.5077e+05
2.5024e+05
2.4958e+05
2.4878e+05
2.4785e+05
2.4678e+05
2.4558e+05
2.4424e+05
2.4278e+05
2.412e+05
2.3949e+05
2.3766e+05
2.3571e+05
2.3364e+05
2.3146e+05
2.2917e+05
2.2678e+05
2.2428e+05
2.2168e+05
2.1898e+05
2.162e+05
2.1333e+05
2.1037e+05
2.0733e+05
2.0422e+05
2.0104e+05
1.9779e+05
1.9448e+05
1.9112e+05
1.877e+05
1.8423e+05
1.8073e+05
1.7718e+05
1.7361e+05
1.7e+05
1.6637e+05
1.6273e+05
1.5907e+05
1.554e+05
1.5173e+05
1.4806e+05
1.444e+05
1.4075e+05
1.3711e+05
1.3349e+05
1.2989e+05
1.2633e+05
1.2279e+05
1.1928e+05
1.1582e+05
1.124e+05
1.0902e+05
1.0569e+05
1.0241e+05
99190
96022
92912
89864
86877
83955
81098
78308
75585
72931
70345
67829
65382
63004
60695
58454
56281
54176
52136
50161
48249
46400
44611
42881
41208
39591
38027
36514
35052
33636
32266
30940
29655
28409
27201
26028
24889
23782
22705
21657
20636
19641
18671
17724
16800
15897
15016
14155
13314
12493
11692
10911
10150
9409.3
8689.7
7991.7
7316.1
6663.7
6035.5
5432.6
4856.1
4307.2
3787.4
3297.8
2839.9
2415.1
2024.7
1670.2
1352.9
1074.1
835.05
636.97
480.95
367.95
298.83
274.34
295.03
361.32
473.45
631.46
835.2
1084.3
1378.2
1716.1
2096.9
2519.4
2982.1
3483.2
4020.7
4592.4
5195.8
5828.3
6486.9
7168.4
7869.6
8586.8
9316.4
10055
10797
11540
12279
13009
13727
14427
15106
15759
16381
16968
17515
18019
18476
18881
19232
19524
19755
19922
20023
20055
20017
19908
19726
19472
19146
18749
18281
17745
17143
16478
15754
14975
14147
13274
12362
11420
10453
9470.6
8481.2
7494.1
6519.4
5567.5
4649.6
3777.4
2963
2219.1
1558.9
995.86
544
217.62
31.324
0
138.75
462.85
987.69
1728.8
2701.5
3921.5
5403.9
7164.1
9217.1
11578
14260
17278
20646
24377
28483
32976
37868
43169
48889
55037
61620
68647
76124
84055
92445
1.013e+05
1.1061e+05
1.2039e+05
1.3064e+05
1.4135e+05
1.5251e+05
1.6414e+05
1.7621e+05
1.8873e+05
2.0169e+05
2.1507e+05
2.2887e+05
2.4308e+05
2.5768e+05
2.7266e+05
2.88e+05
3.0369e+05
3.1971e+05
3.3604e+05
3.5266e+05
3.6955e+05
3.8669e+05
4.0405e+05
4.2162e+05
4.3937e+05
4.5726e+05
4.7529e+05
4.9341e+05
5.116e+05
5.2984e+05
5.4809e+05
5.6633e+05
5.8452e+05
6.0265e+05
6.2067e+05
6.3855e+05
6.5628e+05
6.7381e+05
6.9113e+05
7.0819e+05
7.2497e+05
7.4144e+05
7.5757e+05
7.7334e+05
7.8871e+05
8.0366e+05
8.1816e+05
8.3219e+05
8.4573e+05
8.5874e+05
8.7121e+05
8.8312e+05
8.9444e+05
9.0515e+05
9.1524e+05
9.2469e+05
9.3348e+05
9.416e+05
9.4904e+05
9.5577e+05
9.618e+05
9.6712e+05
9.7171e+05
9.7556e+05
9.7869e+05
9.8107e+05
9.8271e+05
9.8362e+05
9.8378e+05
9.832e+05
9.8189e+05
9.7985e+05
9.7708e+05
9.7361e+05
9.6942e+05
9.6455e+05
9.5899e+05
9.5276e+05
9.4587e+05
9.3835e+05
9.302e+05
9.2144e+05
9.121e+05
9.0219e+05
8.9173e+05
8.8075e+05
8.6926e+05
8.5729e+05
8.4486e+05
8.3199e+05
8.1871e+05
8.0505e+05
7.9103e+05
7.7667e+05
7.62e+05
7.4705e+05
7.3184e+05
7.1639e+05
7.0075e+05
6.8492e+05
6.6894e+05
6.5283e+05
6.3661e+05
6.2032e+05
6.0398e+05
5.8761e+05
5.7123e+05
5.5487e+05
5.3855e+05
5.223e+05
5.0613e+05
4.9007e+05
4.7414e+05
4.5835e+05
4.4273e+05
4.2729e+05
4.1205e+05
3.9702e+05
3.8223e+05
3.6768e+05
3.5339e+05
3.3938e+05
3.2565e+05
3.1221e+05
2.9908e+05
2.8626e+05
2.7377e+05
2.616e+05
2.4977e+05
2.3828e+05
2.2714e+05
2.1635e+05
2.059e+05
1.9582e+05
1.8608e+05
1.7671e+05
1.6768e+05
1.5901e+05
1.507e+05
1.4273e+05
1.3511e+05
1.2783e+05
1.2089e+05
1.1428e+05
1.08e+05
1.0204e+05
96399
91062
86026
81283
76824
72642
68727
65072
61666
58500
55566
52854
50353
48056
45951
44030
42283
40701
39273
37991
36846
35828
34929
34141
33454
32860
32353
31923
31563
31267
31027
30836
30690
30580
30502
30451
30420
30406
30404
30410
30420
30430
30438
30439
30433
30415
30384
30339
30277
30198
30100
29982
29844
29685
29505
29304
29083
28841
28578
28297
27996
27678
27342
26991
26625
26245
25853
25450
25037
24616
24189
23756
23319
22879
22439
21999
21561
21126
20696
20271
19854
19444
19044
18654
18276
17909
17556
17216
16891
16581
16286
16008
15745
15500
15271
15059
14864
14686
14524
14380
14251
14138
14041
13958
13890
13836
13795
13767
13750
13744
13748
13761
13782
13811
13846
13886
13930
13978
14028
14079
14130
14181
14230
14276
14318
14355
14387
14412
14429
14439
14439
14429
14408
14376
14332
14275
14206
14122
14025
13913
13787
13645
13488
13315
13127
12924
12704
12470
12220
11954
11674
11379
11069
10746
10409
10058
9695.5
9320.7
8934.5
8537.4
8130.3
