6.4784e+05
6.498e+05
6.5168e+05
6.5347e+05
6.5517e+05
6.5679e+05
6.5831e+05
6.5975e+05
6.611e+05
6.6237e+05
6.6355e+05
6.6465e+05
6.6566e+05
6.6659e+05
6.6744e+05
6.6821e+05
6.689e+05
6.6951e+05
6.7004e+05
6.7049e+05
6.7087e+05
6.7117e+05
6.714e+05
6.7155e+05
6.7163e+05
6.7165e+05
6.7159e+05
6.7146e+05
6.7127e+05
6.7101e+05
6.7069e+05
6.703e+05
6.6985e+05
6.6934e+05
6.6876e+05
6.6813e+05
6.6745e+05
6.667e+05
6.659e+05
6.6505e+05
6.6415e+05
6.6319e+05
6.6219e+05
6.6113e+05
6.6003e+05
6.5889e+05
6.577e+05
6.5646e+05
6.5518e+05
6.5387e+05
6.5251e+05
6.5112e+05
6.4968e+05
6.4822e+05
6.4671e+05
6.4518e+05
6.4361e+05
6.4201e+05
6.4038e+05
6.3872e+05
6.3703e+05
6.3532e+05
6.3358e+05
6.3182e+05
6.3003e+05
6.2822e+05
6.2639e+05
6.2454e+05
6.2266e+05
6.2077e+05
6.1886e+05
6.1694e+05
6.15e+05
6.1304e+05
6.1107e+05
6.0908e+05
6.0708e+05
6.0507e+05
6.0305e+05
6.0102e+05
5.9897e+05
5.9692e+05
5.9486e+05
5.9279e+05
5.9071e+05
5.8862e+05
5.8653e+05
5.8443e+05
5.8233e+05
5.8021e+05
5.781e+05
5.7598e+05
5.7385e+05
5.7172e+05
5.6959e+05
5.6745e+05
5.6531e+05
5.6316e+05
5.6102e+05
5.5887e+05
5.5671e+05
5.5456e+05
5.524e+05
5.5024e+05
5.4807e+05
5.4591e+05
5.4374e+05
5.4157e+05
5.3939e+05
5.3722e+05
5.3504e+05
5.3286e+05
5.3067e+05
5.2849e+05
5.2629e+05
5.241e+05
5.219e+05
5.197e+05
5.1749e+05
5.1528e+05
5.1307e+05
5.1085e+05
5.0863e+05
5.064e+05
5.0416e+05
5.0192e+05
4.9967e+05
4.9742e+05
4.9516e+05
4.9289e+05
4.9061e+05
4.8833e+05
4.8604e+05
4.8374e+05
4.8143e+05
4.7911e+05
4.7678e+05
4.7444e+05
4.7209e+05
4.6973e+05
4.6735e+05
4.6497e+05
4.6258e+05
4.6017e+05
4.5775e+05
4.5531e+05
4.5286e+05
4.504e+05
4.4793e+05
4.4544e+05
4.4293e+05
4.4041e+05
4.3788e+05
4.3532e+05
4.3276e+05
4.3017e+05
4.2757e+05
4.2495e+05
4.2232e+05
4.1967e+05
4.17e+05
4.1431e+05
4.1161e+05
4.0888e+05
4.0614e+05
4.0338e+05
4.006e+05
3.9781e+05
3.9499e+05
3.9216e+05
3.893e+05
3.8643e+05
3.8354e+05
3.8063e+05
3.777e+05
3.7475e+05
3.7179e+05
3.6881e+05
3.658e+05
3.6278e+05
3.5974e+05
3.5669e+05
3.5361e+05
3.5052e+05
3.4741e+05
3.4429e+05
3.4115e+05
3.3799e+05
3.3482e+05
3.3163e+05
3.2842e+05
3.2521e+05
3.2197e+05
3.1873e+05
3.1547e+05
3.122e+05
3.0891e+05
3.0562e+05
3.0232e+05
2.99e+05
2.9568e+05
2.9234e+05
2.89e+05
2.8565e+05
2.823e+05
2.7894e+05
2.7557e+05
2.722e+05
2.6883e+05
2.6546e+05
2.6208e+05
2.587e+05
2.5533e+05
2.5195e+05
2.4858e+05
2.4521e+05
2.4185e+05
2.3849e+05
2.3514e+05
2.3179e+05
2.2846e+05
2.2513e+05
2.2182e+05
2.1852e+05
2.1523e+05
2.1195e+05
2.0869e+05
2.0545e+05
2.0223e+05
1.9903e+05
1.9584e+05
1.9268e+05
1.8954e+05
1.8643e+05
1.8334e+05
1.8028e+05
1.7725e+05
1.7425e+05
1.7128e+05
1.6834e+05
1.6544e+05
1.6257e+05
1.5974e+05
1.5694e+05
1.5419e+05
1.5147e+05
1.488e+05
1.4617e+05
1.4359e+05
1.4105e+05
1.3856e+05
1.3612e+05
1.3373e+05
1.3139e+05
1.291e+05
1.2687e+05
1.2469e+05
1.2257e+05
1.2051e+05
1.1851e+05
1.1657e+05
1.1469e+05
1.1288e+05
1.1113e+05
1.0945e+05
1.0783e+05
1.0628e+05
1.048e+05
1.034e+05
1.0206e+05
1.008e+05
99617
98507
97473
96518
95641
94845
94129
93496
92946
92481
92100
91805
91597
91477
91446
91504
91652
91891
92222
92645
93162
93772
94476
95275
96170
97161
98248
99432
1.0071e+05
1.0209e+05
1.0357e+05
1.0514e+05
1.0682e+05
1.0859e+05
1.1046e+05
1.1243e+05
1.1451e+05
1.1668e+05
1.1894e+05
1.2131e+05
1.2378e+05
1.2635e+05
1.2902e+05
1.3178e+05
1.3465e+05
1.3761e+05
1.4068e+05
1.4384e+05
1.471e+05
1.5046e+05
1.5391e+05
1.5746e+05
1.6111e+05
1.6486e+05
1.687e+05
1.7263e+05
1.7666e+05
1.8078e+05
1.85e+05
1.893e+05
1.937e+05
1.9819e+05
2.0277e+05
2.0744e+05
2.1219e+05
2.1704e+05
2.2196e+05
2.2698e+05
2.3208e+05
2.3726e+05
2.4252e+05
2.4786e+05
2.5328e+05
2.5878e+05
2.6436e+05
2.7002e+05
2.7574e+05
2.8154e+05
2.8742e+05
2.9336e+05
2.9937e+05
3.0545e+05
3.1159e+05
3.178e+05
3.2407e+05
3.3041e+05
3.368e+05
3.4325e+05
3.4976e+05
3.5632e+05
3.6293e+05
3.696e+05
3.7631e+05
3.8308e+05
3.8989e+05
3.9674e+05
4.0363e+05
4.1057e+05
4.1754e+05
4.2456e+05
4.316e+05
4.3868e+05
4.4579e+05
4.5293e+05
4.6009e+05
4.6728e+05
4.745e+05
4.8173e+05
4.8899e+05
4.9626e+05
5.0354e+05
5.1084e+05
5.1815e+05
5.2547e+05
5.3279e+05
5.4012e+05
5.4745e+05
5.5479e+05
5.6212e+05
5.6944e+05
5.7676e+05
5.8408e+05
5.9138e+05
5.9867e+05
6.0595e+05
6.1321e+05
6.2046e+05
6.2768e+05
6.3488e+05
6.4205e+05
6.492e+05
6.5632e+05
6.6341e+05
6.7047e+05
6.7749e+05
6.8448e+05
6.9142e+05
6.9833e+05
7.0519e+05
7.1201e+05
7.1878e+05
7.255e+05
7.3218e+05
7.388e+05
7.4536e+05
7.5187e+05
7.5832e+05
7.6471e+05
7.7104e+05
7.773e+05
7.835e+05
7.8964e+05
7.957e+05
8.0169e+05
8.0761e+05
8.1346e+05
8.1923e+05
8.2492e+05
8.3053e+05
8.3607e+05
8.4152e+05
8.4689e+05
8.5217e+05
8.5736e+05
8.6247e+05
8.6749e+05
8.7241e+05
8.7725e+05
8.8199e+05
8.8664e+05
8.9119e+05
8.9564e+05
8.9999e+05
9.0425e+05
9.084e+05
9.1245e+05
9.164e+05
9.2024e+05
9.2398e+05
9.2761e+05
9.3113e+05
9.3455e+05
9.3786e+05
9.4106e+05
9.4414e+05
9.4712e+05
9.4998e+05
9.5273e+05
9.5537e+05
9.5789e+05
9.603e+05
9.626e+05
9.6477e+05
9.6683e+05
9.6878e+05
9.7061e+05
9.7232e+05
9.7391e+05
9.7538e+05
9.7674e+05
9.7797e+05
9.7909e+05
9.8009e+05
9.8097e+05
9.8173e+05
9.8237e+05
9.8289e+05
9.8329e+05
9.8357e+05
9.8373e+05
9.8378e+05
9.837e+05
9.8351e+05
9.8319e+05
9.8276e+05
9.8221e+05
9.8155e+05
9.8076e+05
9.7986e+05
9.7885e+05
9.7771e+05
9.7646e+05
9.751e+05
9.7362e+05
9.7203e+05
9.7032e+05
9.685e+05
9.6657e+05
9.6453e+05
9.6238e+05
9.6012e+05
9.5775e+05
9.5527e+05
9.5269e+05
9.4999e+05
9.472e+05
9.4429e+05
9.4129e+05
9.3818e+05
9.3497e+05
9.3166e+05
9.2825e+05
9.2475e+05
9.2114e+05
9.1744e+05
9.1365e+05
9.0976e+05
9.0578e+05
9.017e+05
8.9754e+05
8.9329e+05
8.8895e+05
8.8453e+05
8.8002e+05
8.7542e+05
8.7075e+05
8.6599e+05
8.6116e+05
8.5625e+05
8.5126e+05
8.4619e+05
8.4106e+05
8.3585e+05
8.3057e+05
8.2522e+05
8.198e+05
8.1432e+05
8.0877e+05
8.0316e+05
7.9749e+05
7.9176e+05
7.8597e+05
7.8012e+05
7.7422e+05
7.6827e+05
7.6226e+05
7.5621e+05
7.501e+05
7.4395e+05
7.3775e+05
7.3151e+05
7.2523e+05
7.189e+05
7.1254e+05
7.0614e+05
6.9971e+05
6.9324e+05
6.8673e+05
6.802e+05
6.7364e+05
6.6705e+05
6.6044e+05
6.538e+05
6.4713e+05
6.4045e+05
6.3375e+05
6.2703e+05
6.2029e+05
6.1354e+05
6.0678e+05
6e+05
5.9322e+05
5.8643e+05
5.7963e+05
5.7282e+05
5.6601e+05
5.592e+05
5.5239e+05
5.4558e+05
5.3877e+05
5.3196e+05
5.2516e+05
5.1837e+05
5.1159e+05
5.0481e+05
4.9805e+05
4.913e+05
4.8456e+05
4.7784e+05
4.7113e+05
4.6444e+05
4.5778e+05
4.5113e+05
4.445e+05
4.379e+05
4.3132e+05
4.2477e+05
4.1824e+05
4.1174e+05
4.0527e+05
3.9883e+05
3.9243e+05
3.8605e+05
3.7971e+05
3.734e+05
3.6713e+05
3.609e+05
3.547e+05
3.4855e+05
3.4243e+05
3.3635e+05
3.3032e+05
3.2433e+05
3.1838e+05
3.1248e+05
3.0662e+05
3.0081e+05
2.9505e+05
2.8933e+05
2.8366e+05
2.7805e+05
2.7248e+05
2.6696e+05
2.615e+05
2.5608e+05
2.5072e+05
2.4541e+05
2.4016e+05
2.3496e+05
2.2982e+05
2.2473e+05
2.197e+05
2.1473e+05
2.0981e+05
2.0495e+05
2.0015e+05
1.954e+05
1.9072e+05
1.8609e+05
1.8152e+05
1.7702e+05
1.7257e+05
1.6818e+05
1.6386e+05
1.5959e+05
1.5539e+05
1.5124e+05
1.4716e+05
1.4314e+05
1.3918e+05
1.3528e+05
1.3145e+05
1.2767e+05
1.2396e+05
1.2031e+05
1.1672e+05
1.1319e+05
1.0972e+05
1.0632e+05
1.0298e+05
99693
96473
93313
90215
87177
84199
81283
78426
75629
72892
70214
67595
65035
62533
60089
57703
55374
53102
50887
48728
46624
44576
42583
40643
38758
36926
35147
33421
31746
30122
28549
27027
25554
24130
22754
21426
20146
18912
17725
16582
15485
14432
13422
12455
11530
10647
9805
9002.9
8240.4
7516.8
6831.4
6183.4
5572.3
4997.2
4457.6
3952.7
3481.8
3044.2
2639.2
2266.2
1924.3
1613
1331.4
1079
854.92
658.53
489.12
346
228.45
135.78
67.292
22.294
0.092938
0
21.329
63.397
125.53
207.04
307.27
425.54
561.19
