2.5379e+05
2.5703e+05
2.6028e+05
2.6353e+05
2.668e+05
2.7007e+05
2.7335e+05
2.7663e+05
2.7991e+05
2.8319e+05
2.8646e+05
2.8974e+05
2.9301e+05
2.9627e+05
2.9952e+05
3.0277e+05
3.06e+05
3.0922e+05
3.1243e+05
3.1562e+05
3.1879e+05
3.2195e+05
3.2508e+05
3.282e+05
3.3129e+05
3.3436e+05
3.374e+05
3.4041e+05
3.434e+05
3.4635e+05
3.4928e+05
3.5217e+05
3.5503e+05
3.5786e+05
3.6065e+05
3.634e+05
3.6611e+05
3.6878e+05
3.7142e+05
3.7401e+05
3.7656e+05
3.7906e+05
3.8152e+05
3.8393e+05
3.863e+05
3.8861e+05
3.9088e+05
3.931e+05
3.9527e+05
3.9738e+05
3.9944e+05
4.0145e+05
4.0341e+05
4.053e+05
4.0715e+05
4.0893e+05
4.1066e+05
4.1233e+05
4.1394e+05
4.155e+05
4.1699e+05
4.1842e+05
4.1979e+05
4.211e+05
4.2235e+05
4.2353e+05
4.2465e+05
4.2571e+05
4.2671e+05
4.2764e+05
4.2851e+05
4.2931e+05
4.3005e+05
4.3072e+05
4.3133e+05
4.3188e+05
4.3235e+05
4.3277e+05
4.3312e+05
4.334e+05
4.3362e+05
4.3378e+05
4.3387e+05
4.3389e+05
4.3385e+05
4.3375e+05
4.3358e+05
4.3335e+05
4.3306e+05
4.327e+05
4.3229e+05
4.3181e+05
4.3126e+05
4.3066e+05
4.3e+05
4.2928e+05
4.285e+05
4.2766e+05
4.2676e+05
4.258e+05
4.2479e+05
4.2373e+05
4.2261e+05
4.2143e+05
4.202e+05
4.1892e+05
4.1759e+05
4.1621e+05
4.1478e+05
4.133e+05
4.1177e+05
4.102e+05
4.0858e+05
4.0692e+05
4.0521e+05
4.0347e+05
4.0168e+05
3.9985e+05
3.9798e+05
3.9608e+05
3.9414e+05
3.9216e+05
3.9016e+05
3.8811e+05
3.8604e+05
3.8394e+05
3.8181e+05
3.7965e+05
3.7747e+05
3.7526e+05
3.7303e+05
3.7078e+05
3.6851e+05
3.6621e+05
3.639e+05
3.6158e+05
3.5923e+05
3.5688e+05
3.5451e+05
3.5213e+05
3.4974e+05
3.4734e+05
3.4493e+05
3.4252e+05
3.401e+05
3.3768e+05
3.3525e+05
3.3283e+05
3.304e+05
3.2798e+05
3.2555e+05
3.2314e+05
3.2072e+05
3.1831e+05
3.1591e+05
3.1352e+05
3.1113e+05
3.0876e+05
3.0639e+05
3.0404e+05
3.017e+05
2.9938e+05
2.9707e+05
2.9477e+05
2.9249e+05
2.9023e+05
2.8798e+05
2.8576e+05
2.8355e+05
2.8136e+05
2.7919e+05
2.7705e+05
2.7492e+05
2.7282e+05
2.7074e+05
2.6868e+05
2.6664e+05
2.6463e+05
2.6264e+05
2.6068e+05
2.5874e+05
2.5682e+05
2.5493e+05
2.5306e+05
2.5122e+05
2.494e+05
2.476e+05
2.4583e+05
2.4409e+05
2.4237e+05
2.4067e+05
2.3899e+05
2.3734e+05
2.3571e+05
2.3411e+05
2.3253e+05
2.3097e+05
2.2943e+05
2.2791e+05
2.2641e+05
2.2493e+05
2.2347e+05
2.2203e+05
2.206e+05
2.192e+05
2.1781e+05
2.1643e+05
2.1508e+05
2.1373e+05
2.124e+05
2.1108e+05
2.0977e+05
2.0847e+05
2.0719e+05
2.0591e+05
2.0464e+05
2.0338e+05
2.0212e+05
2.0087e+05
1.9962e+05
1.9837e+05
1.9713e+05
1.9589e+05
1.9464e+05
1.934e+05
1.9215e+05
1.909e+05
1.8965e+05
1.8839e+05
1.8713e+05
1.8585e+05
1.8457e+05
1.8329e+05
1.8199e+05
1.8067e+05
1.7935e+05
1.7802e+05
1.7667e+05
1.753e+05
1.7392e+05
1.7252e+05
1.7111e+05
1.6968e+05
1.6822e+05
1.6675e+05
1.6526e+05
1.6375e+05
1.6221e+05
1.6066e+05
1.5908e+05
1.5748e+05
1.5585e+05
1.542e+05
1.5252e+05
1.5082e+05
1.491e+05
1.4734e+05
1.4557e+05
1.4376e+05
1.4193e+05
1.4008e+05
1.382e+05
1.3629e+05
1.3436e+05
1.324e+05
1.3041e+05
1.284e+05
1.2637e+05
1.2431e+05
1.2222e+05
1.2011e+05
1.1798e+05
1.1583e+05
1.1365e+05
1.1146e+05
1.0924e+05
1.07e+05
1.0475e+05
1.0248e+05
1.0019e+05
97883
95564
93232
90888
88534
86170
83799
81421
79039
76653
74266
71880
69495
67115
64739
62372
60014
57668
55335
53018
50719
48440
46182
43950
41744
39567
37421
35309
33234
31197
29201
27248
25341
23483
21676
19923
18225
16587
15009
13495
12048
10670
9363.3
8130.7
6974.8
5898.2
4903.4
3992.9
3169.2
2434.8
1792.3
1244
792.33
439.77
188.65
41.291
0
67.033
244.61
534.9
940.05
1462.1
2103.2
2865.2
3750.1
4759.8
5896
7160.6
8555.3
10082
11741
13535
15466
17534
19741
22087
24575
27205
29979
32896
35958
39166
42520
46021
49669
53465
57409
61500
65740
70129
74665
79350
84182
89161
94288
99560
1.0498e+05
1.1054e+05
1.1625e+05
1.221e+05
1.2809e+05
1.3423e+05
1.405e+05
1.4691e+05
1.5346e+05
1.6014e+05
1.6696e+05
1.7391e+05
1.8099e+05
1.882e+05
1.9553e+05
2.0299e+05
2.1057e+05
2.1827e+05
2.2609e+05
2.3402e+05
2.4207e+05
2.5022e+05
2.5849e+05
2.6685e+05
2.7532e+05
2.8389e+05
2.9255e+05
3.013e+05
3.1014e+05
3.1907e+05
3.2809e+05
3.3718e+05
3.4634e+05
3.5558e+05
3.6489e+05
3.7426e+05
3.8369e+05
3.9318e+05
4.0273e+05
4.1232e+05
4.2196e+05
4.3164e+05
4.4136e+05
4.5111e+05
4.6089e+05
4.707e+05
4.8053e+05
4.9037e+05
5.0023e+05
5.101e+05
5.1997e+05
5.2984e+05
5.3971e+05
5.4956e+05
5.5941e+05
5.6924e+05
5.7904e+05
5.8882e+05
5.9857e+05
6.0828e+05
6.1795e+05
6.2758e+05
6.3716e+05
6.4669e+05
6.5616e+05
6.6557e+05
6.7492e+05
6.8419e+05
6.934e+05
7.0252e+05
7.1156e+05
7.2051e+05
7.2937e+05
7.3814e+05
7.4681e+05
7.5538e+05
7.6383e+05
7.7218e+05
7.8041e+05
7.8853e+05
7.9652e+05
8.0439e+05
8.1213e+05
8.1973e+05
8.272e+05
8.3452e+05
8.4171e+05
8.4874e+05
8.5563e+05
8.6236e+05
8.6894e+05
8.7536e+05
8.8162e+05
8.8771e+05
8.9363e+05
8.9939e+05
9.0497e+05
9.1038e+05
9.1561e+05
9.2065e+05
9.2552e+05
9.302e+05
9.347e+05
9.3901e+05
9.4313e+05
9.4706e+05
9.5079e+05
9.5433e+05
9.5767e+05
9.6082e+05
9.6377e+05
9.6652e+05
9.6907e+05
9.7141e+05
9.7356e+05
9.755e+05
9.7723e+05
9.7877e+05
9.801e+05
9.8122e+05
9.8214e+05
9.8286e+05
9.8337e+05
9.8367e+05
9.8378e+05
9.8367e+05
9.8337e+05
9.8286e+05
9.8215e+05
9.8124e+05
9.8013e+05
9.7881e+05
9.773e+05
9.756e+05
9.7369e+05
9.7159e+05
9.693e+05
9.6682e+05
9.6414e+05
9.6128e+05
9.5823e+05
9.55e+05
9.5158e+05
9.4799e+05
9.4421e+05
9.4026e+05
9.3613e+05
9.3184e+05
9.2737e+05
9.2274e+05
9.1794e+05
9.1298e+05
9.0787e+05
9.026e+05
8.9717e+05
8.916e+05
8.8587e+05
8.8001e+05
8.74e+05
8.6786e+05
8.6158e+05
8.5517e+05
8.4863e+05
8.4197e+05
8.3518e+05
8.2828e+05
8.2126e+05
8.1414e+05
8.069e+05
7.9956e+05
7.9212e+05
7.8459e+05
7.7696e+05
7.6924e+05
7.6144e+05
7.5355e+05
7.4559e+05
7.3755e+05
7.2944e+05
7.2126e+05
7.1302e+05
7.0472e+05
6.9637e+05
6.8796e+05
6.795e+05
6.71e+05
6.6245e+05
6.5387e+05
6.4526e+05
6.3661e+05
6.2794e+05
6.1925e+05
6.1054e+05
6.0181e+05
5.9306e+05
5.8431e+05
5.7556e+05
5.668e+05
5.5805e+05
5.493e+05
5.4055e+05
5.3182e+05
5.2311e+05
5.1441e+05
5.0574e+05
4.9708e+05
4.8846e+05
4.7987e+05
4.7131e+05
4.6279e+05
4.543e+05
4.4586e+05
4.3747e+05
4.2912e+05
4.2083e+05
4.1258e+05
4.044e+05
3.9627e+05
3.882e+05
3.8019e+05
3.7225e+05
3.6438e+05
3.5658e+05
3.4885e+05
3.4119e+05
3.3361e+05
3.2611e+05
3.1868e+05
3.1134e+05
3.0408e+05
2.9691e+05
2.8982e+05
2.8282e+05
2.7591e+05
2.6909e+05
2.6237e+05
2.5573e+05
2.4919e+05
2.4275e+05
2.364e+05
2.3015e+05
2.24e+05
2.1795e+05
2.12e+05
2.0615e+05
2.004e+05
1.9475e+05
1.892e+05
1.8376e+05
1.7842e+05
1.7318e+05
1.6805e+05
1.6302e+05
1.581e+05
1.5327e+05
1.4856e+05
1.4394e+05
1.3943e+05
1.3503e+05
1.3072e+05
1.2652e+05
1.2243e+05
1.1843e+05
1.1454e+05
1.1075e+05
1.0705e+05
1.0346e+05
99968
96574
93278
90078
86975
83967
81053
78233
75505
72868
70321
67863
65493
63210
61012
58898
56867
54918
53049
51259
49546
47910
46348
44860
43443
42096
40819
39608
38464
37384
36366
35410
34513
33674
32892
32165
31491
30869
30298
29775
29299
28868
28482
28138
27835
27572
27346
27156
27002
26881
26791
26732
26702
26699
26723
26771
26843
26936
27050
27183
27334
27502
27685
27882
28092
28314
28546
28788
29038
29295
29558
29827
30099
30374
30651
30930
31208
31486
31762
32036
32307
32573
32835
33092
33342
33585
33821
34049
34268
34478
34678
34868
35047
35215
35372
35516
35648
35767
35873
