26176
30295
34646
39224
44022
49032
54248
59660
65261
71042
76993
83104
89366
95767
1.023e+05
1.0895e+05
1.157e+05
1.2256e+05
1.2949e+05
1.365e+05
1.4357e+05
1.5069e+05
1.5785e+05
1.6503e+05
1.7222e+05
1.7941e+05
1.8659e+05
1.9375e+05
2.0087e+05
2.0795e+05
2.1497e+05
2.2191e+05
2.2878e+05
2.3555e+05
2.4222e+05
2.4878e+05
2.5521e+05
2.6152e+05
2.6767e+05
2.7368e+05
2.7953e+05
2.852e+05
2.907e+05
2.9602e+05
3.0114e+05
3.0606e+05
3.1078e+05
3.1529e+05
3.1958e+05
3.2366e+05
3.275e+05
3.3112e+05
3.3451e+05
3.3765e+05
3.4057e+05
3.4324e+05
3.4567e+05
3.4785e+05
3.498e+05
3.515e+05
3.5295e+05
3.5417e+05
3.5515e+05
3.5588e+05
3.5639e+05
3.5665e+05
3.5669e+05
3.565e+05
3.5609e+05
3.5546e+05
3.5461e+05
3.5356e+05
3.523e+05
3.5085e+05
3.492e+05
3.4737e+05
3.4536e+05
3.4318e+05
3.4084e+05
3.3833e+05
3.3568e+05
3.3289e+05
3.2996e+05
3.2691e+05
3.2374e+05
3.2046e+05
3.1708e+05
3.1361e+05
3.1006e+05
3.0643e+05
3.0273e+05
2.9898e+05
2.9518e+05
2.9134e+05
2.8747e+05
2.8358e+05
2.7967e+05
2.7576e+05
2.7185e+05
2.6796e+05
2.6408e+05
2.6023e+05
2.5641e+05
2.5264e+05
2.4891e+05
2.4524e+05
2.4164e+05
2.3811e+05
2.3465e+05
2.3128e+05
2.2799e+05
2.248e+05
2.2171e+05
2.1873e+05
2.1585e+05
2.1309e+05
2.1045e+05
2.0793e+05
2.0553e+05
2.0327e+05
2.0113e+05
1.9914e+05
1.9727e+05
1.9555e+05
1.9396e+05
1.9252e+05
1.9122e+05
1.9006e+05
1.8904e+05
1.8816e+05
1.8743e+05
1.8684e+05
1.8638e+05
1.8607e+05
1.8589e+05
1.8585e+05
1.8594e+05
1.8616e+05
1.8651e+05
1.8698e+05
1.8757e+05
1.8827e+05
1.8909e+05
1.9002e+05
1.9105e+05
1.9219e+05
1.9341e+05
1.9473e+05
1.9614e+05
1.9762e+05
1.9918e+05
2.008e+05
2.0249e+05
2.0424e+05
2.0604e+05
2.0788e+05
2.0977e+05
2.1169e+05
2.1363e+05
2.156e+05
2.1759e+05
2.1959e+05
2.2159e+05
2.2358e+05
2.2558e+05
2.2755e+05
2.2951e+05
2.3144e+05
2.3335e+05
2.3522e+05
2.3704e+05
2.3882e+05
2.4055e+05
2.4222e+05
2.4383e+05
2.4538e+05
2.4686e+05
2.4826e+05
2.4959e+05
2.5083e+05
2.5199e+05
2.5306e+05
2.5404e+05
2.5493e+05
2.5572e+05
2.5641e+05
2.5699e+05
2.5748e+05
2.5786e+05
2.5814e+05
2.583e+05
2.5836e+05
2.5831e+05
2.5815e+05
2.5788e+05
2.575e+05
2.5701e+05
2.5641e+05
2.5571e+05
2.5489e+05
2.5397e+05
2.5294e+05
2.5181e+05
2.5058e+05
2.4924e+05
2.4781e+05
2.4628e+05
2.4465e+05
2.4294e+05
2.4113e+05
2.3924e+05
2.3726e+05
2.352e+05
2.3306e+05
2.3085e+05
2.2857e+05
2.2621e+05
2.2379e+05
2.213e+05
2.1876e+05
2.1616e+05
2.135e+05
2.108e+05
2.0805e+05
2.0525e+05
2.0242e+05
1.9954e+05
1.9663e+05
1.937e+05
1.9073e+05
1.8774e+05
1.8472e+05
1.8169e+05
1.7864e+05
1.7557e+05
1.725e+05
1.6941e+05
1.6632e+05
1.6322e+05
1.6012e+05
1.5703e+05
1.5393e+05
1.5084e+05
1.4775e+05
1.4467e+05
1.416e+05
1.3854e+05
1.355e+05
1.3246e+05
1.2944e+05
1.2644e+05
1.2345e+05
1.2049e+05
1.1754e+05
1.1461e+05
1.117e+05
1.0882e+05
1.0595e+05
1.0311e+05
1.0029e+05
97500
94732
91989
89271
86580
83916
81279
78670
76089
73537
71014
68520
66057
63625
61225
58856
56520
54218
51950
49717
47519
45358
43234
41149
39103
37098
35133
33211
31332
29498
27709
25967
24273
22628
21033
19489
17997
16559
15175
13847
12576
11362
10207
9111.3
8075.7
7100.9
6187.8
5336.8
4548.4
3823.1
3161.1
2562.5
2027.5
1556
1147.7
802.46
519.71
298.88
139.26
39.976
0
18.171
93.177
223.56
407.7
643.85
930.11
1264.4
1644.6
2068.4
2533.3
3036.7
3576
4148.3
4750.7
5380.2
6033.8
6708.1
7400.1
8106.3
8823.4
9548.1
10277
11006
11733
12453
13164
13863
14545
15207
15847
16462
17048
17604
18125
18610
19057
19464
19828
20148
20423
20651
20832
20964
21049
21085
21073
21013
20907
20756
20560
20323
20047
19734
19387
19010
18606
18179
17735
17277
16811
16342
15877
15422
14982
14566
14179
13830
13526
13276
13087
12968
12927
12975
13118
13368
13733
14222
14846
15614
16535
17619
18876
20316
21948
23781
25825
28090
30583
33315
36293
39526
43023
46790
50836
55167
59790
64711
69937
75472
81322
87490
93982
1.008e+05
1.0795e+05
1.1542e+05
1.2323e+05
1.3138e+05
1.3986e+05
1.4867e+05
1.5781e+05
1.6729e+05
1.7709e+05
1.8722e+05
1.9767e+05
2.0844e+05
2.1953e+05
2.3092e+05
2.4261e+05
2.5459e+05
2.6687e+05
2.7942e+05
2.9223e+05
3.0531e+05
3.1864e+05
3.322e+05
3.4599e+05
3.5999e+05
3.742e+05
3.8859e+05
4.0316e+05
4.1789e+05
4.3276e+05
4.4776e+05
4.6287e+05
4.7808e+05
4.9337e+05
5.0873e+05
5.2413e+05
5.3956e+05
5.55e+05
5.7044e+05
5.8585e+05
6.0121e+05
6.1651e+05
6.3173e+05
6.4685e+05
6.6186e+05
6.7672e+05
6.9143e+05
7.0596e+05
7.2029e+05
7.3442e+05
7.4831e+05
7.6196e+05
7.7534e+05
7.8843e+05
8.0122e+05
8.137e+05
8.2584e+05
8.3763e+05
8.4906e+05
8.601e+05
8.7075e+05
8.8098e+05
8.908e+05
9.0018e+05
9.0911e+05
9.1758e+05
9.2558e+05
9.3309e+05
9.4012e+05
9.4665e+05
9.5267e+05
9.5817e+05
9.6315e+05
9.6761e+05
9.7153e+05
9.7491e+05
9.7775e+05
9.8005e+05
9.818e+05
9.8301e+05
9.8367e+05
9.8378e+05
9.8334e+05
9.8236e+05
9.8084e+05
9.7879e+05
9.762e+05
9.7308e+05
9.6944e+05
9.6528e+05
9.6062e+05
9.5545e+05
9.4979e+05
9.4365e+05
9.3703e+05
9.2996e+05
9.2243e+05
9.1445e+05
9.0606e+05
8.9724e+05
8.8802e+05
8.7842e+05
8.6844e+05
8.5809e+05
8.474e+05
8.3638e+05
8.2505e+05
8.1341e+05
8.0149e+05
7.893e+05
7.7686e+05
7.6419e+05
7.5129e+05
7.382e+05
7.2492e+05
7.1146e+05
6.9786e+05
6.8412e+05
6.7027e+05
6.5631e+05
6.4226e+05
6.2815e+05
6.1398e+05
5.9978e+05
5.8555e+05
5.7132e+05
5.571e+05
5.4291e+05
5.2875e+05
5.1464e+05
5.0061e+05
4.8665e+05
4.7279e+05
4.5904e+05
4.454e+05
4.319e+05
4.1854e+05
4.0533e+05
3.9229e+05
3.7942e+05
3.6674e+05
3.5425e+05
3.4197e+05
3.2989e+05
3.1803e+05
3.064e+05
2.95e+05
2.8384e+05
2.7292e+05
2.6225e+05
2.5183e+05
2.4167e+05
2.3177e+05
2.2214e+05
2.1277e+05
2.0366e+05
1.9483e+05
1.8627e+05
1.7798e+05
1.6997e+05
1.6222e+05
1.5475e+05
1.4754e+05
1.4061e+05
1.3394e+05
1.2753e+05
1.2139e+05
1.155e+05
1.0987e+05
1.045e+05
99368
94483
89837
85427
81246
77290
73554
70031
66717
63606
60691
57966
55425
53063
50872
48846
46979
45264
43695
42265
40968
39797
38746
37809
36979
36249
35615
35069
34606
34220
33905
33656
33466
33332
33247
33207
33206
33241
33306
33397
33510
33641
33786
33942
34105
34271
34438
34602
34762
34913
35055
35185
35300
35399
35481
35543
35584
35604
35601
35574
35522
35445
35343
35214
35060
34879
34672
34439
34180
33896
33586
33253
32895
32514
32111
31686
31240
30774
30290
29788
29269
28735
28187
27625
27051
26466
25871
25268
24658
24042
23421
22796
22169
21540
20911
20284
19658
19035
18417
17803
17196
16595
16002
15418
14844
14279
13726
13184
12654
12137
11633
11143
10667
10205
9758.3
9326.5
8910
8508.8
8123.2
7753.3
7399
7060.4
6737.4
6429.9
6137.8
5860.9
5599
5351.9
5119.2
4900.7
4696
4504.7
4326.5
4160.9
4007.4
3865.6
3735.1
3615.2
3505.4
3405.2
3314.1
3231.4
3156.6
3089.1
3028.4
2973.7
2924.5
2880.3
2840.3
