22461
24517
26863
29500
32426
35639
39134
42908
46957
51273
55851
60682
65759
71073
76614
82371
88335
94492
1.0083e+05
1.0734e+05
1.14e+05
1.2081e+05
1.2774e+05
1.3479e+05
1.4193e+05
1.4916e+05
1.5646e+05
1.6381e+05
1.7119e+05
1.7859e+05
1.86e+05
1.934e+05
2.0076e+05
2.0809e+05
2.1535e+05
2.2254e+05
2.2963e+05
2.3662e+05
2.4348e+05
2.5021e+05
2.5679e+05
2.6319e+05
2.6942e+05
2.7546e+05
2.8129e+05
2.8691e+05
2.9229e+05
2.9743e+05
3.0233e+05
3.0696e+05
3.1132e+05
3.154e+05
3.1919e+05
3.2269e+05
3.2589e+05
3.2879e+05
3.3137e+05
3.3364e+05
3.356e+05
3.3723e+05
3.3854e+05
3.3952e+05
3.4019e+05
3.4053e+05
3.4055e+05
3.4025e+05
3.3963e+05
3.387e+05
3.3747e+05
3.3593e+05
3.3409e+05
3.3197e+05
3.2956e+05
3.2687e+05
3.2392e+05
3.2071e+05
3.1726e+05
3.1356e+05
3.0964e+05
3.055e+05
3.0115e+05
2.9661e+05
2.919e+05
2.8701e+05
2.8196e+05
2.7678e+05
2.7146e+05
2.6603e+05
2.605e+05
2.5488e+05
2.4919e+05
2.4343e+05
2.3763e+05
2.3179e+05
2.2593e+05
2.2007e+05
2.1422e+05
2.0838e+05
2.0258e+05
1.9682e+05
1.9113e+05
1.855e+05
1.7996e+05
1.745e+05
1.6916e+05
1.6392e+05
1.5882e+05
1.5384e+05
1.4901e+05
1.4433e+05
1.3982e+05
1.3546e+05
1.3129e+05
1.2729e+05
1.2348e+05
1.1986e+05
1.1644e+05
1.1322e+05
1.1021e+05
1.074e+05
1.048e+05
1.0241e+05
1.0023e+05
98268
96517
94980
93655
92540
91634
90934
90438
90143
90044
90137
90419
90884
91528
92345
93330
94475
95777
97227
98820
1.0055e+05
1.0241e+05
1.0439e+05
1.0648e+05
1.0868e+05
1.1099e+05
1.1338e+05
1.1587e+05
1.1843e+05
1.2106e+05
1.2376e+05
1.2652e+05
1.2933e+05
1.3218e+05
1.3507e+05
1.3799e+05
1.4094e+05
1.439e+05
1.4687e+05
1.4985e+05
1.5283e+05
1.558e+05
1.5876e+05
1.617e+05
1.6462e+05
1.6751e+05
1.7036e+05
1.7318e+05
1.7595e+05
1.7868e+05
1.8136e+05
1.8398e+05
1.8654e+05
1.8904e+05
1.9147e+05
1.9384e+05
1.9612e+05
1.9834e+05
2.0047e+05
2.0252e+05
2.0448e+05
2.0636e+05
2.0815e+05
2.0984e+05
2.1144e+05
2.1294e+05
2.1435e+05
2.1565e+05
2.1685e+05
2.1795e+05
2.1895e+05
2.1983e+05
2.2061e+05
2.2128e+05
2.2184e+05
2.2229e+05
2.2262e+05
2.2285e+05
2.2296e+05
2.2295e+05
2.2284e+05
2.226e+05
2.2226e+05
2.218e+05
2.2122e+05
2.2054e+05
2.1974e+05
2.1882e+05
2.178e+05
2.1666e+05
2.1542e+05
2.1406e+05
2.126e+05
2.1103e+05
2.0936e+05
2.0759e+05
2.0572e+05
2.0375e+05
2.0168e+05
1.9953e+05
1.9728e+05
1.9495e+05
1.9253e+05
1.9003e+05
1.8746e+05
1.8481e+05
1.821e+05
1.7932e+05
1.7648e+05
1.7358e+05
1.7062e+05
1.6762e+05
1.6458e+05
1.615e+05
1.5838e+05
1.5523e+05
1.5206e+05
1.4887e+05
1.4566e+05
1.4244e+05
1.3922e+05
1.36e+05
1.3278e+05
1.2957e+05
1.2637e+05
1.2319e+05
1.2003e+05
1.169e+05
1.138e+05
1.1074e+05
1.0771e+05
1.0473e+05
1.018e+05
98909
96076
93297
90577
87918
85321
82789
80322
77924
75593
73332
71140
69019
66967
64985
63071
61226
59447
57734
56085
54498
52971
51502
50088
48727
47416
46152
44933
43755
42616
41511
40438
39394
38375
37379
36402
35442
34494
33558
32629
31706
30786
29868
28948
28026
27101
26170
25233
24289
23339
22381
21416
20445
19468
18486
17501
16514
15527
14543
13563
12590
11628
10678
9745.2
8832
7942.2
7079.5
6247.6
5450.5
4692.1
3976.4
3307.3
2688.8
2124.8
1619
1175.2
796.89
487.54
250.32
88.212
3.9505
0
78.528
241.38
490.07
825.73
1249.1
1760.7
2360.3
3047.5
3821.4
4680.6
5623.5
6647.6
7750.4
8928.7
10179
11497
12878
14318
15811
17352
18934
20552
22198
23865
25547
27235
28923
30602
32265
33903
35509
37074
38591
40052
41448
42773
44020
45180
46249
47218
48084
48839
49480
50002
50401
50675
50820
50836
50722
50476
50100
49596
48965
48211
47338
46351
45255
44058
42767
41391
39938
38420
36848
35233
33589
31928
30266
28618
26998
25425
23913
22482
21149
19933
18852
17925
17173
16613
16267
16153
16291
16702
17403
18414
19754
21441
23494
25928
28761
32009
35687
39809
44389
49438
54969
60991
67514
74545
82091
90158
98749
1.0787e+05
1.1751e+05
1.2768e+05
1.3838e+05
1.496e+05
1.6134e+05
1.7359e+05
1.8634e+05
1.9959e+05
2.1332e+05
2.2752e+05
2.4218e+05
2.5727e+05
2.728e+05
2.8872e+05
3.0504e+05
3.2172e+05
3.3874e+05
3.5608e+05
3.7371e+05
3.9161e+05
4.0976e+05
4.2812e+05
4.4666e+05
4.6536e+05
4.8418e+05
5.0309e+05
5.2207e+05
5.4107e+05
5.6007e+05
5.7904e+05
5.9793e+05
6.1671e+05
6.3536e+05
6.5383e+05
6.721e+05
6.9013e+05
7.0788e+05
7.2533e+05
7.4244e+05
7.5918e+05
7.7551e+05
7.9142e+05
8.0686e+05
8.2181e+05
8.3624e+05
8.5012e+05
8.6343e+05
8.7615e+05
8.8824e+05
8.9969e+05
9.1048e+05
9.2059e+05
9.2999e+05
9.3868e+05
9.4663e+05
9.5384e+05
9.6029e+05
9.6598e+05
9.7089e+05
9.7501e+05
9.7835e+05
9.809e+05
9.8265e+05
9.8361e+05
9.8378e+05
9.8316e+05
9.8175e+05
9.7957e+05
9.7661e+05
9.729e+05
9.6843e+05
9.6323e+05
9.5731e+05
9.5067e+05
9.4335e+05
9.3535e+05
9.267e+05
9.1741e+05
9.075e+05
8.9701e+05
8.8595e+05
8.7434e+05
8.6221e+05
8.4959e+05
8.3651e+05
8.2298e+05
8.0903e+05
7.947e+05
7.8001e+05
7.65e+05
7.4968e+05
7.3409e+05
7.1825e+05
7.022e+05
6.8597e+05
6.6957e+05
6.5305e+05
6.3643e+05
6.1973e+05
6.0298e+05
5.8621e+05
5.6945e+05
5.5272e+05
5.3605e+05
5.1946e+05
5.0297e+05
4.866e+05
4.7039e+05
4.5434e+05
4.3849e+05
4.2284e+05
4.0742e+05
3.9225e+05
3.7733e+05
3.6269e+05
3.4834e+05
3.3429e+05
3.2055e+05
3.0714e+05
2.9407e+05
2.8134e+05
2.6897e+05
2.5695e+05
2.453e+05
2.3402e+05
2.2311e+05
2.1258e+05
2.0242e+05
1.9265e+05
1.8326e+05
1.7424e+05
1.656e+05
1.5734e+05
1.4945e+05
1.4192e+05
1.3476e+05
1.2796e+05
1.2151e+05
1.154e+05
1.0963e+05
1.0419e+05
99074
94270
89770
85566
81647
78004
74626
71503
68625
65980
63559
61350
59342
57526
55889
54422
53113
51953
50931
50036
49260
48593
48024
47545
47147
46822
46561
46357
46201
46087
46007
45956
45927
45914
45912
45917
45922
45924
45919
45904
45875
45829
45764
45678
45568
45434
45274
45086
44871
44627
44355
44055
43727
43371
42988
42580
42146
41688
41208
40707
40186
39648
39093
38524
37943
37351
36750
36143
35531
34917
34301
33687
33075
32468
31868
31277
30695
30125
29567
29025
28498
27988
27497
27024
26572
26141
25732
25344
24980
24639
24322
24028
23758
23512
23289
23090
22914
22761
22630
22520
22431
22363
22314
22283
22270
22273
22292
22325
22372
22430
22500
22579
22666
22760
22861
22965
23073
23183
23294
23404
23513
23619
23720
23817
23907
23990
24064
24129
24184
24228
24261
24280
24287
24279
24257
24221
24169
24101
24018
23918
23802
23669
23521
23355
23174
22976
22763
22534
22290
22031
21757
21470
21169
20855
20530
20192
19844
19486
19119
18743
18360
