27138
29429
31988
34813
37901
41250
44854
48709
52808
57146
61714
66505
71511
76720
82125
87714
93475
99399
1.0547e+05
1.1168e+05
1.1801e+05
1.2446e+05
1.31e+05
1.3762e+05
1.4431e+05
1.5106e+05
1.5785e+05
1.6466e+05
1.7148e+05
1.783e+05
1.8509e+05
1.9186e+05
1.9858e+05
2.0523e+05
2.1181e+05
2.1829e+05
2.2467e+05
2.3093e+05
2.3706e+05
2.4304e+05
2.4887e+05
2.5452e+05
2.5999e+05
2.6527e+05
2.7035e+05
2.7521e+05
2.7985e+05
2.8426e+05
2.8842e+05
2.9234e+05
2.9599e+05
2.9939e+05
3.0251e+05
3.0536e+05
3.0793e+05
3.1021e+05
3.1221e+05
3.1392e+05
3.1533e+05
3.1645e+05
3.1728e+05
3.1781e+05
3.1805e+05
3.18e+05
3.1766e+05
3.1703e+05
3.1612e+05
3.1492e+05
3.1345e+05
3.1172e+05
3.0971e+05
3.0745e+05
3.0494e+05
3.0218e+05
2.9919e+05
2.9597e+05
2.9253e+05
2.8888e+05
2.8503e+05
2.8099e+05
2.7678e+05
2.7239e+05
2.6784e+05
2.6315e+05
2.5833e+05
2.5338e+05
2.4831e+05
2.4315e+05
2.379e+05
2.3258e+05
2.2719e+05
2.2175e+05
2.1627e+05
2.1076e+05
2.0524e+05
1.9972e+05
1.942e+05
1.8871e+05
1.8324e+05
1.7782e+05
1.7246e+05
1.6716e+05
1.6193e+05
1.5679e+05
1.5174e+05
1.468e+05
1.4197e+05
1.3727e+05
1.327e+05
1.2826e+05
1.2397e+05
1.1983e+05
1.1586e+05
1.1205e+05
1.0841e+05
1.0495e+05
1.0166e+05
98568
95662
92948
90430
88109
85987
84067
82347
80830
79514
78400
77485
76770
76252
75929
75798
75856
76101
76527
77132
77911
78860
79972
81245
82671
84245
85962
87815
89798
91906
94130
96466
98906
1.0144e+05
1.0407e+05
1.0678e+05
1.0957e+05
1.1243e+05
1.1535e+05
1.1832e+05
1.2135e+05
1.2441e+05
1.2751e+05
1.3064e+05
1.3379e+05
1.3696e+05
1.4013e+05
1.4331e+05
1.4648e+05
1.4963e+05
1.5277e+05
1.5589e+05
1.5898e+05
1.6203e+05
1.6504e+05
1.6801e+05
1.7092e+05
1.7378e+05
1.7658e+05
1.7931e+05
1.8196e+05
1.8454e+05
1.8705e+05
1.8946e+05
1.9179e+05
1.9403e+05
1.9617e+05
1.9821e+05
2.0015e+05
2.0198e+05
2.037e+05
2.0531e+05
2.0681e+05
2.0819e+05
2.0946e+05
2.106e+05
2.1162e+05
2.1252e+05
2.1329e+05
2.1393e+05
2.1445e+05
2.1484e+05
2.1509e+05
2.1522e+05
2.1522e+05
2.1509e+05
2.1483e+05
2.1444e+05
2.1392e+05
2.1327e+05
2.1249e+05
2.1159e+05
2.1056e+05
2.094e+05
2.0813e+05
2.0673e+05
2.0522e+05
2.0359e+05
2.0185e+05
1.9999e+05
1.9803e+05
1.9596e+05
1.9379e+05
1.9151e+05
1.8915e+05
1.8669e+05
1.8414e+05
1.8151e+05
1.788e+05
1.7601e+05
1.7315e+05
1.7022e+05
1.6722e+05
1.6417e+05
1.6107e+05
1.5791e+05
1.5471e+05
1.5147e+05
1.4819e+05
1.4489e+05
1.4156e+05
1.3821e+05
1.3484e+05
1.3146e+05
1.2808e+05
1.2469e+05
1.2131e+05
1.1794e+05
1.1458e+05
1.1124e+05
1.0792e+05
1.0462e+05
1.0136e+05
98124
94930
91778
88670
85611
82602
79647
76749
73910
71133
68418
65769
63186
60671
58226
55850
53544
51310
49147
47054
45033
43082
41201
39388
37644
35966
34353
32805
31318
29892
28524
27213
25957
24752
23598
22492
21432
20415
19439
18501
17601
16735
15902
15098
14324
13575
12852
12151
11473
10815
10175
9554.2
8950.3
8362.7
7791
7234.7
6693.7
6167.8
5657.1
5161.9
4682.7
4220
3774.6
3347.2
2939
2551.1
2184.7
1841.1
1521.7
1228.2
961.96
724.68
517.96
343.47
202.82
97.657
29.541
0
10.479
62.333
156.81
295.02
477.95
706.41
981.04
1302.3
1670.5
2085.5
2547.3
3055.4
3609.2
4207.6
4849.6
5533.7
6258.1
7020.9
7819.9
8652.4
9515.8
10407
11323
12259
13213
14180
15156
16137
17118
18094
19061
20014
20948
21858
22738
23585
24392
25154
25868
26528
27130
27669
28142
28544
28873
29123
29294
29382
29386
29304
29134
28876
28531
28098
27579
26976
26290
25526
24685
23774
22797
21759
20667
19527
18349
17140
15909
14666
13421
12186
10972
9791
8656.5
7581.5
6579.9
5665.8
4854.1
4159.9
3598.6
3185.8
2937.7
2870.4
3000.2
3343.5
3916.7
4736.3
5818.6
7179.8
8835.8
10802
13095
15729
18718
22077
25819
29957
34502
39468
44864
50699
56984
63725
70930
78604
86752
95378
1.0448e+05
1.1407e+05
1.2414e+05
1.3469e+05
1.4572e+05
1.5722e+05
1.6919e+05
1.8163e+05
1.9452e+05
2.0785e+05
2.2162e+05
2.3581e+05
2.5042e+05
2.6542e+05
2.808e+05
2.9655e+05
3.1264e+05
3.2906e+05
3.4578e+05
3.6279e+05
3.8007e+05
3.9758e+05
4.1531e+05
4.3323e+05
4.5131e+05
4.6953e+05
4.8785e+05
5.0626e+05
5.2472e+05
5.432e+05
5.6167e+05
5.801e+05
5.9847e+05
6.1673e+05
6.3487e+05
6.5284e+05
6.7062e+05
6.8818e+05
7.0549e+05
7.2251e+05
7.3922e+05
7.5558e+05
7.7158e+05
7.8717e+05
8.0233e+05
8.1704e+05
8.3126e+05
8.4498e+05
8.5817e+05
8.708e+05
8.8285e+05
8.943e+05
9.0514e+05
9.1534e+05
9.2488e+05
9.3375e+05
9.4193e+05
9.4942e+05
9.5619e+05
9.6223e+05
9.6755e+05
9.7212e+05
9.7595e+05
9.7903e+05
9.8135e+05
9.8291e+05
9.8372e+05
9.8378e+05
9.8308e+05
9.8163e+05
9.7944e+05
9.7652e+05
9.7286e+05
9.685e+05
9.6342e+05
9.5765e+05
9.5121e+05
9.441e+05
9.3634e+05
9.2795e+05
9.1895e+05
9.0936e+05
8.9919e+05
8.8847e+05
8.7723e+05
8.6548e+05
8.5325e+05
8.4055e+05
8.2743e+05
8.139e+05
7.9998e+05
7.8571e+05
7.7112e+05
7.5621e+05
7.4104e+05
7.2561e+05
7.0996e+05
6.9411e+05
6.781e+05
6.6195e+05
6.4568e+05
6.2932e+05
6.129e+05
5.9644e+05
5.7997e+05
5.6351e+05
5.4709e+05
5.3072e+05
5.1444e+05
4.9826e+05
4.822e+05
4.6629e+05
4.5055e+05
4.3499e+05
4.1963e+05
4.0449e+05
3.8959e+05
3.7493e+05
3.6055e+05
3.4644e+05
3.3262e+05
3.191e+05
3.059e+05
2.9302e+05
2.8047e+05
2.6826e+05
2.5639e+05
2.4487e+05
2.3371e+05
2.2291e+05
2.1248e+05
2.0241e+05
1.927e+05
1.8336e+05
1.7438e+05
1.6577e+05
1.5752e+05
1.4963e+05
1.421e+05
1.3492e+05
1.2809e+05
1.216e+05
1.1544e+05
1.0961e+05
1.0411e+05
98920
94037
89453
85159
81145
77404
73925
70698
67714
64963
62434
60117
58003
56080
54339
52768
51360
50102
48985
48000
47137
46386
45739
45186
44719
44329
44008
43748
43542
43383
43263
43176
43116
43076
43052
43037
43028
43019
43007
42987
42956
42910
42848
42766
42662
42534
42380
42200
41991
41754
41488
41191
40866
40510
40125
39711
39270
38801
38305
37785
37241
36675
36088
35481
34857
34218
33564
32898
32222
31537
30846
30150
29451
28752
28053
27358
26667
25982
25305
24638
23982
23339
22709
22095
21497
20917
20356
19814
19292
18792
18313
17857
17424
17014
16628
16265
15926
15611
15320
15052
14807
14585
14385
14208
14051
13916
13800
13704
13626
13566
13523
13495
13482
13483
13496
13521
13557
13602
13655
13715
13782
13854
13929
14007
14087
14167
14247
14326
14402
14475
14543
14606
14663
14713
14755
14790
14815
14830
14835
14829
14812
14784
14743
14690
14624
14546
14454
14349
14232
14101
13956
13799
13629
13447
13252
13044
12825
12594
12352
12100
11837
11564
11282
