6.0099e+05
6.0579e+05
6.1053e+05
6.1522e+05
6.1988e+05
6.245e+05
6.291e+05
6.3368e+05
6.3825e+05
6.4281e+05
6.4736e+05
6.5192e+05
6.5648e+05
6.6105e+05
6.6563e+05
6.7023e+05
6.7486e+05
6.795e+05
6.8417e+05
6.8887e+05
6.936e+05
6.9835e+05
7.0314e+05
7.0796e+05
7.1282e+05
7.1771e+05
7.2263e+05
7.2758e+05
7.3256e+05
7.3758e+05
7.4262e+05
7.4769e+05
7.5279e+05
7.5791e+05
7.6305e+05
7.6821e+05
7.7339e+05
7.7858e+05
7.8378e+05
7.8899e+05
7.9421e+05
7.9942e+05
8.0463e+05
8.0984e+05
8.1504e+05
8.2022e+05
8.2539e+05
8.3053e+05
8.3566e+05
8.4075e+05
8.4581e+05
8.5083e+05
8.5582e+05
8.6076e+05
8.6565e+05
8.7049e+05
8.7527e+05
8.7999e+05
8.8465e+05
8.8925e+05
8.9377e+05
8.9821e+05
9.0258e+05
9.0687e+05
9.1107e+05
9.1518e+05
9.192e+05
9.2312e+05
9.2695e+05
9.3067e+05
9.3429e+05
9.378e+05
9.412e+05
9.4448e+05
9.4765e+05
9.5071e+05
9.5363e+05
9.5644e+05
9.5912e+05
9.6167e+05
9.6409e+05
9.6638e+05
9.6854e+05
9.7055e+05
9.7243e+05
9.7417e+05
9.7577e+05
9.7723e+05
9.7855e+05
9.7972e+05
9.8074e+05
9.8162e+05
9.8235e+05
9.8293e+05
9.8336e+05
9.8364e+05
9.8378e+05
9.8376e+05
9.8359e+05
9.8328e+05
9.8281e+05
9.8219e+05
9.8142e+05
9.8051e+05
9.7944e+05
9.7823e+05
9.7687e+05
9.7536e+05
9.7371e+05
9.7191e+05
9.6997e+05
9.6788e+05
9.6566e+05
9.6329e+05
9.6079e+05
9.5815e+05
9.5538e+05
9.5247e+05
9.4943e+05
9.4626e+05
9.4297e+05
9.3955e+05
9.36e+05
9.3234e+05
9.2856e+05
9.2466e+05
9.2065e+05
9.1652e+05
9.1229e+05
9.0795e+05
9.0351e+05
8.9897e+05
8.9433e+05
8.8959e+05
8.8476e+05
8.7985e+05
8.7484e+05
8.6975e+05
8.6458e+05
8.5933e+05
8.54e+05
8.4861e+05
8.4314e+05
8.376e+05
8.32e+05
8.2634e+05
8.2062e+05
8.1485e+05
8.0902e+05
8.0315e+05
7.9722e+05
7.9125e+05
7.8524e+05
7.792e+05
7.7311e+05
7.67e+05
7.6085e+05
7.5467e+05
7.4847e+05
7.4225e+05
7.3601e+05
7.2975e+05
7.2347e+05
7.1719e+05
7.1089e+05
7.0458e+05
6.9828e+05
6.9196e+05
6.8565e+05
6.7934e+05
6.7304e+05
6.6674e+05
6.6045e+05
6.5417e+05
6.479e+05
6.4165e+05
6.3542e+05
6.292e+05
6.2301e+05
6.1684e+05
6.1069e+05
6.0458e+05
5.9849e+05
5.9243e+05
5.864e+05
5.8041e+05
5.7446e+05
5.6854e+05
5.6267e+05
5.5683e+05
5.5104e+05
5.4529e+05
5.3959e+05
5.3393e+05
5.2833e+05
5.2277e+05
5.1727e+05
5.1182e+05
5.0643e+05
5.0109e+05
4.958e+05
4.9058e+05
4.8542e+05
4.8031e+05
4.7527e+05
4.703e+05
4.6538e+05
4.6054e+05
4.5575e+05
4.5104e+05
4.464e+05
4.4182e+05
4.3731e+05
4.3288e+05
4.2852e+05
4.2423e+05
4.2001e+05
4.1587e+05
4.118e+05
4.0781e+05
4.0389e+05
4.0005e+05
3.9629e+05
3.9261e+05
3.89e+05
3.8548e+05
3.8203e+05
3.7866e+05
3.7537e+05
3.7217e+05
3.6904e+05
3.66e+05
3.6304e+05
3.6015e+05
3.5735e+05
3.5464e+05
3.52e+05
3.4945e+05
3.4698e+05
3.4459e+05
3.4229e+05
3.4007e+05
3.3793e+05
3.3587e+05
3.339e+05
3.3201e+05
3.302e+05
3.2848e+05
3.2683e+05
3.2527e+05
3.238e+05
3.224e+05
3.2109e+05
3.1986e+05
3.187e+05
3.1764e+05
3.1665e+05
3.1574e+05
3.1491e+05
3.1416e+05
3.135e+05
3.1291e+05
3.124e+05
3.1197e+05
3.1161e+05
3.1134e+05
3.1114e+05
3.1102e+05
3.1097e+05
3.11e+05
3.111e+05
3.1128e+05
3.1153e+05
3.1186e+05
3.1226e+05
3.1273e+05
3.1327e+05
3.1388e+05
3.1456e+05
3.1531e+05
3.1613e+05
3.1701e+05
3.1797e+05
3.1898e+05
3.2007e+05
3.2122e+05
3.2243e+05
3.237e+05
3.2503e+05
3.2643e+05
3.2788e+05
3.294e+05
3.3097e+05
3.326e+05
3.3428e+05
3.3602e+05
3.3781e+05
3.3966e+05
3.4156e+05
3.4351e+05
3.4551e+05
3.4756e+05
3.4966e+05
3.518e+05
3.5399e+05
3.5623e+05
3.5852e+05
3.6084e+05
3.6321e+05
3.6563e+05
3.6808e+05
3.7057e+05
3.7311e+05
3.7568e+05
3.7829e+05
3.8094e+05
3.8363e+05
3.8635e+05
3.8911e+05
3.919e+05
3.9473e+05
3.9759e+05
4.0049e+05
4.0342e+05
4.0638e+05
4.0937e+05
4.1239e+05
4.1545e+05
4.1853e+05
4.2165e+05
4.2479e+05
4.2797e+05
4.3117e+05
4.3441e+05
4.3767e+05
4.4097e+05
4.4429e+05
4.4764e+05
4.5102e+05
4.5443e+05
4.5787e+05
4.6133e+05
4.6483e+05
4.6835e+05
4.719e+05
4.7548e+05
4.7909e+05
4.8273e+05
4.8639e+05
4.9009e+05
4.9381e+05
4.9756e+05
5.0134e+05
5.0515e+05
5.0898e+05
5.1285e+05
5.1674e+05
5.2066e+05
5.2461e+05
5.2858e+05
5.3258e+05
5.3661e+05
5.4067e+05
5.4475e+05
5.4886e+05
5.5299e+05
5.5715e+05
5.6133e+05
5.6554e+05
5.6977e+05
5.7402e+05
5.783e+05
5.8259e+05
5.8691e+05
5.9125e+05
5.956e+05
5.9997e+05
6.0436e+05
6.0877e+05
6.1319e+05
6.1762e+05
6.2206e+05
6.2652e+05
6.3098e+05
6.3545e+05
6.3993e+05
6.4441e+05
6.489e+05
6.5338e+05
6.5787e+05
6.6236e+05
6.6684e+05
6.7132e+05
6.7579e+05
6.8025e+05
6.847e+05
6.8914e+05
6.9357e+05
6.9797e+05
7.0236e+05
7.0673e+05
7.1108e+05
7.154e+05
7.197e+05
7.2397e+05
7.2821e+05
7.3241e+05
7.3658e+05
7.4072e+05
7.4482e+05
7.4887e+05
7.5289e+05
7.5686e+05
7.6079e+05
7.6467e+05
7.6849e+05
7.7227e+05
7.76e+05
7.7967e+05
7.8328e+05
7.8684e+05
7.9033e+05
7.9377e+05
7.9715e+05
8.0046e+05
8.037e+05
8.0688e+05
8.0999e+05
8.1303e+05
8.1601e+05
8.1891e+05
8.2174e+05
8.245e+05
8.2719e+05
8.298e+05
8.3233e+05
8.3479e+05
8.3718e+05
8.3949e+05
8.4172e+05
8.4387e+05
8.4595e+05
8.4795e+05
8.4987e+05
8.5172e+05
8.5348e+05
8.5517e+05
8.5678e+05
8.5831e+05
8.5977e+05
8.6114e+05
8.6244e+05
8.6367e+05
8.6482e+05
8.6589e+05
8.6689e+05
8.6781e+05
8.6866e+05
8.6944e+05
8.7014e+05
8.7077e+05
8.7133e+05
8.7182e+05
8.7224e+05
8.7259e+05
8.7288e+05
8.7309e+05
8.7324e+05
8.7332e+05
8.7334e+05
8.733e+05
8.7319e+05
8.7302e+05
8.7279e+05
8.725e+05
8.7215e+05
8.7174e+05
8.7128e+05
8.7076e+05
8.7018e+05
8.6955e+05
8.6886e+05
8.6812e+05
8.6733e+05
8.6648e+05
8.6559e+05
8.6464e+05
8.6364e+05
8.626e+05
8.6151e+05
8.6037e+05
8.5918e+05
8.5795e+05
8.5667e+05
8.5535e+05
8.5398e+05
8.5257e+05
8.5111e+05
8.4961e+05
8.4807e+05
8.4649e+05
8.4486e+05
8.432e+05
8.4149e+05
8.3974e+05
8.3794e+05
8.3611e+05
8.3424e+05
8.3233e+05
8.3038e+05
8.2838e+05
8.2635e+05
8.2428e+05
8.2217e+05
8.2002e+05
8.1783e+05
8.156e+05
8.1334e+05
8.1103e+05
8.0869e+05
8.063e+05
8.0388e+05
8.0142e+05
7.9892e+05
7.9638e+05
7.938e+05
7.9118e+05
7.8853e+05
7.8583e+05
7.831e+05
7.8033e+05
7.7752e+05
7.7467e+05
7.7178e+05
7.6886e+05
7.659e+05
7.6289e+05
7.5986e+05
7.5678e+05
7.5366e+05
7.5051e+05
7.4732e+05
7.441e+05
7.4083e+05
7.3753e+05
7.3419e+05
7.3082e+05
7.2741e+05
7.2397e+05
7.2049e+05
7.1697e+05
7.1342e+05
7.0983e+05
7.0622e+05
7.0256e+05
6.9888e+05
6.9516e+05
6.9141e+05
6.8762e+05
6.8381e+05
6.7996e+05
6.7609e+05
6.7218e+05
6.6825e+05
6.6428e+05
6.6029e+05
6.5627e+05
6.5222e+05
6.4815e+05
6.4405e+05
6.3992e+05
6.3577e+05
6.316e+05
6.274e+05
6.2318e+05
6.1894e+05
6.1467e+05
6.1039e+05
6.0608e+05
6.0176e+05
5.9741e+05
5.9305e+05
5.8867e+05
5.8427e+05
5.7986e+05
5.7543e+05
5.7099e+05
5.6653e+05
5.6206e+05
5.5757e+05
5.5307e+05
5.4857e+05
5.4405e+05
5.3952e+05
5.3498e+05
5.3043e+05
5.2587e+05
5.213e+05
5.1673e+05
5.1215e+05
5.0757e+05
5.0298e+05
4.9838e+05
4.9378e+05
4.8918e+05
4.8458e+05
4.7997e+05
4.7536e+05
4.7075e+05
4.6614e+05
4.6152e+05
4.5691e+05
4.523e+05
4.4769e+05
4.4309e+05
4.3848e+05
4.3388e+05
4.2929e+05
4.2469e+05
4.201e+05
4.1552e+05
4.1094e+05
4.0637e+05
4.0181e+05
3.9725e+05
3.927e+05
3.8816e+05
3.8362e+05
3.791e+05
3.7459e+05
3.7008e+05
3.6559e+05
3.611e+05
3.5663e+05
3.5217e+05
3.4772e+05
3.4329e+05
3.3886e+05
3.3445e+05
3.3006e+05
3.2568e+05
3.2131e+05
3.1696e+05
3.1263e+05
3.0831e+05
3.04e+05
2.9972e+05
2.9545e+05
2.912e+05
2.8696e+05
2.8274e+05
2.7855e+05
2.7437e+05
2.7021e+05
2.6607e+05
2.6195e+05
2.5785e+05
2.5377e+05
2.4971e+05
2.4567e+05
2.4166e+05
2.3766e+05
2.3369e+05
2.2974e+05
2.2581e+05
2.2191e+05
2.1803e+05
2.1417e+05
2.1033e+05
2.0652e+05
2.0273e+05
1.9897e+05
1.9523e+05
1.9152e+05
1.8783e+05
1.8416e+05
1.8052e+05
1.7691e+05
1.7332e+05
1.6975e+05
1.6621e+05
1.627e+05
1.5921e+05
1.5575e+05
1.5231e+05
1.489e+05
1.4552e+05
1.4216e+05
1.3883e+05
1.3553e+05
1.3225e+05
1.29e+05
1.2577e+05
1.2258e+05
1.194e+05
1.1626e+05
1.1314e+05
1.1005e+05
1.0698e+05
1.0394e+05
1.0093e+05
97946
94988
92056
89151
86273
83421
80596
77798
75026
72280
69562
66869
64204
61564
58951
56364
53803
51269
48761
46278
43822
41391
38987
36608
34254
31927
29624
27347
25096
22869
20667
18491
16339
14212
12109
10031
7976.6
5946.6
3940.7
1958.5
0
