60947
63739
66604
69537
72536
75597
78717
81892
85118
88392
91710
95067
98460
1.0189e+05
1.0534e+05
1.0881e+05
1.1231e+05
1.1582e+05
1.1934e+05
1.2287e+05
1.264e+05
1.2993e+05
1.3346e+05
1.3697e+05
1.4048e+05
1.4396e+05
1.4742e+05
1.5086e+05
1.5426e+05
1.5764e+05
1.6097e+05
1.6427e+05
1.6752e+05
1.7073e+05
1.7388e+05
1.7699e+05
1.8003e+05
1.8302e+05
1.8594e+05
1.888e+05
1.9159e+05
1.9431e+05
1.9696e+05
1.9954e+05
2.0204e+05
2.0446e+05
2.068e+05
2.0907e+05
2.1125e+05
2.1335e+05
2.1537e+05
2.173e+05
2.1915e+05
2.2091e+05
2.2259e+05
2.2418e+05
2.2569e+05
2.2711e+05
2.2845e+05
2.2971e+05
2.3088e+05
2.3197e+05
2.3297e+05
2.339e+05
2.3475e+05
2.3552e+05
2.3622e+05
2.3684e+05
2.3738e+05
2.3786e+05
2.3827e+05
2.3861e+05
2.3889e+05
2.391e+05
2.3926e+05
2.3935e+05
2.394e+05
2.3939e+05
2.3933e+05
2.3922e+05
2.3907e+05
2.3887e+05
2.3864e+05
2.3836e+05
2.3806e+05
2.3772e+05
2.3736e+05
2.3697e+05
2.3655e+05
2.3612e+05
2.3567e+05
2.352e+05
2.3472e+05
2.3423e+05
2.3373e+05
2.3323e+05
2.3272e+05
2.3221e+05
2.3171e+05
2.3121e+05
2.3071e+05
2.3022e+05
2.2974e+05
2.2928e+05
2.2882e+05
2.2839e+05
2.2796e+05
2.2756e+05
2.2717e+05
2.2681e+05
2.2647e+05
2.2615e+05
2.2585e+05
2.2558e+05
2.2533e+05
2.251e+05
2.2491e+05
2.2474e+05
2.2459e+05
2.2448e+05
2.2438e+05
2.2432e+05
2.2428e+05
2.2427e+05
2.2429e+05
2.2433e+05
2.2439e+05
2.2449e+05
2.246e+05
2.2474e+05
2.249e+05
2.2508e+05
2.2528e+05
2.255e+05
2.2574e+05
2.2599e+05
2.2627e+05
2.2655e+05
2.2685e+05
2.2716e+05
2.2748e+05
2.2782e+05
2.2815e+05
2.285e+05
2.2885e+05
2.292e+05
2.2955e+05
2.2991e+05
2.3026e+05
2.3061e+05
2.3095e+05
2.3129e+05
2.3162e+05
2.3194e+05
2.3225e+05
2.3254e+05
2.3282e+05
2.3309e+05
2.3334e+05
2.3357e+05
2.3378e+05
2.3397e+05
2.3414e+05
2.3428e+05
2.344e+05
2.345e+05
2.3456e+05
2.346e+05
2.346e+05
2.3458e+05
2.3452e+05
2.3444e+05
2.3431e+05
2.3416e+05
2.3396e+05
2.3374e+05
2.3347e+05
2.3317e+05
2.3283e+05
2.3245e+05
2.3203e+05
2.3157e+05
2.3107e+05
2.3053e+05
2.2995e+05
2.2933e+05
2.2867e+05
2.2796e+05
2.2721e+05
2.2643e+05
2.2559e+05
2.2472e+05
2.2381e+05
2.2285e+05
2.2185e+05
2.2081e+05
2.1972e+05
2.1859e+05
2.1743e+05
2.1622e+05
2.1497e+05
2.1368e+05
2.1234e+05
2.1097e+05
2.0956e+05
2.0811e+05
2.0662e+05
2.0509e+05
2.0352e+05
2.0191e+05
2.0027e+05
1.9859e+05
1.9688e+05
1.9513e+05
1.9334e+05
1.9152e+05
1.8966e+05
1.8778e+05
1.8586e+05
1.839e+05
1.8192e+05
1.7991e+05
1.7787e+05
1.7579e+05
1.737e+05
1.7157e+05
1.6942e+05
1.6724e+05
1.6504e+05
1.6281e+05
1.6057e+05
1.583e+05
1.5601e+05
1.537e+05
1.5137e+05
1.4903e+05
1.4667e+05
1.4429e+05
1.419e+05
1.395e+05
1.3709e+05
1.3466e+05
1.3223e+05
1.2979e+05
1.2734e+05
1.2489e+05
1.2244e+05
1.1998e+05
1.1752e+05
1.1506e+05
1.126e+05
1.1015e+05
1.077e+05
1.0526e+05
1.0283e+05
1.004e+05
97988
95586
93198
90826
88470
86133
83816
81520
79248
77000
74778
72583
70418
68283
66180
64109
62074
60074
58112
56188
54304
52460
50659
48900
47185
45515
43891
42313
40783
39300
37867
36482
35147
33861
32626
31442
30308
29224
28191
27209
26277
25394
24561
23777
23041
22352
21711
21116
20565
20059
19595
19173
18792
18449
18144
17875
17641
17439
17268
17126
17011
16922
16857
16813
16789
16781
16790
16811
16844
16886
16934
16987
17043
17100
17155
17206
17252
17290
17319
17337
17341
17331
17305
17260
17197
17113
17007
16878
16725
16548
16345
16116
15861
15579
15270
14935
14573
14184
13770
13332
12869
12384
11877
11351
10806
10244
9668.7
9081.1
8483.9
7879.9
7271.9
6663
6056.4
5455.6
4864.2
4286.1
3725.1
3185.6
2671.8
2188.2
1739.6
1330.7
966.58
652.25
393
194.2
61.333
0
15.895
114.8
302.59
585.18
968.57
1458.8
2062
2784.1
3631.4
4609.9
5725.8
6985.1
8393.9
9958.1
11684
13577
15643
17887
20316
22934
25748
28761
31980
35408
39051
42913
46998
51309
55851
60628
65642
70896
76393
82135
88124
94363
1.0085e+05
1.0759e+05
1.1458e+05
1.2183e+05
1.2933e+05
1.3708e+05
1.4508e+05
1.5333e+05
1.6184e+05
1.7059e+05
1.7958e+05
1.8882e+05
1.983e+05
2.0801e+05
2.1796e+05
2.2814e+05
2.3854e+05
2.4916e+05
2.5999e+05
2.7104e+05
2.8228e+05
2.9373e+05
3.0536e+05
3.1718e+05
3.2917e+05
3.4133e+05
3.5364e+05
3.6611e+05
3.7873e+05
3.9147e+05
4.0434e+05
4.1733e+05
4.3042e+05
4.436e+05
4.5687e+05
4.7021e+05
4.8361e+05
4.9707e+05
5.1057e+05
5.2409e+05
5.3763e+05
5.5118e+05
5.6472e+05
5.7824e+05
5.9173e+05
6.0518e+05
6.1858e+05
6.319e+05
6.4515e+05
6.583e+05
6.7135e+05
6.8429e+05
6.9709e+05
7.0975e+05
7.2226e+05
7.346e+05
7.4676e+05
7.5873e+05
7.7051e+05
7.8206e+05
7.934e+05
8.045e+05
8.1535e+05
8.2594e+05
8.3626e+05
8.4631e+05
8.5607e+05
8.6553e+05
8.7468e+05
8.8351e+05
8.9202e+05
9.0019e+05
9.0802e+05
9.155e+05
9.2262e+05
9.2938e+05
9.3577e+05
9.4178e+05
9.474e+05
9.5264e+05
9.5748e+05
9.6193e+05
9.6597e+05
9.696e+05
9.7283e+05
9.7564e+05
9.7804e+05
9.8003e+05
9.8159e+05
9.8274e+05
9.8347e+05
9.8378e+05
9.8367e+05
9.8314e+05
9.822e+05
9.8084e+05
9.7907e+05
9.7689e+05
9.743e+05
9.7131e+05
9.6793e+05
9.6414e+05
9.5997e+05
9.5542e+05
9.5048e+05
9.4517e+05
9.395e+05
9.3347e+05
9.2708e+05
9.2035e+05
9.1328e+05
9.0588e+05
8.9816e+05
8.9013e+05
8.818e+05
8.7317e+05
8.6425e+05
8.5506e+05
8.4561e+05
8.359e+05
8.2594e+05
8.1576e+05
8.0534e+05
7.9472e+05
7.8389e+05
7.7287e+05
7.6167e+05
7.503e+05
7.3878e+05
7.2711e+05
7.153e+05
7.0337e+05
6.9132e+05
6.7918e+05
6.6695e+05
6.5463e+05
6.4225e+05
6.2981e+05
6.1733e+05
6.0481e+05
5.9227e+05
5.7972e+05
5.6716e+05
5.5462e+05
5.4209e+05
5.2958e+05
5.1712e+05
5.047e+05
4.9234e+05
4.8005e+05
4.6784e+05
4.557e+05
4.4366e+05
4.3172e+05
4.1989e+05
4.0818e+05
3.9659e+05
3.8514e+05
3.7382e+05
3.6264e+05
3.5162e+05
3.4076e+05
3.3005e+05
3.1952e+05
3.0916e+05
2.9898e+05
2.8899e+05
2.7918e+05
2.6956e+05
2.6013e+05
2.5091e+05
2.4189e+05
2.3307e+05
2.2445e+05
2.1605e+05
2.0785e+05
1.9987e+05
1.921e+05
1.8454e+05
1.772e+05
1.7007e+05
1.6316e+05
1.5646e+05
1.4998e+05
1.4371e+05
1.3765e+05
1.318e+05
1.2617e+05
1.2074e+05
1.1552e+05
1.1051e+05
1.0569e+05
1.0108e+05
96664
92443
88414
84573
80917
77444
74148
71027
68077
65294
62674
60213
57907
55751
53741
51873
50142
48545
47075
45730
44504
43393
42393
41498
40705
40008
39404
38888
38455
38102
37823
37616
37474
37395
37374
37408
37491
37622
37795
38007
38255
38535
38844
39178
39535
39911
40303
40709
41125
41550
41980
42413
42847
43279
43708
44131
44548
44954
45351
45734
46104
46459
46797
47118
47420
47702
47964
48204
48423
48619
48791
48940
49065
49166
49243
49294
49322
49324
49301
49254
49183
49087
48968
48824
48658
48468
48256
48022
47766
47489
47192
46874
46538
46183
45810
45419
45012
44588
44149
43696
43228
42748
42255
41749
41233
40706
40170
39624
39070
38508
37939
37364
36783
36196
35605
35010
34411
33810
33206
32601
31994
31386
30778
30170
29563
28956
28351
27748
27146
