6.764e+05
6.7703e+05
6.7754e+05
6.7793e+05
6.7819e+05
6.7834e+05
6.7837e+05
6.7829e+05
6.7809e+05
6.7778e+05
6.7736e+05
6.7682e+05
6.7618e+05
6.7543e+05
6.7458e+05
6.7362e+05
6.7256e+05
6.714e+05
6.7015e+05
6.6879e+05
6.6735e+05
6.6581e+05
6.6418e+05
6.6246e+05
6.6066e+05
6.5877e+05
6.568e+05
6.5475e+05
6.5262e+05
6.5042e+05
6.4814e+05
6.4579e+05
6.4338e+05
6.4089e+05
6.3834e+05
6.3573e+05
6.3305e+05
6.3032e+05
6.2753e+05
6.2469e+05
6.2179e+05
6.1885e+05
6.1585e+05
6.1281e+05
6.0973e+05
6.0661e+05
6.0344e+05
6.0024e+05
5.9701e+05
5.9374e+05
5.9044e+05
5.8711e+05
5.8376e+05
5.8038e+05
5.7697e+05
5.7355e+05
5.701e+05
5.6664e+05
5.6317e+05
5.5968e+05
5.5618e+05
5.5266e+05
5.4915e+05
5.4562e+05
5.4209e+05
5.3855e+05
5.3502e+05
5.3148e+05
5.2795e+05
5.2441e+05
5.2089e+05
5.1736e+05
5.1385e+05
5.1034e+05
5.0685e+05
5.0336e+05
4.9989e+05
4.9643e+05
4.9299e+05
4.8956e+05
4.8615e+05
4.8275e+05
4.7938e+05
4.7602e+05
4.7269e+05
4.6937e+05
4.6608e+05
4.6282e+05
4.5957e+05
4.5635e+05
4.5316e+05
4.4999e+05
4.4685e+05
4.4374e+05
4.4065e+05
4.3759e+05
4.3456e+05
4.3156e+05
4.2859e+05
4.2564e+05
4.2273e+05
4.1984e+05
4.1699e+05
4.1416e+05
4.1137e+05
4.086e+05
4.0587e+05
4.0316e+05
4.0049e+05
3.9785e+05
3.9523e+05
3.9265e+05
3.901e+05
3.8757e+05
3.8508e+05
3.8261e+05
3.8017e+05
3.7776e+05
3.7538e+05
3.7303e+05
3.707e+05
3.684e+05
3.6613e+05
3.6388e+05
3.6166e+05
3.5946e+05
3.5729e+05
3.5514e+05
3.5302e+05
3.5092e+05
3.4884e+05
3.4678e+05
3.4474e+05
3.4273e+05
3.4073e+05
3.3875e+05
3.3679e+05
3.3485e+05
3.3293e+05
3.3102e+05
3.2912e+05
3.2725e+05
3.2538e+05
3.2353e+05
3.217e+05
3.1987e+05
3.1806e+05
3.1625e+05
3.1446e+05
3.1267e+05
3.109e+05
3.0913e+05
3.0737e+05
3.0561e+05
3.0387e+05
3.0212e+05
3.0038e+05
2.9865e+05
2.9691e+05
2.9518e+05
2.9345e+05
2.9173e+05
2.9e+05
2.8827e+05
2.8655e+05
2.8482e+05
2.8309e+05
2.8135e+05
2.7962e+05
2.7788e+05
2.7614e+05
2.7439e+05
2.7264e+05
2.7089e+05
2.6912e+05
2.6736e+05
2.6558e+05
2.6381e+05
2.6202e+05
2.6023e+05
2.5843e+05
2.5662e+05
2.5481e+05
2.5298e+05
2.5115e+05
2.4932e+05
2.4747e+05
2.4561e+05
2.4375e+05
2.4188e+05
2.4e+05
2.3812e+05
2.3622e+05
2.3432e+05
2.3241e+05
2.3049e+05
2.2856e+05
2.2663e+05
2.2469e+05
2.2274e+05
2.2079e+05
2.1883e+05
2.1687e+05
2.149e+05
2.1292e+05
2.1094e+05
2.0896e+05
2.0697e+05
2.0498e+05
2.0299e+05
2.01e+05
1.99e+05
1.9701e+05
1.9501e+05
1.9302e+05
1.9102e+05
1.8903e+05
1.8704e+05
1.8506e+05
1.8308e+05
1.8111e+05
1.7914e+05
1.7718e+05
1.7522e+05
1.7328e+05
1.7135e+05
1.6942e+05
1.6751e+05
1.6561e+05
1.6373e+05
1.6186e+05
1.6001e+05
1.5817e+05
1.5635e+05
1.5455e+05
1.5277e+05
1.5102e+05
1.4928e+05
1.4757e+05
1.4588e+05
1.4422e+05
1.4259e+05
1.4099e+05
1.3941e+05
1.3787e+05
1.3636e+05
1.3488e+05
1.3343e+05
1.3203e+05
1.3066e+05
1.2932e+05
1.2803e+05
1.2678e+05
1.2557e+05
1.244e+05
1.2328e+05
1.222e+05
1.2117e+05
1.2019e+05
1.1925e+05
1.1837e+05
1.1754e+05
1.1676e+05
1.1604e+05
1.1537e+05
1.1476e+05
1.1421e+05
1.1372e+05
1.1328e+05
1.1291e+05
1.126e+05
1.1235e+05
1.1217e+05
1.1205e+05
1.12e+05
1.1202e+05
1.1211e+05
1.1226e+05
1.1249e+05
1.1279e+05
1.1316e+05
1.136e+05
1.1412e+05
1.1472e+05
1.1539e+05
1.1614e+05
1.1696e+05
1.1787e+05
1.1885e+05
1.1992e+05
1.2106e+05
1.2229e+05
1.236e+05
1.2499e+05
1.2646e+05
1.2802e+05
1.2966e+05
1.3139e+05
1.332e+05
1.351e+05
1.3709e+05
1.3916e+05
1.4132e+05
1.4356e+05
1.4589e+05
1.4831e+05
1.5082e+05
1.5342e+05
1.561e+05
1.5887e+05
1.6173e+05
1.6468e+05
1.6772e+05
1.7084e+05
1.7406e+05
1.7736e+05
1.8075e+05
1.8422e+05
1.8778e+05
1.9143e+05
1.9517e+05
1.9899e+05
2.029e+05
2.069e+05
2.1097e+05
2.1514e+05
2.1939e+05
2.2372e+05
2.2813e+05
2.3263e+05
2.372e+05
2.4186e+05
2.466e+05
2.5141e+05
2.5631e+05
2.6128e+05
2.6633e+05
2.7145e+05
2.7665e+05
2.8192e+05
2.8727e+05
2.9269e+05
2.9817e+05
3.0373e+05
3.0935e+05
3.1504e+05
3.208e+05
3.2662e+05
3.325e+05
3.3845e+05
3.4445e+05
3.5052e+05
3.5664e+05
3.6281e+05
3.6905e+05
3.7533e+05
3.8167e+05
3.8805e+05
3.9449e+05
4.0097e+05
4.075e+05
4.1407e+05
4.2068e+05
4.2733e+05
4.3402e+05
4.4075e+05
4.4751e+05
4.5431e+05
4.6113e+05
4.6799e+05
4.7487e+05
4.8178e+05
4.8871e+05
4.9567e+05
5.0264e+05
5.0964e+05
5.1665e+05
5.2367e+05
5.3071e+05
5.3775e+05
5.4481e+05
5.5187e+05
5.5894e+05
5.6601e+05
5.7308e+05
5.8015e+05
5.8721e+05
5.9427e+05
6.0132e+05
6.0836e+05
6.1539e+05
6.2241e+05
6.2941e+05
6.364e+05
6.4336e+05
6.503e+05
6.5722e+05
6.6411e+05
6.7098e+05
6.7782e+05
6.8462e+05
6.9139e+05
6.9813e+05
7.0482e+05
7.1148e+05
7.181e+05
7.2467e+05
7.312e+05
7.3768e+05
7.4411e+05
7.5049e+05
7.5682e+05
7.6309e+05
7.6931e+05
7.7547e+05
7.8156e+05
7.876e+05
7.9357e+05
7.9948e+05
8.0532e+05
8.1109e+05
8.1679e+05
8.2241e+05
8.2797e+05
8.3344e+05
8.3884e+05
8.4417e+05
8.4941e+05
8.5457e+05
8.5964e+05
8.6463e+05
8.6954e+05
8.7436e+05
8.7909e+05
8.8372e+05
8.8827e+05
8.9273e+05
8.9708e+05
9.0135e+05
9.0552e+05
9.0959e+05
9.1356e+05
9.1743e+05
9.212e+05
9.2486e+05
9.2843e+05
9.3189e+05
9.3524e+05
9.3849e+05
9.4163e+05
9.4466e+05
9.4759e+05
9.504e+05
9.5311e+05
9.557e+05
9.5819e+05
9.6056e+05
9.6282e+05
9.6496e+05
9.6699e+05
9.6891e+05
9.7071e+05
9.724e+05
9.7397e+05
9.7543e+05
9.7676e+05
9.7799e+05
9.7909e+05
9.8008e+05
9.8096e+05
9.8171e+05
9.8235e+05
9.8287e+05
9.8327e+05
9.8356e+05
9.8373e+05
9.8378e+05
9.8371e+05
9.8353e+05
9.8323e+05
9.8281e+05
9.8228e+05
9.8163e+05
9.8087e+05
9.7999e+05
9.7899e+05
9.7789e+05
9.7666e+05
9.7533e+05
9.7388e+05
9.7232e+05
9.7064e+05
9.6886e+05
9.6697e+05
9.6496e+05
9.6285e+05
9.6063e+05
9.583e+05
9.5586e+05
9.5332e+05
9.5067e+05
9.4792e+05
9.4507e+05
9.4211e+05
9.3905e+05
9.3589e+05
9.3263e+05
9.2928e+05
9.2582e+05
9.2228e+05
9.1863e+05
9.1489e+05
9.1106e+05
9.0714e+05
9.0313e+05
8.9903e+05
8.9484e+05
8.9056e+05
8.862e+05
8.8176e+05
8.7723e+05
8.7262e+05
8.6793e+05
8.6317e+05
8.5832e+05
8.5341e+05
8.4841e+05
8.4335e+05
8.3821e+05
8.33e+05
8.2773e+05
8.2239e+05
8.1698e+05
8.1151e+05
8.0597e+05
8.0038e+05
7.9473e+05
7.8902e+05
7.8325e+05
7.7743e+05
7.7156e+05
7.6563e+05
7.5966e+05
7.5363e+05
7.4756e+05
7.4145e+05
7.3529e+05
7.2909e+05
7.2285e+05
7.1657e+05
7.1026e+05
7.0391e+05
6.9752e+05
6.9111e+05
6.8466e+05
6.7819e+05
6.7169e+05
6.6516e+05
6.5861e+05
6.5203e+05
6.4544e+05
6.3882e+05
6.3219e+05
6.2555e+05
6.1888e+05
6.1221e+05
6.0552e+05
5.9883e+05
5.9212e+05
5.8541e+05
5.787e+05
5.7198e+05
5.6525e+05
5.5853e+05
5.5181e+05
5.4509e+05
5.3837e+05
5.3166e+05
5.2496e+05
5.1826e+05
5.1157e+05
5.049e+05
4.9823e+05
4.9158e+05
4.8494e+05
4.7832e+05
4.7172e+05
4.6514e+05
4.5857e+05
4.5203e+05
4.4551e+05
4.3902e+05
4.3254e+05
4.261e+05
4.1968e+05
4.1329e+05
4.0693e+05
4.006e+05
3.943e+05
3.8804e+05
3.8181e+05
3.7561e+05
3.6945e+05
3.6333e+05
3.5725e+05
3.512e+05
3.4519e+05
3.3923e+05
3.333e+05
3.2742e+05
3.2158e+05
3.1579e+05
3.1004e+05
3.0434e+05
2.9868e+05
2.9307e+05
2.8751e+05
2.8199e+05
2.7653e+05
2.7111e+05
2.6575e+05
2.6044e+05
2.5518e+05
2.4997e+05
2.4481e+05
2.3971e+05
2.3466e+05
2.2967e+05
2.2473e+05
2.1984e+05
2.1502e+05
2.1024e+05
2.0553e+05
2.0087e+05
1.9626e+05
1.9172e+05
1.8723e+05
1.828e+05
1.7843e+05
1.7411e+05
1.6986e+05
1.6566e+05
1.6152e+05
1.5744e+05
1.5342e+05
1.4946e+05
1.4556e+05
1.4172e+05
1.3793e+05
1.3421e+05
1.3054e+05
1.2694e+05
1.2339e+05
1.199e+05
1.1648e+05
1.1311e+05
1.0979e+05
1.0654e+05
1.0335e+05
1.0021e+05
97134
94114
91152
88247
85400
82609
79875
77197
74576
72010
69499
67043
64642
62295
60001
57761
55574
53440
51358
49327
47347
45418
43539
41710
39930
38199
36515
34879
33291
31748
30252
28800
27394
26031
24713
23437
22203
21011
19860
18750
17679
16648
15655
14700
13782
12901
12056
11246
10471
9730
9022.2
8347
7703.9
7092
6510.9
5959.7
5437.8
4944.7
4479.5
4041.6
3630.5
3245.3
2885.4
2550.3
2239.1
1951.3
1686.2
1443.2
1221.6
1020.8
840.02
678.76
536.35
412.15
305.54
215.89
142.59
85.02
42.577
14.657
0.66194
0
