6.1639e+05
6.1778e+05
6.1909e+05
6.2033e+05
6.2148e+05
6.2256e+05
6.2357e+05
6.2449e+05
6.2534e+05
6.2612e+05
6.2682e+05
6.2745e+05
6.2801e+05
6.2849e+05
6.2891e+05
6.2925e+05
6.2953e+05
6.2974e+05
6.2988e+05
6.2996e+05
6.2998e+05
6.2993e+05
6.2981e+05
6.2964e+05
6.2941e+05
6.2911e+05
6.2876e+05
6.2835e+05
6.2789e+05
6.2737e+05
6.268e+05
6.2618e+05
6.255e+05
6.2478e+05
6.24e+05
6.2318e+05
6.2231e+05
6.214e+05
6.2044e+05
6.1944e+05
6.184e+05
6.1731e+05
6.1619e+05
6.1503e+05
6.1383e+05
6.1259e+05
6.1132e+05
6.1001e+05
6.0867e+05
6.073e+05
6.059e+05
6.0447e+05
6.0301e+05
6.0152e+05
6e+05
5.9846e+05
5.9689e+05
5.953e+05
5.9368e+05
5.9205e+05
5.9039e+05
5.8871e+05
5.8701e+05
5.8529e+05
5.8356e+05
5.818e+05
5.8003e+05
5.7825e+05
5.7645e+05
5.7463e+05
5.728e+05
5.7096e+05
5.691e+05
5.6724e+05
5.6536e+05
5.6347e+05
5.6157e+05
5.5966e+05
5.5774e+05
5.5582e+05
5.5388e+05
5.5194e+05
5.4999e+05
5.4803e+05
5.4606e+05
5.4409e+05
5.4211e+05
5.4013e+05
5.3814e+05
5.3614e+05
5.3414e+05
5.3214e+05
5.3013e+05
5.2811e+05
5.2609e+05
5.2407e+05
5.2204e+05
5.2001e+05
5.1797e+05
5.1593e+05
5.1388e+05
5.1183e+05
5.0978e+05
5.0772e+05
5.0565e+05
5.0358e+05
5.0151e+05
4.9943e+05
4.9735e+05
4.9526e+05
4.9316e+05
4.9107e+05
4.8896e+05
4.8685e+05
4.8473e+05
4.8261e+05
4.8048e+05
4.7834e+05
4.762e+05
4.7405e+05
4.7189e+05
4.6972e+05
4.6755e+05
4.6536e+05
4.6317e+05
4.6097e+05
4.5876e+05
4.5654e+05
4.5431e+05
4.5207e+05
4.4982e+05
4.4756e+05
4.4529e+05
4.43e+05
4.4071e+05
4.384e+05
4.3608e+05
4.3374e+05
4.314e+05
4.2904e+05
4.2666e+05
4.2428e+05
4.2187e+05
4.1946e+05
4.1703e+05
4.1458e+05
4.1212e+05
4.0965e+05
4.0715e+05
4.0465e+05
4.0212e+05
3.9958e+05
3.9702e+05
3.9445e+05
3.9186e+05
3.8925e+05
3.8663e+05
3.8399e+05
3.8133e+05
3.7866e+05
3.7596e+05
3.7325e+05
3.7052e+05
3.6778e+05
3.6502e+05
3.6224e+05
3.5944e+05
3.5662e+05
3.5379e+05
3.5094e+05
3.4808e+05
3.452e+05
3.423e+05
3.3938e+05
3.3645e+05
3.335e+05
3.3054e+05
3.2756e+05
3.2457e+05
3.2156e+05
3.1853e+05
3.155e+05
3.1245e+05
3.0938e+05
3.0631e+05
3.0322e+05
3.0011e+05
2.97e+05
2.9388e+05
2.9074e+05
2.876e+05
2.8445e+05
2.8129e+05
2.7812e+05
2.7494e+05
2.7176e+05
2.6857e+05
2.6537e+05
2.6218e+05
2.5897e+05
2.5577e+05
2.5256e+05
2.4936e+05
2.4615e+05
2.4294e+05
2.3973e+05
2.3653e+05
2.3333e+05
2.3013e+05
2.2694e+05
2.2376e+05
2.2058e+05
2.1741e+05
2.1425e+05
2.111e+05
2.0796e+05
2.0484e+05
2.0173e+05
1.9863e+05
1.9555e+05
1.9249e+05
1.8944e+05
1.8641e+05
1.8341e+05
1.8042e+05
1.7746e+05
1.7453e+05
1.7162e+05
1.6873e+05
1.6587e+05
1.6305e+05
1.6025e+05
1.5748e+05
1.5475e+05
1.5205e+05
1.4939e+05
1.4676e+05
1.4417e+05
1.4163e+05
1.3912e+05
1.3665e+05
1.3423e+05
1.3185e+05
1.2952e+05
1.2723e+05
1.2499e+05
1.228e+05
1.2067e+05
1.1858e+05
1.1655e+05
1.1457e+05
1.1265e+05
1.1079e+05
1.0898e+05
1.0724e+05
1.0555e+05
1.0393e+05
1.0237e+05
1.0088e+05
99446
98083
96788
95563
94407
93323
92311
91372
90508
89720
89007
88373
87817
87340
86943
86628
86395
86244
86178
86196
86299
86489
86765
87129
87582
88123
88754
89474
90286
91188
92183
93269
94448
95720
97086
98545
1.001e+05
1.0175e+05
1.0349e+05
1.0533e+05
1.0726e+05
1.0929e+05
1.1141e+05
1.1363e+05
1.1594e+05
1.1835e+05
1.2085e+05
1.2345e+05
1.2615e+05
1.2894e+05
1.3182e+05
1.348e+05
1.3788e+05
1.4104e+05
1.4431e+05
1.4766e+05
1.5111e+05
1.5466e+05
1.5829e+05
1.6202e+05
1.6584e+05
1.6975e+05
1.7375e+05
1.7784e+05
1.8201e+05
1.8628e+05
1.9064e+05
1.9508e+05
1.9961e+05
2.0422e+05
2.0892e+05
2.137e+05
2.1856e+05
2.2351e+05
2.2853e+05
2.3364e+05
2.3882e+05
2.4409e+05
2.4943e+05
2.5484e+05
2.6033e+05
2.6589e+05
2.7152e+05
2.7723e+05
2.83e+05
2.8884e+05
2.9475e+05
3.0072e+05
3.0675e+05
3.1285e+05
3.1901e+05
3.2523e+05
3.3151e+05
3.3784e+05
3.4423e+05
3.5067e+05
3.5716e+05
3.637e+05
3.7029e+05
3.7693e+05
3.8361e+05
3.9034e+05
3.971e+05
4.0391e+05
4.1076e+05
4.1764e+05
4.2455e+05
4.315e+05
4.3848e+05
4.4549e+05
4.5253e+05
4.5959e+05
4.6667e+05
4.7378e+05
4.8091e+05
4.8805e+05
4.9521e+05
5.0238e+05
5.0957e+05
5.1677e+05
5.2397e+05
5.3118e+05
5.3839e+05
5.4561e+05
5.5283e+05
5.6004e+05
5.6726e+05
5.7446e+05
5.8166e+05
5.8885e+05
5.9603e+05
6.0319e+05
6.1034e+05
6.1747e+05
6.2458e+05
6.3167e+05
6.3874e+05
6.4578e+05
6.5279e+05
6.5978e+05
6.6673e+05
6.7365e+05
6.8054e+05
6.8739e+05
6.942e+05
7.0097e+05
7.0769e+05
7.1438e+05
7.2101e+05
7.276e+05
7.3414e+05
7.4063e+05
7.4706e+05
7.5344e+05
7.5976e+05
7.6602e+05
7.7222e+05
7.7837e+05
7.8444e+05
7.9045e+05
7.964e+05
8.0227e+05
8.0808e+05
8.1381e+05
8.1947e+05
8.2505e+05
8.3056e+05
8.3599e+05
8.4134e+05
8.4661e+05
8.518e+05
8.5691e+05
8.6192e+05
8.6686e+05
8.717e+05
8.7646e+05
8.8113e+05
8.857e+05
8.9018e+05
8.9457e+05
8.9886e+05
9.0306e+05
9.0716e+05
9.1117e+05
9.1507e+05
9.1887e+05
9.2258e+05
9.2618e+05
9.2968e+05
9.3307e+05
9.3636e+05
9.3954e+05
9.4262e+05
9.4559e+05
9.4846e+05
9.5121e+05
9.5386e+05
9.564e+05
9.5883e+05
9.6114e+05
9.6335e+05
9.6545e+05
9.6743e+05
9.693e+05
9.7106e+05
9.727e+05
9.7424e+05
9.7566e+05
9.7696e+05
9.7815e+05
9.7923e+05
9.8019e+05
9.8104e+05
9.8177e+05
9.8239e+05
9.829e+05
9.8329e+05
9.8357e+05
9.8373e+05
9.8378e+05
9.8371e+05
9.8353e+05
9.8324e+05
9.8283e+05
9.8231e+05
9.8168e+05
9.8094e+05
9.8008e+05
9.7911e+05
9.7804e+05
9.7685e+05
9.7555e+05
9.7414e+05
9.7262e+05
9.71e+05
9.6926e+05
9.6742e+05
9.6548e+05
9.6342e+05
9.6127e+05
9.59e+05
9.5664e+05
9.5417e+05
9.516e+05
9.4893e+05
9.4616e+05
9.4329e+05
9.4032e+05
9.3726e+05
9.3409e+05
9.3084e+05
9.2749e+05
9.2404e+05
9.2051e+05
9.1688e+05
9.1316e+05
9.0935e+05
9.0546e+05
9.0148e+05
8.9742e+05
8.9327e+05
8.8903e+05
8.8472e+05
8.8032e+05
8.7585e+05
8.713e+05
8.6667e+05
8.6197e+05
8.5719e+05
8.5234e+05
8.4742e+05
8.4243e+05
8.3737e+05
8.3225e+05
8.2706e+05
8.218e+05
8.1648e+05
8.111e+05
8.0566e+05
8.0017e+05
7.9461e+05
7.89e+05
7.8334e+05
7.7762e+05
7.7185e+05
7.6604e+05
7.6017e+05
7.5426e+05
7.483e+05
7.423e+05
7.3626e+05
7.3018e+05
7.2406e+05
7.179e+05
7.117e+05
7.0547e+05
6.9921e+05
6.9292e+05
6.8659e+05
6.8024e+05
6.7386e+05
6.6746e+05
6.6103e+05
6.5458e+05
6.4811e+05
6.4162e+05
6.3511e+05
6.2859e+05
6.2205e+05
6.155e+05
6.0893e+05
6.0236e+05
5.9578e+05
5.8919e+05
5.8259e+05
5.7599e+05
5.6938e+05
5.6277e+05
5.5617e+05
5.4956e+05
5.4296e+05
5.3635e+05
5.2976e+05
5.2317e+05
5.1659e+05
5.1002e+05
5.0345e+05
4.969e+05
4.9037e+05
4.8384e+05
4.7733e+05
4.7084e+05
4.6437e+05
4.5791e+05
4.5148e+05
4.4507e+05
4.3868e+05
4.3231e+05
4.2597e+05
4.1965e+05
4.1336e+05
4.071e+05
4.0087e+05
3.9467e+05
3.885e+05
3.8236e+05
3.7626e+05
3.7019e+05
3.6415e+05
3.5815e+05
3.5219e+05
3.4627e+05
3.4038e+05
3.3454e+05
3.2873e+05
3.2297e+05
3.1724e+05
3.1156e+05
3.0593e+05
3.0034e+05
2.9479e+05
2.8929e+05
2.8384e+05
2.7843e+05
2.7307e+05
2.6776e+05
2.625e+05
2.5728e+05
2.5212e+05
2.4701e+05
2.4195e+05
2.3694e+05
2.3198e+05
2.2708e+05
2.2223e+05
2.1743e+05
2.1268e+05
2.0799e+05
2.0336e+05
1.9877e+05
1.9425e+05
1.8978e+05
1.8536e+05
1.81e+05
1.767e+05
1.7245e+05
1.6826e+05
1.6413e+05
1.6005e+05
1.5603e+05
1.5207e+05
1.4817e+05
1.4432e+05
1.4053e+05
1.368e+05
1.3312e+05
1.295e+05
1.2594e+05
1.2244e+05
1.1899e+05
1.156e+05
1.1227e+05
1.09e+05
1.0578e+05
1.0262e+05
99519
96472
93481
90547
87669
84847
82080
79368
76712
74110
71563
69069
66630
64244
61911
59631
57403
55227
53103
51030
49007
47035
45113
43240
41416
39641
37913
36233
34600
33014
31473
29978
28528
27122
25760
24441
23165
21930
20738
19586
18474
17403
16370
15376
14420
13501
12619
11773
10962
10186
9444.4
8736.3
8061
7418
6806.7
6226.3
5676.3
5155.9
4664.7
4201.8
3766.7
3358.8
2977.3
2621.7
2291.3
1985.4
1703.4
1444.8
1208.8
994.75
802.12
630.25
478.5
346.26
232.9
137.82
60.384
0
