28696
30839
33261
35960
38934
42182
45700
49483
53526
57824
62369
67155
72173
77414
82869
88528
94380
1.0041e+05
1.0662e+05
1.1298e+05
1.1948e+05
1.2612e+05
1.3288e+05
1.3974e+05
1.4669e+05
1.5371e+05
1.608e+05
1.6793e+05
1.7509e+05
1.8227e+05
1.8945e+05
1.9662e+05
2.0375e+05
2.1084e+05
2.1787e+05
2.2483e+05
2.3169e+05
2.3846e+05
2.451e+05
2.5162e+05
2.5798e+05
2.642e+05
2.7024e+05
2.7609e+05
2.8176e+05
2.8721e+05
2.9245e+05
2.9747e+05
3.0224e+05
3.0677e+05
3.1105e+05
3.1506e+05
3.1881e+05
3.2227e+05
3.2546e+05
3.2835e+05
3.3096e+05
3.3327e+05
3.3527e+05
3.3698e+05
3.3838e+05
3.3948e+05
3.4028e+05
3.4076e+05
3.4095e+05
3.4083e+05
3.4041e+05
3.3969e+05
3.3868e+05
3.3739e+05
3.358e+05
3.3394e+05
3.318e+05
3.294e+05
3.2674e+05
3.2383e+05
3.2068e+05
3.1729e+05
3.1368e+05
3.0985e+05
3.0581e+05
3.0158e+05
2.9717e+05
2.9259e+05
2.8784e+05
2.8294e+05
2.7791e+05
2.7274e+05
2.6747e+05
2.6209e+05
2.5663e+05
2.5108e+05
2.4548e+05
2.3982e+05
2.3413e+05
2.2841e+05
2.2267e+05
2.1694e+05
2.1121e+05
2.0551e+05
1.9985e+05
1.9423e+05
1.8867e+05
1.8318e+05
1.7777e+05
1.7245e+05
1.6723e+05
1.6212e+05
1.5713e+05
1.5228e+05
1.4756e+05
1.4298e+05
1.3856e+05
1.343e+05
1.3021e+05
1.2629e+05
1.2255e+05
1.19e+05
1.1563e+05
1.1246e+05
1.0949e+05
1.0672e+05
1.0415e+05
1.0179e+05
99638
97694
95959
94434
93119
92012
91112
90419
89929
89639
89548
89652
89946
90428
91091
91932
92946
94126
95467
96964
98610
1.004e+05
1.0232e+05
1.0438e+05
1.0656e+05
1.0885e+05
1.1125e+05
1.1375e+05
1.1635e+05
1.1903e+05
1.218e+05
1.2463e+05
1.2753e+05
1.3049e+05
1.3349e+05
1.3654e+05
1.3963e+05
1.4274e+05
1.4587e+05
1.4902e+05
1.5217e+05
1.5533e+05
1.5848e+05
1.6161e+05
1.6473e+05
1.6782e+05
1.7089e+05
1.7391e+05
1.7689e+05
1.7983e+05
1.8271e+05
1.8554e+05
1.883e+05
1.9099e+05
1.9361e+05
1.9616e+05
1.9862e+05
2.0101e+05
2.033e+05
2.055e+05
2.0761e+05
2.0962e+05
2.1153e+05
2.1334e+05
2.1504e+05
2.1663e+05
2.1811e+05
2.1949e+05
2.2074e+05
2.2189e+05
2.2291e+05
2.2382e+05
2.2461e+05
2.2528e+05
2.2583e+05
2.2626e+05
2.2657e+05
2.2676e+05
2.2682e+05
2.2677e+05
2.2659e+05
2.2629e+05
2.2588e+05
2.2534e+05
2.2469e+05
2.2391e+05
2.2303e+05
2.2202e+05
2.2091e+05
2.1968e+05
2.1834e+05
2.169e+05
2.1534e+05
2.1369e+05
2.1193e+05
2.1007e+05
2.0812e+05
2.0607e+05
2.0394e+05
2.0171e+05
1.994e+05
1.97e+05
1.9453e+05
1.9198e+05
1.8936e+05
1.8667e+05
1.8392e+05
1.811e+05
1.7823e+05
1.753e+05
1.7233e+05
1.6931e+05
1.6625e+05
1.6315e+05
1.6002e+05
1.5685e+05
1.5367e+05
1.5046e+05
1.4724e+05
1.44e+05
1.4076e+05
1.3751e+05
1.3427e+05
1.3102e+05
1.2779e+05
1.2456e+05
1.2136e+05
1.1817e+05
1.15e+05
1.1186e+05
1.0875e+05
1.0568e+05
1.0264e+05
99637
96678
93764
90897
88079
85313
82600
79942
77341
74799
72315
69892
67529
65228
62989
60812
58698
56645
54654
52724
50854
49044
47292
45598
43960
42376
40846
39368
37939
36559
35225
33935
32689
31482
30315
29185
28089
27027
25996
24994
24020
23072
22149
21249
20371
19514
18676
17857
17055
16271
15503
14752
14017
13298
12595
11909
11239
10587
9953.2
9338.1
8743
8168.9
7617
7088.7
6585.2
6108.1
5658.9
5239.2
4850.6
4494.6
4173
3887.4
3639.4
3430.4
3262.1
3135.8
3052.7
3014.2
3021.3
3074.8
3175.6
3324.3
3521.2
3766.5
4060.3
4402.2
4791.7
5228.3
5710.8
6238
6808.5
7420.5
8071.9
8760.4
9483.6
10238
11022
11831
12662
13511
14374
15246
16125
17004
17879
18746
19600
20436
21248
22031
22782
23494
24163
24784
25352
25863
26313
26698
27013
27255
27422
27510
27518
27442
27282
27037
26706
26289
25787
25201
24533
23786
22962
22065
21100
20072
18987
17850
16671
15455
14212
12951
11683
10416
9163.5
7936.1
6746.5
5607.6
4532.7
3536
2631.7
1834.6
1159.9
623.24
240.29
27.14
0
175.23
569.27
1198.6
2079.6
3228.6
4661.8
6395.1
8444.2
10825
13551
16638
20099
23949
28199
32861
37948
43469
49433
55851
62728
70073
77890
86184
94958
1.0422e+05
1.1396e+05
1.2418e+05
1.3489e+05
1.4607e+05
1.5773e+05
1.6986e+05
1.8245e+05
1.9549e+05
2.0898e+05
2.2291e+05
2.3725e+05
2.5201e+05
2.6716e+05
2.8269e+05
2.9858e+05
3.1481e+05
3.3136e+05
3.4822e+05
3.6536e+05
3.8276e+05
4.0039e+05
4.1822e+05
4.3625e+05
4.5443e+05
4.7274e+05
4.9115e+05
5.0963e+05
5.2816e+05
5.467e+05
5.6523e+05
5.8371e+05
6.0211e+05
6.2041e+05
6.3857e+05
6.5655e+05
6.7434e+05
6.9189e+05
7.0918e+05
7.2618e+05
7.4286e+05
7.5918e+05
7.7512e+05
7.9065e+05
8.0575e+05
8.2037e+05
8.3451e+05
8.4814e+05
8.6122e+05
8.7374e+05
8.8567e+05
8.97e+05
9.077e+05
9.1775e+05
9.2715e+05
9.3586e+05
9.4388e+05
9.512e+05
9.5779e+05
9.6366e+05
9.6879e+05
9.7317e+05
9.7681e+05
9.7969e+05
9.8181e+05
9.8317e+05
9.8378e+05
9.8362e+05
9.8272e+05
9.8106e+05
9.7866e+05
9.7552e+05
9.7166e+05
9.6708e+05
9.618e+05
9.5582e+05
9.4917e+05
9.4186e+05
9.339e+05
9.2531e+05
9.1612e+05
9.0633e+05
8.9598e+05
8.8508e+05
8.7366e+05
8.6174e+05
8.4934e+05
8.3649e+05
8.2321e+05
8.0953e+05
7.9547e+05
7.8107e+05
7.6634e+05
7.5132e+05
7.3602e+05
7.2049e+05
7.0474e+05
6.8881e+05
6.7271e+05
6.5648e+05
6.4014e+05
6.2372e+05
6.0725e+05
5.9074e+05
5.7423e+05
5.5775e+05
5.413e+05
5.2492e+05
5.0863e+05
4.9245e+05
4.764e+05
4.6051e+05
4.4478e+05
4.2925e+05
4.1393e+05
3.9883e+05
3.8398e+05
3.6938e+05
3.5505e+05
3.4101e+05
3.2726e+05
3.1382e+05
3.007e+05
2.8791e+05
2.7545e+05
2.6334e+05
2.5157e+05
2.4016e+05
2.2911e+05
2.1843e+05
2.0811e+05
1.9816e+05
1.8858e+05
1.7936e+05
1.7052e+05
1.6204e+05
1.5393e+05
1.4618e+05
1.3879e+05
1.3175e+05
1.2506e+05
1.1871e+05
1.127e+05
1.0703e+05
1.0167e+05
96634
91904
87473
83333
79475
75889
72566
69496
66669
64075
61703
59544
57587
55822
54238
52825
51573
50472
49512
48683
47976
47380
46888
46489
46175
45938
45769
45661
45606
45596
45625
45687
45773
45880
46000
46130
46263
46395
46522
46641
46747
46837
46908
46958
46985
46986
46959
46904
46819
46703
46555
46376
46165
45922
45648
45343
45007
44641
44247
43826
43378
42905
42409
41892
41354
40798
40226
39639
39039
38429
37809
37182
36551
35916
35280
34645
34012
33383
32761
32146
31540
30945
30363
29794
29240
28702
28181
27679
27196
26733
26291
25870
25472
25096
24743
24413
24106
23822
23562
23325
23111
22919
22750
22602
22476
22370
22284
22218
22169
22138
22124
22125
22141
22171
22212
22266
22329
22401
22481
22567
22659
22755
22854
22954
23055
23156
23254
23350
23441
23527
23607
23680
23745
23800
23846
23880
23903
23913
23911
23894
23864
23818
23757
23681
23589
23480
23355
23213
23055
22881
22689
22481
22257
22017
21761
21489
21203
20902
20587
