20882
24359
28067
32002
36157
40528
45107
49888
54865
60028
65370
70884
76559
82386
88357
94461
1.0069e+05
1.0703e+05
1.1347e+05
1.2001e+05
1.2662e+05
1.3331e+05
1.4005e+05
1.4684e+05
1.5367e+05
1.6052e+05
1.6738e+05
1.7425e+05
1.8111e+05
1.8795e+05
1.9475e+05
2.0151e+05
2.0822e+05
2.1487e+05
2.2143e+05
2.2792e+05
2.3431e+05
2.4059e+05
2.4676e+05
2.5281e+05
2.5872e+05
2.6449e+05
2.7011e+05
2.7557e+05
2.8087e+05
2.8599e+05
2.9094e+05
2.957e+05
3.0026e+05
3.0463e+05
3.088e+05
3.1276e+05
3.1651e+05
3.2005e+05
3.2337e+05
3.2646e+05
3.2934e+05
3.3198e+05
3.344e+05
3.366e+05
3.3856e+05
3.403e+05
3.4181e+05
3.4309e+05
3.4415e+05
3.4498e+05
3.4559e+05
3.4598e+05
3.4616e+05
3.4612e+05
3.4587e+05
3.4542e+05
3.4477e+05
3.4392e+05
3.4287e+05
3.4165e+05
3.4024e+05
3.3866e+05
3.3691e+05
3.35e+05
3.3293e+05
3.3072e+05
3.2837e+05
3.2588e+05
3.2327e+05
3.2054e+05
3.177e+05
3.1476e+05
3.1172e+05
3.086e+05
3.054e+05
3.0213e+05
2.9879e+05
2.954e+05
2.9197e+05
2.885e+05
2.85e+05
2.8148e+05
2.7794e+05
2.744e+05
2.7086e+05
2.6733e+05
2.6382e+05
2.6033e+05
2.5688e+05
2.5346e+05
2.5009e+05
2.4677e+05
2.435e+05
2.403e+05
2.3718e+05
2.3412e+05
2.3115e+05
2.2826e+05
2.2547e+05
2.2277e+05
2.2017e+05
2.1767e+05
2.1528e+05
2.13e+05
2.1083e+05
2.0878e+05
2.0685e+05
2.0504e+05
2.0335e+05
2.0178e+05
2.0034e+05
1.9902e+05
1.9783e+05
1.9676e+05
1.9582e+05
1.95e+05
1.9431e+05
1.9374e+05
1.933e+05
1.9297e+05
1.9276e+05
1.9267e+05
1.9269e+05
1.9282e+05
1.9306e+05
1.934e+05
1.9384e+05
1.9438e+05
1.9502e+05
1.9574e+05
1.9654e+05
1.9743e+05
1.984e+05
1.9943e+05
2.0053e+05
2.0169e+05
2.0291e+05
2.0418e+05
2.0549e+05
2.0685e+05
2.0823e+05
2.0965e+05
2.111e+05
2.1256e+05
2.1403e+05
2.1551e+05
2.17e+05
2.1848e+05
2.1995e+05
2.2141e+05
2.2285e+05
2.2427e+05
2.2565e+05
2.2701e+05
2.2832e+05
2.296e+05
2.3082e+05
2.32e+05
2.3312e+05
2.3418e+05
2.3517e+05
2.361e+05
2.3696e+05
2.3775e+05
2.3846e+05
2.3909e+05
2.3964e+05
2.4011e+05
2.4049e+05
2.4078e+05
2.4099e+05
2.411e+05
2.4112e+05
2.4105e+05
2.4089e+05
2.4063e+05
2.4028e+05
2.3984e+05
2.393e+05
2.3866e+05
2.3794e+05
2.3712e+05
2.3621e+05
2.3521e+05
2.3412e+05
2.3295e+05
2.3169e+05
2.3034e+05
2.2892e+05
2.2741e+05
2.2583e+05
2.2417e+05
2.2243e+05
2.2063e+05
2.1876e+05
2.1683e+05
2.1483e+05
2.1277e+05
2.1066e+05
2.0849e+05
2.0627e+05
2.04e+05
2.0169e+05
1.9934e+05
1.9695e+05
1.9452e+05
1.9205e+05
1.8956e+05
1.8704e+05
1.8449e+05
1.8192e+05
1.7933e+05
1.7673e+05
1.7411e+05
1.7147e+05
1.6882e+05
1.6617e+05
1.6351e+05
1.6084e+05
1.5817e+05
1.555e+05
1.5283e+05
1.5017e+05
1.475e+05
1.4484e+05
1.4219e+05
1.3954e+05
1.369e+05
1.3427e+05
1.3165e+05
1.2903e+05
1.2643e+05
1.2384e+05
1.2126e+05
1.1869e+05
1.1614e+05
1.1359e+05
1.1106e+05
1.0854e+05
1.0604e+05
1.0354e+05
1.0106e+05
98591
96134
93689
91256
88836
86429
84033
81650
79280
76922
74578
72246
69928
67624
65334
63060
60801
58559
56333
54126
51938
49771
47625
45501
43402
41329
39283
37266
35279
33325
31405
29522
27677
25872
24110
22393
20723
19102
17532
16016
14556
13154
11813
10533
9318.9
8170.9
7091.5
6082.6
5146
4283.3
3496.2
2786.1
2154.3
1601.9
1130
739.39
430.71
204.44
60.848
0
21.753
125.75
311.4
577.9
924.2
1349
1850.9
2428
3078.4
3799.8
4589.8
5445.6
6364.4
7343
8377.9
9465.6
10602
11784
13006
14265
15555
16873
18213
19570
20939
22315
23693
25068
26433
27784
29114
30420
31694
32933
34130
35281
36380
37423
38405
39320
40165
40936
41628
42239
42763
43199
43544
43795
43950
44008
43966
43825
43583
43241
42798
42257
41617
40881
40051
39130
38121
37027
35853
34603
33283
31898
30454
28958
27417
25838
24230
22600
20958
19313
17674
16051
14454
12895
11384
9932
8550.8
7251.9
6047.3
4948.9
3969
3119.8
2413.7
1863.1
1480.5
1278.2
1268.6
1464
1876.5
2518.2
3400.9
4536.1
5935.3
7609.4
9569.1
11825
14387
17264
20467
24002
27879
32105
36687
41632
46945
52632
58696
65142
71973
79191
86799
94796
1.0318e+05
1.1196e+05
1.2112e+05
1.3067e+05
1.406e+05
1.5091e+05
1.616e+05
1.7265e+05
1.8407e+05
1.9584e+05
2.0795e+05
2.2041e+05
2.332e+05
2.463e+05
2.5971e+05
2.7342e+05
2.8742e+05
3.0168e+05
3.162e+05
3.3097e+05
3.4596e+05
3.6117e+05
3.7657e+05
3.9215e+05
4.0789e+05
4.2377e+05
4.3978e+05
4.559e+05
4.7211e+05
4.8839e+05
5.0471e+05
5.2106e+05
5.3743e+05
5.5378e+05
5.701e+05
5.8637e+05
6.0256e+05
6.1866e+05
6.3464e+05
6.5049e+05
6.6619e+05
6.817e+05
6.9702e+05
7.1212e+05
7.2699e+05
7.4159e+05
7.5592e+05
7.6996e+05
7.8368e+05
7.9707e+05
8.1012e+05
8.2279e+05
8.3508e+05
8.4697e+05
8.5845e+05
8.695e+05
8.801e+05
8.9025e+05
8.9993e+05
9.0912e+05
9.1782e+05
9.2602e+05
9.337e+05
9.4086e+05
9.4749e+05
9.5358e+05
9.5912e+05
9.6411e+05
9.6854e+05
9.7242e+05
9.7573e+05
9.7848e+05
9.8065e+05
9.8226e+05
9.833e+05
9.8378e+05
9.8369e+05
9.8303e+05
9.8182e+05
9.8005e+05
9.7773e+05
9.7487e+05
9.7147e+05
9.6753e+05
9.6308e+05
9.5811e+05
9.5264e+05
9.4667e+05
9.4022e+05
9.333e+05
9.2592e+05
9.1809e+05
9.0982e+05
9.0113e+05
8.9203e+05
8.8254e+05
8.7266e+05
8.6243e+05
8.5184e+05
8.4092e+05
8.2968e+05
8.1814e+05
8.0632e+05
7.9422e+05
7.8188e+05
7.6929e+05
7.5649e+05
7.4349e+05
7.3031e+05
7.1695e+05
7.0345e+05
6.8981e+05
6.7605e+05
6.6219e+05
6.4825e+05
6.3424e+05
6.2017e+05
6.0608e+05
5.9196e+05
5.7783e+05
5.6371e+05
5.4962e+05
5.3557e+05
5.2157e+05
5.0764e+05
4.9378e+05
4.8002e+05
4.6636e+05
4.5282e+05
4.394e+05
4.2613e+05
4.13e+05
4.0004e+05
3.8724e+05
3.7463e+05
3.622e+05
3.4996e+05
3.3793e+05
3.2611e+05
3.145e+05
3.0312e+05
2.9197e+05
2.8105e+05
2.7037e+05
2.5993e+05
2.4974e+05
2.398e+05
2.3011e+05
2.2067e+05
2.1149e+05
2.0257e+05
1.9391e+05
1.8551e+05
1.7736e+05
1.6948e+05
1.6185e+05
1.5448e+05
1.4737e+05
1.4051e+05
1.339e+05
1.2754e+05
1.2143e+05
1.1556e+05
1.0994e+05
1.0455e+05
99390
94462
89758
85274
81006
76948
73096
69444
65987
62720
59638
56734
54003
51439
49037
46791
44694
42742
40928
39247
37693
36260
34942
33734
32630
31625
30714
29891
29150
28488
27898
27376
26917
26517
26171
25875
25625
25415
25244
25106
24998
24917
24859
24821
24800
24793
24798
24812
24832
24856
24882
24908
24932
24953
24969
24977
24978
24970
24952
24922
24881
24827
24759
24678
24582
24472
24347
24207
24053
23883
23698
23499
23286
23058
22817
22562
22294
22014
21722
21419
21105
20781
20448
20106
19756
19399
19035
18665
18291
17911
17529
17143
16755
16365
15975
15585
15195
14807
14420
14036
13654
13277
12903
12534
12170
11812
11460
11113
10774
10441
10116
9798.4
9488.4
9186.3
8892.3
8606.4
8328.9
8059.6
7798.7
7546.1
7301.8
7065.8
6837.9
6618
6405.9
6201.6
6004.7
5815.1
5632.4
5456.5
5287.1
5123.7
4966.2
4814.1
4667.2
4524.9
4387
4253.1
4122.7
3995.5
3871
3748.8
3628.5
