15714
17295
19149
21278
23681
26356
29302
32516
35994
39731
43723
47963
52446
57162
62105
67266
72634
78201
83955
89886
95981
1.0223e+05
1.0862e+05
1.1513e+05
1.2176e+05
1.2849e+05
1.353e+05
1.4219e+05
1.4913e+05
1.5612e+05
1.6313e+05
1.7016e+05
1.7719e+05
1.8419e+05
1.9117e+05
1.981e+05
2.0497e+05
2.1176e+05
2.1847e+05
2.2506e+05
2.3154e+05
2.3789e+05
2.4409e+05
2.5014e+05
2.5601e+05
2.617e+05
2.672e+05
2.7249e+05
2.7756e+05
2.8241e+05
2.8702e+05
2.9139e+05
2.955e+05
2.9935e+05
3.0293e+05
3.0624e+05
3.0926e+05
3.12e+05
3.1445e+05
3.166e+05
3.1845e+05
3.2001e+05
3.2126e+05
3.2222e+05
3.2286e+05
3.2321e+05
3.2325e+05
3.23e+05
3.2245e+05
3.2161e+05
3.2047e+05
3.1905e+05
3.1736e+05
3.1539e+05
3.1315e+05
3.1065e+05
3.079e+05
3.049e+05
3.0167e+05
2.9822e+05
2.9455e+05
2.9067e+05
2.8659e+05
2.8233e+05
2.779e+05
2.7331e+05
2.6856e+05
2.6368e+05
2.5867e+05
2.5355e+05
2.4833e+05
2.4302e+05
2.3764e+05
2.3219e+05
2.267e+05
2.2117e+05
2.1562e+05
2.1006e+05
2.045e+05
1.9896e+05
1.9344e+05
1.8797e+05
1.8254e+05
1.7718e+05
1.719e+05
1.667e+05
1.616e+05
1.566e+05
1.5172e+05
1.4696e+05
1.4235e+05
1.3787e+05
1.3355e+05
1.2938e+05
1.2538e+05
1.2156e+05
1.1791e+05
1.1445e+05
1.1118e+05
1.081e+05
1.0522e+05
1.0255e+05
1.0007e+05
97804
95744
93894
92253
90822
89601
88589
87784
87185
86789
86594
86596
86792
87178
87749
88502
89430
90529
91793
93217
94793
96517
98381
1.0038e+05
1.025e+05
1.0475e+05
1.071e+05
1.0957e+05
1.1213e+05
1.1478e+05
1.1752e+05
1.2033e+05
1.2321e+05
1.2615e+05
1.2915e+05
1.322e+05
1.3529e+05
1.3841e+05
1.4155e+05
1.4472e+05
1.479e+05
1.5108e+05
1.5427e+05
1.5745e+05
1.6062e+05
1.6377e+05
1.6689e+05
1.6999e+05
1.7305e+05
1.7607e+05
1.7904e+05
1.8197e+05
1.8484e+05
1.8765e+05
1.9039e+05
1.9307e+05
1.9568e+05
1.9821e+05
2.0066e+05
2.0303e+05
2.0531e+05
2.0751e+05
2.0961e+05
2.1162e+05
2.1353e+05
2.1534e+05
2.1705e+05
2.1865e+05
2.2015e+05
2.2155e+05
2.2283e+05
2.24e+05
2.2506e+05
2.2601e+05
2.2684e+05
2.2756e+05
2.2816e+05
2.2864e+05
2.2901e+05
2.2925e+05
2.2938e+05
2.2939e+05
2.2929e+05
2.2906e+05
2.2872e+05
2.2826e+05
2.2768e+05
2.2698e+05
2.2617e+05
2.2525e+05
2.2421e+05
2.2306e+05
2.2179e+05
2.2042e+05
2.1894e+05
2.1736e+05
2.1567e+05
2.1387e+05
2.1198e+05
2.0999e+05
2.0791e+05
2.0573e+05
2.0346e+05
2.0111e+05
1.9867e+05
1.9616e+05
1.9357e+05
1.909e+05
1.8816e+05
1.8536e+05
1.825e+05
1.7958e+05
1.766e+05
1.7358e+05
1.7051e+05
1.674e+05
1.6425e+05
1.6107e+05
1.5786e+05
1.5463e+05
1.5138e+05
1.4812e+05
1.4484e+05
1.4156e+05
1.3828e+05
1.35e+05
1.3173e+05
1.2848e+05
1.2524e+05
1.2201e+05
1.1882e+05
1.1565e+05
1.1251e+05
1.0941e+05
1.0635e+05
1.0333e+05
1.0035e+05
97424
94548
91725
88958
86248
83598
81010
78484
76021
73624
71292
69026
66826
64692
62625
60623
58686
56813
55004
53256
51569
49942
48371
46856
45395
43986
42626
41313
40045
38819
37634
36486
35374
34295
33247
32227
31234
30264
29317
28390
27481
26588
25711
24847
23996
23156
22327
21508
20699
19898
19107
18325
17552
16790
16038
15298
14571
13858
13160
12480
11818
11176
10557
9962.2
9394.2
8855.1
8346.9
7872.1
7432.8
7031.4
6670
6350.9
6076.1
5847.6
5667.4
5537.2
5458.5
5432.9
5461.5
5545.4
5685.4
5881.9
6135.4
6445.9
6813
7236.2
7714.7
8247.2
8832.3
9468.2
10153
10884
11658
12472
13324
14208
15122
16062
17021
17996
18982
19974
20966
21953
22928
23888
24824
25733
26607
27442
28230
28968
29649
30268
30819
31299
31702
32024
32262
32412
32470
32435
32305
32077
31751
31327
30805
30186
29472
28664
27767
26783
25717
24576
23364
22088
20756
19377
17960
16513
15049
13577
12110
10662
9243.6
7870.3
6556.1
5316
4165.5
3120.5
2197.2
1412.4
782.96
326.12
59.285
0
165.87
574.52
1243.5
2190.3
3432.2
4986.1
6868.9
9096.7
11686
14651
18007
21768
25948
30560
35614
41123
47095
53540
60466
67880
75786
84190
93096
1.025e+05
1.1241e+05
1.2283e+05
1.3374e+05
1.4515e+05
1.5706e+05
1.6945e+05
1.8231e+05
1.9565e+05
2.0945e+05
2.2369e+05
2.3837e+05
2.5347e+05
2.6897e+05
2.8485e+05
3.011e+05
3.177e+05
3.3463e+05
3.5186e+05
3.6937e+05
3.8714e+05
4.0514e+05
4.2335e+05
4.4173e+05
4.6026e+05
4.7891e+05
4.9765e+05
5.1646e+05
5.3529e+05
5.5412e+05
5.7292e+05
5.9165e+05
6.1029e+05
6.288e+05
6.4715e+05
6.653e+05
6.8323e+05
7.009e+05
7.1828e+05
7.3534e+05
7.5205e+05
7.6838e+05
7.843e+05
7.9978e+05
8.1479e+05
8.293e+05
8.4329e+05
8.5674e+05
8.6962e+05
8.819e+05
8.9356e+05
9.0459e+05
9.1496e+05
9.2466e+05
9.3366e+05
9.4196e+05
9.4954e+05
9.5638e+05
9.6248e+05
9.6783e+05
9.7242e+05
9.7624e+05
9.7929e+05
9.8156e+05
9.8306e+05
9.8378e+05
9.8372e+05
9.829e+05
9.813e+05
9.7895e+05
9.7585e+05
9.72e+05
9.6741e+05
9.6211e+05
9.561e+05
9.494e+05
9.4202e+05
9.3398e+05
9.253e+05
9.1599e+05
9.0608e+05
8.956e+05
8.8455e+05
8.7297e+05
8.6088e+05
8.4829e+05
8.3525e+05
8.2177e+05
8.0788e+05
7.9361e+05
7.7898e+05
7.6402e+05
7.4876e+05
7.3323e+05
7.1744e+05
7.0145e+05
6.8525e+05
6.689e+05
6.5241e+05
6.3581e+05
6.1913e+05
6.0239e+05
5.8562e+05
5.6885e+05
5.5209e+05
5.3538e+05
5.1874e+05
5.0219e+05
4.8576e+05
4.6946e+05
4.5332e+05
4.3735e+05
4.2157e+05
4.0601e+05
3.9068e+05
3.756e+05
3.6077e+05
3.4623e+05
3.3197e+05
3.1802e+05
3.0438e+05
2.9106e+05
2.7808e+05
2.6543e+05
2.5314e+05
2.4121e+05
2.2963e+05
2.1843e+05
2.0759e+05
1.9712e+05
1.8703e+05
1.7732e+05
1.6798e+05
1.5902e+05
1.5043e+05
1.4221e+05
1.3436e+05
1.2687e+05
1.1975e+05
1.1298e+05
1.0656e+05
1.0049e+05
94749
89342
84256
79486
75021
70853
66973
63371
60039
56965
54141
51555
49198
47059
45127
43393
41846
40476
39272
38223
37321
36555
35916
35393
34978
34661
34433
34286
34211
34201
34248
34343
34480
34653
34854
35077
35317
35568
35825
36083
36337
36584
36819
37040
37242
37423
37581
37713
37818
37893
37938
37951
37931
37878
37791
37671
37517
37330
37110
36858
36575
36261
35919
35548
35151
34728
34283
33815
33328
32822
32300
31764
31215
30655
30087
29512
28933
28350
27767
27185
26606
26031
25462
24902
24351
23812
23285
22772
22275
21794
21330
20885
20460
20055
19672
19310
18970
18653
18360
18089
17842
17619
17419
17242
17089
16958
16849
16763
16697
16652
16627
16621
16634
16664
16710
16771
16847
16936
17036
17148
17269
17399
17535
17678
17825
17975
18128
18281
18434
18585
18732
18876
19015
19147
19271
19387
19493
19588
19672
19744
19802
19847
19876
19891
19889
19871
19837
19785
19716
19629
19524
19402
19261
19103
18926
18732
18521
18293
18048
17787
17511
