5.7155e+05
5.722e+05
5.7275e+05
5.7321e+05
5.7359e+05
5.7387e+05
5.7406e+05
5.7417e+05
5.7419e+05
5.7413e+05
5.7398e+05
5.7374e+05
5.7343e+05
5.7303e+05
5.7256e+05
5.7201e+05
5.7138e+05
5.7067e+05
5.699e+05
5.6905e+05
5.6813e+05
5.6714e+05
5.6608e+05
5.6495e+05
5.6376e+05
5.6251e+05
5.612e+05
5.5982e+05
5.5839e+05
5.569e+05
5.5536e+05
5.5376e+05
5.5211e+05
5.5041e+05
5.4866e+05
5.4686e+05
5.4502e+05
5.4313e+05
5.412e+05
5.3923e+05
5.3723e+05
5.3518e+05
5.331e+05
5.3098e+05
5.2883e+05
5.2665e+05
5.2444e+05
5.222e+05
5.1994e+05
5.1765e+05
5.1533e+05
5.13e+05
5.1064e+05
5.0826e+05
5.0587e+05
5.0346e+05
5.0103e+05
4.9859e+05
4.9614e+05
4.9367e+05
4.912e+05
4.8871e+05
4.8622e+05
4.8373e+05
4.8122e+05
4.7872e+05
4.7621e+05
4.737e+05
4.7118e+05
4.6867e+05
4.6616e+05
4.6365e+05
4.6114e+05
4.5864e+05
4.5614e+05
4.5365e+05
4.5116e+05
4.4868e+05
4.4621e+05
4.4375e+05
4.4129e+05
4.3885e+05
4.3641e+05
4.3399e+05
4.3158e+05
4.2918e+05
4.2679e+05
4.2441e+05
4.2205e+05
4.197e+05
4.1737e+05
4.1505e+05
4.1274e+05
4.1045e+05
4.0817e+05
4.0591e+05
4.0366e+05
4.0143e+05
3.9921e+05
3.9701e+05
3.9483e+05
3.9265e+05
3.905e+05
3.8836e+05
3.8623e+05
3.8412e+05
3.8203e+05
3.7995e+05
3.7788e+05
3.7583e+05
3.738e+05
3.7177e+05
3.6976e+05
3.6777e+05
3.6579e+05
3.6382e+05
3.6186e+05
3.5991e+05
3.5798e+05
3.5605e+05
3.5414e+05
3.5224e+05
3.5035e+05
3.4846e+05
3.4659e+05
3.4472e+05
3.4286e+05
3.4101e+05
3.3917e+05
3.3733e+05
3.355e+05
3.3367e+05
3.3185e+05
3.3003e+05
3.2822e+05
3.2641e+05
3.246e+05
3.2279e+05
3.2099e+05
3.1918e+05
3.1738e+05
3.1557e+05
3.1376e+05
3.1196e+05
3.1015e+05
3.0834e+05
3.0652e+05
3.047e+05
3.0288e+05
3.0105e+05
2.9922e+05
2.9738e+05
2.9553e+05
2.9368e+05
2.9182e+05
2.8995e+05
2.8808e+05
2.862e+05
2.843e+05
2.824e+05
2.8049e+05
2.7857e+05
2.7664e+05
2.747e+05
2.7275e+05
2.7078e+05
2.6881e+05
2.6682e+05
2.6482e+05
2.6281e+05
2.6078e+05
2.5875e+05
2.567e+05
2.5463e+05
2.5256e+05
2.5047e+05
2.4837e+05
2.4626e+05
2.4413e+05
2.4199e+05
2.3984e+05
2.3767e+05
2.3549e+05
2.333e+05
2.311e+05
2.2888e+05
2.2666e+05
2.2442e+05
2.2217e+05
2.199e+05
2.1763e+05
2.1535e+05
2.1305e+05
2.1075e+05
2.0844e+05
2.0612e+05
2.0379e+05
2.0145e+05
1.9911e+05
1.9676e+05
1.944e+05
1.9204e+05
1.8967e+05
1.873e+05
1.8493e+05
1.8255e+05
1.8017e+05
1.7779e+05
1.7541e+05
1.7303e+05
1.7065e+05
1.6827e+05
1.659e+05
1.6353e+05
1.6116e+05
1.5881e+05
1.5645e+05
1.5411e+05
1.5178e+05
1.4945e+05
1.4714e+05
1.4484e+05
1.4255e+05
1.4027e+05
1.3802e+05
1.3578e+05
1.3355e+05
1.3135e+05
1.2916e+05
1.27e+05
1.2486e+05
1.2274e+05
1.2065e+05
1.1859e+05
1.1655e+05
1.1454e+05
1.1256e+05
1.1062e+05
1.087e+05
1.0682e+05
1.0498e+05
1.0317e+05
1.014e+05
99675
97986
96339
94736
93177
91665
90200
88783
87416
86101
84839
83630
82477
81380
80340
79360
78441
77582
76787
76056
75390
74790
74258
73794
73401
73078
72828
72651
72548
72521
72570
72696
72901
73185
73550
73995
74523
75134
75828
76607
77471
78422
79459
80584
81797
83099
84490
85971
87543
89205
90959
92805
94744
96775
98899
1.0112e+05
1.0343e+05
1.0583e+05
1.0833e+05
1.1092e+05
1.1361e+05
1.1639e+05
1.1927e+05
1.2224e+05
1.253e+05
1.2846e+05
1.3171e+05
1.3506e+05
1.385e+05
1.4203e+05
1.4566e+05
1.4938e+05
1.5319e+05
1.571e+05
1.6109e+05
1.6518e+05
1.6936e+05
1.7363e+05
1.7799e+05
1.8244e+05
1.8697e+05
1.916e+05
1.9631e+05
2.0111e+05
2.0599e+05
2.1096e+05
2.1601e+05
2.2115e+05
2.2636e+05
2.3166e+05
2.3704e+05
2.4249e+05
2.4803e+05
2.5364e+05
2.5932e+05
2.6508e+05
2.7091e+05
2.7682e+05
2.8279e+05
2.8884e+05
2.9495e+05
3.0112e+05
3.0737e+05
3.1367e+05
3.2004e+05
3.2647e+05
3.3296e+05
3.395e+05
3.461e+05
3.5275e+05
3.5946e+05
3.6622e+05
3.7302e+05
3.7988e+05
3.8678e+05
3.9372e+05
4.007e+05
4.0773e+05
4.1479e+05
4.2189e+05
4.2902e+05
4.3619e+05
4.4338e+05
4.5061e+05
4.5786e+05
4.6514e+05
4.7244e+05
4.7976e+05
4.871e+05
4.9445e+05
5.0182e+05
5.0921e+05
5.166e+05
5.24e+05
5.3141e+05
5.3882e+05
5.4624e+05
5.5366e+05
5.6107e+05
5.6848e+05
5.7588e+05
5.8328e+05
5.9066e+05
5.9803e+05
6.0539e+05
6.1273e+05
6.2005e+05
6.2735e+05
6.3463e+05
6.4188e+05
6.4911e+05
6.5631e+05
6.6347e+05
6.706e+05
6.777e+05
6.8475e+05
6.9177e+05
6.9875e+05
7.0568e+05
7.1257e+05
7.194e+05
7.2619e+05
7.3293e+05
7.3961e+05
7.4624e+05
7.5281e+05
7.5932e+05
7.6577e+05
7.7215e+05
7.7847e+05
7.8472e+05
7.909e+05
7.9702e+05
8.0306e+05
8.0902e+05
8.1491e+05
8.2073e+05
8.2646e+05
8.3211e+05
8.3768e+05
8.4316e+05
8.4856e+05
8.5388e+05
8.591e+05
8.6423e+05
8.6927e+05
8.7422e+05
8.7907e+05
8.8383e+05
8.8849e+05
8.9305e+05
8.9751e+05
9.0187e+05
9.0612e+05
9.1027e+05
9.1432e+05
9.1827e+05
9.221e+05
9.2583e+05
9.2945e+05
9.3295e+05
9.3635e+05
9.3964e+05
9.4281e+05
9.4587e+05
9.4881e+05
9.5164e+05
9.5436e+05
9.5695e+05
9.5943e+05
9.618e+05
9.6404e+05
9.6617e+05
9.6817e+05
9.7006e+05
9.7182e+05
9.7347e+05
9.7499e+05
9.764e+05
9.7768e+05
9.7884e+05
9.7988e+05
9.8079e+05
9.8158e+05
9.8226e+05
9.828e+05
9.8323e+05
9.8354e+05
9.8372e+05
9.8378e+05
9.8371e+05
9.8353e+05
9.8322e+05
9.828e+05
9.8225e+05
9.8158e+05
9.8079e+05
9.7988e+05
9.7885e+05
9.7771e+05
9.7644e+05
9.7505e+05
9.7355e+05
9.7193e+05
9.702e+05
9.6835e+05
9.6638e+05
9.643e+05
9.6211e+05
9.598e+05
9.5739e+05
9.5486e+05
9.5222e+05
9.4947e+05
9.4662e+05
9.4365e+05
9.4059e+05
9.3741e+05
9.3413e+05
9.3075e+05
9.2727e+05
9.2369e+05
9.2e+05
9.1622e+05
9.1235e+05
9.0837e+05
9.043e+05
9.0014e+05
8.9589e+05
8.9154e+05
8.8711e+05
8.8259e+05
8.7798e+05
8.7328e+05
8.685e+05
8.6364e+05
8.587e+05
8.5368e+05
8.4859e+05
8.4341e+05
8.3816e+05
8.3284e+05
8.2744e+05
8.2198e+05
8.1645e+05
8.1085e+05
8.0518e+05
7.9945e+05
7.9366e+05
7.8781e+05
7.819e+05
7.7593e+05
7.6991e+05
7.6383e+05
7.577e+05
7.5152e+05
7.4529e+05
7.3902e+05
7.327e+05
7.2633e+05
7.1992e+05
7.1348e+05
7.0699e+05
7.0047e+05
6.9391e+05
6.8732e+05
6.8069e+05
6.7404e+05
6.6736e+05
6.6065e+05
6.5391e+05
6.4716e+05
6.4038e+05
6.3358e+05
6.2676e+05
6.1993e+05
6.1308e+05
6.0622e+05
5.9934e+05
5.9246e+05
5.8557e+05
5.7867e+05
5.7176e+05
5.6486e+05
5.5795e+05
5.5104e+05
5.4413e+05
5.3722e+05
5.3032e+05
5.2343e+05
5.1654e+05
5.0966e+05
5.0279e+05
4.9593e+05
4.8909e+05
4.8226e+05
4.7545e+05
4.6865e+05
4.6188e+05
4.5512e+05
4.4839e+05
4.4167e+05
4.3499e+05
4.2833e+05
4.2169e+05
4.1509e+05
4.0851e+05
4.0196e+05
3.9545e+05
3.8897e+05
3.8252e+05
3.7611e+05
3.6974e+05
3.634e+05
3.5711e+05
3.5085e+05
3.4463e+05
3.3846e+05
3.3232e+05
3.2624e+05
3.2019e+05
3.1419e+05
3.0824e+05
3.0234e+05
2.9648e+05
2.9068e+05
2.8492e+05
2.7922e+05
2.7356e+05
2.6796e+05
2.6242e+05
2.5692e+05
2.5148e+05
2.461e+05
2.4077e+05
2.3549e+05
2.3028e+05
2.2512e+05
2.2002e+05
2.1498e+05
2.0999e+05
2.0507e+05
2.0021e+05
1.954e+05
1.9066e+05
1.8598e+05
1.8136e+05
1.768e+05
1.723e+05
1.6786e+05
1.6349e+05
1.5918e+05
1.5493e+05
1.5075e+05
1.4663e+05
1.4257e+05
1.3857e+05
1.3464e+05
1.3077e+05
1.2697e+05
1.2323e+05
1.1955e+05
1.1594e+05
1.1238e+05
1.089e+05
1.0547e+05
1.0211e+05
98816
95581
92409
89300
86253
83269
80346
77485
74685
71946
69269
66651
64094
61596
59158
56778
54457
52195
49989
47841
45750
43715
41736
39812
37943
36128
34366
32658
31002
29398
27846
26344
24892
23489
22136
20831
19573
18362
17197
16078
15004
13974
12988
12044
11142
10282
9462.3
8682.6
7942.1
7240
6575.7
5948.4
5357.4
4801.9
4281.2
3794.5
3341.1
2920.2
2531.1
2173.1
1845.3
1547.1
1277.6
1036.2
822.07
634.47
472.66
335.9
223.44
134.55
68.495
24.536
1.9466
0
17.975
55.153
110.82
184.27
274.8
381.71
504.31
641.91
793.83
959.4
1137.9
1328.8
1531.3
1744.8
1968.7
2202.4
2445.1
2696.4
