2.8078e+05
2.8412e+05
2.8745e+05
2.9077e+05
2.9409e+05
2.9739e+05
3.0069e+05
3.0397e+05
3.0723e+05
3.1048e+05
3.1371e+05
3.1692e+05
3.201e+05
3.2327e+05
3.2641e+05
3.2952e+05
3.326e+05
3.3566e+05
3.3868e+05
3.4168e+05
3.4464e+05
3.4756e+05
3.5045e+05
3.533e+05
3.5611e+05
3.5888e+05
3.6162e+05
3.6431e+05
3.6695e+05
3.6955e+05
3.7211e+05
3.7462e+05
3.7708e+05
3.795e+05
3.8186e+05
3.8417e+05
3.8644e+05
3.8865e+05
3.908e+05
3.929e+05
3.9495e+05
3.9695e+05
3.9888e+05
4.0076e+05
4.0258e+05
4.0435e+05
4.0605e+05
4.077e+05
4.0928e+05
4.1081e+05
4.1227e+05
4.1367e+05
4.1501e+05
4.1629e+05
4.1751e+05
4.1866e+05
4.1975e+05
4.2077e+05
4.2173e+05
4.2263e+05
4.2346e+05
4.2422e+05
4.2493e+05
4.2556e+05
4.2613e+05
4.2664e+05
4.2708e+05
4.2746e+05
4.2777e+05
4.2801e+05
4.2819e+05
4.2831e+05
4.2836e+05
4.2835e+05
4.2827e+05
4.2812e+05
4.2792e+05
4.2764e+05
4.2731e+05
4.2691e+05
4.2645e+05
4.2593e+05
4.2535e+05
4.247e+05
4.2399e+05
4.2322e+05
4.224e+05
4.2151e+05
4.2056e+05
4.1956e+05
4.185e+05
4.1738e+05
4.162e+05
4.1497e+05
4.1369e+05
4.1235e+05
4.1096e+05
4.0951e+05
4.0802e+05
4.0647e+05
4.0488e+05
4.0323e+05
4.0154e+05
3.998e+05
3.9802e+05
3.9619e+05
3.9432e+05
3.9241e+05
3.9045e+05
3.8845e+05
3.8642e+05
3.8435e+05
3.8224e+05
3.8009e+05
3.7791e+05
3.757e+05
3.7346e+05
3.7118e+05
3.6888e+05
3.6654e+05
3.6419e+05
3.618e+05
3.5939e+05
3.5696e+05
3.5451e+05
3.5204e+05
3.4955e+05
3.4704e+05
3.4452e+05
3.4198e+05
3.3943e+05
3.3687e+05
3.343e+05
3.3172e+05
3.2913e+05
3.2653e+05
3.2393e+05
3.2133e+05
3.1873e+05
3.1613e+05
3.1352e+05
3.1092e+05
3.0832e+05
3.0573e+05
3.0315e+05
3.0057e+05
2.98e+05
2.9544e+05
2.9289e+05
2.9036e+05
2.8784e+05
2.8533e+05
2.8285e+05
2.8038e+05
2.7792e+05
2.7549e+05
2.7308e+05
2.7069e+05
2.6833e+05
2.6598e+05
2.6367e+05
2.6138e+05
2.5911e+05
2.5688e+05
2.5467e+05
2.5249e+05
2.5035e+05
2.4823e+05
2.4615e+05
2.4409e+05
2.4208e+05
2.4009e+05
2.3814e+05
2.3622e+05
2.3434e+05
2.325e+05
2.3069e+05
2.2892e+05
2.2718e+05
2.2548e+05
2.2382e+05
2.2219e+05
2.206e+05
2.1905e+05
2.1754e+05
2.1606e+05
2.1462e+05
2.1322e+05
2.1186e+05
2.1053e+05
2.0924e+05
2.0798e+05
2.0676e+05
2.0558e+05
2.0443e+05
2.0331e+05
2.0223e+05
2.0119e+05
2.0017e+05
1.9919e+05
1.9824e+05
1.9731e+05
1.9642e+05
1.9556e+05
1.9473e+05
1.9392e+05
1.9314e+05
1.9238e+05
1.9165e+05
1.9094e+05
1.9026e+05
1.8959e+05
1.8895e+05
1.8832e+05
1.8771e+05
1.8712e+05
1.8654e+05
1.8598e+05
1.8542e+05
1.8488e+05
1.8435e+05
1.8383e+05
1.8331e+05
1.828e+05
1.823e+05
1.818e+05
1.813e+05
1.8079e+05
1.8029e+05
1.7979e+05
1.7928e+05
1.7876e+05
1.7824e+05
1.7771e+05
1.7717e+05
1.7662e+05
1.7605e+05
1.7547e+05
1.7488e+05
1.7427e+05
1.7364e+05
1.7299e+05
1.7232e+05
1.7163e+05
1.7092e+05
1.7018e+05
1.6942e+05
1.6863e+05
1.6781e+05
1.6696e+05
1.6609e+05
1.6518e+05
1.6424e+05
1.6327e+05
1.6226e+05
1.6122e+05
1.6014e+05
1.5903e+05
1.5788e+05
1.567e+05
1.5547e+05
1.5421e+05
1.5291e+05
1.5157e+05
1.5019e+05
1.4877e+05
1.4731e+05
1.4581e+05
1.4427e+05
1.4269e+05
1.4107e+05
1.3941e+05
1.3771e+05
1.3597e+05
1.3419e+05
1.3237e+05
1.3052e+05
1.2862e+05
1.2669e+05
1.2472e+05
1.2271e+05
1.2067e+05
1.1859e+05
1.1648e+05
1.1434e+05
1.1217e+05
1.0996e+05
1.0773e+05
1.0547e+05
1.0318e+05
1.0087e+05
98535
96178
93799
91403
88989
86560
84119
81666
79203
76734
74260
71783
69305
66829
64358
61892
59436
56991
54560
52146
49751
47377
45029
42707
40416
38157
35934
33749
31606
29507
27456
25454
23506
21613
19779
18008
16301
14662
13094
11599
10182
8843.9
7588.5
6418.6
5337.1
4346.8
3450.6
2651.4
1951.9
1354.8
862.89
478.84
205.29
44.826
0
73.312
267.21
584.09
1026.3
1596.1
2295.7
3127.3
4092.9
5194.6
6434.3
7813.9
9335.1
11000
12810
14766
16870
19124
21529
24085
26795
29659
32677
35852
39183
42672
46318
50123
54086
58208
62489
66928
71527
76284
81200
86274
91505
96893
1.0244e+05
1.0814e+05
1.1399e+05
1.2e+05
1.2616e+05
1.3246e+05
1.3892e+05
1.4553e+05
1.5228e+05
1.5918e+05
1.6622e+05
1.734e+05
1.8072e+05
1.8818e+05
1.9577e+05
2.035e+05
2.1135e+05
2.1933e+05
2.2743e+05
2.3566e+05
2.44e+05
2.5246e+05
2.6104e+05
2.6972e+05
2.7851e+05
2.874e+05
2.964e+05
3.0548e+05
3.1467e+05
3.2394e+05
3.3329e+05
3.4273e+05
3.5225e+05
3.6184e+05
3.715e+05
3.8122e+05
3.9101e+05
4.0086e+05
4.1075e+05
4.207e+05
4.3069e+05
4.4072e+05
4.5079e+05
4.6089e+05
4.7101e+05
4.8116e+05
4.9133e+05
5.015e+05
5.1169e+05
5.2188e+05
5.3206e+05
5.4225e+05
5.5242e+05
5.6257e+05
5.7271e+05
5.8282e+05
5.929e+05
6.0294e+05
6.1295e+05
6.2291e+05
6.3282e+05
6.4268e+05
6.5248e+05
6.6221e+05
6.7188e+05
6.8147e+05
6.9099e+05
7.0043e+05
7.0977e+05
7.1903e+05
7.2819e+05
7.3725e+05
7.4621e+05
7.5506e+05
7.6379e+05
7.724e+05
7.809e+05
7.8926e+05
7.975e+05
8.056e+05
8.1357e+05
8.2139e+05
8.2906e+05
8.3659e+05
8.4396e+05
8.5118e+05
8.5823e+05
8.6512e+05
8.7185e+05
8.784e+05
8.8478e+05
8.9098e+05
8.97e+05
9.0284e+05
9.0849e+05
9.1396e+05
9.1923e+05
9.2431e+05
9.292e+05
9.3389e+05
9.3837e+05
9.4266e+05
9.4674e+05
9.5062e+05
9.5428e+05
9.5774e+05
9.6099e+05
9.6403e+05
9.6685e+05
9.6946e+05
9.7185e+05
9.7403e+05
9.7598e+05
9.7773e+05
9.7925e+05
9.8055e+05
9.8163e+05
9.825e+05
9.8314e+05
9.8357e+05
9.8378e+05
9.8376e+05
9.8353e+05
9.8308e+05
9.8241e+05
9.8153e+05
9.8043e+05
9.7911e+05
9.7758e+05
9.7584e+05
9.7389e+05
9.7172e+05
9.6935e+05
9.6677e+05
9.6398e+05
9.6099e+05
9.578e+05
9.5441e+05
9.5082e+05
9.4703e+05
9.4305e+05
9.3888e+05
9.3452e+05
9.2998e+05
9.2525e+05
9.2034e+05
9.1526e+05
9.1e+05
9.0457e+05
8.9896e+05
8.932e+05
8.8727e+05
8.8118e+05
8.7493e+05
8.6854e+05
8.6199e+05
8.553e+05
8.4846e+05
8.4149e+05
8.3438e+05
8.2714e+05
8.1978e+05
8.1229e+05
8.0468e+05
7.9695e+05
7.8911e+05
7.8117e+05
7.7312e+05
7.6497e+05
7.5672e+05
7.4838e+05
7.3996e+05
7.3145e+05
7.2286e+05
7.142e+05
7.0546e+05
6.9666e+05
6.8779e+05
6.7887e+05
6.6989e+05
6.6086e+05
6.5178e+05
6.4266e+05
6.3351e+05
6.2431e+05
6.1509e+05
6.0584e+05
5.9657e+05
5.8728e+05
5.7798e+05
5.6867e+05
5.5935e+05
5.5003e+05
5.4071e+05
5.3139e+05
5.2209e+05
5.128e+05
5.0352e+05
4.9426e+05
4.8503e+05
4.7583e+05
4.6665e+05
4.5751e+05
4.4841e+05
4.3935e+05
4.3033e+05
4.2136e+05
4.1244e+05
4.0358e+05
3.9477e+05
3.8602e+05
3.7733e+05
3.6871e+05
3.6016e+05
3.5168e+05
3.4327e+05
3.3494e+05
3.2668e+05
3.1851e+05
3.1042e+05
3.0242e+05
2.945e+05
2.8667e+05
2.7894e+05
2.713e+05
2.6375e+05
2.5631e+05
2.4896e+05
2.4171e+05
2.3456e+05
2.2752e+05
2.2058e+05
2.1375e+05
2.0703e+05
2.0041e+05
1.9391e+05
1.8752e+05
1.8123e+05
1.7507e+05
1.6901e+05
1.6307e+05
1.5724e+05
1.5153e+05
1.4593e+05
1.4046e+05
1.3509e+05
1.2984e+05
1.2471e+05
1.197e+05
1.1481e+05
1.1003e+05
1.0536e+05
1.0082e+05
96386
92072
87873
83789
79820
75965
72223
68593
65075
61669
58372
55185
52105
49133
46268
43507
40849
38295
35841
33488
31233
29076
27014
25047
23173
21390
19697
18092
16573
15140
13790
12521
11332
10221
9187.2
8227.5
7340.7
6524.9
5778.3
5099.1
4485.5
3935.6
3447.6
3019.6
2649.8
2336.3
2077.3
1871
1715.4
1608.7
1549.2
1534.8
1563.9
1634.6
1745.1
1893.6
2078.3
2297.4
2549.2
2832
3144
3483.5
3848.8
4238.3
4650.3
5083.2
5535.4
6005.3
6491.4
6992.1
7505.9
8031.4
8567.1
9111.6
9663.6
10222
10784
11350
11919
12488
13056
13624
14188
14749
15306
15856
16399
16935
17462
17979
18485
18980
19463
19933
20389
20831
21257
21668
22062
22440
22800
23142
23465
23770
24055
24321
