22381
25684
29218
32978
36959
41155
45560
50169
54974
59969
65144
70493
76007
81677
87494
93448
99530
1.0573e+05
1.1204e+05
1.1844e+05
1.2493e+05
1.3149e+05
1.3812e+05
1.448e+05
1.5153e+05
1.5829e+05
1.6506e+05
1.7185e+05
1.7863e+05
1.8539e+05
1.9214e+05
1.9885e+05
2.0551e+05
2.1211e+05
2.1865e+05
2.2511e+05
2.3148e+05
2.3775e+05
2.4392e+05
2.4997e+05
2.5589e+05
2.6169e+05
2.6733e+05
2.7283e+05
2.7817e+05
2.8335e+05
2.8835e+05
2.9317e+05
2.9781e+05
3.0227e+05
3.0652e+05
3.1057e+05
3.1443e+05
3.1807e+05
3.215e+05
3.2471e+05
3.2771e+05
3.3049e+05
3.3305e+05
3.3539e+05
3.3751e+05
3.394e+05
3.4107e+05
3.4251e+05
3.4374e+05
3.4475e+05
3.4554e+05
3.4611e+05
3.4648e+05
3.4663e+05
3.4657e+05
3.4632e+05
3.4587e+05
3.4522e+05
3.4438e+05
3.4337e+05
3.4217e+05
3.408e+05
3.3927e+05
3.3757e+05
3.3573e+05
3.3373e+05
3.316e+05
3.2933e+05
3.2694e+05
3.2443e+05
3.2182e+05
3.191e+05
3.1628e+05
3.1338e+05
3.104e+05
3.0735e+05
3.0424e+05
3.0108e+05
2.9786e+05
2.9462e+05
2.9134e+05
2.8803e+05
2.8472e+05
2.814e+05
2.7808e+05
2.7477e+05
2.7148e+05
2.6821e+05
2.6497e+05
2.6177e+05
2.5862e+05
2.5552e+05
2.5247e+05
2.495e+05
2.4659e+05
2.4376e+05
2.4102e+05
2.3836e+05
2.3579e+05
2.3332e+05
2.3096e+05
2.287e+05
2.2655e+05
2.2451e+05
2.2259e+05
2.2079e+05
2.1911e+05
2.1756e+05
2.1614e+05
2.1484e+05
2.1367e+05
2.1264e+05
2.1173e+05
2.1096e+05
2.1032e+05
2.0981e+05
2.0943e+05
2.0919e+05
2.0907e+05
2.0908e+05
2.0921e+05
2.0947e+05
2.0985e+05
2.1035e+05
2.1097e+05
2.1169e+05
2.1253e+05
2.1347e+05
2.1451e+05
2.1565e+05
2.1688e+05
2.182e+05
2.1961e+05
2.2109e+05
2.2264e+05
2.2427e+05
2.2595e+05
2.2769e+05
2.2949e+05
2.3133e+05
2.3321e+05
2.3512e+05
2.3707e+05
2.3903e+05
2.4101e+05
2.43e+05
2.45e+05
2.4699e+05
2.4897e+05
2.5095e+05
2.529e+05
2.5482e+05
2.5672e+05
2.5858e+05
2.604e+05
2.6217e+05
2.6388e+05
2.6554e+05
2.6714e+05
2.6867e+05
2.7013e+05
2.7151e+05
2.7281e+05
2.7403e+05
2.7515e+05
2.7619e+05
2.7713e+05
2.7798e+05
2.7872e+05
2.7936e+05
2.799e+05
2.8033e+05
2.8064e+05
2.8085e+05
2.8095e+05
2.8093e+05
2.808e+05
2.8055e+05
2.8019e+05
2.7971e+05
2.7912e+05
2.7841e+05
2.7759e+05
2.7666e+05
2.7561e+05
2.7446e+05
2.7319e+05
2.7182e+05
2.7035e+05
2.6877e+05
2.6708e+05
2.6531e+05
2.6343e+05
2.6146e+05
2.594e+05
2.5726e+05
2.5503e+05
2.5271e+05
2.5032e+05
2.4786e+05
2.4533e+05
2.4272e+05
2.4006e+05
2.3733e+05
2.3454e+05
2.3171e+05
2.2882e+05
2.2588e+05
2.229e+05
2.1989e+05
2.1683e+05
2.1375e+05
2.1063e+05
2.0749e+05
2.0433e+05
2.0114e+05
1.9794e+05
1.9473e+05
1.915e+05
1.8827e+05
1.8503e+05
1.8178e+05
1.7854e+05
1.753e+05
1.7206e+05
1.6882e+05
1.6559e+05
1.6237e+05
1.5917e+05
1.5597e+05
1.5279e+05
1.4962e+05
1.4647e+05
1.4333e+05
1.4021e+05
1.3711e+05
1.3403e+05
1.3097e+05
1.2793e+05
1.2491e+05
1.2192e+05
1.1894e+05
1.1599e+05
1.1306e+05
1.1015e+05
1.0726e+05
1.044e+05
1.0156e+05
98744
95950
93180
90433
87710
85011
82336
79685
77058
74456
71879
69328
66804
64305
61835
59392
56978
54594
52241
49919
47630
45376
43156
40973
38829
36723
34659
32637
30660
28729
26845
25010
23227
21497
19822
18204
16644
15144
13707
12333
11025
9783.6
8611.1
7508.8
6478
5520
4636
3827.2
3094.4
2438.4
1859.8
1359.3
937.08
593.34
328.05
141.03
31.878
0
44.605
164.7
359.06
626.29
964.74
1372.6
1847.7
2387.9
2990.7
3653.4
4373
5146.6
5970.7
6842.1
7756.9
8711.4
9701.7
10724
11773
12845
13936
15040
16154
17272
18390
19503
20606
21694
22762
23806
24821
25802
26745
27645
28498
29299
30046
30734
31359
31919
32410
32829
33175
33444
33635
33746
33777
33726
33593
33378
33081
32704
32248
31713
31103
30420
29667
28847
27965
27024
26031
24989
23905
22784
21635
20462
19275
18081
16889
15706
14542
13406
12308
11258
10266
9343.3
8499.5
7746.1
7094.1
6554.9
6140
5860.7
5728.7
5755.7
5953.2
6332.9
6906.3
7685
8680.2
9903.1
11365
13076
15047
17289
19811
22623
25734
29153
32888
36948
41339
46069
51143
56568
62349
68490
74995
81868
89110
96725
1.0471e+05
1.1307e+05
1.2181e+05
1.3091e+05
1.4039e+05
1.5023e+05
1.6044e+05
1.71e+05
1.8192e+05
1.9319e+05
2.0481e+05
2.1675e+05
2.2903e+05
2.4162e+05
2.5453e+05
2.6773e+05
2.8122e+05
2.9498e+05
3.0901e+05
3.2329e+05
3.3781e+05
3.5255e+05
3.6749e+05
3.8263e+05
3.9795e+05
4.1342e+05
4.2904e+05
4.4478e+05
4.6063e+05
4.7656e+05
4.9257e+05
5.0862e+05
5.2471e+05
5.4081e+05
5.5691e+05
5.7297e+05
5.8899e+05
6.0494e+05
6.208e+05
6.3655e+05
6.5217e+05
6.6765e+05
6.8295e+05
6.9807e+05
7.1297e+05
7.2765e+05
7.4208e+05
7.5624e+05
7.7012e+05
7.837e+05
7.9695e+05
8.0986e+05
8.2242e+05
8.3461e+05
8.464e+05
8.578e+05
8.6877e+05
8.7931e+05
8.8941e+05
8.9904e+05
9.0821e+05
9.1689e+05
9.2507e+05
9.3276e+05
9.3993e+05
9.4658e+05
9.527e+05
9.5829e+05
9.6333e+05
9.6783e+05
9.7177e+05
9.7516e+05
9.78e+05
9.8027e+05
9.8199e+05
9.8314e+05
9.8374e+05
9.8378e+05
9.8326e+05
9.8219e+05
9.8057e+05
9.784e+05
9.757e+05
9.7247e+05
9.6871e+05
9.6443e+05
9.5965e+05
9.5436e+05
9.4858e+05
9.4233e+05
9.356e+05
9.2842e+05
9.2079e+05
9.1272e+05
9.0424e+05
8.9535e+05
8.8607e+05
8.7641e+05
8.6638e+05
8.5601e+05
8.4531e+05
8.3428e+05
8.2296e+05
8.1135e+05
7.9947e+05
7.8733e+05
7.7497e+05
7.6238e+05
7.4959e+05
7.3661e+05
7.2347e+05
7.1017e+05
6.9673e+05
6.8318e+05
6.6953e+05
6.5578e+05
6.4197e+05
6.281e+05
6.142e+05
6.0027e+05
5.8633e+05
5.724e+05
5.5849e+05
5.4462e+05
5.3079e+05
5.1703e+05
5.0334e+05
4.8975e+05
4.7625e+05
4.6287e+05
4.4961e+05
4.3649e+05
4.2351e+05
4.1069e+05
3.9803e+05
3.8555e+05
3.7325e+05
3.6114e+05
3.4922e+05
3.3752e+05
3.2602e+05
3.1475e+05
3.037e+05
2.9287e+05
2.8228e+05
2.7193e+05
2.6181e+05
2.5194e+05
2.4232e+05
2.3294e+05
2.2381e+05
2.1494e+05
2.0632e+05
1.9795e+05
1.8983e+05
1.8196e+05
1.7435e+05
1.6698e+05
1.5987e+05
1.5299e+05
1.4637e+05
1.3998e+05
1.3384e+05
1.2793e+05
1.2225e+05
1.168e+05
1.1157e+05
1.0657e+05
1.0178e+05
97200
92828
88659
84687
80906
77312
73898
70660
67592
64689
61944
59353
56909
54606
52440
50404
48493
46701
45023
43453
41986
40616
39339
38148
37040
36009
35051
34160
33333
32564
31850
31187
30570
29995
29460
28959
28491
28052
27639
27248
26877
26524
26186
25860
25546
25239
24940
24645
24354
24064
23776
23487
23196
22903
22606
22306
22000
21690
21374
21053
20725
20391
20051
19705
19353
18996
18632
18263
17890
17511
17129
16742
16353
15961
15567
15171
14774
14377
13981
13585
13191
12798
12409
12023
11641
11263
10891
10524
10163
9809.2
9462.3
9123.1
8791.9
8469.2
8155.3
7850.5
7555.2
7269.6
6994
6728.6
6473.4
6228.8
5994.7
5771.3
5558.5
5356.4
5164.9
4984
4813.5
4653.3
4503.2
4363.1
4232.7
4111.7
3999.9
3896.9
3802.4
3716.1
3637.5
3566.2
3501.9
3444
3392.2
3345.9
3304.6
3267.8
3235.1
3205.8
3179.6
3155.7
3133.7
3113.1
3093.3
3073.7
3053.9
3033.2
3011.1
2987.2
2960.8
2931.6
2898.9
