1.472e+05
1.5006e+05
1.5296e+05
1.5588e+05
1.5884e+05
1.6183e+05
1.6485e+05
1.6789e+05
1.7095e+05
1.7403e+05
1.7712e+05
1.8024e+05
1.8336e+05
1.865e+05
1.8964e+05
1.9279e+05
1.9594e+05
1.9909e+05
2.0224e+05
2.0539e+05
2.0853e+05
2.1166e+05
2.1478e+05
2.1789e+05
2.2098e+05
2.2405e+05
2.271e+05
2.3013e+05
2.3314e+05
2.3612e+05
2.3907e+05
2.4199e+05
2.4488e+05
2.4773e+05
2.5055e+05
2.5333e+05
2.5607e+05
2.5877e+05
2.6143e+05
2.6404e+05
2.6661e+05
2.6913e+05
2.716e+05
2.7402e+05
2.7639e+05
2.787e+05
2.8097e+05
2.8318e+05
2.8533e+05
2.8743e+05
2.8947e+05
2.9146e+05
2.9338e+05
2.9525e+05
2.9706e+05
2.9881e+05
3.005e+05
3.0213e+05
3.0371e+05
3.0522e+05
3.0667e+05
3.0806e+05
3.0939e+05
3.1066e+05
3.1188e+05
3.1303e+05
3.1413e+05
3.1517e+05
3.1615e+05
3.1707e+05
3.1794e+05
3.1876e+05
3.1952e+05
3.2022e+05
3.2088e+05
3.2148e+05
3.2203e+05
3.2253e+05
3.2299e+05
3.234e+05
3.2376e+05
3.2407e+05
3.2435e+05
3.2458e+05
3.2477e+05
3.2492e+05
3.2504e+05
3.2511e+05
3.2516e+05
3.2516e+05
3.2514e+05
3.2508e+05
3.25e+05
3.2489e+05
3.2475e+05
3.2458e+05
3.2439e+05
3.2418e+05
3.2395e+05
3.237e+05
3.2343e+05
3.2314e+05
3.2284e+05
3.2253e+05
3.222e+05
3.2185e+05
3.215e+05
3.2114e+05
3.2077e+05
3.2039e+05
3.2001e+05
3.1962e+05
3.1922e+05
3.1883e+05
3.1843e+05
3.1802e+05
3.1762e+05
3.1721e+05
3.1681e+05
3.164e+05
3.16e+05
3.156e+05
3.1519e+05
3.1479e+05
3.144e+05
3.14e+05
3.1361e+05
3.1322e+05
3.1283e+05
3.1245e+05
3.1206e+05
3.1168e+05
3.113e+05
3.1092e+05
3.1055e+05
3.1017e+05
3.098e+05
3.0942e+05
3.0904e+05
3.0866e+05
3.0828e+05
3.079e+05
3.0751e+05
3.0712e+05
3.0672e+05
3.0631e+05
3.059e+05
3.0548e+05
3.0505e+05
3.0461e+05
3.0416e+05
3.037e+05
3.0322e+05
3.0273e+05
3.0223e+05
3.017e+05
3.0116e+05
3.006e+05
3.0002e+05
2.9941e+05
2.9879e+05
2.9814e+05
2.9747e+05
2.9677e+05
2.9604e+05
2.9528e+05
2.945e+05
2.9368e+05
2.9284e+05
2.9196e+05
2.9104e+05
2.901e+05
2.8912e+05
2.881e+05
2.8705e+05
2.8595e+05
2.8482e+05
2.8366e+05
2.8245e+05
2.812e+05
2.7991e+05
2.7858e+05
2.7721e+05
2.758e+05
2.7435e+05
2.7285e+05
2.7131e+05
2.6974e+05
2.6811e+05
2.6645e+05
2.6474e+05
2.63e+05
2.6121e+05
2.5938e+05
2.5751e+05
2.556e+05
2.5365e+05
2.5167e+05
2.4964e+05
2.4758e+05
2.4548e+05
2.4335e+05
2.4118e+05
2.3898e+05
2.3674e+05
2.3448e+05
2.3218e+05
2.2986e+05
2.2751e+05
2.2513e+05
2.2273e+05
2.203e+05
2.1786e+05
2.1539e+05
2.1291e+05
2.1041e+05
2.0789e+05
2.0537e+05
2.0283e+05
2.0028e+05
1.9772e+05
1.9516e+05
1.9259e+05
1.9002e+05
1.8745e+05
1.8488e+05
1.8231e+05
1.7975e+05
1.772e+05
1.7465e+05
1.7212e+05
1.696e+05
1.6709e+05
1.646e+05
1.6212e+05
1.5966e+05
1.5723e+05
1.5482e+05
1.5243e+05
1.5007e+05
1.4773e+05
1.4543e+05
1.4315e+05
1.4091e+05
1.387e+05
1.3652e+05
1.3438e+05
1.3227e+05
1.302e+05
1.2817e+05
1.2618e+05
1.2423e+05
1.2232e+05
1.2045e+05
1.1862e+05
1.1684e+05
1.1509e+05
1.1339e+05
1.1174e+05
1.1013e+05
1.0856e+05
1.0703e+05
1.0555e+05
1.0411e+05
1.0272e+05
1.0137e+05
1.0006e+05
98788
97561
96375
95228
94121
93052
92020
91024
90063
89136
88241
87378
86544
85739
84961
84208
83479
82773
82087
81420
80770
80135
79515
78906
78307
77716
77132
76552
75975
75399
74823
74243
73659
73070
72472
71865
71246
70615
69970
69309
68631
67934
67217
66480
65720
64937
64129
63297
62438
61553
60641
59701
58732
57735
56709
55655
54572
53460
52320
51151
49956
48734
47485
46212
44914
43593
42251
40889
39508
38109
36696
35269
33831
32384
30931
29472
28013
26554
25098
23650
22211
20784
19374
17983
16615
15273
13960
12682
11441
10241
9086.1
7980.6
6928.3
5933.5
5000.2
4132.7
3335.3
2612.3
1968
1406.8
932.98
551.02
265.27
80.143
0
29.212
172.12
433.05
816.27
1326
1966.5
2741.9
3656.2
4713.4
5917.6
7272.5
8781.8
10449
12279
14273
16436
18771
21281
23969
26837
29889
33126
36552
40169
43978
47982
52183
56581
61178
65976
70975
76176
81580
87188
92999
99013
1.0523e+05
1.1165e+05
1.1827e+05
1.251e+05
1.3212e+05
1.3935e+05
1.4677e+05
1.5438e+05
1.6219e+05
1.702e+05
1.7839e+05
1.8677e+05
1.9533e+05
2.0408e+05
2.13e+05
2.221e+05
2.3137e+05
2.408e+05
2.504e+05
2.6016e+05
2.7007e+05
2.8013e+05
2.9034e+05
3.0069e+05
3.1117e+05
3.2178e+05
3.3251e+05
3.4337e+05
3.5433e+05
3.654e+05
3.7658e+05
3.8784e+05
3.992e+05
4.1063e+05
4.2214e+05
4.3371e+05
4.4535e+05
4.5703e+05
4.6877e+05
4.8054e+05
4.9234e+05
5.0417e+05
5.1601e+05
5.2786e+05
5.3972e+05
5.5156e+05
5.6339e+05
5.752e+05
5.8697e+05
5.9871e+05
6.1041e+05
6.2205e+05
6.3362e+05
6.4513e+05
6.5656e+05
6.679e+05
6.7915e+05
6.903e+05
7.0134e+05
7.1227e+05
7.2307e+05
7.3374e+05
7.4427e+05
7.5465e+05
7.6488e+05
7.7495e+05
7.8485e+05
7.9458e+05
8.0413e+05
8.1348e+05
8.2265e+05
8.3161e+05
8.4037e+05
8.4891e+05
8.5723e+05
8.6533e+05
8.732e+05
8.8083e+05
8.8822e+05
8.9537e+05
9.0227e+05
9.0891e+05
9.1529e+05
9.214e+05
9.2725e+05
9.3283e+05
9.3813e+05
9.4315e+05
9.4789e+05
9.5235e+05
9.5652e+05
9.604e+05
9.6398e+05
9.6728e+05
9.7027e+05
9.7297e+05
9.7538e+05
9.7748e+05
9.7928e+05
9.8078e+05
9.8198e+05
9.8288e+05
9.8348e+05
9.8378e+05
9.8377e+05
9.8347e+05
9.8287e+05
9.8197e+05
9.8078e+05
9.793e+05
9.7752e+05
9.7545e+05
9.731e+05
9.7046e+05
9.6754e+05
9.6434e+05
9.6087e+05
9.5712e+05
9.5311e+05
9.4883e+05
9.4429e+05
9.3949e+05
9.3445e+05
9.2915e+05
9.2361e+05
9.1784e+05
9.1183e+05
9.0559e+05
8.9913e+05
8.9245e+05
8.8556e+05
8.7846e+05
8.7116e+05
8.6367e+05
8.5599e+05
8.4812e+05
8.4008e+05
8.3187e+05
8.2349e+05
8.1495e+05
8.0627e+05
7.9743e+05
7.8846e+05
7.7936e+05
7.7013e+05
7.6078e+05
7.5132e+05
7.4175e+05
7.3208e+05
7.2232e+05
7.1248e+05
7.0255e+05
6.9255e+05
6.8249e+05
6.7237e+05
6.6219e+05
6.5197e+05
6.417e+05
6.3141e+05
6.2108e+05
6.1074e+05
6.0038e+05
5.9001e+05
5.7964e+05
5.6927e+05
5.5891e+05
5.4857e+05
5.3824e+05
5.2795e+05
5.1768e+05
5.0746e+05
4.9727e+05
4.8713e+05
4.7705e+05
4.6703e+05
4.5706e+05
4.4717e+05
4.3735e+05
4.276e+05
4.1793e+05
4.0835e+05
3.9886e+05
3.8946e+05
3.8016e+05
3.7096e+05
3.6186e+05
3.5287e+05
3.4399e+05
3.3523e+05
3.2658e+05
3.1804e+05
3.0964e+05
3.0135e+05
2.9319e+05
2.8516e+05
2.7726e+05
2.6949e+05
2.6186e+05
2.5436e+05
2.47e+05
2.3978e+05
2.327e+05
2.2576e+05
2.1896e+05
2.123e+05
2.0578e+05
1.9941e+05
1.9318e+05
1.871e+05
1.8116e+05
1.7536e+05
1.6971e+05
1.642e+05
1.5883e+05
1.5361e+05
1.4853e+05
1.4359e+05
1.3879e+05
1.3413e+05
1.2961e+05
1.2522e+05
1.2097e+05
1.1686e+05
1.1288e+05
1.0903e+05
1.0531e+05
1.0172e+05
98253
94914
91699
88605
85630
82773
80031
77403
74885
72475
70173
67974
65877
63880
61980
60175
58461
56838
55302
53850
52481
51192
49981
48844
47779
46785
45858
44996
44196
43457
42775
42149
41575
41052
40577
40148
39763
39419
39114
38846
38613
38413
38243
38102
37988
37898
37832
37786
37759
37750
37756
37777
37809
37853
37906
37966
38033
38105
38181
38258
38337
38416
38494
38569
38641
38709
38772
38828
38877
38919
38952
38976
38989
38993
38985
38966
38934
38890
38833
38762
38678
38581
38468
38342
38201
38045
37875
37689
37489
37274
37044
36799
36539
36265
35976
35673
35356
35024
34679
34320
33948
33564
33166
32756
32334
31900
31455
