1087.1
787.96
533.33
325.34
166.08
57.521
1.5639
0
54.519
166.7
338.02
569.82
863.34
1219.7
1639.9
2124.8
2675.1
3291.4
3974.3
4724
5540.8
6424.8
7375.8
8393.8
9478.5
10629
11846
13127
14473
15882
17353
18885
20477
22127
23834
25597
27414
29282
31201
33168
35181
37239
39338
41478
43655
45868
48114
50391
52696
55027
57381
59757
62152
64562
66987
69422
71866
74317
76772
79228
81684
84136
86584
89023
91453
93870
96274
98662
1.0103e+05
1.0338e+05
1.0571e+05
1.0801e+05
1.1029e+05
1.1254e+05
1.1477e+05
1.1696e+05
1.1912e+05
1.2125e+05
1.2335e+05
1.2541e+05
1.2744e+05
1.2942e+05
1.3137e+05
1.3329e+05
1.3516e+05
1.3699e+05
1.3878e+05
1.4053e+05
1.4224e+05
1.4391e+05
1.4554e+05
1.4712e+05
1.4866e+05
1.5016e+05
1.5162e+05
1.5304e+05
1.5442e+05
1.5575e+05
1.5705e+05
1.583e+05
1.5951e+05
1.6069e+05
1.6183e+05
1.6293e+05
1.6399e+05
1.6502e+05
1.6601e+05
1.6697e+05
1.6789e+05
1.6879e+05
1.6965e+05
1.7048e+05
1.7128e+05
1.7206e+05
1.7281e+05
1.7353e+05
1.7423e+05
1.749e+05
1.7555e+05
1.7618e+05
1.768e+05
1.7739e+05
1.7796e+05
1.7852e+05
1.7907e+05
1.7959e+05
1.8011e+05
1.8061e+05
1.811e+05
1.8159e+05
1.8206e+05
1.8252e+05
1.8298e+05
1.8343e+05
1.8387e+05
1.8431e+05
1.8474e+05
1.8516e+05
1.8559e+05
1.8601e+05
1.8642e+05
1.8684e+05
1.8725e+05
1.8765e+05
1.8806e+05
1.8846e+05
1.8886e+05
1.8926e+05
1.8965e+05
1.9005e+05
1.9043e+05
1.9082e+05
1.9119e+05
1.9157e+05
1.9194e+05
1.923e+05
1.9265e+05
1.93e+05
1.9333e+05
1.9366e+05
1.9397e+05
1.9428e+05
1.9457e+05
1.9484e+05
1.951e+05
1.9534e+05
1.9557e+05
1.9577e+05
1.9595e+05
1.9612e+05
1.9625e+05
1.9636e+05
1.9645e+05
1.9651e+05
1.9653e+05
1.9653e+05
1.9649e+05
1.9642e+05
1.9631e+05
1.9617e+05
1.9599e+05
1.9577e+05
1.955e+05
1.952e+05
1.9485e+05
1.9446e+05
1.9402e+05
1.9353e+05
1.93e+05
1.9242e+05
1.9179e+05
1.9111e+05
1.9037e+05
1.8959e+05
1.8875e+05
1.8786e+05
1.8692e+05
1.8592e+05
1.8487e+05
1.8377e+05
1.8261e+05
1.814e+05
1.8014e+05
1.7883e+05
1.7746e+05
1.7604e+05
1.7457e+05
1.7305e+05
1.7147e+05
1.6986e+05
1.6819e+05
1.6648e+05
1.6472e+05
1.6291e+05
1.6107e+05
1.5918e+05
1.5726e+05
1.553e+05
1.533e+05
1.5127e+05
1.492e+05
1.4711e+05
1.4499e+05
1.4284e+05
1.4067e+05
1.3848e+05
1.3626e+05
1.3403e+05
1.3179e+05
1.2953e+05
1.2726e+05
1.2498e+05
1.227e+05
1.2042e+05
1.1813e+05
1.1584e+05
1.1356e+05
1.1128e+05
1.0901e+05
1.0675e+05
1.0451e+05
1.0227e+05
1.0005e+05
97853
95673
93514
91379
89269
87185
85129
83103
81108
79145
77215
75320
73459
71635
69848
68098
66386
64713
63078
61483
59927
58411
56934
55496
54098
52738
51417
50134
48889
47681
46510
45374
44274
43208
42175
41176
40208
39271
38364
37487
36638
35815
35020
34249
33503
32780
32080
31402
30744
30107
29489
28889
28308
27743
27195
26664
26148
25647
25162
24691
24234
23792
23363
22949
22550
22164
21793
21437
21095
20769
20458
20164
19886
19625
19382
19158
18952
18765
18599
18454
18330
18229
18151
18096
18065
18060
18080
18127
18201
18301
18430
18587
18773
18987
19231
19504
19807
20139
20501
20892
21312
21761
22239
22744
23276
23836
24421
25031
25665
26322
27000
27700
28418
29155
29908
30676
31457
32250
33053
33865
34683
35506
36331
37158
37984
38808
39628
40441
41247
42043
42829
43602
44361
45105
45832
46542
47233
47905
48556
49187
49797
50386
50953
51500
52026
52532
53019
53488
53940
54378
54802
55216
55620
56019
56414
56810
57209
57615
58033
58466
58918
59396
59903
60445
61028
61657
62338
63077
63882
64757
65711
66750
67881
69111
70448
71899
73472
75174
77013
78997
81133
83429
85892
88531
91353
94364
97574
1.0099e+05
1.0461e+05
1.0846e+05
1.1253e+05
1.1683e+05
1.2136e+05
1.2614e+05
1.3117e+05
1.3646e+05
1.42e+05
1.478e+05
1.5388e+05
1.6022e+05
1.6684e+05
1.7373e+05
1.809e+05
1.8836e+05
1.961e+05
2.0412e+05
2.1242e+05
2.2101e+05
2.2988e+05
2.3903e+05
2.4846e+05
2.5817e+05
2.6815e+05
2.784e+05
2.8892e+05
2.997e+05
3.1074e+05
3.2202e+05
3.3355e+05
3.4531e+05
3.573e+05
3.6951e+05
3.8193e+05
3.9455e+05
4.0736e+05
4.2036e+05
4.3352e+05
4.4684e+05
4.603e+05
4.739e+05
4.8761e+05
5.0143e+05
5.1535e+05
5.2934e+05
5.4339e+05
5.5749e+05
5.7162e+05
5.8577e+05
5.9991e+05
6.1404e+05
6.2814e+05
6.4219e+05
6.5618e+05
6.7007e+05
6.8387e+05
6.9756e+05
7.111e+05
7.245e+05
7.3773e+05
7.5077e+05
7.6361e+05
7.7622e+05
7.8861e+05
8.0074e+05
8.126e+05
8.2418e+05
8.3545e+05
8.4642e+05
8.5705e+05
8.6734e+05
8.7727e+05
8.8682e+05
8.9599e+05
9.0477e+05
9.1313e+05
9.2107e+05
9.2858e+05
9.3564e+05
9.4225e+05
9.484e+05
9.5408e+05
9.5928e+05
9.64e+05
9.6822e+05
9.7195e+05
9.7517e+05
9.7789e+05
9.801e+05
9.8179e+05
9.8297e+05
9.8363e+05
9.8378e+05
9.8341e+05
9.8252e+05
9.8112e+05
9.7921e+05
9.7679e+05
9.7387e+05
9.7045e+05
9.6654e+05
9.6214e+05
9.5725e+05
9.519e+05
9.4608e+05
9.398e+05
9.3308e+05
9.2592e+05
9.1833e+05
9.1033e+05
9.0192e+05
8.9312e+05
8.8394e+05
8.744e+05
8.645e+05
8.5427e+05
8.4371e+05
8.3284e+05
8.2168e+05
8.1023e+05
7.9852e+05
7.8656e+05
7.7437e+05
7.6196e+05
7.4934e+05
7.3655e+05
7.2358e+05
7.1046e+05
6.972e+05
6.8383e+05
6.7035e+05
6.5678e+05
6.4313e+05
6.2943e+05
6.1569e+05
6.0193e+05
5.8815e+05
5.7438e+05
5.6063e+05
5.4691e+05
5.3324e+05
5.1963e+05
5.061e+05
4.9266e+05
4.7931e+05
4.6608e+05
4.5298e+05
4.4001e+05
4.2718e+05
4.1452e+05
4.0202e+05
3.897e+05
3.7756e+05
3.6562e+05
3.5389e+05
3.4236e+05
3.3105e+05
3.1996e+05
3.0911e+05
2.9848e+05
2.881e+05
2.7796e+05
2.6807e+05
2.5843e+05
2.4904e+05
2.3991e+05
2.3104e+05
2.2243e+05
2.1408e+05
2.0599e+05
1.9816e+05
1.9059e+05
1.8328e+05
1.7623e+05
1.6943e+05
1.6289e+05
1.566e+05
1.5056e+05
1.4477e+05
1.3922e+05
1.339e+05
1.2882e+05
1.2397e+05
1.1935e+05
1.1495e+05
1.1076e+05
1.0678e+05
1.03e+05
99428
96046
92851
89836
86996
84325
81816
79463
77259
75198
73274
71479
69809
68256
66814
65476
64238
63092
62033
61055
60152
59318
58549
57838
57181
56573
56009
55484
54993
54534
54100
53689
53297
52920
52555
52199
51849
51502
51156
50808
50456
50098
49732
49357
48971
48573
48162
47738
47298
46843
46371
45884
45380
44860
44323
43770
43200
42615
42015
41400
40771
40129
39474
38808
38131
37444
36748
36044
35334
34618
33897
33173
32447
31720
30992
30265
29541
28819
28102
27391
26685
25987
25296
24615
23944
23284
22635
21998
21374
20764
20168
19586
19020
18469
17933
17414
16912
16426
15956
15504
15068
14650
14248
13863
13495
13143
12808
12488
12185
11896
11623
11364
11120
10890
10672
10468
10276
10095
9926.2
9767.8
9619.5
9480.7
