93973
97287
1.0067e+05
1.0411e+05
1.0761e+05
1.1117e+05
1.1478e+05
1.1843e+05
1.2212e+05
1.2585e+05
1.2961e+05
1.334e+05
1.3721e+05
1.4104e+05
1.4488e+05
1.4873e+05
1.5258e+05
1.5643e+05
1.6028e+05
1.6411e+05
1.6794e+05
1.7174e+05
1.7551e+05
1.7926e+05
1.8298e+05
1.8666e+05
1.9029e+05
1.9389e+05
1.9743e+05
2.0092e+05
2.0435e+05
2.0773e+05
2.1104e+05
2.1428e+05
2.1745e+05
2.2055e+05
2.2358e+05
2.2652e+05
2.2939e+05
2.3217e+05
2.3487e+05
2.3748e+05
2.4e+05
2.4244e+05
2.4478e+05
2.4702e+05
2.4918e+05
2.5124e+05
2.532e+05
2.5507e+05
2.5684e+05
2.5852e+05
2.601e+05
2.6159e+05
2.6298e+05
2.6428e+05
2.6549e+05
2.666e+05
2.6762e+05
2.6856e+05
2.694e+05
2.7016e+05
2.7084e+05
2.7143e+05
2.7194e+05
2.7237e+05
2.7273e+05
2.7301e+05
2.7322e+05
2.7337e+05
2.7344e+05
2.7346e+05
2.7341e+05
2.7331e+05
2.7315e+05
2.7294e+05
2.7269e+05
2.7238e+05
2.7204e+05
2.7165e+05
2.7123e+05
2.7078e+05
2.703e+05
2.6979e+05
2.6926e+05
2.6871e+05
2.6814e+05
2.6755e+05
2.6696e+05
2.6635e+05
2.6574e+05
2.6513e+05
2.6452e+05
2.639e+05
2.633e+05
2.627e+05
2.6211e+05
2.6153e+05
2.6097e+05
2.6042e+05
2.5989e+05
2.5937e+05
2.5888e+05
2.5842e+05
2.5797e+05
2.5756e+05
2.5716e+05
2.568e+05
2.5647e+05
2.5616e+05
2.5589e+05
2.5564e+05
2.5543e+05
2.5525e+05
2.551e+05
2.5498e+05
2.549e+05
2.5484e+05
2.5482e+05
2.5483e+05
2.5487e+05
2.5494e+05
2.5504e+05
2.5517e+05
2.5533e+05
2.5552e+05
2.5573e+05
2.5596e+05
2.5622e+05
2.5651e+05
2.5681e+05
2.5714e+05
2.5748e+05
2.5784e+05
2.5822e+05
2.5861e+05
2.5901e+05
2.5942e+05
2.5985e+05
2.6028e+05
2.6071e+05
2.6116e+05
2.616e+05
2.6204e+05
2.6249e+05
2.6293e+05
2.6336e+05
2.638e+05
2.6422e+05
2.6463e+05
2.6503e+05
2.6542e+05
2.658e+05
2.6616e+05
2.665e+05
2.6682e+05
2.6713e+05
2.6741e+05
2.6767e+05
2.679e+05
2.6811e+05
2.6829e+05
2.6845e+05
2.6857e+05
2.6866e+05
2.6873e+05
2.6876e+05
2.6875e+05
2.6872e+05
2.6865e+05
2.6854e+05
2.6839e+05
2.6821e+05
2.6799e+05
2.6774e+05
2.6744e+05
2.6711e+05
2.6673e+05
2.6632e+05
2.6586e+05
2.6536e+05
2.6483e+05
2.6425e+05
2.6363e+05
2.6296e+05
2.6226e+05
2.6151e+05
2.6073e+05
2.599e+05
2.5903e+05
2.5811e+05
2.5716e+05
2.5616e+05
2.5512e+05
2.5404e+05
2.5292e+05
2.5176e+05
2.5055e+05
2.4931e+05
2.4802e+05
2.467e+05
2.4533e+05
2.4392e+05
2.4248e+05
2.4099e+05
2.3947e+05
2.3791e+05
2.363e+05
2.3466e+05
2.3299e+05
2.3127e+05
2.2952e+05
2.2773e+05
2.259e+05
2.2404e+05
2.2214e+05
2.2021e+05
2.1824e+05
2.1624e+05
2.1421e+05
2.1214e+05
2.1003e+05
2.079e+05
2.0573e+05
2.0354e+05
2.0131e+05
1.9905e+05
1.9677e+05
1.9445e+05
1.9211e+05
1.8974e+05
1.8735e+05
1.8492e+05
1.8248e+05
1.8001e+05
1.7752e+05
1.7501e+05
1.7247e+05
1.6992e+05
1.6735e+05
1.6476e+05
1.6215e+05
1.5953e+05
1.569e+05
1.5425e+05
1.5159e+05
1.4893e+05
1.4625e+05
1.4357e+05
1.4089e+05
1.3819e+05
1.355e+05
1.3281e+05
1.3012e+05
1.2743e+05
1.2475e+05
1.2207e+05
1.194e+05
1.1674e+05
1.1409e+05
1.1146e+05
1.0884e+05
1.0624e+05
1.0366e+05
1.011e+05
98559
96046
93559
91101
88673
86278
83916
81590
79302
77052
74844
72677
70555
68478
66448
64466
62534
60652
58823
57046
55324
53656
52045
50490
48992
47552
46170
44846
43581
42375
41228
40139
39109
38137
37223
36365
35564
34818
34127
33490
32904
32370
31886
31449
31059
30715
30413
30152
29930
29746
29596
29479
29392
29333
29300
29290
29300
29328
29371
29427
29493
29567
29644
29724
29803
29879
29948
30009
30059
30096
30117
30119
30101
30060
29995
29903
29783
29632
29450
29235
28985
28700
28379
28020
27624
27189
26716
26205
25655
25068
24443
23782
23086
22355
21592
20798
19975
19125
18251
17355
16440
15510
14567
13615
12658
11700
10745
9797.9
8862.7
7944.6
7048.5
6179.6
5343.4
4545.5
3791.5
3087.4
2439.1
1853
1335.2
892.23
530.57
256.83
77.722
0
30.484
176.03
443.54
839.91
1372
2046.8
2871.1
3851.8
4995.6
6309.1
7799.1
9472.1
11334
13392
15652
18119
20799
23699
26823
30176
33764
37592
41662
45981
50551
55376
60460
65806
71415
77290
83434
89848
96532
1.0349e+05
1.1072e+05
1.1822e+05
1.2599e+05
1.3403e+05
1.4235e+05
1.5093e+05
1.5978e+05
1.6889e+05
1.7826e+05
1.879e+05
1.9778e+05
2.0792e+05
2.183e+05
2.2892e+05
2.3978e+05
2.5086e+05
2.6217e+05
2.737e+05
2.8543e+05
2.9737e+05
3.095e+05
3.2182e+05
3.3432e+05
3.4698e+05
3.5981e+05
3.7278e+05
3.859e+05
3.9915e+05
4.1251e+05
4.2599e+05
4.3956e+05
4.5322e+05
4.6695e+05
4.8075e+05
4.9459e+05
5.0848e+05
5.2239e+05
5.3632e+05
5.5025e+05
5.6417e+05
5.7806e+05
5.9192e+05
6.0572e+05
6.1946e+05
6.3313e+05
6.467e+05
6.6017e+05
6.7353e+05
6.8675e+05
6.9984e+05
7.1277e+05
7.2553e+05
7.381e+05
7.5049e+05
7.6267e+05
7.7463e+05
7.8636e+05
7.9784e+05
8.0908e+05
8.2004e+05
8.3074e+05
8.4114e+05
8.5124e+05
8.6104e+05
8.7052e+05
8.7967e+05
8.8849e+05
8.9696e+05
9.0507e+05
9.1282e+05
9.2021e+05
9.2721e+05
9.3383e+05
9.4006e+05
9.4589e+05
9.5133e+05
9.5635e+05
9.6096e+05
9.6516e+05
9.6894e+05
9.7229e+05
9.7522e+05
9.7772e+05
9.798e+05
9.8144e+05
9.8265e+05
9.8343e+05
9.8378e+05
9.8369e+05
9.8318e+05
9.8224e+05
9.8088e+05
9.7909e+05
9.7689e+05
9.7427e+05
9.7123e+05
9.6779e+05
9.6394e+05
9.597e+05
9.5507e+05
9.5005e+05
9.4465e+05
9.3888e+05
9.3274e+05
9.2625e+05
9.1941e+05
9.1222e+05
9.0471e+05
8.9687e+05
8.8872e+05
8.8026e+05
8.7151e+05
8.6247e+05
8.5316e+05
8.4358e+05
8.3375e+05
8.2368e+05
8.1337e+05
8.0284e+05
7.9211e+05
7.8118e+05
7.7006e+05
7.5876e+05
7.473e+05
7.3569e+05
7.2394e+05
7.1206e+05
7.0007e+05
6.8797e+05
6.7577e+05
6.635e+05
6.5115e+05
6.3875e+05
6.2629e+05
6.138e+05
6.0129e+05
5.8876e+05
5.7623e+05
5.6371e+05
5.512e+05
5.3872e+05
5.2628e+05
5.1389e+05
5.0156e+05
4.8929e+05
4.771e+05
4.65e+05
4.5299e+05
4.4108e+05
4.2928e+05
4.176e+05
4.0605e+05
3.9463e+05
3.8336e+05
3.7223e+05
3.6125e+05
3.5043e+05
3.3978e+05
3.2931e+05
3.19e+05
3.0888e+05
2.9895e+05
2.892e+05
2.7965e+05
2.7029e+05
2.6114e+05
2.5219e+05
2.4344e+05
2.3491e+05
2.2658e+05
2.1847e+05
2.1057e+05
2.0288e+05
1.9541e+05
1.8816e+05
1.8112e+05
1.743e+05
1.6769e+05
1.613e+05
1.5513e+05
1.4917e+05
1.4342e+05
1.3788e+05
1.3255e+05
1.2743e+05
1.2251e+05
1.1779e+05
1.1328e+05
1.0896e+05
1.0483e+05
1.009e+05
97151
93589
90208
87004
83974
81113
78417
75883
73506
71282
69207
67275
65484
63828
62302
60903
59625
58465
57417
56477
55640
54902
54259
53706
53237
52850
52540
52302
52132
52027
51981
51991
52052
52162
52316
52511
52743
53008
53303
53625
53970
54336
54719
55117
55526
55944
56369
56798
57229
57659
58086
58509
58924
59332
59729
60114
60486
60843
61185
61509
61815
62101
62367
62612
62836
63036
63214
63368
63499
63604
63686
63742
63774
63781
63762
63719
63651
63558
63441
63300
63134
62945
62733
62498
62241
61962
61662
61340
60999
60638
60258
59859
59442
59008
58558
58092
57611
57115
56605
56082
55546
54999
54440
53871
53292
52704
52107
51502
50890
50272
49647
49017
48382
47742
47099
46453
45804
45153
44500
43846
43191
42536
41881
41227
40573
39922
39271
38623
