2.0144e+05
2.0486e+05
2.083e+05
2.1175e+05
2.1521e+05
2.1866e+05
2.2212e+05
2.2558e+05
2.2903e+05
2.3247e+05
2.3591e+05
2.3932e+05
2.4273e+05
2.4611e+05
2.4947e+05
2.528e+05
2.5611e+05
2.5938e+05
2.6262e+05
2.6583e+05
2.6899e+05
2.7212e+05
2.752e+05
2.7824e+05
2.8122e+05
2.8416e+05
2.8705e+05
2.8988e+05
2.9265e+05
2.9537e+05
2.9802e+05
3.0061e+05
3.0314e+05
3.056e+05
3.08e+05
3.1033e+05
3.1259e+05
3.1477e+05
3.1689e+05
3.1893e+05
3.209e+05
3.228e+05
3.2462e+05
3.2636e+05
3.2802e+05
3.2961e+05
3.3113e+05
3.3256e+05
3.3392e+05
3.352e+05
3.364e+05
3.3753e+05
3.3858e+05
3.3955e+05
3.4045e+05
3.4127e+05
3.4202e+05
3.4269e+05
3.4329e+05
3.4381e+05
3.4427e+05
3.4466e+05
3.4497e+05
3.4522e+05
3.4541e+05
3.4552e+05
3.4558e+05
3.4557e+05
3.455e+05
3.4538e+05
3.4519e+05
3.4496e+05
3.4466e+05
3.4432e+05
3.4393e+05
3.4349e+05
3.43e+05
3.4247e+05
3.419e+05
3.4128e+05
3.4064e+05
3.3995e+05
3.3923e+05
3.3848e+05
3.377e+05
3.369e+05
3.3607e+05
3.3521e+05
3.3434e+05
3.3344e+05
3.3253e+05
3.316e+05
3.3067e+05
3.2972e+05
3.2876e+05
3.2779e+05
3.2682e+05
3.2585e+05
3.2487e+05
3.239e+05
3.2292e+05
3.2195e+05
3.2098e+05
3.2002e+05
3.1907e+05
3.1813e+05
3.172e+05
3.1627e+05
3.1537e+05
3.1447e+05
3.1359e+05
3.1272e+05
3.1187e+05
3.1104e+05
3.1023e+05
3.0943e+05
3.0865e+05
3.0789e+05
3.0715e+05
3.0644e+05
3.0574e+05
3.0506e+05
3.044e+05
3.0376e+05
3.0313e+05
3.0253e+05
3.0195e+05
3.0139e+05
3.0084e+05
3.0031e+05
2.998e+05
2.9931e+05
2.9883e+05
2.9836e+05
2.9791e+05
2.9747e+05
2.9705e+05
2.9663e+05
2.9622e+05
2.9582e+05
2.9543e+05
2.9504e+05
2.9466e+05
2.9428e+05
2.939e+05
2.9352e+05
2.9314e+05
2.9276e+05
2.9237e+05
2.9198e+05
2.9157e+05
2.9116e+05
2.9074e+05
2.9031e+05
2.8986e+05
2.8939e+05
2.8891e+05
2.8841e+05
2.8789e+05
2.8735e+05
2.8678e+05
2.8619e+05
2.8558e+05
2.8493e+05
2.8426e+05
2.8356e+05
2.8282e+05
2.8205e+05
2.8125e+05
2.8041e+05
2.7954e+05
2.7863e+05
2.7768e+05
2.7669e+05
2.7566e+05
2.7459e+05
2.7348e+05
2.7233e+05
2.7113e+05
2.699e+05
2.6861e+05
2.6729e+05
2.6592e+05
2.6451e+05
2.6305e+05
2.6155e+05
2.6001e+05
2.5842e+05
2.5679e+05
2.5512e+05
2.534e+05
2.5165e+05
2.4985e+05
2.4801e+05
2.4613e+05
2.4422e+05
2.4226e+05
2.4027e+05
2.3824e+05
2.3618e+05
2.3409e+05
2.3196e+05
2.2981e+05
2.2762e+05
2.2541e+05
2.2317e+05
2.2091e+05
2.1863e+05
2.1632e+05
2.14e+05
2.1166e+05
2.0931e+05
2.0694e+05
2.0456e+05
2.0217e+05
1.9978e+05
1.9738e+05
1.9497e+05
1.9257e+05
1.9017e+05
1.8777e+05
1.8537e+05
1.8298e+05
1.8061e+05
1.7824e+05
1.7589e+05
1.7355e+05
1.7123e+05
1.6893e+05
1.6665e+05
1.6439e+05
1.6216e+05
1.5995e+05
1.5778e+05
1.5563e+05
1.5352e+05
1.5144e+05
1.4939e+05
1.4738e+05
1.4541e+05
1.4347e+05
1.4158e+05
1.3973e+05
1.3792e+05
1.3615e+05
1.3443e+05
1.3275e+05
1.3112e+05
1.2953e+05
1.2799e+05
1.265e+05
1.2505e+05
1.2365e+05
1.223e+05
1.21e+05
1.1974e+05
1.1853e+05
1.1737e+05
1.1625e+05
1.1518e+05
1.1416e+05
1.1317e+05
1.1224e+05
1.1134e+05
1.1049e+05
1.0968e+05
1.089e+05
1.0817e+05
1.0747e+05
1.0681e+05
1.0618e+05
1.0558e+05
1.0501e+05
1.0447e+05
1.0396e+05
1.0348e+05
1.0301e+05
1.0257e+05
1.0215e+05
1.0174e+05
1.0135e+05
1.0097e+05
1.006e+05
1.0024e+05
99882
99530
99179
98828
98473
98112
97743
97364
96973
96567
96144
95702
95239
94753
94242
93704
93137
92540
91909
91245
90545
89809
89034
88219
87363
86466
85525
84542
83514
82441
81323
80160
78951
77697
76397
75052
73662
72229
70751
69232
67671
66070
64430
62752
61040
59293
57514
55706
53871
52011
50128
48227
46308
44376
42434
40485
38533
36581
34633
32693
30764
28852
26960
25092
23253
21448
19682
17958
16282
14658
13092
11589
10153
8790.5
7505.5
6303.5
5189.8
4169.6
3248.2
2430.7
1722.4
1128.4
654.09
304.5
84.778
0
55.189
255.3
605.24
1109.8
1773.7
2601.6
3598
4767.3
6113.9
7641.8
9355.2
11258
13354
15646
18139
20835
23738
26849
30173
33712
37468
41443
45639
50057
54700
59568
64663
69985
75534
81312
87318
93553
1.0001e+05
1.067e+05
1.1362e+05
1.2076e+05
1.2812e+05
1.3571e+05
1.4351e+05
1.5153e+05
1.5977e+05
1.6822e+05
1.7688e+05
1.8574e+05
1.9481e+05
2.0408e+05
2.1354e+05
2.2319e+05
2.3303e+05
2.4306e+05
2.5325e+05
2.6362e+05
2.7416e+05
2.8486e+05
2.9571e+05
3.0671e+05
3.1785e+05
3.2913e+05
3.4054e+05
3.5207e+05
3.6372e+05
3.7547e+05
3.8733e+05
3.9928e+05
4.1131e+05
4.2342e+05
4.3561e+05
4.4785e+05
4.6015e+05
4.725e+05
4.8488e+05
4.9729e+05
5.0972e+05
5.2216e+05
5.346e+05
5.4704e+05
5.5946e+05
5.7186e+05
5.8422e+05
5.9654e+05
6.0881e+05
6.2102e+05
6.3316e+05
6.4523e+05
6.572e+05
6.6908e+05
6.8086e+05
6.9252e+05
7.0406e+05
7.1547e+05
7.2674e+05
7.3786e+05
7.4882e+05
7.5962e+05
7.7025e+05
7.8069e+05
7.9095e+05
8.0101e+05
8.1086e+05
8.2051e+05
8.2993e+05
8.3913e+05
8.481e+05
8.5682e+05
8.653e+05
8.7353e+05
8.815e+05
8.892e+05
8.9664e+05
9.038e+05
9.1067e+05
9.1727e+05
9.2357e+05
9.2958e+05
9.3528e+05
9.4069e+05
9.4579e+05
9.5058e+05
9.5505e+05
9.5921e+05
9.6305e+05
9.6657e+05
9.6976e+05
9.7263e+05
9.7518e+05
9.7739e+05
9.7928e+05
9.8084e+05
9.8207e+05
9.8297e+05
9.8354e+05
9.8378e+05
9.8369e+05
9.8327e+05
9.8253e+05
9.8146e+05
9.8007e+05
9.7836e+05
9.7633e+05
9.7399e+05
9.7133e+05
9.6836e+05
9.6509e+05
9.6151e+05
9.5763e+05
9.5346e+05
9.4899e+05
9.4424e+05
9.3921e+05
9.339e+05
9.2832e+05
9.2247e+05
9.1636e+05
9.0999e+05
9.0338e+05
8.9652e+05
8.8942e+05
8.821e+05
8.7454e+05
8.6677e+05
8.5879e+05
8.506e+05
8.4222e+05
8.3364e+05
8.2488e+05
8.1594e+05
8.0683e+05
7.9757e+05
7.8814e+05
7.7857e+05
7.6887e+05
7.5903e+05
7.4906e+05
7.3898e+05
7.2879e+05
7.185e+05
7.0811e+05
6.9764e+05
6.8709e+05
6.7647e+05
6.6579e+05
6.5505e+05
6.4426e+05
6.3343e+05
6.2257e+05
6.1169e+05
6.0078e+05
5.8987e+05
5.7895e+05
5.6803e+05
5.5712e+05
5.4623e+05
5.3536e+05
5.2452e+05
5.1371e+05
5.0295e+05
4.9224e+05
4.8158e+05
4.7099e+05
4.6045e+05
4.4999e+05
4.3961e+05
4.2931e+05
4.191e+05
4.0898e+05
3.9896e+05
3.8905e+05
3.7923e+05
3.6953e+05
3.5995e+05
3.5048e+05
3.4114e+05
3.3193e+05
3.2284e+05
3.1389e+05
3.0507e+05
2.964e+05
2.8786e+05
2.7948e+05
2.7123e+05
2.6314e+05
2.552e+05
2.4741e+05
2.3978e+05
2.323e+05
2.2498e+05
2.1782e+05
2.1082e+05
2.0397e+05
1.9729e+05
1.9077e+05
1.8442e+05
1.7822e+05
1.7219e+05
1.6631e+05
1.606e+05
1.5505e+05
1.4966e+05
1.4443e+05
1.3936e+05
1.3444e+05
1.2968e+05
1.2508e+05
1.2062e+05
1.1633e+05
1.1218e+05
1.0818e+05
1.0432e+05
1.0062e+05
97051
93626
90340
87190
84174
81289
78533
75903
73397
71012
68745
66593
64554
62625
60802
59084
57466
55946
54521
53188
51944
50786
49711
48715
47797
46952
46179
45473
44833
44254
43735
43273
42863
42505
42195
41930
41707
41525
41380
41270
41193
41145
41126
41131
41160
41210
41279
41364
41464
41577
41701
41834
41975
42121
42271
42424
42578
42731
42883
43032
43176
43316
43448
43574
43691
43798
43896
43982
44057
44119
44169
44205
44227
44235
44228
44206
44169
44116
44047
43962
43862
43745
43612
43463
43299
43118
42922
42711
42484
42242
41985
41713
41428
41129
40816
40490
40151
39800
39438
39063
38678
38283
37877
37462
37038
36606
36165
35717
35262
34800
34333
33860
33381
32899
32412
31922
31429
30934
30436
29937
29436
28935
28434
