4.882e+05
4.9391e+05
4.9947e+05
5.0489e+05
5.1017e+05
5.1529e+05
5.2025e+05
5.2505e+05
5.2969e+05
5.3417e+05
5.3847e+05
5.4261e+05
5.4657e+05
5.5035e+05
5.5395e+05
5.5738e+05
5.6062e+05
5.6368e+05
5.6655e+05
5.6924e+05
5.7174e+05
5.7405e+05
5.7618e+05
5.7812e+05
5.7987e+05
5.8143e+05
5.828e+05
5.8399e+05
5.8499e+05
5.8581e+05
5.8644e+05
5.869e+05
5.8716e+05
5.8725e+05
5.8717e+05
5.8691e+05
5.8647e+05
5.8587e+05
5.8509e+05
5.8415e+05
5.8305e+05
5.818e+05
5.8038e+05
5.7882e+05
5.771e+05
5.7524e+05
5.7324e+05
5.7111e+05
5.6884e+05
5.6644e+05
5.6392e+05
5.6128e+05
5.5853e+05
5.5566e+05
5.5269e+05
5.4962e+05
5.4645e+05
5.432e+05
5.3986e+05
5.3643e+05
5.3294e+05
5.2937e+05
5.2574e+05
5.2205e+05
5.1831e+05
5.1451e+05
5.1068e+05
5.0681e+05
5.029e+05
4.9897e+05
4.9501e+05
4.9104e+05
4.8706e+05
4.8308e+05
4.7909e+05
4.7511e+05
4.7114e+05
4.6718e+05
4.6324e+05
4.5933e+05
4.5545e+05
4.516e+05
4.4779e+05
4.4403e+05
4.4031e+05
4.3665e+05
4.3304e+05
4.295e+05
4.2602e+05
4.2261e+05
4.1927e+05
4.1601e+05
4.1283e+05
4.0973e+05
4.0672e+05
4.0379e+05
4.0097e+05
3.9823e+05
3.956e+05
3.9306e+05
3.9063e+05
3.8831e+05
3.8609e+05
3.8398e+05
3.8198e+05
3.801e+05
3.7833e+05
3.7667e+05
3.7513e+05
3.7371e+05
3.724e+05
3.7121e+05
3.7015e+05
3.692e+05
3.6837e+05
3.6766e+05
3.6706e+05
3.6659e+05
3.6624e+05
3.66e+05
3.6588e+05
3.6587e+05
3.6598e+05
3.662e+05
3.6653e+05
3.6698e+05
3.6753e+05
3.6819e+05
3.6895e+05
3.6981e+05
3.7078e+05
3.7184e+05
3.73e+05
3.7425e+05
3.756e+05
3.7703e+05
3.7854e+05
3.8014e+05
3.8182e+05
3.8357e+05
3.8539e+05
3.8729e+05
3.8925e+05
3.9127e+05
3.9335e+05
3.9549e+05
3.9768e+05
3.9992e+05
4.022e+05
4.0452e+05
4.0688e+05
4.0927e+05
4.117e+05
4.1415e+05
4.1662e+05
4.191e+05
4.216e+05
4.2412e+05
4.2663e+05
4.2915e+05
4.3167e+05
4.3418e+05
4.3668e+05
4.3917e+05
4.4164e+05
4.4409e+05
4.4652e+05
4.4891e+05
4.5128e+05
4.536e+05
4.5589e+05
4.5813e+05
4.6033e+05
4.6247e+05
4.6456e+05
4.666e+05
4.6857e+05
4.7047e+05
4.7231e+05
4.7408e+05
4.7578e+05
4.774e+05
4.7894e+05
4.804e+05
4.8177e+05
4.8305e+05
4.8425e+05
4.8535e+05
4.8635e+05
4.8726e+05
4.8807e+05
4.8877e+05
4.8938e+05
4.8987e+05
4.9026e+05
4.9054e+05
4.9071e+05
4.9076e+05
4.907e+05
4.9053e+05
4.9024e+05
4.8983e+05
4.893e+05
4.8866e+05
4.8789e+05
4.8701e+05
4.86e+05
4.8487e+05
4.8362e+05
4.8224e+05
4.8075e+05
4.7913e+05
4.7739e+05
4.7553e+05
4.7354e+05
4.7144e+05
4.6921e+05
4.6687e+05
4.644e+05
4.6182e+05
4.5912e+05
4.563e+05
4.5337e+05
4.5033e+05
4.4717e+05
4.4391e+05
4.4053e+05
4.3705e+05
4.3346e+05
4.2976e+05
4.2597e+05
4.2207e+05
4.1808e+05
4.1399e+05
4.0981e+05
4.0554e+05
4.0119e+05
3.9674e+05
3.9221e+05
3.8761e+05
3.8292e+05
3.7817e+05
3.7334e+05
3.6844e+05
3.6347e+05
3.5845e+05
3.5336e+05
3.4822e+05
3.4303e+05
3.3779e+05
3.325e+05
3.2717e+05
3.218e+05
3.164e+05
3.1096e+05
3.055e+05
3.0001e+05
2.945e+05
2.8898e+05
2.8344e+05
2.7789e+05
2.7234e+05
2.6679e+05
2.6123e+05
2.5569e+05
2.5015e+05
2.4463e+05
2.3912e+05
2.3364e+05
2.2818e+05
2.2275e+05
2.1735e+05
2.12e+05
2.0668e+05
2.014e+05
1.9618e+05
1.9101e+05
1.8589e+05
1.8083e+05
1.7584e+05
1.7091e+05
1.6606e+05
1.6128e+05
1.5657e+05
1.5195e+05
1.4742e+05
1.4297e+05
1.3862e+05
1.3436e+05
1.302e+05
1.2615e+05
1.222e+05
1.1836e+05
1.1463e+05
1.1101e+05
1.0752e+05
1.0414e+05
1.009e+05
97772
94779
91919
89194
86606
84159
81854
79695
77682
75819
74108
72550
71148
69903
68817
67891
67128
66529
66095
65828
65728
65797
66036
66445
67027
67780
68707
69806
71080
72528
74151
75948
77920
80066
82387
84882
87551
90393
93408
96596
99954
1.0348e+05
1.0718e+05
1.1105e+05
1.1508e+05
1.1928e+05
1.2365e+05
1.2818e+05
1.3287e+05
1.3772e+05
1.4273e+05
1.479e+05
1.5322e+05
1.5869e+05
1.6432e+05
1.7009e+05
1.7601e+05
1.8207e+05
1.8828e+05
1.9462e+05
2.0111e+05
2.0772e+05
2.1447e+05
2.2134e+05
2.2834e+05
2.3547e+05
2.4271e+05
2.5007e+05
2.5755e+05
2.6513e+05
2.7282e+05
2.8062e+05
2.8852e+05
2.9651e+05
3.046e+05
3.1278e+05
3.2104e+05
3.2939e+05
3.3781e+05
3.4632e+05
3.5489e+05
3.6354e+05
3.7224e+05
3.8101e+05
3.8984e+05
3.9872e+05
4.0765e+05
4.1662e+05
4.2564e+05
4.3469e+05
4.4378e+05
4.529e+05
4.6204e+05
4.712e+05
4.8039e+05
4.8958e+05
4.9879e+05
5.0801e+05
5.1722e+05
5.2643e+05
5.3564e+05
5.4484e+05
5.5403e+05
5.632e+05
5.7234e+05
5.8147e+05
5.9056e+05
5.9962e+05
6.0865e+05
6.1763e+05
6.2657e+05
6.3547e+05
6.4432e+05
6.5311e+05
6.6184e+05
6.7051e+05
6.7912e+05
6.8766e+05
6.9613e+05
7.0452e+05
7.1284e+05
7.2107e+05
7.2922e+05
7.3729e+05
7.4526e+05
7.5314e+05
7.6093e+05
7.6861e+05
7.762e+05
7.8368e+05
7.9105e+05
7.9831e+05
8.0547e+05
8.125e+05
8.1942e+05
8.2623e+05
8.3291e+05
8.3946e+05
8.4589e+05
8.5219e+05
8.5837e+05
8.6441e+05
8.7031e+05
8.7609e+05
8.8172e+05
8.8721e+05
8.9257e+05
8.9778e+05
9.0285e+05
9.0777e+05
9.1255e+05
9.1718e+05
9.2166e+05
9.2599e+05
9.3017e+05
9.3419e+05
9.3807e+05
9.4179e+05
9.4535e+05
9.4876e+05
9.5201e+05
9.5511e+05
9.5805e+05
9.6083e+05
9.6345e+05
9.6592e+05
9.6822e+05
9.7037e+05
9.7236e+05
9.7418e+05
9.7585e+05
9.7736e+05
9.7871e+05
9.799e+05
9.8093e+05
9.818e+05
9.8251e+05
9.8306e+05
9.8346e+05
9.837e+05
9.8378e+05
9.837e+05
9.8347e+05
9.8308e+05
9.8254e+05
9.8184e+05
9.8099e+05
9.7999e+05
9.7884e+05
9.7753e+05
9.7608e+05
9.7448e+05
9.7273e+05
9.7084e+05
9.688e+05
9.6661e+05
9.6429e+05
9.6182e+05
9.5921e+05
9.5647e+05
9.5358e+05
9.5056e+05
9.4741e+05
9.4413e+05
9.4071e+05
9.3716e+05
9.3349e+05
9.2969e+05
9.2577e+05
9.2172e+05
9.1755e+05
9.1327e+05
9.0886e+05
9.0435e+05
8.9971e+05
8.9497e+05
8.9012e+05
8.8516e+05
8.801e+05
8.7493e+05
8.6966e+05
8.6429e+05
8.5882e+05
8.5326e+05
8.4761e+05
8.4187e+05
8.3604e+05
8.3012e+05
8.2412e+05
8.1803e+05
8.1187e+05
8.0563e+05
7.9932e+05
7.9293e+05
7.8647e+05
7.7995e+05
7.7336e+05
7.6671e+05
7.6e+05
7.5322e+05
7.464e+05
7.3952e+05
7.3258e+05
7.256e+05
7.1858e+05
7.115e+05
7.0439e+05
6.9724e+05
6.9005e+05
6.8283e+05
6.7557e+05
6.6828e+05
6.6097e+05
6.5363e+05
6.4627e+05
6.3888e+05
6.3148e+05
6.2407e+05
6.1663e+05
6.0919e+05
6.0174e+05
5.9428e+05
5.8682e+05
5.7935e+05
5.7188e+05
5.6441e+05
5.5695e+05
5.4949e+05
5.4204e+05
5.346e+05
5.2717e+05
5.1976e+05
5.1236e+05
5.0498e+05
4.9761e+05
4.9027e+05
4.8295e+05
4.7566e+05
4.6839e+05
4.6115e+05
4.5394e+05
4.4676e+05
4.3962e+05
4.3251e+05
4.2544e+05
4.184e+05
4.114e+05
4.0445e+05
3.9754e+05
3.9067e+05
3.8384e+05
3.7706e+05
3.7033e+05
3.6365e+05
3.5702e+05
3.5044e+05
3.4391e+05
3.3743e+05
3.3101e+05
3.2465e+05
3.1834e+05
3.1209e+05
3.0589e+05
2.9976e+05
2.9368e+05
2.8767e+05
2.8171e+05
2.7582e+05
2.6999e+05
2.6423e+05
2.5853e+05
2.5289e+05
2.4732e+05
2.4181e+05
2.3637e+05
2.31e+05
2.2569e+05
2.2045e+05
2.1528e+05
2.1018e+05
2.0514e+05
2.0017e+05
1.9528e+05
1.9045e+05
1.8569e+05
1.81e+05
1.7637e+05
1.7182e+05
1.6734e+05
1.6292e+05
1.5858e+05
1.5431e+05
1.501e+05
1.4596e+05
1.419e+05
1.379e+05
1.3397e+05
1.3011e+05
1.2632e+05
1.2259e+05
1.1894e+05
1.1535e+05
1.1183e+05
1.0838e+05
1.0499e+05
1.0167e+05
98417
95229
92107
89050
86058
83129
80265
77464
74725
72049
69435
66882
64389
61957
59584
57270
55015
52818
50677
48594
46566
44594
42676
40812
39002
37245
35539
33885
32281
30727
29222
27766
26357
24996
23681
22411
21186
20005
18867
17772
16719
15706
14734
13802
12907
12051
11232
10449
9702.3
8989.9
8311.6
7666.5
7053.8
6472.8
5922.7
5402.7
4912.1
4450.1
4015.9
3608.7
3227.8
2872.5
2542
2235.4
1952.2
1691.5
1452.6
1234.8
1037.3
859.43
700.51
559.8
436.6
330.22
239.97
165.19
105.19
59.322
26.928
7.3663
0
4.2033
19.359
44.861
80.11
124.52
177.51
238.51
306.98
382.35
464.1
551.7
644.63
742.4
844.5
950.47
1059.8
1172.1
