9.8378e+05
9.8052e+05
9.772e+05
9.7381e+05
9.7036e+05
9.6685e+05
9.6327e+05
9.5963e+05
9.5594e+05
9.5218e+05
9.4837e+05
9.445e+05
9.4058e+05
9.366e+05
9.3257e+05
9.2849e+05
9.2436e+05
9.2017e+05
9.1594e+05
9.1167e+05
9.0735e+05
9.0298e+05
8.9857e+05
8.9411e+05
8.8962e+05
8.8508e+05
8.8051e+05
8.7589e+05
8.7125e+05
8.6656e+05
8.6184e+05
8.5709e+05
8.523e+05
8.4748e+05
8.4264e+05
8.3776e+05
8.3286e+05
8.2792e+05
8.2297e+05
8.1798e+05
8.1298e+05
8.0795e+05
8.029e+05
7.9783e+05
7.9273e+05
7.8762e+05
7.825e+05
7.7735e+05
7.7219e+05
7.6702e+05
7.6183e+05
7.5663e+05
7.5142e+05
7.462e+05
7.4097e+05
7.3573e+05
7.3048e+05
7.2522e+05
7.1996e+05
7.147e+05
7.0943e+05
7.0415e+05
6.9888e+05
6.936e+05
6.8833e+05
6.8305e+05
6.7777e+05
6.725e+05
6.6723e+05
6.6197e+05
6.567e+05
6.5145e+05
6.462e+05
6.4096e+05
6.3572e+05
6.305e+05
6.2528e+05
6.2008e+05
6.1488e+05
6.097e+05
6.0453e+05
5.9937e+05
5.9423e+05
5.891e+05
5.8398e+05
5.7889e+05
5.7381e+05
5.6874e+05
5.637e+05
5.5867e+05
5.5366e+05
5.4868e+05
5.4371e+05
5.3876e+05
5.3384e+05
5.2894e+05
5.2406e+05
5.1921e+05
5.1437e+05
5.0957e+05
5.0479e+05
5.0003e+05
4.953e+05
4.906e+05
4.8592e+05
4.8128e+05
4.7666e+05
4.7207e+05
4.675e+05
4.6297e+05
4.5847e+05
4.54e+05
4.4956e+05
4.4515e+05
4.4077e+05
4.3642e+05
4.3211e+05
4.2783e+05
4.2358e+05
4.1937e+05
4.1519e+05
4.1104e+05
4.0693e+05
4.0285e+05
3.9881e+05
3.9481e+05
3.9084e+05
3.869e+05
3.8301e+05
3.7915e+05
3.7532e+05
3.7153e+05
3.6778e+05
3.6407e+05
3.604e+05
3.5676e+05
3.5316e+05
3.496e+05
3.4608e+05
3.426e+05
3.3915e+05
3.3575e+05
3.3238e+05
3.2906e+05
3.2577e+05
3.2252e+05
3.1932e+05
3.1615e+05
3.1302e+05
3.0993e+05
3.0689e+05
3.0388e+05
3.0091e+05
2.9798e+05
2.951e+05
2.9225e+05
2.8945e+05
2.8668e+05
2.8396e+05
2.8127e+05
2.7863e+05
2.7603e+05
2.7347e+05
2.7094e+05
2.6846e+05
2.6602e+05
2.6362e+05
2.6127e+05
2.5895e+05
2.5667e+05
2.5443e+05
2.5223e+05
2.5008e+05
2.4796e+05
2.4588e+05
2.4384e+05
2.4185e+05
2.3989e+05
2.3797e+05
2.361e+05
2.3426e+05
2.3246e+05
2.307e+05
2.2898e+05
2.273e+05
2.2566e+05
2.2405e+05
2.2249e+05
2.2096e+05
2.1947e+05
2.1802e+05
2.1661e+05
2.1524e+05
2.139e+05
2.126e+05
2.1134e+05
2.1011e+05
2.0893e+05
2.0778e+05
2.0666e+05
2.0558e+05
2.0454e+05
2.0353e+05
2.0256e+05
2.0163e+05
2.0073e+05
1.9986e+05
1.9903e+05
1.9824e+05
1.9748e+05
1.9675e+05
1.9606e+05
1.954e+05
1.9477e+05
1.9418e+05
1.9362e+05
1.9309e+05
1.926e+05
1.9213e+05
1.917e+05
1.913e+05
1.9093e+05
1.906e+05
1.9029e+05
1.9001e+05
1.8977e+05
1.8955e+05
1.8936e+05
1.892e+05
1.8908e+05
1.8898e+05
1.889e+05
1.8886e+05
1.8885e+05
1.8886e+05
1.889e+05
1.8896e+05
1.8906e+05
1.8918e+05
1.8932e+05
1.8949e+05
1.8969e+05
1.8991e+05
1.9016e+05
1.9043e+05
1.9072e+05
1.9104e+05
1.9138e+05
1.9175e+05
1.9214e+05
1.9255e+05
1.9298e+05
1.9344e+05
1.9392e+05
1.9442e+05
1.9494e+05
1.9548e+05
1.9604e+05
1.9662e+05
1.9722e+05
1.9784e+05
1.9848e+05
1.9913e+05
1.9981e+05
2.0051e+05
2.0122e+05
2.0195e+05
2.0269e+05
2.0346e+05
2.0424e+05
2.0503e+05
2.0585e+05
2.0667e+05
2.0752e+05
2.0838e+05
2.0925e+05
2.1014e+05
2.1104e+05
2.1195e+05
2.1288e+05
2.1382e+05
2.1477e+05
2.1574e+05
2.1672e+05
2.1771e+05
2.1871e+05
2.1972e+05
2.2074e+05
2.2178e+05
2.2282e+05
2.2387e+05
2.2494e+05
2.2601e+05
2.2709e+05
2.2818e+05
2.2928e+05
2.3039e+05
2.315e+05
2.3262e+05
2.3375e+05
2.3489e+05
2.3603e+05
2.3718e+05
2.3833e+05
2.3949e+05
2.4066e+05
2.4183e+05
2.4301e+05
2.4419e+05
2.4537e+05
2.4656e+05
2.4775e+05
2.4894e+05
2.5014e+05
2.5134e+05
2.5255e+05
2.5375e+05
2.5496e+05
2.5617e+05
2.5738e+05
2.586e+05
2.5981e+05
2.6102e+05
2.6224e+05
2.6345e+05
2.6467e+05
2.6588e+05
2.671e+05
2.6831e+05
2.6952e+05
2.7073e+05
2.7194e+05
2.7315e+05
2.7435e+05
2.7555e+05
2.7675e+05
2.7795e+05
2.7914e+05
2.8033e+05
2.8152e+05
2.8271e+05
2.8389e+05
2.8506e+05
2.8623e+05
2.874e+05
2.8856e+05
2.8972e+05
2.9087e+05
2.9201e+05
2.9315e+05
2.9429e+05
2.9541e+05
2.9654e+05
2.9765e+05
2.9876e+05
2.9986e+05
3.0096e+05
3.0204e+05
3.0312e+05
3.0419e+05
3.0526e+05
3.0632e+05
3.0736e+05
3.084e+05
3.0943e+05
3.1046e+05
3.1147e+05
3.1247e+05
3.1347e+05
3.1445e+05
3.1543e+05
3.164e+05
3.1735e+05
3.183e+05
3.1924e+05
3.2016e+05
3.2108e+05
3.2198e+05
3.2288e+05
3.2376e+05
3.2463e+05
3.2549e+05
3.2634e+05
3.2718e+05
3.2801e+05
3.2882e+05
3.2962e+05
3.3042e+05
3.3119e+05
3.3196e+05
3.3272e+05
3.3346e+05
3.3419e+05
3.349e+05
3.3561e+05
3.363e+05
3.3698e+05
3.3764e+05
3.3829e+05
3.3893e+05
3.3956e+05
3.4017e+05
3.4077e+05
3.4135e+05
3.4192e+05
3.4248e+05
3.4302e+05
3.4355e+05
3.4407e+05
3.4457e+05
3.4505e+05
3.4553e+05
3.4598e+05
3.4643e+05
3.4686e+05
3.4727e+05
3.4767e+05
3.4806e+05
3.4843e+05
3.4879e+05
3.4913e+05
3.4945e+05
3.4977e+05
3.5006e+05
3.5035e+05
3.5061e+05
3.5086e+05
3.511e+05
3.5132e+05
3.5153e+05
3.5172e+05
3.519e+05
3.5206e+05
3.522e+05
3.5233e+05
3.5245e+05
3.5255e+05
3.5263e+05
3.527e+05
3.5276e+05
3.528e+05
3.5282e+05
3.5283e+05
3.5282e+05
3.528e+05
3.5276e+05
3.527e+05
3.5263e+05
3.5255e+05
3.5245e+05
3.5234e+05
3.522e+05
3.5206e+05
3.519e+05
3.5172e+05
3.5153e+05
3.5132e+05
3.511e+05
3.5086e+05
3.5061e+05
3.5034e+05
3.5006e+05
3.4976e+05
3.4944e+05
3.4912e+05
3.4877e+05
3.4841e+05
3.4804e+05
3.4765e+05
3.4725e+05
3.4683e+05
3.464e+05
3.4595e+05
3.4549e+05
3.4501e+05
3.4452e+05
3.4401e+05
3.4349e+05
3.4295e+05
3.424e+05
3.4184e+05
3.4126e+05
3.4067e+05
3.4006e+05
3.3944e+05
3.388e+05
3.3815e+05
3.3749e+05
3.3681e+05
3.3612e+05
3.3542e+05
3.347e+05
3.3397e+05
3.3322e+05
3.3246e+05
3.3169e+05
3.3091e+05
3.3011e+05
3.2929e+05
3.2847e+05
3.2763e+05
3.2678e+05
3.2592e+05
3.2504e+05
3.2415e+05
3.2325e+05
3.2233e+05
3.2141e+05
3.2047e+05
3.1952e+05
3.1855e+05
3.1758e+05
3.1659e+05
3.1559e+05
3.1458e+05
3.1356e+05
3.1252e+05
3.1148e+05
3.1042e+05
3.0935e+05
3.0827e+05
3.0718e+05
3.0608e+05
3.0497e+05
3.0384e+05
3.0271e+05
3.0156e+05
3.0041e+05
2.9924e+05
2.9807e+05
2.9688e+05
2.9569e+05
2.9448e+05
2.9327e+05
2.9204e+05
2.908e+05
2.8956e+05
2.8831e+05
2.8704e+05
2.8577e+05
2.8449e+05
2.832e+05
2.819e+05
2.8059e+05
2.7928e+05
2.7795e+05
2.7662e+05
2.7528e+05
2.7393e+05
2.7257e+05
2.712e+05
2.6983e+05
2.6845e+05
2.6706e+05
2.6566e+05
2.6426e+05
2.6285e+05
2.6143e+05
2.6001e+05
2.5858e+05
2.5714e+05
2.5569e+05
2.5424e+05
2.5278e+05
2.5132e+05
2.4985e+05
2.4838e+05
2.4689e+05
2.4541e+05
2.4391e+05
2.4241e+05
2.4091e+05
2.394e+05
2.3789e+05
2.3637e+05
2.3484e+05
2.3331e+05
2.3178e+05
2.3024e+05
2.287e+05
2.2715e+05
2.256e+05
2.2405e+05
2.2249e+05
2.2093e+05
2.1936e+05
2.1779e+05
2.1622e+05
2.1464e+05
2.1306e+05
2.1148e+05
2.0989e+05
2.0831e+05
2.0671e+05
2.0512e+05
2.0352e+05
2.0193e+05
2.0033e+05
1.9872e+05
1.9712e+05
1.9551e+05
1.939e+05
1.923e+05
1.9068e+05
1.8907e+05
1.8746e+05
1.8584e+05
1.8423e+05
1.8261e+05
1.8099e+05
1.7938e+05
1.7776e+05
1.7614e+05
1.7452e+05
1.729e+05
1.7128e+05
1.6966e+05
1.6804e+05
1.6643e+05
1.6481e+05
1.6319e+05
1.6157e+05
1.5996e+05
1.5834e+05
1.5673e+05
1.5511e+05
1.535e+05
1.5189e+05
1.5028e+05
1.4867e+05
1.4707e+05
1.4546e+05
1.4386e+05
1.4226e+05
1.4066e+05
1.3906e+05
1.3747e+05
1.3588e+05
1.3429e+05
1.327e+05
1.3112e+05
1.2954e+05
1.2796e+05
1.2638e+05
1.2481e+05
1.2324e+05
1.2168e+05
1.2012e+05
1.1856e+05
1.17e+05
1.1545e+05
1.1391e+05
1.1236e+05
1.1082e+05
1.0929e+05
1.0776e+05
1.0623e+05
1.0471e+05
1.0319e+05
1.0168e+05
1.0017e+05
98663
97163
95669
94180
92696
91217
89743
88274
86811
85354
83902
82455
81015
79580
78151
76728
75311
73901
72496
71098
69706
68320
66941
65569
64203
62844
61492
60146
58808
57476
56151
54834
53523
52220
50924
49635
48354
47080
45814
44555
43304
42061
40825
39597
38377
37164
35960
34763
33575
32394
31222
30058
28902
27754
26615
25483
24361
23246
22140
21042
19953
18873
17801
16737
15682
14636
13599
12570
11550
10539
9536.3
8542.7
7557.9
6581.9
5614.8
4656.7
3707.4
2767.1
1835.8
913.38
0
