9.8378e+05
9.7956e+05
9.7529e+05
9.7096e+05
9.6659e+05
9.6218e+05
9.5771e+05
9.5321e+05
9.4866e+05
9.4406e+05
9.3943e+05
9.3476e+05
9.3005e+05
9.253e+05
9.2051e+05
9.157e+05
9.1084e+05
9.0596e+05
9.0105e+05
8.961e+05
8.9113e+05
8.8614e+05
8.8111e+05
8.7606e+05
8.7099e+05
8.659e+05
8.6078e+05
8.5565e+05
8.505e+05
8.4533e+05
8.4014e+05
8.3494e+05
8.2973e+05
8.245e+05
8.1926e+05
8.1401e+05
8.0875e+05
8.0348e+05
7.982e+05
7.9292e+05
7.8763e+05
7.8234e+05
7.7704e+05
7.7175e+05
7.6645e+05
7.6115e+05
7.5585e+05
7.5055e+05
7.4526e+05
7.3997e+05
7.3468e+05
7.294e+05
7.2412e+05
7.1886e+05
7.136e+05
7.0835e+05
7.0311e+05
6.9788e+05
6.9266e+05
6.8745e+05
6.8226e+05
6.7708e+05
6.7192e+05
6.6677e+05
6.6164e+05
6.5652e+05
6.5142e+05
6.4634e+05
6.4128e+05
6.3624e+05
6.3122e+05
6.2622e+05
6.2125e+05
6.1629e+05
6.1136e+05
6.0645e+05
6.0157e+05
5.9671e+05
5.9188e+05
5.8707e+05
5.8229e+05
5.7754e+05
5.7282e+05
5.6812e+05
5.6345e+05
5.5881e+05
5.5421e+05
5.4963e+05
5.4508e+05
5.4056e+05
5.3608e+05
5.3163e+05
5.2721e+05
5.2282e+05
5.1847e+05
5.1415e+05
5.0986e+05
5.0561e+05
5.0139e+05
4.9721e+05
4.9306e+05
4.8895e+05
4.8488e+05
4.8084e+05
4.7683e+05
4.7287e+05
4.6894e+05
4.6505e+05
4.612e+05
4.5738e+05
4.536e+05
4.4987e+05
4.4616e+05
4.425e+05
4.3888e+05
4.3529e+05
4.3175e+05
4.2824e+05
4.2478e+05
4.2135e+05
4.1796e+05
4.1462e+05
4.1131e+05
4.0804e+05
4.0481e+05
4.0162e+05
3.9848e+05
3.9537e+05
3.923e+05
3.8928e+05
3.8629e+05
3.8334e+05
3.8044e+05
3.7757e+05
3.7475e+05
3.7197e+05
3.6922e+05
3.6652e+05
3.6385e+05
3.6123e+05
3.5865e+05
3.5611e+05
3.536e+05
3.5114e+05
3.4872e+05
3.4634e+05
3.4399e+05
3.4169e+05
3.3943e+05
3.372e+05
3.3502e+05
3.3287e+05
3.3077e+05
3.287e+05
3.2667e+05
3.2468e+05
3.2273e+05
3.2082e+05
3.1894e+05
3.171e+05
3.153e+05
3.1354e+05
3.1182e+05
3.1013e+05
3.0849e+05
3.0687e+05
3.053e+05
3.0376e+05
3.0226e+05
3.0079e+05
2.9936e+05
2.9797e+05
2.9661e+05
2.9528e+05
2.9399e+05
2.9274e+05
2.9152e+05
2.9033e+05
2.8918e+05
2.8807e+05
2.8698e+05
2.8593e+05
2.8491e+05
2.8393e+05
2.8297e+05
2.8205e+05
2.8117e+05
2.8031e+05
2.7948e+05
2.7869e+05
2.7792e+05
2.7719e+05
2.7649e+05
2.7582e+05
2.7517e+05
2.7456e+05
2.7397e+05
2.7342e+05
2.7289e+05
2.7239e+05
2.7192e+05
2.7147e+05
2.7106e+05
2.7067e+05
2.703e+05
2.6997e+05
2.6966e+05
2.6937e+05
2.6911e+05
2.6888e+05
2.6867e+05
2.6848e+05
2.6832e+05
2.6818e+05
2.6807e+05
2.6797e+05
2.6791e+05
2.6786e+05
2.6784e+05
2.6783e+05
2.6785e+05
2.6789e+05
2.6796e+05
2.6804e+05
2.6814e+05
2.6826e+05
2.6841e+05
2.6857e+05
2.6875e+05
2.6895e+05
2.6916e+05
2.694e+05
2.6965e+05
2.6992e+05
2.7021e+05
2.7051e+05
2.7083e+05
2.7117e+05
2.7152e+05
2.7189e+05
2.7227e+05
2.7267e+05
2.7308e+05
2.7351e+05
2.7395e+05
2.744e+05
2.7487e+05
2.7535e+05
2.7584e+05
2.7635e+05
2.7687e+05
2.7739e+05
2.7793e+05
2.7849e+05
2.7905e+05
2.7962e+05
2.802e+05
2.808e+05
2.814e+05
2.8201e+05
2.8263e+05
2.8326e+05
2.8389e+05
2.8454e+05
2.8519e+05
2.8585e+05
2.8652e+05
2.872e+05
2.8788e+05
2.8857e+05
2.8926e+05
2.8996e+05
2.9067e+05
2.9138e+05
2.9209e+05
2.9281e+05
2.9354e+05
2.9427e+05
2.95e+05
2.9574e+05
2.9648e+05
2.9722e+05
2.9797e+05
2.9872e+05
2.9947e+05
3.0022e+05
3.0098e+05
3.0174e+05
3.0249e+05
3.0325e+05
3.0401e+05
3.0478e+05
3.0554e+05
3.063e+05
3.0706e+05
3.0782e+05
3.0858e+05
3.0934e+05
3.101e+05
3.1086e+05
3.1162e+05
3.1237e+05
3.1313e+05
3.1388e+05
3.1463e+05
3.1537e+05
3.1612e+05
3.1686e+05
3.176e+05
3.1833e+05
3.1906e+05
3.1979e+05
3.2051e+05
3.2123e+05
3.2195e+05
3.2266e+05
3.2336e+05
3.2406e+05
3.2476e+05
3.2545e+05
3.2614e+05
3.2682e+05
3.2749e+05
3.2816e+05
3.2882e+05
3.2948e+05
3.3013e+05
3.3077e+05
3.3141e+05
3.3204e+05
3.3266e+05
3.3328e+05
3.3389e+05
3.3449e+05
3.3508e+05
3.3567e+05
3.3625e+05
3.3682e+05
3.3738e+05
3.3793e+05
3.3848e+05
3.3901e+05
3.3954e+05
3.4006e+05
3.4057e+05
3.4107e+05
3.4157e+05
3.4205e+05
3.4252e+05
3.4299e+05
3.4344e+05
3.4389e+05
3.4432e+05
3.4475e+05
3.4516e+05
3.4557e+05
3.4596e+05
3.4635e+05
3.4672e+05
3.4709e+05
3.4744e+05
3.4778e+05
3.4811e+05
3.4844e+05
3.4875e+05
3.4905e+05
3.4933e+05
3.4961e+05
3.4988e+05
3.5013e+05
3.5038e+05
3.5061e+05
3.5083e+05
3.5104e+05
3.5124e+05
3.5143e+05
3.516e+05
3.5176e+05
3.5192e+05
3.5206e+05
3.5218e+05
3.523e+05
3.524e+05
3.525e+05
3.5258e+05
3.5265e+05
3.527e+05
3.5275e+05
3.5278e+05
3.528e+05
3.5281e+05
3.528e+05
3.5279e+05
3.5276e+05
3.5272e+05
3.5267e+05
3.526e+05
3.5252e+05
3.5243e+05
3.5233e+05
3.5222e+05
3.5209e+05
3.5195e+05
3.518e+05
3.5164e+05
3.5146e+05
3.5127e+05
3.5107e+05
3.5086e+05
3.5064e+05
3.504e+05
3.5015e+05
3.4989e+05
3.4962e+05
3.4933e+05
3.4903e+05
3.4872e+05
3.484e+05
3.4807e+05
3.4772e+05
3.4736e+05
3.4699e+05
3.4661e+05
3.4621e+05
3.4581e+05
3.4539e+05
3.4496e+05
3.4451e+05
3.4406e+05
3.4359e+05
3.4312e+05
3.4263e+05
3.4213e+05
3.4161e+05
3.4109e+05
3.4055e+05
3.4e+05
3.3945e+05
3.3888e+05
3.3829e+05
3.377e+05
3.371e+05
3.3648e+05
3.3586e+05
3.3522e+05
3.3457e+05
3.3391e+05
3.3324e+05
3.3256e+05
3.3187e+05
3.3116e+05
3.3045e+05
3.2973e+05
3.2899e+05
3.2825e+05
3.2749e+05
3.2673e+05
3.2595e+05
3.2516e+05
3.2437e+05
3.2356e+05
3.2275e+05
3.2192e+05
3.2108e+05
3.2024e+05
3.1938e+05
3.1852e+05
3.1764e+05
3.1676e+05
3.1586e+05
3.1496e+05
3.1405e+05
3.1313e+05
3.122e+05
3.1126e+05
3.1031e+05
3.0935e+05
3.0839e+05
3.0741e+05
3.0643e+05
3.0544e+05
3.0444e+05
3.0343e+05
3.0241e+05
3.0139e+05
3.0035e+05
2.9931e+05
2.9826e+05
2.9721e+05
2.9614e+05
2.9507e+05
2.9399e+05
2.929e+05
2.9181e+05
2.9071e+05
2.896e+05
2.8848e+05
2.8736e+05
2.8623e+05
2.8509e+05
2.8395e+05
2.828e+05
2.8164e+05
2.8048e+05
2.7931e+05
2.7813e+05
2.7695e+05
2.7576e+05
2.7457e+05
2.7337e+05
2.7216e+05
2.7095e+05
2.6973e+05
2.6851e+05
2.6728e+05
2.6605e+05
2.6481e+05
2.6356e+05
2.6231e+05
2.6106e+05
2.598e+05
2.5854e+05
2.5727e+05
2.5599e+05
2.5472e+05
2.5343e+05
2.5215e+05
2.5086e+05
2.4956e+05
2.4826e+05
2.4696e+05
2.4565e+05
2.4434e+05
2.4303e+05
2.4171e+05
2.4039e+05
2.3906e+05
2.3773e+05
2.364e+05
2.3507e+05
2.3373e+05
2.3239e+05
2.3105e+05
2.297e+05
2.2835e+05
2.27e+05
2.2564e+05
2.2429e+05
2.2293e+05
2.2157e+05
2.2021e+05
2.1884e+05
2.1747e+05
2.161e+05
2.1473e+05
2.1336e+05
2.1199e+05
2.1061e+05
2.0923e+05
2.0785e+05
2.0647e+05
2.0509e+05
2.0371e+05
2.0233e+05
2.0094e+05
1.9956e+05
1.9817e+05
1.9679e+05
1.954e+05
1.9401e+05
1.9262e+05
1.9124e+05
1.8985e+05
1.8846e+05
1.8707e+05
1.8568e+05
1.8429e+05
1.829e+05
1.8151e+05
1.8013e+05
1.7874e+05
1.7735e+05
1.7596e+05
1.7458e+05
1.7319e+05
1.7181e+05
1.7042e+05
1.6904e+05
1.6766e+05
1.6628e+05
1.649e+05
1.6352e+05
1.6214e+05
1.6076e+05
1.5939e+05
1.5802e+05
1.5664e+05
1.5527e+05
1.539e+05
1.5254e+05
1.5117e+05
1.4981e+05
1.4845e+05
1.4709e+05
1.4573e+05
1.4438e+05
1.4302e+05
1.4167e+05
1.4033e+05
1.3898e+05
1.3764e+05
1.363e+05
1.3496e+05
1.3362e+05
1.3229e+05
1.3096e+05
1.2963e+05
1.2831e+05
1.2699e+05
1.2567e+05
1.2435e+05
1.2304e+05
1.2173e+05
1.2043e+05
1.1913e+05
1.1783e+05
1.1653e+05
1.1524e+05
1.1395e+05
1.1267e+05
1.1138e+05
1.1011e+05
1.0883e+05
1.0756e+05
1.063e+05
1.0503e+05
1.0378e+05
1.0252e+05
1.0127e+05
1.0002e+05
98781
97543
96308
95079
93853
92632
91415
90202
88994
87791
86592
85397
84208
83022
81842
80666
79495
78329
77168
76011
74860
73713
72572
71435
70303
69177
68056
66939
65828
64722
63622
62526
61436
60351
59272
58198
57129
56066
55008
53955
52908
51867
50831
49801
48776
47757
46743
45735
44733
43736
42745
41760
40780
39807
38839
37876
36920
35969
35024
34085
33152
32225
31303
30388
29478
28574
27676
26784
25898
25018
24143
23275
22413
21556
20706
19861
19023
18190
17364
16543
15728
14920
14117
13320
12530
11745
10966
10193
9426.4
8665.6
7910.7
7161.8
6418.9
5681.9
4950.9
4225.8
3506.7
2793.5
2086.2
1384.9
689.5
0
