1.7793e+05
1.8252e+05
1.8711e+05
1.9171e+05
1.963e+05
2.0089e+05
2.0546e+05
2.1e+05
2.1453e+05
2.1902e+05
2.2347e+05
2.2788e+05
2.3225e+05
2.3656e+05
2.4082e+05
2.4502e+05
2.4915e+05
2.5322e+05
2.5721e+05
2.6112e+05
2.6496e+05
2.6871e+05
2.7237e+05
2.7595e+05
2.7943e+05
2.8282e+05
2.8611e+05
2.893e+05
2.9239e+05
2.9538e+05
2.9826e+05
3.0104e+05
3.0371e+05
3.0627e+05
3.0873e+05
3.1108e+05
3.1332e+05
3.1546e+05
3.1749e+05
3.1941e+05
3.2122e+05
3.2293e+05
3.2454e+05
3.2604e+05
3.2744e+05
3.2874e+05
3.2995e+05
3.3106e+05
3.3208e+05
3.3301e+05
3.3385e+05
3.3461e+05
3.3528e+05
3.3588e+05
3.364e+05
3.3685e+05
3.3722e+05
3.3754e+05
3.3779e+05
3.3798e+05
3.3812e+05
3.3821e+05
3.3826e+05
3.3826e+05
3.3822e+05
3.3814e+05
3.3804e+05
3.3791e+05
3.3776e+05
3.3759e+05
3.374e+05
3.3721e+05
3.3701e+05
3.3681e+05
3.3661e+05
3.3641e+05
3.3623e+05
3.3605e+05
3.359e+05
3.3576e+05
3.3565e+05
3.3557e+05
3.3552e+05
3.355e+05
3.3551e+05
3.3557e+05
3.3567e+05
3.3582e+05
3.3601e+05
3.3625e+05
3.3655e+05
3.369e+05
3.373e+05
3.3777e+05
3.3829e+05
3.3887e+05
3.3952e+05
3.4023e+05
3.41e+05
3.4184e+05
3.4274e+05
3.4371e+05
3.4474e+05
3.4584e+05
3.47e+05
3.4823e+05
3.4952e+05
3.5088e+05
3.523e+05
3.5378e+05
3.5532e+05
3.5692e+05
3.5858e+05
3.6029e+05
3.6206e+05
3.6387e+05
3.6574e+05
3.6766e+05
3.6962e+05
3.7162e+05
3.7366e+05
3.7574e+05
3.7785e+05
3.8e+05
3.8217e+05
3.8436e+05
3.8658e+05
3.8881e+05
3.9106e+05
3.9332e+05
3.9558e+05
3.9785e+05
4.0012e+05
4.0238e+05
4.0464e+05
4.0688e+05
4.0911e+05
4.1132e+05
4.1351e+05
4.1567e+05
4.178e+05
4.1989e+05
4.2195e+05
4.2396e+05
4.2593e+05
4.2785e+05
4.2972e+05
4.3153e+05
4.3328e+05
4.3497e+05
4.3659e+05
4.3814e+05
4.3962e+05
4.4103e+05
4.4235e+05
4.436e+05
4.4476e+05
4.4583e+05
4.4682e+05
4.4771e+05
4.4851e+05
4.4922e+05
4.4982e+05
4.5033e+05
4.5074e+05
4.5104e+05
4.5124e+05
4.5134e+05
4.5133e+05
4.5121e+05
4.5098e+05
4.5065e+05
4.502e+05
4.4965e+05
4.4899e+05
4.4822e+05
4.4733e+05
4.4634e+05
4.4524e+05
4.4404e+05
4.4272e+05
4.413e+05
4.3977e+05
4.3814e+05
4.3641e+05
4.3457e+05
4.3263e+05
4.306e+05
4.2846e+05
4.2624e+05
4.2391e+05
4.215e+05
4.19e+05
4.1641e+05
4.1374e+05
4.1099e+05
4.0816e+05
4.0525e+05
4.0226e+05
3.9921e+05
3.9609e+05
3.929e+05
3.8965e+05
3.8634e+05
3.8297e+05
3.7955e+05
3.7608e+05
3.7257e+05
3.6901e+05
3.654e+05
3.6176e+05
3.5809e+05
3.5439e+05
3.5065e+05
3.4689e+05
3.4311e+05
3.3931e+05
3.355e+05
3.3167e+05
3.2783e+05
3.2399e+05
3.2014e+05
3.1629e+05
3.1244e+05
3.086e+05
3.0476e+05
3.0094e+05
2.9712e+05
2.9332e+05
2.8953e+05
2.8577e+05
2.8203e+05
2.783e+05
2.7461e+05
2.7094e+05
2.673e+05
2.6369e+05
2.6012e+05
2.5657e+05
2.5307e+05
2.4959e+05
2.4616e+05
2.4276e+05
2.3941e+05
2.3609e+05
2.3282e+05
2.2959e+05
2.264e+05
2.2325e+05
2.2014e+05
2.1708e+05
2.1407e+05
2.1109e+05
2.0816e+05
2.0527e+05
2.0243e+05
1.9963e+05
1.9687e+05
1.9415e+05
1.9147e+05
1.8883e+05
1.8624e+05
1.8368e+05
1.8116e+05
1.7867e+05
1.7622e+05
1.7381e+05
1.7143e+05
1.6908e+05
1.6676e+05
1.6447e+05
1.6221e+05
1.5998e+05
1.5777e+05
1.5558e+05
1.5342e+05
1.5128e+05
1.4916e+05
1.4705e+05
1.4497e+05
1.4289e+05
1.4083e+05
1.3878e+05
1.3675e+05
1.3472e+05
1.3269e+05
1.3068e+05
1.2867e+05
1.2666e+05
1.2465e+05
1.2265e+05
1.2064e+05
1.1863e+05
1.1662e+05
1.1461e+05
1.1259e+05
1.1056e+05
1.0853e+05
1.0649e+05
1.0444e+05
1.0239e+05
1.0032e+05
98245
96160
94066
91961
89846
87720
85585
83440
81286
79123
76952
74773
72587
70396
68199
65999
63797
61594
59391
57191
54994
52802
50618
48444
46280
44131
41998
39883
37789
35719
33675
31660
29677
27728
25817
23947
22121
20342
18614
16939
15322
13765
12272
10846
9491.8
8212.1
7010.6
5891
4856.9
3912
3059.8
2304.2
1648.7
1097
652.63
319.3
100.58
0
21.098
167.35
442.19
849.01
1391.1
2071.8
2894.3
3861.7
4977
6243.3
7663.5
9240.3
10976
12874
14937
17166
19565
22135
24878
27797
30893
34167
37622
41258
45078
49081
53270
57644
62205
66953
71889
77012
82322
87821
93506
99378
1.0544e+05
1.1168e+05
1.1811e+05
1.2472e+05
1.3151e+05
1.3849e+05
1.4564e+05
1.5297e+05
1.6047e+05
1.6815e+05
1.76e+05
1.8401e+05
1.922e+05
2.0054e+05
2.0905e+05
2.1771e+05
2.2652e+05
2.3549e+05
2.446e+05
2.5385e+05
2.6324e+05
2.7277e+05
2.8242e+05
2.9221e+05
3.0211e+05
3.1213e+05
3.2227e+05
3.3251e+05
3.4285e+05
3.5329e+05
3.6383e+05
3.7445e+05
3.8515e+05
3.9592e+05
4.0677e+05
4.1768e+05
4.2865e+05
4.3967e+05
4.5074e+05
4.6185e+05
4.7299e+05
4.8417e+05
4.9536e+05
5.0657e+05
5.1779e+05
5.2901e+05
5.4022e+05
5.5143e+05
5.6262e+05
5.7379e+05
5.8493e+05
5.9603e+05
6.0709e+05
6.181e+05
6.2905e+05
6.3994e+05
6.5076e+05
6.6151e+05
6.7217e+05
6.8275e+05
6.9323e+05
7.0361e+05
7.1389e+05
7.2405e+05
7.3409e+05
7.44e+05
7.5379e+05
7.6343e+05
7.7293e+05
7.8229e+05
7.9149e+05
8.0052e+05
8.094e+05
8.181e+05
8.2662e+05
8.3496e+05
8.4312e+05
8.5109e+05
8.5886e+05
8.6642e+05
8.7379e+05
8.8094e+05
8.8788e+05
8.9461e+05
9.0111e+05
9.0739e+05
9.1343e+05
9.1925e+05
9.2483e+05
9.3017e+05
9.3527e+05
9.4013e+05
9.4474e+05
9.491e+05
9.5321e+05
9.5707e+05
9.6067e+05
9.6402e+05
9.671e+05
9.6993e+05
9.725e+05
9.748e+05
9.7685e+05
9.7863e+05
9.8015e+05
9.814e+05
9.8239e+05
9.8311e+05
9.8358e+05
9.8378e+05
9.8371e+05
9.8339e+05
9.8281e+05
9.8196e+05
9.8086e+05
9.7951e+05
9.779e+05
9.7603e+05
9.7392e+05
9.7155e+05
9.6894e+05
9.6609e+05
9.63e+05
9.5966e+05
9.5609e+05
9.5229e+05
9.4826e+05
9.4401e+05
9.3953e+05
9.3483e+05
9.2992e+05
9.248e+05
9.1946e+05
9.1393e+05
9.082e+05
9.0227e+05
8.9615e+05
8.8984e+05
8.8336e+05
8.7669e+05
8.6986e+05
8.6285e+05
8.5569e+05
8.4837e+05
8.4089e+05
8.3327e+05
8.255e+05
8.176e+05
8.0957e+05
8.0141e+05
7.9312e+05
7.8473e+05
7.7622e+05
7.676e+05
7.5889e+05
7.5008e+05
7.4118e+05
7.322e+05
7.2314e+05
7.1401e+05
7.0481e+05
6.9555e+05
6.8624e+05
6.7687e+05
6.6745e+05
6.58e+05
6.4851e+05
6.3899e+05
6.2945e+05
6.1989e+05
6.1031e+05
6.0073e+05
5.9114e+05
5.8155e+05
5.7196e+05
5.6239e+05
5.5283e+05
5.433e+05
5.3378e+05
5.243e+05
5.1485e+05
5.0544e+05
4.9607e+05
4.8675e+05
4.7748e+05
4.6827e+05
4.5911e+05
4.5002e+05
4.4099e+05
4.3203e+05
4.2315e+05
4.1434e+05
4.0562e+05
3.9697e+05
3.8842e+05
3.7996e+05
3.7158e+05
3.6331e+05
3.5513e+05
3.4705e+05
3.3908e+05
3.3121e+05
3.2345e+05
3.158e+05
3.0827e+05
3.0084e+05
2.9353e+05
2.8635e+05
2.7927e+05
2.7232e+05
2.655e+05
2.5879e+05
2.5221e+05
2.4576e+05
2.3943e+05
2.3322e+05
2.2715e+05
2.212e+05
2.1538e+05
2.0969e+05
2.0413e+05
1.987e+05
1.934e+05
1.8823e+05
1.8319e+05
1.7827e+05
1.7349e+05
1.6883e+05
1.643e+05
1.599e+05
1.5562e+05
1.5147e+05
1.4744e+05
1.4354e+05
1.3975e+05
1.3609e+05
1.3256e+05
1.2913e+05
1.2583e+05
1.2264e+05
1.1957e+05
1.1661e+05
1.1377e+05
1.1103e+05
1.084e+05
1.0588e+05
1.0346e+05
1.0114e+05
98930
96815
94797
92874
91044
89305
87655
86091
84612
83215
81899
80660
79497
78407
77389
76439
75555
74737
73980
73282
72643
72058
71526
71045
70613
70227
69884
69584
69322
69099
68911
68756
68632
68537
68469
68426
68406
68408
68428
68466
68520
68587
68666
68756
68854
68960
69070
69185
69302
69420
69537
69653
69765
69873
69976
70071
70159
70238
70306
70364
70409
70442
70461
70466
70456
70429
70386
70326
70249
70153
70038
69904
69751
69578
69385
69172
68938
68683
68408
68112
67795
67457
67098
66719
66319
65898
65457
64995
64514
64013
63493
62954
62396
61820
61226
60615
59987
59342
