57092
60409
64028
67948
72167
76680
81483
86569
91931
97560
1.0345e+05
1.0958e+05
1.1595e+05
1.2254e+05
1.2933e+05
1.3632e+05
1.4349e+05
1.5081e+05
1.5828e+05
1.6588e+05
1.7357e+05
1.8136e+05
1.8921e+05
1.9711e+05
2.0504e+05
2.1297e+05
2.2088e+05
2.2876e+05
2.3659e+05
2.4433e+05
2.5198e+05
2.5951e+05
2.669e+05
2.7413e+05
2.8119e+05
2.8804e+05
2.9469e+05
3.011e+05
3.0726e+05
3.1316e+05
3.1878e+05
3.241e+05
3.2911e+05
3.338e+05
3.3816e+05
3.4218e+05
3.4585e+05
3.4915e+05
3.5209e+05
3.5465e+05
3.5683e+05
3.5863e+05
3.6004e+05
3.6106e+05
3.617e+05
3.6194e+05
3.618e+05
3.6127e+05
3.6036e+05
3.5908e+05
3.5742e+05
3.554e+05
3.5302e+05
3.503e+05
3.4723e+05
3.4384e+05
3.4012e+05
3.361e+05
3.3179e+05
3.2719e+05
3.2232e+05
3.172e+05
3.1183e+05
3.0624e+05
3.0044e+05
2.9444e+05
2.8826e+05
2.8192e+05
2.7542e+05
2.688e+05
2.6205e+05
2.5521e+05
2.4828e+05
2.4128e+05
2.3422e+05
2.2713e+05
2.2001e+05
2.1289e+05
2.0578e+05
1.9868e+05
1.9162e+05
1.8461e+05
1.7767e+05
1.708e+05
1.6401e+05
1.5733e+05
1.5076e+05
1.4431e+05
1.38e+05
1.3182e+05
1.258e+05
1.1994e+05
1.1425e+05
1.0874e+05
1.0341e+05
98275
93335
88599
84070
79754
75655
71776
68120
64690
61487
58513
55770
53258
50976
48925
47105
45513
44149
43011
42097
41403
40927
40667
40617
40775
41137
41697
42451
43395
44522
45828
47307
48952
50758
52719
54827
57076
59460
61971
64602
67345
70194
73141
76177
79296
82489
85749
89068
92438
95850
99297
1.0277e+05
1.0626e+05
1.0977e+05
1.1328e+05
1.1678e+05
1.2027e+05
1.2374e+05
1.2719e+05
1.306e+05
1.3396e+05
1.3728e+05
1.4055e+05
1.4375e+05
1.4689e+05
1.4995e+05
1.5293e+05
1.5583e+05
1.5864e+05
1.6135e+05
1.6396e+05
1.6647e+05
1.6887e+05
1.7115e+05
1.7332e+05
1.7538e+05
1.7731e+05
1.7912e+05
1.808e+05
1.8235e+05
1.8378e+05
1.8507e+05
1.8624e+05
1.8728e+05
1.8818e+05
1.8896e+05
1.896e+05
1.9012e+05
1.9051e+05
1.9078e+05
1.9092e+05
1.9093e+05
1.9083e+05
1.9061e+05
1.9028e+05
1.8983e+05
1.8928e+05
1.8862e+05
1.8785e+05
1.8699e+05
1.8602e+05
1.8497e+05
1.8383e+05
1.8259e+05
1.8128e+05
1.7989e+05
1.7842e+05
1.7688e+05
1.7527e+05
1.7359e+05
1.7185e+05
1.7004e+05
1.6819e+05
1.6627e+05
1.6431e+05
1.6229e+05
1.6023e+05
1.5813e+05
1.5598e+05
1.5379e+05
1.5157e+05
1.4931e+05
1.4701e+05
1.4468e+05
1.4232e+05
1.3993e+05
1.3751e+05
1.3506e+05
1.3258e+05
1.3009e+05
1.2756e+05
1.2502e+05
1.2245e+05
1.1986e+05
1.1725e+05
1.1463e+05
1.1198e+05
1.0932e+05
1.0665e+05
1.0396e+05
1.0126e+05
98548
95829
93103
90373
87639
84905
82173
79444
76723
74010
71310
68625
65958
63312
60690
58096
55533
53005
50514
48065
45660
43304
40999
38748
36556
34424
32356
30355
28424
26564
24778
23069
21437
19885
18413
17023
15715
14490
13348
12288
11310
10413
9595.1
8855.6
8192.4
7603.3
7085.7
6636.9
6253.9
5933.4
5671.8
5465.4
5310.3
5202.3
5137.2
5110.8
5118.4
5155.6
5217.9
5300.7
5399.6
5510.1
5627.9
5748.7
5868.6
5983.6
6090.2
6184.8
6264.5
6326.4
6367.8
6386.8
6381.4
6350.2
6292.1
6206.5
6093
5951.9
5783.6
5589.1
5369.7
5127.2
4863.7
4581.7
4284.1
3973.9
3654.6
3330.1
3004.3
2681.4
2365.8
2062.1
1775
1509.1
1269.3
1060.4
886.95
753.71
665.14
625.54
639.02
709.39
840.21
1034.7
1295.6
1625.3
2025.9
2498.8
3045.1
3665.1
4358.9
5125.8
5964.5
6873.5
7850.2
8891.8
9994.7
11155
12368
13628
14930
16267
17634
19022
20425
21835
23243
24642
26023
27378
28697
29973
31196
32359
33452
34469
35402
36243
36986
37625
38154
38568
38864
39038
39088
39012
38810
38483
38032
37459
36770
35968
35060
34053
32956
31779
30532
29229
27881
26504
25113
23725
22358
21029
19760
18569
17479
16510
15686
15030
14564
14314
14302
14552
15090
15939
17123
18665
20589
22917
25671
28873
32543
36700
41362
46547
52270
58545
65386
72804
80808
89407
98606
1.0841e+05
1.1882e+05
1.2984e+05
1.4146e+05
1.5369e+05
1.6651e+05
1.7992e+05
1.9391e+05
2.0846e+05
2.2357e+05
2.3921e+05
2.5537e+05
2.7203e+05
2.8916e+05
3.0674e+05
3.2475e+05
3.4315e+05
3.6192e+05
3.8103e+05
4.0044e+05
4.2012e+05
4.4003e+05
4.6014e+05
4.804e+05
5.0078e+05
5.2125e+05
5.4175e+05
5.6224e+05
5.827e+05
6.0306e+05
6.2329e+05
6.4336e+05
6.632e+05
6.8279e+05
7.0207e+05
7.2102e+05
7.3958e+05
7.5771e+05
7.7539e+05
7.9255e+05
8.0918e+05
8.2523e+05
8.4067e+05
8.5546e+05
8.6958e+05
8.8298e+05
8.9564e+05
9.0754e+05
9.1865e+05
9.2894e+05
9.384e+05
9.47e+05
9.5473e+05
9.6157e+05
9.6751e+05
9.7253e+05
9.7664e+05
9.7982e+05
9.8207e+05
9.8339e+05
9.8378e+05
9.8323e+05
9.8177e+05
9.7939e+05
9.761e+05
9.7191e+05
9.6684e+05
9.609e+05
9.5411e+05
9.4649e+05
9.3806e+05
9.2884e+05
9.1886e+05
9.0813e+05
8.967e+05
8.8458e+05
8.7181e+05
8.5841e+05
8.4442e+05
8.2988e+05
8.148e+05
7.9924e+05
7.8322e+05
7.6677e+05
7.4994e+05
7.3276e+05
7.1527e+05
6.975e+05
6.7948e+05
6.6126e+05
6.4287e+05
6.2435e+05
6.0572e+05
5.8704e+05
5.6832e+05
5.496e+05
5.3092e+05
5.123e+05
4.9379e+05
4.754e+05
4.5717e+05
4.3912e+05
4.2129e+05
4.037e+05
3.8636e+05
3.6932e+05
3.5258e+05
3.3617e+05
3.2011e+05
3.0441e+05
2.891e+05
2.7419e+05
2.5969e+05
2.4561e+05
2.3197e+05
2.1877e+05
2.0603e+05
1.9375e+05
1.8194e+05
1.7059e+05
1.5973e+05
1.4934e+05
1.3942e+05
1.2999e+05
1.2102e+05
1.1253e+05
1.0451e+05
96952
89850
83198
76989
71213
65861
60923
56388
52244
48479
45080
42034
39328
36946
34875
33100
31605
30377
29399
28657
28134
27816
27687
27732
27936
28285
28763
29356
30050
30833
31689
32606
33573
34576
35605
36647
37694
38734
39758
40757
41724
42650
43528
44352
45116
45814
46441
46995
47470
47864
48175
48401
48540
48592
48557
48434
48225
47930
47552
47091
46552
45936
45247
44488
43663
42776
41831
40832
39785
38694
37563
36399
35206
33988
32752
31503
30245
28983
27723
26469
25227
24000
22793
21610
20456
19333
18247
17199
16193
15233
14319
13455
12643
11884
11180
10531
9939
9403.7
8925.5
8504.3
8139.7
7831.1
7577.5
7377.8
7230.6
7134.2
7086.8
7086.2
7130.2
7216.4
7342.2
7504.7
7701.2
7928.5
8183.7
8463.6
8765
9084.5
9418.9
9765
10119
10479
10840
11200
11556
11904
12242
12568
12877
13169
13440
13688
13912
14109
14278
14418
14527
14603
14647
14658
14635
14577
14485
14359
14198
14005
13779
13520
13231
12912
12564
12189
11789
11364
10918
10451
9965.7
9464.1
8948.2
8420.1
7881.9
7335.7
6783.8
6228.2
5671
5114.5
4560.5
4011.2
3468.5
2934.3
2410.2
1898.2
1399.7
916.24
449.25
0
