73491
76680
79949
83293
86709
90192
93739
97345
1.0101e+05
1.0472e+05
1.0848e+05
1.1228e+05
1.1612e+05
1.1999e+05
1.2389e+05
1.2781e+05
1.3175e+05
1.3571e+05
1.3967e+05
1.4364e+05
1.4761e+05
1.5158e+05
1.5553e+05
1.5947e+05
1.634e+05
1.673e+05
1.7117e+05
1.7501e+05
1.7882e+05
1.8259e+05
1.8631e+05
1.8998e+05
1.936e+05
1.9717e+05
2.0068e+05
2.0412e+05
2.075e+05
2.1081e+05
2.1405e+05
2.1721e+05
2.203e+05
2.233e+05
2.2623e+05
2.2907e+05
2.3182e+05
2.3448e+05
2.3706e+05
2.3954e+05
2.4193e+05
2.4422e+05
2.4643e+05
2.4853e+05
2.5054e+05
2.5246e+05
2.5428e+05
2.56e+05
2.5762e+05
2.5915e+05
2.6058e+05
2.6192e+05
2.6317e+05
2.6432e+05
2.6538e+05
2.6635e+05
2.6723e+05
2.6802e+05
2.6873e+05
2.6935e+05
2.6989e+05
2.7035e+05
2.7074e+05
2.7104e+05
2.7128e+05
2.7144e+05
2.7154e+05
2.7156e+05
2.7153e+05
2.7143e+05
2.7128e+05
2.7108e+05
2.7082e+05
2.7051e+05
2.7015e+05
2.6976e+05
2.6932e+05
2.6884e+05
2.6833e+05
2.6779e+05
2.6722e+05
2.6662e+05
2.66e+05
2.6536e+05
2.647e+05
2.6403e+05
2.6334e+05
2.6265e+05
2.6195e+05
2.6124e+05
2.6053e+05
2.5982e+05
2.5911e+05
2.584e+05
2.5771e+05
2.5702e+05
2.5633e+05
2.5566e+05
2.5501e+05
2.5437e+05
2.5374e+05
2.5313e+05
2.5254e+05
2.5197e+05
2.5143e+05
2.509e+05
2.5039e+05
2.4991e+05
2.4945e+05
2.4902e+05
2.4861e+05
2.4822e+05
2.4786e+05
2.4753e+05
2.4722e+05
2.4693e+05
2.4667e+05
2.4644e+05
2.4622e+05
2.4604e+05
2.4587e+05
2.4573e+05
2.4561e+05
2.4551e+05
2.4543e+05
2.4536e+05
2.4532e+05
2.453e+05
2.4529e+05
2.453e+05
2.4532e+05
2.4535e+05
2.454e+05
2.4545e+05
2.4552e+05
2.4559e+05
2.4567e+05
2.4576e+05
2.4585e+05
2.4594e+05
2.4604e+05
2.4613e+05
2.4623e+05
2.4632e+05
2.4641e+05
2.4649e+05
2.4657e+05
2.4664e+05
2.467e+05
2.4675e+05
2.4679e+05
2.4682e+05
2.4683e+05
2.4683e+05
2.4682e+05
2.4678e+05
2.4673e+05
2.4666e+05
2.4657e+05
2.4646e+05
2.4633e+05
2.4618e+05
2.46e+05
2.458e+05
2.4557e+05
2.4532e+05
2.4504e+05
2.4474e+05
2.4441e+05
2.4405e+05
2.4366e+05
2.4324e+05
2.4279e+05
2.4232e+05
2.4181e+05
2.4127e+05
2.407e+05
2.401e+05
2.3947e+05
2.388e+05
2.381e+05
2.3737e+05
2.3661e+05
2.3582e+05
2.3499e+05
2.3412e+05
2.3323e+05
2.323e+05
2.3134e+05
2.3034e+05
2.2931e+05
2.2825e+05
2.2715e+05
2.2602e+05
2.2486e+05
2.2366e+05
2.2243e+05
2.2116e+05
2.1986e+05
2.1853e+05
2.1717e+05
2.1577e+05
2.1434e+05
2.1287e+05
2.1137e+05
2.0984e+05
2.0828e+05
2.0668e+05
2.0506e+05
2.034e+05
2.0171e+05
1.9998e+05
1.9823e+05
1.9645e+05
1.9463e+05
1.9279e+05
1.9091e+05
1.8901e+05
1.8708e+05
1.8512e+05
1.8313e+05
1.8111e+05
1.7907e+05
1.77e+05
1.7491e+05
1.7279e+05
1.7065e+05
1.6848e+05
1.6629e+05
1.6408e+05
1.6185e+05
1.596e+05
1.5733e+05
1.5504e+05
1.5273e+05
1.5041e+05
1.4807e+05
1.4572e+05
1.4335e+05
1.4098e+05
1.3859e+05
1.362e+05
1.3379e+05
1.3139e+05
1.2897e+05
1.2656e+05
1.2414e+05
1.2172e+05
1.193e+05
1.1688e+05
1.1447e+05
1.1206e+05
1.0967e+05
1.0728e+05
1.049e+05
1.0253e+05
1.0018e+05
97842
95522
93223
90943
88687
86455
84248
82069
79919
77800
75713
73660
71643
69662
67719
65816
63954
62133
60357
58624
56937
55297
53704
52159
50663
49217
47821
46475
45181
43939
42748
41608
40521
39485
38501
37568
36686
35854
35072
34339
33654
33017
32425
31879
31377
30918
30499
30121
29781
29477
29208
28972
28766
28590
28442
28318
28216
28136
28074
28028
27996
27976
27964
27960
27960
27962
27965
27964
27960
27948
27927
27894
27849
27787
27709
27611
27492
27351
27185
26993
26775
26528
26251
25944
25606
25237
24835
24400
23933
23433
22900
22335
21739
21112
20455
19770
19057
18319
17556
16772
15969
15148
14312
13464
12608
11747
10883
10020
9163.6
8316.2
7482.4
6666.8
5873.8
5108.2
4375
3679.2
3026.2
2421.2
1869.8
1377.6
950.56
594.4
315.14
118.87
11.751
0
89.905
287.8
600.04
1033
1593.1
2286.8
3120.3
4100.2
5232.5
6523.7
7980
9607.3
11412
13399
15575
17946
20517
23293
26279
29481
32902
36549
40424
44533
48879
53465
58295
63372
68698
74276
80109
86197
92543
99147
1.0601e+05
1.1313e+05
1.2052e+05
1.2816e+05
1.3606e+05
1.4422e+05
1.5263e+05
1.613e+05
1.7022e+05
1.794e+05
1.8881e+05
1.9847e+05
2.0837e+05
2.1851e+05
2.2888e+05
2.3947e+05
2.5028e+05
2.6131e+05
2.7255e+05
2.8399e+05
2.9562e+05
3.0745e+05
3.1945e+05
3.3163e+05
3.4397e+05
3.5647e+05
3.6912e+05
3.8191e+05
3.9482e+05
4.0785e+05
4.21e+05
4.3424e+05
4.4757e+05
4.6098e+05
4.7446e+05
4.8799e+05
5.0156e+05
5.1517e+05
5.288e+05
5.4244e+05
5.5607e+05
5.697e+05
5.8329e+05
5.9684e+05
6.1035e+05
6.2379e+05
6.3715e+05
6.5042e+05
6.6359e+05
6.7665e+05
6.8958e+05
7.0238e+05
7.1502e+05
7.275e+05
7.398e+05
7.5192e+05
7.6384e+05
7.7555e+05
7.8703e+05
7.9829e+05
8.093e+05
8.2005e+05
8.3054e+05
8.4075e+05
8.5068e+05
8.6031e+05
8.6964e+05
8.7866e+05
8.8735e+05
8.9571e+05
9.0373e+05
9.114e+05
9.1872e+05
9.2567e+05
9.3226e+05
9.3847e+05
9.4431e+05
9.4975e+05
9.5481e+05
9.5947e+05
9.6373e+05
9.6759e+05
9.7104e+05
9.7408e+05
9.7671e+05
9.7893e+05
9.8073e+05
9.8212e+05
9.8309e+05
9.8364e+05
9.8378e+05
9.835e+05
9.828e+05
9.817e+05
9.8018e+05
9.7826e+05
9.7593e+05
9.732e+05
9.7007e+05
9.6655e+05
9.6264e+05
9.5835e+05
9.5367e+05
9.4863e+05
9.4322e+05
9.3745e+05
9.3132e+05
9.2485e+05
9.1805e+05
9.1091e+05
9.0345e+05
8.9567e+05
8.8759e+05
8.7921e+05
8.7055e+05
8.6161e+05
8.524e+05
8.4293e+05
8.3321e+05
8.2326e+05
8.1307e+05
8.0267e+05
7.9206e+05
7.8126e+05
7.7027e+05
7.591e+05
7.4777e+05
7.3629e+05
7.2467e+05
7.1291e+05
7.0104e+05
6.8906e+05
6.7698e+05
6.6481e+05
6.5256e+05
6.4026e+05
6.2789e+05
6.1549e+05
6.0305e+05
5.9059e+05
5.7812e+05
5.6564e+05
5.5317e+05
5.4072e+05
5.283e+05
5.1592e+05
5.0358e+05
4.913e+05
4.7908e+05
4.6694e+05
4.5487e+05
4.429e+05
4.3103e+05
4.1926e+05
4.076e+05
3.9607e+05
3.8466e+05
3.7339e+05
3.6226e+05
3.5127e+05
3.4044e+05
3.2976e+05
3.1925e+05
3.0891e+05
2.9874e+05
2.8874e+05
2.7893e+05
2.693e+05
2.5987e+05
2.5062e+05
2.4157e+05
2.3272e+05
2.2407e+05
2.1562e+05
2.0737e+05
1.9933e+05
1.915e+05
1.8387e+05
1.7646e+05
1.6925e+05
1.6225e+05
1.5546e+05
1.4888e+05
1.4251e+05
1.3635e+05
1.3039e+05
1.2464e+05
1.191e+05
1.1375e+05
1.0861e+05
1.0367e+05
98921
94369
90009
85839
81855
78054
74434
70992
67723
64625
61693
58925
56317
53863
51562
49408
47399
45528
43793
42190
40714
39360
38125
37005
35995
35090
34288
33583
32971
32448
32010
31653
31372
31165
31026
30952
30938
30982
31080
31227
31421
31657
31932
32243
32587
32961
33360
33783
34227
34688
35164
35652
36150
36655
37165
37678
38191
38703
39211
39714
40210
40696
41172
41637
42087
42523
42944
43347
43731
44097
44443
44767
45070
45351
45609
45844
46054
46241
46402
46539
46651
46738
46800
46836
46847
46833
46794
46730
46641
46528
46391
46230
46045
45838
45608
45355
45082
44787
44471
44135
43780
43406
43013
42603
42176
41732
41273
40798
40309
39807
39291
38762
38222
37670
37109
36537
35956
35367
34770
34166
33555
32939
32317
31691
31060
30426
