6.8628e+05
6.8782e+05
6.8924e+05
6.9053e+05
6.9171e+05
6.9277e+05
6.9371e+05
6.9454e+05
6.9525e+05
6.9584e+05
6.9632e+05
6.9669e+05
6.9694e+05
6.9709e+05
6.9713e+05
6.9705e+05
6.9687e+05
6.9659e+05
6.962e+05
6.9571e+05
6.9512e+05
6.9442e+05
6.9363e+05
6.9275e+05
6.9177e+05
6.9069e+05
6.8952e+05
6.8827e+05
6.8692e+05
6.8549e+05
6.8398e+05
6.8238e+05
6.807e+05
6.7894e+05
6.7711e+05
6.752e+05
6.7322e+05
6.7116e+05
6.6904e+05
6.6685e+05
6.6459e+05
6.6227e+05
6.5989e+05
6.5745e+05
6.5496e+05
6.524e+05
6.498e+05
6.4714e+05
6.4443e+05
6.4168e+05
6.3888e+05
6.3603e+05
6.3315e+05
6.3022e+05
6.2726e+05
6.2426e+05
6.2123e+05
6.1817e+05
6.1508e+05
6.1195e+05
6.0881e+05
6.0563e+05
6.0244e+05
5.9922e+05
5.9599e+05
5.9274e+05
5.8947e+05
5.8619e+05
5.8289e+05
5.7959e+05
5.7627e+05
5.7295e+05
5.6963e+05
5.663e+05
5.6296e+05
5.5963e+05
5.5629e+05
5.5296e+05
5.4963e+05
5.463e+05
5.4298e+05
5.3967e+05
5.3636e+05
5.3307e+05
5.2978e+05
5.2651e+05
5.2325e+05
5.2e+05
5.1676e+05
5.1355e+05
5.1035e+05
5.0716e+05
5.04e+05
5.0085e+05
4.9772e+05
4.9462e+05
4.9153e+05
4.8847e+05
4.8543e+05
4.8242e+05
4.7942e+05
4.7646e+05
4.7351e+05
4.7059e+05
4.677e+05
4.6484e+05
4.62e+05
4.5918e+05
4.564e+05
4.5364e+05
4.5091e+05
4.482e+05
4.4553e+05
4.4288e+05
4.4026e+05
4.3766e+05
4.351e+05
4.3256e+05
4.3005e+05
4.2757e+05
4.2511e+05
4.2268e+05
4.2028e+05
4.1791e+05
4.1556e+05
4.1324e+05
4.1095e+05
4.0868e+05
4.0643e+05
4.0421e+05
4.0202e+05
3.9985e+05
3.977e+05
3.9558e+05
3.9348e+05
3.914e+05
3.8935e+05
3.8731e+05
3.853e+05
3.833e+05
3.8133e+05
3.7937e+05
3.7743e+05
3.7551e+05
3.7361e+05
3.7172e+05
3.6985e+05
3.68e+05
3.6616e+05
3.6433e+05
3.6252e+05
3.6071e+05
3.5892e+05
3.5714e+05
3.5538e+05
3.5362e+05
3.5187e+05
3.5013e+05
3.4839e+05
3.4666e+05
3.4494e+05
3.4323e+05
3.4152e+05
3.3981e+05
3.3811e+05
3.3641e+05
3.3471e+05
3.3301e+05
3.3132e+05
3.2962e+05
3.2793e+05
3.2623e+05
3.2453e+05
3.2283e+05
3.2113e+05
3.1943e+05
3.1772e+05
3.16e+05
3.1429e+05
3.1256e+05
3.1084e+05
3.091e+05
3.0736e+05
3.0561e+05
3.0386e+05
3.0209e+05
3.0032e+05
2.9854e+05
2.9675e+05
2.9496e+05
2.9315e+05
2.9134e+05
2.8951e+05
2.8768e+05
2.8583e+05
2.8398e+05
2.8212e+05
2.8024e+05
2.7836e+05
2.7646e+05
2.7456e+05
2.7264e+05
2.7072e+05
2.6878e+05
2.6683e+05
2.6488e+05
2.6291e+05
2.6094e+05
2.5895e+05
2.5696e+05
2.5496e+05
2.5295e+05
2.5093e+05
2.489e+05
2.4687e+05
2.4483e+05
2.4278e+05
2.4073e+05
2.3867e+05
2.366e+05
2.3453e+05
2.3246e+05
2.3038e+05
2.283e+05
2.2622e+05
2.2414e+05
2.2205e+05
2.1997e+05
2.1788e+05
2.158e+05
2.1372e+05
2.1164e+05
2.0957e+05
2.0749e+05
2.0543e+05
2.0337e+05
2.0132e+05
1.9928e+05
1.9724e+05
1.9522e+05
1.932e+05
1.912e+05
1.8921e+05
1.8724e+05
1.8528e+05
1.8334e+05
1.8141e+05
1.795e+05
1.7761e+05
1.7575e+05
1.739e+05
1.7207e+05
1.7027e+05
1.685e+05
1.6675e+05
1.6503e+05
1.6334e+05
1.6167e+05
1.6004e+05
1.5844e+05
1.5687e+05
1.5534e+05
1.5385e+05
1.5239e+05
1.5096e+05
1.4958e+05
1.4824e+05
1.4694e+05
1.4568e+05
1.4447e+05
1.433e+05
1.4218e+05
1.4111e+05
1.4009e+05
1.3911e+05
1.3819e+05
1.3732e+05
1.365e+05
1.3574e+05
1.3504e+05
1.3439e+05
1.338e+05
1.3327e+05
1.328e+05
1.3239e+05
1.3204e+05
1.3176e+05
1.3154e+05
1.3139e+05
1.313e+05
1.3128e+05
1.3133e+05
1.3145e+05
1.3164e+05
1.3191e+05
1.3224e+05
1.3265e+05
1.3313e+05
1.3368e+05
1.3431e+05
1.3502e+05
1.358e+05
1.3666e+05
1.376e+05
1.3862e+05
1.3972e+05
1.409e+05
1.4216e+05
1.435e+05
1.4493e+05
1.4643e+05
1.4802e+05
1.4969e+05
1.5145e+05
1.5329e+05
1.5521e+05
1.5722e+05
1.5931e+05
1.6149e+05
1.6375e+05
1.661e+05
1.6854e+05
1.7106e+05
1.7367e+05
1.7636e+05
1.7914e+05
1.82e+05
1.8495e+05
1.8799e+05
1.9111e+05
1.9432e+05
1.9761e+05
2.0099e+05
2.0445e+05
2.08e+05
2.1163e+05
2.1534e+05
2.1914e+05
2.2302e+05
2.2699e+05
2.3103e+05
2.3516e+05
2.3937e+05
2.4365e+05
2.4802e+05
2.5246e+05
2.5699e+05
2.6159e+05
2.6627e+05
2.7102e+05
2.7585e+05
2.8075e+05
2.8572e+05
2.9077e+05
2.9589e+05
3.0107e+05
3.0633e+05
3.1166e+05
3.1705e+05
3.225e+05
3.2803e+05
3.3361e+05
3.3926e+05
3.4497e+05
3.5073e+05
3.5656e+05
3.6244e+05
3.6838e+05
3.7437e+05
3.8041e+05
3.8651e+05
3.9266e+05
3.9885e+05
4.0509e+05
4.1138e+05
4.177e+05
4.2408e+05
4.3049e+05
4.3694e+05
4.4343e+05
4.4995e+05
4.5651e+05
4.631e+05
4.6972e+05
4.7637e+05
4.8304e+05
4.8974e+05
4.9647e+05
5.0321e+05
5.0998e+05
5.1676e+05
5.2356e+05
5.3038e+05
5.372e+05
5.4404e+05
5.5089e+05
5.5774e+05
5.646e+05
5.7146e+05
5.7832e+05
5.8518e+05
5.9204e+05
5.989e+05
6.0575e+05
6.1258e+05
6.1941e+05
6.2623e+05
6.3303e+05
6.3982e+05
6.4659e+05
6.5334e+05
6.6007e+05
6.6677e+05
6.7345e+05
6.801e+05
6.8672e+05
6.9331e+05
6.9987e+05
7.0639e+05
7.1288e+05
7.1932e+05
7.2573e+05
7.3209e+05
7.3841e+05
7.4469e+05
7.5091e+05
7.5709e+05
7.6321e+05
7.6928e+05
7.753e+05
7.8126e+05
7.8716e+05
7.93e+05
7.9878e+05
8.045e+05
8.1015e+05
8.1573e+05
8.2125e+05
8.267e+05
8.3207e+05
8.3737e+05
8.426e+05
8.4775e+05
8.5283e+05
8.5783e+05
8.6274e+05
8.6758e+05
8.7233e+05
8.77e+05
8.8158e+05
8.8607e+05
8.9048e+05
8.948e+05
8.9902e+05
9.0316e+05
9.072e+05
9.1115e+05
9.15e+05
9.1876e+05
9.2242e+05
9.2598e+05
9.2944e+05
9.328e+05
9.3607e+05
9.3923e+05
9.4228e+05
9.4523e+05
9.4808e+05
9.5083e+05
9.5346e+05
9.56e+05
9.5842e+05
9.6074e+05
9.6294e+05
9.6504e+05
9.6703e+05
9.6891e+05
9.7068e+05
9.7234e+05
9.7389e+05
9.7533e+05
9.7665e+05
9.7786e+05
9.7896e+05
9.7995e+05
9.8082e+05
9.8158e+05
9.8223e+05
9.8277e+05
9.8319e+05
9.835e+05
9.8369e+05
9.8378e+05
9.8375e+05
9.836e+05
9.8335e+05
9.8298e+05
9.825e+05
9.819e+05
9.812e+05
9.8038e+05
9.7945e+05
9.7842e+05
9.7727e+05
9.7601e+05
9.7464e+05
9.7316e+05
9.7158e+05
9.6988e+05
9.6808e+05
9.6617e+05
9.6416e+05
9.6204e+05
9.5981e+05
9.5748e+05
9.5505e+05
9.5252e+05
9.4988e+05
9.4715e+05
9.4431e+05
9.4137e+05
9.3834e+05
9.3521e+05
9.3198e+05
9.2866e+05
9.2524e+05
9.2173e+05
9.1813e+05
9.1443e+05
9.1065e+05
9.0678e+05
9.0282e+05
8.9877e+05
8.9464e+05
8.9042e+05
8.8612e+05
8.8174e+05
8.7728e+05
8.7274e+05
8.6812e+05
8.6342e+05
8.5865e+05
8.538e+05
8.4889e+05
8.439e+05
8.3884e+05
8.3371e+05
8.2851e+05
8.2325e+05
8.1793e+05
8.1254e+05
8.0709e+05
8.0158e+05
7.9601e+05
7.9039e+05
7.8471e+05
7.7897e+05
7.7319e+05
7.6735e+05
7.6146e+05
7.5553e+05
7.4954e+05
7.4352e+05
7.3745e+05
7.3133e+05
7.2518e+05
7.1899e+05
7.1276e+05
7.065e+05
7.002e+05
6.9387e+05
6.875e+05
6.8111e+05
6.7469e+05
6.6824e+05
6.6177e+05
6.5528e+05
6.4876e+05
6.4222e+05
6.3566e+05
6.2909e+05
6.225e+05
6.159e+05
6.0928e+05
6.0265e+05
5.9601e+05
5.8937e+05
5.8271e+05
5.7606e+05
5.6939e+05
5.6273e+05
5.5606e+05
5.494e+05
5.4273e+05
5.3607e+05
5.2941e+05
5.2276e+05
5.1612e+05
5.0949e+05
5.0286e+05
4.9625e+05
4.8965e+05
4.8306e+05
4.7649e+05
4.6993e+05
4.6339e+05
4.5688e+05
4.5038e+05
4.439e+05
4.3745e+05
4.3102e+05
4.2461e+05
4.1823e+05
4.1188e+05
4.0556e+05
3.9926e+05
3.93e+05
3.8677e+05
3.8057e+05
3.744e+05
3.6827e+05
3.6217e+05
3.5611e+05
3.5009e+05
3.4411e+05
3.3816e+05
3.3226e+05
3.264e+05
3.2058e+05
3.148e+05
3.0907e+05
3.0338e+05
2.9773e+05
2.9213e+05
2.8658e+05
2.8107e+05
2.7562e+05
2.7021e+05
2.6485e+05
2.5954e+05
2.5428e+05
2.4907e+05
2.4392e+05
2.3881e+05
2.3376e+05
2.2876e+05
2.2382e+05
2.1893e+05
2.1409e+05
2.0931e+05
2.0458e+05
1.9991e+05
1.953e+05
1.9074e+05
1.8624e+05
1.8179e+05
1.7741e+05
1.7307e+05
1.688e+05
1.6459e+05
1.6043e+05
1.5633e+05
1.5229e+05
1.4831e+05
1.4438e+05
1.4052e+05
1.3671e+05
1.3296e+05
1.2927e+05
1.2564e+05
1.2207e+05
1.1856e+05
1.151e+05
1.117e+05
1.0837e+05
1.0509e+05
1.0187e+05
98701
95596
92548
89557
86624
83748
80928
78165
75459
72809
70214
67675
65191
62761
60386
58065
55798
53583
51422
49313
47256
45251
43297
41393
39539
37735
35980
34274
32616
31006
29442
27925
26454
25029
23648
22311
21019
19769
18561
17396
16272
15188
14144
13140
12175
11247
10357
9504.2
8687.3
7906
7159.5
6447.2
5768.5
5122.7
4509.2
3927.2
3376.1
2855.2
2364
1901.6
1467.5
1060.9
681.27
327.85
0
