5.8967e+05
5.9424e+05
5.9881e+05
6.0341e+05
6.0803e+05
6.1269e+05
6.1738e+05
6.2211e+05
6.2689e+05
6.3172e+05
6.366e+05
6.4155e+05
6.4655e+05
6.5161e+05
6.5673e+05
6.6192e+05
6.6718e+05
6.725e+05
6.7788e+05
6.8333e+05
6.8884e+05
6.9442e+05
7.0005e+05
7.0573e+05
7.1147e+05
7.1726e+05
7.231e+05
7.2898e+05
7.349e+05
7.4085e+05
7.4684e+05
7.5284e+05
7.5887e+05
7.6491e+05
7.7096e+05
7.7701e+05
7.8306e+05
7.8911e+05
7.9514e+05
8.0115e+05
8.0713e+05
8.1309e+05
8.19e+05
8.2488e+05
8.3071e+05
8.3648e+05
8.422e+05
8.4785e+05
8.5343e+05
8.5894e+05
8.6437e+05
8.6972e+05
8.7497e+05
8.8014e+05
8.852e+05
8.9017e+05
8.9503e+05
8.9979e+05
9.0443e+05
9.0896e+05
9.1337e+05
9.1765e+05
9.2182e+05
9.2586e+05
9.2977e+05
9.3356e+05
9.3721e+05
9.4073e+05
9.4411e+05
9.4736e+05
9.5047e+05
9.5344e+05
9.5628e+05
9.5897e+05
9.6153e+05
9.6394e+05
9.6622e+05
9.6836e+05
9.7035e+05
9.7221e+05
9.7392e+05
9.755e+05
9.7694e+05
9.7823e+05
9.7939e+05
9.8041e+05
9.813e+05
9.8205e+05
9.8266e+05
9.8314e+05
9.8349e+05
9.837e+05
9.8378e+05
9.8372e+05
9.8354e+05
9.8323e+05
9.8279e+05
9.8222e+05
9.8153e+05
9.8071e+05
9.7976e+05
9.787e+05
9.7751e+05
9.7619e+05
9.7476e+05
9.7321e+05
9.7154e+05
9.6975e+05
9.6784e+05
9.6582e+05
9.6369e+05
9.6144e+05
9.5908e+05
9.5661e+05
9.5403e+05
9.5134e+05
9.4854e+05
9.4564e+05
9.4263e+05
9.3951e+05
9.363e+05
9.3298e+05
9.2957e+05
9.2605e+05
9.2244e+05
9.1874e+05
9.1494e+05
9.1105e+05
9.0706e+05
9.0299e+05
8.9884e+05
8.9459e+05
8.9027e+05
8.8586e+05
8.8137e+05
8.768e+05
8.7216e+05
8.6745e+05
8.6267e+05
8.5781e+05
8.5289e+05
8.4791e+05
8.4286e+05
8.3775e+05
8.3259e+05
8.2737e+05
8.221e+05
8.1677e+05
8.1141e+05
8.0599e+05
8.0054e+05
7.9504e+05
7.8951e+05
7.8395e+05
7.7835e+05
7.7273e+05
7.6708e+05
7.614e+05
7.5571e+05
7.5e+05
7.4427e+05
7.3854e+05
7.3279e+05
7.2704e+05
7.2128e+05
7.1553e+05
7.0977e+05
7.0402e+05
6.9828e+05
6.9255e+05
6.8683e+05
6.8112e+05
6.7544e+05
6.6977e+05
6.6413e+05
6.5851e+05
6.5292e+05
6.4736e+05
6.4183e+05
6.3634e+05
6.3088e+05
6.2547e+05
6.2009e+05
6.1476e+05
6.0948e+05
6.0424e+05
5.9905e+05
5.9391e+05
5.8883e+05
5.838e+05
5.7882e+05
5.7391e+05
5.6905e+05
5.6426e+05
5.5953e+05
5.5486e+05
5.5026e+05
5.4573e+05
5.4126e+05
5.3686e+05
5.3254e+05
5.2828e+05
5.241e+05
5.1999e+05
5.1595e+05
5.1199e+05
5.081e+05
5.0429e+05
5.0056e+05
4.969e+05
4.9332e+05
4.8982e+05
4.864e+05
4.8306e+05
4.798e+05
4.7662e+05
4.7352e+05
4.7049e+05
4.6755e+05
4.6469e+05
4.6191e+05
4.5921e+05
4.5659e+05
4.5405e+05
4.5159e+05
4.4921e+05
4.4691e+05
4.4469e+05
4.4255e+05
4.4048e+05
4.385e+05
4.3659e+05
4.3477e+05
4.3302e+05
4.3134e+05
4.2975e+05
4.2823e+05
4.2678e+05
4.2541e+05
4.2412e+05
4.229e+05
4.2175e+05
4.2068e+05
4.1968e+05
4.1875e+05
4.1789e+05
4.1711e+05
4.1639e+05
4.1574e+05
4.1516e+05
4.1465e+05
4.1421e+05
4.1383e+05
4.1352e+05
4.1328e+05
4.131e+05
4.1298e+05
4.1293e+05
4.1294e+05
4.1302e+05
4.1315e+05
4.1335e+05
4.1361e+05
4.1392e+05
4.143e+05
4.1473e+05
4.1522e+05
4.1577e+05
4.1638e+05
4.1704e+05
4.1776e+05
4.1853e+05
4.1935e+05
4.2023e+05
4.2117e+05
4.2215e+05
4.2319e+05
4.2427e+05
4.2541e+05
4.266e+05
4.2784e+05
4.2912e+05
4.3046e+05
4.3184e+05
4.3327e+05
4.3474e+05
4.3626e+05
4.3783e+05
4.3944e+05
4.411e+05
4.428e+05
4.4454e+05
4.4632e+05
4.4815e+05
4.5002e+05
4.5193e+05
4.5388e+05
4.5587e+05
4.5789e+05
4.5996e+05
4.6207e+05
4.6421e+05
4.6639e+05
4.6861e+05
4.7086e+05
4.7315e+05
4.7547e+05
4.7782e+05
4.8021e+05
4.8264e+05
4.8509e+05
4.8758e+05
4.901e+05
4.9265e+05
4.9523e+05
4.9784e+05
5.0048e+05
5.0315e+05
5.0584e+05
5.0856e+05
5.1131e+05
5.1409e+05
5.1689e+05
5.1972e+05
5.2257e+05
5.2544e+05
5.2834e+05
5.3126e+05
5.342e+05
5.3717e+05
5.4015e+05
5.4316e+05
5.4618e+05
5.4923e+05
5.5229e+05
5.5537e+05
5.5847e+05
5.6158e+05
5.6471e+05
5.6786e+05
5.7102e+05
5.742e+05
5.7739e+05
5.8059e+05
5.838e+05
5.8703e+05
5.9026e+05
5.9351e+05
5.9677e+05
6.0003e+05
6.033e+05
6.0658e+05
6.0987e+05
6.1316e+05
6.1646e+05
6.1976e+05
6.2307e+05
6.2637e+05
6.2968e+05
6.33e+05
6.3631e+05
6.3962e+05
6.4293e+05
6.4623e+05
6.4954e+05
6.5284e+05
6.5613e+05
6.5942e+05
6.627e+05
6.6598e+05
6.6924e+05
6.725e+05
6.7574e+05
6.7898e+05
6.822e+05
6.854e+05
6.8859e+05
6.9177e+05
6.9492e+05
6.9806e+05
7.0118e+05
7.0428e+05
7.0736e+05
7.1041e+05
7.1344e+05
7.1645e+05
7.1943e+05
7.2238e+05
7.253e+05
7.282e+05
7.3106e+05
7.3389e+05
7.3669e+05
7.3945e+05
7.4218e+05
7.4487e+05
7.4752e+05
7.5014e+05
7.5271e+05
7.5525e+05
7.5774e+05
7.6019e+05
7.626e+05
7.6496e+05
7.6727e+05
7.6954e+05
7.7176e+05
7.7394e+05
7.7606e+05
7.7813e+05
7.8015e+05
7.8212e+05
7.8404e+05
7.859e+05
7.8771e+05
7.8946e+05
7.9116e+05
7.928e+05
7.9439e+05
7.9592e+05
7.9739e+05
7.9881e+05
8.0017e+05
8.0146e+05
8.027e+05
8.0389e+05
8.0501e+05
8.0607e+05
8.0708e+05
8.0802e+05
8.0891e+05
8.0974e+05
8.1051e+05
8.1122e+05
8.1187e+05
8.1246e+05
8.13e+05
8.1347e+05
8.1389e+05
8.1425e+05
8.1456e+05
8.1481e+05
8.15e+05
8.1514e+05
8.1522e+05
8.1525e+05
8.1522e+05
8.1514e+05
8.1501e+05
8.1483e+05
8.1459e+05
8.1431e+05
8.1397e+05
8.1359e+05
8.1316e+05
8.1268e+05
8.1215e+05
8.1158e+05
8.1096e+05
8.103e+05
8.0959e+05
8.0884e+05
8.0805e+05
8.0722e+05
8.0634e+05
8.0543e+05
8.0448e+05
8.0349e+05
8.0246e+05
8.0139e+05
8.0029e+05
7.9915e+05
7.9798e+05
7.9677e+05
7.9553e+05
7.9426e+05
7.9295e+05
7.9161e+05
7.9024e+05
7.8884e+05
7.8741e+05
7.8595e+05
7.8446e+05
7.8294e+05
7.8139e+05
7.7982e+05
7.7822e+05
7.7658e+05
7.7493e+05
7.7324e+05
7.7153e+05
7.698e+05
7.6803e+05
7.6624e+05
7.6443e+05
7.6259e+05
7.6073e+05
7.5884e+05
7.5692e+05
7.5498e+05
7.5302e+05
7.5103e+05
7.4901e+05
7.4697e+05
7.4491e+05
7.4282e+05
7.4071e+05
7.3857e+05
7.3641e+05
7.3422e+05
7.3201e+05
7.2977e+05
7.2751e+05
7.2522e+05
7.2291e+05
7.2057e+05
7.1821e+05
7.1582e+05
7.1341e+05
7.1097e+05
7.0851e+05
7.0602e+05
7.0351e+05
7.0097e+05
6.9841e+05
6.9582e+05
6.9321e+05
6.9057e+05
6.8791e+05
6.8522e+05
6.825e+05
6.7976e+05
6.77e+05
6.7421e+05
6.7139e+05
6.6856e+05
6.6569e+05
6.628e+05
6.5989e+05
6.5696e+05
6.5399e+05
6.5101e+05
6.48e+05
6.4497e+05
6.4191e+05
6.3884e+05
6.3574e+05
6.3261e+05
6.2946e+05
6.263e+05
6.2311e+05
6.1989e+05
6.1666e+05
6.1341e+05
6.1013e+05
6.0683e+05
6.0352e+05
6.0018e+05
5.9683e+05
5.9345e+05
5.9006e+05
5.8664e+05
5.8321e+05
5.7976e+05
5.763e+05
5.7281e+05
5.6931e+05
5.6579e+05
5.6226e+05
5.5871e+05
5.5514e+05
5.5156e+05
5.4796e+05
5.4435e+05
5.4072e+05
5.3708e+05
5.3342e+05
5.2976e+05
5.2607e+05
5.2238e+05
5.1867e+05
5.1495e+05
5.1122e+05
5.0748e+05
5.0372e+05
4.9996e+05
4.9618e+05
4.9239e+05
4.886e+05
4.8479e+05
4.8098e+05
4.7715e+05
4.7332e+05
4.6947e+05
4.6562e+05
4.6176e+05
4.579e+05
4.5402e+05
4.5014e+05
4.4626e+05
4.4236e+05
4.3846e+05
4.3456e+05
4.3065e+05
4.2673e+05
4.2281e+05
4.1889e+05
4.1496e+05
4.1103e+05
4.071e+05
4.0316e+05
3.9923e+05
3.9529e+05
3.9135e+05
3.874e+05
3.8346e+05
3.7952e+05
3.7558e+05
3.7164e+05
3.677e+05
3.6376e+05
3.5983e+05
3.559e+05
3.5197e+05
3.4805e+05
3.4413e+05
3.4021e+05
3.363e+05
3.324e+05
3.285e+05
3.2461e+05
3.2073e+05
3.1686e+05
3.1299e+05
3.0914e+05
3.0529e+05
3.0146e+05
2.9763e+05
2.9382e+05
2.9002e+05
2.8623e+05
2.8245e+05
2.7869e+05
2.7494e+05
2.7121e+05
2.6749e+05
2.6379e+05
2.601e+05
2.5643e+05
2.5277e+05
2.4914e+05
2.4552e+05
2.4192e+05
2.3833e+05
2.3477e+05
2.3123e+05
2.277e+05
2.242e+05
2.2071e+05
2.1725e+05
2.138e+05
2.1038e+05
2.0698e+05
2.036e+05
2.0025e+05
1.9691e+05
1.936e+05
1.9031e+05
1.8704e+05
1.8379e+05
1.8057e+05
1.7736e+05
1.7419e+05
1.7103e+05
1.679e+05
1.6478e+05
1.617e+05
1.5863e+05
1.5559e+05
1.5256e+05
1.4957e+05
1.4659e+05
1.4363e+05
1.407e+05
1.3779e+05
1.349e+05
1.3203e+05
1.2918e+05
1.2635e+05
1.2354e+05
1.2076e+05
1.1799e+05
1.1524e+05
1.1251e+05
1.098e+05
1.0711e+05
1.0444e+05
1.0179e+05
99154
96536
93936
91353
88787
86238
83705
81188
78687
76201
73731
71276
68836
66410
63999
61603
59220
56851
54496
52155
49827
47513
45212
42924
40650
38389
36140
33906
31684
29475
27280
25098
22930
20775
18634
16506
14392
12293
10207
8136
6079.6
4038
2011.3
0
