5.4065e+05
5.4637e+05
5.5193e+05
5.5732e+05
5.6254e+05
5.6759e+05
5.7246e+05
5.7715e+05
5.8166e+05
5.8599e+05
5.9013e+05
5.9408e+05
5.9785e+05
6.0142e+05
6.0481e+05
6.08e+05
6.11e+05
6.138e+05
6.1641e+05
6.1883e+05
6.2106e+05
6.2309e+05
6.2493e+05
6.2657e+05
6.2803e+05
6.293e+05
6.3038e+05
6.3127e+05
6.3198e+05
6.325e+05
6.3285e+05
6.3301e+05
6.33e+05
6.3282e+05
6.3247e+05
6.3195e+05
6.3126e+05
6.3042e+05
6.2942e+05
6.2826e+05
6.2696e+05
6.255e+05
6.2391e+05
6.2218e+05
6.2032e+05
6.1832e+05
6.162e+05
6.1397e+05
6.1161e+05
6.0915e+05
6.0658e+05
6.0391e+05
6.0115e+05
5.9829e+05
5.9535e+05
5.9233e+05
5.8924e+05
5.8608e+05
5.8285e+05
5.7956e+05
5.7623e+05
5.7284e+05
5.6941e+05
5.6595e+05
5.6245e+05
5.5893e+05
5.5539e+05
5.5184e+05
5.4827e+05
5.4471e+05
5.4114e+05
5.3758e+05
5.3403e+05
5.305e+05
5.2699e+05
5.2351e+05
5.2006e+05
5.1665e+05
5.1329e+05
5.0996e+05
5.0669e+05
5.0348e+05
5.0033e+05
4.9724e+05
4.9422e+05
4.9127e+05
4.884e+05
4.8561e+05
4.829e+05
4.8028e+05
4.7776e+05
4.7532e+05
4.7299e+05
4.7075e+05
4.6862e+05
4.6659e+05
4.6467e+05
4.6286e+05
4.6117e+05
4.5958e+05
4.5811e+05
4.5677e+05
4.5553e+05
4.5442e+05
4.5343e+05
4.5256e+05
4.5182e+05
4.512e+05
4.507e+05
4.5032e+05
4.5007e+05
4.4994e+05
4.4993e+05
4.5005e+05
4.5028e+05
4.5064e+05
4.5112e+05
4.5171e+05
4.5242e+05
4.5325e+05
4.5419e+05
4.5524e+05
4.564e+05
4.5767e+05
4.5904e+05
4.6052e+05
4.6209e+05
4.6377e+05
4.6553e+05
4.6739e+05
4.6934e+05
4.7137e+05
4.7348e+05
4.7567e+05
4.7794e+05
4.8027e+05
4.8268e+05
4.8514e+05
4.8767e+05
4.9025e+05
4.9288e+05
4.9556e+05
4.9828e+05
5.0104e+05
5.0383e+05
5.0666e+05
5.0951e+05
5.1238e+05
5.1526e+05
5.1816e+05
5.2107e+05
5.2398e+05
5.2689e+05
5.2979e+05
5.3268e+05
5.3556e+05
5.3842e+05
5.4125e+05
5.4406e+05
5.4683e+05
5.4957e+05
5.5227e+05
5.5492e+05
5.5752e+05
5.6006e+05
5.6255e+05
5.6497e+05
5.6733e+05
5.6962e+05
5.7184e+05
5.7397e+05
5.7603e+05
5.78e+05
5.7988e+05
5.8167e+05
5.8336e+05
5.8496e+05
5.8645e+05
5.8784e+05
5.8912e+05
5.9029e+05
5.9134e+05
5.9228e+05
5.931e+05
5.938e+05
5.9438e+05
5.9483e+05
5.9516e+05
5.9535e+05
5.9541e+05
5.9535e+05
5.9514e+05
5.948e+05
5.9433e+05
5.9371e+05
5.9296e+05
5.9207e+05
5.9103e+05
5.8986e+05
5.8854e+05
5.8708e+05
5.8547e+05
5.8373e+05
5.8184e+05
5.7981e+05
5.7764e+05
5.7532e+05
5.7286e+05
5.7026e+05
5.6753e+05
5.6465e+05
5.6163e+05
5.5848e+05
5.5519e+05
5.5176e+05
5.4821e+05
5.4452e+05
5.407e+05
5.3675e+05
5.3268e+05
5.2848e+05
5.2416e+05
5.1971e+05
5.1515e+05
5.1048e+05
5.0569e+05
5.0079e+05
4.9578e+05
4.9067e+05
4.8546e+05
4.8014e+05
4.7473e+05
4.6923e+05
4.6364e+05
4.5795e+05
4.5219e+05
4.4634e+05
4.4042e+05
4.3443e+05
4.2836e+05
4.2223e+05
4.1603e+05
4.0978e+05
4.0347e+05
3.9711e+05
3.907e+05
3.8425e+05
3.7776e+05
3.7123e+05
3.6467e+05
3.5808e+05
3.5147e+05
3.4484e+05
3.3819e+05
3.3153e+05
3.2486e+05
3.1819e+05
3.1152e+05
3.0486e+05
2.982e+05
2.9156e+05
2.8494e+05
2.7833e+05
2.7176e+05
2.6521e+05
2.587e+05
2.5222e+05
2.4579e+05
2.394e+05
2.3306e+05
2.2678e+05
2.2056e+05
2.144e+05
2.083e+05
2.0228e+05
1.9633e+05
1.9046e+05
1.8467e+05
1.7896e+05
1.7335e+05
1.6783e+05
1.624e+05
1.5708e+05
1.5186e+05
1.4675e+05
1.4174e+05
1.3685e+05
1.3208e+05
1.2743e+05
1.2291e+05
1.1851e+05
1.1424e+05
1.101e+05
1.061e+05
1.0224e+05
98519
94943
91513
88233
85104
82130
79311
76652
74152
71816
69644
67638
65801
64133
62637
61314
60165
59191
58395
57776
57336
57076
56996
57098
57382
57849
58498
59331
60347
61547
62930
64497
66248
68182
70299
72598
75079
77741
80584
83607
86808
90187
93743
97474
1.0138e+05
1.0546e+05
1.0971e+05
1.1413e+05
1.1871e+05
1.2347e+05
1.2838e+05
1.3346e+05
1.3871e+05
1.4411e+05
1.4966e+05
1.5537e+05
1.6123e+05
1.6724e+05
1.734e+05
1.797e+05
1.8615e+05
1.9273e+05
1.9945e+05
2.063e+05
2.1328e+05
2.2039e+05
2.2763e+05
2.3498e+05
2.4246e+05
2.5004e+05
2.5774e+05
2.6555e+05
2.7347e+05
2.8148e+05
2.896e+05
2.978e+05
3.061e+05
3.1449e+05
3.2296e+05
3.3151e+05
3.4013e+05
3.4883e+05
3.576e+05
3.6643e+05
3.7532e+05
3.8427e+05
3.9328e+05
4.0233e+05
4.1143e+05
4.2057e+05
4.2974e+05
4.3896e+05
4.482e+05
4.5746e+05
4.6675e+05
4.7605e+05
4.8537e+05
4.947e+05
5.0404e+05
5.1337e+05
5.2271e+05
5.3203e+05
5.4135e+05
5.5065e+05
5.5994e+05
5.692e+05
5.7844e+05
5.8765e+05
5.9682e+05
6.0596e+05
6.1505e+05
6.2411e+05
6.3311e+05
6.4206e+05
6.5096e+05
6.5979e+05
6.6857e+05
6.7728e+05
6.8591e+05
6.9448e+05
7.0297e+05
7.1138e+05
7.1971e+05
7.2795e+05
7.361e+05
7.4416e+05
7.5212e+05
7.5999e+05
7.6775e+05
7.7542e+05
7.8297e+05
7.9042e+05
7.9775e+05
8.0497e+05
8.1207e+05
8.1905e+05
8.2591e+05
8.3265e+05
8.3926e+05
8.4574e+05
8.5209e+05
8.5831e+05
8.6439e+05
8.7034e+05
8.7614e+05
8.8181e+05
8.8734e+05
8.9272e+05
8.9796e+05
9.0305e+05
9.0799e+05
9.1279e+05
9.1743e+05
9.2193e+05
9.2627e+05
9.3045e+05
9.3449e+05
9.3836e+05
9.4208e+05
9.4565e+05
9.4905e+05
9.523e+05
9.5539e+05
9.5832e+05
9.611e+05
9.6371e+05
9.6616e+05
9.6845e+05
9.7058e+05
9.7255e+05
9.7436e+05
9.7602e+05
9.7751e+05
9.7884e+05
9.8001e+05
9.8102e+05
9.8187e+05
9.8257e+05
9.8311e+05
9.8349e+05
9.8371e+05
9.8378e+05
9.8369e+05
9.8345e+05
9.8305e+05
9.825e+05
9.818e+05
9.8095e+05
9.7995e+05
9.788e+05
9.775e+05
9.7606e+05
9.7447e+05
9.7274e+05
9.7086e+05
9.6884e+05
9.6669e+05
9.6439e+05
9.6196e+05
9.594e+05
9.5669e+05
9.5386e+05
9.509e+05
9.478e+05
9.4458e+05
9.4124e+05
9.3777e+05
9.3418e+05
9.3046e+05
9.2663e+05
9.2268e+05
9.1862e+05
9.1445e+05
9.1016e+05
9.0576e+05
9.0126e+05
8.9665e+05
8.9194e+05
8.8713e+05
8.8222e+05
8.7721e+05
8.721e+05
8.6691e+05
8.6162e+05
8.5625e+05
8.5078e+05
8.4524e+05
8.3961e+05
8.339e+05
8.2811e+05
8.2225e+05
8.1631e+05
8.1031e+05
8.0423e+05
7.9809e+05
7.9188e+05
7.8561e+05
7.7928e+05
7.7289e+05
7.6645e+05
7.5995e+05
7.534e+05
7.468e+05
7.4015e+05
7.3346e+05
7.2673e+05
7.1995e+05
7.1314e+05
7.0629e+05
6.9941e+05
6.925e+05
6.8555e+05
6.7858e+05
6.7158e+05
6.6456e+05
6.5752e+05
6.5046e+05
6.4339e+05
6.363e+05
6.2919e+05
6.2208e+05
6.1495e+05
6.0782e+05
6.0069e+05
5.9355e+05
5.8641e+05
5.7927e+05
5.7213e+05
5.65e+05
5.5788e+05
5.5076e+05
5.4366e+05
5.3656e+05
5.2948e+05
5.2242e+05
5.1537e+05
5.0835e+05
5.0134e+05
4.9435e+05
4.8739e+05
4.8046e+05
4.7355e+05
4.6667e+05
4.5982e+05
4.53e+05
4.4621e+05
4.3946e+05
4.3274e+05
4.2606e+05
4.1942e+05
4.1281e+05
4.0625e+05
3.9973e+05
3.9325e+05
3.8682e+05
3.8043e+05
3.7409e+05
3.6779e+05
3.6155e+05
3.5535e+05
3.492e+05
3.4311e+05
3.3706e+05
3.3107e+05
3.2513e+05
3.1925e+05
3.1342e+05
3.0764e+05
3.0193e+05
2.9627e+05
2.9067e+05
2.8512e+05
2.7964e+05
2.7421e+05
2.6884e+05
2.6354e+05
2.5829e+05
2.531e+05
2.4798e+05
2.4292e+05
2.3792e+05
2.3298e+05
2.281e+05
2.2329e+05
2.1853e+05
2.1385e+05
2.0922e+05
2.0466e+05
2.0016e+05
1.9572e+05
1.9134e+05
1.8703e+05
1.8279e+05
1.786e+05
1.7448e+05
1.7042e+05
1.6642e+05
1.6249e+05
1.5861e+05
1.548e+05
1.5105e+05
1.4737e+05
1.4374e+05
1.4018e+05
1.3667e+05
1.3323e+05
1.2984e+05
1.2652e+05
1.2325e+05
1.2005e+05
1.169e+05
1.1381e+05
1.1078e+05
1.078e+05
1.0488e+05
1.0202e+05
99213
96462
93765
91123
88534
85999
83516
81086
78706
76378
74100
71872
69692
67562
65479
63444
61455
59513
57615
55763
53955
52190
50469
48789
47152
45555
43998
42482
41004
39564
38163
36798
35470
34178
32920
31698
30509
29353
28230
27138
26078
25049
24049
23079
22137
21224
20338
19479
18646
17839
17057
16299
15565
14855
14167
13501
12856
12233
11630
11046
10482
9936.4
9409
8899.2
8406.4
7930.2
7470
7025.3
6595.7
6180.5
5779.3
5391.6
5017
4654.9
4304.9
3966.6
3639.5
3323.1
3017.1
2720.9
2434.2
2156.5
1887.5
1626.7
1373.8
1128.3
889.9
658.24
432.94
213.64
0
