58189
61422
64733
68119
71576
75100
78686
82333
86034
89785
93583
97423
1.013e+05
1.0521e+05
1.0915e+05
1.1311e+05
1.171e+05
1.2109e+05
1.251e+05
1.2911e+05
1.3313e+05
1.3714e+05
1.4114e+05
1.4513e+05
1.4911e+05
1.5306e+05
1.5698e+05
1.6088e+05
1.6474e+05
1.6857e+05
1.7235e+05
1.7608e+05
1.7977e+05
1.8341e+05
1.8698e+05
1.905e+05
1.9395e+05
1.9734e+05
2.0066e+05
2.0391e+05
2.0708e+05
2.1018e+05
2.1319e+05
2.1613e+05
2.1898e+05
2.2175e+05
2.2443e+05
2.2703e+05
2.2953e+05
2.3194e+05
2.3427e+05
2.365e+05
2.3864e+05
2.4069e+05
2.4264e+05
2.445e+05
2.4627e+05
2.4795e+05
2.4953e+05
2.5103e+05
2.5243e+05
2.5374e+05
2.5497e+05
2.5611e+05
2.5716e+05
2.5813e+05
2.5901e+05
2.5982e+05
2.6055e+05
2.612e+05
2.6177e+05
2.6227e+05
2.627e+05
2.6307e+05
2.6336e+05
2.636e+05
2.6377e+05
2.6389e+05
2.6395e+05
2.6395e+05
2.6391e+05
2.6382e+05
2.6369e+05
2.6351e+05
2.6329e+05
2.6304e+05
2.6275e+05
2.6243e+05
2.6209e+05
2.6172e+05
2.6132e+05
2.6091e+05
2.6047e+05
2.6003e+05
2.5957e+05
2.5909e+05
2.5861e+05
2.5813e+05
2.5764e+05
2.5715e+05
2.5666e+05
2.5617e+05
2.5569e+05
2.5521e+05
2.5474e+05
2.5428e+05
2.5383e+05
2.5339e+05
2.5296e+05
2.5255e+05
2.5216e+05
2.5178e+05
2.5142e+05
2.5107e+05
2.5075e+05
2.5044e+05
2.5016e+05
2.4989e+05
2.4965e+05
2.4943e+05
2.4922e+05
2.4904e+05
2.4888e+05
2.4874e+05
2.4862e+05
2.4851e+05
2.4843e+05
2.4837e+05
2.4833e+05
2.483e+05
2.4829e+05
2.483e+05
2.4832e+05
2.4835e+05
2.4841e+05
2.4847e+05
2.4854e+05
2.4863e+05
2.4872e+05
2.4883e+05
2.4894e+05
2.4905e+05
2.4918e+05
2.493e+05
2.4943e+05
2.4956e+05
2.4969e+05
2.4981e+05
2.4994e+05
2.5006e+05
2.5018e+05
2.5029e+05
2.5039e+05
2.5048e+05
2.5057e+05
2.5064e+05
2.507e+05
2.5074e+05
2.5077e+05
2.5079e+05
2.5079e+05
2.5077e+05
2.5073e+05
2.5067e+05
2.5059e+05
2.5049e+05
2.5037e+05
2.5022e+05
2.5004e+05
2.4985e+05
2.4962e+05
2.4937e+05
2.4909e+05
2.4878e+05
2.4844e+05
2.4807e+05
2.4768e+05
2.4725e+05
2.4679e+05
2.4629e+05
2.4577e+05
2.4521e+05
2.4461e+05
2.4399e+05
2.4333e+05
2.4263e+05
2.419e+05
2.4113e+05
2.4033e+05
2.3949e+05
2.3861e+05
2.377e+05
2.3675e+05
2.3577e+05
2.3475e+05
2.3369e+05
2.3259e+05
2.3145e+05
2.3028e+05
2.2907e+05
2.2782e+05
2.2653e+05
2.2521e+05
2.2385e+05
2.2245e+05
2.2101e+05
2.1953e+05
2.1802e+05
2.1647e+05
2.1488e+05
2.1325e+05
2.1158e+05
2.0988e+05
2.0814e+05
2.0637e+05
2.0456e+05
2.0271e+05
2.0082e+05
1.989e+05
1.9695e+05
1.9496e+05
1.9294e+05
1.9088e+05
1.8879e+05
1.8666e+05
1.8451e+05
1.8232e+05
1.801e+05
1.7785e+05
1.7557e+05
1.7327e+05
1.7093e+05
1.6857e+05
1.6618e+05
1.6377e+05
1.6134e+05
1.5888e+05
1.564e+05
1.5389e+05
1.5137e+05
1.4883e+05
1.4628e+05
1.4371e+05
1.4112e+05
1.3853e+05
1.3592e+05
1.333e+05
1.3067e+05
1.2804e+05
1.2541e+05
1.2277e+05
1.2013e+05
1.1749e+05
1.1485e+05
1.1222e+05
1.0959e+05
1.0697e+05
1.0437e+05
1.0177e+05
99187
96621
94073
91544
89037
86554
84097
81667
79267
76899
74563
72263
70000
67776
65592
63451
61353
59301
57296
55339
53432
51576
49772
48022
46327
44687
43103
41576
40108
38698
37346
36054
34822
33649
32537
31483
30489
29555
28679
27861
27101
26397
25749
25156
24617
24130
23694
23308
22969
22677
22429
22224
22059
21933
21843
21788
21765
21771
21804
21861
21941
22040
22157
22287
22429
22580
22738
22899
23061
23221
23378
23527
23667
23795
23909
24006
24085
24143
24178
24188
24171
24125
24050
23943
23803
23629
23420
23176
22895
22577
22222
21830
21401
20935
20434
19896
19324
18719
18083
17415
16720
15998
15253
14486
13700
12899
12085
11262
10434
9604.8
8778.1
7958.4
7150.2
6358.2
5587.4
4842.8
4129.6
3453.4
2819.7
2234.2
1703
1232
827.39
495.46
242.58
75.243
0
23.481
152.37
393.39
753.31
1238.9
1856.9
2614.2
3517.4
4573.2
5788.4
7169.4
8722.9
10455
12372
14481
16787
19296
22014
24946
28097
31474
35080
38921
43000
47322
51890
56709
61781
67109
72696
78545
84657
91033
97676
1.0459e+05
1.1176e+05
1.1921e+05
1.2692e+05
1.349e+05
1.4314e+05
1.5165e+05
1.6041e+05
1.6944e+05
1.7873e+05
1.8827e+05
1.9806e+05
2.0809e+05
2.1837e+05
2.2888e+05
2.3963e+05
2.506e+05
2.618e+05
2.7321e+05
2.8482e+05
2.9663e+05
3.0864e+05
3.2083e+05
3.332e+05
3.4574e+05
3.5843e+05
3.7128e+05
3.8426e+05
3.9737e+05
4.1061e+05
4.2395e+05
4.3739e+05
4.5092e+05
4.6452e+05
4.7819e+05
4.9191e+05
5.0567e+05
5.1946e+05
5.3327e+05
5.4708e+05
5.6089e+05
5.7467e+05
5.8842e+05
6.0212e+05
6.1577e+05
6.2934e+05
6.4282e+05
6.5621e+05
6.6949e+05
6.8265e+05
6.9567e+05
7.0853e+05
7.2124e+05
7.3378e+05
7.4612e+05
7.5827e+05
7.7021e+05
7.8193e+05
7.9341e+05
8.0464e+05
8.1562e+05
8.2633e+05
8.3676e+05
8.4691e+05
8.5675e+05
8.6629e+05
8.7551e+05
8.844e+05
8.9295e+05
9.0116e+05
9.0902e+05
9.1652e+05
9.2365e+05
9.304e+05
9.3678e+05
9.4277e+05
9.4837e+05
9.5357e+05
9.5837e+05
9.6276e+05
9.6674e+05
9.7031e+05
9.7347e+05
9.7621e+05
9.7852e+05
9.8042e+05
9.8189e+05
9.8294e+05
9.8357e+05
9.8378e+05
9.8356e+05
9.8293e+05
9.8187e+05
9.804e+05
9.7852e+05
9.7623e+05
9.7354e+05
9.7044e+05
9.6694e+05
9.6305e+05
9.5877e+05
9.5411e+05
9.4908e+05
9.4368e+05
9.3791e+05
9.3179e+05
9.2532e+05
9.1851e+05
9.1137e+05
9.0391e+05
8.9613e+05
8.8805e+05
8.7967e+05
8.71e+05
8.6205e+05
8.5284e+05
8.4336e+05
8.3364e+05
8.2369e+05
8.135e+05
8.031e+05
7.925e+05
7.817e+05
7.7072e+05
7.5956e+05
7.4825e+05
7.3678e+05
7.2517e+05
7.1344e+05
7.0159e+05
6.8963e+05
6.7758e+05
6.6545e+05
6.5324e+05
6.4097e+05
6.2865e+05
6.1629e+05
6.0389e+05
5.9148e+05
5.7906e+05
5.6664e+05
5.5423e+05
5.4184e+05
5.2948e+05
5.1716e+05
5.0488e+05
4.9267e+05
4.8052e+05
4.6844e+05
4.5645e+05
4.4455e+05
4.3274e+05
4.2104e+05
4.0946e+05
3.9799e+05
3.8665e+05
3.7544e+05
3.6437e+05
3.5345e+05
3.4267e+05
3.3205e+05
3.2159e+05
3.113e+05
3.0117e+05
2.9122e+05
2.8145e+05
2.7185e+05
2.6244e+05
2.5322e+05
2.4418e+05
2.3534e+05
2.2669e+05
2.1823e+05
2.0997e+05
2.0191e+05
1.9405e+05
1.8639e+05
1.7892e+05
1.7166e+05
1.646e+05
1.5774e+05
1.5107e+05
1.4461e+05
1.3834e+05
1.3227e+05
1.264e+05
1.2072e+05
1.1523e+05
1.0993e+05
1.0483e+05
99902
95162
90603
86222
82017
77984
74121
70425
66892
63518
60301
57237
54322
51553
48926
46438
44083
41860
39764
37790
35936
34197
32569
31049
29633
28317
27096
25968
24929
23974
23100
22304
21582
20931
20346
19825
19364
18960
18609
18309
18057
17849
17683
17555
17464
17406
17378
17379
17406
17456
17527
17618
17725
17848
17983
18130
18286
18450
18621
18796
18974
19154
19335
19515
19693
19869
20041
20208
20370
20525
20673
20813
20945
21067
21181
21284
21376
21458
21529
21589
21636
21672
21696
21707
21707
21694
21668
21631
21580
21518
21443
21356
21257
21146
21022
20888
20741
20583
20414
20234
20043
19841
19629
19407
19175
18933
18681
18420
18150
17872
17584
17289
16985
16673
16354
16027
15693
15352
15004
14650
14290
13923
13551
13173
12790
12401
12008
11609
11206
10799
10388
9972.6
