18796
22128
25683
29458
33446
37641
42037
46628
51405
56361
61487
66776
72218
77804
83524
89369
95328
1.0139e+05
1.0755e+05
1.1379e+05
1.201e+05
1.2647e+05
1.3289e+05
1.3936e+05
1.4584e+05
1.5235e+05
1.5886e+05
1.6536e+05
1.7185e+05
1.7831e+05
1.8473e+05
1.911e+05
1.9741e+05
2.0365e+05
2.0981e+05
2.1588e+05
2.2185e+05
2.2771e+05
2.3344e+05
2.3906e+05
2.4453e+05
2.4986e+05
2.5504e+05
2.6006e+05
2.6491e+05
2.6959e+05
2.7409e+05
2.784e+05
2.8252e+05
2.8645e+05
2.9017e+05
2.937e+05
2.9701e+05
3.0011e+05
3.03e+05
3.0567e+05
3.0813e+05
3.1036e+05
3.1238e+05
3.1417e+05
3.1575e+05
3.171e+05
3.1824e+05
3.1915e+05
3.1985e+05
3.2034e+05
3.2061e+05
3.2068e+05
3.2054e+05
3.2019e+05
3.1965e+05
3.1892e+05
3.18e+05
3.1689e+05
3.1561e+05
3.1415e+05
3.1252e+05
3.1074e+05
3.088e+05
3.0671e+05
3.0448e+05
3.0211e+05
2.9962e+05
2.9701e+05
2.9429e+05
2.9146e+05
2.8853e+05
2.8552e+05
2.8242e+05
2.7925e+05
2.7602e+05
2.7272e+05
2.6938e+05
2.6599e+05
2.6257e+05
2.5913e+05
2.5567e+05
2.5219e+05
2.4872e+05
2.4524e+05
2.4178e+05
2.3834e+05
2.3493e+05
2.3155e+05
2.2821e+05
2.2492e+05
2.2168e+05
2.185e+05
2.1539e+05
2.1235e+05
2.0939e+05
2.0651e+05
2.0372e+05
2.0102e+05
1.9841e+05
1.9591e+05
1.9352e+05
1.9123e+05
1.8906e+05
1.87e+05
1.8506e+05
1.8324e+05
1.8154e+05
1.7997e+05
1.7853e+05
1.7722e+05
1.7603e+05
1.7497e+05
1.7405e+05
1.7325e+05
1.7259e+05
1.7205e+05
1.7164e+05
1.7136e+05
1.7121e+05
1.7118e+05
1.7127e+05
1.7148e+05
1.7181e+05
1.7226e+05
1.7282e+05
1.7348e+05
1.7425e+05
1.7513e+05
1.761e+05
1.7716e+05
1.7831e+05
1.7955e+05
1.8087e+05
1.8226e+05
1.8372e+05
1.8525e+05
1.8684e+05
1.8848e+05
1.9018e+05
1.9191e+05
1.9369e+05
1.955e+05
1.9733e+05
1.9919e+05
2.0106e+05
2.0294e+05
2.0483e+05
2.0672e+05
2.0859e+05
2.1046e+05
2.1231e+05
2.1414e+05
2.1593e+05
2.177e+05
2.1942e+05
2.211e+05
2.2274e+05
2.2432e+05
2.2584e+05
2.273e+05
2.2869e+05
2.3001e+05
2.3126e+05
2.3244e+05
2.3353e+05
2.3453e+05
2.3545e+05
2.3628e+05
2.3702e+05
2.3766e+05
2.3821e+05
2.3865e+05
2.39e+05
2.3925e+05
2.3939e+05
2.3943e+05
2.3937e+05
2.392e+05
2.3892e+05
2.3855e+05
2.3807e+05
2.3748e+05
2.3679e+05
2.36e+05
2.3512e+05
2.3413e+05
2.3304e+05
2.3186e+05
2.3058e+05
2.2922e+05
2.2776e+05
2.2622e+05
2.2459e+05
2.2288e+05
2.2109e+05
2.1923e+05
2.173e+05
2.1529e+05
2.1322e+05
2.1108e+05
2.0889e+05
2.0663e+05
2.0433e+05
2.0198e+05
1.9957e+05
1.9713e+05
1.9465e+05
1.9213e+05
1.8958e+05
1.87e+05
1.8439e+05
1.8176e+05
1.7911e+05
1.7644e+05
1.7376e+05
1.7107e+05
1.6837e+05
1.6566e+05
1.6295e+05
1.6024e+05
1.5753e+05
1.5483e+05
1.5213e+05
1.4944e+05
1.4676e+05
1.4409e+05
1.4143e+05
1.3879e+05
1.3616e+05
1.3355e+05
1.3096e+05
1.2838e+05
1.2583e+05
1.2329e+05
1.2077e+05
1.1827e+05
1.158e+05
1.1334e+05
1.1091e+05
1.085e+05
1.061e+05
1.0373e+05
1.0138e+05
99049
96737
94445
92172
89917
87680
85460
83258
81072
78902
76748
74609
72486
70377
68282
66202
64136
62084
60046
58022
56013
54019
52040
50076
48129
46199
44287
42394
40521
38668
36838
35031
33249
31494
29766
28068
26401
24767
23169
21607
20084
18602
17162
15767
14420
13121
11872
10677
9536.4
8452.4
7426.9
6461.7
5558.3
4718.5
3943.6
3235.1
2594.2
2022
1519.5
1087.5
726.68
437.46
220.15
74.897
1.6038
0
69.605
209.73
419.48
697.73
1043.2
1454.2
1929.1
2465.9
3062.4
3716.2
4424.6
5184.8
5993.9
6848.6
7745.5
8681
9651.5
10653
11682
12733
13803
14887
15981
17081
18181
19277
20364
21438
22494
23528
24535
25510
26449
27349
28204
29011
29766
30465
31106
31684
32198
32644
33020
33324
33555
33711
33791
33794
33721
33572
33346
33046
32672
32226
31711
31130
30485
29781
29021
28210
27354
26457
25526
24567
23587
22593
21593
20594
19606
18637
17696
16794
15938
15141
14412
13761
13200
12740
12392
12167
12077
12133
12348
12732
13297
14055
15018
16196
17602
19245
21138
23290
25713
28415
31407
34698
38297
42213
46453
51025
55935
61192
66799
72763
79088
85777
92835
1.0026e+05
1.0807e+05
1.1624e+05
1.2479e+05
1.3371e+05
1.4301e+05
1.5267e+05
1.6271e+05
1.7311e+05
1.8386e+05
1.9498e+05
2.0644e+05
2.1824e+05
2.3038e+05
2.4284e+05
2.5563e+05
2.6872e+05
2.821e+05
2.9577e+05
3.0972e+05
3.2392e+05
3.3837e+05
3.5306e+05
3.6796e+05
3.8306e+05
3.9835e+05
4.1381e+05
4.2942e+05
4.4517e+05
4.6103e+05
4.7699e+05
4.9303e+05
5.0913e+05
5.2527e+05
5.4143e+05
5.5759e+05
5.7372e+05
5.8982e+05
6.0585e+05
6.218e+05
6.3765e+05
6.5337e+05
6.6894e+05
6.8435e+05
6.9957e+05
7.1458e+05
7.2936e+05
7.4389e+05
7.5815e+05
7.7213e+05
7.8579e+05
7.9913e+05
8.1213e+05
8.2476e+05
8.3701e+05
8.4887e+05
8.6031e+05
8.7132e+05
8.8189e+05
8.92e+05
9.0164e+05
9.1079e+05
9.1945e+05
9.2759e+05
9.3522e+05
9.4232e+05
9.4888e+05
9.5489e+05
9.6035e+05
9.6525e+05
9.6958e+05
9.7334e+05
9.7653e+05
9.7914e+05
9.8117e+05
9.8262e+05
9.8349e+05
9.8378e+05
9.8349e+05
9.8262e+05
9.8118e+05
9.7917e+05
9.7659e+05
9.7346e+05
9.6978e+05
9.6555e+05
9.6078e+05
9.5549e+05
9.4968e+05
9.4336e+05
9.3654e+05
9.2924e+05
9.2147e+05
9.1323e+05
9.0455e+05
8.9544e+05
8.8591e+05
8.7597e+05
8.6565e+05
8.5496e+05
8.4391e+05
8.3252e+05
8.2081e+05
8.0879e+05
7.9649e+05
7.8391e+05
7.7108e+05
7.5802e+05
7.4474e+05
7.3126e+05
7.176e+05
7.0378e+05
6.8981e+05
6.7572e+05
6.6151e+05
6.4722e+05
6.3285e+05
6.1842e+05
6.0396e+05
5.8947e+05
5.7497e+05
5.6049e+05
5.4603e+05
5.3161e+05
5.1725e+05
5.0297e+05
4.8876e+05
4.7466e+05
4.6067e+05
4.4681e+05
4.3309e+05
4.1952e+05
4.0611e+05
3.9288e+05
3.7983e+05
3.6697e+05
3.5432e+05
3.4188e+05
3.2967e+05
3.1768e+05
3.0593e+05
2.9442e+05
2.8316e+05
2.7216e+05
2.6141e+05
2.5093e+05
2.4072e+05
2.3078e+05
2.2111e+05
2.1172e+05
2.026e+05
1.9377e+05
1.8522e+05
1.7694e+05
1.6895e+05
1.6124e+05
1.538e+05
1.4665e+05
1.3976e+05
1.3316e+05
1.2682e+05
1.2074e+05
1.1494e+05
1.0939e+05
1.0409e+05
99054
94260
89707
85392
81308
77450
73812
70388
67172
64158
61339
58710
56263
53991
51889
49950
48166
46532
45040
43684
42457
41352
40363
39484
38708
38029
37441
36937
36512
36160
35875
35652
35485
35369
35300
35271
35280
35320
35388
35480
35591
35718
35857
36006
36159
36316
36472
36625
36773
36913
37044
37163
37268
37358
37431
37487
37524
37541
37537
37511
37464
37394
37301
37186
37047
36886
36702
36495
36266
36015
35743
35450
35137
34805
34453
34084
33698
33296
32879
32447
32002
31545
31076
30597
30109
29613
29109
28600
28085
27566
27044
26519
25994
25468
24942
24419
23897
23378
22864
22354
21849
21350
20858
20373
19896
19427
18966
18515
18073
17641
17219
16807
16406
16016
15637
15268
14911
14564
14229
13904
13591
13288
12996
12714
12443
12181
11929
11687
11454
11230
11014
10806
10606
10413
10227
10048
9875
9707.4
9545.1
9387.5
9234.2
9084.8
8938.7
8795.6
8655
