9.8378e+05
9.7992e+05
9.7601e+05
9.7204e+05
9.6801e+05
9.6393e+05
9.5979e+05
9.556e+05
9.5136e+05
9.4706e+05
9.4271e+05
9.3832e+05
9.3388e+05
9.2939e+05
9.2486e+05
9.2029e+05
9.1567e+05
9.1101e+05
9.0631e+05
9.0157e+05
8.968e+05
8.9199e+05
8.8715e+05
8.8227e+05
8.7736e+05
8.7242e+05
8.6744e+05
8.6244e+05
8.5742e+05
8.5236e+05
8.4728e+05
8.4218e+05
8.3705e+05
8.3191e+05
8.2674e+05
8.2155e+05
8.1634e+05
8.1112e+05
8.0588e+05
8.0063e+05
7.9536e+05
7.9008e+05
7.8479e+05
7.7949e+05
7.7418e+05
7.6886e+05
7.6353e+05
7.5819e+05
7.5285e+05
7.4751e+05
7.4217e+05
7.3682e+05
7.3147e+05
7.2612e+05
7.2077e+05
7.1542e+05
7.1007e+05
7.0473e+05
6.9939e+05
6.9406e+05
6.8874e+05
6.8342e+05
6.7811e+05
6.7281e+05
6.6752e+05
6.6223e+05
6.5696e+05
6.5171e+05
6.4646e+05
6.4123e+05
6.3602e+05
6.3082e+05
6.2564e+05
6.2047e+05
6.1532e+05
6.1019e+05
6.0508e+05
5.9999e+05
5.9492e+05
5.8987e+05
5.8484e+05
5.7984e+05
5.7486e+05
5.699e+05
5.6497e+05
5.6006e+05
5.5518e+05
5.5033e+05
5.455e+05
5.407e+05
5.3593e+05
5.3118e+05
5.2647e+05
5.2179e+05
5.1713e+05
5.1251e+05
5.0792e+05
5.0336e+05
4.9883e+05
4.9433e+05
4.8987e+05
4.8544e+05
4.8105e+05
4.7669e+05
4.7236e+05
4.6807e+05
4.6382e+05
4.596e+05
4.5541e+05
4.5127e+05
4.4716e+05
4.4309e+05
4.3905e+05
4.3506e+05
4.311e+05
4.2718e+05
4.233e+05
4.1945e+05
4.1565e+05
4.1189e+05
4.0816e+05
4.0448e+05
4.0083e+05
3.9723e+05
3.9367e+05
3.9014e+05
3.8666e+05
3.8322e+05
3.7982e+05
3.7646e+05
3.7314e+05
3.6987e+05
3.6663e+05
3.6344e+05
3.6029e+05
3.5718e+05
3.5411e+05
3.5109e+05
3.4811e+05
3.4516e+05
3.4227e+05
3.3941e+05
3.3659e+05
3.3382e+05
3.3109e+05
3.284e+05
3.2576e+05
3.2316e+05
3.2059e+05
3.1808e+05
3.156e+05
3.1316e+05
3.1077e+05
3.0842e+05
3.0611e+05
3.0384e+05
3.0162e+05
2.9943e+05
2.9729e+05
2.9519e+05
2.9313e+05
2.9111e+05
2.8913e+05
2.872e+05
2.853e+05
2.8344e+05
2.8163e+05
2.7985e+05
2.7812e+05
2.7642e+05
2.7477e+05
2.7315e+05
2.7158e+05
2.7004e+05
2.6854e+05
2.6709e+05
2.6567e+05
2.6428e+05
2.6294e+05
2.6164e+05
2.6037e+05
2.5914e+05
2.5795e+05
2.5679e+05
2.5567e+05
2.5459e+05
2.5354e+05
2.5253e+05
2.5156e+05
2.5062e+05
2.4972e+05
2.4885e+05
2.4802e+05
2.4722e+05
2.4646e+05
2.4573e+05
2.4503e+05
2.4437e+05
2.4374e+05
2.4314e+05
2.4257e+05
2.4204e+05
2.4154e+05
2.4107e+05
2.4063e+05
2.4023e+05
2.3985e+05
2.395e+05
2.3919e+05
2.389e+05
2.3864e+05
2.3842e+05
2.3822e+05
2.3805e+05
2.379e+05
2.3779e+05
2.377e+05
2.3764e+05
2.3761e+05
2.376e+05
2.3762e+05
2.3766e+05
2.3773e+05
2.3783e+05
2.3795e+05
2.3809e+05
2.3826e+05
2.3845e+05
2.3866e+05
2.389e+05
2.3916e+05
2.3945e+05
2.3975e+05
2.4008e+05
2.4042e+05
2.4079e+05
2.4118e+05
2.4159e+05
2.4202e+05
2.4247e+05
2.4294e+05
2.4342e+05
2.4393e+05
2.4445e+05
2.4499e+05
2.4555e+05
2.4613e+05
2.4672e+05
2.4733e+05
2.4796e+05
2.486e+05
2.4925e+05
2.4992e+05
2.5061e+05
2.5131e+05
2.5203e+05
2.5275e+05
2.5349e+05
2.5425e+05
2.5502e+05
2.558e+05
2.5659e+05
2.5739e+05
2.582e+05
2.5903e+05
2.5987e+05
2.6071e+05
2.6157e+05
2.6244e+05
2.6331e+05
2.642e+05
2.6509e+05
2.6599e+05
2.669e+05
2.6782e+05
2.6874e+05
2.6968e+05
2.7062e+05
2.7156e+05
2.7251e+05
2.7347e+05
2.7444e+05
2.754e+05
2.7638e+05
2.7736e+05
2.7834e+05
2.7933e+05
2.8032e+05
2.8131e+05
2.8231e+05
2.8331e+05
2.8432e+05
2.8532e+05
2.8633e+05
2.8734e+05
2.8835e+05
2.8937e+05
2.9038e+05
2.914e+05
2.9241e+05
2.9343e+05
2.9444e+05
2.9546e+05
2.9647e+05
2.9749e+05
2.985e+05
2.9951e+05
3.0052e+05
3.0153e+05
3.0254e+05
3.0354e+05
3.0455e+05
3.0555e+05
3.0654e+05
3.0754e+05
3.0853e+05
3.0951e+05
3.1049e+05
3.1147e+05
3.1245e+05
3.1342e+05
3.1438e+05
3.1534e+05
3.1629e+05
3.1724e+05
3.1819e+05
3.1913e+05
3.2006e+05
3.2098e+05
3.219e+05
3.2282e+05
3.2372e+05
3.2462e+05
3.2552e+05
3.264e+05
3.2728e+05
3.2815e+05
3.2901e+05
3.2987e+05
3.3071e+05
3.3155e+05
3.3238e+05
3.332e+05
3.3401e+05
3.3482e+05
3.3561e+05
3.364e+05
3.3717e+05
3.3794e+05
3.387e+05
3.3944e+05
3.4018e+05
3.4091e+05
3.4162e+05
3.4233e+05
3.4303e+05
3.4371e+05
3.4439e+05
3.4505e+05
3.457e+05
3.4635e+05
3.4698e+05
3.476e+05
3.482e+05
3.488e+05
3.4939e+05
3.4996e+05
3.5052e+05
3.5107e+05
3.5161e+05
3.5214e+05
3.5265e+05
3.5315e+05
3.5364e+05
3.5412e+05
3.5458e+05
3.5503e+05
3.5547e+05
3.559e+05
3.5631e+05
3.5672e+05
3.571e+05
3.5748e+05
3.5784e+05
3.5819e+05
3.5853e+05
3.5885e+05
3.5916e+05
3.5946e+05
3.5974e+05
3.6001e+05
3.6027e+05
3.6051e+05
3.6074e+05
3.6095e+05
3.6116e+05
3.6135e+05
3.6152e+05
3.6168e+05
3.6183e+05
3.6197e+05
3.6209e+05
3.6219e+05
3.6229e+05
3.6237e+05
3.6243e+05
3.6248e+05
3.6252e+05
3.6254e+05
3.6255e+05
3.6255e+05
3.6253e+05
3.625e+05
3.6246e+05
3.624e+05
3.6233e+05
3.6224e+05
3.6214e+05
3.6202e+05
3.619e+05
3.6175e+05
3.616e+05
3.6143e+05
3.6125e+05
3.6105e+05
3.6084e+05
3.6061e+05
3.6038e+05
3.6012e+05
3.5986e+05
3.5958e+05
3.5929e+05
3.5898e+05
3.5866e+05
3.5833e+05
3.5798e+05
3.5762e+05
3.5725e+05
3.5686e+05
3.5646e+05
3.5605e+05
3.5562e+05
3.5519e+05
3.5473e+05
3.5427e+05
3.5379e+05
3.533e+05
3.5279e+05
3.5228e+05
3.5175e+05
3.512e+05
3.5065e+05
3.5008e+05
3.495e+05
3.4891e+05
3.483e+05
3.4768e+05
3.4705e+05
3.4641e+05
3.4575e+05
3.4509e+05
3.4441e+05
3.4372e+05
3.4301e+05
3.423e+05
3.4157e+05
3.4083e+05
3.4008e+05
3.3932e+05
3.3855e+05
3.3776e+05
3.3697e+05
3.3616e+05
3.3534e+05
3.3451e+05
3.3367e+05
3.3282e+05
3.3195e+05
3.3108e+05
3.3019e+05
3.293e+05
3.2839e+05
3.2748e+05
3.2655e+05
3.2561e+05
3.2467e+05
3.2371e+05
3.2274e+05
3.2176e+05
3.2077e+05
3.1978e+05
3.1877e+05
3.1775e+05
3.1673e+05
3.1569e+05
3.1465e+05
3.1359e+05
3.1253e+05
3.1145e+05
3.1037e+05
3.0928e+05
3.0818e+05
3.0707e+05
3.0596e+05
3.0483e+05
3.037e+05
3.0255e+05
3.014e+05
3.0025e+05
2.9908e+05
2.979e+05
2.9672e+05
2.9553e+05
2.9433e+05
2.9313e+05
2.9191e+05
2.9069e+05
2.8946e+05
2.8823e+05
2.8699e+05
2.8574e+05
2.8448e+05
2.8322e+05
2.8195e+05
2.8067e+05
2.7939e+05
2.781e+05
2.768e+05
2.755e+05
2.7419e+05
2.7288e+05
2.7156e+05
2.7023e+05
2.689e+05
2.6757e+05
2.6622e+05
2.6487e+05
2.6352e+05
2.6216e+05
2.608e+05
2.5943e+05
2.5806e+05
2.5668e+05
2.553e+05
2.5391e+05
2.5252e+05
2.5112e+05
2.4972e+05
2.4831e+05
2.469e+05
2.4549e+05
2.4407e+05
2.4265e+05
2.4123e+05
2.398e+05
2.3836e+05
2.3693e+05
2.3549e+05
2.3405e+05
2.326e+05
2.3115e+05
2.297e+05
2.2825e+05
2.2679e+05
2.2533e+05
2.2387e+05
2.2241e+05
2.2094e+05
2.1947e+05
2.18e+05
2.1653e+05
2.1505e+05
2.1357e+05
2.1209e+05
2.1061e+05
2.0913e+05
2.0765e+05
2.0616e+05
2.0468e+05
2.0319e+05
2.017e+05
2.0021e+05
1.9872e+05
1.9723e+05
1.9573e+05
1.9424e+05
1.9275e+05
1.9125e+05
1.8976e+05
1.8826e+05
1.8677e+05
1.8527e+05
1.8378e+05
1.8228e+05
1.8079e+05
1.7929e+05
1.778e+05
1.763e+05
1.7481e+05
1.7331e+05
1.7182e+05
1.7033e+05
1.6884e+05
1.6735e+05
1.6586e+05
1.6437e+05
1.6288e+05
1.614e+05
1.5991e+05
1.5843e+05
1.5695e+05
1.5547e+05
1.5399e+05
1.5251e+05
1.5104e+05
1.4957e+05
1.481e+05
1.4663e+05
1.4516e+05
1.437e+05
1.4223e+05
1.4077e+05
1.3931e+05
1.3786e+05
1.3641e+05
1.3496e+05
1.3351e+05
1.3207e+05
1.3062e+05
1.2919e+05
1.2775e+05
1.2632e+05
1.2489e+05
1.2346e+05
1.2204e+05
1.2062e+05
1.192e+05
1.1779e+05
1.1638e+05
1.1498e+05
1.1357e+05
1.1218e+05
1.1078e+05
1.0939e+05
1.08e+05
1.0662e+05
1.0524e+05
1.0387e+05
1.025e+05
1.0113e+05
99773
98416
97064
95716
94372
93033
91699
90370
89045
87725
86410
85100
83795
82495
81200
79911
78626
77347
76073
74805
73542
72284
71032
69785
68544
67309
66079
64856
63637
62425
61219
60018
58824
57635
56452
55276
54105
52941
51783
50631
49486
48346
47213
46087
44967
43853
42745
41645
40550
39462
38381
37307
36239
35177
34123
33075
32034
30999
29972
28951
27937
26930
25930
24937
23951
22971
21999
21034
20075
19124
18180
17242
16312
15389
14473
13564
12663
11768
10881
10001
9127.5
8261.6
7402.9
6551.5
5707.2
4870.2
4040.4
3217.8
2402.5
1594.4
793.58
0
