6.3397e+05
6.4144e+05
6.4872e+05
6.5581e+05
6.627e+05
6.694e+05
6.759e+05
6.8219e+05
6.8827e+05
6.9413e+05
6.9978e+05
7.052e+05
7.104e+05
7.1538e+05
7.2013e+05
7.2464e+05
7.2892e+05
7.3297e+05
7.3678e+05
7.4035e+05
7.4369e+05
7.4678e+05
7.4964e+05
7.5225e+05
7.5463e+05
7.5676e+05
7.5866e+05
7.6031e+05
7.6173e+05
7.6291e+05
7.6385e+05
7.6457e+05
7.6504e+05
7.6529e+05
7.6531e+05
7.6511e+05
7.6468e+05
7.6403e+05
7.6317e+05
7.6209e+05
7.6081e+05
7.5931e+05
7.5762e+05
7.5572e+05
7.5364e+05
7.5136e+05
7.489e+05
7.4626e+05
7.4344e+05
7.4046e+05
7.373e+05
7.34e+05
7.3053e+05
7.2692e+05
7.2317e+05
7.1928e+05
7.1526e+05
7.1112e+05
7.0686e+05
7.0249e+05
6.9802e+05
6.9344e+05
6.8878e+05
6.8403e+05
6.792e+05
6.743e+05
6.6933e+05
6.6431e+05
6.5923e+05
6.5411e+05
6.4895e+05
6.4376e+05
6.3855e+05
6.3332e+05
6.2808e+05
6.2283e+05
6.1759e+05
6.1236e+05
6.0714e+05
6.0195e+05
5.9678e+05
5.9165e+05
5.8656e+05
5.8152e+05
5.7653e+05
5.716e+05
5.6673e+05
5.6194e+05
5.5722e+05
5.5258e+05
5.4803e+05
5.4357e+05
5.3921e+05
5.3495e+05
5.3079e+05
5.2675e+05
5.2282e+05
5.1901e+05
5.1532e+05
5.1176e+05
5.0833e+05
5.0503e+05
5.0187e+05
4.9884e+05
4.9596e+05
4.9322e+05
4.9063e+05
4.8818e+05
4.8589e+05
4.8375e+05
4.8176e+05
4.7992e+05
4.7824e+05
4.7672e+05
4.7535e+05
4.7414e+05
4.7309e+05
4.7219e+05
4.7145e+05
4.7087e+05
4.7044e+05
4.7017e+05
4.7005e+05
4.7008e+05
4.7026e+05
4.7059e+05
4.7107e+05
4.7169e+05
4.7245e+05
4.7336e+05
4.744e+05
4.7557e+05
4.7688e+05
4.7832e+05
4.7988e+05
4.8156e+05
4.8336e+05
4.8528e+05
4.873e+05
4.8944e+05
4.9167e+05
4.9401e+05
4.9643e+05
4.9895e+05
5.0155e+05
5.0424e+05
5.07e+05
5.0983e+05
5.1272e+05
5.1568e+05
5.187e+05
5.2176e+05
5.2487e+05
5.2803e+05
5.3122e+05
5.3444e+05
5.3769e+05
5.4095e+05
5.4423e+05
5.4753e+05
5.5082e+05
5.5412e+05
5.5741e+05
5.6069e+05
5.6396e+05
5.672e+05
5.7042e+05
5.736e+05
5.7675e+05
5.7986e+05
5.8292e+05
5.8594e+05
5.8889e+05
5.9179e+05
5.9461e+05
5.9737e+05
6.0006e+05
6.0267e+05
6.0519e+05
6.0763e+05
6.0997e+05
6.1222e+05
6.1437e+05
6.1642e+05
6.1836e+05
6.2019e+05
6.219e+05
6.235e+05
6.2497e+05
6.2633e+05
6.2755e+05
6.2865e+05
6.2962e+05
6.3044e+05
6.3114e+05
6.3169e+05
6.321e+05
6.3236e+05
6.3248e+05
6.3245e+05
6.3228e+05
6.3195e+05
6.3147e+05
6.3083e+05
6.3004e+05
6.2909e+05
6.2799e+05
6.2673e+05
6.2532e+05
6.2374e+05
6.2201e+05
6.2012e+05
6.1807e+05
6.1586e+05
6.1349e+05
6.1097e+05
6.0829e+05
6.0545e+05
6.0246e+05
5.9932e+05
5.9602e+05
5.9257e+05
5.8897e+05
5.8522e+05
5.8132e+05
5.7728e+05
5.731e+05
5.6878e+05
5.6431e+05
5.5971e+05
5.5498e+05
5.5011e+05
5.4511e+05
5.3999e+05
5.3475e+05
5.2938e+05
5.239e+05
5.183e+05
5.1259e+05
5.0678e+05
5.0086e+05
4.9484e+05
4.8872e+05
4.8251e+05
4.7621e+05
4.6982e+05
4.6335e+05
4.5681e+05
4.5019e+05
4.435e+05
4.3675e+05
4.2993e+05
4.2306e+05
4.1614e+05
4.0917e+05
4.0216e+05
3.951e+05
3.8802e+05
3.809e+05
3.7376e+05
3.666e+05
3.5943e+05
3.5224e+05
3.4505e+05
3.3785e+05
3.3066e+05
3.2348e+05
3.1631e+05
3.0916e+05
3.0203e+05
2.9493e+05
2.8786e+05
2.8083e+05
2.7384e+05
2.669e+05
2.6001e+05
2.5317e+05
2.464e+05
2.3969e+05
2.3305e+05
2.2649e+05
2.2e+05
2.136e+05
2.0728e+05
2.0106e+05
1.9494e+05
1.8891e+05
1.8299e+05
1.7718e+05
1.7149e+05
1.6591e+05
1.6045e+05
1.5512e+05
1.4991e+05
1.4484e+05
1.3991e+05
1.3512e+05
1.3047e+05
1.2597e+05
1.2161e+05
1.1742e+05
1.1337e+05
1.0949e+05
1.0577e+05
1.0222e+05
98836
95623
92583
89719
87034
84530
82208
80072
78122
76360
74789
73410
72224
71233
70438
69839
69439
69237
69235
69433
69832
70432
71234
72237
73441
74848
76455
78264
80273
82482
84891
87498
90303
93305
96502
99894
1.0348e+05
1.0725e+05
1.1122e+05
1.1537e+05
1.1972e+05
1.2424e+05
1.2895e+05
1.3384e+05
1.3891e+05
1.4415e+05
1.4956e+05
1.5515e+05
1.6091e+05
1.6683e+05
1.7292e+05
1.7916e+05
1.8557e+05
1.9212e+05
1.9883e+05
2.0569e+05
2.1269e+05
2.1983e+05
2.2711e+05
2.3453e+05
2.4207e+05
2.4975e+05
2.5754e+05
2.6546e+05
2.7349e+05
2.8164e+05
2.8989e+05
2.9825e+05
3.0671e+05
3.1526e+05
3.2391e+05
3.3264e+05
3.4146e+05
3.5036e+05
3.5933e+05
3.6838e+05
3.7749e+05
3.8666e+05
3.9589e+05
4.0517e+05
4.1451e+05
4.2388e+05
4.333e+05
4.4276e+05
4.5224e+05
4.6176e+05
4.7129e+05
4.8085e+05
4.9041e+05
4.9999e+05
5.0957e+05
5.1916e+05
5.2873e+05
5.383e+05
5.4786e+05
5.574e+05
5.6692e+05
5.7642e+05
5.8588e+05
5.9531e+05
6.0471e+05
6.1406e+05
6.2336e+05
6.3261e+05
6.4181e+05
6.5096e+05
6.6004e+05
6.6905e+05
6.7799e+05
6.8686e+05
6.9565e+05
7.0437e+05
7.1299e+05
7.2153e+05
7.2998e+05
7.3833e+05
7.4659e+05
7.5474e+05
7.6279e+05
7.7073e+05
7.7856e+05
7.8628e+05
7.9388e+05
8.0136e+05
8.0872e+05
8.1595e+05
8.2305e+05
8.3003e+05
8.3687e+05
8.4358e+05
8.5015e+05
8.5658e+05
8.6287e+05
8.6901e+05
8.7501e+05
8.8087e+05
8.8657e+05
8.9212e+05
8.9752e+05
9.0276e+05
9.0785e+05
9.1278e+05
9.1756e+05
9.2217e+05
9.2662e+05
9.3091e+05
9.3503e+05
9.39e+05
9.4279e+05
9.4642e+05
9.4989e+05
9.5319e+05
9.5631e+05
9.5928e+05
9.6207e+05
9.6469e+05
9.6715e+05
9.6943e+05
9.7155e+05
9.735e+05
9.7527e+05
9.7688e+05
9.7832e+05
9.7959e+05
9.8069e+05
9.8162e+05
9.8239e+05
9.8298e+05
9.8341e+05
9.8368e+05
9.8378e+05
9.8371e+05
9.8348e+05
9.8309e+05
9.8253e+05
9.8182e+05
9.8094e+05
9.799e+05
9.7871e+05
9.7736e+05
9.7585e+05
9.7419e+05
9.7238e+05
9.7041e+05
9.683e+05
9.6603e+05
9.6362e+05
9.6106e+05
9.5836e+05
9.5552e+05
9.5253e+05
9.4941e+05
9.4615e+05
9.4275e+05
9.3922e+05
9.3556e+05
9.3177e+05
9.2785e+05
9.238e+05
9.1963e+05
9.1534e+05
9.1093e+05
9.064e+05
9.0175e+05
8.9699e+05
8.9212e+05
8.8714e+05
8.8205e+05
8.7685e+05
8.7156e+05
8.6616e+05
8.6066e+05
8.5507e+05
8.4939e+05
8.4361e+05
8.3774e+05
8.3179e+05
8.2575e+05
8.1963e+05
8.1343e+05
8.0715e+05
8.008e+05
7.9438e+05
7.8788e+05
7.8132e+05
7.7469e+05
7.68e+05
7.6125e+05
7.5444e+05
7.4758e+05
7.4066e+05
7.3369e+05
7.2668e+05
7.1961e+05
7.1251e+05
7.0536e+05
6.9818e+05
6.9096e+05
6.837e+05
6.7642e+05
6.691e+05
6.6176e+05
6.544e+05
6.4701e+05
6.396e+05
6.3218e+05
6.2474e+05
6.1729e+05
6.0983e+05
6.0236e+05
5.9488e+05
5.874e+05
5.7992e+05
5.7245e+05
5.6497e+05
5.575e+05
5.5004e+05
5.4258e+05
5.3514e+05
5.2772e+05
5.203e+05
5.1291e+05
5.0553e+05
4.9818e+05
4.9085e+05
4.8354e+05
4.7627e+05
4.6902e+05
4.618e+05
4.5461e+05
4.4746e+05
4.4035e+05
4.3327e+05
4.2623e+05
4.1923e+05
4.1227e+05
4.0536e+05
3.9849e+05
3.9167e+05
3.849e+05
3.7818e+05
3.715e+05
3.6488e+05
3.5832e+05
3.518e+05
3.4534e+05
3.3894e+05
3.326e+05
3.2631e+05
3.2009e+05
3.1392e+05
3.0782e+05
3.0177e+05
2.958e+05
2.8988e+05
2.8403e+05
2.7825e+05
2.7253e+05
2.6688e+05
2.6129e+05
2.5577e+05
2.5032e+05
2.4494e+05
2.3963e+05
2.3439e+05
2.2921e+05
2.2411e+05
2.1908e+05
2.1412e+05
2.0923e+05
2.0441e+05
1.9966e+05
1.9498e+05
1.9037e+05
1.8583e+05
1.8137e+05
1.7697e+05
1.7265e+05
1.684e+05
1.6422e+05
1.601e+05
1.5606e+05
1.5209e+05
1.4819e+05
1.4436e+05
1.4059e+05
1.369e+05
1.3327e+05
1.2971e+05
1.2622e+05
1.228e+05
1.1944e+05
1.1615e+05
1.1292e+05
1.0976e+05
1.0666e+05
1.0363e+05
1.0066e+05
97752
94907
92124
89401
86738
84134
81589
79102
76673
74300
71982
69720
67512
65357
63256
61206
59207
57259
55360
53510
51708
49954
48245
46583
44965
43391
41861
40373
38926
37521
36155
34828
33541
32290
31077
29900
28758
27650
26577
25536
24528
23552
22606
21690
20804
19947
19117
18315
17539
16789
16065
15365
14689
14036
13406
12798
12211
11645
11099
10573
10066
9576.8
9105.8
8652.1
8215.1
7794.2
7389.1
6999.1
6623.8
6262.6
5915.1
5580.7
5259
4949.5
4651.8
4365.5
4090
3824.9
3569.9
3324.6
3088.4
2861.1
2642.1
2431.3
2228.1
2032.2
1843.3
1661
1485
1314.9
1150.4
991.23
837.03
687.51
542.38
401.34
264.12
130.43
0
