79050
82884
87002
91403
96081
1.0103e+05
1.0625e+05
1.1173e+05
1.1745e+05
1.2342e+05
1.2962e+05
1.3604e+05
1.4266e+05
1.4948e+05
1.5647e+05
1.6362e+05
1.7093e+05
1.7836e+05
1.859e+05
1.9354e+05
2.0126e+05
2.0903e+05
2.1684e+05
2.2466e+05
2.3249e+05
2.4029e+05
2.4806e+05
2.5576e+05
2.6338e+05
2.709e+05
2.7829e+05
2.8555e+05
2.9265e+05
2.9957e+05
3.0629e+05
3.128e+05
3.1909e+05
3.2512e+05
3.3089e+05
3.3639e+05
3.4159e+05
3.4649e+05
3.5107e+05
3.5533e+05
3.5925e+05
3.6282e+05
3.6603e+05
3.6889e+05
3.7137e+05
3.7348e+05
3.7521e+05
3.7656e+05
3.7752e+05
3.781e+05
3.7829e+05
3.781e+05
3.7753e+05
3.7658e+05
3.7526e+05
3.7356e+05
3.715e+05
3.6909e+05
3.6633e+05
3.6322e+05
3.5979e+05
3.5603e+05
3.5196e+05
3.476e+05
3.4294e+05
3.3801e+05
3.3282e+05
3.2739e+05
3.2171e+05
3.1582e+05
3.0972e+05
3.0343e+05
2.9697e+05
2.9034e+05
2.8357e+05
2.7667e+05
2.6965e+05
2.6254e+05
2.5534e+05
2.4807e+05
2.4075e+05
2.3339e+05
2.2601e+05
2.1862e+05
2.1123e+05
2.0386e+05
1.9653e+05
1.8924e+05
1.8201e+05
1.7486e+05
1.6779e+05
1.6081e+05
1.5394e+05
1.4719e+05
1.4057e+05
1.3409e+05
1.2775e+05
1.2158e+05
1.1557e+05
1.0973e+05
1.0408e+05
98616
93349
88284
83428
78786
74362
70162
66189
62447
58939
55668
52636
49845
47297
44992
42932
41116
39544
38216
37132
36289
35686
35322
35193
35297
35631
36192
36975
37977
39193
40619
42248
44076
46098
48305
50694
53256
55984
58873
61913
65097
68418
71866
75434
79112
82893
86766
90724
94756
98853
1.0301e+05
1.072e+05
1.1144e+05
1.157e+05
1.1998e+05
1.2427e+05
1.2856e+05
1.3284e+05
1.371e+05
1.4132e+05
1.4551e+05
1.4966e+05
1.5375e+05
1.5777e+05
1.6173e+05
1.656e+05
1.6939e+05
1.7309e+05
1.7668e+05
1.8017e+05
1.8355e+05
1.8681e+05
1.8994e+05
1.9295e+05
1.9582e+05
1.9856e+05
2.0115e+05
2.036e+05
2.0591e+05
2.0807e+05
2.1008e+05
2.1194e+05
2.1365e+05
2.152e+05
2.166e+05
2.1785e+05
2.1895e+05
2.1989e+05
2.2069e+05
2.2134e+05
2.2184e+05
2.2221e+05
2.2243e+05
2.2251e+05
2.2245e+05
2.2227e+05
2.2196e+05
2.2152e+05
2.2096e+05
2.2028e+05
2.1948e+05
2.1858e+05
2.1757e+05
2.1645e+05
2.1524e+05
2.1393e+05
2.1252e+05
2.1103e+05
2.0945e+05
2.0779e+05
2.0605e+05
2.0424e+05
2.0235e+05
2.0039e+05
1.9836e+05
1.9626e+05
1.941e+05
1.9188e+05
1.896e+05
1.8727e+05
1.8487e+05
1.8243e+05
1.7993e+05
1.7737e+05
1.7477e+05
1.7212e+05
1.6942e+05
1.6668e+05
1.6389e+05
1.6105e+05
1.5818e+05
1.5526e+05
1.523e+05
1.493e+05
1.4627e+05
1.432e+05
1.4009e+05
1.3695e+05
1.3378e+05
1.3059e+05
1.2736e+05
1.2412e+05
1.2085e+05
1.1757e+05
1.1427e+05
1.1096e+05
1.0764e+05
1.0432e+05
1.01e+05
97686
94377
91080
87801
84544
81313
78113
74949
71827
68750
65724
62754
59844
56999
54224
51522
48899
46358
43902
41535
39260
37081
34998
33015
31133
29353
27677
26103
24634
23267
22002
20838
19773
18805
17931
17147
16451
15838
15305
14846
14458
14134
13869
13659
13497
13377
13293
13240
13212
13202
13205
13215
13226
13234
13232
13217
13184
13128
13046
12935
12793
12615
12402
12151
11861
11534
11168
10764
10325
9852
9347.4
8814.3
8256.4
7677.4
7082
6474.8
5861
5246.3
4636.5
4037.6
3455.8
2897.7
2369.8
1878.5
1430.4
1032.1
689.81
409.7
197.69
59.377
0
24.394
136.93
341.46
641.29
1039.1
1537
2136.3
2837.6
3641
4545.6
5549.8
6651.3
7846.8
9132.4
10503
11954
13479
15070
16720
18421
20163
21938
23735
25543
27352
29151
30928
32672
34370
36012
37585
39078
40479
41779
42966
44030
44962
45754
46397
46884
47210
47370
47359
47174
46815
46281
45572
44692
43645
42435
41069
39556
37906
36129
34239
32249
30176
28036
25847
23631
21406
19196
17024
14914
12891
10981
9210.8
7607.9
6200
5015.2
4082.1
3429.1
3084.9
3077.8
3435.9
4187.1
5358.3
6976.2
9066.3
11653
14761
18411
22625
27423
32821
38838
45486
52779
60726
69338
78619
88574
99205
1.1051e+05
1.2249e+05
1.3513e+05
1.4844e+05
1.6239e+05
1.7698e+05
1.922e+05
2.0802e+05
2.2442e+05
2.4139e+05
2.5889e+05
2.7691e+05
2.9541e+05
3.1437e+05
3.3374e+05
3.5351e+05
3.7362e+05
3.9405e+05
4.1475e+05
4.3568e+05
4.5681e+05
4.7808e+05
4.9946e+05
5.2089e+05
5.4234e+05
5.6376e+05
5.851e+05
6.0631e+05
6.2735e+05
6.4818e+05
6.6873e+05
6.8898e+05
7.0887e+05
7.2835e+05
7.4739e+05
7.6595e+05
7.8397e+05
8.0142e+05
8.1826e+05
8.3445e+05
8.4996e+05
8.6475e+05
8.7879e+05
8.9205e+05
9.045e+05
9.1611e+05
9.2687e+05
9.3674e+05
9.4571e+05
9.5375e+05
9.6087e+05
9.6704e+05
9.7225e+05
9.765e+05
9.7978e+05
9.8208e+05
9.8341e+05
9.8378e+05
9.8317e+05
9.8161e+05
9.7909e+05
9.7564e+05
9.7126e+05
9.6597e+05
9.5979e+05
9.5274e+05
9.4483e+05
9.3609e+05
9.2656e+05
9.1624e+05
9.0517e+05
8.9339e+05
8.8092e+05
8.6779e+05
8.5403e+05
8.3969e+05
8.2478e+05
8.0936e+05
7.9346e+05
7.771e+05
7.6034e+05
7.432e+05
7.2573e+05
7.0796e+05
6.8992e+05
6.7166e+05
6.5322e+05
6.3462e+05
6.1591e+05
5.9713e+05
5.7829e+05
5.5945e+05
5.4064e+05
5.2188e+05
5.0321e+05
4.8466e+05
4.6627e+05
4.4805e+05
4.3003e+05
4.1225e+05
3.9473e+05
3.7749e+05
3.6055e+05
3.4394e+05
3.2767e+05
3.1177e+05
2.9625e+05
2.8113e+05
2.6642e+05
2.5213e+05
2.3828e+05
2.2487e+05
2.1192e+05
1.9943e+05
1.8741e+05
1.7587e+05
1.648e+05
1.5421e+05
1.4409e+05
1.3446e+05
1.2531e+05
1.1664e+05
1.0843e+05
1.007e+05
93422
86605
80235
74305
68806
63728
59061
54792
50910
47403
44258
41460
38997
36854
35017
33471
32201
31191
30427
29894
29575
29456
29522
29757
30147
30676
31331
32097
32960
33906
34922
35995
37114
38265
39438
40621
41803
42976
44128
45253
46340
47382
48373
49305
50172
50970
51693
52336
52898
53373
53761
54058
54264
54377
54398
54326
54163
53908
53564
53133
52617
52019
51342
50589
49764
48872
47916
46901
45831
44712
43547
42344
41105
39838
38546
37236
35911
34578
33242
31907
30579
29261
27959
26677
25419
24188
22990
21826
20701
19616
18576
17582
16636
15740
14896
14105
13367
12684
12055
11481
10961
10495
10083
9722
9412.2
9151.8
8939
8772
8648.7
8566.8
8523.9
8517.6
8545
8603.6
8690.3
8802.5
8937
9091
9261.4
9445.3
9639.6
9841.6
10048
10257
10465
10669
10868
11058
11238
11406
11558
11695
11814
11913
11992
12049
12084
12095
12083
12046
11985
11900
11791
11658
11503
11324
11124
10903
10663
10404
10128
9836.8
9531.2
9212.9
8883.6
8545.1
8199
7847.1
7491.1
7132.8
6773.9
6416.2
6061.4
5711
5366.8
5030.1
4702.5
4385.3
4079.8
3787.1
3508.4
3244.6
2996.6
2765
2550.6
2353.7
2174.8
2014
1871.5
1747.3
