7.4228e+05
7.4311e+05
7.4379e+05
7.4433e+05
7.4472e+05
7.4496e+05
7.4507e+05
7.4503e+05
7.4485e+05
7.4453e+05
7.4408e+05
7.4349e+05
7.4277e+05
7.4191e+05
7.4092e+05
7.3981e+05
7.3857e+05
7.372e+05
7.3571e+05
7.341e+05
7.3237e+05
7.3052e+05
7.2856e+05
7.2649e+05
7.2431e+05
7.2202e+05
7.1962e+05
7.1712e+05
7.1452e+05
7.1182e+05
7.0903e+05
7.0614e+05
7.0316e+05
7.001e+05
6.9694e+05
6.9371e+05
6.9039e+05
6.8699e+05
6.8352e+05
6.7998e+05
6.7637e+05
6.7268e+05
6.6894e+05
6.6513e+05
6.6126e+05
6.5733e+05
6.5335e+05
6.4932e+05
6.4523e+05
6.411e+05
6.3693e+05
6.3271e+05
6.2846e+05
6.2417e+05
6.1984e+05
6.1548e+05
6.111e+05
6.0668e+05
6.0224e+05
5.9778e+05
5.933e+05
5.8881e+05
5.843e+05
5.7977e+05
5.7524e+05
5.7069e+05
5.6615e+05
5.6159e+05
5.5704e+05
5.5249e+05
5.4793e+05
5.4339e+05
5.3885e+05
5.3431e+05
5.2979e+05
5.2528e+05
5.2078e+05
5.163e+05
5.1184e+05
5.0739e+05
5.0297e+05
4.9856e+05
4.9418e+05
4.8983e+05
4.855e+05
4.812e+05
4.7693e+05
4.7269e+05
4.6848e+05
4.643e+05
4.6016e+05
4.5605e+05
4.5198e+05
4.4794e+05
4.4394e+05
4.3998e+05
4.3606e+05
4.3218e+05
4.2834e+05
4.2454e+05
4.2079e+05
4.1708e+05
4.1341e+05
4.0978e+05
4.062e+05
4.0266e+05
3.9917e+05
3.9572e+05
3.9232e+05
3.8897e+05
3.8566e+05
3.8239e+05
3.7917e+05
3.76e+05
3.7287e+05
3.6979e+05
3.6675e+05
3.6376e+05
3.6082e+05
3.5792e+05
3.5507e+05
3.5225e+05
3.4949e+05
3.4677e+05
3.4409e+05
3.4145e+05
3.3886e+05
3.363e+05
3.3379e+05
3.3132e+05
3.2889e+05
3.265e+05
3.2415e+05
3.2184e+05
3.1957e+05
3.1733e+05
3.1512e+05
3.1296e+05
3.1082e+05
3.0873e+05
3.0666e+05
3.0462e+05
3.0262e+05
3.0065e+05
2.9871e+05
2.9679e+05
2.949e+05
2.9304e+05
2.9121e+05
2.894e+05
2.8761e+05
2.8585e+05
2.8411e+05
2.8238e+05
2.8068e+05
2.79e+05
2.7734e+05
2.7569e+05
2.7406e+05
2.7245e+05
2.7085e+05
2.6926e+05
2.6768e+05
2.6612e+05
2.6457e+05
2.6302e+05
2.6149e+05
2.5996e+05
2.5844e+05
2.5692e+05
2.5542e+05
2.5391e+05
2.5241e+05
2.5091e+05
2.4941e+05
2.4792e+05
2.4642e+05
2.4493e+05
2.4343e+05
2.4193e+05
2.4043e+05
2.3893e+05
2.3742e+05
2.3591e+05
2.344e+05
2.3287e+05
2.3135e+05
2.2981e+05
2.2827e+05
2.2673e+05
2.2517e+05
2.2361e+05
2.2204e+05
2.2046e+05
2.1887e+05
2.1727e+05
2.1566e+05
2.1405e+05
2.1242e+05
2.1078e+05
2.0914e+05
2.0748e+05
2.0581e+05
2.0414e+05
2.0245e+05
2.0075e+05
1.9905e+05
1.9733e+05
1.9561e+05
1.9387e+05
1.9213e+05
1.9037e+05
1.8861e+05
1.8684e+05
1.8506e+05
1.8328e+05
1.8148e+05
1.7969e+05
1.7788e+05
1.7607e+05
1.7425e+05
1.7243e+05
1.7061e+05
1.6878e+05
1.6695e+05
1.6512e+05
1.6329e+05
1.6145e+05
1.5962e+05
1.5779e+05
1.5596e+05
1.5413e+05
1.5231e+05
1.5049e+05
1.4868e+05
1.4687e+05
1.4507e+05
1.4328e+05
1.415e+05
1.3973e+05
1.3798e+05
1.3623e+05
1.345e+05
1.3279e+05
1.3109e+05
1.2941e+05
1.2774e+05
1.261e+05
1.2448e+05
1.2288e+05
1.213e+05
1.1975e+05
1.1822e+05
1.1673e+05
1.1526e+05
1.1382e+05
1.1241e+05
1.1103e+05
1.0969e+05
1.0839e+05
1.0712e+05
1.0588e+05
1.0469e+05
1.0354e+05
1.0243e+05
1.0136e+05
1.0033e+05
99357
98426
97544
96711
95930
95201
94525
93904
93340
92833
92385
91996
91669
91404
91203
91066
90996
90992
91057
91191
91395
91671
92020
92441
92938
93510
94158
94884
95688
96572
97535
98580
99706
1.0091e+05
1.0221e+05
1.0358e+05
1.0504e+05
1.0659e+05
1.0822e+05
1.0993e+05
1.1174e+05
1.1363e+05
1.1561e+05
1.1768e+05
1.1983e+05
1.2208e+05
1.2441e+05
1.2684e+05
1.2935e+05
1.3196e+05
1.3465e+05
1.3744e+05
1.4031e+05
1.4328e+05
1.4634e+05
1.4949e+05
1.5272e+05
1.5605e+05
1.5947e+05
1.6298e+05
1.6658e+05
1.7028e+05
1.7405e+05
1.7792e+05
1.8188e+05
1.8593e+05
1.9006e+05
1.9428e+05
1.9859e+05
2.0299e+05
2.0747e+05
2.1204e+05
2.1669e+05
2.2142e+05
2.2624e+05
2.3114e+05
2.3612e+05
2.4119e+05
2.4633e+05
2.5155e+05
2.5685e+05
2.6222e+05
2.6768e+05
2.732e+05
2.788e+05
2.8447e+05
2.9022e+05
2.9603e+05
3.0191e+05
3.0786e+05
3.1387e+05
3.1995e+05
3.2609e+05
3.323e+05
3.3856e+05
3.4489e+05
3.5127e+05
3.577e+05
3.642e+05
3.7074e+05
3.7733e+05
3.8398e+05
3.9067e+05
3.9741e+05
4.0419e+05
4.1101e+05
4.1788e+05
4.2478e+05
4.3172e+05
4.387e+05
4.4571e+05
4.5275e+05
4.5982e+05
4.6692e+05
4.7404e+05
4.8119e+05
4.8836e+05
4.9554e+05
5.0275e+05
5.0997e+05
5.1721e+05
5.2446e+05
5.3171e+05
5.3898e+05
5.4625e+05
5.5352e+05
5.608e+05
5.6807e+05
5.7535e+05
5.8261e+05
5.8987e+05
5.9712e+05
6.0436e+05
6.1159e+05
6.188e+05
6.2599e+05
6.3317e+05
6.4032e+05
6.4745e+05
6.5455e+05
6.6162e+05
6.6867e+05
6.7568e+05
6.8266e+05
6.896e+05
6.965e+05
7.0337e+05
7.1019e+05
7.1696e+05
7.2369e+05
7.3037e+05
7.37e+05
7.4358e+05
7.5011e+05
7.5657e+05
7.6298e+05
7.6933e+05
7.7562e+05
7.8184e+05
7.88e+05
7.9409e+05
8.0011e+05
8.0606e+05
8.1194e+05
8.1774e+05
8.2347e+05
8.2911e+05
8.3468e+05
8.4017e+05
8.4557e+05
8.5089e+05
8.5613e+05
8.6127e+05
8.6633e+05
8.713e+05
8.7617e+05
8.8095e+05
8.8564e+05
8.9023e+05
8.9472e+05
8.9912e+05
9.0341e+05
9.076e+05
9.1169e+05
9.1568e+05
9.1956e+05
9.2334e+05
9.2701e+05
9.3057e+05
9.3403e+05
9.3737e+05
9.406e+05
9.4372e+05
9.4673e+05
9.4963e+05
9.5241e+05
9.5508e+05
9.5763e+05
9.6007e+05
9.6239e+05
9.6459e+05
9.6668e+05
9.6864e+05
9.7049e+05
9.7222e+05
9.7383e+05
9.7532e+05
9.7669e+05
9.7794e+05
9.7907e+05
9.8007e+05
9.8096e+05
9.8173e+05
9.8237e+05
9.829e+05
9.833e+05
9.8358e+05
9.8374e+05
9.8378e+05
9.8369e+05
9.8349e+05
9.8317e+05
9.8272e+05
9.8216e+05
9.8148e+05
9.8068e+05
9.7975e+05
9.7871e+05
9.7756e+05
9.7628e+05
9.7489e+05
9.7338e+05
9.7176e+05
9.7002e+05
9.6816e+05
9.6619e+05
9.6411e+05
9.6192e+05
9.5961e+05
9.572e+05
9.5467e+05
9.5204e+05
9.493e+05
9.4645e+05
9.4349e+05
9.4043e+05
9.3727e+05
9.34e+05
9.3063e+05
9.2716e+05
9.2359e+05
9.1992e+05
9.1615e+05
9.1229e+05
9.0833e+05
9.0428e+05
9.0014e+05
8.9591e+05
8.9158e+05
8.8717e+05
8.8267e+05
8.7809e+05
8.7342e+05
8.6867e+05
8.6383e+05
8.5892e+05
8.5393e+05
8.4886e+05
8.4372e+05
8.385e+05
8.3321e+05
8.2785e+05
8.2242e+05
8.1692e+05
8.1135e+05
8.0572e+05
8.0003e+05
7.9428e+05
7.8847e+05
7.8259e+05
7.7667e+05
7.7068e+05
7.6465e+05
7.5856e+05
7.5243e+05
7.4624e+05
7.4001e+05
7.3373e+05
7.2741e+05
7.2105e+05
7.1465e+05
7.0821e+05
7.0174e+05
6.9523e+05
6.8869e+05
6.8211e+05
6.7551e+05
6.6888e+05
6.6222e+05
6.5554e+05
6.4883e+05
6.421e+05
6.3536e+05
6.2859e+05
6.2181e+05
6.1502e+05
6.0821e+05
6.0139e+05
5.9456e+05
5.8772e+05
5.8088e+05
5.7403e+05
5.6718e+05
5.6032e+05
5.5347e+05
5.4662e+05
5.3977e+05
5.3292e+05
5.2608e+05
5.1925e+05
5.1242e+05
5.0561e+05
4.9881e+05
4.9202e+05
4.8524e+05
4.7848e+05
4.7174e+05
4.6502e+05
4.5832e+05
4.5164e+05
4.4498e+05
4.3834e+05
4.3174e+05
4.2515e+05
4.186e+05
4.1207e+05
4.0558e+05
3.9911e+05
3.9268e+05
3.8629e+05
3.7992e+05
3.736e+05
3.6731e+05
3.6106e+05
3.5484e+05
3.4867e+05
3.4254e+05
3.3645e+05
3.304e+05
3.244e+05
3.1845e+05
3.1253e+05
3.0667e+05
3.0085e+05
2.9508e+05
2.8936e+05
2.8369e+05
2.7807e+05
2.7251e+05
2.6699e+05
2.6153e+05
2.5612e+05
2.5076e+05
2.4546e+05
2.4021e+05
2.3502e+05
2.2988e+05
2.2481e+05
2.1978e+05
2.1482e+05
2.0992e+05
2.0507e+05
2.0028e+05
1.9555e+05
1.9088e+05
1.8627e+05
1.8173e+05
1.7724e+05
1.7281e+05
1.6844e+05
1.6414e+05
1.5989e+05
1.5571e+05
1.5159e+05
1.4753e+05
1.4353e+05
1.396e+05
1.3572e+05
1.3191e+05
1.2816e+05
1.2448e+05
1.2085e+05
1.1729e+05
1.1379e+05
1.1035e+05
1.0697e+05
1.0365e+05
1.004e+05
97205
94072
91001
87990
85039
82149
79318
76548
73836
71183
68589
66054
63576
61156
58792
56486
54236
52041
49902
47818
45788
43812
41890
40020
38203
36438
34724
33060
31447
29883
28368
26901
25483
24111
22786
21506
20272
19082
17936
16833
15773
14755
13778
12841
11945
11087
10268
9486
8741.4
8033.1
7360.4
6722.5
6118.8
5548.5
5010.9
4505.2
4030.9
3587
3173
2788
2431.4
2102.5
1800.5
1524.7
1274.3
1048.8
847.29
669.13
513.61
380.03
267.67
175.84
103.85
51
16.612
0
0.4878
