9.8378e+05
9.789e+05
9.7396e+05
9.6896e+05
9.6391e+05
9.5881e+05
9.5365e+05
9.4844e+05
9.4318e+05
9.3787e+05
9.3251e+05
9.271e+05
9.2165e+05
9.1616e+05
9.1062e+05
9.0504e+05
8.9942e+05
8.9377e+05
8.8807e+05
8.8234e+05
8.7657e+05
8.7077e+05
8.6494e+05
8.5908e+05
8.5318e+05
8.4726e+05
8.4131e+05
8.3534e+05
8.2934e+05
8.2331e+05
8.1726e+05
8.112e+05
8.0511e+05
7.99e+05
7.9288e+05
7.8674e+05
7.8059e+05
7.7442e+05
7.6824e+05
7.6204e+05
7.5584e+05
7.4962e+05
7.434e+05
7.3717e+05
7.3094e+05
7.247e+05
7.1846e+05
7.1221e+05
7.0597e+05
6.9972e+05
6.9347e+05
6.8723e+05
6.8098e+05
6.7474e+05
6.6851e+05
6.6228e+05
6.5606e+05
6.4985e+05
6.4364e+05
6.3745e+05
6.3126e+05
6.2509e+05
6.1893e+05
6.1278e+05
6.0665e+05
6.0053e+05
5.9443e+05
5.8835e+05
5.8228e+05
5.7623e+05
5.7021e+05
5.642e+05
5.5821e+05
5.5225e+05
5.4631e+05
5.4039e+05
5.345e+05
5.2864e+05
5.228e+05
5.1698e+05
5.112e+05
5.0544e+05
4.9971e+05
4.9401e+05
4.8835e+05
4.8271e+05
4.7711e+05
4.7153e+05
4.6599e+05
4.6049e+05
4.5502e+05
4.4958e+05
4.4418e+05
4.3882e+05
4.3349e+05
4.282e+05
4.2295e+05
4.1774e+05
4.1257e+05
4.0743e+05
4.0234e+05
3.9728e+05
3.9227e+05
3.873e+05
3.8237e+05
3.7748e+05
3.7264e+05
3.6784e+05
3.6309e+05
3.5837e+05
3.5371e+05
3.4908e+05
3.4451e+05
3.3998e+05
3.3549e+05
3.3105e+05
3.2666e+05
3.2232e+05
3.1802e+05
3.1377e+05
3.0957e+05
3.0542e+05
3.0131e+05
2.9726e+05
2.9325e+05
2.893e+05
2.8539e+05
2.8153e+05
2.7773e+05
2.7397e+05
2.7026e+05
2.6661e+05
2.6301e+05
2.5945e+05
2.5595e+05
2.525e+05
2.491e+05
2.4575e+05
2.4246e+05
2.3921e+05
2.3602e+05
2.3288e+05
2.2979e+05
2.2676e+05
2.2377e+05
2.2084e+05
2.1796e+05
2.1514e+05
2.1236e+05
2.0964e+05
2.0697e+05
2.0436e+05
2.0179e+05
1.9928e+05
1.9682e+05
1.9442e+05
1.9206e+05
1.8976e+05
1.8751e+05
1.8531e+05
1.8317e+05
1.8107e+05
1.7903e+05
1.7704e+05
1.7511e+05
1.7322e+05
1.7139e+05
1.6961e+05
1.6788e+05
1.662e+05
1.6457e+05
1.6299e+05
1.6146e+05
1.5999e+05
1.5856e+05
1.5719e+05
1.5586e+05
1.5459e+05
1.5336e+05
1.5219e+05
1.5106e+05
1.4998e+05
1.4895e+05
1.4797e+05
1.4704e+05
1.4616e+05
1.4533e+05
1.4454e+05
1.438e+05
1.4311e+05
1.4246e+05
1.4187e+05
1.4131e+05
1.4081e+05
1.4035e+05
1.3994e+05
1.3957e+05
1.3924e+05
1.3897e+05
1.3873e+05
1.3854e+05
1.384e+05
1.3829e+05
1.3823e+05
1.3822e+05
1.3824e+05
1.3831e+05
1.3842e+05
1.3858e+05
1.3877e+05
1.39e+05
1.3928e+05
1.3959e+05
1.3995e+05
1.4034e+05
1.4078e+05
1.4125e+05
1.4176e+05
1.4231e+05
1.4289e+05
1.4352e+05
1.4418e+05
1.4487e+05
1.4561e+05
1.4637e+05
1.4718e+05
1.4802e+05
1.4889e+05
1.498e+05
1.5074e+05
1.5171e+05
1.5272e+05
1.5376e+05
1.5483e+05
1.5593e+05
1.5706e+05
1.5823e+05
1.5942e+05
1.6065e+05
1.619e+05
1.6319e+05
1.645e+05
1.6584e+05
1.6721e+05
1.686e+05
1.7003e+05
1.7147e+05
1.7295e+05
1.7445e+05
1.7598e+05
1.7753e+05
1.791e+05
1.807e+05
1.8232e+05
1.8397e+05
1.8564e+05
1.8732e+05
1.8904e+05
1.9077e+05
1.9252e+05
1.943e+05
1.9609e+05
1.979e+05
1.9973e+05
2.0158e+05
2.0345e+05
2.0534e+05
2.0724e+05
2.0916e+05
2.111e+05
2.1305e+05
2.1502e+05
2.17e+05
2.19e+05
2.2101e+05
2.2303e+05
2.2507e+05
2.2712e+05
2.2919e+05
2.3126e+05
2.3335e+05
2.3545e+05
2.3755e+05
2.3967e+05
2.418e+05
2.4394e+05
2.4608e+05
2.4824e+05
2.504e+05
2.5257e+05
2.5475e+05
2.5693e+05
2.5912e+05
2.6132e+05
2.6352e+05
2.6572e+05
2.6793e+05
2.7015e+05
2.7237e+05
2.7459e+05
2.7682e+05
2.7904e+05
2.8127e+05
2.835e+05
2.8574e+05
2.8797e+05
2.902e+05
2.9244e+05
2.9467e+05
2.969e+05
2.9913e+05
3.0136e+05
3.0359e+05
3.0582e+05
3.0804e+05
3.1026e+05
3.1248e+05
3.1469e+05
3.169e+05
3.1911e+05
3.2131e+05
3.235e+05
3.2569e+05
3.2787e+05
3.3005e+05
3.3222e+05
3.3438e+05
3.3654e+05
3.3868e+05
3.4082e+05
3.4295e+05
3.4508e+05
3.4719e+05
3.4929e+05
3.5139e+05
3.5347e+05
3.5554e+05
3.5761e+05
3.5966e+05
3.617e+05
3.6373e+05
3.6574e+05
3.6775e+05
3.6974e+05
3.7172e+05
3.7368e+05
3.7563e+05
3.7757e+05
3.795e+05
3.8141e+05
3.833e+05
3.8518e+05
3.8705e+05
3.889e+05
3.9073e+05
3.9255e+05
3.9435e+05
3.9614e+05
3.9791e+05
3.9966e+05
4.014e+05
4.0311e+05
4.0481e+05
4.065e+05
4.0816e+05
4.0981e+05
4.1143e+05
4.1304e+05
4.1463e+05
4.162e+05
4.1775e+05
4.1928e+05
4.2079e+05
4.2228e+05
4.2376e+05
4.2521e+05
4.2664e+05
4.2805e+05
4.2944e+05
4.308e+05
4.3215e+05
4.3347e+05
4.3478e+05
4.3606e+05
4.3732e+05
4.3856e+05
4.3977e+05
4.4096e+05
4.4214e+05
4.4328e+05
4.4441e+05
4.4551e+05
4.4659e+05
4.4765e+05
4.4868e+05
4.4969e+05
4.5068e+05
4.5164e+05
4.5258e+05
4.5349e+05
4.5439e+05
4.5525e+05
4.561e+05
4.5692e+05
4.5771e+05
4.5848e+05
4.5923e+05
4.5995e+05
4.6065e+05
4.6132e+05
4.6197e+05
4.626e+05
4.632e+05
4.6377e+05
4.6432e+05
4.6485e+05
4.6535e+05
4.6582e+05
4.6628e+05
4.667e+05
4.671e+05
4.6748e+05
4.6783e+05
4.6816e+05
4.6846e+05
4.6873e+05
4.6898e+05
4.6921e+05
4.6941e+05
4.6959e+05
4.6974e+05
4.6986e+05
4.6996e+05
4.7004e+05
4.7009e+05
4.7012e+05
4.7012e+05
4.701e+05
4.7005e+05
4.6998e+05
4.6988e+05
4.6976e+05
4.6961e+05
4.6944e+05
4.6925e+05
4.6903e+05
4.6878e+05
4.6851e+05
4.6822e+05
4.679e+05
4.6756e+05
4.672e+05
4.6681e+05
4.664e+05
4.6596e+05
4.655e+05
4.6502e+05
4.6451e+05
4.6398e+05
4.6343e+05
4.6285e+05
4.6225e+05
4.6163e+05
4.6098e+05
4.6031e+05
4.5962e+05
4.5891e+05
4.5817e+05
4.5742e+05
4.5664e+05
4.5583e+05
4.5501e+05
4.5416e+05
4.533e+05
4.5241e+05
4.515e+05
4.5057e+05
4.4961e+05
4.4864e+05
4.4764e+05
4.4663e+05
4.4559e+05
4.4454e+05
4.4346e+05
4.4237e+05
4.4125e+05
4.4011e+05
4.3896e+05
4.3778e+05
4.3659e+05
4.3538e+05
4.3414e+05
4.3289e+05
4.3162e+05
4.3034e+05
4.2903e+05
4.277e+05
4.2636e+05
4.25e+05
4.2363e+05
4.2223e+05
4.2082e+05
4.1939e+05
4.1794e+05
4.1648e+05
4.15e+05
4.1351e+05
4.12e+05
4.1047e+05
4.0893e+05
4.0737e+05
4.0579e+05
4.042e+05
4.026e+05
4.0098e+05
3.9935e+05
3.977e+05
3.9604e+05
3.9436e+05
3.9267e+05
3.9097e+05
3.8925e+05
3.8752e+05
3.8578e+05
3.8403e+05
3.8226e+05
3.8048e+05
3.7869e+05
3.7688e+05
3.7506e+05
3.7324e+05
3.714e+05
3.6955e+05
3.6769e+05
3.6581e+05
3.6393e+05
3.6204e+05
3.6013e+05
3.5822e+05
3.563e+05
3.5437e+05
3.5242e+05
3.5047e+05
3.4851e+05
3.4655e+05
3.4457e+05
3.4258e+05
3.4059e+05
3.3859e+05
3.3658e+05
3.3456e+05
3.3254e+05
3.3051e+05
3.2847e+05
3.2643e+05
3.2438e+05
3.2232e+05
3.2026e+05
3.1819e+05
3.1611e+05
3.1403e+05
3.1195e+05
3.0986e+05
3.0776e+05
3.0566e+05
3.0356e+05
3.0145e+05
2.9934e+05
2.9722e+05
2.951e+05
2.9297e+05
2.9085e+05
2.8872e+05
2.8658e+05
2.8445e+05
2.8231e+05
2.8017e+05
2.7802e+05
2.7588e+05
2.7373e+05
2.7158e+05
2.6943e+05
2.6728e+05
2.6513e+05
2.6298e+05
2.6083e+05
2.5867e+05
2.5652e+05
2.5436e+05
2.5221e+05
2.5005e+05
2.479e+05
2.4575e+05
2.4359e+05
2.4144e+05
2.3929e+05
2.3714e+05
2.3499e+05
2.3285e+05
2.307e+05
2.2856e+05
2.2642e+05
2.2428e+05
2.2215e+05
2.2001e+05
2.1788e+05
2.1575e+05
2.1363e+05
2.1151e+05
2.0939e+05
2.0727e+05
2.0516e+05
2.0306e+05
2.0095e+05
1.9885e+05
1.9676e+05
1.9467e+05
1.9258e+05
1.905e+05
1.8842e+05
1.8635e+05
1.8429e+05
1.8222e+05
1.8017e+05
1.7812e+05
1.7607e+05
1.7403e+05
1.72e+05
1.6997e+05
1.6795e+05
1.6594e+05
1.6393e+05
1.6192e+05
1.5993e+05
1.5794e+05
1.5596e+05
1.5398e+05
1.5202e+05
1.5005e+05
1.481e+05
1.4615e+05
1.4422e+05
1.4229e+05
1.4036e+05
1.3845e+05
1.3654e+05
1.3464e+05
1.3275e+05
1.3086e+05
1.2899e+05
1.2712e+05
1.2527e+05
1.2342e+05
1.2157e+05
1.1974e+05
1.1792e+05
1.1611e+05
1.143e+05
1.125e+05
1.1072e+05
1.0894e+05
1.0717e+05
1.0541e+05
1.0366e+05
1.0192e+05
1.0019e+05
98471
96760
95059
93368
91687
90015
88354
86703
85062
83431
81811
80201
78601
77012
75433
73865
72307
70760
69224
67699
66184
64680
63186
61704
60232
58772
57322
55884
54456
53039
51634
50239
48856
47484
46123
44773
43434
42107
40791
39486
38192
36909
35638
34378
33129
31892
30666
29451
28247
27055
25874
24705
23546
22399
21264
20139
19026
17924
16833
15754
14686
13629
12583
11548
10525
9512.9
8511.8
7521.8
6543
5575.2
4618.5
3672.8
2738.2
1814.5
901.77
0
