9.8378e+05
9.804e+05
9.7694e+05
9.7342e+05
9.6982e+05
9.6616e+05
9.6243e+05
9.5863e+05
9.5477e+05
9.5084e+05
9.4685e+05
9.428e+05
9.3869e+05
9.3451e+05
9.3028e+05
9.26e+05
9.2165e+05
9.1726e+05
9.1281e+05
9.083e+05
9.0375e+05
8.9914e+05
8.9449e+05
8.8979e+05
8.8504e+05
8.8025e+05
8.7542e+05
8.7054e+05
8.6562e+05
8.6066e+05
8.5566e+05
8.5062e+05
8.4554e+05
8.4043e+05
8.3529e+05
8.3011e+05
8.249e+05
8.1965e+05
8.1438e+05
8.0908e+05
8.0375e+05
7.984e+05
7.9302e+05
7.8761e+05
7.8219e+05
7.7674e+05
7.7126e+05
7.6577e+05
7.6026e+05
7.5474e+05
7.4919e+05
7.4363e+05
7.3806e+05
7.3247e+05
7.2687e+05
7.2126e+05
7.1564e+05
7.1001e+05
7.0437e+05
6.9872e+05
6.9307e+05
6.8741e+05
6.8175e+05
6.7609e+05
6.7042e+05
6.6475e+05
6.5908e+05
6.5341e+05
6.4775e+05
6.4208e+05
6.3642e+05
6.3077e+05
6.2511e+05
6.1947e+05
6.1383e+05
6.082e+05
6.0258e+05
5.9697e+05
5.9137e+05
5.8578e+05
5.802e+05
5.7463e+05
5.6908e+05
5.6354e+05
5.5802e+05
5.5252e+05
5.4703e+05
5.4156e+05
5.3611e+05
5.3067e+05
5.2526e+05
5.1987e+05
5.1449e+05
5.0915e+05
5.0382e+05
4.9852e+05
4.9324e+05
4.8798e+05
4.8275e+05
4.7755e+05
4.7237e+05
4.6722e+05
4.621e+05
4.5701e+05
4.5195e+05
4.4691e+05
4.4191e+05
4.3694e+05
4.3199e+05
4.2708e+05
4.2221e+05
4.1736e+05
4.1255e+05
4.0777e+05
4.0303e+05
3.9832e+05
3.9365e+05
3.8901e+05
3.8441e+05
3.7985e+05
3.7532e+05
3.7083e+05
3.6638e+05
3.6196e+05
3.5759e+05
3.5325e+05
3.4896e+05
3.447e+05
3.4048e+05
3.3631e+05
3.3217e+05
3.2808e+05
3.2403e+05
3.2001e+05
3.1605e+05
3.1212e+05
3.0823e+05
3.0439e+05
3.0059e+05
2.9684e+05
2.9313e+05
2.8946e+05
2.8583e+05
2.8225e+05
2.7872e+05
2.7522e+05
2.7178e+05
2.6837e+05
2.6502e+05
2.617e+05
2.5844e+05
2.5522e+05
2.5204e+05
2.4891e+05
2.4582e+05
2.4278e+05
2.3979e+05
2.3684e+05
2.3394e+05
2.3109e+05
2.2828e+05
2.2551e+05
2.228e+05
2.2013e+05
2.175e+05
2.1492e+05
2.1239e+05
2.099e+05
2.0747e+05
2.0507e+05
2.0272e+05
2.0042e+05
1.9817e+05
1.9596e+05
1.9379e+05
1.9168e+05
1.8961e+05
1.8758e+05
1.856e+05
1.8367e+05
1.8178e+05
1.7993e+05
1.7813e+05
1.7638e+05
1.7467e+05
1.7301e+05
1.7139e+05
1.6982e+05
1.6829e+05
1.668e+05
1.6536e+05
1.6396e+05
1.6261e+05
1.613e+05
1.6003e+05
1.5881e+05
1.5762e+05
1.5649e+05
1.5539e+05
1.5434e+05
1.5333e+05
1.5236e+05
1.5143e+05
1.5054e+05
1.497e+05
1.489e+05
1.4813e+05
1.4741e+05
1.4673e+05
1.4608e+05
1.4548e+05
1.4492e+05
1.4439e+05
1.4391e+05
1.4346e+05
1.4305e+05
1.4268e+05
1.4235e+05
1.4205e+05
1.4179e+05
1.4157e+05
1.4138e+05
1.4123e+05
1.4112e+05
1.4104e+05
1.41e+05
1.4099e+05
1.4101e+05
1.4107e+05
1.4117e+05
1.4129e+05
1.4145e+05
1.4165e+05
1.4187e+05
1.4213e+05
1.4242e+05
1.4274e+05
1.4309e+05
1.4347e+05
1.4388e+05
1.4433e+05
1.448e+05
1.453e+05
1.4583e+05
1.4638e+05
1.4697e+05
1.4758e+05
1.4822e+05
1.4889e+05
1.4959e+05
1.5031e+05
1.5105e+05
1.5183e+05
1.5262e+05
1.5344e+05
1.5429e+05
1.5516e+05
1.5605e+05
1.5697e+05
1.579e+05
1.5886e+05
1.5985e+05
1.6085e+05
1.6188e+05
1.6292e+05
1.6399e+05
1.6507e+05
1.6618e+05
1.673e+05
1.6845e+05
1.6961e+05
1.7079e+05
1.7198e+05
1.732e+05
1.7443e+05
1.7568e+05
1.7694e+05
1.7822e+05
1.7951e+05
1.8082e+05
1.8214e+05
1.8348e+05
1.8483e+05
1.862e+05
1.8757e+05
1.8896e+05
1.9036e+05
1.9178e+05
1.932e+05
1.9464e+05
1.9608e+05
1.9754e+05
1.99e+05
2.0048e+05
2.0196e+05
2.0346e+05
2.0496e+05
2.0647e+05
2.0798e+05
2.0951e+05
2.1104e+05
2.1257e+05
2.1412e+05
2.1567e+05
2.1722e+05
2.1878e+05
2.2034e+05
2.2191e+05
2.2348e+05
2.2506e+05
2.2664e+05
2.2822e+05
2.298e+05
2.3139e+05
2.3298e+05
2.3457e+05
2.3616e+05
2.3775e+05
2.3934e+05
2.4093e+05
2.4253e+05
2.4412e+05
2.4571e+05
2.473e+05
2.4889e+05
2.5048e+05
2.5206e+05
2.5364e+05
2.5522e+05
2.568e+05
2.5837e+05
2.5995e+05
2.6151e+05
2.6307e+05
2.6463e+05
2.6619e+05
2.6773e+05
2.6928e+05
2.7081e+05
2.7235e+05
2.7387e+05
2.7539e+05
2.769e+05
2.7841e+05
2.7991e+05
2.814e+05
2.8288e+05
2.8436e+05
2.8582e+05
2.8728e+05
2.8873e+05
2.9017e+05
2.9161e+05
2.9303e+05
2.9444e+05
2.9585e+05
2.9724e+05
2.9862e+05
3e+05
3.0136e+05
3.0271e+05
3.0405e+05
3.0538e+05
3.067e+05
3.08e+05
3.0929e+05
3.1058e+05
3.1185e+05
3.131e+05
3.1435e+05
3.1558e+05
3.168e+05
3.18e+05
3.1919e+05
3.2037e+05
3.2154e+05
3.2269e+05
3.2382e+05
3.2495e+05
3.2606e+05
3.2715e+05
3.2823e+05
3.2929e+05
3.3034e+05
3.3138e+05
3.324e+05
3.334e+05
3.3439e+05
3.3537e+05
3.3632e+05
3.3727e+05
3.3819e+05
3.391e+05
3.4e+05
3.4088e+05
3.4174e+05
3.4258e+05
3.4341e+05
3.4423e+05
3.4502e+05
3.458e+05
3.4656e+05
3.4731e+05
3.4804e+05
3.4875e+05
3.4944e+05
3.5012e+05
3.5078e+05
3.5142e+05
3.5205e+05
3.5266e+05
3.5325e+05
3.5382e+05
3.5438e+05
3.5491e+05
3.5543e+05
3.5594e+05
3.5642e+05
3.5689e+05
3.5734e+05
3.5777e+05
3.5818e+05
3.5858e+05
3.5896e+05
3.5932e+05
3.5966e+05
3.5998e+05
3.6029e+05
3.6058e+05
3.6085e+05
3.611e+05
3.6133e+05
3.6155e+05
3.6175e+05
3.6193e+05
3.6209e+05
3.6223e+05
3.6236e+05
3.6247e+05
3.6256e+05
3.6263e+05
3.6269e+05
3.6273e+05
3.6275e+05
3.6275e+05
3.6273e+05
3.627e+05
3.6265e+05
3.6258e+05
3.6249e+05
3.6239e+05
3.6227e+05
3.6213e+05
3.6197e+05
3.618e+05
3.6161e+05
3.614e+05
3.6117e+05
3.6093e+05
3.6067e+05
3.6039e+05
3.601e+05
3.5979e+05
3.5946e+05
3.5912e+05
3.5876e+05
3.5838e+05
3.5798e+05
3.5757e+05
3.5715e+05
3.567e+05
3.5624e+05
3.5577e+05
3.5528e+05
3.5477e+05
3.5424e+05
3.537e+05
3.5315e+05
3.5258e+05
3.5199e+05
3.5139e+05
3.5077e+05
3.5014e+05
3.4949e+05
3.4883e+05
3.4815e+05
3.4745e+05
3.4675e+05
3.4602e+05
3.4529e+05
3.4453e+05
3.4377e+05
3.4299e+05
3.4219e+05
3.4138e+05
3.4056e+05
3.3972e+05
3.3887e+05
3.3801e+05
3.3713e+05
3.3624e+05
3.3534e+05
3.3442e+05
3.3349e+05
3.3254e+05
3.3158e+05
3.3062e+05
3.2963e+05
3.2864e+05
3.2763e+05
3.2661e+05
3.2558e+05
3.2453e+05
3.2348e+05
3.2241e+05
3.2133e+05
3.2024e+05
3.1914e+05
3.1802e+05
3.169e+05
3.1576e+05
3.1461e+05
3.1346e+05
3.1229e+05
3.1111e+05
3.0992e+05
3.0872e+05
3.0751e+05
3.0628e+05
3.0505e+05
3.0381e+05
3.0256e+05
3.013e+05
3.0003e+05
2.9875e+05
2.9746e+05
2.9617e+05
2.9486e+05
2.9355e+05
2.9222e+05
2.9089e+05
2.8955e+05
2.882e+05
2.8684e+05
2.8548e+05
2.841e+05
2.8272e+05
2.8133e+05
2.7993e+05
2.7853e+05
2.7712e+05
2.757e+05
2.7427e+05
2.7284e+05
2.714e+05
2.6995e+05
2.685e+05
2.6704e+05
2.6557e+05
2.641e+05
2.6262e+05
2.6114e+05
2.5965e+05
2.5815e+05
2.5665e+05
2.5514e+05
2.5363e+05
2.5212e+05
2.5059e+05
2.4907e+05
2.4753e+05
2.46e+05
2.4445e+05
2.4291e+05
2.4136e+05
2.398e+05
2.3824e+05
2.3668e+05
2.3511e+05
2.3354e+05
2.3197e+05
2.3039e+05
2.2881e+05
2.2723e+05
2.2564e+05
2.2405e+05
2.2245e+05
2.2086e+05
2.1926e+05
2.1766e+05
2.1605e+05
2.1445e+05
2.1284e+05
2.1123e+05
2.0962e+05
2.08e+05
2.0638e+05
2.0477e+05
2.0315e+05
2.0153e+05
1.999e+05
1.9828e+05
1.9665e+05
1.9503e+05
1.934e+05
1.9177e+05
1.9015e+05
1.8852e+05
1.8689e+05
1.8526e+05
1.8363e+05
1.82e+05
1.8037e+05
1.7874e+05
1.7711e+05
1.7548e+05
1.7385e+05
1.7222e+05
1.7059e+05
1.6896e+05
1.6734e+05
1.6571e+05
1.6408e+05
1.6246e+05
1.6084e+05
1.5921e+05
1.5759e+05
1.5598e+05
1.5436e+05
1.5274e+05
1.5113e+05
1.4952e+05
1.479e+05
1.463e+05
1.4469e+05
1.4309e+05
1.4148e+05
1.3988e+05
1.3829e+05
1.3669e+05
1.351e+05
1.3351e+05
1.3192e+05
1.3034e+05
1.2876e+05
1.2718e+05
1.2561e+05
1.2403e+05
1.2247e+05
1.209e+05
1.1934e+05
1.1778e+05
1.1623e+05
1.1468e+05
1.1313e+05
1.1158e+05
1.1005e+05
1.0851e+05
1.0698e+05
1.0545e+05
1.0393e+05
1.0241e+05
1.009e+05
99386
97881
96380
94884
93392
91905
90423
88946
87474
86007
84545
83089
81637
80191
78750
77315
75885
74460
73041
71628
70221
68819
67423
66033
64649
63271
61899
60533
59173
57820
56472
55131
53797
52469
51147
49832
48523
47221
45925
44636
43354
42079
40811
39549
38295
37047
35806
34572
33346
32126
30914
29709
28511
27320
26137
24961
23792
22630
21477
20330
19191
18060
16936
15819
14710
13609
12516
11430
10352
9281.6
8219
7164.2
6117.1
5077.9
4046.6
3023.1
2007.5
999.78
0
