1.6566e+05
1.7027e+05
1.7489e+05
1.795e+05
1.8412e+05
1.8872e+05
1.933e+05
1.9786e+05
2.0238e+05
2.0688e+05
2.1133e+05
2.1574e+05
2.2009e+05
2.2439e+05
2.2863e+05
2.328e+05
2.369e+05
2.4093e+05
2.4488e+05
2.4874e+05
2.5252e+05
2.5621e+05
2.598e+05
2.633e+05
2.667e+05
2.7e+05
2.732e+05
2.7628e+05
2.7926e+05
2.8213e+05
2.8489e+05
2.8754e+05
2.9007e+05
2.9249e+05
2.9479e+05
2.9698e+05
2.9905e+05
3.0101e+05
3.0285e+05
3.0458e+05
3.062e+05
3.0771e+05
3.0911e+05
3.1039e+05
3.1157e+05
3.1265e+05
3.1362e+05
3.145e+05
3.1527e+05
3.1595e+05
3.1654e+05
3.1703e+05
3.1744e+05
3.1777e+05
3.1802e+05
3.1819e+05
3.1829e+05
3.1831e+05
3.1828e+05
3.1818e+05
3.1803e+05
3.1782e+05
3.1756e+05
3.1726e+05
3.1692e+05
3.1654e+05
3.1613e+05
3.157e+05
3.1523e+05
3.1475e+05
3.1426e+05
3.1375e+05
3.1324e+05
3.1273e+05
3.1222e+05
3.1171e+05
3.1122e+05
3.1073e+05
3.1027e+05
3.0983e+05
3.0941e+05
3.0902e+05
3.0867e+05
3.0835e+05
3.0806e+05
3.0782e+05
3.0763e+05
3.0748e+05
3.0738e+05
3.0734e+05
3.0735e+05
3.0741e+05
3.0754e+05
3.0772e+05
3.0797e+05
3.0828e+05
3.0866e+05
3.091e+05
3.0961e+05
3.1019e+05
3.1084e+05
3.1155e+05
3.1234e+05
3.1319e+05
3.1411e+05
3.151e+05
3.1615e+05
3.1728e+05
3.1847e+05
3.1972e+05
3.2104e+05
3.2242e+05
3.2386e+05
3.2536e+05
3.2691e+05
3.2852e+05
3.3018e+05
3.319e+05
3.3366e+05
3.3546e+05
3.3731e+05
3.3919e+05
3.4112e+05
3.4307e+05
3.4506e+05
3.4707e+05
3.4911e+05
3.5116e+05
3.5323e+05
3.5532e+05
3.5741e+05
3.5951e+05
3.6161e+05
3.637e+05
3.6579e+05
3.6787e+05
3.6994e+05
3.7199e+05
3.7401e+05
3.7602e+05
3.7799e+05
3.7993e+05
3.8183e+05
3.8369e+05
3.855e+05
3.8727e+05
3.8898e+05
3.9064e+05
3.9225e+05
3.9378e+05
3.9526e+05
3.9666e+05
3.9799e+05
3.9925e+05
4.0043e+05
4.0153e+05
4.0255e+05
4.0348e+05
4.0432e+05
4.0507e+05
4.0573e+05
4.063e+05
4.0676e+05
4.0713e+05
4.074e+05
4.0757e+05
4.0764e+05
4.076e+05
4.0745e+05
4.0721e+05
4.0685e+05
4.0639e+05
4.0582e+05
4.0515e+05
4.0436e+05
4.0347e+05
4.0248e+05
4.0137e+05
4.0016e+05
3.9885e+05
3.9743e+05
3.959e+05
3.9428e+05
3.9255e+05
3.9073e+05
3.8881e+05
3.8679e+05
3.8468e+05
3.8247e+05
3.8018e+05
3.7779e+05
3.7532e+05
3.7277e+05
3.7014e+05
3.6743e+05
3.6464e+05
3.6178e+05
3.5886e+05
3.5586e+05
3.528e+05
3.4968e+05
3.4651e+05
3.4327e+05
3.3999e+05
3.3666e+05
3.3329e+05
3.2987e+05
3.2642e+05
3.2293e+05
3.1941e+05
3.1587e+05
3.123e+05
3.0871e+05
3.051e+05
3.0148e+05
2.9785e+05
2.9421e+05
2.9056e+05
2.8692e+05
2.8327e+05
2.7963e+05
2.76e+05
2.7239e+05
2.6878e+05
2.652e+05
2.6163e+05
2.5809e+05
2.5457e+05
2.5108e+05
2.4761e+05
2.4419e+05
2.4079e+05
2.3744e+05
2.3412e+05
2.3084e+05
2.2761e+05
2.2442e+05
2.2127e+05
2.1817e+05
2.1512e+05
2.1213e+05
2.0918e+05
2.0628e+05
2.0344e+05
2.0065e+05
1.9791e+05
1.9523e+05
1.926e+05
1.9003e+05
1.8751e+05
1.8505e+05
1.8264e+05
1.8029e+05
1.78e+05
1.7575e+05
1.7356e+05
1.7142e+05
1.6934e+05
1.673e+05
1.6532e+05
1.6338e+05
1.6149e+05
1.5965e+05
1.5785e+05
1.561e+05
1.5439e+05
1.5271e+05
1.5108e+05
1.4948e+05
1.4792e+05
1.4639e+05
1.449e+05
1.4343e+05
1.4199e+05
1.4057e+05
1.3918e+05
1.3781e+05
1.3646e+05
1.3512e+05
1.338e+05
1.3249e+05
1.312e+05
1.2991e+05
1.2862e+05
1.2734e+05
1.2607e+05
1.2479e+05
1.2351e+05
1.2222e+05
1.2093e+05
1.1963e+05
1.1833e+05
1.1701e+05
1.1567e+05
1.1432e+05
1.1296e+05
1.1157e+05
1.1017e+05
1.0875e+05
1.073e+05
1.0583e+05
1.0434e+05
1.0282e+05
1.0127e+05
99701
98101
96473
94816
93131
91417
89673
87901
86101
84271
82414
80530
78619
76683
74722
72737
70731
68703
66656
64591
62510
60416
58309
56193
54069
51940
49808
47677
45548
43425
41311
39209
37122
35053
33005
30983
28989
27028
25102
23217
21375
19581
17838
16150
14523
12959
11462
10038
8690.3
7422.9
6240.1
5146.2
4145.6
3242.3
2440.7
1745
1159.3
687.88
334.78
104.14
0
26.356
187.15
486.25
927.48
1514.6
2251.2
3140.8
4187
5393.2
6762.6
8298.3
10003
11881
13934
16164
18575
21169
23948
26915
30070
33417
36957
40691
44620
48746
53071
57593
62316
67238
72360
77683
83206
88929
94851
1.0097e+05
1.0729e+05
1.1381e+05
1.2052e+05
1.2743e+05
1.3453e+05
1.4182e+05
1.493e+05
1.5697e+05
1.6482e+05
1.7286e+05
1.8108e+05
1.8947e+05
1.9803e+05
2.0677e+05
2.1567e+05
2.2474e+05
2.3397e+05
2.4335e+05
2.5288e+05
2.6256e+05
2.7239e+05
2.8235e+05
2.9244e+05
3.0267e+05
3.1301e+05
3.2348e+05
3.3406e+05
3.4474e+05
3.5553e+05
3.6641e+05
3.7738e+05
3.8844e+05
3.9957e+05
4.1078e+05
4.2205e+05
4.3338e+05
4.4476e+05
4.5619e+05
4.6765e+05
4.7915e+05
4.9068e+05
5.0222e+05
5.1377e+05
5.2533e+05
5.3689e+05
5.4844e+05
5.5997e+05
5.7148e+05
5.8295e+05
5.9439e+05
6.0579e+05
6.1713e+05
6.2841e+05
6.3963e+05
6.5078e+05
6.6184e+05
6.7281e+05
6.837e+05
6.9448e+05
7.0515e+05
7.1571e+05
7.2614e+05
7.3645e+05
7.4662e+05
7.5665e+05
7.6654e+05
7.7627e+05
7.8583e+05
7.9524e+05
8.0447e+05
8.1352e+05
8.2239e+05
8.3106e+05
8.3955e+05
8.4783e+05
8.5591e+05
8.6377e+05
8.7142e+05
8.7885e+05
8.8606e+05
8.9304e+05
8.9978e+05
9.0628e+05
9.1255e+05
9.1857e+05
9.2434e+05
9.2985e+05
9.3512e+05
9.4012e+05
9.4486e+05
9.4934e+05
9.5355e+05
9.575e+05
9.6117e+05
9.6458e+05
9.677e+05
9.7056e+05
9.7313e+05
9.7543e+05
9.7745e+05
9.7919e+05
9.8066e+05
9.8184e+05
9.8274e+05
9.8337e+05
9.8371e+05
9.8378e+05
9.8356e+05
9.8308e+05
9.8231e+05
9.8127e+05
9.7996e+05
9.7838e+05
9.7653e+05
9.7441e+05
9.7202e+05
9.6937e+05
9.6647e+05
9.633e+05
9.5988e+05
9.5621e+05
9.523e+05
9.4813e+05
9.4373e+05
9.3909e+05
9.3422e+05
9.2911e+05
9.2378e+05
9.1823e+05
9.1246e+05
9.0648e+05
9.003e+05
8.9391e+05
8.8732e+05
8.8054e+05
8.7356e+05
8.6641e+05
8.5908e+05
8.5157e+05
8.439e+05
8.3607e+05
8.2808e+05
8.1994e+05
8.1165e+05
8.0322e+05
7.9466e+05
7.8598e+05
7.7717e+05
7.6824e+05
7.592e+05
7.5006e+05
7.4082e+05
7.3148e+05
7.2206e+05
7.1256e+05
7.0298e+05
6.9333e+05
6.8362e+05
6.7385e+05
6.6403e+05
6.5416e+05
6.4425e+05
6.3431e+05
6.2434e+05
6.1434e+05
6.0433e+05
5.943e+05
5.8427e+05
5.7424e+05
5.6421e+05
5.5419e+05
5.4419e+05
5.342e+05
5.2424e+05
5.1431e+05
5.0441e+05
4.9456e+05
4.8475e+05
4.7498e+05
4.6527e+05
4.5562e+05
4.4603e+05
4.365e+05
4.2705e+05
4.1767e+05
4.0837e+05
3.9915e+05
3.9002e+05
3.8097e+05
3.7202e+05
3.6316e+05
3.5441e+05
3.4575e+05
3.372e+05
3.2876e+05
3.2043e+05
3.1221e+05
3.0411e+05
2.9612e+05
2.8826e+05
2.8052e+05
2.729e+05
2.6541e+05
2.5804e+05
2.508e+05
2.437e+05
2.3673e+05
2.2989e+05
2.2318e+05
2.1661e+05
2.1018e+05
2.0388e+05
1.9772e+05
1.9169e+05
1.8581e+05
1.8006e+05
1.7446e+05
1.6899e+05
1.6366e+05
1.5847e+05
1.5341e+05
1.485e+05
1.4372e+05
1.3908e+05
1.3457e+05
1.302e+05
1.2596e+05
1.2186e+05
1.1789e+05
1.1405e+05
1.1034e+05
1.0676e+05
1.033e+05
99974
96770
93689
90729
87888
85166
82559
80065
77684
75413
73249
71191
69237
67385
65632
63975
62414
60945
59566
58275
57069
55946
54904
53940
53051
52236
51492
50816
50206
49660
49174
48747
48377
48060
47794
47577
47407
47281
47197
47153
47146
47174
47234
47326
47445
47592
47762
47954
48167
48397
48644
48905
49178
49462
49755
50055
50360
50669
50980
51292
51603
51911
52216
52516
52809
53095
53372
53639
53895
54139
54369
54586
54788
54975
55145
55298
55432
55549
55646
55724
55782
55819
55835
55830
55803
55755
55685
55592
55478
55341
55181
54999
54795
54569
54320
54050
53758
53444
53109
52753
52376
51979
51562
51125
50669
50194
49702
49191
48663
