9.8378e+05
9.817e+05
9.7955e+05
9.7732e+05
9.7501e+05
9.7262e+05
9.7016e+05
9.6763e+05
9.6502e+05
9.6235e+05
9.596e+05
9.5678e+05
9.5389e+05
9.5093e+05
9.4791e+05
9.4482e+05
9.4167e+05
9.3845e+05
9.3516e+05
9.3182e+05
9.2842e+05
9.2495e+05
9.2143e+05
9.1785e+05
9.1421e+05
9.1051e+05
9.0676e+05
9.0296e+05
8.991e+05
8.952e+05
8.9124e+05
8.8723e+05
8.8317e+05
8.7907e+05
8.7492e+05
8.7072e+05
8.6648e+05
8.6219e+05
8.5786e+05
8.5349e+05
8.4908e+05
8.4463e+05
8.4015e+05
8.3562e+05
8.3106e+05
8.2646e+05
8.2183e+05
8.1716e+05
8.1247e+05
8.0774e+05
8.0298e+05
7.9819e+05
7.9337e+05
7.8852e+05
7.8365e+05
7.7875e+05
7.7383e+05
7.6889e+05
7.6392e+05
7.5893e+05
7.5392e+05
7.4889e+05
7.4384e+05
7.3877e+05
7.3368e+05
7.2858e+05
7.2347e+05
7.1834e+05
7.1319e+05
7.0804e+05
7.0287e+05
6.9769e+05
6.9251e+05
6.8731e+05
6.8211e+05
6.769e+05
6.7168e+05
6.6646e+05
6.6123e+05
6.56e+05
6.5076e+05
6.4553e+05
6.4029e+05
6.3505e+05
6.2982e+05
6.2458e+05
6.1935e+05
6.1412e+05
6.0889e+05
6.0367e+05
5.9845e+05
5.9324e+05
5.8804e+05
5.8284e+05
5.7765e+05
5.7247e+05
5.673e+05
5.6214e+05
5.5699e+05
5.5186e+05
5.4673e+05
5.4162e+05
5.3652e+05
5.3144e+05
5.2637e+05
5.2132e+05
5.1629e+05
5.1127e+05
5.0627e+05
5.0129e+05
4.9632e+05
4.9138e+05
4.8646e+05
4.8156e+05
4.7668e+05
4.7182e+05
4.6698e+05
4.6217e+05
4.5738e+05
4.5261e+05
4.4787e+05
4.4316e+05
4.3847e+05
4.338e+05
4.2917e+05
4.2456e+05
4.1998e+05
4.1542e+05
4.109e+05
4.064e+05
4.0194e+05
3.975e+05
3.931e+05
3.8872e+05
3.8438e+05
3.8007e+05
3.7579e+05
3.7154e+05
3.6733e+05
3.6315e+05
3.59e+05
3.5489e+05
3.5081e+05
3.4677e+05
3.4276e+05
3.3879e+05
3.3485e+05
3.3095e+05
3.2708e+05
3.2325e+05
3.1946e+05
3.1571e+05
3.1199e+05
3.0831e+05
3.0467e+05
3.0107e+05
2.9751e+05
2.9398e+05
2.9049e+05
2.8705e+05
2.8364e+05
2.8027e+05
2.7694e+05
2.7365e+05
2.7041e+05
2.672e+05
2.6403e+05
2.6091e+05
2.5782e+05
2.5477e+05
2.5177e+05
2.4881e+05
2.4589e+05
2.4301e+05
2.4017e+05
2.3737e+05
2.3462e+05
2.3191e+05
2.2923e+05
2.2661e+05
2.2402e+05
2.2147e+05
2.1897e+05
2.1651e+05
2.1409e+05
2.1172e+05
2.0938e+05
2.0709e+05
2.0484e+05
2.0264e+05
2.0047e+05
1.9835e+05
1.9627e+05
1.9424e+05
1.9224e+05
1.9029e+05
1.8838e+05
1.8651e+05
1.8469e+05
1.829e+05
1.8116e+05
1.7946e+05
1.778e+05
1.7619e+05
1.7461e+05
1.7308e+05
1.7159e+05
1.7014e+05
1.6873e+05
1.6736e+05
1.6604e+05
1.6475e+05
1.6351e+05
1.623e+05
1.6114e+05
1.6002e+05
1.5894e+05
1.5789e+05
1.5689e+05
1.5593e+05
1.5501e+05
1.5412e+05
1.5328e+05
1.5247e+05
1.5171e+05
1.5098e+05
1.5029e+05
1.4964e+05
1.4903e+05
1.4845e+05
1.4792e+05
1.4742e+05
1.4696e+05
1.4653e+05
1.4614e+05
1.4579e+05
1.4548e+05
1.452e+05
1.4495e+05
1.4474e+05
1.4457e+05
1.4443e+05
1.4433e+05
1.4426e+05
1.4423e+05
1.4423e+05
1.4427e+05
1.4433e+05
1.4443e+05
1.4457e+05
1.4473e+05
1.4493e+05
1.4516e+05
1.4543e+05
1.4572e+05
1.4605e+05
1.464e+05
1.4679e+05
1.4721e+05
1.4766e+05
1.4813e+05
1.4864e+05
1.4918e+05
1.4974e+05
1.5033e+05
1.5095e+05
1.516e+05
1.5228e+05
1.5298e+05
1.5371e+05
1.5447e+05
1.5525e+05
1.5606e+05
1.5689e+05
1.5775e+05
1.5864e+05
1.5955e+05
1.6048e+05
1.6144e+05
1.6242e+05
1.6342e+05
1.6444e+05
1.6549e+05
1.6656e+05
1.6766e+05
1.6877e+05
1.699e+05
1.7106e+05
1.7223e+05
1.7343e+05
1.7465e+05
1.7588e+05
1.7713e+05
1.7841e+05
1.797e+05
1.81e+05
1.8233e+05
1.8367e+05
1.8503e+05
1.8641e+05
1.878e+05
1.8921e+05
1.9063e+05
1.9207e+05
1.9352e+05
1.9499e+05
1.9647e+05
1.9797e+05
1.9947e+05
2.0099e+05
2.0253e+05
2.0407e+05
2.0563e+05
2.072e+05
2.0878e+05
2.1037e+05
2.1197e+05
2.1358e+05
2.1521e+05
2.1684e+05
2.1848e+05
2.2012e+05
2.2178e+05
2.2345e+05
2.2512e+05
2.268e+05
2.2849e+05
2.3018e+05
2.3188e+05
2.3358e+05
2.3529e+05
2.3701e+05
2.3873e+05
2.4046e+05
2.4219e+05
2.4392e+05
2.4566e+05
2.474e+05
2.4915e+05
2.5089e+05
2.5264e+05
2.5439e+05
2.5615e+05
2.579e+05
2.5966e+05
2.6141e+05
2.6317e+05
2.6492e+05
2.6668e+05
2.6844e+05
2.7019e+05
2.7194e+05
2.737e+05
2.7545e+05
2.772e+05
2.7894e+05
2.8069e+05
2.8243e+05
2.8416e+05
2.859e+05
2.8763e+05
2.8935e+05
2.9108e+05
2.9279e+05
2.945e+05
2.9621e+05
2.9791e+05
2.9961e+05
3.013e+05
3.0298e+05
3.0466e+05
3.0633e+05
3.0799e+05
3.0965e+05
3.113e+05
3.1294e+05
3.1457e+05
3.1619e+05
3.1781e+05
3.1941e+05
3.2101e+05
3.226e+05
3.2418e+05
3.2575e+05
3.2731e+05
3.2886e+05
3.3039e+05
3.3192e+05
3.3344e+05
3.3494e+05
3.3644e+05
3.3792e+05
3.3939e+05
3.4085e+05
3.423e+05
3.4373e+05
3.4515e+05
3.4656e+05
3.4796e+05
3.4934e+05
3.5071e+05
3.5207e+05
3.5341e+05
3.5474e+05
3.5606e+05
3.5736e+05
3.5864e+05
3.5991e+05
3.6117e+05
3.6241e+05
3.6364e+05
3.6485e+05
3.6604e+05
3.6723e+05
3.6839e+05
3.6954e+05
3.7067e+05
3.7179e+05
3.7289e+05
3.7397e+05
3.7504e+05
3.7609e+05
3.7712e+05
3.7814e+05
3.7914e+05
3.8012e+05
3.8109e+05
3.8204e+05
3.8297e+05
3.8388e+05
3.8477e+05
3.8565e+05
3.8651e+05
3.8735e+05
3.8817e+05
3.8898e+05
3.8976e+05
3.9053e+05
3.9128e+05
3.9201e+05
3.9272e+05
3.9341e+05
3.9409e+05
3.9474e+05
3.9538e+05
3.9599e+05
3.9659e+05
3.9717e+05
3.9773e+05
3.9827e+05
3.9879e+05
3.9929e+05
3.9977e+05
4.0023e+05
4.0067e+05
4.0109e+05
4.015e+05
4.0188e+05
4.0224e+05
4.0259e+05
4.0291e+05
4.0321e+05
4.0349e+05
4.0376e+05
4.04e+05
4.0423e+05
4.0443e+05
4.0461e+05
4.0478e+05
4.0492e+05
4.0504e+05
4.0514e+05
4.0523e+05
4.0529e+05
4.0533e+05
4.0536e+05
4.0536e+05
4.0534e+05
4.053e+05
4.0525e+05
4.0517e+05
4.0507e+05
4.0495e+05
4.0482e+05
4.0466e+05
4.0448e+05
4.0429e+05
4.0407e+05
4.0383e+05
4.0357e+05
4.033e+05
4.03e+05
4.0268e+05
4.0235e+05
4.0199e+05
4.0162e+05
4.0122e+05
4.0081e+05
4.0038e+05
3.9992e+05
3.9945e+05
3.9896e+05
3.9845e+05
3.9792e+05
3.9737e+05
3.968e+05
3.9621e+05
3.9561e+05
3.9498e+05
3.9434e+05
3.9368e+05
3.93e+05
3.923e+05
3.9158e+05
3.9084e+05
3.9009e+05
3.8931e+05
3.8852e+05
3.8771e+05
3.8688e+05
3.8604e+05
3.8518e+05
3.8429e+05
3.834e+05
3.8248e+05
3.8155e+05
3.806e+05
3.7963e+05
3.7864e+05
3.7764e+05
3.7662e+05
3.7558e+05
3.7453e+05
3.7346e+05
3.7237e+05
3.7127e+05
3.7015e+05
3.6902e+05
3.6787e+05
3.667e+05
3.6552e+05
3.6432e+05
3.631e+05
3.6187e+05
3.6063e+05
3.5936e+05
3.5809e+05
3.568e+05
3.5549e+05
3.5417e+05
3.5284e+05
3.5149e+05
3.5012e+05
3.4874e+05
3.4735e+05
3.4594e+05
3.4452e+05
3.4309e+05
3.4164e+05
3.4018e+05
3.387e+05
3.3721e+05
3.3571e+05
3.342e+05
3.3267e+05
3.3113e+05
3.2958e+05
3.2802e+05
3.2644e+05
3.2485e+05
3.2325e+05
3.2164e+05
3.2001e+05
3.1838e+05
3.1673e+05
3.1507e+05
3.134e+05
3.1172e+05
3.1003e+05
3.0833e+05
3.0661e+05
3.0489e+05
3.0316e+05
3.0142e+05
2.9966e+05
2.979e+05
2.9613e+05
2.9435e+05
2.9255e+05
2.9075e+05
2.8895e+05
2.8713e+05
2.853e+05
2.8347e+05
2.8162e+05
2.7977e+05
2.7791e+05
2.7604e+05
2.7417e+05
2.7229e+05
2.704e+05
2.685e+05
2.6659e+05
2.6468e+05
2.6276e+05
2.6084e+05
2.5891e+05
2.5697e+05
2.5502e+05
2.5307e+05
2.5112e+05
2.4916e+05
2.4719e+05
2.4522e+05
2.4324e+05
2.4126e+05
2.3927e+05
2.3727e+05
2.3528e+05
2.3328e+05
2.3127e+05
2.2926e+05
2.2725e+05
2.2523e+05
2.2321e+05
2.2118e+05
2.1915e+05
2.1712e+05
2.1509e+05
2.1305e+05
2.1101e+05
2.0897e+05
2.0692e+05
2.0487e+05
2.0282e+05
2.0077e+05
1.9872e+05
1.9666e+05
1.9461e+05
1.9255e+05
1.9049e+05
1.8843e+05
1.8637e+05
1.8431e+05
1.8225e+05
1.8018e+05
1.7812e+05
1.7606e+05
1.7399e+05
1.7193e+05
1.6987e+05
1.6781e+05
1.6574e+05
1.6368e+05
1.6162e+05
1.5956e+05
1.5751e+05
1.5545e+05
1.5339e+05
1.5134e+05
1.4929e+05
1.4724e+05
1.4519e+05
1.4314e+05
1.411e+05
1.3906e+05
1.3702e+05
1.3498e+05
1.3295e+05
1.3092e+05
1.2889e+05
1.2687e+05
1.2485e+05
1.2283e+05
1.2082e+05
1.1881e+05
1.168e+05
1.148e+05
1.128e+05
1.1081e+05
1.0882e+05
1.0683e+05
1.0485e+05
1.0288e+05
1.0091e+05
98942
96981
95026
93076
91131
89192
87259
85331
83409
81494
79584
77681
75783
73893
72009
70131
68260
66396
64539
62689
60847
59011
57183
55362
53549
51743
49945
48155
46373
44599
42832
41074
39325
37583
35850
34126
32409
30702
29003
27314
25633
23961
22298
20644
18999
17363
15737
14120
12513
10915
9326.4
7747.6
6178.5
4619.1
3069.5
1529.8
0
