9.8378e+05
9.7882e+05
9.7381e+05
9.6874e+05
9.6362e+05
9.5845e+05
9.5323e+05
9.4795e+05
9.4263e+05
9.3727e+05
9.3185e+05
9.264e+05
9.209e+05
9.1536e+05
9.0977e+05
9.0416e+05
8.985e+05
8.9281e+05
8.8708e+05
8.8132e+05
8.7553e+05
8.697e+05
8.6385e+05
8.5797e+05
8.5206e+05
8.4613e+05
8.4017e+05
8.3419e+05
8.2819e+05
8.2216e+05
8.1612e+05
8.1006e+05
8.0398e+05
7.9789e+05
7.9178e+05
7.8566e+05
7.7953e+05
7.7338e+05
7.6723e+05
7.6106e+05
7.5489e+05
7.4871e+05
7.4253e+05
7.3634e+05
7.3015e+05
7.2396e+05
7.1776e+05
7.1157e+05
7.0537e+05
6.9918e+05
6.9299e+05
6.868e+05
6.8062e+05
6.7445e+05
6.6828e+05
6.6212e+05
6.5597e+05
6.4983e+05
6.437e+05
6.3758e+05
6.3147e+05
6.2538e+05
6.193e+05
6.1323e+05
6.0718e+05
6.0115e+05
5.9514e+05
5.8914e+05
5.8316e+05
5.7721e+05
5.7127e+05
5.6535e+05
5.5946e+05
5.5359e+05
5.4774e+05
5.4192e+05
5.3612e+05
5.3035e+05
5.2461e+05
5.1889e+05
5.132e+05
5.0753e+05
5.019e+05
4.9629e+05
4.9072e+05
4.8518e+05
4.7966e+05
4.7418e+05
4.6874e+05
4.6332e+05
4.5794e+05
4.5259e+05
4.4728e+05
4.42e+05
4.3676e+05
4.3155e+05
4.2638e+05
4.2124e+05
4.1614e+05
4.1109e+05
4.0606e+05
4.0108e+05
3.9614e+05
3.9123e+05
3.8637e+05
3.8154e+05
3.7675e+05
3.7201e+05
3.673e+05
3.6264e+05
3.5802e+05
3.5344e+05
3.489e+05
3.4441e+05
3.3995e+05
3.3554e+05
3.3117e+05
3.2685e+05
3.2257e+05
3.1833e+05
3.1414e+05
3.0999e+05
3.0588e+05
3.0182e+05
2.9781e+05
2.9383e+05
2.8991e+05
2.8603e+05
2.8219e+05
2.784e+05
2.7465e+05
2.7095e+05
2.6729e+05
2.6368e+05
2.6012e+05
2.566e+05
2.5313e+05
2.497e+05
2.4632e+05
2.4298e+05
2.3969e+05
2.3644e+05
2.3325e+05
2.3009e+05
2.2698e+05
2.2392e+05
2.2091e+05
2.1794e+05
2.1501e+05
2.1213e+05
2.093e+05
2.0651e+05
2.0377e+05
2.0107e+05
1.9842e+05
1.9581e+05
1.9325e+05
1.9073e+05
1.8826e+05
1.8583e+05
1.8344e+05
1.811e+05
1.7881e+05
1.7656e+05
1.7435e+05
1.7219e+05
1.7007e+05
1.6799e+05
1.6596e+05
1.6397e+05
1.6203e+05
1.6012e+05
1.5826e+05
1.5644e+05
1.5467e+05
1.5293e+05
1.5124e+05
1.4959e+05
1.4798e+05
1.4641e+05
1.4489e+05
1.434e+05
1.4195e+05
1.4055e+05
1.3918e+05
1.3785e+05
1.3657e+05
1.3532e+05
1.3411e+05
1.3294e+05
1.3181e+05
1.3072e+05
1.2966e+05
1.2865e+05
1.2767e+05
1.2672e+05
1.2582e+05
1.2495e+05
1.2411e+05
1.2332e+05
1.2256e+05
1.2183e+05
1.2114e+05
1.2048e+05
1.1986e+05
1.1927e+05
1.1872e+05
1.182e+05
1.1771e+05
1.1726e+05
1.1684e+05
1.1645e+05
1.1609e+05
1.1577e+05
1.1547e+05
1.1521e+05
1.1498e+05
1.1478e+05
1.146e+05
1.1446e+05
1.1435e+05
1.1427e+05
1.1421e+05
1.1419e+05
1.1419e+05
1.1422e+05
1.1428e+05
1.1436e+05
1.1447e+05
1.1461e+05
1.1477e+05
1.1496e+05
1.1518e+05
1.1542e+05
1.1568e+05
1.1597e+05
1.1629e+05
1.1662e+05
1.1698e+05
1.1737e+05
1.1777e+05
1.182e+05
1.1865e+05
1.1913e+05
1.1962e+05
1.2013e+05
1.2067e+05
1.2123e+05
1.218e+05
1.224e+05
1.2301e+05
1.2365e+05
1.243e+05
1.2497e+05
1.2566e+05
1.2637e+05
1.2709e+05
1.2783e+05
1.2859e+05
1.2936e+05
1.3015e+05
1.3096e+05
1.3178e+05
1.3262e+05
1.3347e+05
1.3433e+05
1.3521e+05
1.361e+05
1.3701e+05
1.3793e+05
1.3886e+05
1.3981e+05
1.4076e+05
1.4173e+05
1.4271e+05
1.437e+05
1.4471e+05
1.4572e+05
1.4674e+05
1.4778e+05
1.4882e+05
1.4987e+05
1.5093e+05
1.52e+05
1.5308e+05
1.5417e+05
1.5526e+05
1.5636e+05
1.5747e+05
1.5859e+05
1.5971e+05
1.6084e+05
1.6197e+05
1.6311e+05
1.6426e+05
1.6541e+05
1.6657e+05
1.6773e+05
1.6889e+05
1.7006e+05
1.7124e+05
1.7241e+05
1.7359e+05
1.7478e+05
1.7596e+05
1.7715e+05
1.7834e+05
1.7954e+05
1.8073e+05
1.8193e+05
1.8313e+05
1.8432e+05
1.8552e+05
1.8672e+05
1.8792e+05
1.8912e+05
1.9032e+05
1.9152e+05
1.9272e+05
1.9392e+05
1.9511e+05
1.9631e+05
1.975e+05
1.9869e+05
1.9988e+05
2.0107e+05
2.0225e+05
2.0343e+05
2.0461e+05
2.0579e+05
2.0696e+05
2.0813e+05
2.0929e+05
2.1045e+05
2.1161e+05
2.1276e+05
2.1391e+05
2.1505e+05
2.1619e+05
2.1732e+05
2.1845e+05
2.1957e+05
2.2068e+05
2.2179e+05
2.229e+05
2.2399e+05
2.2509e+05
2.2617e+05
2.2725e+05
2.2832e+05
2.2938e+05
2.3044e+05
2.3149e+05
2.3253e+05
2.3356e+05
2.3458e+05
2.356e+05
2.3661e+05
2.3761e+05
2.386e+05
2.3959e+05
2.4056e+05
2.4153e+05
2.4248e+05
2.4343e+05
2.4437e+05
2.453e+05
2.4622e+05
2.4713e+05
2.4802e+05
2.4891e+05
2.4979e+05
2.5066e+05
2.5152e+05
2.5237e+05
2.5321e+05
2.5403e+05
2.5485e+05
2.5566e+05
2.5645e+05
2.5723e+05
2.5801e+05
2.5877e+05
2.5952e+05
2.6025e+05
2.6098e+05
2.617e+05
2.624e+05
2.6309e+05
2.6377e+05
2.6444e+05
2.6509e+05
2.6574e+05
2.6637e+05
2.6699e+05
2.676e+05
2.6819e+05
2.6877e+05
2.6934e+05
2.699e+05
2.7044e+05
2.7097e+05
2.7149e+05
2.72e+05
2.7249e+05
2.7297e+05
2.7344e+05
2.739e+05
2.7434e+05
2.7477e+05
2.7518e+05
2.7558e+05
2.7597e+05
2.7635e+05
2.7671e+05
2.7706e+05
2.774e+05
2.7772e+05
2.7803e+05
2.7833e+05
2.7861e+05
2.7888e+05
2.7913e+05
2.7938e+05
2.796e+05
2.7982e+05
2.8002e+05
2.8021e+05
2.8038e+05
2.8055e+05
2.8069e+05
2.8083e+05
2.8095e+05
2.8106e+05
2.8115e+05
2.8123e+05
2.813e+05
2.8135e+05
2.8139e+05
2.8142e+05
2.8143e+05
2.8143e+05
2.8141e+05
2.8139e+05
2.8135e+05
2.8129e+05
2.8122e+05
2.8114e+05
2.8105e+05
2.8094e+05
2.8082e+05
2.8068e+05
2.8054e+05
2.8038e+05
2.802e+05
2.8001e+05
2.7981e+05
2.796e+05
2.7937e+05
2.7913e+05
2.7888e+05
2.7862e+05
2.7834e+05
2.7805e+05
2.7774e+05
2.7743e+05
2.771e+05
2.7676e+05
2.764e+05
2.7603e+05
2.7565e+05
2.7526e+05
2.7486e+05
2.7444e+05
2.7401e+05
2.7357e+05
2.7311e+05
2.7265e+05
2.7217e+05
2.7168e+05
2.7118e+05
2.7066e+05
2.7014e+05
2.696e+05
2.6905e+05
2.6849e+05
2.6792e+05
2.6733e+05
2.6674e+05
2.6613e+05
2.6551e+05
2.6488e+05
2.6424e+05
2.6359e+05
2.6293e+05
2.6226e+05
2.6157e+05
2.6088e+05
2.6017e+05
2.5945e+05
2.5873e+05
2.5799e+05
2.5724e+05
2.5648e+05
2.5571e+05
2.5494e+05
2.5415e+05
2.5335e+05
2.5254e+05
2.5172e+05
2.5089e+05
2.5005e+05
2.4921e+05
2.4835e+05
2.4748e+05
2.4661e+05
2.4572e+05
2.4483e+05
2.4393e+05
2.4301e+05
2.4209e+05
2.4116e+05
2.4022e+05
2.3928e+05
2.3832e+05
2.3736e+05
2.3639e+05
2.3541e+05
2.3442e+05
2.3342e+05
2.3242e+05
2.3141e+05
2.3039e+05
2.2936e+05
2.2832e+05
2.2728e+05
2.2623e+05
2.2518e+05
2.2411e+05
2.2304e+05
2.2196e+05
2.2088e+05
2.1979e+05
2.1869e+05
2.1759e+05
2.1647e+05
2.1536e+05
2.1423e+05
2.1311e+05
2.1197e+05
2.1083e+05
2.0968e+05
2.0853e+05
2.0737e+05
2.0621e+05
2.0504e+05
2.0386e+05
2.0268e+05
2.015e+05
2.0031e+05
1.9911e+05
1.9792e+05
1.9671e+05
1.955e+05
1.9429e+05
1.9307e+05
1.9185e+05
1.9063e+05
1.894e+05
1.8816e+05
1.8693e+05
1.8569e+05
1.8444e+05
1.8319e+05
1.8194e+05
1.8069e+05
1.7943e+05
1.7817e+05
1.7691e+05
1.7564e+05
1.7437e+05
1.731e+05
1.7183e+05
1.7055e+05
1.6927e+05
1.6799e+05
1.6671e+05
1.6542e+05
1.6413e+05
1.6284e+05
1.6155e+05
1.6026e+05
1.5897e+05
1.5767e+05
1.5638e+05
1.5508e+05
1.5378e+05
1.5248e+05
1.5118e+05
1.4988e+05
1.4858e+05
1.4728e+05
1.4598e+05
1.4467e+05
1.4337e+05
1.4207e+05
1.4077e+05
1.3946e+05
1.3816e+05
1.3686e+05
1.3556e+05
1.3426e+05
1.3295e+05
1.3165e+05
1.3036e+05
1.2906e+05
1.2776e+05
1.2646e+05
1.2517e+05
1.2387e+05
1.2258e+05
1.2129e+05
1.2e+05
1.1871e+05
1.1743e+05
1.1614e+05
1.1486e+05
1.1358e+05
1.123e+05
1.1103e+05
1.0976e+05
1.0848e+05
1.0722e+05
1.0595e+05
1.0469e+05
1.0343e+05
1.0217e+05
1.0091e+05
99663
98415
97170
95928
94690
93455
92223
90996
89772
88552
87335
86123
84915
83711
82511
81315
80124
78937
77755
76578
75405
74236
73073
71914
70761
69612
68469
67331
66198
65070
63948
62831
61720
60614
59514
58420
57331
56248
55171
54100
53035
51977
50924
49877
48837
47803
46775
45754
44739
43731
42729
41734
40745
39764
38789
37820
36859
35904
34957
34016
33082
32156
31236
30324
29419
28521
27630
26747
25870
25002
24140
23286
22439
21600
20769
19944
19128
18319
17517
16723
15937
15159
14388
13625
12869
12122
11382
10649
9925
9208.4
8499.6
7798.6
7105.5
6420.2
5742.8
5073.2
4411.4
3757.6
3111.6
2473.5
1843.3
1221
606.55
0
