16048
17788
19788
22048
24566
27341
30370
33650
37176
40943
44947
49181
53637
58307
63185
68260
73524
78965
84574
90339
96249
1.0229e+05
1.0846e+05
1.1473e+05
1.2109e+05
1.2754e+05
1.3405e+05
1.4062e+05
1.4723e+05
1.5386e+05
1.6051e+05
1.6715e+05
1.7378e+05
1.8037e+05
1.8692e+05
1.9341e+05
1.9983e+05
2.0616e+05
2.1239e+05
2.1851e+05
2.245e+05
2.3035e+05
2.3605e+05
2.4158e+05
2.4694e+05
2.5212e+05
2.5709e+05
2.6186e+05
2.6642e+05
2.7074e+05
2.7484e+05
2.7869e+05
2.8229e+05
2.8564e+05
2.8872e+05
2.9154e+05
2.9408e+05
2.9635e+05
2.9834e+05
3.0004e+05
3.0146e+05
3.0259e+05
3.0344e+05
3.04e+05
3.0427e+05
3.0426e+05
3.0396e+05
3.0338e+05
3.0253e+05
3.014e+05
3e+05
2.9834e+05
2.9642e+05
2.9424e+05
2.9183e+05
2.8917e+05
2.8628e+05
2.8318e+05
2.7986e+05
2.7633e+05
2.7261e+05
2.6871e+05
2.6463e+05
2.6039e+05
2.56e+05
2.5147e+05
2.468e+05
2.4202e+05
2.3714e+05
2.3216e+05
2.271e+05
2.2197e+05
2.1678e+05
2.1154e+05
2.0628e+05
2.0099e+05
1.9569e+05
1.904e+05
1.8512e+05
1.7987e+05
1.7465e+05
1.6949e+05
1.6438e+05
1.5934e+05
1.5439e+05
1.4953e+05
1.4477e+05
1.4011e+05
1.3558e+05
1.3118e+05
1.2691e+05
1.2278e+05
1.1881e+05
1.1499e+05
1.1133e+05
1.0785e+05
1.0454e+05
1.0141e+05
98466
95708
93142
90770
88594
86617
84839
83262
81886
80711
79736
78961
78383
78002
77814
77818
78009
78385
78942
79676
80582
81655
82892
84285
85830
87522
89353
91319
93412
95627
97957
1.0039e+05
1.0293e+05
1.0557e+05
1.0829e+05
1.1109e+05
1.1397e+05
1.1691e+05
1.1991e+05
1.2297e+05
1.2607e+05
1.2922e+05
1.3239e+05
1.3559e+05
1.3881e+05
1.4204e+05
1.4528e+05
1.4852e+05
1.5176e+05
1.5498e+05
1.5818e+05
1.6136e+05
1.6451e+05
1.6763e+05
1.707e+05
1.7373e+05
1.7671e+05
1.7964e+05
1.825e+05
1.853e+05
1.8803e+05
1.9069e+05
1.9327e+05
1.9577e+05
1.9818e+05
2.0051e+05
2.0274e+05
2.0488e+05
2.0693e+05
2.0887e+05
2.1071e+05
2.1244e+05
2.1406e+05
2.1558e+05
2.1698e+05
2.1827e+05
2.1944e+05
2.2049e+05
2.2142e+05
2.2224e+05
2.2293e+05
2.235e+05
2.2394e+05
2.2427e+05
2.2446e+05
2.2454e+05
2.2449e+05
2.2431e+05
2.2401e+05
2.2358e+05
2.2304e+05
2.2236e+05
2.2157e+05
2.2066e+05
2.1962e+05
2.1847e+05
2.172e+05
2.1581e+05
2.1431e+05
2.127e+05
2.1098e+05
2.0916e+05
2.0723e+05
2.052e+05
2.0306e+05
2.0084e+05
1.9852e+05
1.9611e+05
1.9362e+05
1.9104e+05
1.8838e+05
1.8565e+05
1.8285e+05
1.7998e+05
1.7705e+05
1.7406e+05
1.7102e+05
1.6793e+05
1.6479e+05
1.6161e+05
1.584e+05
1.5515e+05
1.5188e+05
1.4858e+05
1.4527e+05
1.4194e+05
1.3861e+05
1.3527e+05
1.3193e+05
1.286e+05
1.2527e+05
1.2196e+05
1.1867e+05
1.154e+05
1.1215e+05
1.0894e+05
1.0576e+05
1.0261e+05
99507
96445
93429
90462
87547
84686
81881
79133
76446
73820
71256
68756
66321
63951
61646
59406
57233
55125
53082
51103
49188
47335
45544
43812
42140
40525
38965
37458
36003
34598
33241
31929
30661
29434
28246
27095
25980
24897
23845
22822
21826
20856
19909
18985
18081
17197
16332
15484
14652
13837
13038
12253
11484
10731
9992.7
9270.7
8565.3
7877.3
7207.5
6557.2
5927.4
5319.6
4735.2
4175.8
3643.1
3138.8
2664.9
2223.2
1815.6
1444.2
1110.8
817.43
565.99
358.33
196.25
81.462
15.554
0
36.127
125.1
267.92
465.36
718.02
1026.3
1390.2
1809.7
2284.4
2813.7
3396.5
4031.8
4717.9
5453.1
6235.3
7062.1
7930.8
8838.5
9782
10758
11762
12790
13839
14903
15978
17059
18141
19219
20288
21342
22375
23383
24359
25299
26197
27047
27845
28585
29264
29875
30415
30880
31266
31570
31788
31920
31962
31913
31773
31540
31215
30799
30293
29700
29022
28262
27425
26515
25538
24500
23409
22271
21096
19892
18669
17438
16209
14995
13808
12660
11566
10538
9592.9
8744
8007.2
7398.1
6932.8
6627.4
6498.6
6562.9
6837.1
7338.1
8082.4
9087
10368
11943
13826
16035
18584
21488
24762
28420
32474
36938
41824
47141
52901
59112
65782
72920
80530
88619
97189
1.0624e+05
1.1579e+05
1.2581e+05
1.3632e+05
1.4732e+05
1.5879e+05
1.7074e+05
1.8316e+05
1.9604e+05
2.0936e+05
2.2313e+05
2.3733e+05
2.5194e+05
2.6696e+05
2.8236e+05
2.9813e+05
3.1425e+05
3.307e+05
3.4746e+05
3.6452e+05
3.8183e+05
3.994e+05
4.1718e+05
4.3515e+05
4.5329e+05
4.7156e+05
4.8995e+05
5.0842e+05
5.2694e+05
5.4548e+05
5.6401e+05
5.8251e+05
6.0093e+05
6.1926e+05
6.3745e+05
6.5548e+05
6.7331e+05
6.9091e+05
7.0826e+05
7.2532e+05
7.4206e+05
7.5845e+05
7.7446e+05
7.9007e+05
8.0523e+05
8.1993e+05
8.3415e+05
8.4784e+05
8.61e+05
8.7358e+05
8.8558e+05
8.9697e+05
9.0773e+05
9.1784e+05
9.2728e+05
9.3603e+05
9.4409e+05
9.5143e+05
9.5804e+05
9.6391e+05
9.6904e+05
9.7342e+05
9.7703e+05
9.7987e+05
9.8194e+05
9.8325e+05
9.8378e+05
9.8354e+05
9.8253e+05
9.8075e+05
9.7822e+05
9.7494e+05
9.7092e+05
9.6616e+05
9.6068e+05
9.545e+05
9.4763e+05
9.4007e+05
9.3186e+05
9.23e+05
9.1352e+05
9.0343e+05
8.9276e+05
8.8153e+05
8.6976e+05
8.5747e+05
8.447e+05
8.3146e+05
8.1778e+05
8.0369e+05
7.8921e+05
7.7437e+05
7.592e+05
7.4372e+05
7.2797e+05
7.1196e+05
6.9574e+05
6.7932e+05
6.6274e+05
6.4603e+05
6.292e+05
6.1229e+05
5.9532e+05
5.7833e+05
5.6133e+05
5.4435e+05
5.2743e+05
5.1057e+05
4.9381e+05
4.7717e+05
4.6067e+05
4.4433e+05
4.2818e+05
4.1223e+05
3.965e+05
3.8101e+05
3.6578e+05
3.5082e+05
3.3615e+05
3.2179e+05
3.0774e+05
2.9401e+05
2.8063e+05
2.6759e+05
2.5491e+05
2.426e+05
2.3066e+05
2.191e+05
2.0793e+05
1.9714e+05
1.8674e+05
1.7674e+05
1.6713e+05
1.5791e+05
1.4909e+05
1.4066e+05
1.3262e+05
1.2497e+05
1.177e+05
1.1081e+05
1.043e+05
98146
92357
86922
81832
77079
72655
68551
64756
61262
58056
55130
52472
50071
47915
45995
44297
42811
41525
40427
39507
38752
38151
37693
37368
37163
37069
37075
37171
37347
37593
37900
38259
38662
39100
39565
40049
40546
41048
41550
42045
42528
42993
43435
43851
44236
44587
44900
45172
45401
45586
45723
45813
45853
45843
45782
45671
45509
45298
45037
44728
44372
43970
43524
43036
42507
41939
41336
40699
40031
39334
38611
37864
37098
36313
35514
34702
33881
33054
32223
31390
30560
29734
28915
28105
27308
26524
25756
25007
24278
23571
22888
22231
21600
20998
20425
19882
19371
18892
18445
18032
17652
17306
16993
16714
16469
16257
16077
15929
15813
15727
15671
15644
15644
15670
15722
15797
15895
16013
16151
16306
16478
16664
16863
17073
17292
17519
17752
17990
18230
18470
18710
18948
19182
19410
19631
19844
20047
20239
20418
20584
20735
20871
20990
21091
21174
21237
21281
21305
21307
21289
21249
21188
21105
21000
20874
20726
20556
20366
20155
19924
19673
19403
19114
18808
