72225
74967
77785
80675
83633
86658
89744
92889
96089
99340
1.0264e+05
1.0598e+05
1.0936e+05
1.1277e+05
1.1622e+05
1.1969e+05
1.2319e+05
1.267e+05
1.3023e+05
1.3377e+05
1.3731e+05
1.4086e+05
1.444e+05
1.4794e+05
1.5146e+05
1.5497e+05
1.5846e+05
1.6193e+05
1.6537e+05
1.6878e+05
1.7216e+05
1.755e+05
1.7879e+05
1.8205e+05
1.8525e+05
1.884e+05
1.915e+05
1.9454e+05
1.9752e+05
2.0043e+05
2.0328e+05
2.0606e+05
2.0878e+05
2.1142e+05
2.1398e+05
2.1647e+05
2.1888e+05
2.2122e+05
2.2347e+05
2.2564e+05
2.2773e+05
2.2974e+05
2.3166e+05
2.335e+05
2.3525e+05
2.3692e+05
2.385e+05
2.4e+05
2.4142e+05
2.4275e+05
2.4399e+05
2.4516e+05
2.4624e+05
2.4725e+05
2.4817e+05
2.4902e+05
2.4979e+05
2.5048e+05
2.511e+05
2.5165e+05
2.5213e+05
2.5254e+05
2.5289e+05
2.5317e+05
2.5339e+05
2.5356e+05
2.5366e+05
2.5371e+05
2.5371e+05
2.5366e+05
2.5356e+05
2.5342e+05
2.5323e+05
2.5301e+05
2.5275e+05
2.5245e+05
2.5212e+05
2.5177e+05
2.5139e+05
2.5098e+05
2.5055e+05
2.501e+05
2.4964e+05
2.4916e+05
2.4867e+05
2.4817e+05
2.4767e+05
2.4716e+05
2.4664e+05
2.4613e+05
2.4561e+05
2.451e+05
2.4459e+05
2.4409e+05
2.436e+05
2.4312e+05
2.4265e+05
2.4219e+05
2.4174e+05
2.4131e+05
2.4089e+05
2.4049e+05
2.4011e+05
2.3975e+05
2.3941e+05
2.3908e+05
2.3878e+05
2.3849e+05
2.3823e+05
2.3799e+05
2.3777e+05
2.3757e+05
2.3739e+05
2.3723e+05
2.3709e+05
2.3697e+05
2.3687e+05
2.3679e+05
2.3673e+05
2.3669e+05
2.3666e+05
2.3665e+05
2.3666e+05
2.3668e+05
2.3672e+05
2.3677e+05
2.3683e+05
2.369e+05
2.3698e+05
2.3707e+05
2.3717e+05
2.3727e+05
2.3738e+05
2.3749e+05
2.376e+05
2.3772e+05
2.3784e+05
2.3795e+05
2.3806e+05
2.3817e+05
2.3828e+05
2.3837e+05
2.3846e+05
2.3854e+05
2.3862e+05
2.3868e+05
2.3872e+05
2.3876e+05
2.3878e+05
2.3878e+05
2.3877e+05
2.3873e+05
2.3868e+05
2.3861e+05
2.3852e+05
2.3841e+05
2.3827e+05
2.3812e+05
2.3793e+05
2.3773e+05
2.3749e+05
2.3723e+05
2.3694e+05
2.3663e+05
2.3629e+05
2.3591e+05
2.3551e+05
2.3508e+05
2.3462e+05
2.3413e+05
2.336e+05
2.3305e+05
2.3246e+05
2.3185e+05
2.312e+05
2.3051e+05
2.298e+05
2.2905e+05
2.2827e+05
2.2746e+05
2.2661e+05
2.2573e+05
2.2482e+05
2.2388e+05
2.229e+05
2.2189e+05
2.2084e+05
2.1977e+05
2.1866e+05
2.1752e+05
2.1634e+05
2.1513e+05
2.1389e+05
2.1262e+05
2.1132e+05
2.0998e+05
2.0861e+05
2.0721e+05
2.0578e+05
2.0432e+05
2.0283e+05
2.013e+05
1.9975e+05
1.9817e+05
1.9655e+05
1.9491e+05
1.9324e+05
1.9153e+05
1.898e+05
1.8805e+05
1.8626e+05
1.8444e+05
1.826e+05
1.8073e+05
1.7884e+05
1.7692e+05
1.7497e+05
1.73e+05
1.7101e+05
1.6899e+05
1.6695e+05
1.6488e+05
1.628e+05
1.6069e+05
1.5856e+05
1.5641e+05
1.5425e+05
1.5206e+05
1.4986e+05
1.4764e+05
1.4541e+05
1.4316e+05
1.409e+05
1.3862e+05
1.3634e+05
1.3404e+05
1.3174e+05
1.2942e+05
1.271e+05
1.2478e+05
1.2245e+05
1.2012e+05
1.1778e+05
1.1545e+05
1.1312e+05
1.1079e+05
1.0846e+05
1.0614e+05
1.0383e+05
1.0153e+05
99233
96952
94685
92434
90199
87983
85788
83614
81465
79340
77243
75174
73136
71129
69156
67218
65316
63452
61628
59844
58103
56405
54751
53144
51583
50071
48607
47194
45831
44520
43261
42054
40901
39801
38755
37764
36826
35943
35113
34337
33615
32946
32329
31764
31250
30786
30372
30005
29686
29412
29182
28995
28848
28742
28672
28639
28639
28670
28732
28820
28934
29070
29226
29401
29590
29793
30006
30226
30452
30680
30908
31133
31353
31565
31766
31954
32127
32282
32416
32529
32616
32676
32708
32708
32676
32609
32507
32367
32188
31969
31710
31408
31065
30678
30249
29776
29260
28701
28099
27456
26772
26048
25285
24486
23652
22784
21886
20960
20007
19032
18037
17026
16002
14969
13932
12893
11858
10832
9818.7
8823.6
7852
6909.2
6000.8
5132.4
4310.1
3539.7
2827.5
2179.8
1602.9
1103.4
687.83
362.93
135.44
12.176
0
105.81
336.51
699.02
1200.3
1847.1
2646.5
3605.1
4729.7
6027
7503.5
9165.8
11020
13073
15329
17796
20479
23384
26515
29877
33477
37317
41403
45739
50328
55174
60279
65648
71282
77183
83354
89796
96509
1.035e+05
1.1075e+05
1.1829e+05
1.2609e+05
1.3417e+05
1.4251e+05
1.5113e+05
1.6001e+05
1.6915e+05
1.7856e+05
1.8822e+05
1.9814e+05
2.083e+05
2.1872e+05
2.2937e+05
2.4026e+05
2.5137e+05
2.6271e+05
2.7426e+05
2.8603e+05
2.9799e+05
3.1015e+05
3.225e+05
3.3502e+05
3.4771e+05
3.6055e+05
3.7355e+05
3.8669e+05
3.9995e+05
4.1334e+05
4.2683e+05
4.4042e+05
4.541e+05
4.6784e+05
4.8165e+05
4.9552e+05
5.0941e+05
5.2334e+05
5.3728e+05
5.5121e+05
5.6514e+05
5.7904e+05
5.929e+05
6.0671e+05
6.2045e+05
6.3412e+05
6.477e+05
6.6117e+05
6.7453e+05
6.8775e+05
7.0083e+05
7.1376e+05
7.2651e+05
7.3908e+05
7.5146e+05
7.6363e+05
7.7559e+05
7.8731e+05
7.9878e+05
8.1e+05
8.2096e+05
8.3164e+05
8.4203e+05
8.5212e+05
8.619e+05
8.7136e+05
8.8049e+05
8.8929e+05
8.9773e+05
9.0582e+05
9.1355e+05
9.2091e+05
9.2789e+05
9.3448e+05
9.4068e+05
9.4648e+05
9.5188e+05
9.5687e+05
9.6144e+05
9.656e+05
9.6934e+05
9.7265e+05
9.7553e+05
9.7799e+05
9.8001e+05
9.816e+05
9.8276e+05
9.8349e+05
9.8378e+05
9.8363e+05
9.8306e+05
9.8206e+05
9.8063e+05
9.7877e+05
9.7649e+05
9.7379e+05
9.7068e+05
9.6715e+05
9.6322e+05
9.5889e+05
9.5417e+05
9.4906e+05
9.4356e+05
9.3769e+05
9.3145e+05
9.2485e+05
9.179e+05
9.1061e+05
9.0298e+05
8.9502e+05
8.8675e+05
8.7817e+05
8.6929e+05
8.6012e+05
8.5067e+05
8.4096e+05
8.3099e+05
8.2077e+05
8.1032e+05
7.9965e+05
7.8876e+05
7.7768e+05
7.664e+05
7.5495e+05
7.4333e+05
7.3156e+05
7.1964e+05
7.0759e+05
6.9543e+05
6.8316e+05
6.7079e+05
6.5834e+05
6.4582e+05
6.3323e+05
6.206e+05
6.0793e+05
5.9524e+05
5.8253e+05
5.6982e+05
5.5711e+05
5.4442e+05
5.3176e+05
5.1914e+05
5.0656e+05
4.9405e+05
4.816e+05
4.6923e+05
4.5695e+05
4.4476e+05
4.3268e+05
4.2071e+05
4.0886e+05
3.9713e+05
3.8555e+05
3.7411e+05
3.6281e+05
3.5168e+05
3.4071e+05
3.299e+05
3.1927e+05
3.0882e+05
2.9856e+05
2.8849e+05
2.7861e+05
2.6893e+05
2.5945e+05
2.5017e+05
2.4111e+05
2.3225e+05
2.2361e+05
2.1519e+05
2.0698e+05
1.9899e+05
1.9122e+05
1.8368e+05
1.7636e+05
1.6925e+05
1.6238e+05
1.5572e+05
1.4929e+05
1.4307e+05
1.3708e+05
1.3131e+05
1.2575e+05
1.2041e+05
1.1528e+05
1.1037e+05
1.0566e+05
1.0116e+05
96870
92777
88881
85180
81671
78349
75212
72254
69473
66864
64423
62145
60027
58064
56251
54584
53058
51668
50411
49281
48273
47383
46605
45937
45371
44905
44532
44249
44051
43934
43892
43921
44018
44177
44395
44667
44989
45358
45768
46217
46701
47216
47758
48324
48911
49516
50135
50765
51404
52048
52695
53343
53989
54630
55265
55891
56506
57109
57697
58269
58824
59359
59874
60367
60837
61283
61704
62099
62468
62809
63122
63407
63663
63890
64087
64255
64393
64500
64578
64626
64644
64633
64592
64522
64423
64296
64141
63958
63749
63513
63251
62963
62651
62315
61956
61573
61169
60744
60298
59832
59347
58844
58323
57785
57232
56663
56080
55484
54874
54252
53619
52976
52323
51660
50989
50311
49626
48934
48237
47535
46829
46119
45406
44691
43974
43256
