7.6992e+05
7.7433e+05
7.7862e+05
7.828e+05
7.8687e+05
7.9083e+05
7.9468e+05
7.9841e+05
8.0203e+05
8.0554e+05
8.0893e+05
8.1221e+05
8.1537e+05
8.1842e+05
8.2136e+05
8.2419e+05
8.269e+05
8.295e+05
8.3198e+05
8.3436e+05
8.3662e+05
8.3878e+05
8.4082e+05
8.4275e+05
8.4458e+05
8.4629e+05
8.479e+05
8.494e+05
8.5079e+05
8.5208e+05
8.5326e+05
8.5433e+05
8.5531e+05
8.5618e+05
8.5695e+05
8.5762e+05
8.5819e+05
8.5866e+05
8.5904e+05
8.5931e+05
8.595e+05
8.5958e+05
8.5958e+05
8.5948e+05
8.5929e+05
8.5901e+05
8.5865e+05
8.5819e+05
8.5765e+05
8.5702e+05
8.5631e+05
8.5552e+05
8.5465e+05
8.5369e+05
8.5266e+05
8.5155e+05
8.5036e+05
8.4909e+05
8.4776e+05
8.4635e+05
8.4486e+05
8.4331e+05
8.4169e+05
8.4e+05
8.3825e+05
8.3642e+05
8.3454e+05
8.3259e+05
8.3058e+05
8.2851e+05
8.2638e+05
8.242e+05
8.2195e+05
8.1965e+05
8.173e+05
8.1489e+05
8.1243e+05
8.0992e+05
8.0736e+05
8.0475e+05
8.0209e+05
7.9939e+05
7.9664e+05
7.9385e+05
7.9101e+05
7.8813e+05
7.8521e+05
7.8225e+05
7.7925e+05
7.7621e+05
7.7313e+05
7.7002e+05
7.6687e+05
7.6368e+05
7.6046e+05
7.5721e+05
7.5393e+05
7.5062e+05
7.4727e+05
7.439e+05
7.4049e+05
7.3706e+05
7.336e+05
7.3011e+05
7.266e+05
7.2306e+05
7.195e+05
7.1591e+05
7.123e+05
7.0867e+05
7.0501e+05
7.0133e+05
6.9763e+05
6.9391e+05
6.9018e+05
6.8642e+05
6.8264e+05
6.7884e+05
6.7503e+05
6.712e+05
6.6735e+05
6.6348e+05
6.596e+05
6.5571e+05
6.5179e+05
6.4786e+05
6.4392e+05
6.3997e+05
6.36e+05
6.3201e+05
6.2801e+05
6.24e+05
6.1998e+05
6.1594e+05
6.119e+05
6.0784e+05
6.0377e+05
5.9968e+05
5.9559e+05
5.9149e+05
5.8737e+05
5.8325e+05
5.7912e+05
5.7497e+05
5.7082e+05
5.6666e+05
5.6249e+05
5.5831e+05
5.5412e+05
5.4992e+05
5.4571e+05
5.415e+05
5.3728e+05
5.3305e+05
5.2882e+05
5.2458e+05
5.2033e+05
5.1607e+05
5.1181e+05
5.0754e+05
5.0327e+05
4.9899e+05
4.9471e+05
4.9042e+05
4.8613e+05
4.8183e+05
4.7753e+05
4.7322e+05
4.6891e+05
4.646e+05
4.6028e+05
4.5596e+05
4.5164e+05
4.4732e+05
4.43e+05
4.3867e+05
4.3434e+05
4.3002e+05
4.2569e+05
4.2136e+05
4.1704e+05
4.1271e+05
4.0839e+05
4.0406e+05
3.9975e+05
3.9543e+05
3.9111e+05
3.868e+05
3.825e+05
3.782e+05
3.739e+05
3.6961e+05
3.6533e+05
3.6105e+05
3.5679e+05
3.5252e+05
3.4827e+05
3.4403e+05
3.398e+05
3.3558e+05
3.3137e+05
3.2717e+05
3.2298e+05
3.1881e+05
3.1465e+05
3.1051e+05
3.0638e+05
3.0226e+05
2.9817e+05
2.9409e+05
2.9003e+05
2.8599e+05
2.8197e+05
2.7797e+05
2.74e+05
2.7004e+05
2.6611e+05
2.6221e+05
2.5832e+05
2.5447e+05
2.5064e+05
2.4684e+05
2.4307e+05
2.3933e+05
2.3561e+05
2.3193e+05
2.2829e+05
2.2467e+05
2.2109e+05
2.1755e+05
2.1404e+05
2.1057e+05
2.0713e+05
2.0374e+05
2.0039e+05
1.9707e+05
1.938e+05
1.9058e+05
1.8739e+05
1.8426e+05
1.8116e+05
1.7812e+05
1.7512e+05
1.7217e+05
1.6928e+05
1.6643e+05
1.6364e+05
1.609e+05
1.5821e+05
1.5558e+05
1.53e+05
1.5048e+05
1.4802e+05
1.4562e+05
1.4328e+05
1.41e+05
1.3878e+05
1.3662e+05
1.3453e+05
1.3251e+05
1.3054e+05
1.2865e+05
1.2682e+05
1.2506e+05
1.2337e+05
1.2175e+05
1.202e+05
1.1873e+05
1.1732e+05
1.1599e+05
1.1474e+05
1.1355e+05
1.1245e+05
1.1142e+05
1.1047e+05
1.0959e+05
1.088e+05
1.0808e+05
1.0745e+05
1.069e+05
1.0642e+05
1.0603e+05
1.0572e+05
1.055e+05
1.0536e+05
1.053e+05
1.0533e+05
1.0544e+05
1.0564e+05
1.0593e+05
1.063e+05
1.0676e+05
1.0731e+05
1.0794e+05
1.0867e+05
1.0948e+05
1.1038e+05
1.1137e+05
1.1245e+05
1.1361e+05
1.1487e+05
1.1622e+05
1.1766e+05
1.1919e+05
1.208e+05
1.2251e+05
1.2431e+05
1.262e+05
1.2818e+05
1.3025e+05
1.324e+05
1.3465e+05
1.3699e+05
1.3942e+05
1.4194e+05
1.4454e+05
1.4724e+05
1.5002e+05
1.529e+05
1.5586e+05
1.589e+05
1.6204e+05
1.6526e+05
1.6857e+05
1.7196e+05
1.7544e+05
1.7901e+05
1.8266e+05
1.8639e+05
1.902e+05
1.941e+05
1.9808e+05
2.0214e+05
2.0628e+05
2.105e+05
2.148e+05
2.1918e+05
2.2363e+05
2.2816e+05
2.3277e+05
2.3745e+05
2.422e+05
2.4703e+05
2.5192e+05
2.5689e+05
2.6193e+05
2.6704e+05
2.7221e+05
2.7745e+05
2.8275e+05
2.8812e+05
2.9355e+05
2.9905e+05
3.046e+05
3.1021e+05
3.1588e+05
3.2161e+05
3.2739e+05
3.3322e+05
3.3911e+05
3.4505e+05
3.5104e+05
3.5708e+05
3.6316e+05
3.693e+05
3.7547e+05
3.8169e+05
3.8795e+05
3.9424e+05
4.0058e+05
4.0696e+05
4.1336e+05
4.1981e+05
4.2628e+05
4.3279e+05
4.3932e+05
4.4588e+05
4.5247e+05
4.5908e+05
4.6571e+05
4.7237e+05
4.7904e+05
4.8573e+05
4.9244e+05
4.9916e+05
5.059e+05
5.1264e+05
5.194e+05
5.2616e+05
5.3293e+05
5.397e+05
5.4648e+05
5.5325e+05
5.6003e+05
5.668e+05
5.7357e+05
5.8033e+05
5.8709e+05
5.9383e+05
6.0057e+05
6.0729e+05
6.14e+05
6.2069e+05
6.2737e+05
6.3402e+05
6.4066e+05
6.4727e+05
6.5386e+05
6.6042e+05
6.6696e+05
6.7346e+05
6.7994e+05
6.8638e+05
6.9279e+05
6.9916e+05
7.055e+05
7.1179e+05
7.1805e+05
7.2427e+05
7.3044e+05
7.3656e+05
7.4264e+05
7.4868e+05
7.5466e+05
7.6059e+05
7.6647e+05
7.723e+05
7.7807e+05
7.8379e+05
7.8944e+05
7.9504e+05
8.0058e+05
8.0606e+05
8.1147e+05
8.1682e+05
8.221e+05
8.2731e+05
8.3246e+05
8.3754e+05
8.4254e+05
8.4748e+05
8.5234e+05
8.5713e+05
8.6184e+05
8.6647e+05
8.7103e+05
8.7551e+05
8.7991e+05
8.8423e+05
8.8847e+05
8.9262e+05
8.9669e+05
9.0068e+05
9.0458e+05
9.084e+05
9.1213e+05
9.1577e+05
9.1933e+05
9.2279e+05
9.2616e+05
9.2945e+05
9.3264e+05
9.3574e+05
9.3875e+05
9.4166e+05
9.4448e+05
9.4721e+05
9.4984e+05
9.5237e+05
9.5481e+05
9.5715e+05
9.594e+05
9.6155e+05
9.636e+05
9.6555e+05
9.6741e+05
9.6916e+05
9.7082e+05
9.7238e+05
9.7384e+05
9.752e+05
9.7646e+05
9.7762e+05
9.7868e+05
9.7964e+05
9.805e+05
9.8126e+05
9.8192e+05
9.8248e+05
9.8294e+05
9.833e+05
9.8356e+05
9.8372e+05
9.8378e+05
9.8374e+05
9.836e+05
9.8336e+05
9.8302e+05
9.8259e+05
9.8205e+05
9.8142e+05
9.8069e+05
9.7987e+05
9.7894e+05
9.7792e+05
9.7681e+05
9.7559e+05
9.7429e+05
9.7288e+05
9.7139e+05
9.698e+05
9.6811e+05
9.6634e+05
9.6447e+05
9.6251e+05
9.6046e+05
9.5832e+05
9.5609e+05
9.5377e+05
9.5137e+05
9.4887e+05
9.4629e+05
9.4363e+05
9.4088e+05
9.3804e+05
9.3512e+05
9.3212e+05
9.2904e+05
9.2588e+05
9.2263e+05
9.1931e+05
9.1591e+05
9.1243e+05
9.0888e+05
9.0525e+05
9.0154e+05
8.9777e+05
8.9392e+05
8.9e+05
8.8601e+05
8.8195e+05
8.7782e+05
8.7362e+05
8.6936e+05
8.6503e+05
8.6064e+05
8.5619e+05
8.5167e+05
8.471e+05
8.4246e+05
8.3777e+05
8.3301e+05
8.2821e+05
8.2334e+05
8.1843e+05
8.1346e+05
8.0844e+05
8.0337e+05
7.9825e+05
7.9308e+05
7.8786e+05
7.826e+05
7.773e+05
7.7195e+05
7.6656e+05
7.6113e+05
7.5566e+05
7.5015e+05
7.446e+05
7.3902e+05
7.334e+05
7.2775e+05
7.2207e+05
7.1636e+05
7.1061e+05
7.0484e+05
6.9904e+05
6.9322e+05
6.8736e+05
6.8149e+05
6.7559e+05
6.6967e+05
6.6373e+05
6.5777e+05
6.518e+05
6.458e+05
6.398e+05
6.3377e+05
6.2774e+05
6.2169e+05
6.1563e+05
6.0956e+05
6.0348e+05
5.974e+05
5.913e+05
5.8521e+05
5.7911e+05
5.73e+05
5.669e+05
5.6079e+05
5.5468e+05
5.4858e+05
5.4247e+05
5.3637e+05
5.3028e+05
5.2419e+05
5.1811e+05
5.1203e+05
5.0597e+05
4.9991e+05
4.9386e+05
4.8783e+05
4.818e+05
4.7579e+05
4.698e+05
4.6382e+05
4.5786e+05
4.5191e+05
4.4598e+05
4.4007e+05
4.3418e+05
4.2831e+05
4.2246e+05
4.1664e+05
4.1084e+05
4.0506e+05
3.993e+05
3.9357e+05
3.8787e+05
3.822e+05
3.7655e+05
3.7093e+05
3.6534e+05
3.5978e+05
3.5424e+05
3.4875e+05
3.4328e+05
3.3784e+05
3.3244e+05
3.2707e+05
3.2174e+05
3.1644e+05
3.1117e+05
3.0594e+05
3.0075e+05
2.9559e+05
2.9048e+05
2.854e+05
2.8035e+05
2.7535e+05
2.7039e+05
2.6546e+05
2.6058e+05
2.5573e+05
2.5093e+05
2.4617e+05
2.4145e+05
2.3677e+05
2.3214e+05
2.2754e+05
2.2299e+05
2.1848e+05
2.1402e+05
2.096e+05
2.0522e+05
2.0089e+05
1.966e+05
1.9236e+05
1.8816e+05
1.8401e+05
1.799e+05
1.7584e+05
1.7182e+05
1.6785e+05
1.6392e+05
1.6004e+05
1.562e+05
1.5242e+05
1.4867e+05
1.4497e+05
1.4132e+05
1.3772e+05
1.3416e+05
1.3064e+05
1.2717e+05
1.2375e+05
1.2038e+05
1.1705e+05
1.1376e+05
1.1052e+05
1.0733e+05
1.0418e+05
1.0108e+05
98021
95009
92042
89120
86242
83409
80620
77876
75175
72518
69904
67334
64807
62323
59881
57482
55125
52809
50535
48303
46111
43960
41849
39778
37747
35756
33803
31889
30014
28176
26376
24614
22888
21200
19547
17930
16349
14803
13291
11814
10371
8961.5
7585
6241.3
4930
3650.6
2402.7
1186
0
