1.5425e+05
1.5749e+05
1.6076e+05
1.6404e+05
1.6733e+05
1.7063e+05
1.7394e+05
1.7725e+05
1.8057e+05
1.8388e+05
1.8719e+05
1.905e+05
1.9379e+05
1.9707e+05
2.0034e+05
2.0359e+05
2.0682e+05
2.1003e+05
2.1321e+05
2.1636e+05
2.1949e+05
2.2258e+05
2.2563e+05
2.2865e+05
2.3163e+05
2.3457e+05
2.3747e+05
2.4032e+05
2.4312e+05
2.4587e+05
2.4856e+05
2.5121e+05
2.538e+05
2.5633e+05
2.588e+05
2.6122e+05
2.6357e+05
2.6586e+05
2.6808e+05
2.7024e+05
2.7233e+05
2.7436e+05
2.7632e+05
2.7821e+05
2.8003e+05
2.8178e+05
2.8345e+05
2.8506e+05
2.866e+05
2.8806e+05
2.8946e+05
2.9078e+05
2.9203e+05
2.9321e+05
2.9431e+05
2.9535e+05
2.9632e+05
2.9721e+05
2.9804e+05
2.988e+05
2.9949e+05
3.0012e+05
3.0068e+05
3.0117e+05
3.016e+05
3.0197e+05
3.0228e+05
3.0252e+05
3.0271e+05
3.0284e+05
3.0292e+05
3.0294e+05
3.0291e+05
3.0283e+05
3.027e+05
3.0252e+05
3.023e+05
3.0203e+05
3.0173e+05
3.0138e+05
3.0099e+05
3.0057e+05
3.0011e+05
2.9963e+05
2.9911e+05
2.9856e+05
2.9799e+05
2.9739e+05
2.9677e+05
2.9613e+05
2.9548e+05
2.948e+05
2.9411e+05
2.9341e+05
2.927e+05
2.9198e+05
2.9125e+05
2.9052e+05
2.8978e+05
2.8905e+05
2.8831e+05
2.8757e+05
2.8684e+05
2.8611e+05
2.8539e+05
2.8467e+05
2.8396e+05
2.8326e+05
2.8258e+05
2.819e+05
2.8124e+05
2.8059e+05
2.7996e+05
2.7934e+05
2.7874e+05
2.7815e+05
2.7759e+05
2.7704e+05
2.7651e+05
2.76e+05
2.7551e+05
2.7504e+05
2.7458e+05
2.7415e+05
2.7374e+05
2.7334e+05
2.7297e+05
2.7261e+05
2.7227e+05
2.7195e+05
2.7165e+05
2.7136e+05
2.7109e+05
2.7084e+05
2.706e+05
2.7037e+05
2.7016e+05
2.6996e+05
2.6977e+05
2.6959e+05
2.6941e+05
2.6925e+05
2.6909e+05
2.6894e+05
2.6879e+05
2.6864e+05
2.6849e+05
2.6834e+05
2.6819e+05
2.6803e+05
2.6787e+05
2.6771e+05
2.6753e+05
2.6734e+05
2.6715e+05
2.6694e+05
2.6671e+05
2.6647e+05
2.6621e+05
2.6593e+05
2.6564e+05
2.6531e+05
2.6497e+05
2.646e+05
2.642e+05
2.6378e+05
2.6332e+05
2.6284e+05
2.6232e+05
2.6177e+05
2.6119e+05
2.6057e+05
2.5991e+05
2.5922e+05
2.5848e+05
2.5771e+05
2.569e+05
2.5604e+05
2.5515e+05
2.5421e+05
2.5323e+05
2.522e+05
2.5113e+05
2.5002e+05
2.4886e+05
2.4766e+05
2.4642e+05
2.4512e+05
2.4379e+05
2.4241e+05
2.4098e+05
2.3951e+05
2.38e+05
2.3644e+05
2.3485e+05
2.332e+05
2.3152e+05
2.298e+05
2.2804e+05
2.2623e+05
2.2439e+05
2.2252e+05
2.206e+05
2.1866e+05
2.1668e+05
2.1466e+05
2.1262e+05
2.1055e+05
2.0845e+05
2.0632e+05
2.0417e+05
2.02e+05
1.998e+05
1.9758e+05
1.9535e+05
1.931e+05
1.9083e+05
1.8856e+05
1.8627e+05
1.8397e+05
1.8166e+05
1.7935e+05
1.7704e+05
1.7472e+05
1.7241e+05
1.7009e+05
1.6778e+05
1.6548e+05
1.6318e+05
1.6089e+05
1.5861e+05
1.5634e+05
1.5409e+05
1.5186e+05
1.4964e+05
1.4744e+05
1.4526e+05
1.431e+05
1.4097e+05
1.3886e+05
1.3678e+05
1.3472e+05
1.327e+05
1.307e+05
1.2873e+05
1.268e+05
1.2489e+05
1.2302e+05
1.2119e+05
1.1938e+05
1.1762e+05
1.1589e+05
1.1419e+05
1.1253e+05
1.1091e+05
1.0932e+05
1.0777e+05
1.0626e+05
1.0478e+05
1.0334e+05
1.0194e+05
1.0057e+05
99239
97941
96678
95448
94251
93086
91952
90849
89774
88728
87709
86715
85746
84800
83876
82972
82088
81220
80369
79533
78709
77896
77094
76299
75511
74727
73947
73169
72390
71610
70827
70039
69245
68444
67633
66812
65980
65134
64274
63399
62507
61598
60670
59723
58756
57768
56759
55729
54676
53601
52503
51382
50239
49073
47886
46676
45445
44194
42923
41632
40324
38999
37659
36305
34938
33561
32174
30780
29382
27980
26578
25178
23783
22395
21016
19651
18302
16972
15664
14382
13129
11909
10726
9582.1
8482.6
7431
6431.3
5487.4
4603.6
3783.8
3032.4
2353.7
1751.8
1231.2
796.22
451.2
200.55
48.684
0
58.899
229.77
516.98
924.86
1457.7
2119.9
2915.5
3848.7
4923.8
6144.6
7515.1
9039.3
10721
12564
14571
16747
19094
21616
24316
27197
30261
33513
36953
40584
44409
48429
52648
57065
61683
66503
71526
76753
82185
87822
93665
99714
1.0597e+05
1.1243e+05
1.1909e+05
1.2596e+05
1.3303e+05
1.403e+05
1.4778e+05
1.5545e+05
1.6332e+05
1.7138e+05
1.7964e+05
1.8809e+05
1.9672e+05
2.0554e+05
2.1453e+05
2.2371e+05
2.3306e+05
2.4258e+05
2.5226e+05
2.6211e+05
2.7211e+05
2.8227e+05
2.9257e+05
3.0301e+05
3.1359e+05
3.2431e+05
3.3514e+05
3.461e+05
3.5717e+05
3.6835e+05
3.7963e+05
3.9101e+05
4.0247e+05
4.1402e+05
4.2563e+05
4.3732e+05
4.4907e+05
4.6086e+05
4.7271e+05
4.8459e+05
4.965e+05
5.0843e+05
5.2038e+05
5.3234e+05
5.4429e+05
5.5623e+05
5.6816e+05
5.8006e+05
5.9193e+05
6.0375e+05
6.1553e+05
6.2725e+05
6.389e+05
6.5048e+05
6.6198e+05
6.7338e+05
6.8469e+05
6.9589e+05
7.0698e+05
7.1794e+05
7.2878e+05
7.3948e+05
7.5003e+05
7.6043e+05
7.7067e+05
7.8074e+05
7.9064e+05
8.0035e+05
8.0988e+05
8.1921e+05
8.2834e+05
8.3726e+05
8.4596e+05
8.5445e+05
8.627e+05
8.7073e+05
8.7851e+05
8.8605e+05
8.9335e+05
9.0038e+05
9.0716e+05
9.1368e+05
9.1992e+05
9.259e+05
9.3159e+05
9.3701e+05
9.4214e+05
9.4699e+05
9.5155e+05
9.5581e+05
9.5978e+05
9.6345e+05
9.6682e+05
9.6989e+05
9.7266e+05
9.7512e+05
9.7728e+05
9.7913e+05
9.8067e+05
9.8191e+05
9.8283e+05
9.8345e+05
9.8377e+05
9.8378e+05
9.8348e+05
9.8288e+05
9.8197e+05
9.8077e+05
9.7926e+05
9.7746e+05
9.7536e+05
9.7297e+05
9.7029e+05
9.6732e+05
9.6407e+05
9.6054e+05
9.5673e+05
9.5265e+05
9.483e+05
9.4368e+05
9.388e+05
9.3367e+05
9.2828e+05
9.2265e+05
9.1678e+05
9.1067e+05
9.0433e+05
8.9776e+05
8.9097e+05
8.8397e+05
8.7676e+05
8.6935e+05
8.6174e+05
8.5394e+05
8.4595e+05
8.3779e+05
8.2945e+05
8.2095e+05
8.1229e+05
8.0348e+05
7.9453e+05
7.8543e+05
7.7621e+05
7.6686e+05
7.5739e+05
7.4781e+05
7.3812e+05
7.2834e+05
7.1847e+05
7.0851e+05
6.9848e+05
6.8837e+05
6.7821e+05
6.6798e+05
6.5771e+05
6.4739e+05
6.3704e+05
6.2665e+05
6.1625e+05
6.0582e+05
5.9539e+05
5.8495e+05
5.7451e+05
5.6408e+05
5.5366e+05
5.4326e+05
5.3289e+05
5.2255e+05
5.1225e+05
5.0199e+05
4.9177e+05
4.8161e+05
4.7151e+05
4.6147e+05
4.515e+05
4.416e+05
4.3177e+05
4.2203e+05
4.1238e+05
4.0281e+05
3.9334e+05
3.8397e+05
3.7469e+05
3.6553e+05
3.5647e+05
3.4752e+05
3.3869e+05
3.2997e+05
3.2138e+05
3.1291e+05
3.0456e+05
2.9635e+05
2.8826e+05
2.803e+05
2.7248e+05
2.648e+05
2.5725e+05
2.4984e+05
2.4257e+05
2.3544e+05
2.2845e+05
2.2161e+05
2.1491e+05
2.0835e+05
2.0194e+05
1.9567e+05
1.8955e+05
1.8357e+05
1.7774e+05
1.7205e+05
1.6651e+05
1.6111e+05
1.5585e+05
1.5074e+05
1.4576e+05
1.4093e+05
1.3624e+05
1.3168e+05
1.2727e+05
1.2299e+05
1.1884e+05
1.1483e+05
1.1094e+05
1.0719e+05
1.0357e+05
1.0007e+05
96693
93441
90309
87296
84400
81617
78946
76384
73930
71581
69334
67188
65139
63185
61325
59555
57872
56276
54761
53328
51972
50691
49484
48346
47277
46273
45332
44451
43628
42861
42147
41485
40870
40302
39779
39296
38854
38449
38080
37743
37438
37162
36914
36691
36491
36313
36156
36016
35893
35785
35690
35607
35535
35471
35415
35365
35320
35279
35240
35202
35165
35127
35088
35046
35000
34949
34894
34832
34764
34689
34605
34513
34412
34301
34180
34048
33906
33752
33587
33410
33221
33019
32805
32578
32339
32086
31821
31542
31251
30946
30629
30299
29955
29599
29231
28849
28456
28050
27632
27202
26760
26307
25843
25368
24882
24386
23879
23362
22836
22301
21756
21202
20640
20070
19491
18905
18312
17712
17105
