9.8378e+05
9.8038e+05
9.7691e+05
9.7336e+05
9.6973e+05
9.6602e+05
9.6225e+05
9.584e+05
9.5448e+05
9.5048e+05
9.4642e+05
9.4229e+05
9.3809e+05
9.3383e+05
9.295e+05
9.251e+05
9.2065e+05
9.1613e+05
9.1155e+05
9.0691e+05
9.0221e+05
8.9746e+05
8.9265e+05
8.8779e+05
8.8287e+05
8.779e+05
8.7288e+05
8.6782e+05
8.627e+05
8.5753e+05
8.5232e+05
8.4706e+05
8.4176e+05
8.3642e+05
8.3103e+05
8.256e+05
8.2014e+05
8.1464e+05
8.091e+05
8.0352e+05
7.9791e+05
7.9227e+05
7.8659e+05
7.8088e+05
7.7515e+05
7.6938e+05
7.6359e+05
7.5777e+05
7.5192e+05
7.4606e+05
7.4016e+05
7.3425e+05
7.2832e+05
7.2236e+05
7.1639e+05
7.104e+05
7.044e+05
6.9838e+05
6.9234e+05
6.863e+05
6.8024e+05
6.7417e+05
6.6809e+05
6.62e+05
6.5591e+05
6.4981e+05
6.437e+05
6.3759e+05
6.3148e+05
6.2536e+05
6.1925e+05
6.1313e+05
6.0702e+05
6.009e+05
5.9479e+05
5.8868e+05
5.8258e+05
5.7649e+05
5.704e+05
5.6432e+05
5.5825e+05
5.5219e+05
5.4613e+05
5.401e+05
5.3407e+05
5.2806e+05
5.2206e+05
5.1608e+05
5.1011e+05
5.0416e+05
4.9823e+05
4.9232e+05
4.8642e+05
4.8055e+05
4.747e+05
4.6887e+05
4.6307e+05
4.5729e+05
4.5153e+05
4.458e+05
4.401e+05
4.3442e+05
4.2877e+05
4.2315e+05
4.1756e+05
4.12e+05
4.0647e+05
4.0097e+05
3.955e+05
3.9007e+05
3.8467e+05
3.7931e+05
3.7398e+05
3.6868e+05
3.6343e+05
3.582e+05
3.5302e+05
3.4788e+05
3.4277e+05
3.377e+05
3.3268e+05
3.2769e+05
3.2274e+05
3.1784e+05
3.1298e+05
3.0816e+05
3.0339e+05
2.9866e+05
2.9397e+05
2.8933e+05
2.8473e+05
2.8018e+05
2.7567e+05
2.7122e+05
2.668e+05
2.6244e+05
2.5813e+05
2.5386e+05
2.4964e+05
2.4547e+05
2.4135e+05
2.3728e+05
2.3326e+05
2.2929e+05
2.2537e+05
2.2151e+05
2.1769e+05
2.1393e+05
2.1022e+05
2.0656e+05
2.0295e+05
1.994e+05
1.959e+05
1.9245e+05
1.8906e+05
1.8572e+05
1.8244e+05
1.7921e+05
1.7603e+05
1.7291e+05
1.6985e+05
1.6683e+05
1.6388e+05
1.6098e+05
1.5813e+05
1.5534e+05
1.5261e+05
1.4993e+05
1.4731e+05
1.4474e+05
1.4223e+05
1.3978e+05
1.3738e+05
1.3504e+05
1.3275e+05
1.3052e+05
1.2835e+05
1.2623e+05
1.2417e+05
1.2217e+05
1.2022e+05
1.1833e+05
1.1649e+05
1.1471e+05
1.1299e+05
1.1132e+05
1.0971e+05
1.0816e+05
1.0666e+05
1.0521e+05
1.0382e+05
1.0249e+05
1.0121e+05
99989
98821
97708
96650
95646
94697
93802
92961
92174
91440
90760
90133
89559
89037
88569
88152
87787
87474
87213
87002
86843
86734
86675
86667
86708
86798
86938
87126
87363
87648
87980
88360
88787
89260
89780
90346
90957
91613
92314
93059
93849
94682
95558
96477
97438
98441
99485
1.0057e+05
1.017e+05
1.0286e+05
1.0407e+05
1.0531e+05
1.066e+05
1.0792e+05
1.0928e+05
1.1068e+05
1.1212e+05
1.1359e+05
1.1509e+05
1.1664e+05
1.1822e+05
1.1983e+05
1.2148e+05
1.2316e+05
1.2487e+05
1.2662e+05
1.2839e+05
1.3021e+05
1.3205e+05
1.3392e+05
1.3582e+05
1.3775e+05
1.3971e+05
1.417e+05
1.4372e+05
1.4577e+05
1.4784e+05
1.4994e+05
1.5207e+05
1.5422e+05
1.5639e+05
1.5859e+05
1.6082e+05
1.6307e+05
1.6534e+05
1.6763e+05
1.6995e+05
1.7228e+05
1.7464e+05
1.7702e+05
1.7942e+05
1.8184e+05
1.8427e+05
1.8673e+05
1.892e+05
1.9169e+05
1.9419e+05
1.9671e+05
1.9925e+05
2.018e+05
2.0437e+05
2.0695e+05
2.0955e+05
2.1215e+05
2.1477e+05
2.1741e+05
2.2005e+05
2.227e+05
2.2537e+05
2.2804e+05
2.3072e+05
2.3342e+05
2.3612e+05
2.3883e+05
2.4154e+05
2.4426e+05
2.4699e+05
2.4973e+05
2.5247e+05
2.5521e+05
2.5796e+05
2.6071e+05
2.6347e+05
2.6623e+05
2.6899e+05
2.7175e+05
2.7451e+05
2.7728e+05
2.8004e+05
2.8281e+05
2.8557e+05
2.8834e+05
2.911e+05
2.9386e+05
2.9661e+05
2.9937e+05
3.0212e+05
3.0486e+05
3.0761e+05
3.1034e+05
3.1307e+05
3.158e+05
3.1852e+05
3.2123e+05
3.2394e+05
3.2664e+05
3.2933e+05
3.3201e+05
3.3469e+05
3.3735e+05
3.4001e+05
3.4265e+05
3.4529e+05
3.4791e+05
3.5053e+05
3.5313e+05
3.5572e+05
3.583e+05
3.6086e+05
3.6341e+05
3.6595e+05
3.6847e+05
3.7098e+05
3.7348e+05
3.7596e+05
3.7843e+05
3.8087e+05
3.8331e+05
3.8573e+05
3.8813e+05
3.9051e+05
3.9288e+05
3.9522e+05
3.9755e+05
3.9987e+05
4.0216e+05
4.0444e+05
4.0669e+05
4.0893e+05
4.1114e+05
4.1334e+05
4.1551e+05
4.1767e+05
4.198e+05
4.2192e+05
4.2401e+05
4.2608e+05
4.2813e+05
4.3015e+05
4.3215e+05
4.3413e+05
4.3609e+05
4.3802e+05
4.3994e+05
4.4182e+05
4.4369e+05
4.4552e+05
4.4734e+05
4.4913e+05
4.5089e+05
4.5263e+05
4.5435e+05
4.5604e+05
4.577e+05
4.5934e+05
4.6096e+05
4.6254e+05
4.641e+05
4.6564e+05
4.6715e+05
4.6863e+05
4.7008e+05
4.7151e+05
4.7291e+05
4.7428e+05
4.7563e+05
4.7695e+05
4.7824e+05
4.795e+05
4.8074e+05
4.8195e+05
4.8313e+05
4.8428e+05
4.854e+05
4.865e+05
4.8756e+05
4.886e+05
4.8961e+05
4.9059e+05
4.9154e+05
4.9247e+05
4.9336e+05
4.9423e+05
4.9507e+05
4.9588e+05
4.9666e+05
4.9741e+05
4.9813e+05
4.9882e+05
4.9948e+05
5.0012e+05
5.0072e+05
5.013e+05
5.0185e+05
5.0237e+05
5.0285e+05
5.0331e+05
5.0374e+05
5.0415e+05
5.0452e+05
5.0486e+05
5.0518e+05
5.0546e+05
5.0572e+05
5.0595e+05
5.0614e+05
5.0631e+05
5.0646e+05
5.0657e+05
5.0665e+05
5.0671e+05
5.0673e+05
5.0673e+05
5.067e+05
5.0664e+05
5.0655e+05
5.0644e+05
5.0629e+05
5.0612e+05
5.0592e+05
5.0569e+05
5.0544e+05
5.0515e+05
5.0484e+05
5.045e+05
5.0414e+05
5.0374e+05
5.0332e+05
5.0287e+05
5.024e+05
5.019e+05
5.0137e+05
5.0081e+05
5.0023e+05
4.9963e+05
4.9899e+05
4.9833e+05
4.9765e+05
4.9693e+05
4.962e+05
4.9543e+05
4.9464e+05
4.9383e+05
4.9299e+05
4.9213e+05
4.9124e+05
4.9033e+05
4.8939e+05
4.8843e+05
4.8744e+05
4.8643e+05
4.854e+05
4.8434e+05
4.8326e+05
4.8216e+05
4.8103e+05
4.7988e+05
4.7871e+05
4.7751e+05
4.7629e+05
4.7505e+05
4.7379e+05
4.7251e+05
4.712e+05
4.6988e+05
4.6853e+05
4.6716e+05
4.6577e+05
4.6436e+05
4.6293e+05
4.6148e+05
4.6001e+05
4.5852e+05
4.5701e+05
4.5548e+05
4.5393e+05
4.5236e+05
4.5077e+05
4.4916e+05
4.4754e+05
4.459e+05
4.4424e+05
4.4256e+05
4.4086e+05
4.3915e+05
4.3742e+05
4.3567e+05
4.3391e+05
4.3213e+05
4.3033e+05
4.2852e+05
4.2669e+05
4.2484e+05
4.2298e+05
4.2111e+05
4.1922e+05
4.1731e+05
4.1539e+05
4.1346e+05
4.1151e+05
4.0955e+05
4.0758e+05
4.0559e+05
4.0359e+05
4.0157e+05
3.9955e+05
3.9751e+05
3.9545e+05
3.9339e+05
3.9131e+05
3.8922e+05
3.8713e+05
3.8501e+05
3.8289e+05
3.8076e+05
3.7862e+05
3.7647e+05
3.743e+05
3.7213e+05
3.6995e+05
3.6776e+05
3.6555e+05
3.6334e+05
3.6113e+05
3.589e+05
3.5666e+05
3.5442e+05
3.5217e+05
3.4991e+05
3.4764e+05
3.4537e+05
3.4309e+05
3.408e+05
3.385e+05
3.362e+05
3.339e+05
3.3158e+05
3.2927e+05
3.2694e+05
3.2461e+05
3.2228e+05
3.1994e+05
3.1759e+05
3.1525e+05
3.1289e+05
3.1054e+05
3.0818e+05
3.0581e+05
3.0345e+05
3.0107e+05
2.987e+05
2.9632e+05
2.9395e+05
2.9156e+05
2.8918e+05
2.8679e+05
2.8441e+05
2.8202e+05
2.7963e+05
2.7723e+05
2.7484e+05
2.7245e+05
2.7005e+05
2.6766e+05
2.6526e+05
2.6287e+05
2.6047e+05
2.5808e+05
2.5568e+05
2.5329e+05
2.509e+05
2.4851e+05
2.4611e+05
2.4373e+05
2.4134e+05
2.3895e+05
2.3657e+05
2.3418e+05
2.3181e+05
2.2943e+05
2.2705e+05
2.2468e+05
2.2231e+05
2.1994e+05
2.1758e+05
2.1522e+05
2.1287e+05
2.1051e+05
2.0816e+05
2.0582e+05
2.0348e+05
2.0114e+05
1.9881e+05
1.9649e+05
1.9416e+05
1.9185e+05
1.8953e+05
1.8723e+05
1.8493e+05
1.8263e+05
1.8034e+05
1.7806e+05
1.7578e+05
1.7351e+05
1.7124e+05
1.6898e+05
1.6673e+05
1.6448e+05
1.6224e+05
1.6001e+05
1.5778e+05
1.5556e+05
1.5335e+05
1.5114e+05
1.4895e+05
1.4676e+05
1.4458e+05
1.424e+05
1.4024e+05
1.3808e+05
1.3593e+05
1.3379e+05
1.3165e+05
1.2953e+05
1.2741e+05
1.2531e+05
1.2321e+05
1.2112e+05
1.1904e+05
1.1696e+05
1.149e+05
1.1285e+05
1.1081e+05
1.0877e+05
1.0675e+05
1.0473e+05
1.0273e+05
1.0073e+05
98745
96770
94804
92849
90903
88969
87044
85130
83226
81333
79451
77579
75719
73869
72029
70201
68384
66578
64783
63000
61227
59466
57717
55978
54251
52536
50832
49140
47459
45791
44133
42488
40854
39232
37622
36024
34438
32864
31301
29751
28213
26687
25172
23670
22180
20703
19237
17783
16342
14913
13496
12091
10699
9318.7
7950.7
6594.9
5251.4
3920.2
2601.2
1294.5
0
