34257
36545
39067
41819
44800
48006
51433
55078
58935
62997
67260
71715
76355
81172
86158
91302
96596
1.0203e+05
1.0759e+05
1.1327e+05
1.1906e+05
1.2494e+05
1.309e+05
1.3694e+05
1.4303e+05
1.4917e+05
1.5534e+05
1.6153e+05
1.6773e+05
1.7393e+05
1.8011e+05
1.8625e+05
1.9235e+05
1.9839e+05
2.0437e+05
2.1026e+05
2.1605e+05
2.2174e+05
2.2731e+05
2.3275e+05
2.3805e+05
2.432e+05
2.4818e+05
2.5299e+05
2.5761e+05
2.6204e+05
2.6627e+05
2.703e+05
2.741e+05
2.7768e+05
2.8103e+05
2.8413e+05
2.87e+05
2.8961e+05
2.9198e+05
2.9408e+05
2.9592e+05
2.975e+05
2.9882e+05
2.9987e+05
3.0065e+05
3.0116e+05
3.014e+05
3.0138e+05
3.0109e+05
3.0054e+05
2.9973e+05
2.9866e+05
2.9734e+05
2.9577e+05
2.9396e+05
2.9191e+05
2.8963e+05
2.8712e+05
2.844e+05
2.8147e+05
2.7833e+05
2.75e+05
2.7149e+05
2.678e+05
2.6394e+05
2.5993e+05
2.5577e+05
2.5148e+05
2.4706e+05
2.4252e+05
2.3788e+05
2.3315e+05
2.2834e+05
2.2345e+05
2.1851e+05
2.1352e+05
2.0849e+05
2.0344e+05
1.9837e+05
1.933e+05
1.8824e+05
1.832e+05
1.7819e+05
1.7322e+05
1.6829e+05
1.6343e+05
1.5864e+05
1.5393e+05
1.4931e+05
1.4479e+05
1.4037e+05
1.3607e+05
1.3189e+05
1.2784e+05
1.2393e+05
1.2015e+05
1.1653e+05
1.1307e+05
1.0976e+05
1.0662e+05
1.0365e+05
1.0085e+05
98229
95788
93528
91453
89564
87863
86349
85023
83886
82937
82174
81597
81203
80992
80960
81105
81423
81912
82568
83387
84364
85496
86777
88204
89770
91472
93302
95257
97330
99516
1.0181e+05
1.042e+05
1.0669e+05
1.0927e+05
1.1193e+05
1.1467e+05
1.1748e+05
1.2035e+05
1.2329e+05
1.2627e+05
1.2931e+05
1.3238e+05
1.3549e+05
1.3863e+05
1.4179e+05
1.4498e+05
1.4817e+05
1.5137e+05
1.5457e+05
1.5777e+05
1.6096e+05
1.6413e+05
1.6729e+05
1.7042e+05
1.7352e+05
1.7659e+05
1.7962e+05
1.826e+05
1.8554e+05
1.8843e+05
1.9126e+05
1.9403e+05
1.9674e+05
1.9938e+05
2.0194e+05
2.0444e+05
2.0685e+05
2.0918e+05
2.1143e+05
2.1359e+05
2.1566e+05
2.1763e+05
2.1951e+05
2.2128e+05
2.2296e+05
2.2453e+05
2.2599e+05
2.2734e+05
2.2859e+05
2.2972e+05
2.3073e+05
2.3163e+05
2.3241e+05
2.3308e+05
2.3362e+05
2.3404e+05
2.3434e+05
2.3452e+05
2.3458e+05
2.3451e+05
2.3432e+05
2.3401e+05
2.3357e+05
2.3301e+05
2.3233e+05
2.3153e+05
2.3061e+05
2.2957e+05
2.2841e+05
2.2714e+05
2.2575e+05
2.2425e+05
2.2264e+05
2.2093e+05
2.1911e+05
2.1718e+05
2.1516e+05
2.1304e+05
2.1082e+05
2.0852e+05
2.0613e+05
2.0366e+05
2.0111e+05
1.9848e+05
1.9579e+05
1.9302e+05
1.902e+05
1.8731e+05
1.8437e+05
1.8139e+05
1.7836e+05
1.7528e+05
1.7218e+05
1.6904e+05
1.6587e+05
1.6269e+05
1.5948e+05
1.5627e+05
1.5304e+05
1.4981e+05
1.4659e+05
1.4336e+05
1.4015e+05
1.3695e+05
1.3376e+05
1.306e+05
1.2746e+05
1.2435e+05
1.2127e+05
1.1822e+05
1.1521e+05
1.1224e+05
1.0932e+05
1.0643e+05
1.036e+05
1.0081e+05
98067
95380
92744
90163
87636
85164
82747
80386
78080
75829
73633
71491
69403
67367
65383
63450
61565
59729
57938
56192
54490
52828
51207
49623
48076
46563
45083
43634
42214
40823
39458
38118
36802
35508
34237
32985
31754
30541
29348
28172
27015
25875
24753
23650
22566
21501
20455
19431
18428
17449
16493
15563
14660
13785
12941
12128
11349
10605
9898.4
9230.3
8602.7
8017.3
7475.8
6979.8
6530.7
6130.1
5779.1
5479
5230.7
5035
4892.6
4804
4769.3
4788.6
4861.7
4988.2
5167.2
5398
5679.1
6009.2
6386.5
6809
7274.3
7779.9
8323.1
8900.6
9509.3
10146
10806
11485
12181
12888
13602
14317
15031
15737
16431
17107
17762
18390
18985
19545
20063
20535
20958
21326
21637
21885
22070
22186
22232
22207
22107
21932
21681
21354
20951
20473
19923
19301
18611
17856
17040
16167
15244
14277
13271
12235
11177
10105
9028.2
7957.7
6903.6
5877.3
4890.7
3956.1
3086.5
2295.4
1596.5
1004.3
533.31
198.7
15.744
0
167.23
533.34
1114.3
1926.2
2985
4306.5
5906.7
7801.1
10005
12533
15401
18622
22210
26178
30539
35304
40485
46092
52134
58620
65557
72953
80812
89139
97938
1.0721e+05
1.1696e+05
1.2718e+05
1.3788e+05
1.4904e+05
1.6068e+05
1.7277e+05
1.8532e+05
1.9832e+05
2.1175e+05
2.2561e+05
2.3989e+05
2.5457e+05
2.6964e+05
2.8508e+05
3.0088e+05
3.1701e+05
3.3347e+05
3.5022e+05
3.6725e+05
3.8454e+05
4.0206e+05
4.1978e+05
4.3769e+05
4.5575e+05
4.7394e+05
4.9223e+05
5.106e+05
5.2901e+05
5.4743e+05
5.6584e+05
5.8421e+05
6.025e+05
6.2069e+05
6.3874e+05
6.5663e+05
6.7432e+05
6.9178e+05
7.0898e+05
7.259e+05
7.4249e+05
7.5874e+05
7.7462e+05
7.9009e+05
8.0513e+05
8.1971e+05
8.3381e+05
8.474e+05
8.6046e+05
8.7296e+05
8.8488e+05
8.962e+05
9.0691e+05
9.1697e+05
9.2638e+05
9.3512e+05
9.4318e+05
9.5053e+05
9.5718e+05
9.631e+05
9.6829e+05
9.7274e+05
9.7645e+05
9.7941e+05
9.8162e+05
9.8308e+05
9.8378e+05
9.8373e+05
9.8293e+05
9.8138e+05
9.791e+05
9.7608e+05
9.7234e+05
9.6789e+05
9.6274e+05
9.5689e+05
9.5037e+05
9.4319e+05
9.3537e+05
9.2692e+05
9.1786e+05
9.0821e+05
8.98e+05
8.8723e+05
8.7594e+05
8.6415e+05
8.5188e+05
8.3915e+05
8.2599e+05
8.1243e+05
7.9849e+05
7.8419e+05
7.6957e+05
7.5465e+05
7.3945e+05
7.24e+05
7.0834e+05
6.9248e+05
6.7645e+05
6.6029e+05
6.44e+05
6.2763e+05
6.112e+05
5.9473e+05
5.7825e+05
5.6178e+05
5.4535e+05
5.2897e+05
5.1268e+05
4.9649e+05
4.8042e+05
4.645e+05
4.4875e+05
4.3317e+05
4.178e+05
4.0265e+05
3.8773e+05
3.7306e+05
3.5866e+05
3.4453e+05
3.3069e+05
3.1716e+05
3.0394e+05
2.9104e+05
2.7847e+05
2.6623e+05
2.5435e+05
2.4281e+05
2.3163e+05
2.2081e+05
2.1035e+05
2.0026e+05
1.9053e+05
1.8117e+05
1.7217e+05
1.6354e+05
1.5527e+05
1.4737e+05
1.3982e+05
1.3262e+05
1.2577e+05
1.1927e+05
1.131e+05
1.0726e+05
1.0175e+05
96554
91667
87081
82786
78775
75038
71565
68348
65376
62639
60127
57830
55737
53839
52125
50585
49209
47986
46907
45962
45141
44435
43835
43331
42914
42577
42311
42107
41959
41858
41798
41772
41774
41797
41836
41886
41940
41996
42047
42091
42124
42142
42142
42122
42079
42011
41917
41795
41643
41462
41249
41006
40732
40426
40090
39723
39326
38901
38448
37969
37464
36936
36386
35815
35225
34618
33997
33362
32716
32061
31399
30732
30062
29391
28721
28053
27391
26735
26088
25451
24825
24214
23617
23036
22474
21930
21406
20903
20423
19965
19531
19121
18736
18375
18040
17731
17447
17189
16957
16749
16567
16409
16275
16164
16076
16010
15965
15941
15936
15949
15979
16025
16086
16161
16249
16347
16456
16573
16698
16829
16964
17103
17244
17386
17528
17667
17804
17937
18065
18186
18300
18405
18501
18587
18661
18724
18774
18810
18833
18841
18834
18811
18773
18718
18647
18560
18456
18336
18199
18046
17877
17692
17491
17275
17044
16799
16540
16267
15982
15685
15376
15057
14728
14390
