91492
95939
1.0064e+05
1.0558e+05
1.1077e+05
1.1619e+05
1.2184e+05
1.277e+05
1.3377e+05
1.4005e+05
1.465e+05
1.5313e+05
1.5992e+05
1.6686e+05
1.7393e+05
1.8112e+05
1.8841e+05
1.9579e+05
2.0323e+05
2.1073e+05
2.1827e+05
2.2581e+05
2.3336e+05
2.4089e+05
2.4839e+05
2.5582e+05
2.6319e+05
2.7046e+05
2.7762e+05
2.8466e+05
2.9155e+05
2.9828e+05
3.0483e+05
3.1119e+05
3.1734e+05
3.2326e+05
3.2894e+05
3.3437e+05
3.3953e+05
3.4441e+05
3.49e+05
3.5329e+05
3.5726e+05
3.6092e+05
3.6424e+05
3.6722e+05
3.6986e+05
3.7215e+05
3.7408e+05
3.7565e+05
3.7686e+05
3.7771e+05
3.7819e+05
3.7831e+05
3.7806e+05
3.7744e+05
3.7647e+05
3.7514e+05
3.7345e+05
3.7142e+05
3.6904e+05
3.6633e+05
3.6329e+05
3.5993e+05
3.5626e+05
3.5228e+05
3.4802e+05
3.4347e+05
3.3865e+05
3.3356e+05
3.2824e+05
3.2267e+05
3.1689e+05
3.1089e+05
3.047e+05
2.9832e+05
2.9178e+05
2.8508e+05
2.7824e+05
2.7127e+05
2.6419e+05
2.5701e+05
2.4975e+05
2.4242e+05
2.3503e+05
2.276e+05
2.2014e+05
2.1267e+05
2.052e+05
1.9774e+05
1.903e+05
1.8291e+05
1.7556e+05
1.6828e+05
1.6108e+05
1.5396e+05
1.4694e+05
1.4003e+05
1.3324e+05
1.2659e+05
1.2007e+05
1.137e+05
1.0749e+05
1.0145e+05
95583
89900
84410
79117
74029
69153
64493
60055
55845
51866
48123
44620
41359
38343
35575
33057
30790
28776
27014
25506
24251
23249
22499
21999
21747
21742
21980
22460
23176
24127
25307
26711
28336
30176
32225
34477
36927
39567
42390
45389
48558
51887
55369
58997
62760
66651
70661
74780
79000
83311
87704
92169
96698
1.0128e+05
1.059e+05
1.1056e+05
1.1525e+05
1.1995e+05
1.2465e+05
1.2935e+05
1.3404e+05
1.3871e+05
1.4335e+05
1.4794e+05
1.5249e+05
1.5699e+05
1.6142e+05
1.6578e+05
1.7007e+05
1.7427e+05
1.7837e+05
1.8238e+05
1.8629e+05
1.9008e+05
1.9376e+05
1.9732e+05
2.0076e+05
2.0407e+05
2.0725e+05
2.1029e+05
2.1319e+05
2.1596e+05
2.1858e+05
2.2105e+05
2.2338e+05
2.2556e+05
2.2759e+05
2.2948e+05
2.3121e+05
2.328e+05
2.3424e+05
2.3553e+05
2.3667e+05
2.3766e+05
2.3851e+05
2.3922e+05
2.3979e+05
2.4021e+05
2.405e+05
2.4065e+05
2.4067e+05
2.4055e+05
2.403e+05
2.3993e+05
2.3943e+05
2.3881e+05
2.3807e+05
2.3721e+05
2.3623e+05
2.3513e+05
2.3393e+05
2.3262e+05
2.3119e+05
2.2967e+05
2.2803e+05
2.263e+05
2.2447e+05
2.2254e+05
2.2051e+05
2.1839e+05
2.1617e+05
2.1386e+05
2.1147e+05
2.0899e+05
2.0642e+05
2.0376e+05
2.0103e+05
1.9821e+05
1.9531e+05
1.9234e+05
1.8929e+05
1.8618e+05
1.8299e+05
1.7973e+05
1.7641e+05
1.7302e+05
1.6958e+05
1.6607e+05
1.6252e+05
1.5891e+05
1.5526e+05
1.5157e+05
1.4784e+05
1.4407e+05
1.4027e+05
1.3645e+05
1.326e+05
1.2874e+05
1.2487e+05
1.2099e+05
1.1711e+05
1.1324e+05
1.0937e+05
1.0553e+05
1.017e+05
97899
94132
90403
86719
83084
79504
75986
72533
69152
65847
62623
59484
56435
53480
50622
47864
45210
42662
40223
37893
35675
33570
31577
29697
27930
26275
24730
23294
21966
20741
19618
18594
17664
16825
16073
15402
14809
14288
13834
13443
13107
12822
12582
12383
12217
12079
11965
11870
11787
11712
11640
11568
11492
11407
11310
11199
11071
10924
10756
10567
10355
10121
9864.5
9586.5
9288.1
8971.2
8637.7
8290.2
7931.7
7565.4
7195
6824.6
6458.3
6100.8
5756.7
5431.1
5128.9
4855.3
4615.5
4414.7
4258
4150.4
4096.9
4102.1
4170.5
4306.2
4513
4794.5
5153.7
5593.1
6114.8
6720.4
7410.9
8186.8
9047.8
9993.2
11021
12131
13318
14580
15913
17312
18772
20286
21849
23454
25092
26757
28439
30129
31819
33499
35160
36791
38383
39925
41409
42823
44159
45407
46558
47604
48536
49347
50030
50578
50987
51252
51369
51335
51149
50809
50317
49674
48882
47945
46870
45661
44328
42878
41323
39673
37942
36143
34292
32404
30498
28592
26705
24858
23072
21368
19771
18303
16989
15852
14917
14210
13756
13579
13705
14159
14964
16146
17728
19732
22182
25097
28499
32407
36838
41810
47337
53433
60112
67382
75254
83734
92827
1.0254e+05
1.1287e+05
1.2381e+05
1.3537e+05
1.4754e+05
1.6032e+05
1.7369e+05
1.8764e+05
2.0216e+05
2.1724e+05
2.3286e+05
2.49e+05
2.6563e+05
2.8275e+05
3.0031e+05
3.183e+05
3.3668e+05
3.5543e+05
3.7451e+05
3.939e+05
4.1356e+05
4.3344e+05
4.5353e+05
4.7377e+05
4.9413e+05
5.1457e+05
5.3505e+05
5.5553e+05
5.7596e+05
5.9631e+05
6.1654e+05
6.366e+05
6.5645e+05
6.7605e+05
6.9536e+05
7.1434e+05
7.3294e+05
7.5113e+05
7.6887e+05
7.8612e+05
8.0285e+05
8.1902e+05
8.3459e+05
8.4953e+05
8.6381e+05
8.7741e+05
8.9029e+05
9.0242e+05
9.1378e+05
9.2435e+05
9.3411e+05
9.4304e+05
9.5112e+05
9.5833e+05
9.6466e+05
9.7011e+05
9.7466e+05
9.783e+05
9.8104e+05
9.8286e+05
9.8378e+05
9.8378e+05
9.8287e+05
9.8107e+05
9.7837e+05
9.7479e+05
9.7033e+05
9.6502e+05
9.5886e+05
9.5188e+05
9.441e+05
9.3552e+05
9.2618e+05
9.161e+05
9.0531e+05
8.9382e+05
8.8167e+05
8.6889e+05
8.555e+05
8.4153e+05
8.2702e+05
8.12e+05
7.9651e+05
7.8056e+05
7.6421e+05
7.4747e+05
7.304e+05
7.1301e+05
6.9535e+05
6.7745e+05
6.5935e+05
6.4107e+05
6.2266e+05
6.0415e+05
5.8557e+05
5.6695e+05
5.4833e+05
5.2974e+05
5.112e+05
4.9276e+05
4.7443e+05
4.5625e+05
4.3824e+05
4.2044e+05
4.0286e+05
3.8554e+05
3.6848e+05
3.5173e+05
3.3529e+05
3.1918e+05
3.0344e+05
2.8806e+05
2.7307e+05
2.5849e+05
2.4431e+05
2.3057e+05
2.1726e+05
2.044e+05
1.92e+05
1.8006e+05
1.6858e+05
1.5757e+05
1.4704e+05
1.3698e+05
1.274e+05
1.1829e+05
1.0966e+05
1.015e+05
93795
86556
79771
73433
67534
62065
57016
52378
48139
44287
40809
37693
34926
32492
30379
28571
27053
25810
24827
24088
23577
23279
23179
23259
23506
23904
24437
25091
25852
26704
27634
28628
29674
30759
31870
32996
34126
35250
36356
37437
38482
39485
40437
41331
42162
42923
43611
44219
44745
45186
45538
45801
45973
46052
46040
45936
45741
45457
45086
44629
44089
43470
42775
42008
41173
40274
39315
38303
37240
36134
34988
33809
32602
31371
30124
28864
27597
26329
25064
23809
22566
21342
20140
18965
17821
16712
15641
14611
13626
12688
11799
10961
10177
9446.7
8772.5
8154.8
7594.2
7090.7
6644.3
6254.6
5920.9
5642.3
5417.6
5245.4
5123.9
5051.2
5025.3
5043.8
5104.3
5204.1
5340.6
5510.7
5711.6
5940.1
6193.2
6467.7
6760.4
7068
7387.4
7715.4
8048.8
8384.7
8719.9
9051.5
9376.9
9693.1
9997.8
10288
10563
10819
11054
11267
11457
11621
11758
11868
11950
12003
12025
12019
11982
11915
11818
11692
11538
11355
11145
10909
10648
10364
10057
9728.9
9381.6
9016.6
8635.6
8240.3
7832.4
7413.9
6986.4
6551.9
6112.2
5669.1
5224.3
4779.7
4336.9
3897.5
3463.2
3035.4
2615.6
2205.1
1805.1
1416.8
1041.3
679.48
332.13
0
