66543
69423
72378
75405
78499
81657
84877
88153
91482
94859
98282
1.0175e+05
1.0525e+05
1.0878e+05
1.1234e+05
1.1592e+05
1.1952e+05
1.2314e+05
1.2677e+05
1.3041e+05
1.3405e+05
1.3768e+05
1.4131e+05
1.4493e+05
1.4853e+05
1.5212e+05
1.5568e+05
1.5922e+05
1.6272e+05
1.6619e+05
1.6963e+05
1.7302e+05
1.7636e+05
1.7966e+05
1.8291e+05
1.861e+05
1.8923e+05
1.923e+05
1.9531e+05
1.9826e+05
2.0113e+05
2.0394e+05
2.0667e+05
2.0933e+05
2.1191e+05
2.1442e+05
2.1684e+05
2.1919e+05
2.2145e+05
2.2364e+05
2.2574e+05
2.2775e+05
2.2968e+05
2.3153e+05
2.333e+05
2.3497e+05
2.3657e+05
2.3808e+05
2.3951e+05
2.4086e+05
2.4212e+05
2.433e+05
2.4441e+05
2.4543e+05
2.4638e+05
2.4726e+05
2.4806e+05
2.4878e+05
2.4944e+05
2.5003e+05
2.5055e+05
2.5101e+05
2.514e+05
2.5174e+05
2.5201e+05
2.5223e+05
2.524e+05
2.5252e+05
2.5259e+05
2.5261e+05
2.5259e+05
2.5252e+05
2.5242e+05
2.5229e+05
2.5212e+05
2.5191e+05
2.5168e+05
2.5143e+05
2.5115e+05
2.5085e+05
2.5053e+05
2.5019e+05
2.4984e+05
2.4948e+05
2.4911e+05
2.4873e+05
2.4835e+05
2.4796e+05
2.4757e+05
2.4717e+05
2.4678e+05
2.464e+05
2.4602e+05
2.4564e+05
2.4527e+05
2.4491e+05
2.4456e+05
2.4422e+05
2.439e+05
2.4358e+05
2.4328e+05
2.43e+05
2.4273e+05
2.4247e+05
2.4223e+05
2.4201e+05
2.418e+05
2.4161e+05
2.4144e+05
2.4128e+05
2.4114e+05
2.4102e+05
2.4091e+05
2.4082e+05
2.4074e+05
2.4068e+05
2.4063e+05
2.406e+05
2.4057e+05
2.4056e+05
2.4057e+05
2.4058e+05
2.406e+05
2.4063e+05
2.4067e+05
2.4072e+05
2.4077e+05
2.4082e+05
2.4088e+05
2.4094e+05
2.4101e+05
2.4107e+05
2.4114e+05
2.412e+05
2.4126e+05
2.4131e+05
2.4136e+05
2.414e+05
2.4144e+05
2.4147e+05
2.4149e+05
2.4149e+05
2.4149e+05
2.4147e+05
2.4144e+05
2.414e+05
2.4134e+05
2.4126e+05
2.4117e+05
2.4106e+05
2.4093e+05
2.4078e+05
2.4061e+05
2.4041e+05
2.402e+05
2.3997e+05
2.3971e+05
2.3943e+05
2.3912e+05
2.3879e+05
2.3843e+05
2.3805e+05
2.3765e+05
2.3721e+05
2.3676e+05
2.3627e+05
2.3576e+05
2.3522e+05
2.3465e+05
2.3405e+05
2.3343e+05
2.3278e+05
2.321e+05
2.3139e+05
2.3065e+05
2.2989e+05
2.2909e+05
2.2827e+05
2.2742e+05
2.2654e+05
2.2563e+05
2.2469e+05
2.2372e+05
2.2272e+05
2.217e+05
2.2065e+05
2.1956e+05
2.1845e+05
2.1731e+05
2.1614e+05
2.1494e+05
2.1371e+05
2.1246e+05
2.1117e+05
2.0986e+05
2.0852e+05
2.0715e+05
2.0575e+05
2.0432e+05
2.0286e+05
2.0138e+05
1.9986e+05
1.9832e+05
1.9675e+05
1.9515e+05
1.9353e+05
1.9187e+05
1.9019e+05
1.8848e+05
1.8674e+05
1.8498e+05
1.8319e+05
1.8137e+05
1.7952e+05
1.7765e+05
1.7575e+05
1.7383e+05
1.7188e+05
1.699e+05
1.679e+05
1.6588e+05
1.6383e+05
1.6176e+05
1.5967e+05
1.5756e+05
1.5542e+05
1.5326e+05
1.5109e+05
1.4889e+05
1.4668e+05
1.4445e+05
1.422e+05
1.3994e+05
1.3766e+05
1.3537e+05
1.3307e+05
1.3076e+05
1.2844e+05
1.2611e+05
1.2377e+05
1.2143e+05
1.1908e+05
1.1674e+05
1.1439e+05
1.1204e+05
1.0969e+05
1.0734e+05
1.05e+05
1.0267e+05
1.0035e+05
98035
95734
93447
91175
88921
86686
84472
82281
80115
77975
75863
73781
71730
69713
67731
65786
63879
62011
60185
58402
56662
54968
53321
51721
50170
48669
47219
45820
44473
43180
41940
40754
39622
38545
37523
36555
35641
34782
33977
33226
32527
31881
31286
30741
30246
29799
29400
29046
28736
28469
28243
28056
27906
27791
27710
27660
27638
27643
27673
27724
27794
27881
27983
28096
28218
28346
28479
28612
28744
28872
28993
29106
29206
29292
29362
29413
29442
29449
29430
29384
29308
29202
29063
28891
28683
28439
28157
27837
27479
27081
26644
26167
25650
25094
24500
23868
23199
22494
21755
20984
20182
19351
18494
17614
16712
15793
14860
13915
12964
12009
11055
10107
9168.7
8245.2
7341.6
6463
5615
4803
4032.9
3310.5
2641.9
2033.3
1491.1
1021.7
631.63
327.66
116.5
4.9846
0
108.48
337.41
693.77
1184.6
1816.8
2597.3
3533.3
4631.3
5898.4
7341.3
8966.4
10780
12790
15000
17419
20051
22902
25977
29283
32824
36605
40630
44904
49431
54214
59257
64563
70135
75975
82085
88467
95121
1.0205e+05
1.0925e+05
1.1673e+05
1.2448e+05
1.3251e+05
1.4081e+05
1.4938e+05
1.5822e+05
1.6732e+05
1.7669e+05
1.8632e+05
1.9621e+05
2.0635e+05
2.1674e+05
2.2737e+05
2.3824e+05
2.4934e+05
2.6067e+05
2.7222e+05
2.8398e+05
2.9594e+05
3.0811e+05
3.2046e+05
3.3299e+05
3.457e+05
3.5857e+05
3.7158e+05
3.8475e+05
3.9804e+05
4.1146e+05
4.2498e+05
4.3861e+05
4.5233e+05
4.6612e+05
4.7998e+05
4.9388e+05
5.0783e+05
5.2181e+05
5.358e+05
5.4979e+05
5.6378e+05
5.7773e+05
5.9166e+05
6.0553e+05
6.1933e+05
6.3306e+05
6.467e+05
6.6024e+05
6.7365e+05
6.8694e+05
7.0008e+05
7.1307e+05
7.2588e+05
7.3852e+05
7.5095e+05
7.6318e+05
7.7519e+05
7.8696e+05
7.9849e+05
8.0977e+05
8.2077e+05
8.3149e+05
8.4193e+05
8.5206e+05
8.6188e+05
8.7137e+05
8.8054e+05
8.8936e+05
8.9784e+05
9.0595e+05
9.137e+05
9.2107e+05
9.2807e+05
9.3467e+05
9.4088e+05
9.4668e+05
9.5208e+05
9.5707e+05
9.6164e+05
9.6579e+05
9.6952e+05
9.7282e+05
9.7569e+05
9.7812e+05
9.8012e+05
9.8169e+05
9.8282e+05
9.8352e+05
9.8378e+05
9.836e+05
9.8299e+05
9.8195e+05
9.8048e+05
9.7858e+05
9.7626e+05
9.7352e+05
9.7037e+05
9.668e+05
9.6283e+05
9.5845e+05
9.5368e+05
9.4853e+05
9.4299e+05
9.3708e+05
9.308e+05
9.2416e+05
9.1717e+05
9.0984e+05
9.0217e+05
8.9418e+05
8.8587e+05
8.7726e+05
8.6836e+05
8.5916e+05
8.497e+05
8.3997e+05
8.2998e+05
8.1976e+05
8.093e+05
7.9862e+05
7.8774e+05
7.7666e+05
7.6539e+05
7.5395e+05
7.4235e+05
7.306e+05
7.1871e+05
7.067e+05
6.9457e+05
6.8234e+05
6.7002e+05
6.5762e+05
6.4516e+05
6.3264e+05
6.2007e+05
6.0748e+05
5.9486e+05
5.8223e+05
5.696e+05
5.5699e+05
5.444e+05
5.3184e+05
5.1932e+05
5.0686e+05
4.9446e+05
4.8213e+05
4.6988e+05
4.5773e+05
4.4567e+05
4.3372e+05
4.2189e+05
4.1017e+05
3.986e+05
3.8716e+05
3.7586e+05
3.6472e+05
3.5373e+05
3.4291e+05
3.3227e+05
3.2179e+05
3.115e+05
3.0139e+05
2.9147e+05
2.8175e+05
2.7223e+05
2.629e+05
2.5378e+05
2.4487e+05
2.3616e+05
2.2767e+05
2.194e+05
2.1133e+05
2.0349e+05
1.9586e+05
1.8844e+05
1.8125e+05
1.7428e+05
1.6752e+05
1.6098e+05
1.5466e+05
1.4855e+05
1.4266e+05
1.3698e+05
1.3151e+05
1.2625e+05
1.212e+05
1.1635e+05
1.1171e+05
1.0726e+05
1.0302e+05
98961
95095
91416
87921
84604
81462
78492
75690
73050
70569
68243
66067
64036
62146
60393
58771
57277
55905
54651
53510
52478
51549
50720
49985
49340
48780
48301
47899
47569
47306
47107
46967
46882
46849
46862
46919
47015
47147
47312
47505
47723
47964
48224
48500
48790
49089
49396
49708
50023
50338
50651
50960
51263
51557
51842
52116
52376
52622
52853
53066
53261
53437
53592
53727
53840
53931
53999
54043
54064
54061
54033
53981
53905
53804
53678
53529
53355
53157
52936
52691
52424
52134
51823
51489
51135
50761
50367
49954
49523
49074
48608
48126
47629
47117
46590
46051
45499
44936
44362
43777
43183
42581
41971
41354
40731
40102
39468
38831
38189
37545
36899
36252
35604
34955
34307
33660
33014
32371
31730
31092
30457
29826
29200
28578
27962
27351
26746
26147
25554
24968
24390
