6.7013e+05
6.7386e+05
6.7762e+05
6.8142e+05
6.8527e+05
6.8916e+05
6.9311e+05
6.9712e+05
7.0119e+05
7.0533e+05
7.0952e+05
7.1379e+05
7.1813e+05
7.2253e+05
7.27e+05
7.3154e+05
7.3615e+05
7.4082e+05
7.4556e+05
7.5036e+05
7.5521e+05
7.6013e+05
7.6509e+05
7.701e+05
7.7515e+05
7.8024e+05
7.8537e+05
7.9052e+05
7.957e+05
8.009e+05
8.0611e+05
8.1132e+05
8.1654e+05
8.2175e+05
8.2696e+05
8.3214e+05
8.3731e+05
8.4245e+05
8.4755e+05
8.5261e+05
8.5763e+05
8.626e+05
8.6752e+05
8.7237e+05
8.7716e+05
8.8188e+05
8.8652e+05
8.9108e+05
8.9556e+05
8.9995e+05
9.0425e+05
9.0846e+05
9.1256e+05
9.1657e+05
9.2047e+05
9.2426e+05
9.2794e+05
9.3152e+05
9.3498e+05
9.3832e+05
9.4155e+05
9.4466e+05
9.4765e+05
9.5052e+05
9.5327e+05
9.559e+05
9.584e+05
9.6079e+05
9.6305e+05
9.652e+05
9.6722e+05
9.6912e+05
9.709e+05
9.7256e+05
9.741e+05
9.7553e+05
9.7684e+05
9.7803e+05
9.791e+05
9.8006e+05
9.8091e+05
9.8165e+05
9.8227e+05
9.8279e+05
9.832e+05
9.835e+05
9.8369e+05
9.8378e+05
9.8376e+05
9.8364e+05
9.8342e+05
9.831e+05
9.8268e+05
9.8216e+05
9.8154e+05
9.8083e+05
9.8002e+05
9.7911e+05
9.7811e+05
9.7702e+05
9.7584e+05
9.7456e+05
9.732e+05
9.7174e+05
9.702e+05
9.6856e+05
9.6684e+05
9.6503e+05
9.6314e+05
9.6116e+05
9.5909e+05
9.5695e+05
9.5471e+05
9.524e+05
9.5e+05
9.4753e+05
9.4497e+05
9.4233e+05
9.3962e+05
9.3683e+05
9.3396e+05
9.3102e+05
9.28e+05
9.2491e+05
9.2174e+05
9.1851e+05
9.1521e+05
9.1183e+05
9.0839e+05
9.0489e+05
9.0132e+05
8.9769e+05
8.94e+05
8.9024e+05
8.8644e+05
8.8257e+05
8.7865e+05
8.7468e+05
8.7065e+05
8.6658e+05
8.6246e+05
8.583e+05
8.541e+05
8.4985e+05
8.4557e+05
8.4124e+05
8.3689e+05
8.325e+05
8.2809e+05
8.2364e+05
8.1917e+05
8.1468e+05
8.1016e+05
8.0563e+05
8.0108e+05
7.9652e+05
7.9194e+05
7.8736e+05
7.8276e+05
7.7817e+05
7.7356e+05
7.6896e+05
7.6436e+05
7.5976e+05
7.5517e+05
7.5058e+05
7.46e+05
7.4143e+05
7.3688e+05
7.3234e+05
7.2782e+05
7.2331e+05
7.1883e+05
7.1436e+05
7.0992e+05
7.055e+05
7.0111e+05
6.9675e+05
6.9241e+05
6.8811e+05
6.8383e+05
6.7959e+05
6.7538e+05
6.7121e+05
6.6707e+05
6.6297e+05
6.5891e+05
6.5488e+05
6.5089e+05
6.4695e+05
6.4304e+05
6.3918e+05
6.3536e+05
6.3158e+05
6.2784e+05
6.2415e+05
6.205e+05
6.1689e+05
6.1333e+05
6.0982e+05
6.0635e+05
6.0293e+05
5.9955e+05
5.9622e+05
5.9293e+05
5.897e+05
5.865e+05
5.8336e+05
5.8026e+05
5.7721e+05
5.742e+05
5.7124e+05
5.6833e+05
5.6547e+05
5.6265e+05
5.5988e+05
5.5716e+05
5.5448e+05
5.5185e+05
5.4926e+05
5.4673e+05
5.4423e+05
5.4179e+05
5.3939e+05
5.3704e+05
5.3473e+05
5.3247e+05
5.3025e+05
5.2808e+05
5.2596e+05
5.2388e+05
5.2185e+05
5.1986e+05
5.1791e+05
5.1601e+05
5.1416e+05
5.1235e+05
5.1058e+05
5.0886e+05
5.0718e+05
5.0555e+05
5.0396e+05
5.0241e+05
5.0091e+05
4.9945e+05
4.9803e+05
4.9666e+05
4.9532e+05
4.9403e+05
4.9279e+05
4.9158e+05
4.9042e+05
4.893e+05
4.8821e+05
4.8717e+05
4.8617e+05
4.8521e+05
4.8429e+05
4.8341e+05
4.8257e+05
4.8177e+05
4.81e+05
4.8027e+05
4.7958e+05
4.7893e+05
4.7831e+05
4.7773e+05
4.7719e+05
4.7668e+05
4.762e+05
4.7576e+05
4.7535e+05
4.7497e+05
4.7462e+05
4.7431e+05
4.7402e+05
4.7376e+05
4.7354e+05
4.7334e+05
4.7316e+05
4.7302e+05
4.729e+05
4.728e+05
4.7273e+05
4.7268e+05
4.7265e+05
4.7264e+05
4.7265e+05
4.7268e+05
4.7273e+05
4.728e+05
4.7289e+05
4.7298e+05
4.731e+05
4.7323e+05
4.7337e+05
4.7352e+05
4.7368e+05
4.7385e+05
4.7404e+05
4.7423e+05
4.7442e+05
4.7463e+05
4.7484e+05
4.7506e+05
4.7528e+05
4.7551e+05
4.7573e+05
4.7597e+05
4.762e+05
4.7644e+05
4.7668e+05
4.7692e+05
4.7716e+05
4.774e+05
4.7764e+05
4.7789e+05
4.7813e+05
4.7837e+05
4.7862e+05
4.7886e+05
4.7911e+05
4.7936e+05
4.796e+05
4.7985e+05
4.8011e+05
4.8036e+05
4.8062e+05
4.8088e+05
4.8115e+05
4.8143e+05
4.8171e+05
4.8199e+05
4.8229e+05
4.8259e+05
4.8291e+05
4.8324e+05
4.8358e+05
4.8393e+05
4.8431e+05
4.8469e+05
4.851e+05
4.8552e+05
4.8597e+05
4.8644e+05
4.8693e+05
4.8745e+05
4.88e+05
4.8858e+05
4.8918e+05
4.8982e+05
4.9049e+05
4.9119e+05
4.9194e+05
4.9272e+05
4.9354e+05
4.944e+05
4.953e+05
4.9625e+05
4.9724e+05
4.9828e+05
4.9936e+05
5.005e+05
5.0168e+05
5.0291e+05
5.042e+05
5.0554e+05
5.0693e+05
5.0838e+05
5.0988e+05
5.1144e+05
5.1305e+05
5.1472e+05
5.1645e+05
5.1823e+05
5.2007e+05
5.2196e+05
5.2391e+05
5.2592e+05
5.2799e+05
5.301e+05
5.3228e+05
5.345e+05
5.3679e+05
5.3912e+05
5.415e+05
5.4393e+05
5.4642e+05
5.4895e+05
5.5152e+05
5.5414e+05
5.568e+05
5.595e+05
5.6224e+05
5.6502e+05
5.6783e+05
5.7068e+05
5.7356e+05
5.7646e+05
5.7939e+05
5.8235e+05
5.8532e+05
5.8832e+05
5.9133e+05
5.9435e+05
5.9738e+05
6.0043e+05
6.0348e+05
6.0653e+05
6.0958e+05
6.1263e+05
6.1568e+05
6.1871e+05
6.2174e+05
6.2475e+05
6.2775e+05
6.3073e+05
6.3369e+05
6.3663e+05
6.3954e+05
6.4242e+05
6.4527e+05
6.4809e+05
6.5087e+05
6.5362e+05
6.5632e+05
6.5899e+05
6.6161e+05
6.6419e+05
6.6672e+05
6.692e+05
6.7163e+05
6.7401e+05
6.7633e+05
6.786e+05
6.8082e+05
6.8298e+05
6.8508e+05
6.8712e+05
6.891e+05
6.9102e+05
6.9288e+05
6.9468e+05
6.9642e+05
6.981e+05
6.9971e+05
7.0126e+05
7.0275e+05
7.0417e+05
7.0554e+05
7.0684e+05
7.0808e+05
7.0926e+05
7.1038e+05
7.1144e+05
7.1243e+05
7.1337e+05
7.1425e+05
7.1508e+05
7.1584e+05
7.1656e+05
7.1721e+05
7.1781e+05
7.1836e+05
7.1886e+05
7.1931e+05
7.1971e+05
7.2006e+05
7.2036e+05
7.2062e+05
7.2083e+05
7.21e+05
7.2112e+05
7.2121e+05
7.2125e+05
7.2125e+05
7.2122e+05
7.2115e+05
7.2104e+05
7.209e+05
7.2072e+05
7.2052e+05
7.2028e+05
7.2001e+05
7.197e+05
7.1937e+05
7.1902e+05
7.1863e+05
7.1822e+05
7.1778e+05
7.1731e+05
7.1682e+05
7.1631e+05
7.1577e+05
7.1521e+05
7.1462e+05
7.1402e+05
7.1339e+05
7.1273e+05
7.1206e+05
7.1136e+05
7.1065e+05
7.0991e+05
7.0915e+05
7.0836e+05
7.0756e+05
7.0673e+05
7.0588e+05
7.0501e+05
7.0412e+05
7.032e+05
7.0226e+05
7.013e+05
7.0031e+05
6.993e+05
6.9827e+05
6.9721e+05
6.9612e+05
6.9501e+05
6.9387e+05
6.9271e+05
6.9152e+05
6.903e+05
6.8905e+05
6.8778e+05
6.8647e+05
6.8514e+05
6.8377e+05
6.8238e+05
6.8095e+05
6.7949e+05
6.78e+05
6.7648e+05
6.7492e+05
6.7333e+05
6.7171e+05
6.7005e+05
6.6835e+05
6.6662e+05
6.6486e+05
6.6306e+05
6.6122e+05
6.5934e+05
6.5743e+05
6.5548e+05
6.535e+05
6.5147e+05
6.4941e+05
6.473e+05
6.4516e+05
6.4298e+05
6.4077e+05
6.3851e+05
6.3621e+05
6.3388e+05
6.315e+05
6.2909e+05
6.2664e+05
6.2415e+05
6.2161e+05
6.1904e+05
6.1644e+05
6.1379e+05
6.111e+05
6.0838e+05
6.0561e+05
6.0281e+05
5.9998e+05
5.971e+05
5.9419e+05
5.9124e+05
5.8825e+05
5.8523e+05
5.8217e+05
5.7907e+05
5.7594e+05
5.7278e+05
5.6958e+05
5.6634e+05
5.6308e+05
5.5977e+05
5.5644e+05
5.5308e+05
5.4968e+05
5.4625e+05
5.4279e+05
5.393e+05
5.3579e+05
5.3224e+05
5.2866e+05
5.2506e+05
5.2143e+05
5.1777e+05
5.1409e+05
5.1038e+05
5.0664e+05
5.0289e+05
4.9911e+05
4.953e+05
4.9148e+05
4.8763e+05
4.8376e+05
4.7987e+05
4.7597e+05
4.7204e+05
4.681e+05
4.6414e+05
4.6016e+05
4.5617e+05
4.5216e+05
4.4814e+05
4.441e+05
4.4006e+05
4.36e+05
4.3193e+05
4.2785e+05
4.2376e+05
4.1966e+05
4.1555e+05
4.1144e+05
4.0732e+05
4.032e+05
3.9907e+05
3.9493e+05
3.9079e+05
3.8665e+05
3.8251e+05
3.7837e+05
3.7423e+05
3.7008e+05
3.6594e+05
3.618e+05
3.5766e+05
3.5353e+05
3.494e+05
3.4527e+05
3.4115e+05
3.3704e+05
3.3293e+05
3.2883e+05
3.2474e+05
3.2065e+05
3.1658e+05
3.1251e+05
3.0846e+05
3.0441e+05
3.0038e+05
2.9635e+05
2.9234e+05
2.8834e+05
2.8436e+05
2.8038e+05
2.7643e+05
2.7248e+05
2.6855e+05
2.6464e+05
2.6074e+05
2.5685e+05
2.5299e+05
2.4913e+05
2.453e+05
2.4148e+05
2.3768e+05
2.3389e+05
2.3012e+05
2.2637e+05
2.2264e+05
2.1893e+05
2.1523e+05
2.1155e+05
2.0789e+05
2.0425e+05
2.0063e+05
1.9702e+05
1.9344e+05
1.8987e+05
1.8632e+05
1.828e+05
1.7929e+05
1.758e+05
1.7233e+05
1.6887e+05
1.6544e+05
1.6203e+05
1.5863e+05
1.5526e+05
1.5191e+05
1.4857e+05
1.4525e+05
1.4196e+05
1.3868e+05
1.3543e+05
1.3219e+05
1.2897e+05
1.2578e+05
1.226e+05
1.1944e+05
1.1631e+05
1.1319e+05
1.1009e+05
1.0702e+05
1.0396e+05
1.0093e+05
97916
94924
91952
89001
86072
83164
80277
77412
74568
71746
68947
66169
63414
60681
57971
55283
52618
49976
47357
44762
42190
39641
37116
34614
32137
29683
27254
24848
22467
20110
17778
15470
13186
10927
8692.7
6482.7
4297.2
2136.4
0
