29262
31409
33821
36497
39436
42636
46093
49803
53761
57963
62400
67068
71957
77059
82365
87865
93550
99407
1.0543e+05
1.1159e+05
1.179e+05
1.2433e+05
1.3087e+05
1.3751e+05
1.4423e+05
1.5102e+05
1.5786e+05
1.6474e+05
1.7165e+05
1.7857e+05
1.8549e+05
1.9238e+05
1.9924e+05
2.0605e+05
2.128e+05
2.1946e+05
2.2604e+05
2.325e+05
2.3885e+05
2.4506e+05
2.5112e+05
2.5702e+05
2.6274e+05
2.6828e+05
2.7362e+05
2.7875e+05
2.8367e+05
2.8835e+05
2.9279e+05
2.9699e+05
3.0093e+05
3.0461e+05
3.0802e+05
3.1115e+05
3.14e+05
3.1656e+05
3.1884e+05
3.2081e+05
3.225e+05
3.2388e+05
3.2496e+05
3.2575e+05
3.2623e+05
3.2642e+05
3.263e+05
3.259e+05
3.252e+05
3.2421e+05
3.2294e+05
3.214e+05
3.1958e+05
3.1749e+05
3.1515e+05
3.1255e+05
3.0972e+05
3.0664e+05
3.0335e+05
2.9983e+05
2.9611e+05
2.922e+05
2.881e+05
2.8382e+05
2.7939e+05
2.748e+05
2.7008e+05
2.6523e+05
2.6026e+05
2.5519e+05
2.5004e+05
2.4481e+05
2.3951e+05
2.3417e+05
2.2878e+05
2.2337e+05
2.1795e+05
2.1253e+05
2.0712e+05
2.0173e+05
1.9638e+05
1.9107e+05
1.8582e+05
1.8065e+05
1.7555e+05
1.7054e+05
1.6563e+05
1.6083e+05
1.5615e+05
1.516e+05
1.4718e+05
1.4291e+05
1.3879e+05
1.3483e+05
1.3103e+05
1.274e+05
1.2395e+05
1.2067e+05
1.1759e+05
1.1469e+05
1.1198e+05
1.0947e+05
1.0715e+05
1.0504e+05
1.0312e+05
1.0141e+05
99897
98587
97478
96568
95858
95344
95024
94896
94957
95204
95631
96237
97015
97962
99072
1.0034e+05
1.0176e+05
1.0333e+05
1.0504e+05
1.0689e+05
1.0886e+05
1.1096e+05
1.1318e+05
1.155e+05
1.1793e+05
1.2046e+05
1.2307e+05
1.2577e+05
1.2854e+05
1.3139e+05
1.343e+05
1.3726e+05
1.4027e+05
1.4333e+05
1.4642e+05
1.4954e+05
1.5269e+05
1.5585e+05
1.5902e+05
1.6219e+05
1.6536e+05
1.6852e+05
1.7167e+05
1.748e+05
1.779e+05
1.8097e+05
1.84e+05
1.8699e+05
1.8993e+05
1.9282e+05
1.9565e+05
1.9841e+05
2.0111e+05
2.0374e+05
2.0629e+05
2.0876e+05
2.1114e+05
2.1344e+05
2.1564e+05
2.1775e+05
2.1976e+05
2.2166e+05
2.2346e+05
2.2515e+05
2.2673e+05
2.2819e+05
2.2953e+05
2.3076e+05
2.3186e+05
2.3284e+05
2.337e+05
2.3443e+05
2.3502e+05
2.3549e+05
2.3583e+05
2.3604e+05
2.3611e+05
2.3605e+05
2.3586e+05
2.3553e+05
2.3507e+05
2.3447e+05
2.3374e+05
2.3288e+05
2.3189e+05
2.3077e+05
2.2952e+05
2.2814e+05
2.2664e+05
2.2501e+05
2.2326e+05
2.214e+05
2.1941e+05
2.1731e+05
2.151e+05
2.1279e+05
2.1037e+05
2.0784e+05
2.0523e+05
2.0252e+05
1.9971e+05
1.9683e+05
1.9387e+05
1.9082e+05
1.8771e+05
1.8453e+05
1.813e+05
1.78e+05
1.7465e+05
1.7126e+05
1.6782e+05
1.6435e+05
1.6085e+05
1.5733e+05
1.5378e+05
1.5022e+05
1.4665e+05
1.4308e+05
1.395e+05
1.3594e+05
1.3238e+05
1.2884e+05
1.2532e+05
1.2182e+05
1.1835e+05
1.1492e+05
1.1153e+05
1.0817e+05
1.0486e+05
1.016e+05
98393
95240
92145
89109
86137
83229
80388
77615
74912
72278
69717
67227
64809
62463
60189
57986
55854
53792
51799
49873
48014
46219
44486
42815
41202
39646
38144
36693
35293
33940
32631
31365
30139
28950
27796
26675
25585
24523
23487
22476
21488
20520
19572
18643
17730
16834
15953
15086
14235
13397
12574
11765
10971
10192
9429.7
8684.6
7957.8
7250.8
6564.8
5901.7
5263
4650.6
4066.5
3512.6
2991.2
2504.3
2054.1
1642.7
1272.4
945.32
663.46
428.88
243.5
109.14
27.462
0
28.107
112.95
255.48
456.43
716.3
1035.3
1413.5
1850.4
2345.6
2898
3506.6
4169.8
4885.7
5652.2
6466.9
7326.9
8229.2
9170.3
10147
11154
12189
13246
14320
15408
16503
17600
18695
19780
20851
21901
22925
23918
24872
25783
26645
27453
28200
28882
29494
30032
30491
30867
31156
31356
31464
31478
31395
31216
30939
30564
30093
29526
28866
28115
27278
26357
25358
24288
23151
21955
20709
19421
18099
16755
15399
14042
12696
11375
10091
8858.9
7692.5
6606.8
5617.3
4739.7
3990.1
3385.1
2941.4
2675.8
2605.6
2747.7
3119.5
3738.2
4620.7
5784.2
7245.3
9020.4
11126
13577
16389
19577
23155
27136
31533
36358
41622
47335
53507
60145
67258
74850
82927
91492
1.0055e+05
1.101e+05
1.2014e+05
1.3067e+05
1.417e+05
1.532e+05
1.6519e+05
1.7765e+05
1.9057e+05
2.0395e+05
2.1778e+05
2.3204e+05
2.4671e+05
2.618e+05
2.7727e+05
2.9311e+05
3.0931e+05
3.2583e+05
3.4267e+05
3.5981e+05
3.7721e+05
3.9485e+05
4.1271e+05
4.3076e+05
4.4898e+05
4.6734e+05
4.858e+05
5.0435e+05
5.2295e+05
5.4157e+05
5.6018e+05
5.7875e+05
5.9725e+05
6.1565e+05
6.3391e+05
6.5201e+05
6.6991e+05
6.8759e+05
7.05e+05
7.2213e+05
7.3894e+05
7.554e+05
7.7148e+05
7.8715e+05
8.0239e+05
8.1716e+05
8.3145e+05
8.4523e+05
8.5846e+05
8.7113e+05
8.8322e+05
8.947e+05
9.0556e+05
9.1577e+05
9.2532e+05
9.3419e+05
9.4237e+05
9.4984e+05
9.5659e+05
9.6261e+05
9.6789e+05
9.7243e+05
9.7622e+05
9.7925e+05
9.8152e+05
9.8303e+05
9.8378e+05
9.8377e+05
9.83e+05
9.8148e+05
9.7922e+05
9.7621e+05
9.7248e+05
9.6803e+05
9.6287e+05
9.5701e+05
9.5047e+05
9.4327e+05
9.3542e+05
9.2694e+05
9.1784e+05
9.0815e+05
8.9788e+05
8.8707e+05
8.7572e+05
8.6387e+05
8.5153e+05
8.3874e+05
8.2551e+05
8.1188e+05
7.9786e+05
7.8348e+05
7.6878e+05
7.5377e+05
7.3848e+05
7.2295e+05
7.0719e+05
6.9123e+05
6.7511e+05
6.5885e+05
6.4246e+05
6.2599e+05
6.0946e+05
5.9288e+05
5.7629e+05
5.5971e+05
5.4317e+05
5.2668e+05
5.1028e+05
4.9398e+05
4.778e+05
4.6176e+05
4.4589e+05
4.302e+05
4.1471e+05
3.9944e+05
3.8441e+05
3.6963e+05
3.5511e+05
3.4086e+05
3.2691e+05
3.1326e+05
2.9993e+05
2.8692e+05
2.7424e+05
2.619e+05
2.499e+05
2.3826e+05
2.2698e+05
2.1606e+05
2.055e+05
1.9531e+05
1.8549e+05
1.7604e+05
1.6696e+05
1.5825e+05
1.4991e+05
1.4194e+05
1.3432e+05
1.2706e+05
1.2016e+05
1.136e+05
1.0739e+05
1.0152e+05
95976
90756
85851
81254
76957
72950
69224
65772
62582
59645
56951
54490
52253
50228
48406
46776
45328
44052
42937
41974
41152
40462
39893
39438
39085
38827
38654
38557
38529
38561
38645
38775
38942
39140
39363
39603
39856
40116
40377
40635
40885
41123
41344
41546
41725
41879
42003
42098
42159
42186
42177
42131
42047
41925
41764
41564
41325
41047
40731
40377
39987
39561
39100
38607
38082
37526
36943
36332
35697
35039
34360
33663
32948
32219
31478
30726
29966
29199
28429
27657
26885
26115
25349
24590
23838
23096
22365
21647
20944
20257
19587
18936
18305
17694
17106
16540
15998
15480
14987
14519
14077
13661
13271
12907
12569
12258
11972
11711
11476
11266
11079
10916
10776
10658
10561
10484
10427
10388
10366
10361
10370
10394
10430
10478
10536
10604
10679
10761
10848
10940
11034
11131
11227
11324
11418
11510
11598
11681
11758
11828
11891
11945
11990
12024
12048
12061
12061
12049
12024
11986
11934
11868
11788
11694
11586
11463
11327
11176
11010
10832
10639
10434
10215
9984.6
9741.9
9487.7
