6.3181e+05
6.34e+05
6.3609e+05
6.3808e+05
6.3998e+05
6.4178e+05
6.4348e+05
6.4509e+05
6.466e+05
6.4802e+05
6.4934e+05
6.5056e+05
6.517e+05
6.5274e+05
6.5369e+05
6.5455e+05
6.5531e+05
6.5599e+05
6.5658e+05
6.5708e+05
6.575e+05
6.5783e+05
6.5807e+05
6.5824e+05
6.5831e+05
6.5831e+05
6.5823e+05
6.5807e+05
6.5783e+05
6.5751e+05
6.5712e+05
6.5665e+05
6.5611e+05
6.555e+05
6.5482e+05
6.5407e+05
6.5325e+05
6.5236e+05
6.5141e+05
6.504e+05
6.4932e+05
6.4819e+05
6.4699e+05
6.4573e+05
6.4442e+05
6.4306e+05
6.4163e+05
6.4016e+05
6.3863e+05
6.3706e+05
6.3544e+05
6.3376e+05
6.3205e+05
6.3029e+05
6.2848e+05
6.2664e+05
6.2475e+05
6.2283e+05
6.2086e+05
6.1886e+05
6.1683e+05
6.1476e+05
6.1266e+05
6.1053e+05
6.0837e+05
6.0618e+05
6.0396e+05
6.0171e+05
5.9944e+05
5.9715e+05
5.9483e+05
5.925e+05
5.9014e+05
5.8776e+05
5.8536e+05
5.8295e+05
5.8052e+05
5.7807e+05
5.7561e+05
5.7313e+05
5.7065e+05
5.6815e+05
5.6564e+05
5.6312e+05
5.6059e+05
5.5805e+05
5.555e+05
5.5295e+05
5.5039e+05
5.4782e+05
5.4525e+05
5.4268e+05
5.401e+05
5.3752e+05
5.3494e+05
5.3235e+05
5.2976e+05
5.2717e+05
5.2458e+05
5.2199e+05
5.1941e+05
5.1682e+05
5.1423e+05
5.1164e+05
5.0906e+05
5.0648e+05
5.0389e+05
5.0132e+05
4.9874e+05
4.9617e+05
4.936e+05
4.9103e+05
4.8847e+05
4.859e+05
4.8335e+05
4.8079e+05
4.7824e+05
4.7569e+05
4.7315e+05
4.7061e+05
4.6807e+05
4.6554e+05
4.6301e+05
4.6048e+05
4.5795e+05
4.5543e+05
4.5291e+05
4.5039e+05
4.4788e+05
4.4537e+05
4.4286e+05
4.4035e+05
4.3784e+05
4.3534e+05
4.3283e+05
4.3033e+05
4.2783e+05
4.2532e+05
4.2282e+05
4.2032e+05
4.1782e+05
4.1531e+05
4.1281e+05
4.103e+05
4.078e+05
4.0529e+05
4.0278e+05
4.0026e+05
3.9775e+05
3.9523e+05
3.927e+05
3.9018e+05
3.8765e+05
3.8511e+05
3.8257e+05
3.8003e+05
3.7748e+05
3.7492e+05
3.7236e+05
3.698e+05
3.6723e+05
3.6465e+05
3.6206e+05
3.5947e+05
3.5687e+05
3.5427e+05
3.5165e+05
3.4903e+05
3.464e+05
3.4377e+05
3.4112e+05
3.3847e+05
3.3581e+05
3.3314e+05
3.3046e+05
3.2777e+05
3.2508e+05
3.2238e+05
3.1966e+05
3.1694e+05
3.1421e+05
3.1148e+05
3.0873e+05
3.0598e+05
3.0321e+05
3.0044e+05
2.9767e+05
2.9488e+05
2.9209e+05
2.8928e+05
2.8647e+05
2.8366e+05
2.8084e+05
2.7801e+05
2.7517e+05
2.7233e+05
2.6949e+05
2.6663e+05
2.6378e+05
2.6092e+05
2.5805e+05
2.5519e+05
2.5232e+05
2.4944e+05
2.4657e+05
2.4369e+05
2.4082e+05
2.3794e+05
2.3506e+05
2.3219e+05
2.2931e+05
2.2644e+05
2.2357e+05
2.2071e+05
2.1785e+05
2.15e+05
2.1215e+05
2.0931e+05
2.0647e+05
2.0365e+05
2.0083e+05
1.9802e+05
1.9523e+05
1.9245e+05
1.8968e+05
1.8692e+05
1.8418e+05
1.8146e+05
1.7875e+05
1.7606e+05
1.7338e+05
1.7073e+05
1.681e+05
1.6549e+05
1.6291e+05
1.6035e+05
1.5781e+05
1.553e+05
1.5282e+05
1.5036e+05
1.4794e+05
1.4554e+05
1.4318e+05
1.4085e+05
1.3856e+05
1.363e+05
1.3408e+05
1.3189e+05
1.2975e+05
1.2764e+05
1.2558e+05
1.2356e+05
1.2158e+05
1.1965e+05
1.1776e+05
1.1593e+05
1.1414e+05
1.124e+05
1.1071e+05
1.0907e+05
1.0749e+05
1.0596e+05
1.0448e+05
1.0306e+05
1.0171e+05
1.0041e+05
99167
97988
96873
95821
94833
93912
93057
92271
91553
90905
90329
89824
89393
89035
88753
88546
88416
88364
88390
88495
88681
88948
89297
89728
90242
90841
91524
92292
93147
94088
95116
96232
97436
98729
1.0011e+05
1.0158e+05
1.0314e+05
1.048e+05
1.0654e+05
1.0837e+05
1.103e+05
1.1231e+05
1.1442e+05
1.1662e+05
1.1891e+05
1.213e+05
1.2378e+05
1.2635e+05
1.2901e+05
1.3176e+05
1.3461e+05
1.3755e+05
1.4058e+05
1.437e+05
1.4691e+05
1.5022e+05
1.5362e+05
1.571e+05
1.6068e+05
1.6435e+05
1.6811e+05
1.7196e+05
1.759e+05
1.7992e+05
1.8404e+05
1.8824e+05
1.9253e+05
1.969e+05
2.0136e+05
2.0591e+05
2.1053e+05
2.1525e+05
2.2004e+05
2.2491e+05
2.2987e+05
2.3491e+05
2.4002e+05
2.4521e+05
2.5048e+05
2.5583e+05
2.6125e+05
2.6674e+05
2.7231e+05
2.7794e+05
2.8365e+05
2.8942e+05
2.9527e+05
3.0118e+05
3.0715e+05
3.1319e+05
3.1929e+05
3.2545e+05
3.3167e+05
3.3794e+05
3.4428e+05
3.5067e+05
3.5711e+05
3.636e+05
3.7015e+05
3.7674e+05
3.8338e+05
3.9006e+05
3.9679e+05
4.0356e+05
4.1037e+05
4.1722e+05
4.241e+05
4.3102e+05
4.3798e+05
4.4496e+05
4.5197e+05
4.5902e+05
4.6608e+05
4.7317e+05
4.8029e+05
4.8742e+05
4.9457e+05
5.0173e+05
5.0892e+05
5.1611e+05
5.2331e+05
5.3052e+05
5.3774e+05
5.4497e+05
5.5219e+05
5.5942e+05
5.6664e+05
5.7386e+05
5.8108e+05
5.8828e+05
5.9548e+05
6.0267e+05
6.0984e+05
6.17e+05
6.2413e+05
6.3125e+05
6.3835e+05
6.4542e+05
6.5247e+05
6.5949e+05
6.6648e+05
6.7344e+05
6.8037e+05
6.8726e+05
6.9411e+05
7.0092e+05
7.0769e+05
7.1442e+05
7.211e+05
7.2774e+05
7.3433e+05
7.4086e+05
7.4734e+05
7.5377e+05
7.6014e+05
7.6645e+05
7.727e+05
7.7889e+05
7.8502e+05
7.9108e+05
7.9707e+05
8.03e+05
8.0885e+05
8.1463e+05
8.2034e+05
8.2597e+05
8.3153e+05
8.37e+05
8.424e+05
8.4771e+05
8.5294e+05
8.5809e+05
8.6315e+05
8.6812e+05
8.73e+05
8.7779e+05
8.8249e+05
8.871e+05
8.9161e+05
8.9603e+05
9.0034e+05
9.0457e+05
9.0869e+05
9.1271e+05
9.1663e+05
9.2045e+05
9.2416e+05
9.2777e+05
9.3127e+05
9.3467e+05
9.3796e+05
9.4114e+05
9.4421e+05
9.4717e+05
9.5002e+05
9.5276e+05
9.5538e+05
9.579e+05
9.603e+05
9.6258e+05
9.6475e+05
9.6681e+05
9.6875e+05
9.7057e+05
9.7228e+05
9.7387e+05
9.7534e+05
9.767e+05
9.7793e+05
9.7905e+05
9.8005e+05
9.8094e+05
9.817e+05
9.8234e+05
9.8287e+05
9.8327e+05
9.8356e+05
9.8373e+05
9.8378e+05
9.8371e+05
9.8352e+05
9.8321e+05
9.8279e+05
9.8224e+05
9.8158e+05
9.8081e+05
9.7991e+05
9.789e+05
9.7777e+05
9.7653e+05
9.7517e+05
9.737e+05
9.7211e+05
9.7041e+05
9.6859e+05
9.6667e+05
9.6463e+05
9.6248e+05
9.6022e+05
9.5785e+05
9.5537e+05
9.5278e+05
9.5009e+05
9.4729e+05
9.4439e+05
9.4138e+05
9.3827e+05
9.3505e+05
9.3174e+05
9.2832e+05
9.2481e+05
9.2119e+05
9.1748e+05
9.1368e+05
9.0977e+05
9.0578e+05
9.0169e+05
8.9752e+05
8.9325e+05
8.8889e+05
8.8445e+05
8.7992e+05
8.753e+05
8.7061e+05
8.6583e+05
8.6097e+05
8.5603e+05
8.5101e+05
8.4592e+05
8.4076e+05
8.3551e+05
8.302e+05
8.2482e+05
8.1937e+05
8.1385e+05
8.0827e+05
8.0262e+05
7.9691e+05
7.9113e+05
7.853e+05
7.7941e+05
7.7347e+05
7.6747e+05
7.6141e+05
7.5531e+05
7.4915e+05
7.4295e+05
7.367e+05
7.3041e+05
7.2407e+05
7.1769e+05
7.1127e+05
7.0481e+05
6.9832e+05
6.9179e+05
6.8523e+05
6.7863e+05
6.7201e+05
6.6536e+05
6.5868e+05
6.5197e+05
6.4525e+05
6.385e+05
6.3173e+05
6.2494e+05
6.1813e+05
6.1131e+05
6.0448e+05
5.9763e+05
5.9078e+05
5.8391e+05
5.7704e+05
5.7016e+05
5.6328e+05
5.5639e+05
5.4951e+05
5.4262e+05
5.3574e+05
5.2886e+05
5.2198e+05
5.1512e+05
5.0826e+05
5.014e+05
4.9457e+05
4.8774e+05
4.8093e+05
4.7413e+05
4.6735e+05
4.6058e+05
4.5384e+05
4.4712e+05
4.4042e+05
4.3374e+05
4.2709e+05
4.2046e+05
4.1386e+05
4.0729e+05
4.0075e+05
3.9424e+05
3.8776e+05
3.8132e+05
3.7491e+05
3.6853e+05
3.622e+05
3.559e+05
3.4963e+05
3.4341e+05
3.3723e+05
3.311e+05
3.25e+05
3.1895e+05
3.1294e+05
3.0698e+05
3.0107e+05
2.952e+05
2.8938e+05
2.8361e+05
2.7789e+05
2.7223e+05
2.6661e+05
2.6105e+05
2.5553e+05
2.5008e+05
2.4467e+05
2.3933e+05
2.3403e+05
2.288e+05
2.2362e+05
2.185e+05
2.1343e+05
2.0843e+05
2.0348e+05
1.9859e+05
1.9376e+05
1.89e+05
1.8429e+05
1.7965e+05
1.7506e+05
1.7054e+05
1.6608e+05
1.6168e+05
1.5735e+05
1.5307e+05
1.4886e+05
1.4472e+05
1.4063e+05
1.3661e+05
1.3266e+05
1.2876e+05
1.2494e+05
1.2117e+05
1.1747e+05
1.1383e+05
1.1026e+05
1.0675e+05
1.0331e+05
99924
96606
93352
90161
87033
83969
80967
78029
75152
72338
69587
66897
64268
61701
59194
56748
54363
52037
49770
47562
45413
43322
41289
39313
37394
35531
33724
31972
30275
28632
27043
25507
24023
22591
21211
19881
18601
17371
16190
15057
13971
12932
11940
10992
10090
9232.2
8417.6
7645.7
6915.9
6227.4
5579.5
4971.5
4402.6
3872.1
3379.4
2923.6
2503.9
2119.7
1770.3
1454.7
1172.4
922.46
704.23
516.93
359.79
232.05
132.96
61.763
17.695
0
7.9233
40.71
97.608
177.87
280.74
405.47
551.33
717.57
903.46
1108.3
