77888
81592
85553
89767
94232
98941
1.0389e+05
1.0907e+05
1.1448e+05
1.2011e+05
1.2594e+05
1.3197e+05
1.3818e+05
1.4457e+05
1.5112e+05
1.5782e+05
1.6465e+05
1.716e+05
1.7865e+05
1.8578e+05
1.9299e+05
2.0025e+05
2.0754e+05
2.1485e+05
2.2217e+05
2.2946e+05
2.3671e+05
2.4392e+05
2.5104e+05
2.5808e+05
2.6501e+05
2.7181e+05
2.7846e+05
2.8496e+05
2.9127e+05
2.9739e+05
3.033e+05
3.0898e+05
3.1442e+05
3.196e+05
3.2452e+05
3.2915e+05
3.335e+05
3.3753e+05
3.4125e+05
3.4465e+05
3.4772e+05
3.5044e+05
3.5282e+05
3.5485e+05
3.5651e+05
3.5782e+05
3.5877e+05
3.5935e+05
3.5956e+05
3.5941e+05
3.5889e+05
3.5801e+05
3.5677e+05
3.5517e+05
3.5323e+05
3.5094e+05
3.4831e+05
3.4535e+05
3.4207e+05
3.3847e+05
3.3458e+05
3.3038e+05
3.2591e+05
3.2116e+05
3.1615e+05
3.109e+05
3.0541e+05
2.9971e+05
2.9379e+05
2.8769e+05
2.814e+05
2.7496e+05
2.6836e+05
2.6163e+05
2.5478e+05
2.4783e+05
2.4079e+05
2.3368e+05
2.2651e+05
2.1929e+05
2.1205e+05
2.0479e+05
1.9753e+05
1.9029e+05
1.8307e+05
1.759e+05
1.6877e+05
1.6172e+05
1.5475e+05
1.4786e+05
1.4108e+05
1.3442e+05
1.2788e+05
1.2148e+05
1.1522e+05
1.0912e+05
1.0318e+05
97407
91819
86419
81213
76208
71410
66825
62457
58311
54392
50702
47246
44026
41044
38303
35803
33546
31533
29763
28238
26956
25916
25117
24558
24237
24152
24299
24676
25280
26107
27153
28415
29886
31563
33440
35513
37774
40219
42841
45634
48590
51703
54965
58368
61906
65570
69352
73243
77236
81320
85488
89730
94038
98402
1.0281e+05
1.0726e+05
1.1174e+05
1.1623e+05
1.2073e+05
1.2524e+05
1.2973e+05
1.3421e+05
1.3865e+05
1.4306e+05
1.4742e+05
1.5173e+05
1.5598e+05
1.6015e+05
1.6424e+05
1.6824e+05
1.7215e+05
1.7595e+05
1.7964e+05
1.8322e+05
1.8667e+05
1.8999e+05
1.9318e+05
1.9623e+05
1.9913e+05
2.0188e+05
2.0448e+05
2.0692e+05
2.0919e+05
2.1131e+05
2.1326e+05
2.1504e+05
2.1665e+05
2.181e+05
2.1937e+05
2.2047e+05
2.2141e+05
2.2217e+05
2.2277e+05
2.232e+05
2.2346e+05
2.2357e+05
2.2351e+05
2.233e+05
2.2293e+05
2.2241e+05
2.2175e+05
2.2094e+05
2.1999e+05
2.1891e+05
2.177e+05
2.1637e+05
2.1491e+05
2.1334e+05
2.1165e+05
2.0986e+05
2.0797e+05
2.0598e+05
2.039e+05
2.0173e+05
1.9948e+05
1.9715e+05
1.9474e+05
1.9226e+05
1.8972e+05
1.8712e+05
1.8446e+05
1.8174e+05
1.7898e+05
1.7617e+05
1.7331e+05
1.7042e+05
1.6748e+05
1.6451e+05
1.6151e+05
1.5848e+05
1.5542e+05
1.5234e+05
1.4924e+05
1.4611e+05
1.4297e+05
1.3981e+05
1.3663e+05
1.3344e+05
1.3024e+05
1.2703e+05
1.2381e+05
1.2059e+05
1.1736e+05
1.1413e+05
1.109e+05
1.0767e+05
1.0444e+05
1.0121e+05
97998
94792
91596
88415
85251
82105
78981
75881
72808
69766
66756
63783
60849
57958
55112
52316
49571
46882
44251
41681
39177
36739
34372
32079
29860
27720
25660
23682
21788
19979
18257
16622
15076
13619
12251
10972
9781.1
8677.8
7661
6729.3
5881
5114
4426.2
3814.9
3277.4
2810.4
2410.7
2074.8
1798.9
1579.2
1411.5
1291.8
1215.7
1178.9
1177.1
1205.9
1260.9
1337.9
1432.5
1540.8
1658.7
1782.4
1908.3
2033.1
2153.5
2266.8
2370.3
2461.8
2539.3
2601.3
2646.4
2673.8
2683
2673.8
2646.4
2601.5
2540
2463.2
2372.7
2270.6
2159.2
2041
1919
1796.1
1675.8
1561.5
1456.8
1365.6
1291.7
1239
1211.3
1212.6
1246.5
1316.8
1427
1580.4
1780.1
2028.9
2329.3
2683.5
3093.3
3560.1
4084.7
4667.9
5309.5
6009.1
6765.8
7578.1
8443.9
9360.7
10325
11334
12384
13469
14584
15725
16885
18058
19237
20415
21585
22740
23871
24972
26034
27049
28011
28911
29742
30497
31170
31753
32242
32630
32914
33089
33152
33100
32933
32648
32248
31732
31104
30366
29524
28583
27549
26432
25239
23983
22673
21324
19948
18562
17181
15821
14503
13244
12065
10986
10029
9217.1
8571.9
8117.2
7876.7
7874.4
8134.5
8681.2
9539
10732
12284
14218
16558
19325
22542
26230
30408
35095
40309
46067
52382
59270
66741
74806
83473
92750
1.0264e+05
1.1315e+05
1.2427e+05
1.3602e+05
1.4837e+05
1.6133e+05
1.7489e+05
1.8905e+05
2.0378e+05
2.1907e+05
2.3491e+05
2.5128e+05
2.6816e+05
2.8552e+05
3.0335e+05
3.2161e+05
3.4028e+05
3.5932e+05
3.787e+05
3.984e+05
4.1837e+05
4.3857e+05
4.5898e+05
4.7955e+05
5.0024e+05
5.21e+05
5.4181e+05
5.626e+05
5.8335e+05
6.04e+05
6.2452e+05
6.4485e+05
6.6496e+05
6.848e+05
7.0432e+05
7.2348e+05
7.4225e+05
7.6057e+05
7.7841e+05
7.9572e+05
8.1247e+05
8.2862e+05
8.4413e+05
8.5897e+05
8.7311e+05
8.865e+05
8.9914e+05
9.1097e+05
9.2199e+05
9.3216e+05
9.4146e+05
9.4988e+05
9.574e+05
9.64e+05
9.6967e+05
9.7439e+05
9.7817e+05
9.81e+05
9.8287e+05
9.8378e+05
9.8373e+05
9.8273e+05
9.8079e+05
9.7791e+05
9.741e+05
9.6938e+05
9.6376e+05
9.5726e+05
9.4989e+05
9.4169e+05
9.3266e+05
9.2285e+05
9.1226e+05
9.0094e+05
8.8891e+05
8.7619e+05
8.6283e+05
8.4885e+05
8.3429e+05
8.1918e+05
8.0356e+05
7.8747e+05
7.7093e+05
7.54e+05
7.367e+05
7.1907e+05
7.0116e+05
6.8299e+05
6.6461e+05
6.4605e+05
6.2735e+05
6.0855e+05
5.8968e+05
5.7078e+05
5.5188e+05
5.3302e+05
5.1423e+05
4.9553e+05
4.7697e+05
4.5857e+05
4.4037e+05
4.2237e+05
4.0463e+05
3.8715e+05
3.6997e+05
3.531e+05
3.3656e+05
3.2038e+05
3.0458e+05
2.8916e+05
2.7415e+05
2.5956e+05
2.454e+05
2.3168e+05
2.1842e+05
2.0561e+05
1.9327e+05
1.814e+05
1.7e+05
1.5908e+05
1.4864e+05
1.3868e+05
1.2919e+05
1.2018e+05
1.1164e+05
1.0357e+05
95961
88805
82096
75827
69987
64567
59556
54943
50716
46863
43370
40224
37413
34921
32734
30838
29218
27859
26747
25867
25203
24742
24467
24366
24423
24624
24956
25405
25958
26602
27325
28113
28957
29845
30765
31708
32663
33623
34577
35518
36438
37331
38188
39005
39775
40494
41158
41762
42303
42778
43185
43521
43786
43978
44097
44143
44115
44015
43844
43603
43294
42919
42479
41979
41421
40807
40141
39427
38668
37868
37031
36160
35261
34336
33390
32428
31453
30468
29480
28490
27503
26524
25554
24599
23661
22743
21849
20980
20141
19333
18558
17819
17117
16453
15830
15247
14707
14209
13754
13342
12973
12647
12363
12121
11919
11757
11633
11546
11494
11475
11488
11531
11601
11696
11814
11952
12108
12280
12465
12661
12864
13072
13284
13495
13705
13910
14109
14298
14476
14641
14791
14924
15039
15133
15206
15257
15283
15285
15260
15210
15133
15029
14898
14739
14554
14342
14103
13838
13549
13235
12898
12539
12159
11759
11341
10906
10455
9990.8
9514.4
9027.5
8531.9
8029.3
7521.4
7009.9
6496.7
5983.4
5471.8
4963.4
4459.9
3962.9
3473.7
2994
2524.9
2067.9
1623.9
1194.3
779.8
381.45
0
