11188
16354
17545
16606
23318
27109
27921
33520
29686
35439
35952
34352
30581
26301
29243
31560
27668
36759
50932
43357
40735
41396
46274
47220
48490
48429
45325
43088
36357
39331
48946
55990
52027
48283
55823
54223
55052
53398
53288
50777
53111
64228
57137
53952
57582
64736
67679
65107
72112
66528
56669
66709
64832
67850
77325
71549
77340
84163
92893
97334
1.0553e+05
92003
90323
1.0542e+05
1.12e+05
1.0032e+05
94323
99744
1.1e+05
1.0522e+05
1.0427e+05
1.0253e+05
1.0291e+05
1.0645e+05
1.1373e+05
97542
94481
1.0132e+05
1.1341e+05
1.1545e+05
1.274e+05
1.2405e+05
1.2195e+05
1.0814e+05
1.1542e+05
1.2855e+05
1.3799e+05
1.3857e+05
1.352e+05
1.4195e+05
1.4121e+05
1.3671e+05
1.3439e+05
1.397e+05
1.34e+05
1.3947e+05
1.4814e+05
1.5462e+05
1.4239e+05
1.5016e+05
1.5204e+05
1.5593e+05
1.6432e+05
1.6421e+05
1.493e+05
1.5409e+05
1.7103e+05
1.7097e+05
1.7398e+05
1.7747e+05
1.7257e+05
1.8359e+05
1.9144e+05
1.8497e+05
1.8377e+05
1.823e+05
1.9477e+05
1.9795e+05
1.9333e+05
1.9578e+05
1.9786e+05
1.9713e+05
1.9444e+05
1.9621e+05
2.0973e+05
2.1162e+05
2.0744e+05
2.0619e+05
2.0578e+05
2.0243e+05
2.1408e+05
2.133e+05
2.0301e+05
2.1201e+05
2.1893e+05
2.2285e+05
2.2888e+05
2.2963e+05
2.248e+05
2.2418e+05
2.3769e+05
2.3621e+05
2.3653e+05
2.2943e+05
2.352e+05
2.3492e+05
2.3677e+05
2.4372e+05
2.5573e+05
2.3975e+05
2.3429e+05
2.4358e+05
2.4142e+05
2.3732e+05
2.4571e+05
2.5284e+05
2.5561e+05
2.5745e+05
2.5211e+05
2.4809e+05
2.41e+05
2.4131e+05
2.4866e+05
2.5609e+05
2.5765e+05
2.641e+05
2.7876e+05
2.758e+05
2.748e+05
2.5856e+05
2.5178e+05
2.5532e+05
2.5088e+05
2.5726e+05
2.7444e+05
2.6268e+05
2.6824e+05
2.7456e+05
2.7159e+05
2.6376e+05
2.6866e+05
2.6894e+05
2.6078e+05
2.6053e+05
2.6711e+05
2.6341e+05
2.707e+05
2.6457e+05
2.5652e+05
2.6018e+05
2.6113e+05
2.6997e+05
2.6785e+05
2.6783e+05
2.6652e+05
2.595e+05
2.6255e+05
2.7886e+05
2.7463e+05
2.749e+05
2.8044e+05
2.8171e+05
2.8468e+05
2.8502e+05
2.7228e+05
2.7e+05
2.6388e+05
2.7536e+05
2.7331e+05
2.5905e+05
2.4801e+05
2.4859e+05
2.6184e+05
2.6488e+05
2.6792e+05
2.5778e+05
2.4917e+05
2.488e+05
2.5626e+05
2.6399e+05
2.5264e+05
2.4366e+05
2.4231e+05
2.5035e+05
2.5365e+05
2.6401e+05
2.6811e+05
2.6411e+05
2.5737e+05
2.3369e+05
2.2355e+05
2.3632e+05
2.35e+05
2.3135e+05
2.3129e+05
2.3288e+05
2.2145e+05
2.2254e+05
2.3449e+05
2.2277e+05
2.1606e+05
2.1856e+05
2.1651e+05
2.2993e+05
2.3215e+05
2.3808e+05
2.3425e+05
2.2786e+05
2.1749e+05
2.1752e+05
2.0749e+05
2.2426e+05
2.1738e+05
2.1673e+05
2.0602e+05
2.0085e+05
1.859e+05
1.9247e+05
1.9843e+05
2.0139e+05
2.0285e+05
1.9688e+05
2.0287e+05
2.1285e+05
2.1217e+05
2.065e+05
2.0195e+05
1.9498e+05
1.7791e+05
1.7916e+05
1.8276e+05
1.9095e+05
1.8807e+05
1.8327e+05
1.9379e+05
1.8764e+05
1.8493e+05
1.9036e+05
1.9259e+05
1.8435e+05
1.7867e+05
1.8076e+05
1.8112e+05
1.7334e+05
1.6536e+05
1.6712e+05
1.7206e+05
1.656e+05
1.6652e+05
1.6458e+05
1.6707e+05
1.6565e+05
1.7654e+05
1.7102e+05
1.6476e+05
1.6425e+05
1.6589e+05
1.5496e+05
1.5463e+05
1.6092e+05
1.581e+05
1.6395e+05
1.6737e+05
1.9296e+05
1.8619e+05
1.6765e+05
1.7658e+05
1.7547e+05
1.8277e+05
1.7848e+05
1.8991e+05
1.8448e+05
1.7212e+05
1.7712e+05
1.8407e+05
1.6058e+05
1.5455e+05
1.5387e+05
1.5539e+05
1.5651e+05
1.6636e+05
1.7878e+05
1.6809e+05
1.7044e+05
1.7805e+05
1.6753e+05
1.6036e+05
1.7461e+05
1.9051e+05
1.8144e+05
1.7405e+05
1.7262e+05
1.756e+05
1.8811e+05
1.8458e+05
1.6774e+05
1.6561e+05
1.77e+05
1.8273e+05
1.8663e+05
1.9863e+05
1.996e+05
2.1211e+05
2.0595e+05
1.9413e+05
1.9827e+05
1.9765e+05
1.8917e+05
1.9781e+05
2.1379e+05
2.0952e+05
2.2291e+05
2.2273e+05
2.1255e+05
2.1243e+05
2.1154e+05
2.2723e+05
2.3151e+05
2.1068e+05
2.2138e+05
2.2811e+05
2.2961e+05
2.2249e+05
2.3472e+05
2.3644e+05
2.4104e+05
2.4565e+05
2.5252e+05
2.556e+05
2.5918e+05
2.6566e+05
2.7971e+05
2.7978e+05
2.7277e+05
2.9092e+05
2.9561e+05
3.1054e+05
2.9969e+05
2.9671e+05
2.9117e+05
3.0515e+05
2.8889e+05
3.0254e+05
3.0149e+05
2.9827e+05
3.1656e+05
3.2118e+05
3.2903e+05
3.4345e+05
3.3918e+05
3.4333e+05
3.5549e+05
3.8362e+05
3.811e+05
3.8154e+05
3.7713e+05
3.7888e+05
3.8337e+05
3.8244e+05
3.9821e+05
3.9924e+05
3.9482e+05
3.9731e+05
4.1753e+05
4.2348e+05
4.222e+05
4.3277e+05
4.4548e+05
4.522e+05
4.6275e+05
4.6179e+05
4.6451e+05
4.6355e+05
4.9425e+05
5.1881e+05
5.1133e+05
5.0767e+05
5.1561e+05
5.3081e+05
5.3316e+05
5.2861e+05
5.3059e+05
5.4571e+05
5.4748e+05
5.4746e+05
5.5728e+05
5.6808e+05
5.7397e+05
5.7203e+05
5.8646e+05
5.9298e+05
6.1554e+05
6.2263e+05
6.226e+05
6.1843e+05
6.211e+05
6.3032e+05
6.1907e+05
6.3937e+05
6.4855e+05
6.5941e+05
6.8887e+05
7.2331e+05
7.198e+05
7.0195e+05
6.9978e+05
7.0504e+05
7.1182e+05
7.2524e+05
7.4682e+05
7.465e+05
7.4366e+05
7.5631e+05
7.5476e+05
7.5306e+05
7.7509e+05
7.9952e+05
8.0667e+05
7.9979e+05
7.9258e+05
7.9859e+05
8.1522e+05
8.315e+05
8.4595e+05
8.3597e+05
8.3639e+05
8.5243e+05
8.7794e+05
8.8397e+05
8.7071e+05
8.6061e+05
8.8644e+05
8.9304e+05
9.0128e+05
9.0479e+05
9.1072e+05
9.2172e+05
9.1409e+05
9.1261e+05
9.2184e+05
9.4353e+05
9.3181e+05
9.2932e+05
9.3945e+05
9.2918e+05
9.1905e+05
9.3848e+05
9.5173e+05
9.5711e+05
9.5342e+05
9.6561e+05
9.7796e+05
9.8378e+05
9.8311e+05
9.6056e+05
9.4297e+05
9.5829e+05
9.5727e+05
9.5991e+05
9.7671e+05
9.471e+05
9.5172e+05
9.3847e+05
9.335e+05
9.2877e+05
9.3258e+05
9.3159e+05
9.0897e+05
9.1774e+05
9.2315e+05
9.1693e+05
8.868e+05
8.9333e+05
9.0735e+05
8.9447e+05
8.6931e+05
8.6226e+05
8.6765e+05
8.6173e+05
8.3628e+05
8.4287e+05
8.3212e+05
8.1039e+05
8.0487e+05
7.9446e+05
7.7647e+05
7.6667e+05
7.6263e+05
7.488e+05
7.3699e+05
7.281e+05
7.4258e+05
7.3097e+05
7.0345e+05
7.0753e+05
6.8806e+05
6.7793e+05
6.5602e+05
6.4172e+05
6.2518e+05
6.4321e+05
6.5055e+05
6.1458e+05
6.072e+05
5.9089e+05
5.7545e+05
5.7283e+05
5.5561e+05
5.4068e+05
5.4532e+05
5.3111e+05
5.1521e+05
4.9962e+05
4.8167e+05
4.7944e+05
4.8697e+05
4.8332e+05
4.7247e+05
4.3945e+05
4.4864e+05
4.3783e+05
4.2682e+05
4.1849e+05
4.1685e+05
4.1656e+05
4.1198e+05
4.0528e+05
4.0009e+05
3.7778e+05
3.6732e+05
3.6665e+05
3.6707e+05
3.4753e+05
3.4725e+05
3.4012e+05
3.3543e+05
3.1206e+05
3.0225e+05
2.9547e+05
3.0111e+05
2.9389e+05
2.905e+05
2.7654e+05
2.7893e+05
2.7355e+05
2.6167e+05
2.7004e+05
2.5754e+05
2.487e+05
2.6059e+05
2.4814e+05
2.4012e+05
2.4147e+05
2.3352e+05
2.2135e+05
2.2793e+05
2.1746e+05
2.0653e+05
2.0647e+05
2.0018e+05
2.1049e+05
1.9806e+05
1.9002e+05
1.9315e+05
1.8379e+05
1.8718e+05
1.9552e+05
1.8136e+05
1.7327e+05
1.7204e+05
1.709e+05
1.4559e+05
1.4871e+05
1.4824e+05
1.5433e+05
1.5177e+05
1.3659e+05
1.4874e+05
1.53e+05
1.4824e+05
1.54e+05
1.4439e+05
1.331e+05
1.3129e+05
1.2975e+05
1.2635e+05
1.1077e+05
1.0408e+05
1.0162e+05
1.1411e+05
1.1414e+05
1.0805e+05
1.0249e+05
1.1439e+05
1.0758e+05
1.1355e+05
1.118e+05
1.1004e+05
1.0944e+05
91635
1.0511e+05
1.0361e+05
87274
82806
98459
90858
72226
68000
82611
89342
1.0875e+05
87094
81063
64934
64645
68504
79409
71450
62304
69881
85979
68396
60942
52659
54171
75769
81119
80744
59147
62400
56080
51759
48892
58179
57142
58849
66331
58054
40957
48165
60897
56636
33598
27285
53767
51977
48800
50144
44465
30362
29381
28953
22315
27075
34533
37637
41302
25996
23794
31927
42216
41139
37073
39726
34718
33631
39002
36042
22578
24292
31643
43888
43835
32020
17458
17197
33811
39976
28493
25781
25428
33118
48392
40758
33777
18056
14276
6215.6
10694
15750
25288
27502
36584
35660
33970
23869
47411
37592
30153
23087
3641.1
0
