2.8492e+05
2.8807e+05
2.9122e+05
2.9436e+05
2.9748e+05
3.0059e+05
3.0368e+05
3.0676e+05
3.0982e+05
3.1285e+05
3.1587e+05
3.1886e+05
3.2183e+05
3.2477e+05
3.2769e+05
3.3058e+05
3.3344e+05
3.3627e+05
3.3907e+05
3.4183e+05
3.4457e+05
3.4727e+05
3.4993e+05
3.5256e+05
3.5515e+05
3.577e+05
3.6022e+05
3.6269e+05
3.6513e+05
3.6752e+05
3.6987e+05
3.7217e+05
3.7444e+05
3.7666e+05
3.7883e+05
3.8096e+05
3.8304e+05
3.8507e+05
3.8706e+05
3.89e+05
3.9088e+05
3.9272e+05
3.9451e+05
3.9625e+05
3.9794e+05
3.9958e+05
4.0117e+05
4.027e+05
4.0418e+05
4.0561e+05
4.0698e+05
4.0831e+05
4.0957e+05
4.1079e+05
4.1195e+05
4.1305e+05
4.141e+05
4.1509e+05
4.1603e+05
4.1692e+05
4.1775e+05
4.1852e+05
4.1924e+05
4.199e+05
4.205e+05
4.2105e+05
4.2154e+05
4.2198e+05
4.2236e+05
4.2268e+05
4.2295e+05
4.2316e+05
4.2331e+05
4.2341e+05
4.2346e+05
4.2344e+05
4.2338e+05
4.2325e+05
4.2307e+05
4.2284e+05
4.2255e+05
4.2221e+05
4.2181e+05
4.2135e+05
4.2085e+05
4.2029e+05
4.1967e+05
4.1901e+05
4.1829e+05
4.1752e+05
4.167e+05
4.1582e+05
4.149e+05
4.1392e+05
4.1289e+05
4.1182e+05
4.1069e+05
4.0952e+05
4.083e+05
4.0703e+05
4.0572e+05
4.0436e+05
4.0295e+05
4.015e+05
4.0001e+05
3.9847e+05
3.9689e+05
3.9527e+05
3.9361e+05
3.919e+05
3.9016e+05
3.8838e+05
3.8656e+05
3.847e+05
3.8281e+05
3.8088e+05
3.7892e+05
3.7693e+05
3.749e+05
3.7284e+05
3.7075e+05
3.6863e+05
3.6649e+05
3.6431e+05
3.6211e+05
3.5988e+05
3.5763e+05
3.5536e+05
3.5306e+05
3.5075e+05
3.4841e+05
3.4605e+05
3.4368e+05
3.4129e+05
3.3888e+05
3.3647e+05
3.3403e+05
3.3159e+05
3.2913e+05
3.2667e+05
3.2419e+05
3.2171e+05
3.1923e+05
3.1673e+05
3.1424e+05
3.1174e+05
3.0924e+05
3.0674e+05
3.0424e+05
3.0174e+05
2.9925e+05
2.9676e+05
2.9427e+05
2.9179e+05
2.8932e+05
2.8686e+05
2.844e+05
2.8196e+05
2.7953e+05
2.7711e+05
2.747e+05
2.7231e+05
2.6993e+05
2.6758e+05
2.6523e+05
2.6291e+05
2.606e+05
2.5832e+05
2.5605e+05
2.5381e+05
2.5159e+05
2.4939e+05
2.4722e+05
2.4507e+05
2.4294e+05
2.4084e+05
2.3877e+05
2.3672e+05
2.347e+05
2.327e+05
2.3074e+05
2.288e+05
2.2689e+05
2.2501e+05
2.2316e+05
2.2134e+05
2.1955e+05
2.1778e+05
2.1605e+05
2.1435e+05
2.1268e+05
2.1103e+05
2.0942e+05
2.0784e+05
2.0628e+05
2.0476e+05
2.0327e+05
2.018e+05
2.0036e+05
1.9896e+05
1.9758e+05
1.9623e+05
1.949e+05
1.936e+05
1.9233e+05
1.9109e+05
1.8987e+05
1.8867e+05
1.875e+05
1.8635e+05
1.8523e+05
1.8412e+05
1.8304e+05
1.8198e+05
1.8094e+05
1.7991e+05
1.7891e+05
1.7792e+05
1.7695e+05
1.7599e+05
1.7504e+05
1.7411e+05
1.7319e+05
1.7228e+05
1.7139e+05
1.705e+05
1.6961e+05
1.6874e+05
1.6787e+05
1.67e+05
1.6614e+05
1.6528e+05
1.6442e+05
1.6356e+05
1.627e+05
1.6183e+05
1.6097e+05
1.6009e+05
1.5922e+05
1.5833e+05
1.5744e+05
1.5653e+05
1.5562e+05
1.547e+05
1.5376e+05
1.5281e+05
1.5184e+05
1.5086e+05
1.4986e+05
1.4885e+05
1.4782e+05
1.4676e+05
1.4569e+05
1.446e+05
1.4348e+05
1.4234e+05
1.4118e+05
1.3999e+05
1.3878e+05
1.3754e+05
1.3628e+05
1.3499e+05
1.3367e+05
1.3233e+05
1.3096e+05
1.2956e+05
1.2813e+05
1.2667e+05
1.2518e+05
1.2367e+05
1.2212e+05
1.2055e+05
1.1895e+05
1.1731e+05
1.1565e+05
1.1396e+05
1.1224e+05
1.105e+05
1.0872e+05
1.0692e+05
1.0509e+05
1.0324e+05
1.0135e+05
99449
97519
95565
93590
91592
89575
87538
85482
83410
81322
79219
77103
74976
72838
70693
68540
66382
64220
62057
59895
57734
55578
53427
51285
49153
47034
44930
42842
40774
38727
36704
34708
32740
30804
28902
27036
25209
23424
21682
19988
18343
16751
15213
13733
12313
10956
9664.3
8441.5
7289.8
6212
5210.9
4289
3449.1
2693.9
2026.1
1448.3
963.04
573.05
280.85
88.996
0
16.342
140.47
374.77
721.62
1183.3
1762.2
2460.4
3280.1
4223.4
5292.5
6489.2
7815.5
9273.4
10864
12591
14454
16455
18596
20878
23303
25871
28585
31445
34453
37608
40913
44367
47972
51727
55635
59694
63905
68269
72786
77454
82275
87249
92374
97650
1.0308e+05
1.0865e+05
1.1438e+05
1.2026e+05
1.2628e+05
1.3245e+05
1.3877e+05
1.4522e+05
1.5183e+05
1.5857e+05
1.6545e+05
1.7248e+05
1.7963e+05
1.8693e+05
1.9435e+05
2.0191e+05
2.0959e+05
2.174e+05
2.2533e+05
2.3338e+05
2.4155e+05
2.4984e+05
2.5824e+05
2.6675e+05
2.7537e+05
2.8409e+05
2.9291e+05
3.0183e+05
3.1084e+05
3.1994e+05
3.2914e+05
3.3841e+05
3.4776e+05
3.572e+05
3.667e+05
3.7627e+05
3.8591e+05
3.9561e+05
4.0536e+05
4.1517e+05
4.2502e+05
4.3492e+05
4.4486e+05
4.5484e+05
4.6484e+05
4.7488e+05
4.8493e+05
4.95e+05
5.0509e+05
5.1519e+05
5.2528e+05
5.3538e+05
5.4547e+05
5.5556e+05
5.6563e+05
5.7567e+05
5.857e+05
5.9569e+05
6.0566e+05
6.1558e+05
6.2546e+05
6.3529e+05
6.4507e+05
6.548e+05
6.6446e+05
6.7405e+05
6.8357e+05
6.9302e+05
7.0239e+05
7.1167e+05
7.2086e+05
7.2996e+05
7.3895e+05
7.4785e+05
7.5664e+05
7.6531e+05
7.7387e+05
7.8231e+05
7.9062e+05
7.9881e+05
8.0686e+05
8.1478e+05
8.2255e+05
8.3018e+05
8.3767e+05
8.45e+05
8.5217e+05
8.5918e+05
8.6604e+05
8.7272e+05
8.7924e+05
8.8558e+05
8.9175e+05
8.9774e+05
9.0354e+05
9.0917e+05
9.146e+05
9.1985e+05
9.249e+05
9.2976e+05
9.3442e+05
9.3888e+05
9.4314e+05
9.4719e+05
9.5104e+05
9.5468e+05
9.5812e+05
9.6134e+05
9.6435e+05
9.6715e+05
9.6973e+05
9.721e+05
9.7425e+05
9.7619e+05
9.779e+05
9.794e+05
9.8068e+05
9.8174e+05
9.8258e+05
9.832e+05
9.836e+05
9.8378e+05
9.8374e+05
9.8348e+05
9.83e+05
9.823e+05
9.8139e+05
9.8026e+05
9.7891e+05
9.7735e+05
9.7558e+05
9.7359e+05
9.7139e+05
9.6898e+05
9.6637e+05
9.6354e+05
9.6052e+05
9.5729e+05
9.5386e+05
9.5023e+05
9.4641e+05
9.4239e+05
9.3818e+05
9.3378e+05
9.292e+05
9.2443e+05
9.1948e+05
9.1435e+05
9.0905e+05
9.0357e+05
8.9793e+05
8.9212e+05
8.8615e+05
8.8001e+05
8.7373e+05
8.6728e+05
8.6069e+05
8.5396e+05
8.4708e+05
8.4007e+05
8.3292e+05
8.2564e+05
8.1823e+05
8.107e+05
8.0305e+05
7.9529e+05
7.8742e+05
7.7944e+05
7.7135e+05
7.6317e+05
7.549e+05
7.4653e+05
7.3808e+05
7.2954e+05
7.2093e+05
7.1224e+05
7.0349e+05
6.9467e+05
6.8579e+05
6.7685e+05
6.6786e+05
6.5882e+05
6.4974e+05
6.4062e+05
6.3147e+05
6.2228e+05
6.1307e+05
6.0383e+05
5.9457e+05
5.8531e+05
5.7603e+05
5.6674e+05
5.5745e+05
5.4817e+05
5.3889e+05
5.2962e+05
5.2036e+05
5.1112e+05
5.019e+05
4.9271e+05
4.8354e+05
4.7441e+05
4.6532e+05
4.5626e+05
4.4725e+05
4.3828e+05
4.2936e+05
4.205e+05
4.1169e+05
4.0294e+05
3.9425e+05
3.8563e+05
3.7708e+05
3.686e+05
3.6019e+05
3.5186e+05
3.4361e+05
3.3545e+05
3.2736e+05
3.1937e+05
3.1146e+05
3.0365e+05
2.9593e+05
2.883e+05
2.8078e+05
2.7335e+05
2.6603e+05
2.5881e+05
2.5169e+05
2.4468e+05
2.3779e+05
2.31e+05
2.2432e+05
2.1775e+05
2.113e+05
2.0497e+05
1.9875e+05
1.9265e+05
1.8666e+05
1.8079e+05
1.7505e+05
1.6942e+05
1.6391e+05
1.5853e+05
1.5327e+05
1.4812e+05
1.431e+05
1.382e+05
1.3343e+05
1.2877e+05
1.2424e+05
1.1983e+05
1.1554e+05
1.1137e+05
1.0733e+05
1.034e+05
99591
95903
92334
88882
85548
82330
79226
76238
73362
70599
67946
65404
62970
60643
58422
56306
54292
52380
50568
48855
47239
45717
44289
42953
41707
40549
39478
38491
37587
36764
36020
35352
34760
34241
33793
33414
33102
32855
32672
32549
32486
32479
32527
32629
32781
32982
33230
33522
33858
34234
34649
35101
35587
36107
36657
37236
37843
38474
39129
39806
40502
41216
41946
42691
43448
44216
44994
45779
46570
47366
48164
48964
49764
50563
51358
52150
52935
53714
54485
55246
55997
56736
57463
58175
58872
59554
60218
60865
61493
62102
62690
63257
63802
64325
64824
65300
65752
66178
66579
66955
67304
67626
67922
