6.4976e+05
6.5235e+05
6.5484e+05
6.5723e+05
6.5952e+05
6.6171e+05
6.638e+05
6.6579e+05
6.6769e+05
6.6949e+05
6.7119e+05
6.7279e+05
6.743e+05
6.7571e+05
6.7702e+05
6.7825e+05
6.7937e+05
6.8041e+05
6.8135e+05
6.822e+05
6.8296e+05
6.8363e+05
6.8421e+05
6.847e+05
6.8511e+05
6.8543e+05
6.8566e+05
6.8581e+05
6.8588e+05
6.8586e+05
6.8577e+05
6.8559e+05
6.8534e+05
6.8501e+05
6.846e+05
6.8412e+05
6.8356e+05
6.8293e+05
6.8223e+05
6.8146e+05
6.8062e+05
6.7971e+05
6.7874e+05
6.777e+05
6.766e+05
6.7543e+05
6.7421e+05
6.7293e+05
6.7158e+05
6.7018e+05
6.6873e+05
6.6722e+05
6.6565e+05
6.6404e+05
6.6238e+05
6.6066e+05
6.589e+05
6.5709e+05
6.5524e+05
6.5334e+05
6.514e+05
6.4942e+05
6.474e+05
6.4534e+05
6.4324e+05
6.4111e+05
6.3894e+05
6.3673e+05
6.3449e+05
6.3223e+05
6.2993e+05
6.276e+05
6.2524e+05
6.2286e+05
6.2045e+05
6.1801e+05
6.1555e+05
6.1307e+05
6.1056e+05
6.0804e+05
6.0549e+05
6.0292e+05
6.0034e+05
5.9774e+05
5.9512e+05
5.9248e+05
5.8984e+05
5.8717e+05
5.8449e+05
5.818e+05
5.791e+05
5.7639e+05
5.7366e+05
5.7093e+05
5.6818e+05
5.6543e+05
5.6267e+05
5.599e+05
5.5713e+05
5.5434e+05
5.5156e+05
5.4876e+05
5.4596e+05
5.4316e+05
5.4035e+05
5.3753e+05
5.3472e+05
5.319e+05
5.2907e+05
5.2625e+05
5.2342e+05
5.2059e+05
5.1775e+05
5.1492e+05
5.1208e+05
5.0924e+05
5.064e+05
5.0356e+05
5.0071e+05
4.9787e+05
4.9503e+05
4.9218e+05
4.8933e+05
4.8648e+05
4.8363e+05
4.8078e+05
4.7793e+05
4.7508e+05
4.7223e+05
4.6937e+05
4.6651e+05
4.6366e+05
4.608e+05
4.5794e+05
4.5508e+05
4.5221e+05
4.4935e+05
4.4648e+05
4.4361e+05
4.4074e+05
4.3786e+05
4.3499e+05
4.3211e+05
4.2923e+05
4.2634e+05
4.2345e+05
4.2056e+05
4.1766e+05
4.1476e+05
4.1186e+05
4.0895e+05
4.0604e+05
4.0312e+05
4.002e+05
3.9727e+05
3.9434e+05
3.914e+05
3.8846e+05
3.8551e+05
3.8256e+05
3.796e+05
3.7664e+05
3.7366e+05
3.7069e+05
3.677e+05
3.6472e+05
3.6172e+05
3.5872e+05
3.5571e+05
3.5269e+05
3.4967e+05
3.4664e+05
3.4361e+05
3.4057e+05
3.3752e+05
3.3446e+05
3.314e+05
3.2834e+05
3.2526e+05
3.2218e+05
3.191e+05
3.16e+05
3.129e+05
3.098e+05
3.0669e+05
3.0358e+05
3.0046e+05
2.9733e+05
2.942e+05
2.9107e+05
2.8793e+05
2.8479e+05
2.8165e+05
2.785e+05
2.7535e+05
2.7219e+05
2.6904e+05
2.6588e+05
2.6273e+05
2.5957e+05
2.5641e+05
2.5325e+05
2.501e+05
2.4694e+05
2.4379e+05
2.4064e+05
2.3749e+05
2.3435e+05
2.3121e+05
2.2808e+05
2.2495e+05
2.2183e+05
2.1872e+05
2.1561e+05
2.1252e+05
2.0943e+05
2.0636e+05
2.0329e+05
2.0024e+05
1.972e+05
1.9417e+05
1.9116e+05
1.8816e+05
1.8519e+05
1.8222e+05
1.7928e+05
1.7636e+05
1.7345e+05
1.7057e+05
1.6771e+05
1.6487e+05
1.6206e+05
1.5927e+05
1.5651e+05
1.5378e+05
1.5107e+05
1.484e+05
1.4575e+05
1.4314e+05
1.4056e+05
1.3801e+05
1.355e+05
1.3302e+05
1.3059e+05
1.2819e+05
1.2583e+05
1.2351e+05
1.2123e+05
1.19e+05
1.1681e+05
1.1466e+05
1.1257e+05
1.1052e+05
1.0852e+05
1.0656e+05
1.0466e+05
1.0282e+05
1.0102e+05
99282
97598
95970
94401
92891
91441
90052
88726
87463
86265
85132
84066
83067
82138
81278
80489
79771
79126
78555
78059
77638
77293
77026
76837
76727
76696
76747
76879
77093
77389
77770
78235
78785
79420
80142
80951
81847
82831
83904
85065
86316
87657
89088
90610
92222
93926
95722
97609
99588
1.0166e+05
1.0382e+05
1.0608e+05
1.0843e+05
1.1087e+05
1.1341e+05
1.1603e+05
1.1875e+05
1.2156e+05
1.2447e+05
1.2747e+05
1.3056e+05
1.3374e+05
1.3701e+05
1.4038e+05
1.4383e+05
1.4738e+05
1.5101e+05
1.5474e+05
1.5856e+05
1.6246e+05
1.6646e+05
1.7054e+05
1.7471e+05
1.7897e+05
1.8331e+05
1.8774e+05
1.9225e+05
1.9685e+05
2.0153e+05
2.0629e+05
2.1114e+05
2.1607e+05
2.2107e+05
2.2616e+05
2.3132e+05
2.3656e+05
2.4187e+05
2.4726e+05
2.5273e+05
2.5827e+05
2.6387e+05
2.6955e+05
2.753e+05
2.8112e+05
2.87e+05
2.9295e+05
2.9896e+05
3.0503e+05
3.1117e+05
3.1736e+05
3.2362e+05
3.2993e+05
3.3629e+05
3.4271e+05
3.4918e+05
3.5571e+05
3.6228e+05
3.689e+05
3.7556e+05
3.8227e+05
3.8903e+05
3.9582e+05
4.0265e+05
4.0952e+05
4.1643e+05
4.2337e+05
4.3034e+05
4.3734e+05
4.4438e+05
4.5144e+05
4.5852e+05
4.6563e+05
4.7275e+05
4.799e+05
4.8707e+05
4.9425e+05
5.0144e+05
5.0865e+05
5.1587e+05
5.2309e+05
5.3032e+05
5.3756e+05
5.448e+05
5.5203e+05
5.5927e+05
5.665e+05
5.7373e+05
5.8095e+05
5.8816e+05
5.9535e+05
6.0254e+05
6.0971e+05
6.1686e+05
6.2399e+05
6.311e+05
6.3819e+05
6.4525e+05
6.5228e+05
6.5929e+05
6.6626e+05
6.7321e+05
6.8011e+05
6.8698e+05
6.9381e+05
7.006e+05
7.0735e+05
7.1405e+05
7.2071e+05
7.2732e+05
7.3388e+05
7.4039e+05
7.4684e+05
7.5324e+05
7.5958e+05
7.6587e+05
7.7209e+05
7.7825e+05
7.8434e+05
7.9037e+05
7.9634e+05
8.0223e+05
8.0806e+05
8.1381e+05
8.1949e+05
8.2509e+05
8.3061e+05
8.3606e+05
8.4143e+05
8.4672e+05
8.5192e+05
8.5704e+05
8.6208e+05
8.6702e+05
8.7188e+05
8.7665e+05
8.8133e+05
8.8592e+05
8.9042e+05
8.9482e+05
8.9912e+05
9.0333e+05
9.0744e+05
9.1145e+05
9.1536e+05
9.1918e+05
9.2288e+05
9.2649e+05
9.2999e+05
9.3339e+05
9.3669e+05
9.3987e+05
9.4295e+05
9.4593e+05
9.4879e+05
9.5155e+05
9.5419e+05
9.5673e+05
9.5915e+05
9.6146e+05
9.6367e+05
9.6575e+05
9.6773e+05
9.6959e+05
9.7134e+05
9.7297e+05
9.7449e+05
9.759e+05
9.7719e+05
9.7837e+05
9.7943e+05
9.8037e+05
9.812e+05
9.8192e+05
9.8252e+05
9.83e+05
9.8337e+05
9.8362e+05
9.8376e+05
9.8378e+05
9.8368e+05
9.8347e+05
9.8315e+05
9.8271e+05
9.8216e+05
9.815e+05
9.8072e+05
9.7983e+05
9.7882e+05
9.7771e+05
9.7648e+05
9.7514e+05
9.7369e+05
9.7213e+05
9.7046e+05
9.6868e+05
9.668e+05
9.6481e+05
9.6271e+05
9.605e+05
9.5819e+05
9.5577e+05
9.5325e+05
9.5063e+05
9.4791e+05
9.4509e+05
9.4216e+05
9.3914e+05
9.3602e+05
9.328e+05
9.2949e+05
9.2608e+05
9.2257e+05
9.1898e+05
9.1529e+05
9.1151e+05
9.0765e+05
9.0369e+05
8.9965e+05
8.9552e+05
8.9131e+05
8.8701e+05
8.8264e+05
8.7818e+05
8.7364e+05
8.6903e+05
8.6433e+05
8.5957e+05
8.5472e+05
8.4981e+05
8.4483e+05
8.3977e+05
8.3465e+05
8.2946e+05
8.242e+05
8.1888e+05
8.135e+05
8.0806e+05
8.0255e+05
7.9699e+05
7.9137e+05
7.857e+05
7.7998e+05
7.742e+05
7.6837e+05
7.6249e+05
7.5656e+05
7.5059e+05
7.4458e+05
7.3852e+05
7.3242e+05
7.2628e+05
7.201e+05
7.1389e+05
7.0764e+05
7.0135e+05
6.9504e+05
6.8869e+05
6.8232e+05
6.7592e+05
6.6949e+05
6.6304e+05
6.5656e+05
6.5007e+05
6.4355e+05
6.3702e+05
6.3047e+05
6.239e+05
6.1732e+05
6.1073e+05
6.0413e+05
5.9752e+05
5.909e+05
5.8427e+05
5.7764e+05
5.7101e+05
5.6438e+05
5.5774e+05
5.5111e+05
5.4447e+05
5.3785e+05
5.3122e+05
5.2461e+05
5.18e+05
5.114e+05
5.0481e+05
4.9823e+05
4.9167e+05
4.8512e+05
4.7859e+05
4.7207e+05
4.6557e+05
4.5909e+05
4.5263e+05
4.462e+05
4.3978e+05
4.3339e+05
4.2703e+05
4.2069e+05
4.1438e+05
4.081e+05
4.0185e+05
3.9562e+05
3.8944e+05
3.8328e+05
3.7715e+05
3.7107e+05
3.6501e+05
3.59e+05
3.5302e+05
3.4708e+05
3.4118e+05
3.3532e+05
3.295e+05
3.2372e+05
3.1798e+05
3.1229e+05
3.0664e+05
3.0104e+05
2.9548e+05
2.8997e+05
2.8451e+05
2.7909e+05
2.7372e+05
2.684e+05
2.6313e+05
2.5791e+05
2.5274e+05
2.4762e+05
2.4255e+05
2.3754e+05
2.3257e+05
2.2766e+05
2.2281e+05
2.18e+05
2.1326e+05
2.0856e+05
2.0392e+05
1.9934e+05
1.9481e+05
1.9034e+05
1.8592e+05
1.8156e+05
1.7725e+05
1.7301e+05
1.6881e+05
1.6468e+05
1.606e+05
1.5658e+05
1.5262e+05
1.4871e+05
1.4487e+05
1.4108e+05
1.3734e+05
1.3367e+05
1.3005e+05
1.2649e+05
1.2299e+05
1.1954e+05
1.1615e+05
1.1282e+05
1.0955e+05
1.0633e+05
1.0317e+05
1.0006e+05
97016
94024
91088
88209
85384
82615
79901
77242
74637
72086
69588
67145
64754
62416
60130
57896
55713
53582
51501
49470
47490
45558
43675
41841
40054
38315
36623
34977
33377
31822
30312
28846
27424
26045
24708
23414
22160
20948
19775
18643
17549
16494
15476
14496
13552
12644
11772
10934
10130
9359.7
8622.2
7916.9
7243.1
6600.2
5987.6
5404.7
4850.7
4325.2
3827.3
3356.5
2912.2
2493.8
2100.5
1731.7
1386.9
1065.4
766.63
489.86
234.52
0
