18773
22228
25897
29777
33860
38141
42614
47272
52108
57114
62282
67604
73070
78673
84403
90250
96205
1.0226e+05
1.084e+05
1.1462e+05
1.209e+05
1.2724e+05
1.3363e+05
1.4005e+05
1.4649e+05
1.5295e+05
1.5941e+05
1.6587e+05
1.7231e+05
1.7871e+05
1.8508e+05
1.914e+05
1.9766e+05
2.0385e+05
2.0996e+05
2.1598e+05
2.219e+05
2.2772e+05
2.3342e+05
2.39e+05
2.4444e+05
2.4975e+05
2.549e+05
2.5991e+05
2.6475e+05
2.6942e+05
2.7392e+05
2.7824e+05
2.8237e+05
2.8631e+05
2.9006e+05
2.9362e+05
2.9697e+05
3.0011e+05
3.0305e+05
3.0578e+05
3.0829e+05
3.1059e+05
3.1268e+05
3.1456e+05
3.1622e+05
3.1766e+05
3.1889e+05
3.1991e+05
3.2071e+05
3.2131e+05
3.2169e+05
3.2188e+05
3.2186e+05
3.2164e+05
3.2122e+05
3.2062e+05
3.1983e+05
3.1886e+05
3.1771e+05
3.1639e+05
3.149e+05
3.1325e+05
3.1145e+05
3.0949e+05
3.074e+05
3.0517e+05
3.0281e+05
3.0033e+05
2.9774e+05
2.9504e+05
2.9224e+05
2.8935e+05
2.8637e+05
2.8331e+05
2.8019e+05
2.77e+05
2.7376e+05
2.7047e+05
2.6715e+05
2.6379e+05
2.6041e+05
2.5702e+05
2.5361e+05
2.5021e+05
2.4682e+05
2.4343e+05
2.4007e+05
2.3674e+05
2.3344e+05
2.3019e+05
2.2698e+05
2.2383e+05
2.2074e+05
2.1772e+05
2.1477e+05
2.1189e+05
2.0911e+05
2.064e+05
2.038e+05
2.0129e+05
1.9888e+05
1.9657e+05
1.9438e+05
1.923e+05
1.9033e+05
1.8849e+05
1.8676e+05
1.8516e+05
1.8368e+05
1.8233e+05
1.8111e+05
1.8001e+05
1.7905e+05
1.7821e+05
1.7751e+05
1.7693e+05
1.7649e+05
1.7617e+05
1.7598e+05
1.7591e+05
1.7597e+05
1.7615e+05
1.7645e+05
1.7686e+05
1.774e+05
1.7804e+05
1.7879e+05
1.7964e+05
1.806e+05
1.8165e+05
1.8279e+05
1.8403e+05
1.8535e+05
1.8674e+05
1.8821e+05
1.8975e+05
1.9136e+05
1.9302e+05
1.9474e+05
1.9651e+05
1.9832e+05
2.0017e+05
2.0205e+05
2.0396e+05
2.0589e+05
2.0783e+05
2.0979e+05
2.1175e+05
2.1371e+05
2.1566e+05
2.176e+05
2.1952e+05
2.2142e+05
2.2329e+05
2.2513e+05
2.2693e+05
2.2869e+05
2.304e+05
2.3206e+05
2.3366e+05
2.352e+05
2.3668e+05
2.3809e+05
2.3943e+05
2.4069e+05
2.4187e+05
2.4298e+05
2.44e+05
2.4493e+05
2.4577e+05
2.4652e+05
2.4718e+05
2.4775e+05
2.4822e+05
2.4859e+05
2.4886e+05
2.4903e+05
2.4911e+05
2.4908e+05
2.4896e+05
2.4873e+05
2.4841e+05
2.4799e+05
2.4747e+05
2.4685e+05
2.4614e+05
2.4533e+05
2.4443e+05
2.4344e+05
2.4236e+05
2.4119e+05
2.3994e+05
2.386e+05
2.3718e+05
2.3569e+05
2.3412e+05
2.3248e+05
2.3076e+05
2.2898e+05
2.2714e+05
2.2523e+05
2.2327e+05
2.2125e+05
2.1917e+05
2.1705e+05
2.1488e+05
2.1267e+05
2.1041e+05
2.0812e+05
2.0579e+05
2.0342e+05
2.0103e+05
1.9861e+05
1.9617e+05
1.937e+05
1.9121e+05
1.8871e+05
1.8618e+05
1.8365e+05
1.811e+05
1.7855e+05
1.7598e+05
1.7341e+05
1.7083e+05
1.6825e+05
1.6567e+05
1.6308e+05
1.605e+05
1.5792e+05
1.5533e+05
1.5275e+05
1.5017e+05
1.476e+05
1.4503e+05
1.4246e+05
1.399e+05
1.3734e+05
1.3478e+05
1.3223e+05
1.2969e+05
1.2715e+05
1.2461e+05
1.2208e+05
1.1955e+05
1.1702e+05
1.145e+05
1.1199e+05
1.0947e+05
1.0696e+05
1.0445e+05
1.0195e+05
99448
96950
94456
91964
89476
86992
84513
82038
79569
77105
74648
72199
69759
67328
64908
62501
60107
57728
55366
53023
50700
48400
46124
43874
41653
39463
37307
35186
33104
31062
29064
27111
25208
23355
21556
19813
18130
16508
14949
13457
12034
10681
9401.8
8197.4
7069.9
6021.2
5052.9
4166.5
3363.2
2644.3
2010.6
1463
1002
627.9
340.87
140.8
27.365
0
57.905
200.04
425.11
731.6
1117.7
1581.5
2120.6
2732.5
3414.6
4163.9
4977.1
5850.9
6781.6
7765.5
8798.5
9876.4
10995
12150
13336
14548
15783
17034
18298
19567
20839
22107
23365
24610
25836
27038
28211
29350
30450
31506
32515
33473
34374
35215
35993
36704
37345
37914
38408
38826
39165
39424
39602
39700
39716
39651
39506
39282
38981
38604
38156
37638
37054
36408
35705
34949
34147
33304
32426
31520
30594
29655
28711
27770
26842
25936
25062
24228
23446
22725
22078
21514
21044
20681
20435
20318
20342
20518
20859
21376
22081
22985
24100
25438
27009
28824
30895
33231
35844
38742
41936
45433
49244
53376
57836
62631
67769
73256
79095
85293
91853
98779
1.0607e+05
1.1374e+05
1.2177e+05
1.3018e+05
1.3896e+05
1.4811e+05
1.5763e+05
1.6752e+05
1.7777e+05
1.8837e+05
1.9933e+05
2.1064e+05
2.2229e+05
2.3428e+05
2.4658e+05
2.5921e+05
2.7214e+05
2.8537e+05
2.9889e+05
3.1268e+05
3.2673e+05
3.4102e+05
3.5555e+05
3.703e+05
3.8525e+05
4.0039e+05
4.157e+05
4.3116e+05
4.4676e+05
4.6248e+05
4.783e+05
4.942e+05
5.1016e+05
5.2616e+05
5.4219e+05
5.5822e+05
5.7423e+05
5.9021e+05
6.0612e+05
6.2196e+05
6.3769e+05
6.5331e+05
6.6878e+05
6.8409e+05
6.9922e+05
7.1414e+05
7.2884e+05
7.433e+05
7.5749e+05
7.714e+05
7.8501e+05
7.983e+05
8.1125e+05
8.2384e+05
8.3606e+05
8.4788e+05
8.593e+05
8.703e+05
8.8086e+05
8.9097e+05
9.0061e+05
9.0977e+05
9.1845e+05
9.2662e+05
9.3427e+05
9.4141e+05
9.4801e+05
9.5407e+05
9.5959e+05
9.6455e+05
9.6895e+05
9.7279e+05
9.7605e+05
9.7875e+05
9.8087e+05
9.8241e+05
9.8338e+05
9.8378e+05
9.836e+05
9.8284e+05
9.8152e+05
9.7963e+05
9.7718e+05
9.7418e+05
9.7063e+05
9.6653e+05
9.619e+05
9.5675e+05
9.5108e+05
9.449e+05
9.3823e+05
9.3107e+05
9.2344e+05
9.1536e+05
9.0682e+05
8.9785e+05
8.8846e+05
8.7867e+05
8.6849e+05
8.5793e+05
8.4702e+05
8.3576e+05
8.2418e+05
8.1229e+05
8.0011e+05
7.8765e+05
7.7494e+05
7.6199e+05
7.4881e+05
7.3544e+05
7.2187e+05
7.0814e+05
6.9425e+05
6.8024e+05
6.661e+05
6.5187e+05
6.3756e+05
6.2318e+05
6.0876e+05
5.9431e+05
5.7984e+05
5.6538e+05
5.5094e+05
5.3653e+05
5.2216e+05
5.0787e+05
4.9365e+05
4.7952e+05
4.655e+05
4.5159e+05
4.3782e+05
4.2419e+05
4.1072e+05
3.9741e+05
3.8428e+05
3.7134e+05
3.5859e+05
3.4605e+05
3.3372e+05
3.2161e+05
3.0974e+05
2.9809e+05
2.867e+05
2.7554e+05
2.6465e+05
2.5401e+05
2.4363e+05
2.3351e+05
2.2367e+05
2.141e+05
2.048e+05
1.9577e+05
1.8702e+05
1.7854e+05
1.7035e+05
1.6242e+05
1.5478e+05
1.474e+05
1.403e+05
1.3347e+05
1.269e+05
1.206e+05
1.1456e+05
1.0878e+05
1.0326e+05
97980
92950
88161
83608
79286
75189
71313
67652
64199
60948
57894
55031
52351
49849
47518
45352
43344
41487
39775
38202
36761
35445
34248
33165
32188
31311
30529
29835
29223
28689
28226
27829
27492
27211
26980
26795
26651
26544
26469
26423
26400
26398
26413
26442
26481
26527
26578
26630
26682
26731
26775
26812
26840
26858
26864
26856
26834
26797
26743
26673
26585
26479
26354
26211
26049
25869
25670
25452
25216
24962
24691
24403
24098
23778
23442
23093
22729
22353
21965
21566
21157
20739
20312
19878
19437
18991
18541
18086
17629
17170
16711
16251
15792
15335
14880
14429
13981
13538
13101
12669
12244
11827
11416
11015
10621
10237
9862.5
9497.4
9142.4
8797.7
8463.5
8139.9
7827
7525.1
7234
6953.9
6684.6
6426.3
6178.6
5941.6
5715.1
5498.9
5292.8
5096.5
4909.8
4732.5
4564
4404.3
4252.9
4109.3
3973.4
3844.6
3722.5
3606.8
3496.9
3392.5
3293
3198.2
3107.4
3020.2
2936.2
2854.9
2775.9
2698.6
2622.7
2547.8
