28032
31077
34360
37877
41624
45595
49784
54187
58796
63604
68604
73789
79150
84679
90366
96203
1.0218e+05
1.0829e+05
1.1452e+05
1.2086e+05
1.2729e+05
1.3382e+05
1.4043e+05
1.471e+05
1.5383e+05
1.6061e+05
1.6742e+05
1.7425e+05
1.811e+05
1.8795e+05
1.9479e+05
2.0161e+05
2.084e+05
2.1514e+05
2.2184e+05
2.2847e+05
2.3503e+05
2.415e+05
2.4789e+05
2.5417e+05
2.6035e+05
2.664e+05
2.7232e+05
2.7811e+05
2.8376e+05
2.8925e+05
2.9459e+05
2.9976e+05
3.0476e+05
3.0958e+05
3.1422e+05
3.1867e+05
3.2292e+05
3.2698e+05
3.3084e+05
3.3449e+05
3.3793e+05
3.4117e+05
3.4419e+05
3.4699e+05
3.4958e+05
3.5196e+05
3.5411e+05
3.5605e+05
3.5777e+05
3.5928e+05
3.6057e+05
3.6165e+05
3.6252e+05
3.6318e+05
3.6363e+05
3.6388e+05
3.6393e+05
3.6378e+05
3.6344e+05
3.6292e+05
3.6221e+05
3.6132e+05
3.6027e+05
3.5904e+05
3.5765e+05
3.5611e+05
3.5442e+05
3.5259e+05
3.5062e+05
3.4852e+05
3.463e+05
3.4397e+05
3.4152e+05
3.3898e+05
3.3634e+05
3.3362e+05
3.3081e+05
3.2793e+05
3.25e+05
3.22e+05
3.1895e+05
3.1586e+05
3.1274e+05
3.0959e+05
3.0642e+05
3.0324e+05
3.0005e+05
2.9687e+05
2.9369e+05
2.9052e+05
2.8738e+05
2.8426e+05
2.8118e+05
2.7813e+05
2.7513e+05
2.7218e+05
2.6929e+05
2.6645e+05
2.6369e+05
2.6099e+05
2.5836e+05
2.5581e+05
2.5335e+05
2.5097e+05
2.4868e+05
2.4647e+05
2.4437e+05
2.4236e+05
2.4044e+05
2.3863e+05
2.3691e+05
2.353e+05
2.338e+05
2.3239e+05
2.3109e+05
2.2989e+05
2.288e+05
2.2781e+05
2.2692e+05
2.2613e+05
2.2543e+05
2.2484e+05
2.2434e+05
2.2394e+05
2.2362e+05
2.2339e+05
2.2325e+05
2.2319e+05
2.2321e+05
2.233e+05
2.2347e+05
2.237e+05
2.24e+05
2.2435e+05
2.2476e+05
2.2522e+05
2.2573e+05
2.2627e+05
2.2686e+05
2.2748e+05
2.2812e+05
2.2879e+05
2.2947e+05
2.3017e+05
2.3088e+05
2.3159e+05
2.3229e+05
2.3299e+05
2.3368e+05
2.3436e+05
2.3501e+05
2.3564e+05
2.3624e+05
2.3681e+05
2.3733e+05
2.3782e+05
2.3826e+05
2.3865e+05
2.3899e+05
2.3928e+05
2.395e+05
2.3966e+05
2.3976e+05
2.3979e+05
2.3975e+05
2.3964e+05
2.3945e+05
2.3918e+05
2.3884e+05
2.3842e+05
2.3792e+05
2.3734e+05
2.3668e+05
2.3593e+05
2.3511e+05
2.3419e+05
2.332e+05
2.3213e+05
2.3097e+05
2.2974e+05
2.2842e+05
2.2703e+05
2.2556e+05
2.2401e+05
2.2239e+05
2.207e+05
2.1893e+05
2.171e+05
2.1521e+05
2.1325e+05
2.1123e+05
2.0915e+05
2.0702e+05
2.0483e+05
2.0259e+05
2.0031e+05
1.9798e+05
1.9561e+05
1.9321e+05
1.9076e+05
1.8829e+05
1.8578e+05
1.8325e+05
1.807e+05
1.7812e+05
1.7553e+05
1.7292e+05
1.703e+05
1.6767e+05
1.6503e+05
1.6239e+05
1.5974e+05
1.571e+05
1.5445e+05
1.5181e+05
1.4918e+05
1.4656e+05
1.4394e+05
1.4134e+05
1.3875e+05
1.3617e+05
1.3361e+05
1.3106e+05
1.2854e+05
1.2603e+05
1.2354e+05
1.2106e+05
1.1861e+05
1.1618e+05
1.1377e+05
1.1138e+05
1.0901e+05
1.0666e+05
1.0433e+05
1.0202e+05
99732
97463
95213
92981
90768
88573
86396
84235
82090
79960
77846
75747
73661
71590
69531
67486
65453
63433
61425
59430
57446
55476
53518
51573
49642
47725
45823
43936
42066
40213
38379
36565
34772
33001
31255
29534
27841
26177
24545
22945
21382
19855
18368
16924
15523
14168
12862
11607
10405
9258.8
8169.9
7140.8
6173.5
5270.1
4432.5
3662.6
2962.1
2332.7
1775.7
1292.6
884.63
552.7
297.7
120.31
20.983
0
57.417
193.07
406.59
697.35
1064.5
1507
2023.4
2612.3
3271.8
3999.8
4794.1
5652.1
6571.1
7548
8579.6
9662.4
10793
11967
13181
14430
15710
17017
18345
19690
21047
22411
23777
25139
26493
27832
29152
30448
31714
32946
34137
35284
36381
37423
38407
39328
40181
40964
41672
42302
42851
43316
43696
43988
44190
44301
44321
44250
44086
43831
43487
43053
42533
41928
41242
40478
39640
38733
37761
36730
35646
34515
33344
32141
30913
29670
28418
27169
25931
24714
23529
22386
21297
20272
19324
18463
17702
17054
16530
16143
15906
15831
15931
16218
16705
17405
18329
19490
20900
22571
24514
26740
29260
32084
35223
38686
42483
46620
51108
55952
61160
66738
72692
79026
85744
92850
1.0035e+05
1.0823e+05
1.1652e+05
1.2519e+05
1.3426e+05
1.4372e+05
1.5356e+05
1.6379e+05
1.7441e+05
1.854e+05
1.9676e+05
2.0849e+05
2.2057e+05
2.33e+05
2.4577e+05
2.5887e+05
2.7228e+05
2.8601e+05
3.0002e+05
3.1432e+05
3.2889e+05
3.437e+05
3.5876e+05
3.7403e+05
3.8951e+05
4.0517e+05
4.21e+05
4.3699e+05
4.531e+05
4.6932e+05
4.8564e+05
5.0202e+05
5.1846e+05
5.3492e+05
5.5139e+05
5.6785e+05
5.8427e+05
6.0063e+05
6.1691e+05
6.3309e+05
6.4915e+05
6.6506e+05
6.808e+05
6.9635e+05
7.1168e+05
7.2679e+05
7.4163e+05
7.562e+05
7.7048e+05
7.8443e+05
7.9805e+05
8.1131e+05
8.242e+05
8.3669e+05
8.4877e+05
8.6043e+05
8.7163e+05
8.8238e+05
8.9265e+05
9.0243e+05
9.117e+05
9.2046e+05
9.2869e+05
9.3637e+05
9.4351e+05
9.5009e+05
9.561e+05
9.6154e+05
9.6639e+05
9.7065e+05
9.7433e+05
9.774e+05
9.7988e+05
9.8176e+05
9.8303e+05
9.837e+05
9.8378e+05
9.8325e+05
9.8213e+05
9.8042e+05
9.7812e+05
9.7523e+05
9.7178e+05
9.6775e+05
9.6317e+05
9.5803e+05
9.5236e+05
9.4615e+05
9.3943e+05
9.322e+05
9.2447e+05
9.1627e+05
9.076e+05
8.9847e+05
8.8891e+05
8.7893e+05
8.6854e+05
8.5776e+05
8.4662e+05
8.3511e+05
8.2327e+05
8.1112e+05
7.9866e+05
7.8592e+05
7.7291e+05
7.5966e+05
7.4619e+05
7.3251e+05
7.1864e+05
7.046e+05
6.9041e+05
6.7609e+05
6.6166e+05
6.4714e+05
6.3254e+05
6.1788e+05
6.0318e+05
5.8847e+05
5.7374e+05
5.5904e+05
5.4436e+05
5.2973e+05
5.1516e+05
5.0066e+05
4.8626e+05
4.7197e+05
4.578e+05
4.4377e+05
4.2988e+05
4.1615e+05
4.026e+05
3.8923e+05
3.7605e+05
3.6308e+05
3.5032e+05
3.3779e+05
3.2549e+05
3.1343e+05
3.0162e+05
2.9006e+05
2.7877e+05
2.6774e+05
2.5698e+05
2.4649e+05
2.3628e+05
2.2636e+05
2.1672e+05
2.0736e+05
1.9829e+05
1.8952e+05
1.8103e+05
1.7283e+05
1.6492e+05
1.5729e+05
1.4995e+05
1.429e+05
1.3613e+05
1.2964e+05
1.2342e+05
1.1747e+05
1.118e+05
1.0638e+05
1.0123e+05
96329
91679
87273
83106
79170
75462
71973
68698
65631
62764
60091
57605
55299
53166
51200
49393
47738
46228
44857
43617
42502
41505
40619
39838
39154
38563
38057
37631
37278
36993
36770
36604
36489
36421
36394
36404
36446
36515
36609
36722
36851
36992
37142
37299
37457
37616
37773
37924
38068
38203
38327
38438
38534
38615
38679
38724
38751
38759
38745
38711
38656
38580
38482
38362
38221
38058
37874
37670
37445
37200
36936
36653
36353
36034
35700
35349
34984
34605
34212
33808
33391
32965
32529
32084
31632
31173
30708
30238
29765
29288
28809
28329
27848
27367
26887
26409
25934
25461
24993
24528
24069
23615
23167
22725
22291
21864
21444
21033
20629
20235
19849
19472
19105
18746
18398
18059
17729
17409
17098
16797
16506
16224
15951
15688
15433
15187
14950
14722
14501
14289
14084
13887
13696
13513
13336
13166
13001
12842
12688
12539
12395
12255
12118
11985
11856
11728
11604
11481
11360
11241
11122
11004
