1.6864e+05
1.7179e+05
1.7497e+05
1.7818e+05
1.814e+05
1.8463e+05
1.8788e+05
1.9113e+05
1.944e+05
1.9767e+05
2.0094e+05
2.0421e+05
2.0747e+05
2.1073e+05
2.1398e+05
2.1722e+05
2.2045e+05
2.2366e+05
2.2685e+05
2.3002e+05
2.3316e+05
2.3628e+05
2.3937e+05
2.4243e+05
2.4545e+05
2.4844e+05
2.5139e+05
2.543e+05
2.5717e+05
2.5999e+05
2.6277e+05
2.655e+05
2.6818e+05
2.708e+05
2.7337e+05
2.7589e+05
2.7835e+05
2.8075e+05
2.8309e+05
2.8537e+05
2.8759e+05
2.8974e+05
2.9183e+05
2.9385e+05
2.958e+05
2.9769e+05
2.995e+05
3.0125e+05
3.0293e+05
3.0453e+05
3.0607e+05
3.0753e+05
3.0892e+05
3.1024e+05
3.1148e+05
3.1266e+05
3.1376e+05
3.1479e+05
3.1574e+05
3.1663e+05
3.1744e+05
3.1819e+05
3.1886e+05
3.1946e+05
3.2e+05
3.2046e+05
3.2086e+05
3.2119e+05
3.2146e+05
3.2166e+05
3.218e+05
3.2187e+05
3.2189e+05
3.2184e+05
3.2174e+05
3.2158e+05
3.2136e+05
3.2109e+05
3.2077e+05
3.2039e+05
3.1997e+05
3.1949e+05
3.1897e+05
3.1841e+05
3.1781e+05
3.1716e+05
3.1647e+05
3.1575e+05
3.1499e+05
3.142e+05
3.1337e+05
3.1251e+05
3.1163e+05
3.1072e+05
3.0978e+05
3.0883e+05
3.0785e+05
3.0685e+05
3.0583e+05
3.048e+05
3.0375e+05
3.0269e+05
3.0162e+05
3.0054e+05
2.9945e+05
2.9836e+05
2.9726e+05
2.9616e+05
2.9505e+05
2.9395e+05
2.9285e+05
2.9175e+05
2.9065e+05
2.8955e+05
2.8847e+05
2.8739e+05
2.8631e+05
2.8525e+05
2.8419e+05
2.8315e+05
2.8211e+05
2.8109e+05
2.8008e+05
2.7908e+05
2.781e+05
2.7713e+05
2.7617e+05
2.7523e+05
2.743e+05
2.7338e+05
2.7248e+05
2.7159e+05
2.7072e+05
2.6986e+05
2.6902e+05
2.6819e+05
2.6737e+05
2.6656e+05
2.6577e+05
2.6499e+05
2.6422e+05
2.6346e+05
2.6271e+05
2.6197e+05
2.6124e+05
2.6051e+05
2.5979e+05
2.5908e+05
2.5837e+05
2.5767e+05
2.5697e+05
2.5626e+05
2.5556e+05
2.5486e+05
2.5416e+05
2.5345e+05
2.5274e+05
2.5203e+05
2.513e+05
2.5057e+05
2.4983e+05
2.4908e+05
2.4832e+05
2.4755e+05
2.4676e+05
2.4596e+05
2.4514e+05
2.443e+05
2.4345e+05
2.4257e+05
2.4167e+05
2.4076e+05
2.3982e+05
2.3885e+05
2.3786e+05
2.3685e+05
2.3581e+05
2.3474e+05
2.3364e+05
2.3252e+05
2.3136e+05
2.3018e+05
2.2897e+05
2.2772e+05
2.2644e+05
2.2513e+05
2.2379e+05
2.2242e+05
2.2101e+05
2.1957e+05
2.181e+05
2.166e+05
2.1506e+05
2.1349e+05
2.1189e+05
2.1026e+05
2.086e+05
2.069e+05
2.0518e+05
2.0342e+05
2.0164e+05
1.9982e+05
1.9798e+05
1.9611e+05
1.9422e+05
1.923e+05
1.9036e+05
1.8839e+05
1.8641e+05
1.844e+05
1.8237e+05
1.8033e+05
1.7827e+05
1.7619e+05
1.741e+05
1.72e+05
1.6989e+05
1.6776e+05
1.6563e+05
1.635e+05
1.6136e+05
1.5922e+05
1.5707e+05
1.5493e+05
1.5279e+05
1.5065e+05
1.4852e+05
1.464e+05
1.4428e+05
1.4218e+05
1.4009e+05
1.3801e+05
1.3595e+05
1.3391e+05
1.3188e+05
1.2988e+05
1.279e+05
1.2594e+05
1.2401e+05
1.2211e+05
1.2023e+05
1.1838e+05
1.1657e+05
1.1478e+05
1.1303e+05
1.1132e+05
1.0964e+05
1.0799e+05
1.0639e+05
1.0482e+05
1.0329e+05
1.018e+05
1.0035e+05
98941
97574
96250
94968
93728
92531
91376
90265
89196
88169
87185
86243
85342
84482
83662
82881
82140
81436
80770
80139
79544
78982
78453
77954
77486
77046
76634
76246
75882
75541
75219
74917
74631
74360
74102
73856
73619
73389
73165
72944
72724
72504
72282
72055
71821
71580
71328
71063
70785
70491
70179
69847
69495
69120
68720
68294
67842
67360
66849
66306
65731
65123
64480
63803
63089
62339
61552
60728
59866
58966
58028
57052
56038
54988
53900
52776
51617
50423
49195
47935
46643
45322
43973
42597
41196
39772
38328
36865
35387
33895
32392
30881
29365
27847
26330
24818
23313
21819
20341
18881
17443
16032
14651
13305
11998
10733
9515.9
8350.4
7241.2
6192.7
5209.5
4296.3
3457.6
2698.3
2022.9
1436.2
943.07
548.13
256.15
71.864
0
45.248
212.27
505.69
930.1
1490
2189.9
3034.1
4027.1
5173
6475.9
7940.1
9569.3
11367
13338
15486
17812
20322
23019
25904
28982
32255
35726
39396
43269
47345
51628
56119
60818
65728
70849
76183
81730
87489
93463
99649
1.0605e+05
1.1266e+05
1.1949e+05
1.2652e+05
1.3377e+05
1.4122e+05
1.4888e+05
1.5675e+05
1.6482e+05
1.7308e+05
1.8155e+05
1.9021e+05
1.9907e+05
2.0811e+05
2.1734e+05
2.2674e+05
2.3633e+05
2.4609e+05
2.5602e+05
2.6611e+05
2.7636e+05
2.8677e+05
2.9732e+05
3.0802e+05
3.1886e+05
3.2982e+05
3.4092e+05
3.5213e+05
3.6346e+05
3.7489e+05
3.8642e+05
3.9805e+05
4.0976e+05
4.2155e+05
4.3342e+05
4.4534e+05
4.5733e+05
4.6936e+05
4.8143e+05
4.9353e+05
5.0566e+05
5.1781e+05
5.2997e+05
5.4212e+05
5.5427e+05
5.664e+05
5.7851e+05
5.9058e+05
6.0261e+05
6.1459e+05
6.2651e+05
6.3837e+05
6.5015e+05
6.6184e+05
6.7345e+05
6.8495e+05
6.9634e+05
7.0761e+05
7.1876e+05
7.2977e+05
7.4064e+05
7.5137e+05
7.6193e+05
7.7233e+05
7.8255e+05
7.9259e+05
8.0244e+05
8.121e+05
8.2155e+05
8.3079e+05
8.3982e+05
8.4862e+05
8.5719e+05
8.6553e+05
8.7362e+05
8.8146e+05
8.8905e+05
8.9638e+05
9.0344e+05
9.1023e+05
9.1675e+05
9.2298e+05
9.2893e+05
9.346e+05
9.3997e+05
9.4504e+05
9.4981e+05
9.5428e+05
9.5844e+05
9.6229e+05
9.6584e+05
9.6906e+05
9.7198e+05
9.7457e+05
9.7685e+05
9.788e+05
9.8044e+05
9.8175e+05
9.8274e+05
9.8341e+05
9.8375e+05
9.8378e+05
9.8348e+05
9.8286e+05
9.8193e+05
9.8068e+05
9.7911e+05
9.7723e+05
9.7503e+05
9.7253e+05
9.6972e+05
9.6661e+05
9.632e+05
9.5949e+05
9.5548e+05
9.5119e+05
9.4661e+05
9.4175e+05
9.3662e+05
9.3121e+05
9.2554e+05
9.196e+05
9.1341e+05
9.0696e+05
9.0027e+05
8.9334e+05
8.8617e+05
8.7878e+05
8.7117e+05
8.6334e+05
8.553e+05
8.4705e+05
8.3862e+05
8.2999e+05
8.2118e+05
8.122e+05
8.0305e+05
7.9373e+05
7.8427e+05
7.7465e+05
7.649e+05
7.5502e+05
7.4501e+05
7.3489e+05
7.2465e+05
7.1432e+05
7.0389e+05
6.9337e+05
6.8278e+05
6.7211e+05
6.6138e+05
6.5059e+05
6.3975e+05
6.2887e+05
6.1796e+05
6.0702e+05
5.9606e+05
5.8508e+05
5.741e+05
5.6312e+05
5.5215e+05
5.4119e+05
5.3025e+05
5.1935e+05
5.0847e+05
4.9764e+05
4.8685e+05
4.7612e+05
4.6545e+05
4.5484e+05
4.443e+05
4.3384e+05
4.2346e+05
4.1316e+05
4.0296e+05
3.9286e+05
3.8286e+05
3.7296e+05
3.6318e+05
3.5351e+05
3.4396e+05
3.3453e+05
3.2524e+05
3.1607e+05
3.0704e+05
2.9814e+05
2.8939e+05
2.8078e+05
2.7231e+05
2.64e+05
2.5583e+05
2.4783e+05
2.3997e+05
2.3228e+05
2.2474e+05
2.1736e+05
2.1015e+05
2.031e+05
1.9622e+05
1.895e+05
1.8294e+05
1.7656e+05
1.7033e+05
1.6428e+05
1.5839e+05
1.5268e+05
1.4712e+05
1.4174e+05
1.3651e+05
1.3146e+05
1.2657e+05
1.2184e+05
1.1727e+05
1.1286e+05
1.0862e+05
1.0453e+05
1.0059e+05
96815
93189
89713
86386
83205
80169
77274
74519
71901
69417
67065
64842
62745
60772
58919
57183
55563
54054
52653
51358
50165
49072
48074
47170
46355
45627
44981
44416
43928
43514
43170
42894
42681
42530
42437
42399
42413
42476
42584
42736
42928
43157
43420
43716
44040
44391
44765
45161
45576
46007
46452
46908
47375
47848
48327
48810
49293
49776
50256
50733
51203
51666
52120
52563
52995
53414
53818
54206
54578
54932
55268
55583
55879
56153
56405
56635
56841
57024
57183
57317
57426
57511
57570
57603
57611
57594
57551
57482
57388
57269
57125
56955
56761
56543
56301
56036
55747
55436
55102
54747
54371
53974
53558
53122
52667
52195
51705
51198
50676
50138
49586
49020
48441
47849
47247
46633
