27915
30350
33040
35983
39177
42619
46304
50229
54388
58776
63384
68207
73235
78460
83874
89466
95225
1.0114e+05
1.072e+05
1.134e+05
1.1972e+05
1.2614e+05
1.3266e+05
1.3927e+05
1.4594e+05
1.5267e+05
1.5944e+05
1.6624e+05
1.7305e+05
1.7986e+05
1.8665e+05
1.9341e+05
2.0013e+05
2.068e+05
2.1338e+05
2.1989e+05
2.2629e+05
2.3258e+05
2.3874e+05
2.4477e+05
2.5064e+05
2.5634e+05
2.6187e+05
2.6722e+05
2.7236e+05
2.773e+05
2.8201e+05
2.865e+05
2.9075e+05
2.9476e+05
2.9851e+05
3.0201e+05
3.0523e+05
3.0819e+05
3.1086e+05
3.1326e+05
3.1537e+05
3.1719e+05
3.1872e+05
3.1996e+05
3.209e+05
3.2155e+05
3.2191e+05
3.2197e+05
3.2174e+05
3.2123e+05
3.2043e+05
3.1935e+05
3.1799e+05
3.1635e+05
3.1446e+05
3.123e+05
3.0988e+05
3.0723e+05
3.0433e+05
3.012e+05
2.9785e+05
2.9429e+05
2.9053e+05
2.8657e+05
2.8244e+05
2.7813e+05
2.7366e+05
2.6904e+05
2.6429e+05
2.5941e+05
2.5442e+05
2.4933e+05
2.4415e+05
2.3889e+05
2.3357e+05
2.2819e+05
2.2278e+05
2.1734e+05
2.1189e+05
2.0643e+05
2.0099e+05
1.9557e+05
1.9018e+05
1.8483e+05
1.7954e+05
1.7432e+05
1.6918e+05
1.6412e+05
1.5916e+05
1.5432e+05
1.4958e+05
1.4498e+05
1.405e+05
1.3617e+05
1.3199e+05
1.2797e+05
1.2411e+05
1.2041e+05
1.169e+05
1.1356e+05
1.1041e+05
1.0745e+05
1.0468e+05
1.0211e+05
99731
97557
95585
93816
92252
90893
89737
88786
88037
87488
87139
86986
87028
87260
87679
88282
89065
90022
91150
92444
93897
95506
97263
99164
1.012e+05
1.0337e+05
1.0566e+05
1.0808e+05
1.106e+05
1.1323e+05
1.1596e+05
1.1878e+05
1.2168e+05
1.2466e+05
1.2772e+05
1.3083e+05
1.3401e+05
1.3723e+05
1.405e+05
1.4381e+05
1.4714e+05
1.505e+05
1.5388e+05
1.5727e+05
1.6066e+05
1.6404e+05
1.6742e+05
1.7079e+05
1.7413e+05
1.7745e+05
1.8074e+05
1.8398e+05
1.8719e+05
1.9034e+05
1.9344e+05
1.9648e+05
1.9946e+05
2.0236e+05
2.052e+05
2.0795e+05
2.1062e+05
2.132e+05
2.157e+05
2.1809e+05
2.2039e+05
2.2259e+05
2.2467e+05
2.2665e+05
2.2852e+05
2.3027e+05
2.319e+05
2.3341e+05
2.348e+05
2.3606e+05
2.3719e+05
2.382e+05
2.3907e+05
2.3981e+05
2.4041e+05
2.4088e+05
2.4121e+05
2.4141e+05
2.4147e+05
2.4139e+05
2.4117e+05
2.4081e+05
2.4032e+05
2.3969e+05
2.3893e+05
2.3803e+05
2.3699e+05
2.3583e+05
2.3453e+05
2.331e+05
2.3155e+05
2.2988e+05
2.2808e+05
2.2616e+05
2.2413e+05
2.2198e+05
2.1973e+05
2.1736e+05
2.149e+05
2.1234e+05
2.0968e+05
2.0694e+05
2.0411e+05
2.012e+05
1.9821e+05
1.9515e+05
1.9202e+05
1.8883e+05
1.8559e+05
1.8229e+05
1.7895e+05
1.7557e+05
1.7215e+05
1.687e+05
1.6523e+05
1.6174e+05
1.5823e+05
1.5471e+05
1.5119e+05
1.4767e+05
1.4415e+05
1.4065e+05
1.3716e+05
1.3369e+05
1.3024e+05
1.2682e+05
1.2344e+05
1.2009e+05
1.1678e+05
1.1351e+05
1.1029e+05
1.0713e+05
1.0401e+05
1.0095e+05
97943
94999
92116
89295
86540
83849
81225
78668
76177
73754
71398
69109
66886
64728
62635
60605
58637
56729
54881
53089
51353
49671
48040
46457
44923
43433
41985
40579
39211
37879
36581
35316
34080
32874
31694
30539
29407
28298
27211
26143
25094
24064
23053
22059
21083
20124
19184
18261
17358
16475
15613
14772
13955
13162
12395
11656
10947
10268
9622.9
9012.8
8439.7
7905.8
7412.9
6963
6558.1
6200.1
5890.7
5631.6
5424.3
5270.4
5171
5127.2
5140
5209.9
5337.5
5522.9
5766.2
6066.8
6424.4
6837.9
7306.3
7827.9
8401
9023.5
9693.1
10407
11162
11955
12782
13640
14524
15430
16353
17289
18232
19177
20119
21052
21971
22870
23743
24585
25390
26152
26866
27526
28128
28666
29136
29533
29852
30091
30246
30313
30291
30177
29970
29668
29273
28783
28200
27525
26761
25911
24978
23967
22882
21731
20519
19254
17944
16597
15225
13836
12442
11055
9687.3
8351.3
7061.1
5830.7
4674.8
3608.8
2648.2
1809.1
1107.9
561.29
186.28
0
19.75
262.9
746.84
1488.9
2506.3
3816.2
5435.2
7380
9666.7
12311
15328
18732
22538
26758
31405
36491
42027
48023
54486
61426
68849
76760
85165
94066
1.0346e+05
1.1336e+05
1.2376e+05
1.3465e+05
1.4603e+05
1.5791e+05
1.7026e+05
1.8309e+05
1.9638e+05
2.1013e+05
2.2433e+05
2.3895e+05
2.5399e+05
2.6943e+05
2.8525e+05
3.0144e+05
3.1797e+05
3.3483e+05
3.5199e+05
3.6943e+05
3.8712e+05
4.0505e+05
4.2317e+05
4.4148e+05
4.5993e+05
4.7851e+05
4.9717e+05
5.159e+05
5.3466e+05
5.5341e+05
5.7214e+05
5.908e+05
6.0937e+05
6.2781e+05
6.461e+05
6.6419e+05
6.8206e+05
6.9968e+05
7.1701e+05
7.3403e+05
7.507e+05
7.6699e+05
7.8288e+05
7.9833e+05
8.1332e+05
8.2783e+05
8.4181e+05
8.5526e+05
8.6814e+05
8.8044e+05
8.9213e+05
9.0318e+05
9.1359e+05
9.2333e+05
9.3239e+05
9.4075e+05
9.484e+05
9.5533e+05
9.6152e+05
9.6696e+05
9.7165e+05
9.7559e+05
9.7876e+05
9.8116e+05
9.828e+05
9.8367e+05
9.8378e+05
9.8312e+05
9.817e+05
9.7954e+05
9.7663e+05
9.7298e+05
9.6861e+05
9.6353e+05
9.5774e+05
9.5127e+05
9.4414e+05
9.3634e+05
9.2792e+05
9.1888e+05
9.0924e+05
8.9903e+05
8.8826e+05
8.7696e+05
8.6516e+05
8.5287e+05
8.4012e+05
8.2694e+05
8.1336e+05
7.9939e+05
7.8507e+05
7.7041e+05
7.5546e+05
7.4023e+05
7.2476e+05
7.0907e+05
6.9318e+05
6.7713e+05
6.6093e+05
6.4463e+05
6.2824e+05
6.1178e+05
5.9529e+05
5.788e+05
5.6231e+05
5.4586e+05
5.2948e+05
5.1317e+05
4.9698e+05
4.809e+05
4.6498e+05
4.4922e+05
4.3364e+05
4.1827e+05
4.0311e+05
3.8819e+05
3.7352e+05
3.5911e+05
3.4498e+05
3.3114e+05
3.176e+05
3.0437e+05
2.9147e+05
2.7889e+05
2.6664e+05
2.5474e+05
2.4319e+05
2.3199e+05
2.2115e+05
2.1066e+05
2.0054e+05
1.9078e+05
1.8138e+05
1.7235e+05
1.6368e+05
1.5537e+05
1.4741e+05
1.3981e+05
1.3256e+05
1.2565e+05
1.1909e+05
1.1286e+05
1.0695e+05
1.0137e+05
96106
91147
86487
82118
78032
74220
70673
67381
64335
61527
58945
56580
54423
52463
50692
49098
47673
46406
45289
44312
43465
42740
42127
41618
41205
40878
40631
40454
40342
40286
40279
40315
40388
40491
40619
40766
40926
41096
41270
41444
41614
41777
41929
42067
42188
42289
42370
42426
42458
42462
42438
42386
42303
42190
42046
41871
41665
41429
41161
40864
40537
40182
39799
39389
38954
38495
38012
37508
36983
36440
35879
35303
34713
34110
33497
32874
32244
31609
30969
30327
29684
29041
28401
27764
27132
26507
25889
25281
24683
24096
23521
22960
22414
21882
21366
20868
20386
19922
19476
19049
18641
18252
17882
17532
17201
16889
16596
16323
16067
15830
15611
15409
15224
15055
14901
14763
14638
14527
14428
14342
14266
14200
14143
14094
14052
14017
13986
13961
13938
13918
13900
13882
13863
13844
13822
13797
13769
13736
13698
13654
13604
13546
13481
13407
13325
13233
13132
13021
12900
12768
12626
12474
12311
12137
11952
11757
11552
11336
11111
10876
10632
10379
10117
9847.4
9570.3
9286.1
8995.5
8699.1
