1.9935e+05
2.0463e+05
2.0993e+05
2.1523e+05
2.2053e+05
2.2582e+05
2.311e+05
2.3636e+05
2.4158e+05
2.4677e+05
2.5191e+05
2.5701e+05
2.6205e+05
2.6703e+05
2.7194e+05
2.7678e+05
2.8153e+05
2.8621e+05
2.9079e+05
2.9527e+05
2.9965e+05
3.0393e+05
3.081e+05
3.1215e+05
3.1608e+05
3.199e+05
3.2358e+05
3.2714e+05
3.3056e+05
3.3385e+05
3.37e+05
3.4002e+05
3.4289e+05
3.4561e+05
3.482e+05
3.5064e+05
3.5293e+05
3.5507e+05
3.5707e+05
3.5892e+05
3.6062e+05
3.6218e+05
3.6359e+05
3.6486e+05
3.6598e+05
3.6697e+05
3.6781e+05
3.6852e+05
3.6909e+05
3.6953e+05
3.6984e+05
3.7003e+05
3.7009e+05
3.7003e+05
3.6986e+05
3.6957e+05
3.6918e+05
3.6868e+05
3.6808e+05
3.6739e+05
3.6661e+05
3.6574e+05
3.6479e+05
3.6376e+05
3.6267e+05
3.615e+05
3.6028e+05
3.59e+05
3.5767e+05
3.563e+05
3.5488e+05
3.5344e+05
3.5196e+05
3.5046e+05
3.4894e+05
3.4741e+05
3.4587e+05
3.4433e+05
3.4279e+05
3.4126e+05
3.3975e+05
3.3825e+05
3.3677e+05
3.3532e+05
3.339e+05
3.3252e+05
3.3117e+05
3.2988e+05
3.2863e+05
3.2743e+05
3.2629e+05
3.2521e+05
3.2419e+05
3.2324e+05
3.2236e+05
3.2154e+05
3.2081e+05
3.2014e+05
3.1956e+05
3.1906e+05
3.1864e+05
3.183e+05
3.1805e+05
3.1789e+05
3.1781e+05
3.1782e+05
3.1792e+05
3.181e+05
3.1838e+05
3.1874e+05
3.1919e+05
3.1972e+05
3.2034e+05
3.2105e+05
3.2184e+05
3.2271e+05
3.2366e+05
3.2469e+05
3.258e+05
3.2698e+05
3.2824e+05
3.2956e+05
3.3095e+05
3.324e+05
3.3391e+05
3.3548e+05
3.3711e+05
3.3879e+05
3.4051e+05
3.4228e+05
3.4408e+05
3.4593e+05
3.478e+05
3.4971e+05
3.5163e+05
3.5358e+05
3.5554e+05
3.5752e+05
3.595e+05
3.6149e+05
3.6347e+05
3.6545e+05
3.6742e+05
3.6938e+05
3.7132e+05
3.7323e+05
3.7512e+05
3.7698e+05
3.7881e+05
3.8059e+05
3.8234e+05
3.8403e+05
3.8568e+05
3.8727e+05
3.888e+05
3.9027e+05
3.9168e+05
3.9302e+05
3.9429e+05
3.9549e+05
3.9661e+05
3.9764e+05
3.986e+05
3.9947e+05
4.0026e+05
4.0095e+05
4.0156e+05
4.0207e+05
4.0248e+05
4.028e+05
4.0302e+05
4.0314e+05
4.0317e+05
4.0309e+05
4.0291e+05
4.0263e+05
4.0224e+05
4.0175e+05
4.0116e+05
4.0047e+05
3.9967e+05
3.9878e+05
3.9778e+05
3.9668e+05
3.9548e+05
3.9418e+05
3.9279e+05
3.913e+05
3.8972e+05
3.8804e+05
3.8627e+05
3.8442e+05
3.8247e+05
3.8045e+05
3.7834e+05
3.7615e+05
3.7388e+05
3.7153e+05
3.6912e+05
3.6663e+05
3.6408e+05
3.6147e+05
3.5879e+05
3.5606e+05
3.5327e+05
3.5043e+05
3.4754e+05
3.446e+05
3.4163e+05
3.3861e+05
3.3556e+05
3.3247e+05
3.2936e+05
3.2622e+05
3.2306e+05
3.1987e+05
3.1668e+05
3.1346e+05
3.1024e+05
3.0701e+05
3.0378e+05
3.0054e+05
2.9731e+05
2.9408e+05
2.9086e+05
2.8764e+05
2.8444e+05
2.8126e+05
2.7809e+05
2.7494e+05
2.7181e+05
2.6871e+05
2.6563e+05
2.6258e+05
2.5956e+05
2.5657e+05
2.5361e+05
2.5069e+05
2.478e+05
2.4495e+05
2.4213e+05
2.3936e+05
2.3662e+05
2.3393e+05
2.3127e+05
2.2866e+05
2.2608e+05
2.2355e+05
2.2106e+05
2.1861e+05
2.162e+05
2.1384e+05
2.1151e+05
2.0923e+05
2.0698e+05
2.0477e+05
2.026e+05
2.0047e+05
1.9838e+05
1.9631e+05
1.9429e+05
1.9229e+05
1.9033e+05
1.8839e+05
1.8649e+05
1.8461e+05
1.8275e+05
1.8092e+05
1.7911e+05
1.7731e+05
1.7554e+05
1.7378e+05
1.7204e+05
1.703e+05
1.6858e+05
1.6687e+05
1.6516e+05
1.6345e+05
1.6175e+05
1.6004e+05
1.5834e+05
1.5663e+05
1.5491e+05
1.5319e+05
1.5146e+05
1.4971e+05
1.4796e+05
1.4619e+05
1.444e+05
1.4259e+05
1.4077e+05
1.3892e+05
1.3705e+05
1.3516e+05
1.3325e+05
1.313e+05
1.2934e+05
1.2734e+05
1.2532e+05
1.2327e+05
1.2119e+05
1.1908e+05
1.1694e+05
1.1477e+05
1.1257e+05
1.1034e+05
1.0808e+05
1.0579e+05
1.0348e+05
1.0113e+05
98759
96361
93939
91492
89023
86532
84023
81496
78953
76396
73828
71251
68667
66079
63489
60901
58317
55741
53175
50623
48089
45575
43086
40625
38196
35802
33448
31138
28876
26666
24512
22419
20390
18431
16545
14737
13011
11373
9825.8
8374.4
7023.4
5777.2
4640.2
3616.9
2711.6
1928.7
1272.6
747.5
357.6
107.07
0
40.406
232.22
579.28
1085.4
1754.1
2589
3593.6
4771.2
6125
7658.1
9373.3
11274
13362
15640
18111
20776
23639
26700
29962
33426
37094
40966
45044
49329
53820
58520
63428
68543
73867
79399
85138
91083
97235
1.0359e+05
1.1015e+05
1.1691e+05
1.2387e+05
1.3103e+05
1.3839e+05
1.4594e+05
1.5368e+05
1.6162e+05
1.6973e+05
1.7803e+05
1.8652e+05
1.9517e+05
2.0401e+05
2.1301e+05
2.2217e+05
2.315e+05
2.4099e+05
2.5062e+05
2.6041e+05
2.7034e+05
2.8041e+05
2.9061e+05
3.0094e+05
3.1139e+05
3.2196e+05
3.3264e+05
3.4343e+05
3.5432e+05
3.653e+05
3.7637e+05
3.8752e+05
3.9875e+05
4.1005e+05
4.2141e+05
4.3283e+05
4.4429e+05
4.558e+05
4.6734e+05
4.7892e+05
4.9051e+05
5.0212e+05
5.1374e+05
5.2536e+05
5.3698e+05
5.4858e+05
5.6016e+05
5.7172e+05
5.8324e+05
5.9471e+05
6.0614e+05
6.1752e+05
6.2883e+05
6.4007e+05
6.5124e+05
6.6232e+05
6.7331e+05
6.842e+05
6.9499e+05
7.0566e+05
7.1622e+05
7.2666e+05
7.3696e+05
7.4712e+05
7.5715e+05
7.6702e+05
7.7673e+05
7.8629e+05
7.9567e+05
8.0488e+05
8.1391e+05
8.2275e+05
8.3141e+05
8.3987e+05
8.4812e+05
8.5617e+05
8.6401e+05
8.7164e+05
8.7904e+05
8.8622e+05
8.9316e+05
8.9988e+05
9.0636e+05
9.126e+05
9.1859e+05
9.2433e+05
9.2983e+05
9.3507e+05
9.4005e+05
9.4478e+05
9.4924e+05
9.5344e+05
9.5737e+05
9.6104e+05
9.6443e+05
9.6755e+05
9.7041e+05
9.7298e+05
9.7529e+05
9.7731e+05
9.7906e+05
9.8054e+05
9.8174e+05
9.8266e+05
9.8331e+05
9.8368e+05
9.8378e+05
9.836e+05
9.8315e+05
9.8243e+05
9.8143e+05
9.8017e+05
9.7864e+05
9.7684e+05
9.7478e+05
9.7246e+05
9.6989e+05
9.6705e+05
9.6396e+05
9.6062e+05
9.5704e+05
9.5321e+05
9.4913e+05
9.4482e+05
9.4028e+05
9.3551e+05
9.305e+05
9.2528e+05
9.1984e+05
9.1419e+05
9.0832e+05
9.0225e+05
8.9598e+05
8.8952e+05
8.8286e+05
8.7602e+05
8.6899e+05
8.6179e+05
8.5442e+05
8.4689e+05
8.3919e+05
8.3134e+05
8.2334e+05
8.1519e+05
8.0691e+05
7.9849e+05
7.8994e+05
7.8128e+05
7.7249e+05
7.636e+05
7.546e+05
7.455e+05
7.3631e+05
7.2703e+05
7.1767e+05
7.0823e+05
6.9873e+05
6.8915e+05
6.7952e+05
6.6984e+05
6.6011e+05
6.5033e+05
6.4052e+05
6.3068e+05
6.2081e+05
6.1093e+05
6.0102e+05
5.9111e+05
5.812e+05
5.7129e+05
5.6138e+05
5.5149e+05
5.4161e+05
5.3176e+05
5.2193e+05
5.1213e+05
5.0237e+05
4.9265e+05
4.8298e+05
4.7335e+05
4.6379e+05
4.5427e+05
4.4483e+05
4.3545e+05
4.2614e+05
4.169e+05
4.0775e+05
3.9867e+05
3.8968e+05
3.8078e+05
3.7198e+05
3.6327e+05
3.5466e+05
3.4615e+05
3.3774e+05
3.2944e+05
3.2125e+05
3.1318e+05
3.0522e+05
2.9738e+05
2.8965e+05
2.8205e+05
2.7457e+05
2.6722e+05
2.5999e+05
2.5289e+05
2.4592e+05
2.3908e+05
2.3237e+05
2.258e+05
2.1936e+05
2.1306e+05
2.0689e+05
2.0086e+05
1.9496e+05
1.892e+05
1.8358e+05
1.7809e+05
1.7275e+05
1.6754e+05
1.6247e+05
1.5753e+05
1.5273e+05
1.4807e+05
1.4354e+05
1.3915e+05
1.349e+05
1.3077e+05
1.2678e+05
1.2292e+05
1.1919e+05
1.1559e+05
1.1211e+05
1.0877e+05
1.0554e+05
1.0244e+05
99467
96610
93872
91250
88744
86351
84068
81895
79829
77868
76010
74253
72595
71032
69564
68187
66900
65700
64585
63552
62599
61724
60923
60195
59537
58947
58422
57960
57558
57214
56926
56690
56506
56369
56278
56230
56224
56256
56324
56427
56562
56726
56918
57135
57375
57636
57916
58213
58526
58851
59187
59533
59887
60246
60609
60974
61340
61706
62068
62427
62781
63128
63467
63797
64116
64423
64718
64998
65264
65513
65746
65961
66158
66335
66492
66628
66743
66836
66907
66954
66979
66979
66956
66908
66836
66739
66617
66470
66297
66100
65877
65630
65357
65060
64738
64391
64020
63626
63207
62765
62300
61813
61303
60772
60220
59646
59053
58440
57807
57157
56488
55802
