9.8378e+05
9.8233e+05
9.8081e+05
9.7921e+05
9.7754e+05
9.7579e+05
9.7397e+05
9.7208e+05
9.7012e+05
9.6809e+05
9.6599e+05
9.6382e+05
9.6158e+05
9.5928e+05
9.5691e+05
9.5447e+05
9.5198e+05
9.4941e+05
9.4679e+05
9.4411e+05
9.4136e+05
9.3856e+05
9.357e+05
9.3278e+05
9.298e+05
9.2677e+05
9.2369e+05
9.2055e+05
9.1736e+05
9.1412e+05
9.1082e+05
9.0748e+05
9.0409e+05
9.0065e+05
8.9717e+05
8.9364e+05
8.9006e+05
8.8644e+05
8.8278e+05
8.7908e+05
8.7533e+05
8.7155e+05
8.6773e+05
8.6387e+05
8.5997e+05
8.5604e+05
8.5208e+05
8.4808e+05
8.4405e+05
8.3998e+05
8.3589e+05
8.3177e+05
8.2762e+05
8.2344e+05
8.1923e+05
8.15e+05
8.1075e+05
8.0647e+05
8.0217e+05
7.9784e+05
7.935e+05
7.8914e+05
7.8476e+05
7.8036e+05
7.7595e+05
7.7151e+05
7.6707e+05
7.6261e+05
7.5814e+05
7.5366e+05
7.4916e+05
7.4466e+05
7.4015e+05
7.3563e+05
7.311e+05
7.2657e+05
7.2203e+05
7.1748e+05
7.1294e+05
7.0839e+05
7.0384e+05
6.9929e+05
6.9474e+05
6.9019e+05
6.8565e+05
6.811e+05
6.7656e+05
6.7203e+05
6.675e+05
6.6298e+05
6.5846e+05
6.5395e+05
6.4946e+05
6.4497e+05
6.4049e+05
6.3603e+05
6.3157e+05
6.2713e+05
6.227e+05
6.1829e+05
6.139e+05
6.0951e+05
6.0515e+05
6.0081e+05
5.9648e+05
5.9217e+05
5.8788e+05
5.8361e+05
5.7937e+05
5.7514e+05
5.7094e+05
5.6676e+05
5.6261e+05
5.5848e+05
5.5438e+05
5.503e+05
5.4625e+05
5.4223e+05
5.3823e+05
5.3426e+05
5.3033e+05
5.2642e+05
5.2254e+05
5.1869e+05
5.1488e+05
5.111e+05
5.0735e+05
5.0363e+05
4.9995e+05
4.963e+05
4.9269e+05
4.8911e+05
4.8556e+05
4.8206e+05
4.7859e+05
4.7516e+05
4.7176e+05
4.6841e+05
4.6509e+05
4.6181e+05
4.5857e+05
4.5537e+05
4.5221e+05
4.4909e+05
4.4601e+05
4.4298e+05
4.3998e+05
4.3703e+05
4.3412e+05
4.3125e+05
4.2843e+05
4.2565e+05
4.2291e+05
4.2022e+05
4.1757e+05
4.1497e+05
4.1241e+05
4.0989e+05
4.0742e+05
4.05e+05
4.0262e+05
4.0029e+05
3.9801e+05
3.9577e+05
3.9357e+05
3.9143e+05
3.8933e+05
3.8728e+05
3.8528e+05
3.8332e+05
3.8141e+05
3.7955e+05
3.7773e+05
3.7597e+05
3.7425e+05
3.7258e+05
3.7096e+05
3.6938e+05
3.6786e+05
3.6638e+05
3.6495e+05
3.6357e+05
3.6224e+05
3.6095e+05
3.5972e+05
3.5853e+05
3.5739e+05
3.563e+05
3.5526e+05
3.5426e+05
3.5332e+05
3.5242e+05
3.5157e+05
3.5077e+05
3.5001e+05
3.4931e+05
3.4865e+05
3.4804e+05
3.4747e+05
3.4696e+05
3.4649e+05
3.4606e+05
3.4569e+05
3.4536e+05
3.4508e+05
3.4484e+05
3.4465e+05
3.4451e+05
3.4441e+05
3.4436e+05
3.4436e+05
3.4439e+05
3.4448e+05
3.4461e+05
3.4478e+05
3.45e+05
3.4526e+05
3.4557e+05
3.4591e+05
3.4631e+05
3.4674e+05
3.4722e+05
3.4774e+05
3.483e+05
3.4891e+05
3.4955e+05
3.5024e+05
3.5097e+05
3.5173e+05
3.5254e+05
3.5339e+05
3.5428e+05
3.552e+05
3.5617e+05
3.5717e+05
3.5822e+05
3.5929e+05
3.6041e+05
3.6157e+05
3.6276e+05
3.6398e+05
3.6525e+05
3.6654e+05
3.6788e+05
3.6924e+05
3.7064e+05
3.7208e+05
3.7355e+05
3.7505e+05
3.7658e+05
3.7815e+05
3.7975e+05
3.8138e+05
3.8304e+05
3.8473e+05
3.8645e+05
3.8819e+05
3.8997e+05
3.9178e+05
3.9361e+05
3.9547e+05
3.9736e+05
3.9928e+05
4.0122e+05
4.0319e+05
4.0518e+05
4.072e+05
4.0924e+05
4.113e+05
4.1339e+05
4.155e+05
4.1764e+05
4.1979e+05
4.2197e+05
4.2416e+05
4.2638e+05
4.2862e+05
4.3087e+05
4.3315e+05
4.3544e+05
4.3775e+05
4.4008e+05
4.4243e+05
4.4479e+05
4.4717e+05
4.4956e+05
4.5197e+05
4.5439e+05
4.5682e+05
4.5927e+05
4.6173e+05
4.6421e+05
4.6669e+05
4.6919e+05
4.7169e+05
4.7421e+05
4.7674e+05
4.7927e+05
4.8182e+05
4.8437e+05
4.8693e+05
4.895e+05
4.9207e+05
4.9465e+05
4.9724e+05
4.9983e+05
5.0243e+05
5.0503e+05
5.0763e+05
5.1024e+05
5.1285e+05
5.1546e+05
5.1807e+05
5.2068e+05
5.233e+05
5.2591e+05
5.2853e+05
5.3114e+05
5.3376e+05
5.3637e+05
5.3898e+05
5.4158e+05
5.4419e+05
5.4679e+05
5.4938e+05
5.5197e+05
5.5456e+05
5.5714e+05
5.5971e+05
5.6228e+05
5.6484e+05
5.674e+05
5.6994e+05
5.7248e+05
5.7501e+05
5.7753e+05
5.8004e+05
5.8254e+05
5.8503e+05
5.8751e+05
5.8998e+05
5.9244e+05
5.9488e+05
5.9732e+05
5.9974e+05
6.0214e+05
6.0454e+05
6.0692e+05
6.0928e+05
6.1163e+05
6.1397e+05
6.1629e+05
6.1859e+05
6.2088e+05
6.2315e+05
6.254e+05
6.2764e+05
6.2985e+05
6.3205e+05
6.3424e+05
6.364e+05
6.3854e+05
6.4067e+05
6.4277e+05
6.4485e+05
6.4692e+05
6.4896e+05
6.5098e+05
6.5298e+05
6.5496e+05
6.5692e+05
6.5885e+05
6.6076e+05
6.6265e+05
6.6452e+05
6.6636e+05
6.6818e+05
6.6997e+05
6.7174e+05
6.7348e+05
6.7521e+05
6.769e+05
6.7857e+05
6.8021e+05
6.8183e+05
6.8343e+05
6.8499e+05
6.8653e+05
6.8804e+05
6.8953e+05
6.9099e+05
6.9242e+05
6.9382e+05
6.952e+05
6.9655e+05
6.9787e+05
6.9916e+05
7.0042e+05
7.0166e+05
7.0286e+05
7.0404e+05
7.0519e+05
7.063e+05
7.0739e+05
7.0845e+05
7.0948e+05
7.1048e+05
7.1145e+05
7.1239e+05
7.1329e+05
7.1417e+05
7.1502e+05
7.1584e+05
7.1662e+05
7.1738e+05
7.181e+05
7.1879e+05
7.1945e+05
7.2008e+05
7.2068e+05
7.2125e+05
7.2179e+05
7.2229e+05
7.2276e+05
7.2321e+05
7.2362e+05
7.2399e+05
7.2434e+05
7.2465e+05
7.2494e+05
7.2519e+05
7.254e+05
7.2559e+05
7.2574e+05
7.2587e+05
7.2596e+05
7.2601e+05
7.2604e+05
7.2603e+05
7.26e+05
7.2593e+05
7.2582e+05
7.2569e+05
7.2552e+05
7.2533e+05
7.251e+05
7.2483e+05
7.2454e+05
7.2421e+05
7.2386e+05
7.2347e+05
7.2305e+05
7.226e+05
7.2211e+05
7.216e+05
7.2105e+05
7.2047e+05
7.1986e+05
7.1922e+05
7.1855e+05
7.1784e+05
7.1711e+05
7.1635e+05
7.1555e+05
7.1472e+05
7.1387e+05
7.1298e+05
7.1206e+05
7.1111e+05
7.1013e+05
7.0913e+05
7.0809e+05
7.0702e+05
7.0592e+05
7.0479e+05
7.0364e+05
7.0245e+05
7.0123e+05
6.9999e+05
6.9872e+05
6.9741e+05
6.9608e+05
6.9472e+05
6.9334e+05
6.9192e+05
6.9048e+05
6.89e+05
6.875e+05
6.8598e+05
6.8442e+05
6.8284e+05
6.8123e+05
6.796e+05
6.7794e+05
6.7625e+05
6.7453e+05
6.7279e+05
6.7102e+05
6.6923e+05
6.6741e+05
6.6557e+05
6.637e+05
6.6181e+05
6.5989e+05
6.5795e+05
6.5598e+05
6.5399e+05
6.5197e+05
6.4993e+05
6.4787e+05
6.4578e+05
6.4367e+05
6.4154e+05
6.3938e+05
6.3721e+05
6.3501e+05
6.3278e+05
6.3054e+05
6.2827e+05
6.2598e+05
6.2368e+05
6.2135e+05
6.19e+05
6.1662e+05
6.1423e+05
6.1182e+05
6.0939e+05
6.0694e+05
6.0447e+05
6.0198e+05
5.9947e+05
5.9694e+05
5.944e+05
5.9183e+05
5.8925e+05
5.8665e+05
5.8404e+05
5.814e+05
5.7875e+05
5.7608e+05
5.734e+05
5.7069e+05
5.6798e+05
5.6524e+05
5.6249e+05
5.5973e+05
5.5695e+05
5.5416e+05
5.5135e+05
5.4852e+05
5.4569e+05
5.4283e+05
5.3997e+05
5.3709e+05
5.342e+05
5.3129e+05
5.2838e+05
5.2545e+05
5.2251e+05
5.1955e+05
5.1659e+05
5.1361e+05
5.1062e+05
5.0762e+05
5.0461e+05
5.0159e+05
4.9856e+05
4.9552e+05
4.9247e+05
4.8941e+05
4.8634e+05
4.8326e+05
4.8018e+05
4.7708e+05
4.7398e+05
4.7086e+05
4.6775e+05
4.6462e+05
4.6148e+05
4.5834e+05
4.5519e+05
4.5204e+05
4.4888e+05
4.4571e+05
4.4254e+05
4.3936e+05
4.3617e+05
4.3299e+05
4.2979e+05
4.2659e+05
4.2339e+05
4.2018e+05
4.1697e+05
4.1375e+05
4.1054e+05
4.0731e+05
4.0409e+05
4.0086e+05
3.9763e+05
3.944e+05
3.9116e+05
3.8792e+05
3.8469e+05
3.8145e+05
3.782e+05
3.7496e+05
3.7172e+05
3.6847e+05
3.6523e+05
3.6199e+05
3.5874e+05
3.555e+05
3.5225e+05
3.4901e+05
3.4577e+05
3.4253e+05
3.3929e+05
3.3605e+05
3.3281e+05
3.2958e+05
3.2635e+05
3.2312e+05
3.1989e+05
3.1667e+05
3.1345e+05
3.1023e+05
3.0701e+05
3.038e+05
3.0059e+05
2.9739e+05
2.9419e+05
2.91e+05
2.8781e+05
2.8462e+05
2.8144e+05
2.7826e+05
2.7509e+05
2.7193e+05
2.6877e+05
2.6562e+05
2.6247e+05
2.5933e+05
2.5619e+05
2.5307e+05
2.4994e+05
2.4683e+05
2.4372e+05
2.4062e+05
2.3753e+05
2.3444e+05
2.3137e+05
2.283e+05
2.2523e+05
2.2218e+05
2.1914e+05
2.161e+05
2.1307e+05
2.1005e+05
2.0704e+05
2.0404e+05
2.0105e+05
1.9807e+05
1.9509e+05
1.9213e+05
1.8918e+05
1.8623e+05
1.833e+05
1.8038e+05
1.7746e+05
1.7456e+05
1.7167e+05
1.6879e+05
1.6592e+05
1.6306e+05
1.6022e+05
1.5738e+05
1.5456e+05
1.5174e+05
1.4894e+05
1.4615e+05
1.4337e+05
1.4061e+05
1.3786e+05
1.3511e+05
1.3239e+05
1.2967e+05
1.2697e+05
1.2427e+05
1.216e+05
1.1893e+05
1.1628e+05
1.1364e+05
1.1101e+05
1.084e+05
1.058e+05
1.0321e+05
1.0064e+05
98082
95537
93006
90488
87984
85495
83019
80558
78111
75678
73260
70856
68466
66092
63732
61386
59056
56740
54439
52153
49883
47627
45386
43161
40951
38756
36576
34412
32263
30129
28011
25909
23822
21750
19695
17654
15630
13621
11628
9650.4
7688.8
5742.9
3812.8
1898.5
0
