1.2683e+05
1.2906e+05
1.3134e+05
1.3366e+05
1.3602e+05
1.3841e+05
1.4085e+05
1.4331e+05
1.4581e+05
1.4834e+05
1.509e+05
1.5349e+05
1.5611e+05
1.5875e+05
1.6141e+05
1.641e+05
1.668e+05
1.6953e+05
1.7227e+05
1.7502e+05
1.7778e+05
1.8056e+05
1.8335e+05
1.8614e+05
1.8893e+05
1.9173e+05
1.9454e+05
1.9734e+05
2.0014e+05
2.0293e+05
2.0572e+05
2.085e+05
2.1127e+05
2.1403e+05
2.1678e+05
2.1951e+05
2.2223e+05
2.2493e+05
2.2761e+05
2.3027e+05
2.329e+05
2.3552e+05
2.381e+05
2.4066e+05
2.4319e+05
2.4569e+05
2.4816e+05
2.506e+05
2.5301e+05
2.5538e+05
2.5771e+05
2.6001e+05
2.6227e+05
2.6449e+05
2.6667e+05
2.6881e+05
2.7091e+05
2.7297e+05
2.7499e+05
2.7696e+05
2.7889e+05
2.8078e+05
2.8262e+05
2.8442e+05
2.8617e+05
2.8787e+05
2.8953e+05
2.9115e+05
2.9272e+05
2.9424e+05
2.9572e+05
2.9715e+05
2.9854e+05
2.9988e+05
3.0117e+05
3.0242e+05
3.0363e+05
3.0479e+05
3.0591e+05
3.0698e+05
3.0801e+05
3.09e+05
3.0995e+05
3.1086e+05
3.1173e+05
3.1255e+05
3.1334e+05
3.1409e+05
3.148e+05
3.1548e+05
3.1612e+05
3.1672e+05
3.1729e+05
3.1783e+05
3.1834e+05
3.1881e+05
3.1925e+05
3.1967e+05
3.2005e+05
3.2041e+05
3.2074e+05
3.2104e+05
3.2132e+05
3.2158e+05
3.2181e+05
3.2202e+05
3.2221e+05
3.2237e+05
3.2252e+05
3.2265e+05
3.2276e+05
3.2285e+05
3.2292e+05
3.2298e+05
3.2302e+05
3.2305e+05
3.2306e+05
3.2306e+05
3.2305e+05
3.2302e+05
3.2298e+05
3.2293e+05
3.2287e+05
3.228e+05
3.2271e+05
3.2262e+05
3.2251e+05
3.2239e+05
3.2227e+05
3.2213e+05
3.2198e+05
3.2183e+05
3.2166e+05
3.2148e+05
3.213e+05
3.211e+05
3.2089e+05
3.2067e+05
3.2044e+05
3.2019e+05
3.1994e+05
3.1967e+05
3.1939e+05
3.1909e+05
3.1878e+05
3.1846e+05
3.1812e+05
3.1776e+05
3.1739e+05
3.17e+05
3.166e+05
3.1617e+05
3.1573e+05
3.1526e+05
3.1477e+05
3.1427e+05
3.1373e+05
3.1318e+05
3.126e+05
3.12e+05
3.1137e+05
3.1071e+05
3.1003e+05
3.0932e+05
3.0857e+05
3.078e+05
3.07e+05
3.0617e+05
3.053e+05
3.044e+05
3.0347e+05
3.025e+05
3.015e+05
3.0046e+05
2.9939e+05
2.9828e+05
2.9713e+05
2.9595e+05
2.9472e+05
2.9346e+05
2.9216e+05
2.9082e+05
2.8943e+05
2.8801e+05
2.8655e+05
2.8505e+05
2.8351e+05
2.8193e+05
2.8031e+05
2.7865e+05
2.7695e+05
2.7521e+05
2.7343e+05
2.7161e+05
2.6975e+05
2.6785e+05
2.6592e+05
2.6395e+05
2.6194e+05
2.599e+05
2.5782e+05
2.557e+05
2.5356e+05
2.5138e+05
2.4917e+05
2.4692e+05
2.4465e+05
2.4235e+05
2.4002e+05
2.3767e+05
2.3529e+05
2.3288e+05
2.3045e+05
2.2801e+05
2.2554e+05
2.2305e+05
2.2055e+05
2.1803e+05
2.155e+05
2.1295e+05
2.104e+05
2.0783e+05
2.0526e+05
2.0268e+05
2.001e+05
1.9751e+05
1.9492e+05
1.9234e+05
1.8975e+05
1.8717e+05
1.8459e+05
1.8202e+05
1.7946e+05
1.7691e+05
1.7437e+05
1.7184e+05
1.6933e+05
1.6683e+05
1.6436e+05
1.619e+05
1.5946e+05
1.5704e+05
1.5464e+05
1.5227e+05
1.4993e+05
1.4761e+05
1.4531e+05
1.4305e+05
1.4082e+05
1.3861e+05
1.3644e+05
1.343e+05
1.322e+05
1.3013e+05
1.2809e+05
1.2608e+05
1.2411e+05
1.2218e+05
1.2029e+05
1.1843e+05
1.166e+05
1.1481e+05
1.1306e+05
1.1135e+05
1.0967e+05
1.0803e+05
1.0643e+05
1.0486e+05
1.0333e+05
1.0183e+05
1.0037e+05
98936
97540
96177
94846
93545
92275
91034
89822
88636
87477
86343
85233
84145
83079
82032
81005
79995
79001
78021
77055
76101
75157
74222
73295
72374
71457
70544
69633
68722
67811
66897
65980
65059
64132
63197
62255
61303
60342
59369
58384
57387
56375
55350
54310
53255
52184
51097
49993
48874
47738
46585
45416
44232
43031
41816
40586
39342
38086
36817
35537
34247
32949
31643
30332
29016
27698
26380
25063
23750
22442
21142
19853
18577
17316
16074
14852
13655
12485
11346
10240
9170.1
8140.8
7155.1
6216.5
5328.7
4495.4
3720.1
3006.9
2359.4
1781.6
1277.3
850.69
505.6
246.09
76.206
0
21.534
144.87
374.07
713.19
1166.2
1737.3
2430.2
3249
4197.7
5279.9
6499.6
7860.5
9366.2
11020
12827
14788
16908
19191
21638
24254
27040
30001
33138
36454
39951
43632
47499
51554
55797
60233
64860
69682
74698
79910
85319
90924
96727
1.0273e+05
1.0893e+05
1.1532e+05
1.2191e+05
1.287e+05
1.3569e+05
1.4287e+05
1.5024e+05
1.578e+05
1.6555e+05
1.7349e+05
1.8162e+05
1.8993e+05
1.9842e+05
2.0709e+05
2.1594e+05
2.2495e+05
2.3414e+05
2.4349e+05
2.53e+05
2.6267e+05
2.7249e+05
2.8246e+05
2.9258e+05
3.0283e+05
3.1322e+05
3.2374e+05
3.3438e+05
3.4515e+05
3.5602e+05
3.67e+05
3.7808e+05
3.8926e+05
4.0053e+05
4.1188e+05
4.233e+05
4.3479e+05
4.4635e+05
4.5796e+05
4.6962e+05
4.8132e+05
4.9305e+05
5.0481e+05
5.1659e+05
5.2838e+05
5.4017e+05
5.5196e+05
5.6374e+05
5.755e+05
5.8723e+05
5.9892e+05
6.1058e+05
6.2218e+05
6.3372e+05
6.452e+05
6.566e+05
6.6792e+05
6.7915e+05
6.9029e+05
7.0131e+05
7.1223e+05
7.2302e+05
7.3368e+05
7.4421e+05
7.5459e+05
7.6482e+05
7.749e+05
7.8481e+05
7.9454e+05
8.041e+05
8.1347e+05
8.2264e+05
8.3162e+05
8.4039e+05
8.4895e+05
8.5729e+05
8.6541e+05
8.733e+05
8.8095e+05
8.8836e+05
8.9552e+05
9.0244e+05
9.091e+05
9.1549e+05
9.2162e+05
9.2749e+05
9.3308e+05
9.3839e+05
9.4342e+05
9.4817e+05
9.5263e+05
9.568e+05
9.6068e+05
9.6426e+05
9.6755e+05
9.7054e+05
9.7322e+05
9.7561e+05
9.7769e+05
9.7947e+05
9.8094e+05
9.8211e+05
9.8297e+05
9.8353e+05
9.8378e+05
9.8372e+05
9.8336e+05
9.827e+05
9.8174e+05
9.8048e+05
9.7891e+05
9.7705e+05
9.749e+05
9.7245e+05
9.6972e+05
9.667e+05
9.6339e+05
9.598e+05
9.5594e+05
9.518e+05
9.4739e+05
9.4271e+05
9.3778e+05
9.3258e+05
9.2714e+05
9.2144e+05
9.1551e+05
9.0933e+05
9.0292e+05
8.9629e+05
8.8943e+05
8.8236e+05
8.7507e+05
8.6759e+05
8.599e+05
8.5202e+05
8.4395e+05
8.3571e+05
8.2729e+05
8.187e+05
8.0995e+05
8.0105e+05
7.92e+05
7.8281e+05
7.7349e+05
7.6404e+05
7.5446e+05
7.4478e+05
7.3499e+05
7.251e+05
7.1512e+05
7.0505e+05
6.949e+05
6.8469e+05
6.744e+05
6.6406e+05
6.5367e+05
6.4323e+05
6.3276e+05
6.2225e+05
6.1172e+05
6.0118e+05
5.9062e+05
5.8005e+05
5.6949e+05
5.5894e+05
5.4839e+05
5.3787e+05
5.2738e+05
5.1691e+05
5.0649e+05
4.9611e+05
4.8577e+05
4.7549e+05
4.6527e+05
4.5512e+05
4.4503e+05
4.3502e+05
4.2508e+05
4.1523e+05
4.0547e+05
3.958e+05
3.8623e+05
3.7676e+05
3.6739e+05
3.5814e+05
3.4899e+05
3.3996e+05
3.3104e+05
3.2225e+05
3.1359e+05
3.0505e+05
2.9664e+05
2.8836e+05
2.8022e+05
2.7221e+05
2.6434e+05
2.5662e+05
2.4903e+05
2.4159e+05
2.343e+05
2.2715e+05
2.2015e+05
2.1329e+05
2.0659e+05
2.0003e+05
1.9363e+05
1.8737e+05
1.8127e+05
1.7532e+05
1.6951e+05
1.6386e+05
1.5836e+05
1.5301e+05
1.478e+05
1.4275e+05
1.3784e+05
1.3307e+05
1.2846e+05
1.2398e+05
1.1965e+05
1.1546e+05
1.1141e+05
1.075e+05
1.0373e+05
1.0009e+05
96578
93202
89956
86836
83841
80969
78217
75584
73067
70663
68369
66185
64106
62131
60256
58480
56799
55211
53714
52304
50978
49735
48572
47485
46472
45530
44657
43851
43107
42424
41800
41231
40715
40250
39832
39460
39131
38843
38593
38379
38199
38051
37931
37840
37773
37729
37706
37703
37717
37746
37789
37844
37910
37984
38065
38152
38243
38337
38432
38528
38622
38715
38804
38889
38969
39042
39109
39167
39217
39257
39288
39307
39315
39312
39296
39268
39226
39171
39102
39019
38922
38811
38685
38545
38390
38220
38036
37837
37623
37395
37153
36897
36626
36342
36045
35734
35410
35073
34724
34363
33990
33606
33211
32805
32390
31964
31529
31085
30632
30171
29703
29227
