9.8378e+05
9.7993e+05
9.7602e+05
9.7202e+05
9.6796e+05
9.6382e+05
9.5961e+05
9.5533e+05
9.5099e+05
9.4657e+05
9.4209e+05
9.3755e+05
9.3294e+05
9.2827e+05
9.2354e+05
9.1875e+05
9.1391e+05
9.09e+05
9.0404e+05
8.9902e+05
8.9396e+05
8.8884e+05
8.8366e+05
8.7844e+05
8.7318e+05
8.6786e+05
8.625e+05
8.5709e+05
8.5164e+05
8.4615e+05
8.4062e+05
8.3504e+05
8.2943e+05
8.2378e+05
8.181e+05
8.1238e+05
8.0663e+05
8.0084e+05
7.9503e+05
7.8918e+05
7.8331e+05
7.774e+05
7.7147e+05
7.6552e+05
7.5954e+05
7.5353e+05
7.4751e+05
7.4146e+05
7.354e+05
7.2932e+05
7.2321e+05
7.171e+05
7.1096e+05
7.0482e+05
6.9866e+05
6.9248e+05
6.863e+05
6.8011e+05
6.7391e+05
6.677e+05
6.6148e+05
6.5526e+05
6.4903e+05
6.428e+05
6.3657e+05
6.3033e+05
6.2409e+05
6.1786e+05
6.1162e+05
6.0539e+05
5.9916e+05
5.9294e+05
5.8672e+05
5.805e+05
5.7429e+05
5.6809e+05
5.619e+05
5.5572e+05
5.4955e+05
5.4339e+05
5.3724e+05
5.3111e+05
5.2499e+05
5.1888e+05
5.1279e+05
5.0671e+05
5.0066e+05
4.9462e+05
4.8859e+05
4.8259e+05
4.7661e+05
4.7065e+05
4.6471e+05
4.5879e+05
4.529e+05
4.4703e+05
4.4118e+05
4.3536e+05
4.2957e+05
4.238e+05
4.1806e+05
4.1235e+05
4.0667e+05
4.0101e+05
3.9539e+05
3.8979e+05
3.8423e+05
3.787e+05
3.732e+05
3.6773e+05
3.623e+05
3.569e+05
3.5153e+05
3.462e+05
3.4091e+05
3.3565e+05
3.3042e+05
3.2524e+05
3.2009e+05
3.1498e+05
3.0991e+05
3.0488e+05
2.9988e+05
2.9493e+05
2.9002e+05
2.8515e+05
2.8031e+05
2.7552e+05
2.7078e+05
2.6607e+05
2.6141e+05
2.5679e+05
2.5221e+05
2.4768e+05
2.4319e+05
2.3874e+05
2.3434e+05
2.2999e+05
2.2568e+05
2.2141e+05
2.1719e+05
2.1302e+05
2.0889e+05
2.0481e+05
2.0078e+05
1.9679e+05
1.9285e+05
1.8896e+05
1.8512e+05
1.8132e+05
1.7758e+05
1.7388e+05
1.7023e+05
1.6662e+05
1.6307e+05
1.5957e+05
1.5611e+05
1.5271e+05
1.4935e+05
1.4604e+05
1.4278e+05
1.3958e+05
1.3642e+05
1.3331e+05
1.3025e+05
1.2724e+05
1.2429e+05
1.2138e+05
1.1852e+05
1.1571e+05
1.1296e+05
1.1025e+05
1.0759e+05
1.0498e+05
1.0243e+05
99922
97466
95061
92706
90401
88146
85941
83786
81681
79627
77622
75666
73761
71905
70098
68341
66633
64974
63364
61804
60291
58828
57413
56046
54727
53456
52233
51058
49930
48849
47815
46828
45888
44994
44146
43344
42588
41877
41212
40592
40016
39485
38998
38556
38157
37801
37489
37219
36992
36808
36665
36565
36505
36487
36510
36573
36677
36820
37003
37225
37486
37786
38124
38500
38913
39364
39851
40375
40935
41531
42163
42829
43531
44266
45036
45839
46675
47544
48446
49379
50345
51342
52369
53427
54516
55634
56781
57957
59162
60395
61656
62944
64259
65600
66968
68361
69779
71223
72691
74183
75698
77237
78799
80383
81989
83616
85265
86934
88624
90333
92062
93810
95577
97362
99164
1.0098e+05
1.0282e+05
1.0467e+05
1.0654e+05
1.0843e+05
1.1033e+05
1.1224e+05
1.1417e+05
1.1612e+05
1.1807e+05
1.2005e+05
1.2203e+05
1.2402e+05
1.2603e+05
1.2805e+05
1.3008e+05
1.3212e+05
1.3417e+05
1.3623e+05
1.383e+05
1.4038e+05
1.4247e+05
1.4457e+05
1.4667e+05
1.4878e+05
1.509e+05
1.5302e+05
1.5516e+05
1.5729e+05
1.5943e+05
1.6158e+05
1.6373e+05
1.6589e+05
1.6805e+05
1.7021e+05
1.7238e+05
1.7455e+05
1.7672e+05
1.789e+05
1.8107e+05
1.8325e+05
1.8543e+05
1.876e+05
1.8978e+05
1.9196e+05
1.9414e+05
1.9631e+05
1.9849e+05
2.0066e+05
2.0283e+05
2.05e+05
2.0717e+05
2.0933e+05
2.1149e+05
2.1364e+05
2.1579e+05
2.1794e+05
2.2008e+05
2.2222e+05
2.2435e+05
2.2647e+05
2.2859e+05
2.3071e+05
2.3281e+05
2.3491e+05
2.37e+05
2.3909e+05
2.4116e+05
2.4323e+05
2.4529e+05
2.4734e+05
2.4938e+05
2.5141e+05
2.5343e+05
2.5544e+05
2.5745e+05
2.5944e+05
2.6142e+05
2.6338e+05
2.6534e+05
2.6729e+05
2.6922e+05
2.7114e+05
2.7305e+05
2.7494e+05
2.7683e+05
2.787e+05
2.8055e+05
2.8239e+05
2.8422e+05
2.8604e+05
2.8784e+05
2.8962e+05
2.9139e+05
2.9315e+05
2.9489e+05
2.9661e+05
2.9832e+05
3.0001e+05
3.0169e+05
3.0335e+05
3.0499e+05
3.0662e+05
3.0823e+05
3.0982e+05
3.114e+05
3.1296e+05
3.145e+05
3.1602e+05
3.1753e+05
3.1901e+05
3.2048e+05
3.2193e+05
3.2336e+05
3.2478e+05
3.2617e+05
3.2754e+05
3.289e+05
3.3024e+05
3.3155e+05
3.3285e+05
3.3413e+05
3.3539e+05
3.3662e+05
3.3784e+05
3.3904e+05
3.4022e+05
3.4137e+05
3.4251e+05
3.4363e+05
3.4472e+05
3.458e+05
3.4685e+05
3.4788e+05
3.4889e+05
3.4988e+05
3.5085e+05
3.518e+05
3.5273e+05
3.5363e+05
3.5452e+05
3.5538e+05
3.5622e+05
3.5704e+05
3.5784e+05
3.5861e+05
3.5937e+05
3.601e+05
3.6081e+05
3.615e+05
3.6217e+05
3.6281e+05
3.6343e+05
3.6403e+05
3.6461e+05
3.6517e+05
3.657e+05
3.6622e+05
3.6671e+05
3.6718e+05
3.6762e+05
3.6805e+05
3.6845e+05
3.6883e+05
3.6919e+05
3.6953e+05
3.6984e+05
3.7013e+05
3.704e+05
3.7065e+05
3.7088e+05
3.7108e+05
3.7127e+05
3.7143e+05
3.7157e+05
3.7168e+05
3.7178e+05
3.7185e+05
3.7191e+05
3.7194e+05
3.7195e+05
3.7193e+05
3.719e+05
3.7185e+05
3.7177e+05
3.7167e+05
3.7156e+05
3.7142e+05
3.7126e+05
3.7107e+05
3.7087e+05
3.7065e+05
3.7041e+05
3.7014e+05
3.6986e+05
3.6955e+05
3.6923e+05
3.6888e+05
3.6851e+05
3.6813e+05
3.6772e+05
3.673e+05
3.6685e+05
3.6638e+05
3.659e+05
3.6539e+05
3.6487e+05
3.6433e+05
3.6376e+05
3.6318e+05
3.6258e+05
3.6196e+05
3.6132e+05
3.6067e+05
3.5999e+05
3.593e+05
3.5858e+05
3.5785e+05
3.5711e+05
3.5634e+05
3.5556e+05
3.5475e+05
3.5393e+05
3.531e+05
3.5224e+05
3.5137e+05
3.5049e+05
3.4958e+05
3.4866e+05
3.4772e+05
3.4677e+05
3.458e+05
3.4481e+05
3.4381e+05
3.4279e+05
3.4175e+05
3.407e+05
3.3964e+05
3.3856e+05
3.3746e+05
3.3635e+05
3.3522e+05
3.3408e+05
3.3293e+05
3.3176e+05
3.3057e+05
3.2938e+05
3.2816e+05
3.2694e+05
3.257e+05
3.2445e+05
3.2318e+05
3.219e+05
3.2061e+05
3.193e+05
3.1799e+05
3.1666e+05
3.1531e+05
3.1396e+05
3.1259e+05
3.1121e+05
3.0982e+05
3.0842e+05
3.0701e+05
3.0558e+05
3.0415e+05
3.027e+05
3.0124e+05
2.9977e+05
2.9829e+05
2.968e+05
2.953e+05
2.9379e+05
2.9228e+05
2.9075e+05
2.8921e+05
2.8766e+05
2.861e+05
2.8454e+05
2.8296e+05
2.8138e+05
2.7979e+05
2.7819e+05
2.7658e+05
2.7496e+05
2.7334e+05
2.7171e+05
2.7007e+05
2.6842e+05
2.6676e+05
2.651e+05
2.6343e+05
2.6176e+05
2.6008e+05
2.5839e+05
2.567e+05
2.5499e+05
2.5329e+05
2.5158e+05
2.4986e+05
2.4813e+05
2.464e+05
2.4467e+05
2.4293e+05
2.4119e+05
2.3944e+05
2.3769e+05
2.3593e+05
2.3417e+05
2.324e+05
2.3063e+05
2.2886e+05
2.2708e+05
2.253e+05
2.2351e+05
2.2173e+05
2.1993e+05
2.1814e+05
2.1634e+05
2.1455e+05
2.1274e+05
2.1094e+05
2.0913e+05
2.0733e+05
2.0552e+05
2.037e+05
2.0189e+05
2.0008e+05
1.9826e+05
1.9644e+05
1.9462e+05
1.9281e+05
1.9099e+05
1.8916e+05
1.8734e+05
1.8552e+05
1.837e+05
1.8188e+05
1.8006e+05
1.7823e+05
1.7641e+05
1.7459e+05
1.7277e+05
1.7095e+05
1.6913e+05
1.6731e+05
1.655e+05
1.6368e+05
1.6187e+05
1.6005e+05
1.5824e+05
1.5643e+05
1.5462e+05
1.5282e+05
1.5101e+05
1.4921e+05
1.4741e+05
1.4561e+05
1.4382e+05
1.4202e+05
1.4023e+05
1.3845e+05
1.3666e+05
1.3488e+05
1.331e+05
1.3133e+05
1.2956e+05
1.2779e+05
1.2602e+05
1.2426e+05
1.225e+05
1.2075e+05
1.19e+05
1.1726e+05
1.1552e+05
1.1378e+05
1.1205e+05
1.1032e+05
1.0859e+05
1.0688e+05
1.0516e+05
1.0345e+05
1.0175e+05
1.0005e+05
98354
96664
94980
93301
91628
89960
88298
86641
84991
83346
81706
80073
78446
76825
75210
73601
71999
70403
68814
67231
65655
64085
62522
60966
59417
57874
56339
54811
53290
51775
50269
48769
47277
45792
44314
42844
41382
39927
38479
37040
35608
34183
32767
31358
29958
28565
27180
25803
24435
23074
21721
20377
19041
17713
16393
15082
13778
12484
11197
9919.1
8649.5
7388.3
6135.6
4891.4
3655.7
2428.6
1210
0
