10154
12933
15910
19080
22440
25985
29710
33609
37678
41909
46296
50833
55511
60324
65264
70323
75492
80764
86128
91578
97102
1.0269e+05
1.0834e+05
1.1404e+05
1.1977e+05
1.2554e+05
1.3132e+05
1.3711e+05
1.4291e+05
1.4869e+05
1.5446e+05
1.602e+05
1.659e+05
1.7156e+05
1.7716e+05
1.8271e+05
1.8818e+05
1.9357e+05
1.9887e+05
2.0408e+05
2.0918e+05
2.1418e+05
2.1906e+05
2.2381e+05
2.2843e+05
2.3292e+05
2.3726e+05
2.4146e+05
2.4551e+05
2.4939e+05
2.5312e+05
2.5668e+05
2.6007e+05
2.6328e+05
2.6632e+05
2.6919e+05
2.7187e+05
2.7437e+05
2.7668e+05
2.7882e+05
2.8076e+05
2.8252e+05
2.841e+05
2.8549e+05
2.8669e+05
2.8772e+05
2.8856e+05
2.8922e+05
2.897e+05
2.9001e+05
2.9015e+05
2.9012e+05
2.8992e+05
2.8956e+05
2.8904e+05
2.8837e+05
2.8755e+05
2.8658e+05
2.8548e+05
2.8424e+05
2.8287e+05
2.8137e+05
2.7976e+05
2.7804e+05
2.762e+05
2.7427e+05
2.7225e+05
2.7014e+05
2.6794e+05
2.6567e+05
2.6333e+05
2.6093e+05
2.5848e+05
2.5598e+05
2.5343e+05
2.5085e+05
2.4824e+05
2.4561e+05
2.4296e+05
2.403e+05
2.3764e+05
2.3499e+05
2.3234e+05
2.2971e+05
2.271e+05
2.2451e+05
2.2196e+05
2.1945e+05
2.1698e+05
2.1456e+05
2.122e+05
2.0989e+05
2.0764e+05
2.0547e+05
2.0336e+05
2.0133e+05
1.9938e+05
1.9751e+05
1.9573e+05
1.9404e+05
1.9244e+05
1.9094e+05
1.8953e+05
1.8821e+05
1.87e+05
1.859e+05
1.8489e+05
1.8399e+05
1.8319e+05
1.825e+05
1.8192e+05
1.8144e+05
1.8106e+05
1.8079e+05
1.8062e+05
1.8056e+05
1.806e+05
1.8073e+05
1.8097e+05
1.813e+05
1.8172e+05
1.8224e+05
1.8284e+05
1.8353e+05
1.8431e+05
1.8516e+05
1.8609e+05
1.8709e+05
1.8816e+05
1.893e+05
1.905e+05
1.9175e+05
1.9306e+05
1.9441e+05
1.9581e+05
1.9725e+05
1.9873e+05
2.0023e+05
2.0176e+05
2.0331e+05
2.0488e+05
2.0645e+05
2.0804e+05
2.0962e+05
2.112e+05
2.1278e+05
2.1434e+05
2.1588e+05
2.174e+05
2.1889e+05
2.2036e+05
2.2178e+05
2.2317e+05
2.2452e+05
2.2581e+05
2.2706e+05
2.2824e+05
2.2937e+05
2.3044e+05
2.3144e+05
2.3237e+05
2.3323e+05
2.3401e+05
2.3472e+05
2.3534e+05
2.3589e+05
2.3634e+05
2.3672e+05
2.37e+05
2.3719e+05
2.373e+05
2.3731e+05
2.3723e+05
2.3706e+05
2.3679e+05
2.3643e+05
2.3597e+05
2.3542e+05
2.3478e+05
2.3404e+05
2.3321e+05
2.3229e+05
2.3128e+05
2.3018e+05
2.2899e+05
2.2771e+05
2.2635e+05
2.2491e+05
2.2338e+05
2.2178e+05
2.201e+05
2.1835e+05
2.1652e+05
2.1462e+05
2.1266e+05
2.1063e+05
2.0854e+05
2.0639e+05
2.0418e+05
2.0192e+05
1.9961e+05
1.9726e+05
1.9485e+05
1.9241e+05
1.8992e+05
1.874e+05
1.8485e+05
1.8226e+05
1.7965e+05
1.7701e+05
1.7435e+05
1.7167e+05
1.6897e+05
1.6626e+05
1.6353e+05
1.6079e+05
1.5805e+05
1.553e+05
1.5254e+05
1.4979e+05
1.4703e+05
1.4427e+05
1.4152e+05
1.3877e+05
1.3603e+05
1.333e+05
1.3057e+05
1.2786e+05
1.2516e+05
1.2247e+05
1.1979e+05
1.1713e+05
1.1448e+05
1.1185e+05
1.0923e+05
1.0663e+05
1.0405e+05
1.0149e+05
98945
96418
93911
91423
88954
86505
84076
81667
79279
76911
74564
72239
69934
67652
65391
63153
60937
58744
56576
54431
52311
50216
48148
46106
44092
42106
40150
38225
36330
34469
32641
30848
29091
27372
25692
24052
22454
20899
19389
17925
16508
15141
13824
12559
11348
10192
9092.4
8050.2
7067.1
6144.1
5282.4
4483.2
3747.3
3075.7
2469.1
1928.1
1453.4
1045.3
704.05
429.82
222.56
82.091
8.0751
0
57.186
178.78
363.75
610.88
918.79
1285.9
1710.5
2190.5
2724
3308.5
3941.7
4620.9
5343.3
6105.9
6905.6
7739.1
8603
9493.9
10408
11342
12291
13252
14220
15192
16164
17131
18089
19034
19962
20868
21749
22601
23419
24201
24941
25637
26286
26883
27426
27912
28339
28704
29005
29241
29409
29508
29538
29499
29389
29209
28959
28641
28256
27805
27291
26716
26082
25395
24656
23870
23043
22178
21282
20361
19420
18466
17507
16550
15602
14673
13770
12902
12079
11310
10605
9973.6
9426.4
8973.6
8626
8394.2
8289.3
8322.3
8504.2
8846.2
9359.5
10055
10944
12038
13348
14883
16656
18676
20954
23500
26322
29431
32836
36545
40566
44907
49576
54578
59921
65610
71649
78045
84799
91916
99397
1.0725e+05
1.1546e+05
1.2405e+05
1.33e+05
1.4232e+05
1.5201e+05
1.6205e+05
1.7246e+05
1.8322e+05
1.9433e+05
2.0579e+05
2.1759e+05
2.2971e+05
2.4216e+05
2.5492e+05
2.6799e+05
2.8135e+05
2.9499e+05
3.089e+05
3.2308e+05
3.3749e+05
3.5214e+05
3.6701e+05
3.8208e+05
3.9733e+05
4.1276e+05
4.2834e+05
4.4405e+05
4.5988e+05
4.7582e+05
4.9183e+05
5.079e+05
5.2402e+05
5.4016e+05
5.563e+05
5.7242e+05
5.8851e+05
6.0453e+05
6.2048e+05
6.3633e+05
6.5205e+05
6.6763e+05
6.8305e+05
6.9829e+05
7.1332e+05
7.2812e+05
7.4268e+05
7.5697e+05
7.7098e+05
7.8469e+05
7.9807e+05
8.1111e+05
8.2379e+05
8.3609e+05
8.4799e+05
8.5949e+05
8.7056e+05
8.8118e+05
8.9135e+05
9.0104e+05
9.1025e+05
9.1896e+05
9.2716e+05
9.3484e+05
9.4199e+05
9.486e+05
9.5466e+05
9.6016e+05
9.651e+05
9.6947e+05
9.7327e+05
9.7648e+05
9.7911e+05
9.8116e+05
9.8262e+05
9.8349e+05
9.8378e+05
9.8348e+05
9.8259e+05
9.8113e+05
9.7908e+05
9.7647e+05
9.7328e+05
9.6954e+05
9.6524e+05
9.604e+05
9.5502e+05
9.4912e+05
9.4269e+05
9.3576e+05
9.2834e+05
9.2043e+05
9.1206e+05
9.0322e+05
8.9395e+05
8.8425e+05
8.7414e+05
8.6363e+05
8.5275e+05
8.4149e+05
8.299e+05
8.1797e+05
8.0573e+05
7.9319e+05
7.8038e+05
7.6732e+05
7.5401e+05
7.4048e+05
7.2674e+05
7.1283e+05
6.9874e+05
6.8451e+05
6.7015e+05
6.5569e+05
6.4112e+05
6.2649e+05
6.118e+05
5.9707e+05
5.8232e+05
5.6756e+05
5.5282e+05
5.3811e+05
5.2345e+05
5.0885e+05
4.9432e+05
4.7989e+05
4.6556e+05
4.5136e+05
4.3729e+05
4.2337e+05
4.096e+05
3.9601e+05
3.826e+05
3.6939e+05
3.5638e+05
3.4359e+05
3.3102e+05
3.1868e+05
3.0659e+05
2.9474e+05
2.8314e+05
2.7181e+05
2.6074e+05
2.4995e+05
2.3943e+05
2.2919e+05
2.1923e+05
2.0956e+05
2.0018e+05
1.9109e+05
1.8228e+05
1.7377e+05
1.6555e+05
1.5763e+05
1.4999e+05
1.4264e+05
1.3557e+05
1.2879e+05
1.223e+05
1.1608e+05
1.1013e+05
1.0446e+05
99051
93906
89018
84382
79992
75843
71929
68243
64779
61532
58493
55656
53015
50562
48290
46192
44261
42490
40870
39396
38060
36855
35773
34808
33952
33200
32544
31977
31494
31087
30751
30480
30268
30108
29997
29928
29896
29896
29924
29976
30046
30132
30228
30332
30440
30549
30656
30758
30852
30936
31009
31067
31110
31135
31141
31128
31093
31037
30958
30856
30730
30581
30407
30210
29989
29745
29477
29187
28875
28541
28187
27813
27420
27008
26580
26136
25677
25204
24718
24221
23714
23197
22673
22142
21605
21064
20520
19974
19427
18880
18335
17792
17252
16717
16187
15663
15146
14637
14136
13645
13163
12692
12232
11783
11347
10922
10511
10112
9726.2
9353.9
8995
8649.7
8317.9
7999.7
7695
7403.6
7125.6
6860.5
6608.4
6368.8
6141.5
5926.2
5722.5
5530.1
5348.5
5177.3
5016
4864.2
4721.4
4587.1
4460.7
4341.7
4229.7
4123.9
4024
3929.2
3839.2
3753.2
3670.8
3591.4
3514.4
3439.4
3365.7
3292.9
3220.4
3147.7
3074.5
3000.1
2924.2
