6.8489e+05
6.8619e+05
6.8737e+05
6.8844e+05
6.894e+05
6.9024e+05
6.9097e+05
6.916e+05
6.9211e+05
6.9252e+05
6.9282e+05
6.9301e+05
6.931e+05
6.9308e+05
6.9297e+05
6.9275e+05
6.9243e+05
6.9202e+05
6.9151e+05
6.909e+05
6.902e+05
6.894e+05
6.8852e+05
6.8755e+05
6.8649e+05
6.8534e+05
6.8411e+05
6.828e+05
6.8141e+05
6.7993e+05
6.7839e+05
6.7676e+05
6.7506e+05
6.7329e+05
6.7145e+05
6.6954e+05
6.6757e+05
6.6553e+05
6.6343e+05
6.6126e+05
6.5904e+05
6.5676e+05
6.5443e+05
6.5204e+05
6.496e+05
6.471e+05
6.4457e+05
6.4198e+05
6.3935e+05
6.3668e+05
6.3396e+05
6.3121e+05
6.2842e+05
6.256e+05
6.2274e+05
6.1984e+05
6.1692e+05
6.1397e+05
6.1099e+05
6.0798e+05
6.0496e+05
6.0191e+05
5.9883e+05
5.9574e+05
5.9263e+05
5.8951e+05
5.8637e+05
5.8321e+05
5.8005e+05
5.7687e+05
5.7369e+05
5.7049e+05
5.6729e+05
5.6409e+05
5.6088e+05
5.5766e+05
5.5445e+05
5.5124e+05
5.4802e+05
5.4481e+05
5.416e+05
5.3839e+05
5.3519e+05
5.3199e+05
5.288e+05
5.2561e+05
5.2244e+05
5.1927e+05
5.1611e+05
5.1297e+05
5.0983e+05
5.0671e+05
5.0359e+05
5.0049e+05
4.9741e+05
4.9434e+05
4.9128e+05
4.8824e+05
4.8521e+05
4.822e+05
4.792e+05
4.7622e+05
4.7326e+05
4.7031e+05
4.6738e+05
4.6447e+05
4.6158e+05
4.587e+05
4.5584e+05
4.53e+05
4.5018e+05
4.4737e+05
4.4459e+05
4.4182e+05
4.3907e+05
4.3633e+05
4.3362e+05
4.3092e+05
4.2824e+05
4.2557e+05
4.2293e+05
4.203e+05
4.1768e+05
4.1509e+05
4.125e+05
4.0994e+05
4.0739e+05
4.0485e+05
4.0233e+05
3.9983e+05
3.9733e+05
3.9486e+05
3.9239e+05
3.8994e+05
3.875e+05
3.8507e+05
3.8265e+05
3.8025e+05
3.7785e+05
3.7547e+05
3.7309e+05
3.7073e+05
3.6837e+05
3.6602e+05
3.6368e+05
3.6135e+05
3.5902e+05
3.5671e+05
3.5439e+05
3.5208e+05
3.4978e+05
3.4748e+05
3.4519e+05
3.429e+05
3.4061e+05
3.3832e+05
3.3604e+05
3.3376e+05
3.3148e+05
3.292e+05
3.2692e+05
3.2465e+05
3.2237e+05
3.2009e+05
3.1781e+05
3.1553e+05
3.1325e+05
3.1097e+05
3.0868e+05
3.0639e+05
3.041e+05
3.0181e+05
2.9951e+05
2.9721e+05
2.9491e+05
2.926e+05
2.9029e+05
2.8798e+05
2.8566e+05
2.8334e+05
2.8101e+05
2.7868e+05
2.7635e+05
2.7401e+05
2.7166e+05
2.6931e+05
2.6696e+05
2.6461e+05
2.6225e+05
2.5988e+05
2.5752e+05
2.5515e+05
2.5277e+05
2.504e+05
2.4802e+05
2.4564e+05
2.4326e+05
2.4087e+05
2.3848e+05
2.361e+05
2.3371e+05
2.3132e+05
2.2894e+05
2.2655e+05
2.2417e+05
2.2178e+05
2.194e+05
2.1703e+05
2.1465e+05
2.1229e+05
2.0992e+05
2.0756e+05
2.0521e+05
2.0287e+05
2.0053e+05
1.9821e+05
1.9589e+05
1.9358e+05
1.9128e+05
1.89e+05
1.8673e+05
1.8447e+05
1.8223e+05
1.8e+05
1.7779e+05
1.7559e+05
1.7342e+05
1.7126e+05
1.6913e+05
1.6701e+05
1.6492e+05
1.6285e+05
1.6081e+05
1.5879e+05
1.568e+05
1.5484e+05
1.5291e+05
1.51e+05
1.4913e+05
1.4729e+05
1.4549e+05
1.4372e+05
1.4198e+05
1.4028e+05
1.3862e+05
1.37e+05
1.3542e+05
1.3389e+05
1.3239e+05
1.3094e+05
1.2954e+05
1.2818e+05
1.2687e+05
1.256e+05
1.2439e+05
1.2323e+05
1.2212e+05
1.2107e+05
1.2007e+05
1.1913e+05
1.1824e+05
1.1741e+05
1.1664e+05
1.1593e+05
1.1529e+05
1.147e+05
1.1418e+05
1.1372e+05
1.1333e+05
1.1301e+05
1.1276e+05
1.1257e+05
1.1245e+05
1.1241e+05
1.1243e+05
1.1253e+05
1.1271e+05
1.1295e+05
1.1328e+05
1.1368e+05
1.1415e+05
1.1471e+05
1.1534e+05
1.1606e+05
1.1685e+05
1.1772e+05
1.1868e+05
1.1972e+05
1.2084e+05
1.2205e+05
1.2334e+05
1.2471e+05
1.2617e+05
1.2772e+05
1.2935e+05
1.3107e+05
1.3287e+05
1.3477e+05
1.3675e+05
1.3881e+05
1.4097e+05
1.4322e+05
1.4555e+05
1.4798e+05
1.5049e+05
1.5309e+05
1.5578e+05
1.5856e+05
1.6143e+05
1.6439e+05
1.6744e+05
1.7057e+05
1.738e+05
1.7712e+05
1.8052e+05
1.8401e+05
1.8759e+05
1.9126e+05
1.9501e+05
1.9885e+05
2.0278e+05
2.068e+05
2.109e+05
2.1508e+05
2.1935e+05
2.237e+05
2.2814e+05
2.3266e+05
2.3726e+05
2.4194e+05
2.467e+05
2.5154e+05
2.5646e+05
2.6145e+05
2.6653e+05
2.7167e+05
2.769e+05
2.8219e+05
2.8756e+05
2.93e+05
2.9851e+05
3.0409e+05
3.0974e+05
3.1546e+05
3.2124e+05
3.2708e+05
3.3299e+05
3.3896e+05
3.4499e+05
3.5107e+05
3.5722e+05
3.6342e+05
3.6967e+05
3.7598e+05
3.8234e+05
3.8875e+05
3.9521e+05
4.0171e+05
4.0826e+05
4.1485e+05
4.2148e+05
4.2815e+05
4.3486e+05
4.4161e+05
4.4839e+05
4.552e+05
4.6204e+05
4.6892e+05
4.7582e+05
4.8274e+05
4.8969e+05
4.9666e+05
5.0365e+05
5.1066e+05
5.1769e+05
5.2472e+05
5.3177e+05
5.3883e+05
5.459e+05
5.5298e+05
5.6005e+05
5.6713e+05
5.7421e+05
5.8129e+05
5.8836e+05
5.9543e+05
6.0249e+05
6.0954e+05
6.1658e+05
6.236e+05
6.3061e+05
6.376e+05
6.4457e+05
6.5152e+05
6.5844e+05
6.6534e+05
6.7221e+05
6.7905e+05
6.8585e+05
6.9262e+05
6.9936e+05
7.0606e+05
7.1272e+05
7.1933e+05
7.2591e+05
7.3243e+05
7.3891e+05
7.4534e+05
7.5172e+05
7.5804e+05
7.6431e+05
7.7052e+05
7.7667e+05
7.8277e+05
7.888e+05
7.9476e+05
8.0066e+05
8.0649e+05
8.1225e+05
8.1795e+05
8.2356e+05
8.2911e+05
8.3457e+05
8.3997e+05
8.4528e+05
8.5051e+05
8.5565e+05
8.6072e+05
8.657e+05
8.7059e+05
8.7539e+05
8.8011e+05
8.8473e+05
8.8926e+05
8.937e+05
8.9805e+05
9.0229e+05
9.0644e+05
9.105e+05
9.1445e+05
9.183e+05
9.2205e+05
9.257e+05
9.2925e+05
9.3269e+05
9.3602e+05
9.3925e+05
9.4237e+05
9.4538e+05
9.4828e+05
9.5108e+05
9.5376e+05
9.5633e+05
9.5879e+05
9.6114e+05
9.6337e+05
9.6549e+05
9.675e+05
9.6939e+05
9.7116e+05
9.7282e+05
9.7437e+05
9.7579e+05
9.7711e+05
9.783e+05
9.7938e+05
9.8034e+05
9.8118e+05
9.819e+05
9.8251e+05
9.83e+05
9.8337e+05
9.8362e+05
9.8376e+05
9.8378e+05
9.8368e+05
9.8346e+05
9.8313e+05
9.8267e+05
9.8211e+05
9.8142e+05
9.8062e+05
9.797e+05
9.7867e+05
9.7752e+05
9.7626e+05
9.7489e+05
9.734e+05
9.718e+05
9.7008e+05
9.6826e+05
9.6632e+05
9.6427e+05
9.6212e+05
9.5985e+05
9.5748e+05
9.5499e+05
9.5241e+05
9.4971e+05
9.4691e+05
9.4401e+05
9.4101e+05
9.379e+05
9.3469e+05
9.3139e+05
9.2798e+05
9.2447e+05
9.2087e+05
9.1718e+05
9.1338e+05
9.095e+05
9.0552e+05
9.0146e+05
8.973e+05
8.9305e+05
8.8872e+05
8.843e+05
8.798e+05
8.7521e+05
8.7055e+05
8.658e+05
8.6097e+05
8.5607e+05
8.5108e+05
8.4603e+05
8.409e+05
8.357e+05
8.3043e+05
8.2508e+05
8.1968e+05
8.142e+05
8.0866e+05
8.0306e+05
7.974e+05
7.9167e+05
7.8589e+05
7.8006e+05
7.7416e+05
7.6822e+05
7.6222e+05
7.5617e+05
7.5007e+05
7.4393e+05
7.3774e+05
7.315e+05
7.2523e+05
7.1891e+05
7.1255e+05
7.0616e+05
6.9973e+05
6.9327e+05
6.8677e+05
6.8025e+05
6.7369e+05
6.671e+05
6.605e+05
6.5386e+05
6.472e+05
6.4053e+05
6.3383e+05
6.2711e+05
6.2038e+05
6.1363e+05
6.0687e+05
6.001e+05
5.9332e+05
5.8652e+05
5.7973e+05
5.7292e+05
5.6612e+05
5.5931e+05
5.5249e+05
5.4568e+05
5.3888e+05
5.3207e+05
5.2527e+05
5.1848e+05
5.1169e+05
5.0492e+05
4.9815e+05
4.914e+05
4.8466e+05
4.7793e+05
4.7123e+05
4.6454e+05
4.5786e+05
4.5121e+05
4.4458e+05
4.3797e+05
4.3139e+05
4.2483e+05
4.183e+05
4.118e+05
4.0532e+05
3.9888e+05
3.9246e+05
3.8608e+05
3.7973e+05
3.7342e+05
3.6714e+05
3.609e+05
3.5469e+05
3.4853e+05
3.424e+05
3.3632e+05
3.3028e+05
3.2428e+05
3.1832e+05
3.1241e+05
3.0654e+05
3.0072e+05
2.9494e+05
2.8921e+05
2.8354e+05
2.7791e+05
2.7233e+05
2.668e+05
2.6132e+05
2.5589e+05
2.5052e+05
2.452e+05
2.3994e+05
2.3472e+05
2.2957e+05
2.2447e+05
2.1942e+05
2.1443e+05
2.095e+05
2.0463e+05
1.9981e+05
1.9506e+05
1.9036e+05
1.8572e+05
1.8114e+05
1.7661e+05
1.7215e+05
1.6775e+05
1.6341e+05
1.5913e+05
1.5491e+05
1.5076e+05
1.4666e+05
1.4263e+05
1.3865e+05
1.3474e+05
1.3089e+05
1.271e+05
1.2338e+05
1.1971e+05
1.1611e+05
1.1257e+05
1.0909e+05
1.0568e+05
1.0232e+05
99027
95795
92624
89515
86466
83479
80552
77686
74880
72134
69447
66821
64253
61744
59294
56902
54567
52290
50071
47907
45800
43749
41754
39813
37926
36094
34315
32589
30916
29294
27724
26205
24736
23317
21947
20626
19353
18127
16948
15815
14728
13686
12688
11734
10823
9953.9
9126.8
8340.8
7595.1
6889.2
6222.3
5593.7
5002.8
4448.8
3931.2
3449.1
3001.9
2588.9
2209.3
1862.6
1547.9
1264.5
1011.8
789.07
595.55
430.56
293.38
183.31
99.647
41.675
8.6939
0
14.892
52.671
112.64
194.11
296.37
418.76
560.58
721.14
899.78
1095.8
1308.6
1537.4
1781.6
2040.6
2313.7
2600.2
