1.9228e+05
1.971e+05
2.0191e+05
2.0671e+05
2.115e+05
2.1626e+05
2.21e+05
2.2571e+05
2.3037e+05
2.35e+05
2.3958e+05
2.441e+05
2.4856e+05
2.5296e+05
2.5729e+05
2.6155e+05
2.6573e+05
2.6982e+05
2.7384e+05
2.7776e+05
2.8159e+05
2.8533e+05
2.8896e+05
2.925e+05
2.9593e+05
2.9925e+05
3.0246e+05
3.0557e+05
3.0855e+05
3.1143e+05
3.1419e+05
3.1683e+05
3.1935e+05
3.2176e+05
3.2404e+05
3.2621e+05
3.2826e+05
3.3019e+05
3.32e+05
3.337e+05
3.3528e+05
3.3674e+05
3.3809e+05
3.3933e+05
3.4046e+05
3.4148e+05
3.4239e+05
3.432e+05
3.439e+05
3.4451e+05
3.4502e+05
3.4544e+05
3.4577e+05
3.4601e+05
3.4617e+05
3.4625e+05
3.4625e+05
3.4618e+05
3.4604e+05
3.4584e+05
3.4557e+05
3.4525e+05
3.4487e+05
3.4445e+05
3.4398e+05
3.4347e+05
3.4292e+05
3.4234e+05
3.4174e+05
3.4111e+05
3.4046e+05
3.398e+05
3.3912e+05
3.3844e+05
3.3775e+05
3.3707e+05
3.3639e+05
3.3572e+05
3.3506e+05
3.3442e+05
3.338e+05
3.332e+05
3.3263e+05
3.321e+05
3.3159e+05
3.3112e+05
3.3069e+05
3.303e+05
3.2996e+05
3.2967e+05
3.2942e+05
3.2923e+05
3.2909e+05
3.2901e+05
3.2898e+05
3.2902e+05
3.2911e+05
3.2927e+05
3.2949e+05
3.2977e+05
3.3012e+05
3.3053e+05
3.3101e+05
3.3155e+05
3.3216e+05
3.3283e+05
3.3357e+05
3.3437e+05
3.3524e+05
3.3617e+05
3.3716e+05
3.3821e+05
3.3932e+05
3.4049e+05
3.4171e+05
3.4299e+05
3.4432e+05
3.457e+05
3.4714e+05
3.4861e+05
3.5013e+05
3.5169e+05
3.5329e+05
3.5493e+05
3.566e+05
3.5829e+05
3.6002e+05
3.6177e+05
3.6354e+05
3.6533e+05
3.6713e+05
3.6894e+05
3.7076e+05
3.7258e+05
3.7441e+05
3.7623e+05
3.7804e+05
3.7985e+05
3.8164e+05
3.8342e+05
3.8518e+05
3.8691e+05
3.8861e+05
3.9029e+05
3.9193e+05
3.9354e+05
3.951e+05
3.9662e+05
3.981e+05
3.9952e+05
4.009e+05
4.0221e+05
4.0347e+05
4.0467e+05
4.0581e+05
4.0688e+05
4.0788e+05
4.0881e+05
4.0966e+05
4.1045e+05
4.1115e+05
4.1178e+05
4.1232e+05
4.1279e+05
4.1317e+05
4.1346e+05
4.1367e+05
4.1379e+05
4.1382e+05
4.1377e+05
4.1362e+05
4.1338e+05
4.1306e+05
4.1264e+05
4.1213e+05
4.1153e+05
4.1084e+05
4.1005e+05
4.0918e+05
4.0822e+05
4.0717e+05
4.0603e+05
4.048e+05
4.0348e+05
4.0208e+05
4.006e+05
3.9903e+05
3.9738e+05
3.9565e+05
3.9385e+05
3.9196e+05
3.9e+05
3.8797e+05
3.8587e+05
3.837e+05
3.8146e+05
3.7915e+05
3.7679e+05
3.7436e+05
3.7188e+05
3.6934e+05
3.6674e+05
3.641e+05
3.6141e+05
3.5867e+05
3.5589e+05
3.5307e+05
3.5021e+05
3.4732e+05
3.4439e+05
3.4144e+05
3.3845e+05
3.3544e+05
3.3241e+05
3.2936e+05
3.2629e+05
3.2321e+05
3.2011e+05
3.17e+05
3.1389e+05
3.1076e+05
3.0764e+05
3.0451e+05
3.0139e+05
2.9826e+05
2.9514e+05
2.9203e+05
2.8892e+05
2.8583e+05
2.8275e+05
2.7968e+05
2.7662e+05
2.7358e+05
2.7056e+05
2.6756e+05
2.6457e+05
2.6161e+05
2.5867e+05
2.5575e+05
2.5286e+05
2.4998e+05
2.4714e+05
2.4432e+05
2.4152e+05
2.3875e+05
2.3601e+05
2.3329e+05
2.306e+05
2.2794e+05
2.253e+05
2.2269e+05
2.201e+05
2.1754e+05
2.15e+05
2.1249e+05
2.1e+05
2.0754e+05
2.051e+05
2.0268e+05
2.0028e+05
1.979e+05
1.9554e+05
1.932e+05
1.9087e+05
1.8857e+05
1.8627e+05
1.8399e+05
1.8173e+05
1.7947e+05
1.7723e+05
1.7499e+05
1.7276e+05
1.7054e+05
1.6833e+05
1.6611e+05
1.6391e+05
1.617e+05
1.5949e+05
1.5728e+05
1.5507e+05
1.5286e+05
1.5065e+05
1.4842e+05
1.462e+05
1.4396e+05
1.4172e+05
1.3946e+05
1.372e+05
1.3493e+05
1.3264e+05
1.3035e+05
1.2804e+05
1.2572e+05
1.2338e+05
1.2103e+05
1.1867e+05
1.1629e+05
1.139e+05
1.1149e+05
1.0907e+05
1.0664e+05
1.0419e+05
1.0173e+05
99254
96768
94270
91762
89245
86719
84185
81645
79101
76553
74003
71454
68906
66361
63823
61292
58771
56262
53768
51291
48834
46399
43990
41609
39259
36943
34664
32426
30232
28084
25987
23944
21959
20034
18174
16382
14662
13018
11453
9971.2
8576.3
7272.2
6062.6
4951.4
3942.3
3039.2
2245.8
1566
1003.5
561.96
245.11
56.586
0
78.9
296.78
657.08
1163.2
1818.4
2625.8
3588.8
4710.2
5993.2
7440.4
9054.8
10839
12795
14927
17235
19723
22392
25244
28281
31505
34918
38520
42313
46298
50476
54847
59413
64173
69129
74280
79625
85166
90901
96830
1.0295e+05
1.0927e+05
1.1577e+05
1.2247e+05
1.2935e+05
1.3642e+05
1.4368e+05
1.5111e+05
1.5873e+05
1.6653e+05
1.7451e+05
1.8265e+05
1.9097e+05
1.9946e+05
2.0811e+05
2.1692e+05
2.2589e+05
2.3501e+05
2.4428e+05
2.537e+05
2.6326e+05
2.7296e+05
2.8279e+05
2.9275e+05
3.0284e+05
3.1304e+05
3.2335e+05
3.3378e+05
3.4431e+05
3.5494e+05
3.6566e+05
3.7646e+05
3.8735e+05
3.9832e+05
4.0935e+05
4.2045e+05
4.316e+05
4.4281e+05
4.5406e+05
4.6535e+05
4.7667e+05
4.8802e+05
4.9939e+05
5.1077e+05
5.2216e+05
5.3354e+05
5.4492e+05
5.5628e+05
5.6763e+05
5.7894e+05
5.9022e+05
6.0146e+05
6.1266e+05
6.2379e+05
6.3487e+05
6.4587e+05
6.5681e+05
6.6766e+05
6.7842e+05
6.8909e+05
6.9965e+05
7.1011e+05
7.2045e+05
7.3067e+05
7.4077e+05
7.5073e+05
7.6055e+05
7.7022e+05
7.7975e+05
7.8911e+05
7.9831e+05
8.0735e+05
8.162e+05
8.2488e+05
8.3338e+05
8.4168e+05
8.4978e+05
8.5769e+05
8.6539e+05
8.7288e+05
8.8016e+05
8.8721e+05
8.9405e+05
9.0066e+05
9.0703e+05
9.1317e+05
9.1908e+05
9.2474e+05
9.3015e+05
9.3532e+05
9.4024e+05
9.4491e+05
9.4932e+05
9.5347e+05
9.5736e+05
9.6099e+05
9.6435e+05
9.6745e+05
9.7029e+05
9.7285e+05
9.7515e+05
9.7717e+05
9.7893e+05
9.8041e+05
9.8163e+05
9.8257e+05
9.8324e+05
9.8365e+05
9.8378e+05
9.8364e+05
9.8323e+05
9.8256e+05
9.8162e+05
9.8041e+05
9.7895e+05
9.7722e+05
9.7523e+05
9.7298e+05
9.7048e+05
9.6773e+05
9.6473e+05
9.6148e+05
9.5798e+05
9.5425e+05
9.5027e+05
9.4606e+05
9.4162e+05
9.3696e+05
9.3207e+05
9.2696e+05
9.2163e+05
9.1609e+05
9.1035e+05
9.044e+05
8.9825e+05
8.9191e+05
8.8538e+05
8.7866e+05
8.7177e+05
8.647e+05
8.5746e+05
8.5006e+05
8.425e+05
8.3478e+05
8.2692e+05
8.1891e+05
8.1076e+05
8.0248e+05
7.9408e+05
7.8555e+05
7.769e+05
7.6815e+05
7.5929e+05
7.5033e+05
7.4128e+05
7.3214e+05
7.2292e+05
7.1362e+05
7.0425e+05
6.9482e+05
6.8532e+05
6.7577e+05
6.6618e+05
6.5654e+05
6.4686e+05
6.3715e+05
6.2741e+05
6.1766e+05
6.0788e+05
5.981e+05
5.8831e+05
5.7852e+05
5.6874e+05
5.5897e+05
5.4921e+05
5.3947e+05
5.2976e+05
5.2007e+05
5.1042e+05
5.0081e+05
4.9124e+05
4.8172e+05
4.7225e+05
4.6284e+05
4.5349e+05
4.442e+05
4.3498e+05
4.2583e+05
4.1676e+05
4.0777e+05
3.9886e+05
3.9003e+05
3.813e+05
3.7265e+05
3.6411e+05
3.5566e+05
3.4731e+05
3.3907e+05
3.3093e+05
3.229e+05
3.1499e+05
3.0718e+05
2.995e+05
2.9193e+05
2.8447e+05
2.7714e+05
2.6994e+05
2.6285e+05
2.559e+05
2.4907e+05
2.4236e+05
2.3579e+05
2.2935e+05
2.2303e+05
2.1685e+05
2.108e+05
2.0489e+05
1.991e+05
1.9345e+05
1.8793e+05
1.8255e+05
1.773e+05
1.7218e+05
1.6719e+05
1.6234e+05
1.5762e+05
1.5303e+05
1.4857e+05
1.4424e+05
1.4004e+05
1.3597e+05
1.3203e+05
1.2821e+05
1.2452e+05
1.2095e+05
1.1751e+05
1.1418e+05
1.1098e+05
1.079e+05
1.0493e+05
1.0207e+05
99334
96706
94188
91778
89475
87276
85179
83183
81285
79483
77776
76160
74635
73197
71844
70575
69386
68276
67242
66283
65395
64576
63825
63138
62514
61950
61444
60994
60597
60251
59954
59703
59496
59332
59208
59121
59070
59052
59066
59110
59181
59277
59397
59538
59699
59877
60072
60281
60502
60734
60976
61225
61479
61739
62001
62265
62529
62792
63053
63310
63561
63807
64046
64277
64498
64709
64909
65097
65272
65434
65581
65713
65829
65929
66013
66079
66127
66156
66167
66159
66132
66085
66019
65932
65825
65698
65551
65383
65195
64986
64757
64508
64238
63949
63640
63311
62963
62596
62210
61806
61383
60943
60485
60010
59518
59011
58487
57948
57395
56827
56245
