98231
1.0321e+05
1.0844e+05
1.139e+05
1.1959e+05
1.255e+05
1.3162e+05
1.3794e+05
1.4444e+05
1.5112e+05
1.5796e+05
1.6494e+05
1.7205e+05
1.7928e+05
1.8661e+05
1.9402e+05
2.0149e+05
2.0902e+05
2.1657e+05
2.2413e+05
2.3169e+05
2.3923e+05
2.4672e+05
2.5414e+05
2.6149e+05
2.6874e+05
2.7588e+05
2.8288e+05
2.8973e+05
2.9641e+05
3.029e+05
3.092e+05
3.1527e+05
3.2111e+05
3.2671e+05
3.3205e+05
3.3711e+05
3.4189e+05
3.4637e+05
3.5054e+05
3.544e+05
3.5792e+05
3.6112e+05
3.6397e+05
3.6648e+05
3.6863e+05
3.7043e+05
3.7187e+05
3.7294e+05
3.7365e+05
3.74e+05
3.7399e+05
3.7361e+05
3.7288e+05
3.7179e+05
3.7035e+05
3.6856e+05
3.6643e+05
3.6397e+05
3.6119e+05
3.5808e+05
3.5467e+05
3.5096e+05
3.4695e+05
3.4267e+05
3.3812e+05
3.3332e+05
3.2827e+05
3.2299e+05
3.1749e+05
3.1179e+05
3.059e+05
2.9983e+05
2.9359e+05
2.872e+05
2.8068e+05
2.7404e+05
2.6729e+05
2.6044e+05
2.5352e+05
2.4653e+05
2.3948e+05
2.3241e+05
2.253e+05
2.1819e+05
2.1107e+05
2.0397e+05
1.969e+05
1.8987e+05
1.8289e+05
1.7597e+05
1.6913e+05
1.6237e+05
1.557e+05
1.4914e+05
1.427e+05
1.3638e+05
1.3019e+05
1.2414e+05
1.1823e+05
1.1249e+05
1.0691e+05
1.0149e+05
96254
91196
86325
81646
77162
72878
68797
64924
61260
57809
54572
51552
48750
46167
43803
41660
39738
38035
36553
35290
34245
33416
32802
32402
32212
32230
32454
32880
33506
34326
35339
36539
37922
39483
41218
43122
45188
47413
49789
52311
54973
57767
60689
63729
66883
70142
73500
76948
80479
84086
87761
91496
95282
99113
1.0298e+05
1.0687e+05
1.1079e+05
1.1471e+05
1.1864e+05
1.2257e+05
1.2648e+05
1.3038e+05
1.3424e+05
1.3807e+05
1.4186e+05
1.456e+05
1.4929e+05
1.5291e+05
1.5646e+05
1.5993e+05
1.6332e+05
1.6663e+05
1.6984e+05
1.7295e+05
1.7596e+05
1.7886e+05
1.8165e+05
1.8433e+05
1.8688e+05
1.8931e+05
1.9162e+05
1.9379e+05
1.9584e+05
1.9775e+05
1.9954e+05
2.0118e+05
2.0269e+05
2.0406e+05
2.053e+05
2.064e+05
2.0737e+05
2.082e+05
2.0889e+05
2.0945e+05
2.0989e+05
2.1019e+05
2.1036e+05
2.1041e+05
2.1033e+05
2.1013e+05
2.0981e+05
2.0938e+05
2.0883e+05
2.0817e+05
2.0741e+05
2.0653e+05
2.0556e+05
2.0449e+05
2.0332e+05
2.0205e+05
2.007e+05
1.9926e+05
1.9773e+05
1.9613e+05
1.9444e+05
1.9268e+05
1.9084e+05
1.8893e+05
1.8695e+05
1.8491e+05
1.828e+05
1.8063e+05
1.784e+05
1.7611e+05
1.7377e+05
1.7137e+05
1.6892e+05
1.6642e+05
1.6388e+05
1.6128e+05
1.5865e+05
1.5597e+05
1.5325e+05
1.5049e+05
1.477e+05
1.4487e+05
1.4201e+05
1.3912e+05
1.3621e+05
1.3327e+05
1.303e+05
1.2732e+05
1.2431e+05
1.213e+05
1.1827e+05
1.1523e+05
1.1219e+05
1.0914e+05
1.061e+05
1.0306e+05
1.0003e+05
97008
94004
91020
88059
85126
82224
79359
76532
73750
71015
68332
65705
63137
60632
58193
55825
53530
51311
49171
47112
45137
43248
41446
39733
38110
36577
35135
33784
32522
31351
30268
29272
28361
27532
26784
26113
25516
24990
24530
24132
23792
23505
23267
23072
22915
22790
22694
22619
22561
22514
22472
22432
22386
22331
22262
22174
22063
21925
21756
21553
21313
21035
20715
20352
19945
19494
18998
18458
17875
17249
16584
15880
15142
14372
13574
12752
11911
11055
10191
9322.9
8457.2
7599.9
6757.1
5935.3
5140.8
4380.2
3660
2986.6
2366.3
1805.3
1309.7
885.09
536.94
270.32
89.93
0
4.2976
106.07
308.01
612.21
1020.2
1532.7
2150
2871.6
3696.3
4622.1
5646.5
6766.1
7976.9
9274.3
10653
12106
13628
15211
16848
18529
20247
21992
23754
25523
27290
29044
30774
32471
34122
35719
37251
38707
40079
41357
42532
43595
44541
45360
46048
46600
47009
47275
47393
47362
47183
46857
46384
45770
45018
44135
43128
42004
40775
39450
38044
36568
35037
33469
31880
30287
28711
27172
25690
24288
22989
21814
20789
19938
19286
18857
18676
18769
19161
19876
20939
22375
24207
26458
29150
32304
35942
40081
44740
49937
55685
62000
68892
76373
84452
93136
1.0243e+05
1.1234e+05
1.2286e+05
1.3399e+05
1.4573e+05
1.5808e+05
1.7103e+05
1.8457e+05
1.9869e+05
2.1337e+05
2.286e+05
2.4436e+05
2.6063e+05
2.774e+05
2.9463e+05
3.123e+05
3.3039e+05
3.4887e+05
3.677e+05
3.8686e+05
4.0631e+05
4.2601e+05
4.4593e+05
4.6603e+05
4.8628e+05
5.0663e+05
5.2705e+05
5.4748e+05
5.6791e+05
5.8827e+05
6.0853e+05
6.2864e+05
6.4857e+05
6.6827e+05
6.877e+05
7.0682e+05
7.2559e+05
7.4396e+05
7.619e+05
7.7937e+05
7.9633e+05
8.1274e+05
8.2858e+05
8.4379e+05
8.5836e+05
8.7225e+05
8.8543e+05
8.9787e+05
9.0956e+05
9.2045e+05
9.3054e+05
9.3979e+05
9.482e+05
9.5575e+05
9.6241e+05
9.6819e+05
9.7307e+05
9.7704e+05
9.801e+05
9.8224e+05
9.8347e+05
9.8378e+05
9.8317e+05
9.8167e+05
9.7926e+05
9.7596e+05
9.7178e+05
9.6673e+05
9.6084e+05
9.5411e+05
9.4657e+05
9.3823e+05
9.2913e+05
9.1927e+05
9.0869e+05
8.9741e+05
8.8547e+05
8.7288e+05
8.5968e+05
8.459e+05
8.3157e+05
8.1673e+05
8.0141e+05
7.8563e+05
7.6944e+05
7.5287e+05
7.3595e+05
7.1872e+05
7.0122e+05
6.8347e+05
6.6552e+05
6.474e+05
6.2914e+05
6.1078e+05
5.9235e+05
5.7388e+05
5.5541e+05
5.3696e+05
5.1858e+05
5.0028e+05
4.821e+05
4.6407e+05
4.4621e+05
4.2855e+05
4.1112e+05
3.9394e+05
3.7702e+05
3.6041e+05
3.441e+05
3.2813e+05
3.1251e+05
2.9726e+05
2.8239e+05
2.6792e+05
2.5386e+05
2.4022e+05
2.2701e+05
2.1424e+05
2.0192e+05
1.9005e+05
1.7864e+05
1.677e+05
1.5721e+05
1.4719e+05
1.3764e+05
1.2855e+05
1.1992e+05
1.1176e+05
1.0404e+05
96780
89960
83576
77620
72083
66956
62229
57891
53930
50334
47091
44188
41611
39347
37381
35699
34287
33130
32212
31520
31039
30753
30648
30708
30921
31270
31743
32325
33003
33764
34595
35483
36416
37384
38374
39377
40381
41379
42360
43316
44239
45122
45958
46741
47465
48126
48718
49238
49683
50050
50336
50540
50660
50697
50650
50519
50305
50010
49634
49180
48651
48048
47376
46637
45836
44975
44060
43094
42082
41028
39938
38816
37666
36495
35306
34105
32896
31684
30474
29271
28079
26902
25744
24610
23503
22427
21385
20380
19415
18493
17615
16785
16004
15273
14593
13966
13392
12872
12406
11993
11633
11326
11070
10865
10709
10601
10538
10519
10542
10604
10703
10837
11002
11196
11415
11658
11921
12201
12495
12800
13113
13430
13750
14069
14384
14693
14993
15282
15556
15815
16055
16275
16474
16648
16798
16921
17017
17085
17124
17133
17112
17061
16979
16868
16727
16556
16357
16130
15877
15597
15293
14966
14617
14248
13860
13455
13035
12601
12156
11701
11238
10770
10298
9823.2
9348.6
8875.7
8406.3
7942.1
7484.7
7035.9
6597.1
6169.8
5755.4
