95346
99164
1.0306e+05
1.0702e+05
1.1104e+05
1.1512e+05
1.1926e+05
1.2344e+05
1.2766e+05
1.3192e+05
1.3622e+05
1.4053e+05
1.4487e+05
1.4922e+05
1.5358e+05
1.5795e+05
1.6231e+05
1.6666e+05
1.71e+05
1.7532e+05
1.7961e+05
1.8387e+05
1.881e+05
1.9228e+05
1.9642e+05
2.0051e+05
2.0454e+05
2.0851e+05
2.1241e+05
2.1625e+05
2.2001e+05
2.2369e+05
2.2728e+05
2.3079e+05
2.3421e+05
2.3754e+05
2.4077e+05
2.4389e+05
2.4692e+05
2.4984e+05
2.5265e+05
2.5534e+05
2.5793e+05
2.604e+05
2.6276e+05
2.6499e+05
2.6711e+05
2.6911e+05
2.7099e+05
2.7275e+05
2.7439e+05
2.7591e+05
2.773e+05
2.7858e+05
2.7973e+05
2.8077e+05
2.8169e+05
2.8249e+05
2.8318e+05
2.8376e+05
2.8422e+05
2.8458e+05
2.8482e+05
2.8497e+05
2.8501e+05
2.8495e+05
2.8479e+05
2.8454e+05
2.842e+05
2.8377e+05
2.8326e+05
2.8266e+05
2.8199e+05
2.8125e+05
2.8043e+05
2.7955e+05
2.786e+05
2.776e+05
2.7654e+05
2.7543e+05
2.7427e+05
2.7307e+05
2.7183e+05
2.7055e+05
2.6925e+05
2.6791e+05
2.6655e+05
2.6517e+05
2.6377e+05
2.6236e+05
2.6094e+05
2.5951e+05
2.5809e+05
2.5666e+05
2.5524e+05
2.5382e+05
2.5241e+05
2.5102e+05
2.4965e+05
2.4829e+05
2.4696e+05
2.4565e+05
2.4436e+05
2.431e+05
2.4188e+05
2.4069e+05
2.3953e+05
2.3841e+05
2.3732e+05
2.3628e+05
2.3527e+05
2.3431e+05
2.3339e+05
2.3251e+05
2.3168e+05
2.3089e+05
2.3015e+05
2.2945e+05
2.288e+05
2.2819e+05
2.2763e+05
2.2711e+05
2.2664e+05
2.2621e+05
2.2583e+05
2.2549e+05
2.2519e+05
2.2493e+05
2.2471e+05
2.2454e+05
2.244e+05
2.243e+05
2.2423e+05
2.242e+05
2.242e+05
2.2424e+05
2.243e+05
2.244e+05
2.2452e+05
2.2466e+05
2.2483e+05
2.2502e+05
2.2524e+05
2.2547e+05
2.2571e+05
2.2597e+05
2.2625e+05
2.2654e+05
2.2683e+05
2.2714e+05
2.2745e+05
2.2777e+05
2.2808e+05
2.284e+05
2.2872e+05
2.2904e+05
2.2935e+05
2.2966e+05
2.2996e+05
2.3026e+05
2.3054e+05
2.3081e+05
2.3107e+05
2.3132e+05
2.3155e+05
2.3176e+05
2.3196e+05
2.3214e+05
2.323e+05
2.3244e+05
2.3255e+05
2.3265e+05
2.3272e+05
2.3276e+05
2.3278e+05
2.3278e+05
2.3274e+05
2.3268e+05
2.3259e+05
2.3248e+05
2.3233e+05
2.3215e+05
2.3195e+05
2.3171e+05
2.3144e+05
2.3114e+05
2.308e+05
2.3044e+05
2.3004e+05
2.2961e+05
2.2914e+05
2.2864e+05
2.281e+05
2.2754e+05
2.2693e+05
2.2629e+05
2.2562e+05
2.2491e+05
2.2417e+05
2.2339e+05
2.2257e+05
2.2172e+05
2.2083e+05
2.1991e+05
2.1895e+05
2.1795e+05
2.1692e+05
2.1585e+05
2.1474e+05
2.136e+05
2.1242e+05
2.112e+05
2.0994e+05
2.0865e+05
2.0732e+05
2.0595e+05
2.0455e+05
2.0311e+05
2.0163e+05
2.0011e+05
1.9856e+05
1.9696e+05
1.9534e+05
1.9367e+05
1.9197e+05
1.9023e+05
1.8846e+05
1.8665e+05
1.848e+05
1.8292e+05
1.8101e+05
1.7906e+05
1.7707e+05
1.7506e+05
1.7301e+05
1.7093e+05
1.6881e+05
1.6667e+05
1.645e+05
1.623e+05
1.6007e+05
1.5781e+05
1.5553e+05
1.5322e+05
1.5089e+05
1.4853e+05
1.4616e+05
1.4376e+05
1.4135e+05
1.3892e+05
1.3647e+05
1.3401e+05
1.3154e+05
1.2906e+05
1.2656e+05
1.2407e+05
1.2156e+05
1.1905e+05
1.1655e+05
1.1404e+05
1.1153e+05
1.0903e+05
1.0654e+05
1.0406e+05
1.0158e+05
99123
96679
94252
91845
89461
87100
84766
82461
80187
77945
75739
73570
71440
69351
67305
65305
63351
61446
59592
57789
56040
54345
52707
51127
49605
48143
46741
45402
44124
42909
41757
40669
39644
38684
37787
36953
36183
35476
34830
34246
33722
33258
32852
32502
32209
31969
31781
31643
31554
31510
31511
31554
31636
31754
31907
32092
32305
32543
32805
33087
33385
33698
34021
34351
34687
35023
35357
35687
36008
36317
36613
36891
37148
37383
37591
37770
37918
38032
38110
38150
38148
38104
38016
37881
37699
37468
37186
36854
36471
36035
35547
35007
34414
33770
33074
32328
31534
30691
29803
28871
27897
26883
25833
24749
23635
22494
21329
20145
18946
17737
16521
15305
14092
12889
11702
10535
9395.3
8288.7
7221.5
6200.4
5231.9
4322.9
3480.4
2711.4
2023.1
1422.7
917.72
515.45
223.39
49.067
0
83.733
307.8
679.7
1206.9
1896.8
2756.8
3794.1
5015.9
6429.2
8040.8
9857.6
11886
14133
16604
19305
22242
25420
28846
32523
36456
40651
45110
49837
54837
60111
65664
71496
77610
84007
90690
97657
1.0491e+05
1.1245e+05
1.2027e+05
1.2838e+05
1.3677e+05
1.4544e+05
1.5439e+05
1.6361e+05
1.7311e+05
1.8288e+05
1.9291e+05
2.032e+05
2.1375e+05
2.2454e+05
2.3558e+05
2.4686e+05
2.5837e+05
2.701e+05
2.8205e+05
2.9421e+05
3.0657e+05
3.1912e+05
3.3185e+05
3.4476e+05
3.5783e+05
3.7105e+05
3.8441e+05
3.979e+05
4.1152e+05
4.2524e+05
4.3907e+05
4.5297e+05
4.6695e+05
4.81e+05
4.9509e+05
5.0921e+05
5.2336e+05
5.3752e+05
5.5167e+05
5.6581e+05
5.7991e+05
5.9398e+05
6.0798e+05
6.2191e+05
6.3576e+05
6.4951e+05
6.6315e+05
6.7666e+05
6.9003e+05
7.0325e+05
7.1631e+05
7.2918e+05
7.4186e+05
7.5434e+05
7.666e+05
7.7863e+05
7.9042e+05
8.0195e+05
8.1322e+05
8.2421e+05
8.3491e+05
8.4531e+05
8.554e+05
8.6517e+05
8.7461e+05
8.837e+05
8.9245e+05
9.0084e+05
9.0887e+05
9.1652e+05
9.2378e+05
9.3066e+05
9.3714e+05
9.4322e+05
9.4889e+05
9.5415e+05
9.5899e+05
9.6341e+05
9.674e+05
9.7097e+05
9.741e+05
9.768e+05
9.7905e+05
9.8088e+05
9.8226e+05
9.832e+05
9.8371e+05
9.8378e+05
9.8341e+05
9.826e+05
9.8136e+05
9.7969e+05
9.7759e+05
9.7507e+05
9.7213e+05
9.6877e+05
9.65e+05
9.6082e+05
9.5625e+05
9.5127e+05
9.4592e+05
9.4018e+05
9.3406e+05
9.2759e+05
9.2075e+05
9.1356e+05
9.0604e+05
8.9818e+05
8.9e+05
8.815e+05
8.727e+05
8.6361e+05
8.5424e+05
8.4459e+05
8.3468e+05
8.2452e+05
8.1412e+05
8.0349e+05
7.9265e+05
7.8159e+05
7.7035e+05
7.5892e+05
7.4732e+05
7.3555e+05
7.2365e+05
7.116e+05
6.9943e+05
6.8715e+05
6.7477e+05
6.623e+05
6.4975e+05
6.3714e+05
6.2447e+05
6.1176e+05
5.9902e+05
5.8626e+05
5.7349e+05
5.6072e+05
5.4796e+05
5.3523e+05
5.2253e+05
5.0987e+05
4.9726e+05
4.8472e+05
4.7225e+05
4.5986e+05
4.4756e+05
4.3536e+05
4.2327e+05
4.1129e+05
3.9944e+05
3.8772e+05
3.7613e+05
3.6469e+05
3.534e+05
3.4227e+05
3.3131e+05
3.2051e+05
3.0989e+05
2.9945e+05
2.892e+05
2.7914e+05
2.6927e+05
2.596e+05
2.5013e+05
2.4087e+05
2.3181e+05
2.2297e+05
2.1433e+05
2.0592e+05
1.9772e+05
1.8973e+05
1.8197e+05
1.7443e+05
1.6711e+05
1.6001e+05
1.5313e+05
1.4647e+05
1.4003e+05
1.3381e+05
1.2781e+05
1.2203e+05
1.1646e+05
1.1111e+05
1.0597e+05
1.0104e+05
96323
91808
87496
83384
79469
75748
72218
68875
65716
62736
59932
57301
54837
52537
50397
48412
46579
44891
43346
41939
40664
39518
38496
37593
36804
36126
35553
35081
34705
34421
34224
34110
34075
34113
34220
34393
34628
34919
35263
35656
36094
36573
37090
37640
38221
38829
39459
40110
40778
41460
42152
42853
43558
44266
44975
45680
46381
47075
47759
48432
49092
49737
50365
50975
51565
52133
52679
53201
53698
54169
54613
55029
55417
55775
56104
56402
56669
56905
57110
57283
57424
57534
57612
57657
57672
57655
57606
57527
57417
57278
57108
56909
56682
56426
56143
55833
55497
55135
54748
54338
53904
53448
52970
52472
51953
51416
50860
50287
49698
49093
48473
47840
47194
46536
45867
45188
44500
43804
43100
42389
41673
40952
40227
39499
38768
38036
37303
36570
35838
