7.1861e+05
7.2239e+05
7.2615e+05
7.2992e+05
7.3369e+05
7.3746e+05
7.4126e+05
7.4507e+05
7.4891e+05
7.5278e+05
7.5668e+05
7.6062e+05
7.646e+05
7.6862e+05
7.7269e+05
7.768e+05
7.8095e+05
7.8516e+05
7.8941e+05
7.937e+05
7.9804e+05
8.0242e+05
8.0683e+05
8.1129e+05
8.1578e+05
8.203e+05
8.2485e+05
8.2942e+05
8.3401e+05
8.3862e+05
8.4323e+05
8.4785e+05
8.5247e+05
8.5709e+05
8.6169e+05
8.6628e+05
8.7084e+05
8.7538e+05
8.7988e+05
8.8435e+05
8.8877e+05
8.9314e+05
8.9745e+05
9.0171e+05
9.059e+05
9.1001e+05
9.1405e+05
9.1801e+05
9.2188e+05
9.2566e+05
9.2934e+05
9.3292e+05
9.3641e+05
9.3978e+05
9.4304e+05
9.462e+05
9.4923e+05
9.5214e+05
9.5494e+05
9.5761e+05
9.6015e+05
9.6257e+05
9.6485e+05
9.6701e+05
9.6904e+05
9.7093e+05
9.7269e+05
9.7432e+05
9.7582e+05
9.7719e+05
9.7842e+05
9.7953e+05
9.805e+05
9.8134e+05
9.8206e+05
9.8265e+05
9.8311e+05
9.8346e+05
9.8368e+05
9.8378e+05
9.8376e+05
9.8363e+05
9.8338e+05
9.8302e+05
9.8256e+05
9.8199e+05
9.8131e+05
9.8053e+05
9.7965e+05
9.7868e+05
9.7762e+05
9.7646e+05
9.7521e+05
9.7388e+05
9.7246e+05
9.7097e+05
9.6939e+05
9.6774e+05
9.6602e+05
9.6422e+05
9.6236e+05
9.6043e+05
9.5843e+05
9.5637e+05
9.5426e+05
9.5208e+05
9.4985e+05
9.4757e+05
9.4523e+05
9.4284e+05
9.4041e+05
9.3792e+05
9.3539e+05
9.3282e+05
9.3021e+05
9.2756e+05
9.2486e+05
9.2213e+05
9.1936e+05
9.1656e+05
9.1372e+05
9.1085e+05
9.0794e+05
9.0501e+05
9.0204e+05
8.9905e+05
8.9603e+05
8.9298e+05
8.899e+05
8.868e+05
8.8367e+05
8.8051e+05
8.7734e+05
8.7414e+05
8.7092e+05
8.6767e+05
8.6441e+05
8.6112e+05
8.5782e+05
8.545e+05
8.5115e+05
8.4779e+05
8.4442e+05
8.4102e+05
8.3761e+05
8.3419e+05
8.3075e+05
8.273e+05
8.2383e+05
8.2035e+05
8.1686e+05
8.1335e+05
8.0984e+05
8.0632e+05
8.0278e+05
7.9924e+05
7.9569e+05
7.9214e+05
7.8858e+05
7.8501e+05
7.8143e+05
7.7786e+05
7.7428e+05
7.707e+05
7.6711e+05
7.6353e+05
7.5994e+05
7.5636e+05
7.5278e+05
7.492e+05
7.4563e+05
7.4206e+05
7.385e+05
7.3494e+05
7.314e+05
7.2786e+05
7.2433e+05
7.2081e+05
7.173e+05
7.138e+05
7.1032e+05
7.0686e+05
7.0341e+05
6.9997e+05
6.9656e+05
6.9316e+05
6.8978e+05
6.8642e+05
6.8309e+05
6.7978e+05
6.7649e+05
6.7323e+05
6.6999e+05
6.6678e+05
6.636e+05
6.6045e+05
6.5733e+05
6.5424e+05
6.5118e+05
6.4816e+05
6.4517e+05
6.4221e+05
6.393e+05
6.3642e+05
6.3357e+05
6.3077e+05
6.2801e+05
6.2529e+05
6.2261e+05
6.1998e+05
6.1739e+05
6.1484e+05
6.1234e+05
6.0989e+05
6.0748e+05
6.0512e+05
6.0282e+05
6.0056e+05
5.9835e+05
5.962e+05
5.9409e+05
5.9204e+05
5.9005e+05
5.881e+05
5.8622e+05
5.8438e+05
5.8261e+05
5.8089e+05
5.7923e+05
5.7762e+05
5.7607e+05
5.7458e+05
5.7315e+05
5.7178e+05
5.7047e+05
5.6922e+05
5.6802e+05
5.6689e+05
5.6581e+05
5.648e+05
5.6384e+05
5.6295e+05
5.6211e+05
5.6134e+05
5.6062e+05
5.5996e+05
5.5936e+05
5.5882e+05
5.5834e+05
5.5792e+05
5.5755e+05
5.5724e+05
5.5699e+05
5.5679e+05
5.5665e+05
5.5656e+05
5.5652e+05
5.5654e+05
5.5661e+05
5.5673e+05
5.569e+05
5.5712e+05
5.5739e+05
5.5771e+05
5.5807e+05
5.5848e+05
5.5894e+05
5.5943e+05
5.5997e+05
5.6055e+05
5.6117e+05
5.6183e+05
5.6253e+05
5.6326e+05
5.6402e+05
5.6482e+05
5.6566e+05
5.6652e+05
5.6741e+05
5.6834e+05
5.6929e+05
5.7026e+05
5.7127e+05
5.7229e+05
5.7334e+05
5.7441e+05
5.755e+05
5.7661e+05
5.7773e+05
5.7888e+05
5.8004e+05
5.8121e+05
5.824e+05
5.8361e+05
5.8483e+05
5.8605e+05
5.8729e+05
5.8854e+05
5.898e+05
5.9107e+05
5.9235e+05
5.9364e+05
5.9493e+05
5.9623e+05
5.9755e+05
5.9886e+05
6.0019e+05
6.0152e+05
6.0286e+05
6.0421e+05
6.0556e+05
6.0693e+05
6.083e+05
6.0968e+05
6.1107e+05
6.1247e+05
6.1388e+05
6.153e+05
6.1673e+05
6.1817e+05
6.1963e+05
6.211e+05
6.2259e+05
6.2409e+05
6.2561e+05
6.2714e+05
6.287e+05
6.3028e+05
6.3187e+05
6.3349e+05
6.3514e+05
6.368e+05
6.385e+05
6.4022e+05
6.4197e+05
6.4375e+05
6.4556e+05
6.474e+05
6.4928e+05
6.5119e+05
6.5314e+05
6.5512e+05
6.5714e+05
6.592e+05
6.6131e+05
6.6345e+05
6.6563e+05
6.6786e+05
6.7012e+05
6.7244e+05
6.748e+05
6.772e+05
6.7965e+05
6.8214e+05
6.8469e+05
6.8728e+05
6.8991e+05
6.926e+05
6.9533e+05
6.981e+05
7.0093e+05
7.038e+05
7.0672e+05
7.0968e+05
7.1268e+05
7.1574e+05
7.1883e+05
7.2197e+05
7.2515e+05
7.2837e+05
7.3162e+05
7.3492e+05
7.3825e+05
7.4162e+05
7.4502e+05
7.4845e+05
7.5191e+05
7.554e+05
7.5892e+05
7.6246e+05
7.6602e+05
7.696e+05
7.7319e+05
7.7681e+05
7.8043e+05
7.8407e+05
7.8771e+05
7.9136e+05
7.9501e+05
7.9866e+05
8.0231e+05
8.0596e+05
8.0959e+05
8.1322e+05
8.1683e+05
8.2043e+05
8.24e+05
8.2756e+05
8.3109e+05
8.346e+05
8.3808e+05
8.4152e+05
8.4493e+05
8.483e+05
8.5163e+05
8.5493e+05
8.5817e+05
8.6137e+05
8.6452e+05
8.6762e+05
8.7067e+05
8.7366e+05
8.7659e+05
8.7946e+05
8.8227e+05
8.8502e+05
8.877e+05
8.9032e+05
8.9286e+05
8.9534e+05
8.9775e+05
9.0008e+05
9.0234e+05
9.0452e+05
9.0663e+05
9.0867e+05
9.1062e+05
9.125e+05
9.143e+05
9.1602e+05
9.1765e+05
9.1921e+05
9.2069e+05
9.2209e+05
9.2341e+05
9.2464e+05
9.258e+05
9.2687e+05
9.2787e+05
9.2878e+05
9.2961e+05
9.3037e+05
9.3105e+05
9.3165e+05
9.3217e+05
9.3261e+05
9.3298e+05
9.3327e+05
9.3349e+05
9.3364e+05
9.3371e+05
9.3371e+05
9.3364e+05
9.335e+05
9.3329e+05
9.3302e+05
9.3268e+05
9.3227e+05
9.318e+05
9.3127e+05
9.3067e+05
9.3002e+05
9.2931e+05
9.2853e+05
9.2771e+05
9.2682e+05
9.2588e+05
9.2489e+05
9.2385e+05
9.2276e+05
9.2161e+05
9.2042e+05
9.1918e+05
9.179e+05
9.1657e+05
9.1519e+05
9.1378e+05
9.1232e+05
9.1082e+05
9.0928e+05
9.077e+05
9.0608e+05
9.0443e+05
9.0274e+05
9.0101e+05
8.9925e+05
8.9746e+05
8.9563e+05
8.9377e+05
8.9188e+05
8.8996e+05
8.88e+05
8.8602e+05
8.8401e+05
8.8197e+05
8.799e+05
8.778e+05
8.7568e+05
8.7353e+05
8.7135e+05
8.6915e+05
8.6692e+05
8.6466e+05
8.6239e+05
8.6008e+05
8.5775e+05
8.554e+05
8.5303e+05
8.5063e+05
8.4821e+05
8.4576e+05
8.4329e+05
8.408e+05
8.3828e+05
8.3575e+05
8.3319e+05
8.306e+05
8.28e+05
8.2537e+05
8.2272e+05
8.2005e+05
8.1736e+05
8.1464e+05
8.1191e+05
8.0915e+05
8.0636e+05
8.0356e+05
8.0074e+05
7.9789e+05
7.9502e+05
7.9213e+05
7.8921e+05
7.8628e+05
7.8332e+05
7.8034e+05
7.7733e+05
7.7431e+05
7.7126e+05
7.6819e+05
7.651e+05
7.6199e+05
7.5885e+05
7.5569e+05
7.5251e+05
7.493e+05
7.4607e+05
7.4282e+05
7.3955e+05
7.3625e+05
7.3294e+05
7.2959e+05
7.2623e+05
7.2284e+05
7.1943e+05
7.16e+05
7.1254e+05
7.0906e+05
7.0556e+05
7.0204e+05
6.9849e+05
6.9492e+05
6.9132e+05
6.8771e+05
6.8407e+05
6.804e+05
6.7672e+05
6.7301e+05
6.6928e+05
6.6553e+05
6.6175e+05
6.5795e+05
6.5413e+05
6.5029e+05
6.4642e+05
6.4254e+05
6.3863e+05
6.347e+05
6.3075e+05
6.2678e+05
6.2278e+05
6.1877e+05
6.1474e+05
6.1068e+05
6.0661e+05
6.0251e+05
5.984e+05
5.9427e+05
5.9011e+05
5.8594e+05
5.8175e+05
5.7755e+05
5.7332e+05
5.6908e+05
5.6482e+05
5.6055e+05
5.5626e+05
5.5195e+05
5.4763e+05
5.4329e+05
5.3894e+05
5.3457e+05
5.3019e+05
5.258e+05
5.214e+05
5.1698e+05
5.1255e+05
5.0811e+05
5.0366e+05
4.992e+05
4.9473e+05
4.9025e+05
4.8576e+05
4.8127e+05
4.7676e+05
4.7225e+05
4.6774e+05
4.6321e+05
4.5868e+05
4.5415e+05
4.4961e+05
4.4507e+05
4.4053e+05
4.3598e+05
4.3143e+05
4.2688e+05
4.2232e+05
4.1777e+05
4.1322e+05
4.0866e+05
4.0411e+05
3.9956e+05
3.9501e+05
3.9046e+05
3.8592e+05
3.8138e+05
3.7684e+05
3.7231e+05
3.6779e+05
3.6327e+05
3.5875e+05
3.5424e+05
3.4974e+05
3.4525e+05
3.4077e+05
3.3629e+05
3.3182e+05
3.2736e+05
3.2291e+05
3.1848e+05
3.1405e+05
3.0963e+05
3.0523e+05
3.0084e+05
2.9646e+05
2.9209e+05
2.8774e+05
2.834e+05
2.7908e+05
2.7477e+05
2.7048e+05
2.662e+05
2.6194e+05
2.5769e+05
2.5347e+05
2.4926e+05
2.4506e+05
2.4089e+05
2.3674e+05
2.326e+05
2.2848e+05
2.2439e+05
2.2031e+05
2.1626e+05
2.1223e+05
2.0821e+05
2.0422e+05
2.0026e+05
1.9631e+05
1.9239e+05
1.8849e+05
1.8462e+05
1.8077e+05
1.7694e+05
1.7314e+05
1.6937e+05
1.6562e+05
1.6189e+05
1.5819e+05
1.5452e+05
1.5088e+05
1.4726e+05
1.4367e+05
1.4011e+05
1.3657e+05
1.3306e+05
1.2958e+05
1.2613e+05
1.2271e+05
1.1932e+05
1.1595e+05
1.1261e+05
1.0931e+05
1.0603e+05
1.0278e+05
99560
96369
93207
90075
86973
83899
80855
77840
74853
71896
68968
66068
63197
60355
57540
54754
51995
49264
46561
43884
41235
38612
36015
33444
30899
28379
25884
23414
20969
18547
16149
13775
11423
9094.6
6788.2
4503.9
2241.3
0
