55485
57827
60318
62956
65741
68668
71735
74938
78273
81735
85318
89017
92825
96735
1.0074e+05
1.0483e+05
1.09e+05
1.1324e+05
1.1754e+05
1.2189e+05
1.2629e+05
1.3072e+05
1.3516e+05
1.3963e+05
1.4409e+05
1.4854e+05
1.5298e+05
1.5739e+05
1.6175e+05
1.6607e+05
1.7032e+05
1.7451e+05
1.7861e+05
1.8262e+05
1.8653e+05
1.9034e+05
1.9402e+05
1.9757e+05
2.0099e+05
2.0426e+05
2.0739e+05
2.1035e+05
2.1314e+05
2.1577e+05
2.1821e+05
2.2047e+05
2.2254e+05
2.2442e+05
2.261e+05
2.2758e+05
2.2886e+05
2.2993e+05
2.3079e+05
2.3145e+05
2.319e+05
2.3213e+05
2.3216e+05
2.3198e+05
2.316e+05
2.3101e+05
2.3021e+05
2.2922e+05
2.2803e+05
2.2665e+05
2.2508e+05
2.2333e+05
2.2139e+05
2.1929e+05
2.1701e+05
2.1457e+05
2.1198e+05
2.0923e+05
2.0635e+05
2.0332e+05
2.0017e+05
1.9689e+05
1.9349e+05
1.8999e+05
1.8639e+05
1.8269e+05
1.7891e+05
1.7505e+05
1.7111e+05
1.6711e+05
1.6306e+05
1.5895e+05
1.5481e+05
1.5063e+05
1.4642e+05
1.4219e+05
1.3794e+05
1.3369e+05
1.2944e+05
1.2519e+05
1.2095e+05
1.1673e+05
1.1253e+05
1.0836e+05
1.0423e+05
1.0014e+05
96089
92090
88146
84261
80440
76688
73008
69405
65882
62444
59094
55836
52673
49608
46645
43787
41036
38397
35871
33461
31171
29002
26958
25040
23251
21594
20070
18681
17430
16319
15349
14521
13838
13301
12911
12669
12576
12632
12840
13198
13708
14368
15180
16142
17254
18515
19924
21479
23179
25022
27006
29128
31385
33775
36294
38938
41704
44587
47582
50686
53894
57199
60597
64081
67647
71287
74996
78766
82592
86467
90383
94334
98312
1.0231e+05
1.0632e+05
1.1034e+05
1.1435e+05
1.1836e+05
1.2235e+05
1.2632e+05
1.3026e+05
1.3416e+05
1.3802e+05
1.4183e+05
1.4558e+05
1.4926e+05
1.5288e+05
1.5642e+05
1.5988e+05
1.6325e+05
1.6653e+05
1.6972e+05
1.728e+05
1.7578e+05
1.7864e+05
1.8139e+05
1.8403e+05
1.8654e+05
1.8893e+05
1.9119e+05
1.9333e+05
1.9533e+05
1.972e+05
1.9893e+05
2.0054e+05
2.02e+05
2.0333e+05
2.0452e+05
2.0557e+05
2.0648e+05
2.0726e+05
2.079e+05
2.0841e+05
2.0878e+05
2.0902e+05
2.0913e+05
2.0911e+05
2.0895e+05
2.0868e+05
2.0827e+05
2.0775e+05
2.071e+05
2.0633e+05
2.0545e+05
2.0445e+05
2.0334e+05
2.0213e+05
2.008e+05
1.9938e+05
1.9785e+05
1.9622e+05
1.945e+05
1.9268e+05
1.9077e+05
1.8878e+05
1.867e+05
1.8453e+05
1.8229e+05
1.7997e+05
1.7757e+05
1.7511e+05
1.7257e+05
1.6997e+05
1.6731e+05
1.6459e+05
1.6181e+05
1.5897e+05
1.5609e+05
1.5316e+05
1.5018e+05
1.4716e+05
1.441e+05
1.4101e+05
1.3789e+05
1.3474e+05
1.3156e+05
1.2837e+05
1.2515e+05
1.2193e+05
1.1869e+05
1.1545e+05
1.122e+05
1.0896e+05
1.0572e+05
1.0249e+05
99275
96077
92901
89750
86628
83539
80487
77475
74508
71589
68721
65908
63153
60459
57828
55265
52770
50347
47998
45724
43528
41411
39373
37416
35541
33747
32036
30407
28860
27393
26007
24700
23471
22317
21238
20232
19295
18426
17621
16879
16197
15571
14998
14476
14001
13570
13179
12826
12507
12219
11960
11726
11514
11322
11148
10989
10842
10707
10580
10462
10350
10244
10143
10046
9953.9
9865.6
9782
9703.4
9630.7
9564.9
9507.2
9459.1
9422.2
9398.3
9389.2
9397.3
9424.5
9473.2
9545.8
9644.6
9772
9930.4
10122
10350
10615
10920
11266
11656
12091
12573
13101
13678
14303
14977
15699
16470
17288
18153
19062
20014
21008
22039
23106
24206
25334
26487
27662
28853
30057
31269
32483
33695
34901
36094
37270
38424
39551
40647
41706
42724
43697
44622
45494
46312
47073
47774
48415
48994
49512
49968
50366
50705
50990
51224
51411
51557
51668
51750
51813
51865
51914
51973
52052
52164
52321
52537
52827
53206
53689
54294
55036
55933
57003
58264
59735
61433
63378
65587
68081
70876
73991
77445
81253
85434
90004
94977
1.0037e+05
1.062e+05
1.1247e+05
1.192e+05
1.2639e+05
1.3407e+05
1.4223e+05
1.5089e+05
1.6004e+05
1.697e+05
1.7986e+05
1.9053e+05
2.0171e+05
2.1339e+05
2.2557e+05
2.3825e+05
2.5141e+05
2.6505e+05
2.7915e+05
2.9371e+05
3.0871e+05
3.2414e+05
3.3996e+05
3.5618e+05
3.7275e+05
3.8967e+05
4.0691e+05
4.2443e+05
4.4223e+05
4.6025e+05
4.7848e+05
4.9689e+05
5.1543e+05
5.3409e+05
5.5282e+05
5.7158e+05
5.9035e+05
6.0909e+05
6.2776e+05
6.4631e+05
6.6473e+05
6.8296e+05
7.0096e+05
7.1871e+05
7.3617e+05
7.5329e+05
7.7004e+05
7.8638e+05
8.0228e+05
8.177e+05
8.3262e+05
8.4699e+05
8.6078e+05
8.7397e+05
8.8652e+05
8.9841e+05
9.0962e+05
9.2011e+05
9.2986e+05
9.3885e+05
9.4707e+05
9.5449e+05
9.6111e+05
9.6689e+05
9.7184e+05
9.7595e+05
9.792e+05
9.8159e+05
9.8312e+05
9.8378e+05
9.8357e+05
9.8251e+05
9.8059e+05
9.7781e+05
9.742e+05
9.6975e+05
9.6448e+05
9.584e+05
9.5154e+05
9.4391e+05
9.3552e+05
9.264e+05
9.1657e+05
9.0606e+05
8.9488e+05
8.8307e+05
8.7066e+05
8.5767e+05
8.4413e+05
8.3008e+05
8.1554e+05
8.0054e+05
7.8513e+05
7.6933e+05
7.5317e+05
7.367e+05
7.1993e+05
7.0292e+05
6.8568e+05
6.6826e+05
6.507e+05
6.3301e+05
6.1524e+05
5.9741e+05
5.7957e+05
5.6173e+05
5.4394e+05
5.2622e+05
5.086e+05
4.911e+05
4.7377e+05
4.5661e+05
4.3965e+05
4.2293e+05
4.0645e+05
3.9025e+05
3.7434e+05
3.5875e+05
3.4348e+05
3.2855e+05
3.1399e+05
2.9979e+05
2.8599e+05
2.7257e+05
2.5956e+05
2.4697e+05
2.3479e+05
2.2304e+05
2.1172e+05
2.0083e+05
1.9038e+05
1.8035e+05
1.7077e+05
1.6161e+05
1.5288e+05
1.4458e+05
1.367e+05
1.2924e+05
1.2218e+05
1.1552e+05
1.0926e+05
1.0338e+05
97877
92736
87948
83502
79386
75588
72096
68897
65977
63325
60925
58765
56831
55111
53590
52255
51093
50092
49237
48518
47921
47434
47047
46748
46525
46370
46270
46218
46205
46220
46257
46308
46365
46422
46474
46513
46536
46538
46514
46461
46376
46255
46098
45901
45664
45385
45064
44701
44296
43849
43360
42832
42265
41661
41021
40348
39643
38910
38150
37366
36561
35737
34897
34045
33182
32313
31439
30563
29689
28819
27956
27101
26259
25430
24618
23824
23050
22298
21570
20867
20190
19541
18921
18330
17770
17240
16741
16273
15836
15430
15055
14711
14395
14109
13852
13621
13416
13237
13081
12948
12835
12742
12667
12609
12565
12534
12514
12505
12503
12508
12518
12531
12545
12560
12573
12583
12589
12589
12583
12568
12544
12511
12466
12409
12340
12258
12162
12052
11928
11789
11635
11467
11283
11085
10872
10645
10405
10151
9883.7
9604.7
9314.1
9012.7
8701.2
8380.4
8051.1
7714.4
7371
7021.9
6668
6310.4
5950
5587.8
5224.7
4861.8
4499.8
4139.9
3782.8
3429.5
3080.7
2737.4
2400.2
2069.8
1747
1432.4
1126.6
829.94
543.04
266.28
0
