6.5413e+05
6.5883e+05
6.6355e+05
6.6829e+05
6.7306e+05
6.7786e+05
6.8271e+05
6.8759e+05
6.9251e+05
6.9749e+05
7.0251e+05
7.0758e+05
7.1271e+05
7.1788e+05
7.2312e+05
7.284e+05
7.3374e+05
7.3913e+05
7.4457e+05
7.5005e+05
7.5559e+05
7.6116e+05
7.6677e+05
7.7242e+05
7.7811e+05
7.8382e+05
7.8955e+05
7.953e+05
8.0106e+05
8.0683e+05
8.1261e+05
8.1838e+05
8.2414e+05
8.2988e+05
8.356e+05
8.4129e+05
8.4695e+05
8.5257e+05
8.5813e+05
8.6365e+05
8.691e+05
8.7448e+05
8.7979e+05
8.8503e+05
8.9017e+05
8.9523e+05
9.0018e+05
9.0503e+05
9.0978e+05
9.144e+05
9.1891e+05
9.233e+05
9.2755e+05
9.3167e+05
9.3566e+05
9.395e+05
9.432e+05
9.4675e+05
9.5015e+05
9.5339e+05
9.5647e+05
9.594e+05
9.6216e+05
9.6476e+05
9.672e+05
9.6947e+05
9.7157e+05
9.7351e+05
9.7527e+05
9.7687e+05
9.783e+05
9.7956e+05
9.8066e+05
9.8159e+05
9.8235e+05
9.8295e+05
9.8339e+05
9.8366e+05
9.8378e+05
9.8373e+05
9.8354e+05
9.8318e+05
9.8268e+05
9.8203e+05
9.8123e+05
9.8029e+05
9.7921e+05
9.78e+05
9.7665e+05
9.7516e+05
9.7355e+05
9.7182e+05
9.6996e+05
9.6799e+05
9.659e+05
9.637e+05
9.6139e+05
9.5898e+05
9.5647e+05
9.5386e+05
9.5115e+05
9.4836e+05
9.4548e+05
9.4251e+05
9.3946e+05
9.3634e+05
9.3314e+05
9.2987e+05
9.2654e+05
9.2314e+05
9.1967e+05
9.1615e+05
9.1258e+05
9.0895e+05
9.0527e+05
9.0155e+05
8.9778e+05
8.9397e+05
8.9013e+05
8.8624e+05
8.8233e+05
8.7838e+05
8.744e+05
8.704e+05
8.6637e+05
8.6232e+05
8.5825e+05
8.5416e+05
8.5006e+05
8.4594e+05
8.418e+05
8.3766e+05
8.3351e+05
8.2935e+05
8.2519e+05
8.2102e+05
8.1684e+05
8.1267e+05
8.0849e+05
8.0432e+05
8.0015e+05
7.9597e+05
7.9181e+05
7.8765e+05
7.8349e+05
7.7934e+05
7.752e+05
7.7106e+05
7.6694e+05
7.6282e+05
7.5872e+05
7.5462e+05
7.5054e+05
7.4647e+05
7.4241e+05
7.3837e+05
7.3433e+05
7.3031e+05
7.2631e+05
7.2232e+05
7.1834e+05
7.1438e+05
7.1043e+05
7.065e+05
7.0259e+05
6.9869e+05
6.948e+05
6.9094e+05
6.8709e+05
6.8325e+05
6.7944e+05
6.7564e+05
6.7185e+05
6.6809e+05
6.6434e+05
6.6061e+05
6.569e+05
6.5321e+05
6.4953e+05
6.4588e+05
6.4224e+05
6.3862e+05
6.3503e+05
6.3145e+05
6.2789e+05
6.2436e+05
6.2085e+05
6.1736e+05
6.1389e+05
6.1044e+05
6.0702e+05
6.0362e+05
6.0025e+05
5.969e+05
5.9358e+05
5.9029e+05
5.8702e+05
5.8378e+05
5.8057e+05
5.7739e+05
5.7424e+05
5.7113e+05
5.6804e+05
5.6499e+05
5.6198e+05
5.5899e+05
5.5605e+05
5.5314e+05
5.5028e+05
5.4745e+05
5.4466e+05
5.4192e+05
5.3921e+05
5.3655e+05
5.3394e+05
5.3137e+05
5.2885e+05
5.2638e+05
5.2396e+05
5.2159e+05
5.1927e+05
5.17e+05
5.1479e+05
5.1263e+05
5.1053e+05
5.0848e+05
5.065e+05
5.0457e+05
5.027e+05
5.0089e+05
4.9915e+05
4.9747e+05
4.9585e+05
4.9429e+05
4.928e+05
4.9137e+05
4.9002e+05
4.8872e+05
4.875e+05
4.8634e+05
4.8525e+05
4.8423e+05
4.8328e+05
4.824e+05
4.8159e+05
4.8084e+05
4.8017e+05
4.7957e+05
4.7903e+05
4.7857e+05
4.7817e+05
4.7784e+05
4.7758e+05
4.7739e+05
4.7727e+05
4.7722e+05
4.7723e+05
4.7731e+05
4.7746e+05
4.7767e+05
4.7794e+05
4.7828e+05
4.7868e+05
4.7914e+05
4.7966e+05
4.8024e+05
4.8088e+05
4.8158e+05
4.8233e+05
4.8314e+05
4.84e+05
4.8491e+05
4.8588e+05
4.8689e+05
4.8795e+05
4.8906e+05
4.9021e+05
4.9141e+05
4.9264e+05
4.9392e+05
4.9524e+05
4.9659e+05
4.9798e+05
4.994e+05
5.0086e+05
5.0235e+05
5.0386e+05
5.0541e+05
5.0697e+05
5.0857e+05
5.1019e+05
5.1182e+05
5.1348e+05
5.1516e+05
5.1685e+05
5.1856e+05
5.2029e+05
5.2202e+05
5.2377e+05
5.2553e+05
5.273e+05
5.2907e+05
5.3086e+05
5.3264e+05
5.3444e+05
5.3624e+05
5.3804e+05
5.3984e+05
5.4164e+05
5.4345e+05
5.4525e+05
5.4706e+05
5.4886e+05
5.5066e+05
5.5246e+05
5.5426e+05
5.5606e+05
5.5785e+05
5.5964e+05
5.6143e+05
5.6321e+05
5.6499e+05
5.6677e+05
5.6855e+05
5.7033e+05
5.721e+05
5.7387e+05
5.7564e+05
5.7741e+05
5.7918e+05
5.8095e+05
5.8272e+05
5.845e+05
5.8627e+05
5.8805e+05
5.8983e+05
5.9162e+05
5.9341e+05
5.9521e+05
5.9701e+05
5.9882e+05
6.0064e+05
6.0247e+05
6.0431e+05
6.0616e+05
6.0803e+05
6.099e+05
6.1179e+05
6.1369e+05
6.1561e+05
6.1754e+05
6.1948e+05
6.2145e+05
6.2343e+05
6.2543e+05
6.2745e+05
6.2948e+05
6.3154e+05
6.3361e+05
6.357e+05
6.3781e+05
6.3995e+05
6.421e+05
6.4427e+05
6.4646e+05
6.4867e+05
6.509e+05
6.5315e+05
6.5542e+05
6.5771e+05
6.6001e+05
6.6233e+05
6.6466e+05
6.6702e+05
6.6938e+05
6.7176e+05
6.7415e+05
6.7655e+05
6.7896e+05
6.8138e+05
6.8381e+05
6.8625e+05
6.8868e+05
6.9112e+05
6.9357e+05
6.9601e+05
6.9844e+05
7.0088e+05
7.0331e+05
7.0573e+05
7.0814e+05
7.1053e+05
7.1292e+05
7.1528e+05
7.1763e+05
7.1996e+05
7.2226e+05
7.2454e+05
7.268e+05
7.2902e+05
7.3121e+05
7.3337e+05
7.355e+05
7.3758e+05
7.3962e+05
7.4163e+05
7.4358e+05
7.455e+05
7.4736e+05
7.4917e+05
7.5093e+05
7.5264e+05
7.5428e+05
7.5588e+05
7.5741e+05
7.5888e+05
7.6028e+05
7.6162e+05
7.629e+05
7.6411e+05
7.6525e+05
7.6632e+05
7.6731e+05
7.6824e+05
7.6909e+05
7.6987e+05
7.7058e+05
7.7121e+05
7.7176e+05
7.7224e+05
7.7264e+05
7.7296e+05
7.732e+05
7.7337e+05
7.7346e+05
7.7348e+05
7.7341e+05
7.7327e+05
7.7305e+05
7.7276e+05
7.7239e+05
7.7195e+05
7.7143e+05
7.7084e+05
7.7017e+05
7.6944e+05
7.6863e+05
7.6775e+05
7.6681e+05
7.658e+05
7.6472e+05
7.6358e+05
7.6237e+05
7.6111e+05
7.5978e+05
7.5839e+05
7.5695e+05
7.5545e+05
7.539e+05
7.5229e+05
7.5064e+05
7.4893e+05
7.4718e+05
7.4539e+05
7.4354e+05
7.4166e+05
7.3974e+05
7.3777e+05
7.3577e+05
7.3374e+05
7.3167e+05
7.2957e+05
7.2744e+05
7.2528e+05
7.2309e+05
7.2088e+05
7.1864e+05
7.1638e+05
7.141e+05
7.118e+05
7.0948e+05
7.0714e+05
7.0479e+05
7.0242e+05
7.0004e+05
6.9765e+05
6.9524e+05
6.9283e+05
6.904e+05
6.8797e+05
6.8553e+05
6.8308e+05
6.8063e+05
6.7817e+05
6.757e+05
6.7323e+05
6.7076e+05
6.6829e+05
6.6581e+05
6.6333e+05
6.6084e+05
6.5836e+05
6.5587e+05
6.5338e+05
6.509e+05
6.484e+05
6.4591e+05
6.4342e+05
6.4092e+05
6.3843e+05
6.3593e+05
6.3343e+05
6.3092e+05
6.2842e+05
6.2591e+05
6.234e+05
6.2089e+05
6.1837e+05
6.1585e+05
6.1332e+05
6.1079e+05
6.0826e+05
6.0572e+05
6.0317e+05
6.0062e+05
5.9806e+05
5.9549e+05
5.9291e+05
5.9033e+05
5.8773e+05
5.8513e+05
5.8252e+05
5.799e+05
5.7726e+05
5.7462e+05
5.7196e+05
5.6929e+05
5.6661e+05
5.6391e+05
5.6121e+05
5.5848e+05
5.5575e+05
5.53e+05
5.5023e+05
5.4745e+05
5.4465e+05
5.4184e+05
5.3901e+05
5.3616e+05
5.333e+05
5.3042e+05
5.2753e+05
5.2461e+05
5.2168e+05
5.1873e+05
5.1577e+05
5.1278e+05
5.0978e+05
5.0676e+05
5.0373e+05
5.0067e+05
4.976e+05
4.9451e+05
4.914e+05
4.8828e+05
4.8513e+05
4.8198e+05
4.788e+05
4.7561e+05
4.724e+05
4.6917e+05
4.6593e+05
4.6267e+05
4.594e+05
4.5611e+05
4.5281e+05
4.4949e+05
4.4616e+05
4.4282e+05
4.3946e+05
4.3609e+05
4.3271e+05
4.2931e+05
4.2591e+05
4.2249e+05
4.1906e+05
4.1562e+05
4.1217e+05
4.0872e+05
4.0525e+05
4.0178e+05
3.983e+05
3.9481e+05
3.9131e+05
3.8781e+05
3.8431e+05
3.808e+05
3.7728e+05
3.7376e+05
3.7024e+05
3.6672e+05
3.6319e+05
3.5967e+05
3.5614e+05
3.5261e+05
3.4908e+05
3.4555e+05
3.4203e+05
3.385e+05
3.3498e+05
3.3146e+05
3.2795e+05
3.2444e+05
3.2093e+05
3.1743e+05
3.1393e+05
3.1044e+05
3.0696e+05
3.0349e+05
3.0002e+05
2.9656e+05
2.9311e+05
2.8967e+05
2.8623e+05
2.8281e+05
2.794e+05
2.76e+05
2.7261e+05
2.6923e+05
2.6587e+05
2.6251e+05
2.5917e+05
2.5584e+05
2.5253e+05
2.4923e+05
2.4595e+05
2.4268e+05
2.3942e+05
2.3618e+05
2.3295e+05
2.2974e+05
2.2655e+05
2.2337e+05
2.2021e+05
2.1707e+05
2.1395e+05
2.1084e+05
2.0774e+05
2.0467e+05
2.0162e+05
1.9858e+05
1.9556e+05
1.9256e+05
1.8958e+05
1.8661e+05
1.8367e+05
1.8074e+05
1.7784e+05
1.7495e+05
1.7208e+05
1.6923e+05
1.664e+05
1.636e+05
1.6081e+05
1.5804e+05
1.5529e+05
1.5256e+05
1.4985e+05
1.4716e+05
1.4449e+05
1.4184e+05
1.3921e+05
1.366e+05
1.3401e+05
1.3144e+05
1.2889e+05
1.2636e+05
1.2386e+05
1.2137e+05
1.189e+05
1.1645e+05
1.1402e+05
1.1161e+05
1.0922e+05
1.0685e+05
1.045e+05
1.0217e+05
99863
97572
95301
93048
90816
88602
86407
84231
82074
79935
77815
75714
73630
71565
69517
67488
65476
63481
61504
59543
57600
55673
53763
51869
49991
48129
46282
44451
42636
40835
39049
37277
35520
33777
32048
30332
28630
26941
25265
23601
21950
20311
18683
17068
15464
13871
12289
10717
9156.6
7606.1
6065.6
4535
3013.9
1502.4
0
