9.8378e+05
9.7867e+05
9.7351e+05
9.683e+05
9.6303e+05
9.5771e+05
9.5234e+05
9.4691e+05
9.4144e+05
9.3593e+05
9.3036e+05
9.2476e+05
9.1911e+05
9.1342e+05
9.0769e+05
9.0192e+05
8.9611e+05
8.9027e+05
8.8439e+05
8.7848e+05
8.7254e+05
8.6657e+05
8.6056e+05
8.5453e+05
8.4848e+05
8.4239e+05
8.3629e+05
8.3016e+05
8.2401e+05
8.1784e+05
8.1165e+05
8.0544e+05
7.9921e+05
7.9297e+05
7.8672e+05
7.8045e+05
7.7417e+05
7.6788e+05
7.6158e+05
7.5528e+05
7.4896e+05
7.4264e+05
7.3632e+05
7.2999e+05
7.2366e+05
7.1732e+05
7.1099e+05
7.0466e+05
6.9832e+05
6.92e+05
6.8567e+05
6.7935e+05
6.7304e+05
6.6673e+05
6.6043e+05
6.5414e+05
6.4786e+05
6.4159e+05
6.3533e+05
6.2908e+05
6.2285e+05
6.1664e+05
6.1043e+05
6.0425e+05
5.9808e+05
5.9193e+05
5.858e+05
5.7968e+05
5.7359e+05
5.6752e+05
5.6148e+05
5.5545e+05
5.4945e+05
5.4347e+05
5.3752e+05
5.316e+05
5.257e+05
5.1983e+05
5.1399e+05
5.0817e+05
5.0239e+05
4.9663e+05
4.9091e+05
4.8522e+05
4.7956e+05
4.7394e+05
4.6834e+05
4.6278e+05
4.5726e+05
4.5177e+05
4.4632e+05
4.409e+05
4.3552e+05
4.3018e+05
4.2488e+05
4.1961e+05
4.1438e+05
4.092e+05
4.0405e+05
3.9894e+05
3.9387e+05
3.8885e+05
3.8387e+05
3.7893e+05
3.7403e+05
3.6917e+05
3.6436e+05
3.5959e+05
3.5486e+05
3.5018e+05
3.4555e+05
3.4096e+05
3.3641e+05
3.3191e+05
3.2746e+05
3.2305e+05
3.1869e+05
3.1438e+05
3.1011e+05
3.0589e+05
3.0172e+05
2.9759e+05
2.9352e+05
2.8949e+05
2.8551e+05
2.8158e+05
2.7769e+05
2.7386e+05
2.7008e+05
2.6634e+05
2.6265e+05
2.5902e+05
2.5543e+05
2.5189e+05
2.4841e+05
2.4497e+05
2.4158e+05
2.3825e+05
2.3496e+05
2.3172e+05
2.2853e+05
2.254e+05
2.2231e+05
2.1928e+05
2.1629e+05
2.1336e+05
2.1047e+05
2.0764e+05
2.0486e+05
2.0212e+05
1.9944e+05
1.9681e+05
1.9423e+05
1.9169e+05
1.8921e+05
1.8678e+05
1.844e+05
1.8207e+05
1.7979e+05
1.7755e+05
1.7537e+05
1.7324e+05
1.7116e+05
1.6912e+05
1.6714e+05
1.652e+05
1.6331e+05
1.6148e+05
1.5969e+05
1.5795e+05
1.5625e+05
1.5461e+05
1.5301e+05
1.5147e+05
1.4996e+05
1.4851e+05
1.4711e+05
1.4575e+05
1.4443e+05
1.4317e+05
1.4195e+05
1.4078e+05
1.3965e+05
1.3857e+05
1.3753e+05
1.3654e+05
1.356e+05
1.3469e+05
1.3384e+05
1.3303e+05
1.3226e+05
1.3153e+05
1.3085e+05
1.3021e+05
1.2962e+05
1.2907e+05
1.2856e+05
1.2809e+05
1.2766e+05
1.2728e+05
1.2693e+05
1.2663e+05
1.2637e+05
1.2614e+05
1.2596e+05
1.2582e+05
1.2571e+05
1.2565e+05
1.2562e+05
1.2563e+05
1.2568e+05
1.2577e+05
1.259e+05
1.2606e+05
1.2625e+05
1.2649e+05
1.2676e+05
1.2706e+05
1.274e+05
1.2778e+05
1.2819e+05
1.2863e+05
1.2911e+05
1.2962e+05
1.3016e+05
1.3073e+05
1.3134e+05
1.3198e+05
1.3265e+05
1.3335e+05
1.3409e+05
1.3485e+05
1.3564e+05
1.3646e+05
1.3731e+05
1.3819e+05
1.391e+05
1.4004e+05
1.41e+05
1.4199e+05
1.4301e+05
1.4405e+05
1.4512e+05
1.4622e+05
1.4734e+05
1.4848e+05
1.4965e+05
1.5084e+05
1.5206e+05
1.533e+05
1.5456e+05
1.5585e+05
1.5715e+05
1.5848e+05
1.5983e+05
1.612e+05
1.6259e+05
1.64e+05
1.6543e+05
1.6688e+05
1.6835e+05
1.6984e+05
1.7134e+05
1.7286e+05
1.744e+05
1.7595e+05
1.7753e+05
1.7911e+05
1.8072e+05
1.8233e+05
1.8397e+05
1.8561e+05
1.8727e+05
1.8895e+05
1.9064e+05
1.9234e+05
1.9405e+05
1.9577e+05
1.9751e+05
1.9925e+05
2.0101e+05
2.0278e+05
2.0456e+05
2.0634e+05
2.0814e+05
2.0994e+05
2.1176e+05
2.1358e+05
2.1541e+05
2.1724e+05
2.1909e+05
2.2094e+05
2.2279e+05
2.2465e+05
2.2652e+05
2.2839e+05
2.3027e+05
2.3215e+05
2.3403e+05
2.3592e+05
2.3781e+05
2.397e+05
2.416e+05
2.435e+05
2.454e+05
2.473e+05
2.492e+05
2.511e+05
2.53e+05
2.5491e+05
2.5681e+05
2.5871e+05
2.6061e+05
2.6251e+05
2.6441e+05
2.663e+05
2.6819e+05
2.7008e+05
2.7197e+05
2.7385e+05
2.7573e+05
2.7761e+05
2.7948e+05
2.8134e+05
2.8321e+05
2.8506e+05
2.8691e+05
2.8876e+05
2.9059e+05
2.9242e+05
2.9425e+05
2.9607e+05
2.9788e+05
2.9968e+05
3.0147e+05
3.0326e+05
3.0504e+05
3.068e+05
3.0856e+05
3.1031e+05
3.1205e+05
3.1379e+05
3.1551e+05
3.1722e+05
3.1891e+05
3.206e+05
3.2228e+05
3.2394e+05
3.256e+05
3.2724e+05
3.2887e+05
3.3049e+05
3.3209e+05
3.3368e+05
3.3526e+05
3.3683e+05
3.3838e+05
3.3992e+05
3.4144e+05
3.4295e+05
3.4445e+05
3.4593e+05
3.4739e+05
3.4885e+05
3.5028e+05
3.517e+05
3.5311e+05
3.545e+05
3.5587e+05
3.5723e+05
3.5857e+05
3.5989e+05
3.612e+05
3.6249e+05
3.6376e+05
3.6502e+05
3.6626e+05
3.6748e+05
3.6869e+05
3.6987e+05
3.7104e+05
3.7219e+05
3.7333e+05
3.7444e+05
3.7554e+05
3.7662e+05
3.7767e+05
3.7871e+05
3.7974e+05
3.8074e+05
3.8172e+05
3.8268e+05
3.8363e+05
3.8455e+05
3.8546e+05
3.8635e+05
3.8721e+05
3.8806e+05
3.8889e+05
3.8969e+05
3.9048e+05
3.9125e+05
3.9199e+05
3.9272e+05
3.9342e+05
3.9411e+05
3.9477e+05
3.9542e+05
3.9604e+05
3.9664e+05
3.9723e+05
3.9779e+05
3.9833e+05
3.9885e+05
3.9935e+05
3.9983e+05
4.0028e+05
4.0072e+05
4.0114e+05
4.0153e+05
4.0191e+05
4.0226e+05
4.0259e+05
4.029e+05
4.0319e+05
4.0346e+05
4.0371e+05
4.0393e+05
4.0414e+05
4.0432e+05
4.0449e+05
4.0463e+05
4.0475e+05
4.0485e+05
4.0493e+05
4.0499e+05
4.0503e+05
4.0505e+05
4.0504e+05
4.0502e+05
4.0497e+05
4.0491e+05
4.0482e+05
4.0471e+05
4.0458e+05
4.0444e+05
4.0427e+05
4.0408e+05
4.0387e+05
4.0364e+05
4.0339e+05
4.0312e+05
4.0283e+05
4.0252e+05
4.0218e+05
4.0183e+05
4.0146e+05
4.0107e+05
4.0066e+05
4.0023e+05
3.9978e+05
3.9932e+05
3.9883e+05
3.9832e+05
3.9779e+05
3.9725e+05
3.9668e+05
3.961e+05
3.955e+05
3.9488e+05
3.9424e+05
3.9358e+05
3.929e+05
3.9221e+05
3.915e+05
3.9076e+05
3.9002e+05
3.8925e+05
3.8846e+05
3.8766e+05
3.8684e+05
3.8601e+05
3.8515e+05
3.8428e+05
3.8339e+05
3.8249e+05
3.8156e+05
3.8062e+05
3.7967e+05
3.787e+05
3.7771e+05
3.7671e+05
3.7569e+05
3.7465e+05
3.736e+05
3.7253e+05
3.7145e+05
3.7035e+05
3.6924e+05
3.6811e+05
3.6697e+05
3.6581e+05
3.6464e+05
3.6345e+05
3.6225e+05
3.6103e+05
3.5981e+05
3.5856e+05
3.5731e+05
3.5604e+05
3.5475e+05
3.5346e+05
3.5215e+05
3.5082e+05
3.4949e+05
3.4814e+05
3.4678e+05
3.4541e+05
3.4402e+05
3.4263e+05
3.4122e+05
3.398e+05
3.3837e+05
3.3692e+05
3.3547e+05
3.34e+05
3.3253e+05
3.3104e+05
3.2954e+05
3.2803e+05
3.2652e+05
3.2499e+05
3.2345e+05
3.219e+05
3.2034e+05
3.1878e+05
3.172e+05
3.1562e+05
3.1402e+05
3.1242e+05
3.1081e+05
3.0919e+05
3.0756e+05
3.0593e+05
3.0428e+05
3.0263e+05
3.0097e+05
2.993e+05
2.9763e+05
2.9595e+05
2.9426e+05
2.9257e+05
2.9087e+05
2.8916e+05
2.8744e+05
2.8572e+05
2.84e+05
2.8226e+05
2.8053e+05
2.7878e+05
2.7704e+05
2.7528e+05
2.7352e+05
2.7176e+05
2.6999e+05
2.6822e+05
2.6644e+05
2.6466e+05
2.6288e+05
2.6109e+05
2.5929e+05
2.575e+05
2.557e+05
2.539e+05
2.5209e+05
2.5028e+05
2.4847e+05
2.4665e+05
2.4484e+05
2.4302e+05
2.412e+05
2.3937e+05
2.3755e+05
2.3572e+05
2.3389e+05
2.3206e+05
2.3023e+05
2.284e+05
2.2656e+05
2.2473e+05
2.2289e+05
2.2106e+05
2.1922e+05
2.1739e+05
2.1555e+05
2.1371e+05
2.1188e+05
2.1004e+05
2.0821e+05
2.0637e+05
2.0454e+05
2.027e+05
2.0087e+05
1.9904e+05
1.9721e+05
1.9538e+05
1.9355e+05
1.9173e+05
1.899e+05
1.8808e+05
1.8626e+05
1.8444e+05
1.8263e+05
1.8081e+05
1.79e+05
1.772e+05
1.7539e+05
1.7359e+05
1.7179e+05
1.6999e+05
1.682e+05
1.6641e+05
1.6462e+05
1.6284e+05
1.6106e+05
1.5929e+05
1.5751e+05
1.5575e+05
1.5398e+05
1.5222e+05
1.5047e+05
1.4872e+05
1.4697e+05
1.4523e+05
1.435e+05
1.4177e+05
1.4004e+05
1.3832e+05
1.366e+05
1.3489e+05
1.3318e+05
1.3148e+05
1.2979e+05
1.281e+05
1.2642e+05
1.2474e+05
1.2307e+05
1.214e+05
1.1974e+05
1.1809e+05
1.1644e+05
1.148e+05
1.1317e+05
1.1154e+05
1.0992e+05
1.083e+05
1.0669e+05
1.0509e+05
1.035e+05
1.0191e+05
1.0033e+05
98758
97192
95633
94081
92537
91000
89470
87948
86434
84927
83428
81937
80454
78978
77511
76052
74600
73157
71722
70295
68876
67466
66064
64670
63285
61909
60540
59181
57830
56487
55154
53829
52512
51205
49906
48616
47335
46063
44800
43546
42300
41064
39837
38619
37409
36209
35018
33836
32664
31500
30346
29200
28064
26937
25820
24711
23612
22522
21441
20370
19307
18254
17210
16176
15151
14135
13128
12130
11142
10163
9192.9
8232.3
7280.8
6338.6
5405.6
4481.8
3567.1
2661.6
1765.3
878.09
0
