5.8604e+05
5.928e+05
5.9937e+05
6.0574e+05
6.1192e+05
6.1789e+05
6.2365e+05
6.2921e+05
6.3455e+05
6.3968e+05
6.4458e+05
6.4926e+05
6.5372e+05
6.5796e+05
6.6196e+05
6.6574e+05
6.6928e+05
6.7259e+05
6.7567e+05
6.7852e+05
6.8113e+05
6.8351e+05
6.8566e+05
6.8757e+05
6.8926e+05
6.9071e+05
6.9193e+05
6.9293e+05
6.937e+05
6.9425e+05
6.9458e+05
6.9468e+05
6.9458e+05
6.9425e+05
6.9372e+05
6.9299e+05
6.9205e+05
6.9091e+05
6.8957e+05
6.8805e+05
6.8633e+05
6.8444e+05
6.8237e+05
6.8013e+05
6.7772e+05
6.7514e+05
6.7241e+05
6.6953e+05
6.6651e+05
6.6334e+05
6.6004e+05
6.5661e+05
6.5306e+05
6.4939e+05
6.4562e+05
6.4174e+05
6.3776e+05
6.3369e+05
6.2954e+05
6.2531e+05
6.2101e+05
6.1664e+05
6.1222e+05
6.0775e+05
6.0323e+05
5.9867e+05
5.9408e+05
5.8947e+05
5.8483e+05
5.8019e+05
5.7554e+05
5.7089e+05
5.6625e+05
5.6162e+05
5.5702e+05
5.5243e+05
5.4788e+05
5.4337e+05
5.389e+05
5.3448e+05
5.3012e+05
5.2581e+05
5.2157e+05
5.1741e+05
5.1331e+05
5.093e+05
5.0538e+05
5.0154e+05
4.978e+05
4.9415e+05
4.9061e+05
4.8718e+05
4.8386e+05
4.8064e+05
4.7755e+05
4.7458e+05
4.7173e+05
4.6901e+05
4.6641e+05
4.6395e+05
4.6162e+05
4.5942e+05
4.5736e+05
4.5544e+05
4.5366e+05
4.5201e+05
4.5051e+05
4.4916e+05
4.4794e+05
4.4687e+05
4.4594e+05
4.4516e+05
4.4451e+05
4.4401e+05
4.4365e+05
4.4344e+05
4.4336e+05
4.4342e+05
4.4361e+05
4.4394e+05
4.4441e+05
4.45e+05
4.4573e+05
4.4658e+05
4.4756e+05
4.4866e+05
4.4987e+05
4.512e+05
4.5265e+05
4.5421e+05
4.5587e+05
4.5763e+05
4.5949e+05
4.6145e+05
4.635e+05
4.6564e+05
4.6786e+05
4.7016e+05
4.7253e+05
4.7498e+05
4.7749e+05
4.8006e+05
4.8269e+05
4.8537e+05
4.881e+05
4.9087e+05
4.9369e+05
4.9653e+05
4.9941e+05
5.023e+05
5.0522e+05
5.0815e+05
5.1109e+05
5.1404e+05
5.1698e+05
5.1992e+05
5.2285e+05
5.2576e+05
5.2866e+05
5.3153e+05
5.3436e+05
5.3717e+05
5.3994e+05
5.4266e+05
5.4534e+05
5.4796e+05
5.5053e+05
5.5303e+05
5.5548e+05
5.5785e+05
5.6014e+05
5.6236e+05
5.645e+05
5.6656e+05
5.6852e+05
5.7039e+05
5.7217e+05
5.7384e+05
5.7541e+05
5.7688e+05
5.7824e+05
5.7948e+05
5.8061e+05
5.8162e+05
5.8252e+05
5.8328e+05
5.8393e+05
5.8444e+05
5.8483e+05
5.8508e+05
5.852e+05
5.8519e+05
5.8504e+05
5.8475e+05
5.8432e+05
5.8375e+05
5.8304e+05
5.8219e+05
5.8119e+05
5.8005e+05
5.7877e+05
5.7734e+05
5.7576e+05
5.7404e+05
5.7218e+05
5.7017e+05
5.6801e+05
5.6572e+05
5.6327e+05
5.6069e+05
5.5796e+05
5.5509e+05
5.5209e+05
5.4894e+05
5.4566e+05
5.4224e+05
5.3868e+05
5.3499e+05
5.3118e+05
5.2723e+05
5.2316e+05
5.1896e+05
5.1464e+05
5.1019e+05
5.0563e+05
5.0096e+05
4.9617e+05
4.9127e+05
4.8627e+05
4.8116e+05
4.7595e+05
4.7064e+05
4.6524e+05
4.5974e+05
4.5416e+05
4.4849e+05
4.4274e+05
4.3691e+05
4.3101e+05
4.2504e+05
4.19e+05
4.1289e+05
4.0673e+05
4.0051e+05
3.9424e+05
3.8792e+05
3.8156e+05
3.7516e+05
3.6872e+05
3.6226e+05
3.5576e+05
3.4924e+05
3.427e+05
3.3615e+05
3.2959e+05
3.2302e+05
3.1645e+05
3.0988e+05
3.0332e+05
2.9676e+05
2.9023e+05
2.8371e+05
2.7722e+05
2.7075e+05
2.6432e+05
2.5792e+05
2.5156e+05
2.4525e+05
2.3899e+05
2.3278e+05
2.2662e+05
2.2053e+05
2.145e+05
2.0855e+05
2.0266e+05
1.9685e+05
1.9113e+05
1.8549e+05
1.7993e+05
1.7447e+05
1.6911e+05
1.6384e+05
1.5868e+05
1.5362e+05
1.4868e+05
1.4385e+05
1.3913e+05
1.3454e+05
1.3006e+05
1.2572e+05
1.215e+05
1.1742e+05
1.1347e+05
1.0966e+05
1.0599e+05
1.0246e+05
99082
95849
92768
89840
87067
84452
81996
79702
77571
75605
73806
72175
70714
69424
68307
67363
66594
66001
65584
65345
65285
65403
65700
66177
66834
67671
68688
69886
71264
72823
74561
76478
78575
80849
83302
85931
88737
91718
94873
98200
1.017e+05
1.0537e+05
1.0921e+05
1.1322e+05
1.1739e+05
1.2173e+05
1.2623e+05
1.3089e+05
1.3571e+05
1.4068e+05
1.4581e+05
1.511e+05
1.5653e+05
1.6211e+05
1.6784e+05
1.7371e+05
1.7973e+05
1.8588e+05
1.9216e+05
1.9858e+05
2.0513e+05
2.1181e+05
2.1861e+05
2.2554e+05
2.3258e+05
2.3973e+05
2.47e+05
2.5438e+05
2.6187e+05
2.6945e+05
2.7714e+05
2.8492e+05
2.928e+05
3.0077e+05
3.0882e+05
3.1695e+05
3.2516e+05
3.3345e+05
3.4181e+05
3.5024e+05
3.5873e+05
3.6728e+05
3.7589e+05
3.8456e+05
3.9327e+05
4.0203e+05
4.1083e+05
4.1968e+05
4.2855e+05
4.3746e+05
4.464e+05
4.5536e+05
4.6434e+05
4.7333e+05
4.8234e+05
4.9136e+05
5.0039e+05
5.0941e+05
5.1844e+05
5.2746e+05
5.3647e+05
5.4546e+05
5.5444e+05
5.634e+05
5.7234e+05
5.8125e+05
5.9013e+05
5.9898e+05
6.0779e+05
6.1656e+05
6.2528e+05
6.3396e+05
6.4259e+05
6.5116e+05
6.5968e+05
6.6813e+05
6.7653e+05
6.8485e+05
6.9311e+05
7.013e+05
7.0941e+05
7.1744e+05
7.254e+05
7.3327e+05
7.4105e+05
7.4875e+05
7.5635e+05
7.6386e+05
7.7127e+05
7.7859e+05
7.858e+05
7.9291e+05
7.9992e+05
8.0681e+05
8.136e+05
8.2028e+05
8.2684e+05
8.3329e+05
8.3961e+05
8.4582e+05
8.5191e+05
8.5787e+05
8.6371e+05
8.6943e+05
8.7501e+05
8.8047e+05
8.8579e+05
8.9099e+05
8.9605e+05
9.0098e+05
9.0577e+05
9.1042e+05
9.1494e+05
9.1932e+05
9.2355e+05
9.2765e+05
9.3161e+05
9.3543e+05
9.391e+05
9.4263e+05
9.4602e+05
9.4926e+05
9.5235e+05
9.5531e+05
9.5811e+05
9.6078e+05
9.6329e+05
9.6566e+05
9.6788e+05
9.6996e+05
9.7189e+05
9.7368e+05
9.7532e+05
9.7681e+05
9.7816e+05
9.7936e+05
9.8042e+05
9.8133e+05
9.8209e+05
9.8272e+05
9.832e+05
9.8353e+05
9.8373e+05
9.8378e+05
9.8369e+05
9.8346e+05
9.8309e+05
9.8258e+05
9.8193e+05
9.8114e+05
9.8022e+05
9.7916e+05
9.7796e+05
9.7664e+05
9.7518e+05
9.7358e+05
9.7186e+05
9.7001e+05
9.6803e+05
9.6592e+05
9.6368e+05
9.6132e+05
9.5884e+05
9.5623e+05
9.535e+05
9.5065e+05
9.4769e+05
9.4461e+05
9.4141e+05
9.3809e+05
9.3467e+05
9.3113e+05
9.2749e+05
9.2373e+05
9.1987e+05
9.1591e+05
9.1184e+05
9.0767e+05
9.034e+05
8.9903e+05
8.9456e+05
8.9e+05
8.8535e+05
8.806e+05
8.7577e+05
8.7085e+05
8.6584e+05
8.6074e+05
8.5557e+05
8.5031e+05
8.4498e+05
8.3956e+05
8.3408e+05
8.2851e+05
8.2288e+05
8.1718e+05
8.1141e+05
8.0557e+05
7.9968e+05
7.9371e+05
7.8769e+05
7.8161e+05
7.7548e+05
7.6929e+05
7.6305e+05
7.5675e+05
7.5041e+05
7.4403e+05
7.3759e+05
7.3112e+05
7.246e+05
7.1805e+05
7.1146e+05
7.0484e+05
6.9818e+05
6.9149e+05
6.8477e+05
6.7803e+05
6.7126e+05
6.6446e+05
6.5765e+05
6.5081e+05
6.4396e+05
6.3709e+05
6.3021e+05
6.2331e+05
6.1641e+05
6.095e+05
6.0258e+05
5.9565e+05
5.8872e+05
5.8179e+05
5.7486e+05
5.6794e+05
5.6101e+05
5.5409e+05
5.4718e+05
5.4028e+05
5.3339e+05
5.2651e+05
5.1964e+05
5.1279e+05
5.0595e+05
4.9913e+05
4.9234e+05
4.8556e+05
4.788e+05
4.7207e+05
4.6537e+05
4.5869e+05
4.5204e+05
4.4542e+05
4.3883e+05
4.3227e+05
4.2574e+05
4.1925e+05
4.1279e+05
4.0637e+05
3.9999e+05
3.9365e+05
3.8734e+05
3.8108e+05
3.7486e+05
3.6868e+05
3.6255e+05
3.5646e+05
3.5042e+05
3.4442e+05
3.3847e+05
3.3257e+05
3.2672e+05
3.2091e+05
3.1516e+05
3.0946e+05
3.0381e+05
2.9821e+05
2.9267e+05
2.8718e+05
2.8174e+05
2.7636e+05
2.7104e+05
2.6576e+05
2.6055e+05
2.5539e+05
2.5029e+05
2.4525e+05
2.4026e+05
2.3533e+05
2.3046e+05
2.2565e+05
2.209e+05
2.162e+05
2.1157e+05
2.0699e+05
2.0248e+05
1.9802e+05
1.9362e+05
1.8928e+05
1.85e+05
1.8078e+05
1.7663e+05
1.7253e+05
1.6849e+05
1.645e+05
1.6058e+05
1.5672e+05
1.5292e+05
1.4917e+05
1.4549e+05
1.4186e+05
1.3829e+05
1.3478e+05
1.3133e+05
1.2794e+05
1.246e+05
1.2132e+05
1.181e+05
1.1493e+05
1.1182e+05
1.0877e+05
1.0577e+05
1.0283e+05
99939
97106
94326
91599
88926
86306
83737
81221
78756
76342
73978
71664
69400
67185
65017
62898
60826
58801
56822
54889
53001
51158
49358
47602
45890
44219
42590
41002
39455
37948
36481
35052
33662
32309
30993
29714
28471
27263
26090
24951
23845
22773
21733
20724
19747
18800
17884
16997
16138
15308
14506
13731
12982
12260
11563
10890
10242
9617.9
9016.9
8438.5
7882.2
7347.4
6833.7
6340.5
5867.2
5413.4
4978.6
4562.1
4163.5
3782.3
3418
3070.1
2738.1
2421.5
2119.9
1832.7
1559.5
1299.8
1053.1
819.08
597.19
387.01
188.09
0
