81692
85480
89522
93811
98345
1.0312e+05
1.0812e+05
1.1335e+05
1.1879e+05
1.2443e+05
1.3028e+05
1.363e+05
1.4249e+05
1.4885e+05
1.5534e+05
1.6197e+05
1.6871e+05
1.7555e+05
1.8248e+05
1.8947e+05
1.9652e+05
2.036e+05
2.1069e+05
2.1779e+05
2.2486e+05
2.319e+05
2.3889e+05
2.4581e+05
2.5263e+05
2.5936e+05
2.6596e+05
2.7243e+05
2.7874e+05
2.8488e+05
2.9083e+05
2.9659e+05
3.0213e+05
3.0745e+05
3.1252e+05
3.1735e+05
3.2191e+05
3.262e+05
3.302e+05
3.3391e+05
3.3733e+05
3.4043e+05
3.4323e+05
3.457e+05
3.4785e+05
3.4967e+05
3.5116e+05
3.5232e+05
3.5315e+05
3.5365e+05
3.5381e+05
3.5364e+05
3.5315e+05
3.5233e+05
3.5118e+05
3.4973e+05
3.4796e+05
3.4588e+05
3.4351e+05
3.4085e+05
3.379e+05
3.3468e+05
3.312e+05
3.2746e+05
3.2347e+05
3.1925e+05
3.148e+05
3.1014e+05
3.0528e+05
3.0023e+05
2.95e+05
2.896e+05
2.8405e+05
2.7836e+05
2.7253e+05
2.6659e+05
2.6054e+05
2.544e+05
2.4818e+05
2.4189e+05
2.3554e+05
2.2915e+05
2.2272e+05
2.1627e+05
2.0981e+05
2.0335e+05
1.9691e+05
1.9048e+05
1.8409e+05
1.7774e+05
1.7144e+05
1.6521e+05
1.5904e+05
1.5296e+05
1.4697e+05
1.4107e+05
1.3528e+05
1.296e+05
1.2404e+05
1.1861e+05
1.1332e+05
1.0816e+05
1.0316e+05
98302
93607
89075
84713
80524
76513
72685
69042
65589
62329
59264
56399
53733
51271
49014
46963
45120
43485
42059
40843
39837
39040
38451
38071
37898
37930
38166
38604
39240
40073
41099
42315
43718
45303
47065
49001
51105
53372
55796
58372
61093
63953
66945
70063
73299
76645
80095
83640
87272
90984
94766
98611
1.0251e+05
1.0645e+05
1.1044e+05
1.1445e+05
1.1847e+05
1.2252e+05
1.2656e+05
1.306e+05
1.3462e+05
1.3862e+05
1.4259e+05
1.4652e+05
1.5041e+05
1.5424e+05
1.5801e+05
1.6171e+05
1.6534e+05
1.6888e+05
1.7234e+05
1.757e+05
1.7897e+05
1.8213e+05
1.8518e+05
1.8812e+05
1.9094e+05
1.9364e+05
1.9622e+05
1.9867e+05
2.0098e+05
2.0317e+05
2.0522e+05
2.0713e+05
2.0891e+05
2.1055e+05
2.1205e+05
2.1342e+05
2.1465e+05
2.1573e+05
2.1669e+05
2.175e+05
2.1818e+05
2.1873e+05
2.1915e+05
2.1944e+05
2.196e+05
2.1964e+05
2.1955e+05
2.1934e+05
2.1902e+05
2.1858e+05
2.1803e+05
2.1736e+05
2.166e+05
2.1572e+05
2.1475e+05
2.1368e+05
2.1251e+05
2.1125e+05
2.0989e+05
2.0845e+05
2.0692e+05
2.0531e+05
2.0362e+05
2.0185e+05
2e+05
1.9807e+05
1.9608e+05
1.9401e+05
1.9187e+05
1.8966e+05
1.8739e+05
1.8506e+05
1.8266e+05
1.802e+05
1.7768e+05
1.751e+05
1.7247e+05
1.6978e+05
1.6704e+05
1.6425e+05
1.6141e+05
1.5852e+05
1.5558e+05
1.526e+05
1.4958e+05
1.4652e+05
1.4343e+05
1.403e+05
1.3713e+05
1.3394e+05
1.3073e+05
1.2749e+05
1.2423e+05
1.2095e+05
1.1766e+05
1.1437e+05
1.1106e+05
1.0776e+05
1.0446e+05
1.0116e+05
97881
94614
91366
88142
84947
81785
78660
75577
72539
69552
66619
63744
60931
58183
55505
52898
50367
47914
45540
43249
41043
38922
36888
34942
33084
31314
29633
28039
26533
25111
23774
22519
21344
20246
19222
18270
17387
16568
15810
15109
14461
13862
13308
12794
12316
11871
11453
11059
10684
10326
9979.4
9641.7
9309.5
8979.9
8650.3
8318.2
7981.7
7639.2
7289.4
6931.4
6564.7
6189.2
5805.4
5413.7
5015.6
4612.3
4205.9
3798.7
3393.4
2992.8
2600.5
2219.8
1854.9
1509.6
1188.5
895.81
636.3
414.59
235.41
103.49
23.489
0
37.469
140.16
312.11
557.1
878.56
1279.6
1762.9
2330.7
2984.9
3726.6
4556.6
5475.2
6481.8
7575.5
8754.6
10017
11359
12778
14270
15829
17450
19127
20854
22623
24426
26255
28102
29957
31811
33654
35477
37268
39018
40717
42354
43919
45403
46794
48084
49264
50326
51260
52061
52720
53233
53594
53799
53845
53730
53452
53012
52412
51652
50738
49674
48467
47124
45654
44068
42376
40593
38731
36807
34837
32840
30833
28837
26872
24962
23129
21395
19786
18326
17041
15956
15097
14491
14163
14139
14446
15109
16153
17603
19483
21815
24623
27927
31747
36102
41010
46487
52546
59202
66464
74342
82844
91974
1.0174e+05
1.1213e+05
1.2316e+05
1.3482e+05
1.471e+05
1.6001e+05
1.7352e+05
1.8762e+05
2.0231e+05
2.1757e+05
2.3337e+05
2.4971e+05
2.6655e+05
2.8387e+05
3.0165e+05
3.1986e+05
3.3847e+05
3.5744e+05
3.7676e+05
3.9637e+05
4.1625e+05
4.3635e+05
4.5665e+05
4.7709e+05
4.9765e+05
5.1827e+05
5.3893e+05
5.5957e+05
5.8015e+05
6.0063e+05
6.2098e+05
6.4113e+05
6.6106e+05
6.8072e+05
7.0007e+05
7.1907e+05
7.3767e+05
7.5584e+05
7.7353e+05
7.9072e+05
8.0736e+05
8.2342e+05
8.3887e+05
8.5367e+05
8.6779e+05
8.812e+05
8.9388e+05
9.058e+05
9.1693e+05
9.2727e+05
9.3677e+05
9.4544e+05
9.5325e+05
9.6019e+05
9.6625e+05
9.7142e+05
9.757e+05
9.7907e+05
9.8154e+05
9.8311e+05
9.8378e+05
9.8355e+05
9.8242e+05
9.8042e+05
9.7754e+05
9.7381e+05
9.6922e+05
9.6381e+05
9.5758e+05
9.5055e+05
9.4275e+05
9.342e+05
9.2493e+05
9.1494e+05
9.0428e+05
8.9297e+05
8.8104e+05
8.6851e+05
8.5543e+05
8.4181e+05
8.2768e+05
8.1309e+05
7.9807e+05
7.8264e+05
7.6684e+05
7.507e+05
7.3426e+05
7.1754e+05
7.0059e+05
6.8344e+05
6.6611e+05
6.4865e+05
6.3108e+05
6.1343e+05
5.9573e+05
5.7803e+05
5.6033e+05
5.4269e+05
5.2511e+05
5.0763e+05
4.9028e+05
4.7308e+05
4.5605e+05
4.3922e+05
4.2261e+05
4.0625e+05
3.9014e+05
3.7432e+05
3.5879e+05
3.4358e+05
3.287e+05
3.1416e+05
2.9998e+05
2.8617e+05
2.7274e+05
2.597e+05
2.4705e+05
2.3481e+05
2.2298e+05
2.1156e+05
2.0057e+05
1.8999e+05
1.7984e+05
1.7012e+05
1.6081e+05
1.5193e+05
1.4347e+05
1.3543e+05
1.278e+05
1.2057e+05
1.1375e+05
1.0733e+05
1.0129e+05
95639
90357
85438
80874
76653
72766
69201
65947
62992
60325
57932
55802
53922
52279
50860
49651
48641
47816
47163
46670
46323
46109
46018
46035
46150
46351
46625
46963
47354
47787
48252
48739
49240
49746
50249
50741
51214
51662
52079
52459
52796
53086
53325
53508
53633
53697
53698
53634
53503
53305
53040
52707
52307
51842
51312
50718
50064
49351
48582
47761
46889
45972
45012
44013
42979
41915
40824
39712
38582
37439
36287
35132
33976
32826
31684
30556
29445
28355
27290
26254
25250
24280
23349
22459
21611
20810
20056
19351
18696
18094
17543
17047
16603
16213
15877
15593
15361
15180
15050
14967
14931
14939
14991
15082
15211
15376
15573
15799
16052
16329
16627
16942
17271
17611
17959
18312
18666
19019
19367
19708
20039
20357
20659
20944
21208
21450
21667
21859
22023
22157
22262
22335
22375
22383
22358
22298
22206
22079
21920
21728
21504
21248
20963
20648
20306
19937
19544
19128
18690
18232
17757
17267
16762
16247
15721
15189
14651
14110
13567
13026
12487
11954
11427
10908
10399
9902.6
9419
8950
8497
8060.9
7643
