1.0315e+05
1.0674e+05
1.1042e+05
1.1418e+05
1.18e+05
1.2189e+05
1.2584e+05
1.2985e+05
1.3391e+05
1.3801e+05
1.4215e+05
1.4633e+05
1.5054e+05
1.5477e+05
1.5901e+05
1.6327e+05
1.6754e+05
1.7181e+05
1.7607e+05
1.8032e+05
1.8456e+05
1.8878e+05
1.9297e+05
1.9713e+05
2.0126e+05
2.0534e+05
2.0938e+05
2.1336e+05
2.173e+05
2.2117e+05
2.2498e+05
2.2871e+05
2.3238e+05
2.3597e+05
2.3948e+05
2.4291e+05
2.4625e+05
2.495e+05
2.5266e+05
2.5572e+05
2.5868e+05
2.6154e+05
2.643e+05
2.6696e+05
2.695e+05
2.7195e+05
2.7428e+05
2.765e+05
2.7861e+05
2.8061e+05
2.825e+05
2.8427e+05
2.8593e+05
2.8748e+05
2.8892e+05
2.9025e+05
2.9147e+05
2.9258e+05
2.9358e+05
2.9448e+05
2.9527e+05
2.9595e+05
2.9654e+05
2.9703e+05
2.9742e+05
2.9771e+05
2.9791e+05
2.9802e+05
2.9805e+05
2.9799e+05
2.9785e+05
2.9763e+05
2.9733e+05
2.9696e+05
2.9653e+05
2.9602e+05
2.9546e+05
2.9483e+05
2.9415e+05
2.9342e+05
2.9263e+05
2.9181e+05
2.9093e+05
2.9002e+05
2.8908e+05
2.881e+05
2.8709e+05
2.8606e+05
2.85e+05
2.8393e+05
2.8283e+05
2.8173e+05
2.8061e+05
2.7949e+05
2.7836e+05
2.7723e+05
2.761e+05
2.7497e+05
2.7385e+05
2.7273e+05
2.7163e+05
2.7054e+05
2.6946e+05
2.6839e+05
2.6735e+05
2.6632e+05
2.6531e+05
2.6433e+05
2.6337e+05
2.6243e+05
2.6151e+05
2.6063e+05
2.5976e+05
2.5893e+05
2.5812e+05
2.5735e+05
2.566e+05
2.5587e+05
2.5518e+05
2.5452e+05
2.5388e+05
2.5327e+05
2.5269e+05
2.5214e+05
2.5162e+05
2.5112e+05
2.5064e+05
2.502e+05
2.4977e+05
2.4937e+05
2.4899e+05
2.4863e+05
2.4829e+05
2.4797e+05
2.4767e+05
2.4739e+05
2.4712e+05
2.4687e+05
2.4663e+05
2.464e+05
2.4618e+05
2.4597e+05
2.4577e+05
2.4557e+05
2.4538e+05
2.452e+05
2.4502e+05
2.4483e+05
2.4465e+05
2.4447e+05
2.4429e+05
2.441e+05
2.439e+05
2.4371e+05
2.435e+05
2.4328e+05
2.4306e+05
2.4283e+05
2.4258e+05
2.4232e+05
2.4205e+05
2.4177e+05
2.4147e+05
2.4115e+05
2.4082e+05
2.4047e+05
2.401e+05
2.3971e+05
2.393e+05
2.3887e+05
2.3843e+05
2.3796e+05
2.3746e+05
2.3695e+05
2.3641e+05
2.3585e+05
2.3527e+05
2.3466e+05
2.3403e+05
2.3337e+05
2.3269e+05
2.3198e+05
2.3125e+05
2.3049e+05
2.2971e+05
2.2889e+05
2.2806e+05
2.2719e+05
2.263e+05
2.2538e+05
2.2443e+05
2.2345e+05
2.2245e+05
2.2142e+05
2.2036e+05
2.1927e+05
2.1816e+05
2.1701e+05
2.1584e+05
2.1463e+05
2.134e+05
2.1214e+05
2.1084e+05
2.0952e+05
2.0817e+05
2.0679e+05
2.0538e+05
2.0393e+05
2.0246e+05
2.0096e+05
1.9942e+05
1.9786e+05
1.9626e+05
1.9463e+05
1.9297e+05
1.9128e+05
1.8956e+05
1.8781e+05
1.8603e+05
1.8422e+05
1.8237e+05
1.805e+05
1.7859e+05
1.7666e+05
1.7469e+05
1.7269e+05
1.7067e+05
1.6862e+05
1.6653e+05
1.6442e+05
1.6229e+05
1.6012e+05
1.5793e+05
1.5572e+05
1.5348e+05
1.5121e+05
1.4892e+05
1.4662e+05
1.4429e+05
1.4194e+05
1.3957e+05
1.3718e+05
1.3478e+05
1.3236e+05
1.2993e+05
1.2749e+05
1.2503e+05
1.2257e+05
1.201e+05
1.1763e+05
1.1515e+05
1.1267e+05
1.1019e+05
1.0771e+05
1.0524e+05
1.0277e+05
1.0032e+05
97866
95430
93008
90604
88218
85853
83512
81196
78909
76652
74427
72237
70083
67969
65896
63866
61881
59944
58056
56218
54434
52705
51032
49416
47860
46365
44931
43561
42255
41014
39839
38731
37690
36716
35811
34973
34204
33502
32868
32302
31802
31368
31000
30695
30453
30273
30152
30091
30086
30135
30238
30391
30592
30840
31130
31461
31830
32234
32670
33135
33626
34139
34672
35220
35781
36350
36926
37503
38079
38650
39212
39763
40298
40813
41307
41775
42214
42622
42994
43328
43621
43870
44073
44227
44331
44381
44376
44314
44194
44013
43772
43469
43103
42674
42182
41626
41007
40326
39582
38778
37914
36993
36015
34984
33901
32769
31591
30371
29112
27818
26493
25140
23766
22374
20971
19560
18148
16741
15345
13966
12610
11284
9995.6
8751.1
7557.9
6423.4
5355
4360.3
3447.1
2623.2
1896.5
1274.8
766.34
379
120.86
0
24.44
202.19
541.2
1049.4
1734.5
2604.2
3666.2
4927.9
6396.6
8079.3
9983.1
12115
14480
17087
19940
23045
26408
30034
33928
38094
42536
47259
52266
57559
63143
69018
75186
81650
88411
95468
1.0282e+05
1.1047e+05
1.1842e+05
1.2666e+05
1.352e+05
1.4402e+05
1.5314e+05
1.6253e+05
1.7222e+05
1.8217e+05
1.9241e+05
2.0291e+05
2.1367e+05
2.2469e+05
2.3596e+05
2.4747e+05
2.5922e+05
2.712e+05
2.834e+05
2.9581e+05
3.0843e+05
3.2124e+05
3.3423e+05
3.474e+05
3.6073e+05
3.7421e+05
3.8784e+05
4.016e+05
4.1547e+05
4.2945e+05
4.4353e+05
4.5768e+05
4.7191e+05
4.8619e+05
5.0051e+05
5.1486e+05
5.2923e+05
5.436e+05
5.5796e+05
5.7229e+05
5.8658e+05
6.0082e+05
6.1499e+05
6.2907e+05
6.4306e+05
6.5694e+05
6.7069e+05
6.8431e+05
6.9777e+05
7.1107e+05
7.2418e+05
7.371e+05
7.4982e+05
7.6231e+05
7.7458e+05
7.8659e+05
7.9835e+05
8.0984e+05
8.2104e+05
8.3195e+05
8.4256e+05
8.5285e+05
8.6281e+05
8.7243e+05
8.8171e+05
8.9064e+05
8.9919e+05
9.0738e+05
9.1518e+05
9.2259e+05
9.296e+05
9.3621e+05
9.4241e+05
9.4819e+05
9.5356e+05
9.5849e+05
9.63e+05
9.6707e+05
9.707e+05
9.7389e+05
9.7664e+05
9.7895e+05
9.8081e+05
9.8222e+05
9.8318e+05
9.837e+05
9.8378e+05
9.8341e+05
9.8259e+05
9.8134e+05
9.7965e+05
9.7752e+05
9.7497e+05
9.7199e+05
9.6859e+05
9.6477e+05
9.6054e+05
9.5591e+05
9.5088e+05
9.4546e+05
9.3965e+05
9.3347e+05
9.2693e+05
9.2002e+05
9.1276e+05
9.0516e+05
8.9723e+05
8.8898e+05
8.8041e+05
8.7154e+05
8.6238e+05
8.5294e+05
8.4323e+05
8.3327e+05
8.2305e+05
8.126e+05
8.0192e+05
7.9103e+05
7.7994e+05
7.6866e+05
7.572e+05
7.4558e+05
7.3381e+05
7.2189e+05
7.0985e+05
6.9769e+05
6.8543e+05
6.7307e+05
6.6063e+05
6.4813e+05
6.3556e+05
6.2296e+05
6.1032e+05
5.9765e+05
5.8498e+05
5.7231e+05
5.5964e+05
5.47e+05
5.344e+05
5.2183e+05
5.0932e+05
4.9687e+05
4.845e+05
4.722e+05
4.6e+05
4.4789e+05
4.359e+05
4.2402e+05
4.1226e+05
4.0064e+05
3.8915e+05
3.7782e+05
3.6663e+05
3.5561e+05
3.4475e+05
3.3406e+05
3.2355e+05
3.1322e+05
3.0307e+05
2.9312e+05
2.8336e+05
2.7381e+05
2.6445e+05
2.553e+05
2.4636e+05
2.3763e+05
2.2911e+05
2.208e+05
2.1272e+05
2.0485e+05
1.972e+05
1.8976e+05
1.8255e+05
1.7556e+05
1.6878e+05
1.6223e+05
1.5589e+05
1.4977e+05
1.4387e+05
1.3818e+05
1.327e+05
1.2744e+05
1.2238e+05
1.1753e+05
1.1288e+05
1.0843e+05
1.0418e+05
1.0013e+05
96267
92593
89104
85796
82664
79706
76918
74294
71831
69525
67370
65364
63500
61775
60185
58723
57387
56171
55070
54081
53197
52416
51731
51139
50635
50215
49874
49607
49411
49281
49213
49203
49246
49340
49479
49661
49881
50137
50423
50738
51077
51438
51818
52213
52621
53038
53463
53892
54324
54755
55185
55610
56028
56438
56839
57227
57603
57963
58308
58635
58943
59233
59501
59748
59973
60176
60354
60509
60639
60745
60825
60880
60910
60914
60892
60845
60773
60676
60553
60406
60234
60039
59819
59577
59312
59025
58716
58386
58035
57665
57276
56868
56443
56000
55541
55067
54578
54074
53558
53029
52488
51936
51373
50802
50221
49633
49037
48436
47828
47215
46598
45978
45354
44728
44101
43473
42845
42217
41590
40964
40341
39720
39102
38488
37879
37273
36673
36079
35491
34909
34333
