72327
75358
78477
81680
84963
88323
91755
95256
98821
1.0245e+05
1.0613e+05
1.0986e+05
1.1364e+05
1.1746e+05
1.2131e+05
1.252e+05
1.2912e+05
1.3306e+05
1.3702e+05
1.4099e+05
1.4497e+05
1.4895e+05
1.5293e+05
1.5691e+05
1.6087e+05
1.6482e+05
1.6875e+05
1.7265e+05
1.7653e+05
1.8037e+05
1.8417e+05
1.8793e+05
1.9165e+05
1.9531e+05
1.9892e+05
2.0248e+05
2.0597e+05
2.094e+05
2.1276e+05
2.1605e+05
2.1926e+05
2.224e+05
2.2546e+05
2.2844e+05
2.3134e+05
2.3415e+05
2.3687e+05
2.395e+05
2.4204e+05
2.4449e+05
2.4684e+05
2.491e+05
2.5126e+05
2.5333e+05
2.553e+05
2.5718e+05
2.5896e+05
2.6064e+05
2.6223e+05
2.6372e+05
2.6511e+05
2.6641e+05
2.6762e+05
2.6874e+05
2.6976e+05
2.707e+05
2.7155e+05
2.7231e+05
2.7298e+05
2.7358e+05
2.7409e+05
2.7453e+05
2.7489e+05
2.7517e+05
2.7539e+05
2.7553e+05
2.7561e+05
2.7563e+05
2.7558e+05
2.7548e+05
2.7532e+05
2.7511e+05
2.7485e+05
2.7454e+05
2.7419e+05
2.738e+05
2.7337e+05
2.729e+05
2.724e+05
2.7188e+05
2.7132e+05
2.7074e+05
2.7014e+05
2.6952e+05
2.6888e+05
2.6823e+05
2.6757e+05
2.669e+05
2.6623e+05
2.6555e+05
2.6486e+05
2.6418e+05
2.635e+05
2.6282e+05
2.6215e+05
2.6148e+05
2.6082e+05
2.6018e+05
2.5954e+05
2.5892e+05
2.5831e+05
2.5771e+05
2.5714e+05
2.5657e+05
2.5603e+05
2.555e+05
2.5499e+05
2.545e+05
2.5403e+05
2.5358e+05
2.5315e+05
2.5274e+05
2.5234e+05
2.5197e+05
2.5161e+05
2.5127e+05
2.5095e+05
2.5065e+05
2.5036e+05
2.5009e+05
2.4983e+05
2.4959e+05
2.4936e+05
2.4914e+05
2.4894e+05
2.4874e+05
2.4856e+05
2.4838e+05
2.4821e+05
2.4804e+05
2.4788e+05
2.4772e+05
2.4757e+05
2.4741e+05
2.4725e+05
2.471e+05
2.4693e+05
2.4677e+05
2.466e+05
2.4642e+05
2.4623e+05
2.4603e+05
2.4583e+05
2.4561e+05
2.4537e+05
2.4513e+05
2.4486e+05
2.4458e+05
2.4429e+05
2.4397e+05
2.4364e+05
2.4328e+05
2.429e+05
2.4251e+05
2.4208e+05
2.4164e+05
2.4117e+05
2.4067e+05
2.4015e+05
2.3961e+05
2.3903e+05
2.3843e+05
2.378e+05
2.3714e+05
2.3646e+05
2.3574e+05
2.35e+05
2.3423e+05
2.3343e+05
2.326e+05
2.3173e+05
2.3084e+05
2.2992e+05
2.2897e+05
2.2799e+05
2.2698e+05
2.2595e+05
2.2488e+05
2.2378e+05
2.2265e+05
2.215e+05
2.2031e+05
2.191e+05
2.1786e+05
2.1659e+05
2.1529e+05
2.1397e+05
2.1261e+05
2.1123e+05
2.0983e+05
2.084e+05
2.0694e+05
2.0545e+05
2.0394e+05
2.0241e+05
2.0085e+05
1.9926e+05
1.9766e+05
1.9602e+05
1.9437e+05
1.9269e+05
1.9099e+05
1.8926e+05
1.8751e+05
1.8574e+05
1.8395e+05
1.8214e+05
1.803e+05
1.7845e+05
1.7657e+05
1.7468e+05
1.7276e+05
1.7082e+05
1.6887e+05
1.669e+05
1.649e+05
1.6289e+05
1.6087e+05
1.5882e+05
1.5676e+05
1.5468e+05
1.5259e+05
1.5048e+05
1.4835e+05
1.4622e+05
1.4406e+05
1.419e+05
1.3972e+05
1.3753e+05
1.3533e+05
1.3312e+05
1.309e+05
1.2867e+05
1.2643e+05
1.2418e+05
1.2193e+05
1.1967e+05
1.1741e+05
1.1515e+05
1.1288e+05
1.1061e+05
1.0835e+05
1.0608e+05
1.0381e+05
1.0155e+05
99296
97045
94802
92568
90344
88131
85932
83747
81578
79427
77294
75183
73093
71027
68985
66971
64985
63028
61103
59210
57352
55529
53743
51995
50288
48621
46996
45415
43878
42387
40943
39547
38198
36900
35651
34453
33306
32211
31168
30177
29239
28354
27521
26741
26014
25338
24714
24141
23619
23146
22722
22346
22017
21733
21494
21298
21143
21028
20952
20911
20906
20933
20991
21077
21190
21327
21486
21665
21860
22071
22293
22526
22765
23009
23256
23502
23745
23982
24212
24431
24637
24828
25002
25156
25288
25395
25477
25531
25555
25548
25508
25434
25324
25177
24992
24769
24507
24206
23864
23483
23062
22601
22102
21564
20989
20377
19731
19052
18342
17602
16835
16043
15230
14398
13550
12690
11822
10948
10074
9204
8341.8
7492.3
6660.6
5851.6
5070.6
4323.2
3614.9
2951.5
2338.9
1783.2
1290.7
867.55
520.33
255.57
79.883
0
22.698
154.81
403.22
774.81
1276.5
1915.2
2697.8
3631.2
4722.2
5977.6
7404
9008.1
10796
12775
14951
17329
19916
22718
25740
28987
32465
36178
40132
44330
48777
53476
58432
63646
69123
74864
80873
87150
93697
1.0052e+05
1.0761e+05
1.1497e+05
1.226e+05
1.3051e+05
1.3869e+05
1.4714e+05
1.5586e+05
1.6484e+05
1.7408e+05
1.8359e+05
1.9335e+05
2.0337e+05
2.1364e+05
2.2415e+05
2.349e+05
2.4588e+05
2.5709e+05
2.6853e+05
2.8017e+05
2.9203e+05
3.0409e+05
3.1633e+05
3.2877e+05
3.4137e+05
3.5415e+05
3.6708e+05
3.8016e+05
3.9337e+05
4.0671e+05
4.2017e+05
4.3373e+05
4.4739e+05
4.6113e+05
4.7493e+05
4.888e+05
5.0272e+05
5.1666e+05
5.3063e+05
5.4461e+05
5.5858e+05
5.7254e+05
5.8646e+05
6.0034e+05
6.1416e+05
6.2792e+05
6.4159e+05
6.5516e+05
6.6862e+05
6.8196e+05
6.9516e+05
7.0821e+05
7.211e+05
7.3381e+05
7.4633e+05
7.5865e+05
7.7075e+05
7.8262e+05
7.9426e+05
8.0564e+05
8.1676e+05
8.2761e+05
8.3817e+05
8.4843e+05
8.5838e+05
8.6802e+05
8.7732e+05
8.8629e+05
8.9491e+05
9.0318e+05
9.1108e+05
9.186e+05
9.2575e+05
9.3251e+05
9.3887e+05
9.4483e+05
9.5039e+05
9.5553e+05
9.6026e+05
9.6456e+05
9.6843e+05
9.7188e+05
9.7489e+05
9.7747e+05
9.7961e+05
9.8131e+05
9.8258e+05
9.834e+05
9.8378e+05
9.8372e+05
9.8322e+05
9.8228e+05
9.809e+05
9.791e+05
9.7686e+05
9.7419e+05
9.711e+05
9.676e+05
9.6367e+05
9.5934e+05
9.546e+05
9.4947e+05
9.4395e+05
9.3804e+05
9.3175e+05
9.251e+05
9.1808e+05
9.1071e+05
9.03e+05
8.9495e+05
8.8658e+05
8.7789e+05
8.689e+05
8.596e+05
8.5003e+05
8.4018e+05
8.3006e+05
8.197e+05
8.0909e+05
7.9825e+05
7.8719e+05
7.7593e+05
7.6447e+05
7.5283e+05
7.4102e+05
7.2905e+05
7.1694e+05
7.0469e+05
6.9232e+05
6.7983e+05
6.6725e+05
6.5459e+05
6.4185e+05
6.2905e+05
6.162e+05
6.0331e+05
5.904e+05
5.7747e+05
5.6454e+05
5.5161e+05
5.3871e+05
5.2584e+05
5.13e+05
5.0022e+05
4.875e+05
4.7485e+05
4.6228e+05
4.498e+05
4.3742e+05
4.2515e+05
4.1299e+05
4.0097e+05
3.8907e+05
3.7732e+05
3.6572e+05
3.5427e+05
3.4299e+05
3.3188e+05
3.2094e+05
3.1019e+05
2.9962e+05
2.8925e+05
2.7907e+05
2.6909e+05
2.5932e+05
2.4976e+05
2.4042e+05
2.3129e+05
2.2238e+05
2.1369e+05
2.0522e+05
1.9698e+05
1.8897e+05
1.8119e+05
1.7364e+05
1.6631e+05
1.5922e+05
1.5236e+05
1.4572e+05
1.3932e+05
1.3315e+05
1.272e+05
1.2148e+05
1.1598e+05
1.107e+05
1.0565e+05
1.0081e+05
96185
91774
87572
83577
79784
76189
72790
69583
66562
63725
61066
58582
56268
54118
52129
50296
48614
47077
45681
44422
43293
42289
41407
40640
39984
39433
38983
38628
38363
38184
38085
38063
38111
38226
38402
38635
38921
39255
39633
40051
40505
40990
41503
42040
42598
43172
43760
44358
44963
45573
46183
46792
47396
47994
48582
49159
49722
50270
50800
51311
51801
52268
52712
53131
53524
53889
54227
54535
54814
55063
55281
55468
55624
55748
55840
55901
55930
55927
55894
55829
55734
55608
55453
55269
55056
54815
54547
54252
53932
53587
53218
52826
52412
51977
51521
51046
50552
50042
49515
48973
48416
47846
47265
46671
46068
45456
44835
44207
43573
42933
42289
41642
40992
40340
39688
39035
38383
37732
37084
36438
35796
35158
34525
33897
33275
32659
32050
31449
30856
30270
29693
