63604
67120
70902
74948
79254
83816
88628
93685
98977
1.045e+05
1.1024e+05
1.1618e+05
1.2233e+05
1.2866e+05
1.3516e+05
1.4182e+05
1.4862e+05
1.5555e+05
1.626e+05
1.6974e+05
1.7696e+05
1.8425e+05
1.9158e+05
1.9894e+05
2.0631e+05
2.1368e+05
2.2102e+05
2.2831e+05
2.3554e+05
2.4269e+05
2.4974e+05
2.5668e+05
2.6348e+05
2.7013e+05
2.7661e+05
2.829e+05
2.8899e+05
2.9487e+05
3.0052e+05
3.0592e+05
3.1106e+05
3.1593e+05
3.2052e+05
3.2481e+05
3.288e+05
3.3247e+05
3.3582e+05
3.3884e+05
3.4152e+05
3.4386e+05
3.4584e+05
3.4748e+05
3.4876e+05
3.4969e+05
3.5026e+05
3.5047e+05
3.5032e+05
3.4982e+05
3.4896e+05
3.4776e+05
3.4621e+05
3.4432e+05
3.4211e+05
3.3956e+05
3.367e+05
3.3352e+05
3.3005e+05
3.2629e+05
3.2224e+05
3.1793e+05
3.1336e+05
3.0854e+05
3.0349e+05
2.9822e+05
2.9274e+05
2.8706e+05
2.8121e+05
2.7519e+05
2.6901e+05
2.627e+05
2.5627e+05
2.4972e+05
2.4308e+05
2.3636e+05
2.2957e+05
2.2273e+05
2.1585e+05
2.0894e+05
2.0202e+05
1.9511e+05
1.8821e+05
1.8134e+05
1.7451e+05
1.6774e+05
1.6103e+05
1.544e+05
1.4785e+05
1.4141e+05
1.3507e+05
1.2886e+05
1.2277e+05
1.1682e+05
1.1102e+05
1.0538e+05
99898
94587
89455
84507
79750
75189
70830
66678
62736
59010
55501
52215
49153
46318
43711
41335
39190
37277
35597
34150
32935
31951
31198
30675
30378
30307
30459
30830
31419
32221
33232
34449
35868
37482
39288
41280
43452
45799
48314
50990
53822
56801
59922
63175
66554
70051
73657
77364
81165
85049
89009
93035
97119
1.0125e+05
1.0542e+05
1.0963e+05
1.1385e+05
1.1809e+05
1.2233e+05
1.2656e+05
1.3078e+05
1.3498e+05
1.3914e+05
1.4326e+05
1.4734e+05
1.5135e+05
1.553e+05
1.5918e+05
1.6298e+05
1.6669e+05
1.703e+05
1.7382e+05
1.7722e+05
1.8052e+05
1.8369e+05
1.8674e+05
1.8966e+05
1.9245e+05
1.9511e+05
1.9762e+05
1.9998e+05
2.022e+05
2.0427e+05
2.0619e+05
2.0796e+05
2.0957e+05
2.1103e+05
2.1234e+05
2.1349e+05
2.1448e+05
2.1532e+05
2.1601e+05
2.1655e+05
2.1694e+05
2.1718e+05
2.1727e+05
2.1722e+05
2.1703e+05
2.1671e+05
2.1624e+05
2.1565e+05
2.1493e+05
2.1409e+05
2.1312e+05
2.1204e+05
2.1085e+05
2.0954e+05
2.0813e+05
2.0662e+05
2.05e+05
2.033e+05
2.015e+05
1.9962e+05
1.9765e+05
1.956e+05
1.9347e+05
1.9127e+05
1.89e+05
1.8666e+05
1.8425e+05
1.8178e+05
1.7926e+05
1.7667e+05
1.7403e+05
1.7134e+05
1.686e+05
1.6581e+05
1.6298e+05
1.601e+05
1.5718e+05
1.5422e+05
1.5122e+05
1.4819e+05
1.4512e+05
1.4202e+05
1.389e+05
1.3574e+05
1.3256e+05
1.2935e+05
1.2613e+05
1.2288e+05
1.1962e+05
1.1634e+05
1.1305e+05
1.0976e+05
1.0645e+05
1.0315e+05
99843
96542
93248
89964
86694
83443
80213
77010
73837
70697
67596
64538
61527
58567
55662
52817
50036
47322
44681
42115
39628
37224
34906
32678
30541
28498
26552
24705
22958
21313
19769
18329
16992
15757
14625
13594
12663
11830
11093
10449
9895.2
9428.6
9045.5
8742
8513.7
8356.1
8264.6
8233.9
8259.1
8334.6
8455.1
8614.8
8808.2
9029.5
9273
9533.1
9804.2
10081
10358
10630
10893
11141
11370
11577
11757
11908
12026
12110
12156
12164
12132
12060
11947
11794
11602
11373
11107
10807
10475
10116
9732.4
9327.9
8906.9
8473.9
8033.9
7591.9
7153.1
6723
6307.2
5911.2
5540.7
5201.4
4898.8
4638.3
4425.2
4264.6
4161.2
4119.5
4143.7
4237.5
4404.2
4646.6
4966.9
5367.1
5848.2
6411
7055.3
7780.5
8585.4
9467.9
10426
11455
12553
13713
14933
16204
17522
18879
20268
21681
23111
24547
25982
27405
28809
30183
31517
32803
34030
35189
36272
37268
38171
38971
39661
40235
40686
41009
41198
41251
41164
40935
40563
40049
39394
38600
37672
36614
35432
34134
32728
31225
29635
27972
26250
24482
22685
20876
19075
17299
15570
13908
12336
10877
9552.8
8388.7
7408.7
6637.6
6100.6
5822.8
5829.4
6145.7
6796.6
7806.7
9200.4
11001
13233
15917
19074
22727
26893
31591
36837
42648
49036
56014
63593
71781
80585
90011
1.0006e+05
1.1074e+05
1.2204e+05
1.3396e+05
1.4649e+05
1.5964e+05
1.7339e+05
1.8772e+05
2.0263e+05
2.1809e+05
2.341e+05
2.5063e+05
2.6765e+05
2.8515e+05
3.031e+05
3.2147e+05
3.4024e+05
3.5936e+05
3.7881e+05
3.9856e+05
4.1856e+05
4.3879e+05
4.5919e+05
4.7975e+05
5.004e+05
5.2113e+05
5.4187e+05
5.6259e+05
5.8325e+05
6.0381e+05
6.2421e+05
6.4443e+05
6.6441e+05
6.8411e+05
7.035e+05
7.2253e+05
7.4115e+05
7.5933e+05
7.7704e+05
7.9422e+05
8.1084e+05
8.2688e+05
8.4229e+05
8.5704e+05
8.7109e+05
8.8443e+05
8.9702e+05
9.0884e+05
9.1985e+05
9.3005e+05
9.394e+05
9.479e+05
9.5552e+05
9.6225e+05
9.6808e+05
9.73e+05
9.77e+05
9.8008e+05
9.8224e+05
9.8347e+05
9.8378e+05
9.8316e+05
9.8164e+05
9.792e+05
9.7587e+05
9.7166e+05
9.6658e+05
9.6064e+05
9.5387e+05
9.4628e+05
9.3789e+05
9.2874e+05
9.1883e+05
9.0821e+05
8.9689e+05
8.849e+05
8.7228e+05
8.5905e+05
8.4524e+05
8.3089e+05
8.1603e+05
8.007e+05
7.8492e+05
7.6874e+05
7.5218e+05
7.3529e+05
7.1809e+05
7.0063e+05
6.8293e+05
6.6504e+05
6.4699e+05
6.2881e+05
6.1053e+05
5.922e+05
5.7383e+05
5.5548e+05
5.3716e+05
5.189e+05
5.0074e+05
4.8271e+05
4.6483e+05
4.4713e+05
4.2964e+05
4.1237e+05
3.9536e+05
3.7862e+05
3.6218e+05
3.4606e+05
3.3027e+05
3.1482e+05
2.9975e+05
2.8505e+05
2.7075e+05
2.5686e+05
2.4338e+05
2.3032e+05
2.177e+05
2.0551e+05
1.9377e+05
1.8248e+05
1.7164e+05
1.6125e+05
1.5131e+05
1.4182e+05
1.3279e+05
1.242e+05
1.1605e+05
1.0834e+05
1.0107e+05
94222
87792
81773
76155
70929
66085
61611
57496
53729
50297
47188
44388
41883
39662
37709
36012
34556
33327
32311
31494
30863
30403
30102
29946
29921
30015
30215
30509
30885
31332
31838
32392
32985
33607
34248
34899
35552
36199
36833
37447
38035
38590
39108
39584
40013
40392
40717
40986
41197
41348
41436
41463
41426
41326
41164
40940
40654
40309
39907
39448
38936
38374
37762
37106
36408
35670
34897
34093
33260
32403
31524
30629
29721
28803
27879
26953
26029
25110
24199
23299
22415
21548
20702
19879
19081
18312
17572
16865
16191
15552
14949
14383
13856
13367
12917
12506
12134
11801
11506
11249
11028
10843
10693
10576
10491
10435
10408
10407
10431
10477
10543
10628
10728
10842
10966
11100
11240
11385
11532
11678
11822
11961
12094
12219
12333
12435
12523
12596
12652
12690
12709
12708
12686
12642
12576
12487
12375
12239
12081
11899
11695
11469
11220
10950
10661
10351
10023
9678.4
9317.3
8941.4
8552
8150.6
7738.7
7317.9
6889.6
6455.5
6017.3
5576.5
5134.8
4693.8
4255.2
3820.4
3391.1
2968.8
2554.8
2150.7
1757.6
1377
1009.8
657.31
320.4
0
