9.8378e+05
9.7989e+05
9.7593e+05
9.7192e+05
9.6784e+05
9.6371e+05
9.5951e+05
9.5526e+05
9.5095e+05
9.4659e+05
9.4218e+05
9.3771e+05
9.3319e+05
9.2862e+05
9.2401e+05
9.1934e+05
9.1463e+05
9.0988e+05
9.0508e+05
9.0024e+05
8.9536e+05
8.9044e+05
8.8548e+05
8.8048e+05
8.7544e+05
8.7037e+05
8.6527e+05
8.6013e+05
8.5496e+05
8.4976e+05
8.4454e+05
8.3928e+05
8.34e+05
8.2869e+05
8.2335e+05
8.18e+05
8.1262e+05
8.0722e+05
8.018e+05
7.9636e+05
7.909e+05
7.8542e+05
7.7993e+05
7.7443e+05
7.6891e+05
7.6337e+05
7.5783e+05
7.5228e+05
7.4671e+05
7.4114e+05
7.3556e+05
7.2998e+05
7.2439e+05
7.1879e+05
7.1319e+05
7.0759e+05
7.0199e+05
6.9639e+05
6.9079e+05
6.8518e+05
6.7959e+05
6.7399e+05
6.684e+05
6.6281e+05
6.5723e+05
6.5166e+05
6.4609e+05
6.4054e+05
6.3499e+05
6.2945e+05
6.2393e+05
6.1841e+05
6.1291e+05
6.0742e+05
6.0195e+05
5.9649e+05
5.9105e+05
5.8562e+05
5.8021e+05
5.7482e+05
5.6945e+05
5.641e+05
5.5877e+05
5.5346e+05
5.4817e+05
5.429e+05
5.3766e+05
5.3244e+05
5.2724e+05
5.2207e+05
5.1692e+05
5.118e+05
5.0671e+05
5.0164e+05
4.9661e+05
4.916e+05
4.8662e+05
4.8167e+05
4.7675e+05
4.7186e+05
4.67e+05
4.6217e+05
4.5737e+05
4.5261e+05
4.4788e+05
4.4319e+05
4.3852e+05
4.339e+05
4.293e+05
4.2475e+05
4.2022e+05
4.1574e+05
4.1129e+05
4.0688e+05
4.025e+05
3.9816e+05
3.9386e+05
3.896e+05
3.8538e+05
3.8119e+05
3.7705e+05
3.7294e+05
3.6888e+05
3.6485e+05
3.6087e+05
3.5692e+05
3.5302e+05
3.4915e+05
3.4533e+05
3.4155e+05
3.3781e+05
3.3412e+05
3.3046e+05
3.2685e+05
3.2328e+05
3.1976e+05
3.1627e+05
3.1283e+05
3.0944e+05
3.0608e+05
3.0277e+05
2.995e+05
2.9628e+05
2.931e+05
2.8996e+05
2.8687e+05
2.8382e+05
2.8082e+05
2.7786e+05
2.7494e+05
2.7207e+05
2.6924e+05
2.6646e+05
2.6372e+05
2.6103e+05
2.5838e+05
2.5577e+05
2.5321e+05
2.5069e+05
2.4822e+05
2.4579e+05
2.4341e+05
2.4107e+05
2.3877e+05
2.3652e+05
2.3431e+05
2.3215e+05
2.3003e+05
2.2795e+05
2.2592e+05
2.2393e+05
2.2198e+05
2.2008e+05
2.1822e+05
2.164e+05
2.1463e+05
2.129e+05
2.1121e+05
2.0956e+05
2.0796e+05
2.064e+05
2.0488e+05
2.034e+05
2.0197e+05
2.0057e+05
1.9922e+05
1.9791e+05
1.9664e+05
1.9541e+05
1.9422e+05
1.9307e+05
1.9197e+05
1.909e+05
1.8987e+05
1.8888e+05
1.8793e+05
1.8702e+05
1.8615e+05
1.8531e+05
1.8452e+05
1.8376e+05
1.8304e+05
1.8236e+05
1.8171e+05
1.8111e+05
1.8054e+05
1.8e+05
1.795e+05
1.7904e+05
1.7861e+05
1.7822e+05
1.7786e+05
1.7754e+05
1.7725e+05
1.77e+05
1.7678e+05
1.7659e+05
1.7644e+05
1.7632e+05
1.7623e+05
1.7617e+05
1.7615e+05
1.7616e+05
1.7619e+05
1.7626e+05
1.7636e+05
1.7649e+05
1.7665e+05
1.7684e+05
1.7706e+05
1.7731e+05
1.7759e+05
1.7789e+05
1.7822e+05
1.7858e+05
1.7897e+05
1.7938e+05
1.7982e+05
1.8028e+05
1.8078e+05
1.8129e+05
1.8183e+05
1.824e+05
1.8299e+05
1.836e+05
1.8424e+05
1.849e+05
1.8558e+05
1.8629e+05
1.8702e+05
1.8776e+05
1.8853e+05
1.8932e+05
1.9014e+05
1.9097e+05
1.9182e+05
1.9269e+05
1.9358e+05
1.9449e+05
1.9541e+05
1.9636e+05
1.9732e+05
1.983e+05
1.9929e+05
2.003e+05
2.0133e+05
2.0237e+05
2.0343e+05
2.045e+05
2.0559e+05
2.0669e+05
2.0781e+05
2.0894e+05
2.1008e+05
2.1123e+05
2.124e+05
2.1358e+05
2.1477e+05
2.1597e+05
2.1718e+05
2.184e+05
2.1963e+05
2.2087e+05
2.2212e+05
2.2338e+05
2.2465e+05
2.2592e+05
2.2721e+05
2.285e+05
2.2979e+05
2.311e+05
2.3241e+05
2.3373e+05
2.3505e+05
2.3637e+05
2.3771e+05
2.3904e+05
2.4038e+05
2.4173e+05
2.4308e+05
2.4443e+05
2.4578e+05
2.4714e+05
2.485e+05
2.4986e+05
2.5122e+05
2.5258e+05
2.5395e+05
2.5531e+05
2.5668e+05
2.5804e+05
2.5941e+05
2.6077e+05
2.6213e+05
2.6349e+05
2.6485e+05
2.6621e+05
2.6756e+05
2.6891e+05
2.7026e+05
2.716e+05
2.7294e+05
2.7428e+05
2.7562e+05
2.7694e+05
2.7827e+05
2.7959e+05
2.809e+05
2.8221e+05
2.8351e+05
2.8481e+05
2.861e+05
2.8738e+05
2.8865e+05
2.8992e+05
2.9118e+05
2.9243e+05
2.9368e+05
2.9492e+05
2.9614e+05
2.9736e+05
2.9857e+05
2.9977e+05
3.0097e+05
3.0215e+05
3.0332e+05
3.0448e+05
3.0563e+05
3.0677e+05
3.079e+05
3.0902e+05
3.1013e+05
3.1122e+05
3.123e+05
3.1338e+05
3.1444e+05
3.1548e+05
3.1652e+05
3.1754e+05
3.1855e+05
3.1954e+05
3.2053e+05
3.215e+05
3.2245e+05
3.2339e+05
3.2432e+05
3.2524e+05
3.2613e+05
3.2702e+05
3.2789e+05
3.2875e+05
3.2959e+05
3.3041e+05
3.3122e+05
3.3202e+05
3.328e+05
3.3356e+05
3.3431e+05
3.3504e+05
3.3576e+05
3.3646e+05
3.3714e+05
3.3781e+05
3.3846e+05
3.391e+05
3.3972e+05
3.4032e+05
3.409e+05
3.4147e+05
3.4202e+05
3.4256e+05
3.4307e+05
3.4357e+05
3.4405e+05
3.4452e+05
3.4497e+05
3.454e+05
3.4581e+05
3.462e+05
3.4658e+05
3.4694e+05
3.4728e+05
3.476e+05
3.4791e+05
3.482e+05
3.4847e+05
3.4872e+05
3.4895e+05
3.4917e+05
3.4936e+05
3.4954e+05
3.497e+05
3.4985e+05
3.4997e+05
3.5008e+05
3.5017e+05
3.5024e+05
3.5029e+05
3.5033e+05
3.5034e+05
3.5034e+05
3.5032e+05
3.5028e+05
3.5023e+05
3.5015e+05
3.5006e+05
3.4995e+05
3.4982e+05
3.4967e+05
3.4951e+05
3.4933e+05
3.4913e+05
3.4891e+05
3.4867e+05
3.4842e+05
3.4815e+05
3.4786e+05
3.4755e+05
3.4723e+05
3.4689e+05
3.4653e+05
3.4615e+05
3.4576e+05
3.4535e+05
3.4492e+05
3.4448e+05
3.4401e+05
3.4354e+05
3.4304e+05
3.4253e+05
3.42e+05
3.4145e+05
3.4089e+05
3.4031e+05
3.3972e+05
3.3911e+05
3.3848e+05
3.3784e+05
3.3718e+05
3.3651e+05
3.3582e+05
3.3511e+05
3.3439e+05
3.3365e+05
3.329e+05
3.3213e+05
3.3135e+05
3.3056e+05
3.2974e+05
3.2892e+05
3.2808e+05
3.2722e+05
3.2635e+05
3.2547e+05
3.2457e+05
3.2366e+05
3.2273e+05
3.2179e+05
3.2084e+05
3.1987e+05
3.1889e+05
3.179e+05
3.1689e+05
3.1588e+05
3.1484e+05
3.138e+05
3.1274e+05
3.1168e+05
3.1059e+05
3.095e+05
3.084e+05
3.0728e+05
3.0615e+05
3.0501e+05
3.0386e+05
3.027e+05
3.0153e+05
3.0034e+05
2.9915e+05
2.9794e+05
2.9673e+05
2.955e+05
2.9427e+05
2.9302e+05
2.9177e+05
2.905e+05
2.8923e+05
2.8794e+05
2.8665e+05
2.8535e+05
2.8404e+05
2.8272e+05
2.8139e+05
2.8006e+05
2.7871e+05
2.7736e+05
2.76e+05
2.7463e+05
2.7325e+05
2.7187e+05
2.7048e+05
2.6908e+05
2.6768e+05
2.6627e+05
2.6485e+05
2.6342e+05
2.6199e+05
2.6056e+05
2.5911e+05
2.5767e+05
2.5621e+05
2.5475e+05
2.5329e+05
2.5182e+05
2.5034e+05
2.4886e+05
2.4737e+05
2.4588e+05
2.4439e+05
2.4289e+05
2.4139e+05
2.3988e+05
2.3837e+05
2.3686e+05
2.3534e+05
2.3382e+05
2.3229e+05
2.3077e+05
2.2924e+05
2.277e+05
2.2617e+05
2.2463e+05
2.2309e+05
2.2155e+05
2.2e+05
2.1845e+05
2.1691e+05
2.1536e+05
2.138e+05
2.1225e+05
2.107e+05
2.0914e+05
2.0759e+05
2.0603e+05
2.0447e+05
2.0291e+05
2.0135e+05
1.998e+05
1.9824e+05
1.9668e+05
1.9512e+05
1.9356e+05
1.92e+05
1.9045e+05
1.8889e+05
1.8733e+05
1.8578e+05
1.8422e+05
1.8267e+05
1.8112e+05
1.7957e+05
1.7802e+05
1.7647e+05
1.7493e+05
1.7338e+05
1.7184e+05
1.703e+05
1.6877e+05
1.6723e+05
1.657e+05
1.6417e+05
1.6264e+05
1.6112e+05
1.596e+05
1.5808e+05
1.5656e+05
1.5505e+05
1.5354e+05
1.5204e+05
1.5054e+05
1.4904e+05
1.4754e+05
1.4605e+05
1.4457e+05
1.4308e+05
1.416e+05
1.4013e+05
1.3866e+05
1.3719e+05
1.3573e+05
1.3427e+05
1.3282e+05
1.3137e+05
1.2993e+05
1.2849e+05
1.2706e+05
1.2563e+05
1.242e+05
1.2279e+05
1.2137e+05
1.1996e+05
1.1856e+05
1.1716e+05
1.1577e+05
1.1439e+05
1.1301e+05
1.1163e+05
1.1026e+05
1.089e+05
1.0754e+05
1.0619e+05
1.0484e+05
1.0351e+05
1.0217e+05
1.0085e+05
99525
98210
96902
95600
94305
93016
91734
90458
89189
87927
86671
85422
84180
82944
81716
80494
79280
78072
76872
75678
74491
73312
72140
70975
69817
68666
67523
66387
65258
64136
63022
61915
60815
59723
58639
57561
56491
55429
54374
53326
52286
51254
50229
49211
48201
47199
46204
45217
44237
43264
42300
41342
40393
39450
38516
37589
36669
35757
34853
33956
33066
32184
31310
30443
29583
28731
27886
27049
26219
25397
24582
23774
22974
22181
21396
20618
19847
19083
18327
17578
16836
16101
15374
14653
13940
13234
12535
11843
11158
10480
9809
9145
8488
7837.8
7194.5
6558
5928.4
5305.6
4689.5
4080.1
3477.4
2881.4
2292
1709.2
1132.9
563.21
0
