6.4285e+05
6.4347e+05
6.4398e+05
6.4437e+05
6.4465e+05
6.4482e+05
6.4487e+05
6.4482e+05
6.4466e+05
6.4439e+05
6.4402e+05
6.4354e+05
6.4296e+05
6.4228e+05
6.4149e+05
6.4061e+05
6.3963e+05
6.3855e+05
6.3738e+05
6.3612e+05
6.3476e+05
6.3332e+05
6.3178e+05
6.3016e+05
6.2846e+05
6.2668e+05
6.2481e+05
6.2287e+05
6.2084e+05
6.1875e+05
6.1658e+05
6.1434e+05
6.1203e+05
6.0965e+05
6.0721e+05
6.0471e+05
6.0214e+05
5.9952e+05
5.9683e+05
5.941e+05
5.9131e+05
5.8846e+05
5.8557e+05
5.8264e+05
5.7966e+05
5.7663e+05
5.7356e+05
5.7046e+05
5.6732e+05
5.6414e+05
5.6093e+05
5.5769e+05
5.5442e+05
5.5112e+05
5.478e+05
5.4445e+05
5.4109e+05
5.377e+05
5.3429e+05
5.3087e+05
5.2744e+05
5.2399e+05
5.2053e+05
5.1707e+05
5.1359e+05
5.1011e+05
5.0663e+05
5.0314e+05
4.9966e+05
4.9617e+05
4.9269e+05
4.8921e+05
4.8574e+05
4.8227e+05
4.7881e+05
4.7536e+05
4.7192e+05
4.6849e+05
4.6508e+05
4.6168e+05
4.5829e+05
4.5493e+05
4.5158e+05
4.4825e+05
4.4494e+05
4.4165e+05
4.3838e+05
4.3513e+05
4.3191e+05
4.2871e+05
4.2554e+05
4.2239e+05
4.1927e+05
4.1618e+05
4.1311e+05
4.1007e+05
4.0707e+05
4.0409e+05
4.0114e+05
3.9822e+05
3.9533e+05
3.9248e+05
3.8965e+05
3.8686e+05
3.8409e+05
3.8136e+05
3.7866e+05
3.76e+05
3.7336e+05
3.7076e+05
3.6819e+05
3.6566e+05
3.6315e+05
3.6068e+05
3.5824e+05
3.5583e+05
3.5346e+05
3.5111e+05
3.488e+05
3.4651e+05
3.4426e+05
3.4204e+05
3.3985e+05
3.3769e+05
3.3555e+05
3.3345e+05
3.3137e+05
3.2933e+05
3.273e+05
3.2531e+05
3.2334e+05
3.214e+05
3.1948e+05
3.1759e+05
3.1572e+05
3.1387e+05
3.1205e+05
3.1024e+05
3.0846e+05
3.067e+05
3.0496e+05
3.0324e+05
3.0153e+05
2.9985e+05
2.9818e+05
2.9652e+05
2.9488e+05
2.9326e+05
2.9164e+05
2.9004e+05
2.8846e+05
2.8688e+05
2.8532e+05
2.8376e+05
2.8221e+05
2.8067e+05
2.7914e+05
2.7761e+05
2.7609e+05
2.7458e+05
2.7307e+05
2.7156e+05
2.7005e+05
2.6855e+05
2.6705e+05
2.6554e+05
2.6404e+05
2.6254e+05
2.6103e+05
2.5953e+05
2.5801e+05
2.565e+05
2.5498e+05
2.5346e+05
2.5193e+05
2.5039e+05
2.4885e+05
2.473e+05
2.4574e+05
2.4418e+05
2.4261e+05
2.4102e+05
2.3943e+05
2.3783e+05
2.3621e+05
2.3459e+05
2.3296e+05
2.3131e+05
2.2965e+05
2.2798e+05
2.263e+05
2.2461e+05
2.229e+05
2.2118e+05
2.1945e+05
2.177e+05
2.1595e+05
2.1418e+05
2.1239e+05
2.106e+05
2.0879e+05
2.0696e+05
2.0513e+05
2.0328e+05
2.0142e+05
1.9955e+05
1.9766e+05
1.9577e+05
1.9386e+05
1.9194e+05
1.9001e+05
1.8807e+05
1.8612e+05
1.8416e+05
1.8219e+05
1.8021e+05
1.7823e+05
1.7623e+05
1.7423e+05
1.7222e+05
1.7021e+05
1.6819e+05
1.6617e+05
1.6414e+05
1.6211e+05
1.6008e+05
1.5805e+05
1.5601e+05
1.5398e+05
1.5195e+05
1.4992e+05
1.4789e+05
1.4586e+05
1.4384e+05
1.4183e+05
1.3982e+05
1.3782e+05
1.3583e+05
1.3385e+05
1.3188e+05
1.2992e+05
1.2797e+05
1.2604e+05
1.2413e+05
1.2223e+05
1.2034e+05
1.1848e+05
1.1664e+05
1.1482e+05
1.1302e+05
1.1124e+05
1.0949e+05
1.0777e+05
1.0607e+05
1.044e+05
1.0276e+05
1.0116e+05
99583
98043
96539
95070
93640
92249
90898
89590
88324
87103
85927
84799
83719
82688
81709
80782
79908
79089
78326
77620
76973
76385
75859
75394
74993
74656
74385
74181
74045
73977
73980
74054
74200
74419
74712
75081
75526
76048
76647
77326
78084
78923
79843
80846
81931
83100
84353
85691
87115
88625
90221
91905
93676
95536
97485
99522
1.0165e+05
1.0387e+05
1.0617e+05
1.0857e+05
1.1106e+05
1.1364e+05
1.1631e+05
1.1907e+05
1.2192e+05
1.2486e+05
1.2789e+05
1.3102e+05
1.3424e+05
1.3754e+05
1.4094e+05
1.4443e+05
1.4801e+05
1.5168e+05
1.5544e+05
1.5929e+05
1.6323e+05
1.6725e+05
1.7137e+05
1.7557e+05
1.7986e+05
1.8424e+05
1.887e+05
1.9325e+05
1.9789e+05
2.0261e+05
2.0741e+05
2.123e+05
2.1726e+05
2.2231e+05
2.2744e+05
2.3265e+05
2.3793e+05
2.433e+05
2.4873e+05
2.5425e+05
2.5984e+05
2.655e+05
2.7123e+05
2.7704e+05
2.8291e+05
2.8885e+05
2.9486e+05
3.0094e+05
3.0708e+05
3.1328e+05
3.1954e+05
3.2586e+05
3.3224e+05
3.3868e+05
3.4517e+05
3.5172e+05
3.5832e+05
3.6497e+05
3.7167e+05
3.7841e+05
3.8521e+05
3.9204e+05
3.9892e+05
4.0584e+05
4.128e+05
4.1979e+05
4.2682e+05
4.3388e+05
4.4098e+05
4.481e+05
4.5525e+05
4.6243e+05
4.6963e+05
4.7685e+05
4.8409e+05
4.9136e+05
4.9863e+05
5.0592e+05
5.1322e+05
5.2054e+05
5.2786e+05
5.3518e+05
5.4252e+05
5.4985e+05
5.5718e+05
5.6451e+05
5.7184e+05
5.7916e+05
5.8647e+05
5.9377e+05
6.0106e+05
6.0833e+05
6.1559e+05
6.2282e+05
6.3004e+05
6.3724e+05
6.4441e+05
6.5155e+05
6.5866e+05
6.6575e+05
6.728e+05
6.7981e+05
6.8679e+05
6.9373e+05
7.0063e+05
7.0748e+05
7.1429e+05
7.2105e+05
7.2777e+05
7.3443e+05
7.4104e+05
7.4759e+05
7.5409e+05
7.6053e+05
7.6691e+05
7.7323e+05
7.7948e+05
7.8567e+05
7.9179e+05
7.9784e+05
8.0382e+05
8.0972e+05
8.1556e+05
8.2131e+05
8.2699e+05
8.3259e+05
8.381e+05
8.4354e+05
8.4889e+05
8.5415e+05
8.5933e+05
8.6442e+05
8.6941e+05
8.7432e+05
8.7913e+05
8.8385e+05
8.8848e+05
8.93e+05
8.9743e+05
9.0176e+05
9.0599e+05
9.1011e+05
9.1413e+05
9.1805e+05
9.2187e+05
9.2557e+05
9.2917e+05
9.3267e+05
9.3605e+05
9.3932e+05
9.4248e+05
9.4553e+05
9.4847e+05
9.5129e+05
9.54e+05
9.566e+05
9.5908e+05
9.6145e+05
9.6369e+05
9.6582e+05
9.6784e+05
9.6973e+05
9.7151e+05
9.7317e+05
9.747e+05
9.7612e+05
9.7742e+05
9.786e+05
9.7966e+05
9.806e+05
9.8141e+05
9.8211e+05
9.8268e+05
9.8314e+05
9.8347e+05
9.8368e+05
9.8378e+05
9.8375e+05
9.836e+05
9.8333e+05
9.8294e+05
9.8243e+05
9.818e+05
9.8105e+05
9.8019e+05
9.792e+05
9.781e+05
9.7688e+05
9.7554e+05
9.7409e+05
9.7252e+05
9.7083e+05
9.6903e+05
9.6712e+05
9.6509e+05
9.6295e+05
9.607e+05
9.5833e+05
9.5586e+05
9.5328e+05
9.5058e+05
9.4779e+05
9.4488e+05
9.4187e+05
9.3875e+05
9.3553e+05
9.3221e+05
9.2878e+05
9.2526e+05
9.2164e+05
9.1791e+05
9.1409e+05
9.1018e+05
9.0617e+05
9.0207e+05
8.9787e+05
8.9358e+05
8.8921e+05
8.8474e+05
8.8019e+05
8.7556e+05
8.7084e+05
8.6603e+05
8.6115e+05
8.5618e+05
8.5114e+05
8.4602e+05
8.4083e+05
8.3556e+05
8.3021e+05
8.248e+05
8.1932e+05
8.1377e+05
8.0816e+05
8.0247e+05
7.9673e+05
7.9093e+05
7.8506e+05
7.7914e+05
7.7316e+05
7.6713e+05
7.6104e+05
7.549e+05
7.4871e+05
7.4247e+05
7.3619e+05
7.2986e+05
7.2349e+05
7.1707e+05
7.1062e+05
7.0413e+05
6.976e+05
6.9103e+05
6.8444e+05
6.7781e+05
6.7115e+05
6.6446e+05
6.5775e+05
6.5101e+05
6.4425e+05
6.3747e+05
6.3066e+05
6.2384e+05
6.1701e+05
6.1015e+05
6.0329e+05
5.9641e+05
5.8953e+05
5.8263e+05
5.7573e+05
5.6882e+05
5.6191e+05
5.55e+05
5.4809e+05
5.4117e+05
5.3427e+05
5.2736e+05
5.2046e+05
5.1357e+05
5.0669e+05
4.9981e+05
4.9295e+05
4.861e+05
4.7927e+05
4.7245e+05
4.6565e+05
4.5887e+05
4.5211e+05
4.4537e+05
4.3866e+05
4.3196e+05
4.253e+05
4.1866e+05
4.1205e+05
4.0546e+05
3.9891e+05
3.9239e+05
3.859e+05
3.7945e+05
3.7303e+05
3.6665e+05
3.6031e+05
3.54e+05
3.4774e+05
3.4151e+05
3.3533e+05
3.2919e+05
3.2309e+05
3.1704e+05
3.1104e+05
3.0508e+05
2.9916e+05
2.933e+05
2.8749e+05
2.8172e+05
2.7601e+05
2.7035e+05
2.6474e+05
2.5918e+05
2.5368e+05
2.4823e+05
2.4284e+05
2.375e+05
2.3222e+05
2.2699e+05
2.2183e+05
2.1672e+05
2.1167e+05
2.0668e+05
2.0174e+05
1.9687e+05
1.9206e+05
1.8731e+05
1.8262e+05
1.78e+05
1.7343e+05
1.6893e+05
1.6449e+05
1.6011e+05
1.5579e+05
1.5154e+05
1.4735e+05
1.4323e+05
1.3917e+05
1.3517e+05
1.3124e+05
1.2737e+05
1.2356e+05
1.1982e+05
1.1615e+05
1.1254e+05
1.0899e+05
1.055e+05
1.0208e+05
98727
95435
92207
89042
85941
82902
79927
77015
74165
71378
68653
65989
63387
60846
58366
55947
53587
51287
49046
46864
44741
42675
40667
38716
36821
34983
33200
31471
29797
28177
26611
25097
23635
22224
20864
19555
18295
17084
15922
14807
13739
12718
11742
10811
9924.3
9081.2
8280.9
7522.8
6806
6130
5493.8
4896.9
4338.4
3817.7
3333.9
2886.4
2474.3
2097
1753.6
1443.4
1165.7
919.63
704.48
519.49
363.89
236.91
137.79
65.775
20.098
0
4.7221
33.508
85.603
160.26
256.72
