7.1842e+05
7.1897e+05
7.1941e+05
7.1975e+05
7.1997e+05
7.201e+05
7.2012e+05
7.2003e+05
7.1985e+05
7.1956e+05
7.1917e+05
7.1869e+05
7.1811e+05
7.1743e+05
7.1666e+05
7.158e+05
7.1485e+05
7.138e+05
7.1267e+05
7.1146e+05
7.1015e+05
7.0877e+05
7.073e+05
7.0576e+05
7.0414e+05
7.0244e+05
7.0066e+05
6.9882e+05
6.969e+05
6.9492e+05
6.9286e+05
6.9075e+05
6.8856e+05
6.8632e+05
6.8402e+05
6.8166e+05
6.7924e+05
6.7677e+05
6.7424e+05
6.7167e+05
6.6905e+05
6.6638e+05
6.6366e+05
6.609e+05
6.5811e+05
6.5527e+05
6.5239e+05
6.4948e+05
6.4653e+05
6.4355e+05
6.4054e+05
6.375e+05
6.3444e+05
6.3135e+05
6.2823e+05
6.251e+05
6.2194e+05
6.1876e+05
6.1557e+05
6.1236e+05
6.0913e+05
6.059e+05
6.0265e+05
5.9939e+05
5.9613e+05
5.9286e+05
5.8958e+05
5.863e+05
5.8301e+05
5.7972e+05
5.7644e+05
5.7315e+05
5.6987e+05
5.6659e+05
5.6331e+05
5.6004e+05
5.5678e+05
5.5352e+05
5.5028e+05
5.4704e+05
5.4381e+05
5.4059e+05
5.3739e+05
5.342e+05
5.3102e+05
5.2786e+05
5.2471e+05
5.2158e+05
5.1846e+05
5.1537e+05
5.1229e+05
5.0922e+05
5.0618e+05
5.0316e+05
5.0015e+05
4.9717e+05
4.942e+05
4.9126e+05
4.8834e+05
4.8543e+05
4.8255e+05
4.797e+05
4.7686e+05
4.7404e+05
4.7125e+05
4.6848e+05
4.6573e+05
4.6301e+05
4.603e+05
4.5762e+05
4.5496e+05
4.5232e+05
4.497e+05
4.4711e+05
4.4453e+05
4.4198e+05
4.3945e+05
4.3694e+05
4.3445e+05
4.3198e+05
4.2952e+05
4.2709e+05
4.2468e+05
4.2229e+05
4.1991e+05
4.1755e+05
4.1521e+05
4.1289e+05
4.1058e+05
4.0829e+05
4.0601e+05
4.0375e+05
4.015e+05
3.9927e+05
3.9705e+05
3.9484e+05
3.9265e+05
3.9047e+05
3.8829e+05
3.8613e+05
3.8398e+05
3.8184e+05
3.7971e+05
3.7758e+05
3.7546e+05
3.7335e+05
3.7125e+05
3.6915e+05
3.6706e+05
3.6497e+05
3.6289e+05
3.608e+05
3.5873e+05
3.5665e+05
3.5458e+05
3.525e+05
3.5043e+05
3.4836e+05
3.4629e+05
3.4421e+05
3.4214e+05
3.4006e+05
3.3798e+05
3.359e+05
3.3381e+05
3.3172e+05
3.2963e+05
3.2753e+05
3.2542e+05
3.2331e+05
3.212e+05
3.1908e+05
3.1695e+05
3.1481e+05
3.1267e+05
3.1052e+05
3.0837e+05
3.062e+05
3.0403e+05
3.0185e+05
2.9966e+05
2.9747e+05
2.9526e+05
2.9304e+05
2.9082e+05
2.8859e+05
2.8635e+05
2.841e+05
2.8184e+05
2.7958e+05
2.773e+05
2.7502e+05
2.7272e+05
2.7042e+05
2.6812e+05
2.658e+05
2.6348e+05
2.6115e+05
2.5881e+05
2.5646e+05
2.5411e+05
2.5176e+05
2.494e+05
2.4703e+05
2.4466e+05
2.4228e+05
2.399e+05
2.3752e+05
2.3513e+05
2.3275e+05
2.3036e+05
2.2797e+05
2.2558e+05
2.2319e+05
2.208e+05
2.1842e+05
2.1603e+05
2.1365e+05
2.1128e+05
2.0891e+05
2.0654e+05
2.0419e+05
2.0184e+05
1.9949e+05
1.9716e+05
1.9484e+05
1.9253e+05
1.9023e+05
1.8795e+05
1.8567e+05
1.8342e+05
1.8118e+05
1.7896e+05
1.7675e+05
1.7457e+05
1.7241e+05
1.7027e+05
1.6815e+05
1.6605e+05
1.6398e+05
1.6194e+05
1.5992e+05
1.5793e+05
1.5598e+05
1.5405e+05
1.5215e+05
1.5029e+05
1.4846e+05
1.4667e+05
1.4492e+05
1.432e+05
1.4152e+05
1.3989e+05
1.3829e+05
1.3674e+05
1.3523e+05
1.3377e+05
1.3235e+05
1.3098e+05
1.2967e+05
1.284e+05
1.2718e+05
1.2601e+05
1.249e+05
1.2385e+05
1.2285e+05
1.219e+05
1.2102e+05
1.2019e+05
1.1943e+05
1.1873e+05
1.1809e+05
1.1751e+05
1.17e+05
1.1656e+05
1.1618e+05
1.1587e+05
1.1563e+05
1.1546e+05
1.1536e+05
1.1533e+05
1.1538e+05
1.1549e+05
1.1569e+05
1.1596e+05
1.163e+05
1.1673e+05
1.1723e+05
1.1781e+05
1.1847e+05
1.1921e+05
1.2003e+05
1.2093e+05
1.2191e+05
1.2298e+05
1.2413e+05
1.2536e+05
1.2668e+05
1.2808e+05
1.2957e+05
1.3115e+05
1.3281e+05
1.3456e+05
1.3639e+05
1.3831e+05
1.4032e+05
1.4242e+05
1.446e+05
1.4688e+05
1.4924e+05
1.5169e+05
1.5423e+05
1.5685e+05
1.5957e+05
1.6237e+05
1.6526e+05
1.6824e+05
1.7131e+05
1.7447e+05
1.7771e+05
1.8104e+05
1.8446e+05
1.8797e+05
1.9156e+05
1.9524e+05
1.9901e+05
2.0286e+05
2.0679e+05
2.1081e+05
2.1491e+05
2.191e+05
2.2337e+05
2.2772e+05
2.3215e+05
2.3667e+05
2.4126e+05
2.4593e+05
2.5068e+05
2.5551e+05
2.6041e+05
2.6539e+05
2.7044e+05
2.7557e+05
2.8077e+05
2.8604e+05
2.9138e+05
2.968e+05
3.0227e+05
3.0782e+05
3.1343e+05
3.1911e+05
3.2485e+05
3.3065e+05
3.3651e+05
3.4243e+05
3.4841e+05
3.5444e+05
3.6053e+05
3.6668e+05
3.7287e+05
3.7912e+05
3.8541e+05
3.9176e+05
3.9815e+05
4.0458e+05
4.1105e+05
4.1757e+05
4.2413e+05
4.3072e+05
4.3735e+05
4.4402e+05
4.5071e+05
4.5744e+05
4.642e+05
4.7098e+05
4.7779e+05
4.8463e+05
4.9148e+05
4.9836e+05
5.0525e+05
5.1216e+05
5.1909e+05
5.2603e+05
5.3298e+05
5.3993e+05
5.469e+05
5.5387e+05
5.6084e+05
5.6781e+05
5.7479e+05
5.8176e+05
5.8872e+05
5.9568e+05
6.0264e+05
6.0958e+05
6.1651e+05
6.2342e+05
6.3032e+05
6.372e+05
6.4406e+05
6.509e+05
6.5771e+05
6.645e+05
6.7127e+05
6.78e+05
6.847e+05
6.9137e+05
6.98e+05
7.0459e+05
7.1115e+05
7.1767e+05
7.2414e+05
7.3057e+05
7.3695e+05
7.4328e+05
7.4957e+05
7.558e+05
7.6198e+05
7.6811e+05
7.7417e+05
7.8018e+05
7.8613e+05
7.9202e+05
7.9785e+05
8.036e+05
8.093e+05
8.1492e+05
8.2048e+05
8.2596e+05
8.3137e+05
8.367e+05
8.4196e+05
8.4715e+05
8.5225e+05
8.5727e+05
8.6222e+05
8.6707e+05
8.7185e+05
8.7654e+05
8.8114e+05
8.8566e+05
8.9008e+05
8.9442e+05
8.9866e+05
9.0281e+05
9.0687e+05
9.1083e+05
9.1469e+05
9.1846e+05
9.2213e+05
9.257e+05
9.2918e+05
9.3255e+05
9.3582e+05
9.3899e+05
9.4205e+05
9.4501e+05
9.4787e+05
9.5062e+05
9.5326e+05
9.558e+05
9.5823e+05
9.6055e+05
9.6277e+05
9.6487e+05
9.6687e+05
9.6875e+05
9.7053e+05
9.7219e+05
9.7375e+05
9.7519e+05
9.7652e+05
9.7774e+05
9.7885e+05
9.7985e+05
9.8073e+05
9.815e+05
9.8216e+05
9.8271e+05
9.8315e+05
9.8347e+05
9.8368e+05
9.8378e+05
9.8376e+05
9.8364e+05
9.834e+05
9.8305e+05
9.8259e+05
9.8202e+05
9.8134e+05
9.8054e+05
9.7964e+05
9.7863e+05
9.7751e+05
9.7628e+05
9.7494e+05
9.735e+05
9.7194e+05
9.7029e+05
9.6852e+05
9.6665e+05
9.6468e+05
9.626e+05
9.6042e+05
9.5814e+05
9.5575e+05
9.5326e+05
9.5068e+05
9.4799e+05
9.4521e+05
9.4233e+05
9.3936e+05
9.3628e+05
9.3312e+05
9.2986e+05
9.2651e+05
9.2306e+05
9.1953e+05
9.159e+05
9.1219e+05
9.0839e+05
9.0451e+05
9.0054e+05
8.9649e+05
8.9235e+05
8.8814e+05
8.8384e+05
8.7947e+05
8.7501e+05
8.7049e+05
8.6588e+05
8.6121e+05
8.5646e+05
8.5164e+05
8.4675e+05
8.4179e+05
8.3676e+05
8.3167e+05
8.2652e+05
8.213e+05
8.1602e+05
8.1069e+05
8.0529e+05
7.9983e+05
7.9433e+05
7.8876e+05
7.8315e+05
7.7748e+05
7.7176e+05
7.66e+05
7.6018e+05
7.5433e+05
7.4843e+05
7.4248e+05
7.365e+05
7.3047e+05
7.2441e+05
7.1832e+05
7.1218e+05
7.0602e+05
6.9982e+05
6.9359e+05
6.8733e+05
6.8105e+05
6.7474e+05
6.684e+05
6.6204e+05
6.5566e+05
6.4926e+05
6.4284e+05
6.3641e+05
6.2996e+05
6.2349e+05
6.1701e+05
6.1052e+05
6.0402e+05
5.9752e+05
5.91e+05
5.8448e+05
5.7796e+05
5.7143e+05
5.649e+05
5.5837e+05
5.5184e+05
5.4531e+05
5.3879e+05
5.3227e+05
5.2576e+05
5.1926e+05
5.1277e+05
5.0628e+05
4.9981e+05
4.9335e+05
4.869e+05
4.8047e+05
4.7406e+05
4.6766e+05
4.6129e+05
4.5493e+05
4.4859e+05
4.4228e+05
4.3599e+05
4.2972e+05
4.2348e+05
4.1726e+05
4.1108e+05
4.0492e+05
3.9879e+05
3.9269e+05
3.8662e+05
3.8059e+05
3.7458e+05
3.6862e+05
3.6268e+05
3.5679e+05
3.5093e+05
3.4511e+05
3.3932e+05
3.3358e+05
3.2788e+05
3.2221e+05
3.1659e+05
3.1101e+05
3.0548e+05
2.9998e+05
2.9454e+05
2.8913e+05
2.8378e+05
2.7847e+05
2.732e+05
2.6798e+05
2.6282e+05
2.577e+05
2.5262e+05
2.476e+05
2.4263e+05
2.3771e+05
2.3284e+05
2.2802e+05
2.2325e+05
2.1853e+05
2.1387e+05
2.0926e+05
2.047e+05
2.002e+05
1.9574e+05
1.9135e+05
1.87e+05
1.8271e+05
1.7848e+05
1.743e+05
1.7017e+05
1.661e+05
1.6208e+05
1.5812e+05
1.5422e+05
1.5037e+05
1.4657e+05
1.4283e+05
1.3915e+05
1.3552e+05
1.3195e+05
1.2843e+05
1.2496e+05
1.2156e+05
1.182e+05
1.149e+05
1.1166e+05
1.0847e+05
1.0534e+05
1.0226e+05
99235
96265
93348
90484
87675
84918
82214
79564
76965
74419
71924
69481
67089
64747
62457
60216
58025
55883
53790
51746
49750
47801
45900
44045
42237
40474
38757
37085
35457
33873
32333
30836
29380
27967
26595
25264
23974
22723
21511
20338
19203
18105
17044
16020
15032
14079
13160
12276
11425
10607
9821.9
9068.2
8345.6
7653.6
6991.6
6359.1
5755.3
5179.8
4631.9
4111.1
3616.7
3148.2
2705.1
2286.6
1892.2
1521.3
1173.5
847.97
544.27
261.81
0
