2.5664e+05
2.5976e+05
2.6289e+05
2.6602e+05
2.6915e+05
2.7228e+05
2.7541e+05
2.7854e+05
2.8166e+05
2.8478e+05
2.8789e+05
2.91e+05
2.941e+05
2.9719e+05
3.0026e+05
3.0333e+05
3.0638e+05
3.0942e+05
3.1244e+05
3.1544e+05
3.1842e+05
3.2139e+05
3.2433e+05
3.2725e+05
3.3015e+05
3.3303e+05
3.3588e+05
3.387e+05
3.4149e+05
3.4426e+05
3.47e+05
3.497e+05
3.5237e+05
3.5501e+05
3.5762e+05
3.6019e+05
3.6273e+05
3.6522e+05
3.6769e+05
3.7011e+05
3.7249e+05
3.7483e+05
3.7713e+05
3.7939e+05
3.816e+05
3.8377e+05
3.8589e+05
3.8797e+05
3.9001e+05
3.9199e+05
3.9393e+05
3.9582e+05
3.9766e+05
3.9944e+05
4.0118e+05
4.0287e+05
4.045e+05
4.0609e+05
4.0761e+05
4.0909e+05
4.1051e+05
4.1188e+05
4.1319e+05
4.1444e+05
4.1564e+05
4.1678e+05
4.1787e+05
4.189e+05
4.1987e+05
4.2078e+05
4.2164e+05
4.2244e+05
4.2317e+05
4.2385e+05
4.2447e+05
4.2504e+05
4.2554e+05
4.2598e+05
4.2637e+05
4.2669e+05
4.2696e+05
4.2716e+05
4.2731e+05
4.274e+05
4.2742e+05
4.2739e+05
4.2731e+05
4.2716e+05
4.2695e+05
4.2669e+05
4.2637e+05
4.2599e+05
4.2555e+05
4.2506e+05
4.2451e+05
4.2391e+05
4.2325e+05
4.2254e+05
4.2177e+05
4.2095e+05
4.2007e+05
4.1915e+05
4.1817e+05
4.1714e+05
4.1606e+05
4.1493e+05
4.1375e+05
4.1252e+05
4.1125e+05
4.0993e+05
4.0856e+05
4.0715e+05
4.057e+05
4.042e+05
4.0266e+05
4.0108e+05
3.9946e+05
3.978e+05
3.961e+05
3.9436e+05
3.9259e+05
3.9078e+05
3.8895e+05
3.8707e+05
3.8517e+05
3.8323e+05
3.8127e+05
3.7928e+05
3.7726e+05
3.7522e+05
3.7315e+05
3.7105e+05
3.6894e+05
3.668e+05
3.6465e+05
3.6248e+05
3.6028e+05
3.5808e+05
3.5585e+05
3.5362e+05
3.5137e+05
3.4911e+05
3.4684e+05
3.4456e+05
3.4228e+05
3.3998e+05
3.3768e+05
3.3538e+05
3.3308e+05
3.3077e+05
3.2846e+05
3.2615e+05
3.2385e+05
3.2154e+05
3.1924e+05
3.1695e+05
3.1466e+05
3.1237e+05
3.101e+05
3.0783e+05
3.0557e+05
3.0333e+05
3.0109e+05
2.9887e+05
2.9666e+05
2.9446e+05
2.9228e+05
2.9011e+05
2.8796e+05
2.8582e+05
2.8371e+05
2.8161e+05
2.7953e+05
2.7747e+05
2.7542e+05
2.734e+05
2.714e+05
2.6942e+05
2.6746e+05
2.6552e+05
2.636e+05
2.6171e+05
2.5983e+05
2.5798e+05
2.5615e+05
2.5435e+05
2.5257e+05
2.5081e+05
2.4907e+05
2.4736e+05
2.4566e+05
2.4399e+05
2.4235e+05
2.4072e+05
2.3912e+05
2.3753e+05
2.3597e+05
2.3443e+05
2.3291e+05
2.3141e+05
2.2993e+05
2.2847e+05
2.2702e+05
2.256e+05
2.2419e+05
2.228e+05
2.2142e+05
2.2006e+05
2.1872e+05
2.1738e+05
2.1607e+05
2.1476e+05
2.1346e+05
2.1218e+05
2.1091e+05
2.0964e+05
2.0838e+05
2.0713e+05
2.0589e+05
2.0465e+05
2.0342e+05
2.0219e+05
2.0096e+05
1.9973e+05
1.985e+05
1.9728e+05
1.9605e+05
1.9482e+05
1.9358e+05
1.9235e+05
1.911e+05
1.8985e+05
1.8859e+05
1.8733e+05
1.8605e+05
1.8476e+05
1.8346e+05
1.8215e+05
1.8083e+05
1.7949e+05
1.7814e+05
1.7677e+05
1.7539e+05
1.7399e+05
1.7257e+05
1.7113e+05
1.6967e+05
1.6819e+05
1.6669e+05
1.6517e+05
1.6362e+05
1.6205e+05
1.6046e+05
1.5885e+05
1.5721e+05
1.5555e+05
1.5386e+05
1.5214e+05
1.504e+05
1.4864e+05
1.4684e+05
1.4502e+05
1.4318e+05
1.4131e+05
1.3941e+05
1.3749e+05
1.3553e+05
1.3356e+05
1.3156e+05
1.2953e+05
1.2748e+05
1.254e+05
1.233e+05
1.2117e+05
1.1902e+05
1.1685e+05
1.1466e+05
1.1244e+05
1.1021e+05
1.0795e+05
1.0568e+05
1.0339e+05
1.0108e+05
98759
96422
94073
91711
89339
86957
84569
82174
79774
77371
74967
72564
70162
67765
65373
62989
60615
58252
55904
53570
51255
48960
46687
44439
42218
40026
37865
35738
33647
31595
29584
27616
25695
23822
22000
20232
18520
16867
15275
13747
12285
10892
9571.1
8324
7153.6
6062.4
5053
4127.8
3289.5
2540.4
1883
1319.8
853.19
485.57
219.29
56.666
0
51.54
213.5
488.04
877.3
1383.4
2008.2
2753.9
3622.3
4615.3
5734.8
6982.3
8359.8
9868.7
11511
13287
15200
17250
19438
21766
24235
26847
29601
32499
35541
38729
42063
45544
49172
52947
56870
60941
65160
69527
74042
78704
83515
88472
93576
98826
1.0422e+05
1.0976e+05
1.1545e+05
1.2127e+05
1.2724e+05
1.3335e+05
1.396e+05
1.4599e+05
1.5252e+05
1.5918e+05
1.6597e+05
1.729e+05
1.7995e+05
1.8714e+05
1.9445e+05
2.0188e+05
2.0944e+05
2.1712e+05
2.2491e+05
2.3282e+05
2.4084e+05
2.4897e+05
2.5721e+05
2.6555e+05
2.74e+05
2.8254e+05
2.9118e+05
2.9991e+05
3.0873e+05
3.1764e+05
3.2662e+05
3.3569e+05
3.4484e+05
3.5405e+05
3.6334e+05
3.7269e+05
3.821e+05
3.9157e+05
4.0109e+05
4.1067e+05
4.2029e+05
4.2995e+05
4.3965e+05
4.4938e+05
4.5915e+05
4.6894e+05
4.7875e+05
4.8858e+05
4.9842e+05
5.0827e+05
5.1813e+05
5.2798e+05
5.3784e+05
5.4768e+05
5.5751e+05
5.6733e+05
5.7712e+05
5.8689e+05
5.9663e+05
6.0633e+05
6.16e+05
6.2562e+05
6.3519e+05
6.4472e+05
6.5419e+05
6.6359e+05
6.7293e+05
6.8221e+05
6.9141e+05
7.0053e+05
7.0957e+05
7.1853e+05
7.2739e+05
7.3616e+05
7.4484e+05
7.5341e+05
7.6187e+05
7.7023e+05
7.7847e+05
7.866e+05
7.946e+05
8.0248e+05
8.1023e+05
8.1785e+05
8.2534e+05
8.3268e+05
8.3988e+05
8.4694e+05
8.5385e+05
8.6061e+05
8.6721e+05
8.7365e+05
8.7994e+05
8.8606e+05
8.9201e+05
8.978e+05
9.0341e+05
9.0886e+05
9.1412e+05
9.1921e+05
9.2411e+05
9.2884e+05
9.3338e+05
9.3773e+05
9.4189e+05
9.4587e+05
9.4965e+05
9.5324e+05
9.5663e+05
9.5983e+05
9.6284e+05
9.6564e+05
9.6825e+05
9.7065e+05
9.7286e+05
9.7486e+05
9.7666e+05
9.7826e+05
9.7966e+05
9.8085e+05
9.8184e+05
9.8263e+05
9.8322e+05
9.836e+05
9.8378e+05
9.8375e+05
9.8353e+05
9.831e+05
9.8247e+05
9.8165e+05
9.8062e+05
9.794e+05
9.7798e+05
9.7636e+05
9.7455e+05
9.7254e+05
9.7035e+05
9.6796e+05
9.6539e+05
9.6262e+05
9.5968e+05
9.5655e+05
9.5323e+05
9.4974e+05
9.4608e+05
9.4223e+05
9.3822e+05
9.3403e+05
9.2968e+05
9.2516e+05
9.2047e+05
9.1563e+05
9.1063e+05
9.0548e+05
9.0017e+05
8.9472e+05
8.8911e+05
8.8337e+05
8.7749e+05
8.7146e+05
8.6531e+05
8.5902e+05
8.5261e+05
8.4607e+05
8.3942e+05
8.3264e+05
8.2575e+05
8.1875e+05
8.1165e+05
8.0444e+05
7.9713e+05
7.8973e+05
7.8223e+05
7.7464e+05
7.6697e+05
7.5921e+05
7.5138e+05
7.4347e+05
7.3549e+05
7.2745e+05
7.1934e+05
7.1117e+05
7.0294e+05
6.9466e+05
6.8634e+05
6.7796e+05
6.6955e+05
6.611e+05
6.5261e+05
6.4409e+05
6.3555e+05
6.2698e+05
6.1839e+05
6.0978e+05
6.0116e+05
5.9253e+05
5.839e+05
5.7526e+05
5.6662e+05
5.5799e+05
5.4936e+05
5.4075e+05
5.3215e+05
5.2356e+05
5.1499e+05
5.0645e+05
4.9793e+05
4.8945e+05
4.8099e+05
4.7257e+05
4.6419e+05
4.5584e+05
4.4754e+05
4.3929e+05
4.3108e+05
4.2293e+05
4.1483e+05
4.0678e+05
3.988e+05
3.9087e+05
3.8301e+05
3.7521e+05
3.6748e+05
3.5982e+05
3.5223e+05
3.4471e+05
3.3727e+05
3.299e+05
3.2262e+05
3.1541e+05
3.0829e+05
3.0125e+05
2.9429e+05
2.8743e+05
2.8064e+05
2.7395e+05
2.6735e+05
2.6084e+05
2.5442e+05
2.481e+05
2.4187e+05
2.3573e+05
2.297e+05
2.2375e+05
2.1791e+05
2.1216e+05
2.0651e+05
2.0097e+05
1.9552e+05
1.9017e+05
1.8492e+05
1.7977e+05
1.7472e+05
1.6977e+05
1.6492e+05
1.6018e+05
1.5553e+05
1.5099e+05
1.4654e+05
1.4219e+05
1.3795e+05
1.338e+05
1.2975e+05
1.258e+05
1.2195e+05
1.182e+05
1.1454e+05
1.1098e+05
1.0752e+05
1.0414e+05
1.0087e+05
97684
94593
91593
88683
85863
83132
80487
77929
75456
73067
70761
68537
66393
64328
62341
60431
58596
56835
55146
53528
51981
50501
49089
47742
46459
45238
44079
42979
41938
40953
40023
39147
38323
37550
36826
36150
35520
34934
34392
33892
33432
33011
32627
32279
31965
31685
31436
31217
31028
30866
30730
30619
30532
30466
30422
30398
30391
30403
30430
30472
30528
30596
30676
30766
30866
30973
31088
31210
31336
31467
31602
31739
31877
32017
32156
32295
32433
32568
32700
32828
32953
33072
33186
33294
33395
33489
33575
33653
33723
33783
33835
33876
