1.5261e+05
1.5664e+05
1.6066e+05
1.6466e+05
1.6865e+05
1.7262e+05
1.7657e+05
1.8048e+05
1.8435e+05
1.8818e+05
1.9197e+05
1.9571e+05
1.9939e+05
2.0302e+05
2.0658e+05
2.1008e+05
2.1351e+05
2.1687e+05
2.2015e+05
2.2335e+05
2.2647e+05
2.2951e+05
2.3247e+05
2.3533e+05
2.3811e+05
2.4079e+05
2.4338e+05
2.4588e+05
2.4828e+05
2.5059e+05
2.528e+05
2.5491e+05
2.5692e+05
2.5884e+05
2.6066e+05
2.6239e+05
2.6401e+05
2.6555e+05
2.6699e+05
2.6833e+05
2.6959e+05
2.7075e+05
2.7183e+05
2.7283e+05
2.7373e+05
2.7456e+05
2.7531e+05
2.7598e+05
2.7658e+05
2.771e+05
2.7756e+05
2.7796e+05
2.7829e+05
2.7856e+05
2.7878e+05
2.7895e+05
2.7907e+05
2.7915e+05
2.7919e+05
2.7919e+05
2.7916e+05
2.791e+05
2.7901e+05
2.7891e+05
2.7878e+05
2.7865e+05
2.785e+05
2.7835e+05
2.782e+05
2.7806e+05
2.7792e+05
2.7779e+05
2.7767e+05
2.7758e+05
2.775e+05
2.7745e+05
2.7743e+05
2.7744e+05
2.7749e+05
2.7757e+05
2.777e+05
2.7787e+05
2.7809e+05
2.7836e+05
2.7868e+05
2.7905e+05
2.7949e+05
2.7998e+05
2.8053e+05
2.8115e+05
2.8183e+05
2.8258e+05
2.834e+05
2.8428e+05
2.8524e+05
2.8626e+05
2.8736e+05
2.8853e+05
2.8977e+05
2.9108e+05
2.9246e+05
2.9392e+05
2.9544e+05
2.9704e+05
2.9871e+05
3.0044e+05
3.0225e+05
3.0412e+05
3.0605e+05
3.0805e+05
3.1011e+05
3.1223e+05
3.144e+05
3.1663e+05
3.1892e+05
3.2125e+05
3.2364e+05
3.2606e+05
3.2853e+05
3.3104e+05
3.3358e+05
3.3616e+05
3.3877e+05
3.414e+05
3.4405e+05
3.4673e+05
3.4942e+05
3.5212e+05
3.5482e+05
3.5754e+05
3.6025e+05
3.6296e+05
3.6566e+05
3.6834e+05
3.7102e+05
3.7367e+05
3.763e+05
3.789e+05
3.8147e+05
3.84e+05
3.865e+05
3.8895e+05
3.9136e+05
3.9371e+05
3.9601e+05
3.9825e+05
4.0043e+05
4.0254e+05
4.0459e+05
4.0656e+05
4.0846e+05
4.1028e+05
4.1201e+05
4.1367e+05
4.1523e+05
4.1671e+05
4.1809e+05
4.1938e+05
4.2057e+05
4.2166e+05
4.2265e+05
4.2354e+05
4.2432e+05
4.2499e+05
4.2556e+05
4.2602e+05
4.2636e+05
4.266e+05
4.2672e+05
4.2672e+05
4.2662e+05
4.2639e+05
4.2606e+05
4.2561e+05
4.2504e+05
4.2436e+05
4.2357e+05
4.2266e+05
4.2164e+05
4.205e+05
4.1926e+05
4.179e+05
4.1644e+05
4.1487e+05
4.1319e+05
4.1141e+05
4.0952e+05
4.0753e+05
4.0545e+05
4.0326e+05
4.0099e+05
3.9862e+05
3.9616e+05
3.9361e+05
3.9098e+05
3.8826e+05
3.8546e+05
3.8259e+05
3.7965e+05
3.7663e+05
3.7355e+05
3.704e+05
3.6719e+05
3.6392e+05
3.6059e+05
3.5721e+05
3.5379e+05
3.5032e+05
3.468e+05
3.4325e+05
3.3966e+05
3.3604e+05
3.3239e+05
3.2871e+05
3.2501e+05
3.2129e+05
3.1755e+05
3.138e+05
3.1004e+05
3.0627e+05
3.025e+05
2.9873e+05
2.9496e+05
2.9119e+05
2.8744e+05
2.8369e+05
2.7995e+05
2.7623e+05
2.7253e+05
2.6884e+05
2.6518e+05
2.6154e+05
2.5793e+05
2.5435e+05
2.508e+05
2.4728e+05
2.4379e+05
2.4034e+05
2.3693e+05
2.3356e+05
2.3022e+05
2.2693e+05
2.2367e+05
2.2046e+05
2.173e+05
2.1418e+05
2.111e+05
2.0807e+05
2.0508e+05
2.0214e+05
1.9925e+05
1.964e+05
1.936e+05
1.9085e+05
1.8814e+05
1.8548e+05
1.8286e+05
1.8029e+05
1.7777e+05
1.7528e+05
1.7284e+05
1.7044e+05
1.6808e+05
1.6577e+05
1.6349e+05
1.6125e+05
1.5904e+05
1.5687e+05
1.5474e+05
1.5264e+05
1.5057e+05
1.4853e+05
1.4651e+05
1.4453e+05
1.4257e+05
1.4063e+05
1.3872e+05
1.3683e+05
1.3495e+05
1.3309e+05
1.3125e+05
1.2942e+05
1.2761e+05
1.2581e+05
1.2401e+05
1.2222e+05
1.2044e+05
1.1867e+05
1.1689e+05
1.1512e+05
1.1335e+05
1.1158e+05
1.098e+05
1.0803e+05
1.0624e+05
1.0445e+05
1.0266e+05
1.0086e+05
99046
97225
95394
93553
91700
89835
87959
86070
84168
82254
80327
78388
76436
74473
72499
70514
68519
66514
64502
62482
60456
58425
56391
54355
52318
50283
48251
46224
44204
42193
40194
38208
36239
34289
32360
30456
28578
26730
24915
23136
21396
19699
18046
16443
14892
13397
11960
10587
9279.8
8042.6
6879
5792.7
4787.5
3866.9
3034.7
2294.8
1650.8
1106.4
665.45
331.6
108.56
0
9.5613
140.85
397.43
782.83
1300.5
1953.9
2746.3
3681.1
4761.3
5990.3
7371
8906.4
10599
12453
14469
16651
19001
21521
24214
27082
30126
33349
36752
40337
44105
48057
52196
56521
61033
65734
70623
75701
80968
86425
92071
97905
1.0393e+05
1.1014e+05
1.1654e+05
1.2312e+05
1.2989e+05
1.3684e+05
1.4397e+05
1.5128e+05
1.5877e+05
1.6644e+05
1.7428e+05
1.8229e+05
1.9047e+05
1.9882e+05
2.0733e+05
2.16e+05
2.2483e+05
2.3381e+05
2.4294e+05
2.5222e+05
2.6164e+05
2.7119e+05
2.8088e+05
2.9071e+05
3.0065e+05
3.1072e+05
3.209e+05
3.312e+05
3.416e+05
3.521e+05
3.6269e+05
3.7338e+05
3.8415e+05
3.95e+05
4.0592e+05
4.1691e+05
4.2796e+05
4.3906e+05
4.5022e+05
4.6141e+05
4.7265e+05
4.8391e+05
4.952e+05
5.065e+05
5.1782e+05
5.2914e+05
5.4046e+05
5.5176e+05
5.6306e+05
5.7433e+05
5.8557e+05
5.9677e+05
6.0793e+05
6.1904e+05
6.301e+05
6.4109e+05
6.5201e+05
6.6286e+05
6.7362e+05
6.8429e+05
6.9487e+05
7.0534e+05
7.1571e+05
7.2595e+05
7.3608e+05
7.4608e+05
7.5594e+05
7.6566e+05
7.7523e+05
7.8466e+05
7.9392e+05
8.0301e+05
8.1194e+05
8.2069e+05
8.2926e+05
8.3765e+05
8.4584e+05
8.5383e+05
8.6163e+05
8.6921e+05
8.7659e+05
8.8375e+05
8.9069e+05
8.9741e+05
9.0389e+05
9.1015e+05
9.1617e+05
9.2195e+05
9.2749e+05
9.3278e+05
9.3783e+05
9.4262e+05
9.4716e+05
9.5144e+05
9.5546e+05
9.5923e+05
9.6273e+05
9.6596e+05
9.6893e+05
9.7163e+05
9.7406e+05
9.7622e+05
9.7812e+05
9.7974e+05
9.8109e+05
9.8217e+05
9.8298e+05
9.8351e+05
9.8378e+05
9.8377e+05
9.835e+05
9.8295e+05
9.8214e+05
9.8106e+05
9.7972e+05
9.7812e+05
9.7625e+05
9.7412e+05
9.7174e+05
9.691e+05
9.6621e+05
9.6307e+05
9.5968e+05
9.5605e+05
9.5218e+05
9.4807e+05
9.4372e+05
9.3915e+05
9.3435e+05
9.2932e+05
9.2408e+05
9.1862e+05
9.1295e+05
9.0707e+05
9.0099e+05
8.9471e+05
8.8824e+05
8.8159e+05
8.7474e+05
8.6772e+05
8.6053e+05
8.5317e+05
8.4564e+05
8.3796e+05
8.3012e+05
8.2214e+05
8.1401e+05
8.0575e+05
7.9736e+05
7.8884e+05
7.802e+05
7.7144e+05
7.6258e+05
7.5361e+05
7.4455e+05
7.354e+05
7.2616e+05
7.1683e+05
7.0744e+05
6.9797e+05
6.8844e+05
6.7886e+05
6.6922e+05
6.5954e+05
6.4981e+05
6.4005e+05
6.3026e+05
6.2045e+05
6.1061e+05
6.0076e+05
5.9091e+05
5.8105e+05
5.712e+05
5.6135e+05
5.5151e+05
5.4169e+05
5.319e+05
5.2213e+05
5.1239e+05
5.0269e+05
4.9303e+05
4.8342e+05
4.7386e+05
4.6435e+05
4.549e+05
4.4551e+05
4.3619e+05
4.2694e+05
4.1777e+05
4.0867e+05
3.9966e+05
3.9073e+05
3.8189e+05
3.7314e+05
3.6449e+05
3.5594e+05
3.4748e+05
3.3914e+05
3.3089e+05
3.2276e+05
3.1474e+05
3.0683e+05
2.9904e+05
2.9137e+05
2.8381e+05
2.7638e+05
2.6907e+05
2.6189e+05
2.5483e+05
2.4791e+05
2.4111e+05
2.3444e+05
2.279e+05
2.215e+05
2.1523e+05
2.0909e+05
2.0309e+05
1.9722e+05
1.9148e+05
1.8588e+05
1.8042e+05
1.7509e+05
1.699e+05
1.6484e+05
1.5992e+05
1.5513e+05
1.5047e+05
1.4595e+05
1.4156e+05
1.373e+05
1.3317e+05
1.2917e+05
1.253e+05
1.2156e+05
1.1794e+05
1.1445e+05
1.1108e+05
1.0783e+05
1.0471e+05
1.017e+05
98810
96036
93376
90827
88389
86059
83835
81715
79698
77780
75960
74236
72605
71065
69615
68250
66971
65773
64654
63613
62647
61753
60930
60174
59483
58855
58288
57779
57325
56925
56576
56275
56021
55811
55643
55514
55422
55365
55341
55348
55384
55445
55532
55640
55769
55917
56081
56259
56451
56653
56865
57084
57309
57539
57772
58005
58239
58471
58700
58924
59143
59355
59560
59755
59940
60114
60276
60424
60559
60679
60784
60872
60944
60998
61033
61050
61049
61027
60986
60924
60842
60739
60614
60469
60302
60114
59905
59674
59421
59147
58852
58535
58198
57840
57461
57062
56643
56204
55746
55269
54773
54259
53728
53179
52614
52032
