49718
52755
56082
59701
63609
67804
72282
77038
82067
87360
92911
98709
1.0474e+05
1.1101e+05
1.1748e+05
1.2416e+05
1.3102e+05
1.3805e+05
1.4524e+05
1.5257e+05
1.6002e+05
1.6757e+05
1.7521e+05
1.8292e+05
1.9069e+05
1.9848e+05
2.0628e+05
2.1407e+05
2.2183e+05
2.2955e+05
2.372e+05
2.4476e+05
2.5221e+05
2.5954e+05
2.6672e+05
2.7374e+05
2.8058e+05
2.8722e+05
2.9364e+05
2.9983e+05
3.0578e+05
3.1146e+05
3.1686e+05
3.2197e+05
3.2678e+05
3.3127e+05
3.3544e+05
3.3927e+05
3.4276e+05
3.4589e+05
3.4867e+05
3.5107e+05
3.5311e+05
3.5478e+05
3.5606e+05
3.5697e+05
3.575e+05
3.5765e+05
3.5742e+05
3.5681e+05
3.5584e+05
3.5449e+05
3.5278e+05
3.5071e+05
3.483e+05
3.4554e+05
3.4244e+05
3.3902e+05
3.3529e+05
3.3125e+05
3.2692e+05
3.223e+05
3.1742e+05
3.1229e+05
3.0691e+05
3.013e+05
2.9548e+05
2.8946e+05
2.8326e+05
2.7689e+05
2.7036e+05
2.637e+05
2.5691e+05
2.5002e+05
2.4304e+05
2.3598e+05
2.2886e+05
2.217e+05
2.1451e+05
2.073e+05
2.001e+05
1.9291e+05
1.8575e+05
1.7864e+05
1.7158e+05
1.646e+05
1.577e+05
1.509e+05
1.4421e+05
1.3763e+05
1.312e+05
1.249e+05
1.1876e+05
1.1278e+05
1.0698e+05
1.0136e+05
95926
90692
85664
80848
76250
71877
67732
63821
60148
56716
53529
50589
47897
45456
43266
41329
39643
38209
37025
36091
35404
34963
34764
34805
35082
35591
36328
37288
38467
39859
41458
43258
45254
47437
49803
52342
55049
57914
60931
64091
67386
70807
74346
77993
81740
85577
89496
93487
97541
1.0165e+05
1.058e+05
1.0999e+05
1.142e+05
1.1842e+05
1.2266e+05
1.2689e+05
1.3111e+05
1.3531e+05
1.3948e+05
1.4361e+05
1.4769e+05
1.5172e+05
1.5569e+05
1.5958e+05
1.634e+05
1.6713e+05
1.7077e+05
1.743e+05
1.7774e+05
1.8106e+05
1.8426e+05
1.8734e+05
1.9029e+05
1.9311e+05
1.958e+05
1.9834e+05
2.0074e+05
2.0299e+05
2.0509e+05
2.0704e+05
2.0884e+05
2.1048e+05
2.1197e+05
2.133e+05
2.1447e+05
2.1548e+05
2.1634e+05
2.1705e+05
2.176e+05
2.18e+05
2.1824e+05
2.1834e+05
2.1829e+05
2.181e+05
2.1777e+05
2.173e+05
2.1669e+05
2.1596e+05
2.1509e+05
2.141e+05
2.13e+05
2.1177e+05
2.1044e+05
2.09e+05
2.0745e+05
2.0581e+05
2.0407e+05
2.0223e+05
2.0032e+05
1.9832e+05
1.9624e+05
1.9408e+05
1.9186e+05
1.8957e+05
1.8722e+05
1.848e+05
1.8234e+05
1.7981e+05
1.7724e+05
1.7463e+05
1.7197e+05
1.6927e+05
1.6653e+05
1.6376e+05
1.6096e+05
1.5813e+05
1.5527e+05
1.5238e+05
1.4947e+05
1.4654e+05
1.436e+05
1.4063e+05
1.3765e+05
1.3466e+05
1.3166e+05
1.2864e+05
1.2562e+05
1.226e+05
1.1957e+05
1.1653e+05
1.135e+05
1.1047e+05
1.0744e+05
1.0442e+05
1.014e+05
98397
95404
92424
89461
86517
83594
80695
77822
74978
72166
69388
66647
63946
61288
58675
56110
53597
51136
48732
46387
44103
41882
39728
37641
35624
33680
31808
30011
28291
26647
25082
23595
22187
20857
19606
18434
17339
16321
15378
14509
13712
12985
12327
11734
11204
10735
10323
9964.6
9657.3
9397.6
9181.7
9006.1
8867.3
8761.4
8684.7
8633.7
8604.7
8594
8598.3
8614.1
8638.2
8667.6
8699.3
8730.6
8759.1
8782.6
8799.1
8806.8
8804.5
8790.9
8765.2
8727
8675.9
8612.2
8536.3
8448.9
8351
8244
8129.5
8009.3
7885.6
7760.7
7637.2
7517.9
7405.7
7303.5
7214.7
7142.4
7089.9
7060.4
7057.4
7083.9
7143.1
7238
7371.4
7546.1
7764.4
8028.5
8340.3
8701.4
9112.9
9575.9
10091
10657
11275
11944
12662
13428
14240
15094
15988
16918
17880
18870
19882
20911
21952
22999
24045
25084
26109
27112
28087
29027
29924
30770
31560
32285
32938
33514
34006
34407
34712
34917
35016
35007
34884
34647
34294
33823
33235
32530
31710
30779
29740
28599
27360
26031
24622
23139
21596
20001
18370
16714
15049
13390
11754
10160
8623.9
7166.6
5807.9
4568.4
3469.5
2533.2
1781.6
1237.7
924.36
864.79
1082.3
1600.1
2441.4
3629.1
5185.9
7133.9
9494.7
12289
15538
19261
23475
28199
33448
39237
45581
52491
59978
68050
76717
85982
95849
1.0632e+05
1.174e+05
1.2908e+05
1.4136e+05
1.5423e+05
1.6769e+05
1.8172e+05
1.9632e+05
2.1147e+05
2.2715e+05
2.4334e+05
2.6003e+05
2.772e+05
2.9482e+05
3.1286e+05
3.313e+05
3.501e+05
3.6925e+05
3.887e+05
4.0842e+05
4.2838e+05
4.4854e+05
4.6887e+05
4.8932e+05
5.0985e+05
5.3044e+05
5.5103e+05
5.7158e+05
5.9206e+05
6.1242e+05
6.3261e+05
6.5261e+05
6.7236e+05
6.9182e+05
7.1096e+05
7.2972e+05
7.4808e+05
7.6599e+05
7.8341e+05
8.0031e+05
8.1665e+05
8.3239e+05
8.475e+05
8.6195e+05
8.7571e+05
8.8875e+05
9.0104e+05
9.1255e+05
9.2327e+05
9.3316e+05
9.4222e+05
9.5042e+05
9.5775e+05
9.6418e+05
9.6973e+05
9.7436e+05
9.7808e+05
9.8089e+05
9.8277e+05
9.8373e+05
9.8378e+05
9.8291e+05
9.8113e+05
9.7845e+05
9.7488e+05
9.7043e+05
9.6512e+05
9.5896e+05
9.5197e+05
9.4418e+05
9.356e+05
9.2625e+05
9.1616e+05
9.0536e+05
8.9388e+05
8.8173e+05
8.6896e+05
8.5558e+05
8.4165e+05
8.2717e+05
8.122e+05
7.9676e+05
7.8089e+05
7.6462e+05
7.4798e+05
7.3102e+05
7.1377e+05
6.9626e+05
6.7852e+05
6.606e+05
6.4253e+05
6.2434e+05
6.0606e+05
5.8773e+05
5.6938e+05
5.5105e+05
5.3276e+05
5.1454e+05
4.9643e+05
4.7845e+05
4.6063e+05
4.43e+05
4.2557e+05
4.0838e+05
3.9145e+05
3.748e+05
3.5845e+05
3.4242e+05
3.2672e+05
3.1137e+05
2.964e+05
2.818e+05
2.676e+05
2.538e+05
2.4042e+05
2.2746e+05
2.1493e+05
2.0284e+05
1.9118e+05
1.7998e+05
1.6921e+05
1.589e+05
1.4903e+05
1.3961e+05
1.3064e+05
1.221e+05
1.14e+05
1.0633e+05
99089
92265
85852
79841
74224
68991
64131
59634
55489
51683
48206
45043
42183
39612
37317
35286
33504
31959
30636
29522
28604
27869
27303
26893
26627
26493
26477
26568
26754
27025
27369
27775
28234
28735
29270
29830
30406
30990
31575
32155
32721
33270
33794
34289
34751
35175
35558
35897
36188
36430
36621
36759
36843
36873
36849
36770
36637
36451
36212
35923
35585
35199
34768
34295
33780
33228
32641
32022
31374
30701
30004
29289
28557
27812
27058
26298
25535
24772
24012
23259
22515
21783
21066
20366
19685
19027
18392
17784
17203
16651
16130
15640
15183
14760
14371
14016
13696
13410
13159
12942
12758
12607
12488
12400
12342
12312
12309
12332
12378
12446
12533
12639
12761
12896
13043
13200
13364
13533
13704
13877
14048
14215
14377
14531
14676
14809
14929
15033
15121
15191
15242
15272
15280
15265
15227
15165
15077
14964
14826
14662
14472
14256
14015
13749
13459
13145
12808
12449
12069
11669
11251
10815
10362
9895.7
9416
8924.8
8423.7
7914.4
7398.6
6877.9
6354.1
5828.9
5304
4781
4261.7
3747.6
3240.3
2741.4
2252.3
1774.4
1309
857.34
420.67
0
