32653
34570
36791
39316
42142
45268
48691
52407
56411
60698
65260
70091
75182
80524
86108
91922
97956
1.042e+05
1.1064e+05
1.1726e+05
1.2404e+05
1.3099e+05
1.3807e+05
1.4528e+05
1.526e+05
1.6001e+05
1.675e+05
1.7505e+05
1.8265e+05
1.9028e+05
1.9792e+05
2.0556e+05
2.1318e+05
2.2076e+05
2.2828e+05
2.3574e+05
2.4311e+05
2.5038e+05
2.5753e+05
2.6454e+05
2.7141e+05
2.7812e+05
2.8465e+05
2.9099e+05
2.9712e+05
3.0304e+05
3.0872e+05
3.1417e+05
3.1936e+05
3.2429e+05
3.2895e+05
3.3333e+05
3.3742e+05
3.4121e+05
3.4469e+05
3.4787e+05
3.5073e+05
3.5327e+05
3.5548e+05
3.5736e+05
3.5892e+05
3.6014e+05
3.6104e+05
3.6159e+05
3.6182e+05
3.6172e+05
3.6129e+05
3.6053e+05
3.5945e+05
3.5806e+05
3.5635e+05
3.5434e+05
3.5203e+05
3.4943e+05
3.4655e+05
3.4339e+05
3.3996e+05
3.3628e+05
3.3235e+05
3.2819e+05
3.238e+05
3.192e+05
3.1439e+05
3.094e+05
3.0423e+05
2.989e+05
2.9341e+05
2.8779e+05
2.8205e+05
2.762e+05
2.7025e+05
2.6422e+05
2.5812e+05
2.5197e+05
2.4577e+05
2.3956e+05
2.3333e+05
2.271e+05
2.2088e+05
2.147e+05
2.0856e+05
2.0247e+05
1.9645e+05
1.9051e+05
1.8466e+05
1.7891e+05
1.7328e+05
1.6777e+05
1.624e+05
1.5717e+05
1.521e+05
1.4719e+05
1.4246e+05
1.379e+05
1.3354e+05
1.2936e+05
1.2539e+05
1.2162e+05
1.1807e+05
1.1473e+05
1.1161e+05
1.0871e+05
1.0604e+05
1.036e+05
1.0139e+05
99412
97665
96150
94867
93815
92992
92397
92026
91877
91947
92231
92726
93427
94329
95427
96714
98185
99834
1.0165e+05
1.0364e+05
1.0578e+05
1.0807e+05
1.1051e+05
1.1308e+05
1.1577e+05
1.1859e+05
1.2152e+05
1.2455e+05
1.2768e+05
1.309e+05
1.3419e+05
1.3756e+05
1.4099e+05
1.4447e+05
1.48e+05
1.5158e+05
1.5518e+05
1.5881e+05
1.6245e+05
1.661e+05
1.6975e+05
1.734e+05
1.7703e+05
1.8064e+05
1.8422e+05
1.8777e+05
1.9128e+05
1.9474e+05
1.9815e+05
2.015e+05
2.0478e+05
2.0799e+05
2.1113e+05
2.1418e+05
2.1715e+05
2.2003e+05
2.2281e+05
2.2549e+05
2.2807e+05
2.3054e+05
2.329e+05
2.3514e+05
2.3726e+05
2.3926e+05
2.4113e+05
2.4288e+05
2.4449e+05
2.4597e+05
2.4732e+05
2.4853e+05
2.496e+05
2.5054e+05
2.5132e+05
2.5197e+05
2.5247e+05
2.5283e+05
2.5304e+05
2.5311e+05
2.5303e+05
2.5281e+05
2.5244e+05
2.5193e+05
2.5127e+05
2.5047e+05
2.4952e+05
2.4843e+05
2.4721e+05
2.4584e+05
2.4434e+05
2.4271e+05
2.4094e+05
2.3904e+05
2.3702e+05
2.3487e+05
2.326e+05
2.3021e+05
2.2771e+05
2.2509e+05
2.2237e+05
2.1954e+05
2.1661e+05
2.1358e+05
2.1047e+05
2.0727e+05
2.0398e+05
2.0061e+05
1.9718e+05
1.9367e+05
1.901e+05
1.8647e+05
1.8279e+05
1.7906e+05
1.7529e+05
1.7148e+05
1.6764e+05
1.6377e+05
1.5988e+05
1.5598e+05
1.5206e+05
1.4814e+05
1.4422e+05
1.4031e+05
1.364e+05
1.3251e+05
1.2864e+05
1.248e+05
1.2098e+05
1.172e+05
1.1346e+05
1.0976e+05
1.0611e+05
1.0251e+05
98961
95471
92043
88679
85381
82153
78997
75914
72907
69977
67125
64353
61661
59050
56520
54072
51704
49418
47211
45084
43036
41064
39168
37347
35597
33919
32309
30765
29286
27869
26512
25212
23967
22774
21631
20535
19484
18476
17507
16577
15682
14821
13992
13192
12419
11674
10953
10255
9580
8926.3
8293.1
7679.9
7086.2
6511.8
5956.4
5420.3
4903.6
4406.8
3930.5
3475.3
3042.2
2632.1
2246.1
1885.6
1551.8
1246.2
970.21
725.41
513.36
335.66
193.92
89.699
24.562
0
17.44
78.219
183.57
334.59
532.26
777.37
1070.6
1412.3
1802.7
2242
2729.8
3265.7
3849.1
4478.9
5153.9
5872.7
6633.4
7434
8272.2
9145.4
10051
10985
11945
12927
13927
14941
15964
16993
18022
19047
20063
21065
22047
23005
23933
24826
25680
26488
27246
27949
28593
29173
29685
30125
30489
30774
30978
31097
31130
31076
30932
30700
30378
29967
29469
28886
28220
27474
26653
25760
24801
23783
22712
21594
20440
19256
18054
16843
15634
14438
13268
12137
11057
10044
9110.1
8271.6
7543.5
6941.3
6481.1
6179.1
6051.9
6116.3
6388.9
6886.8
7626.8
8625.8
9900.5
11468
13343
15544
18084
20980
24247
27898
31947
36406
41289
46606
52367
58583
65262
72411
80036
88144
96738
1.0582e+05
1.154e+05
1.2546e+05
1.3602e+05
1.4706e+05
1.5859e+05
1.706e+05
1.8308e+05
1.9603e+05
2.0944e+05
2.2329e+05
2.3758e+05
2.5229e+05
2.674e+05
2.8291e+05
2.9879e+05
3.1503e+05
3.316e+05
3.4849e+05
3.6568e+05
3.8313e+05
4.0083e+05
4.1874e+05
4.3686e+05
4.5514e+05
4.7356e+05
4.9209e+05
5.107e+05
5.2936e+05
5.4804e+05
5.6671e+05
5.8534e+05
6.0389e+05
6.2234e+05
6.4065e+05
6.5879e+05
6.7672e+05
6.9442e+05
7.1185e+05
7.2899e+05
7.4579e+05
7.6223e+05
7.7829e+05
7.9392e+05
8.091e+05
8.238e+05
8.38e+05
8.5166e+05
8.6477e+05
8.773e+05
8.8922e+05
9.0051e+05
9.1115e+05
9.2113e+05
9.3042e+05
9.3901e+05
9.4688e+05
9.5402e+05
9.6041e+05
9.6605e+05
9.7092e+05
9.7502e+05
9.7834e+05
9.8088e+05
9.8263e+05
9.836e+05
9.8378e+05
9.8317e+05
9.8178e+05
9.7962e+05
9.7669e+05
9.73e+05
9.6855e+05
9.6337e+05
9.5746e+05
9.5083e+05
9.4351e+05
9.3551e+05
9.2684e+05
9.1753e+05
9.076e+05
8.9706e+05
8.8594e+05
8.7427e+05
8.6206e+05
8.4935e+05
8.3615e+05
8.225e+05
8.0842e+05
7.9394e+05
7.7908e+05
7.6388e+05
7.4836e+05
7.3256e+05
7.1649e+05
7.002e+05
6.8371e+05
6.6704e+05
6.5023e+05
6.333e+05
6.1629e+05
5.9922e+05
5.8212e+05
5.6502e+05
5.4793e+05
5.309e+05
5.1394e+05
4.9708e+05
4.8033e+05
4.6374e+05
4.4731e+05
4.3107e+05
4.1503e+05
3.9923e+05
3.8367e+05
3.6838e+05
3.5336e+05
3.3865e+05
3.2424e+05
3.1016e+05
2.9641e+05
2.8301e+05
2.6997e+05
2.5729e+05
2.4499e+05
2.3306e+05
2.2153e+05
2.1039e+05
1.9964e+05
1.8929e+05
1.7934e+05
1.6979e+05
1.6064e+05
1.5189e+05
1.4354e+05
1.3558e+05
1.2802e+05
1.2084e+05
1.1404e+05
1.0761e+05
1.0156e+05
95863
90523
85528
80869
76537
72523
68815
65405
62279
59429
56842
54507
52412
50545
48895
47451
46199
45128
44228
43485
42889
42428
42091
41868
41748
41721
41775
41903
42094
42339
42629
42957
43314
43693
44086
44487
44889
45287
45675
46048
46401
46730
47030
47299
47534
47731
47889
48004
48077
48105
48087
48024
47914
47757
47554
47306
47013
46675
46295
45874
45413
44914
44378
43809
43208
42577
41919
41236
40531
39806
39063
38307
37537
36759
35973
35183
34391
33600
32811
32028
31252
30486
29731
28989
28264
27555
26865
26195
25547
24922
24321
23745
23195
22671
22175
21707
21268
20856
20474
20120
19795
19498
19229
18988
18774
18587
18426
18290
18178
18089
18023
17978
17954
17948
17960
17989
18032
18090
18160
18242
18333
18433
18540
18652
18769
18889
19010
19132
19253
19371
19486
19597
19702
19800
19890
19971
20042
20103
20152
20189
20212
20223
20219
20200
20166
20117
20052
19971
19873
19759
19629
19482
19319
19140
18944
18733
18506
18264
18008
17737
17452
17154
16843
16521
16186
