2.4479e+05
2.4777e+05
2.5076e+05
2.5376e+05
2.5677e+05
2.5978e+05
2.628e+05
2.6583e+05
2.6885e+05
2.7188e+05
2.7492e+05
2.7795e+05
2.8097e+05
2.84e+05
2.8702e+05
2.9003e+05
2.9304e+05
2.9604e+05
2.9902e+05
3.02e+05
3.0497e+05
3.0792e+05
3.1086e+05
3.1378e+05
3.1669e+05
3.1957e+05
3.2244e+05
3.2529e+05
3.2812e+05
3.3092e+05
3.337e+05
3.3646e+05
3.3919e+05
3.4189e+05
3.4457e+05
3.4722e+05
3.4983e+05
3.5242e+05
3.5497e+05
3.5749e+05
3.5998e+05
3.6244e+05
3.6485e+05
3.6723e+05
3.6958e+05
3.7188e+05
3.7415e+05
3.7637e+05
3.7856e+05
3.807e+05
3.828e+05
3.8486e+05
3.8687e+05
3.8884e+05
3.9077e+05
3.9265e+05
3.9448e+05
3.9626e+05
3.98e+05
3.9969e+05
4.0133e+05
4.0292e+05
4.0446e+05
4.0595e+05
4.0739e+05
4.0877e+05
4.1011e+05
4.1139e+05
4.1262e+05
4.138e+05
4.1493e+05
4.16e+05
4.1701e+05
4.1798e+05
4.1889e+05
4.1974e+05
4.2054e+05
4.2129e+05
4.2198e+05
4.2261e+05
4.2319e+05
4.2372e+05
4.2419e+05
4.246e+05
4.2497e+05
4.2527e+05
4.2552e+05
4.2572e+05
4.2586e+05
4.2595e+05
4.2598e+05
4.2596e+05
4.2589e+05
4.2576e+05
4.2558e+05
4.2535e+05
4.2507e+05
4.2473e+05
4.2435e+05
4.2391e+05
4.2342e+05
4.2288e+05
4.2229e+05
4.2166e+05
4.2098e+05
4.2024e+05
4.1947e+05
4.1864e+05
4.1777e+05
4.1686e+05
4.159e+05
4.149e+05
4.1385e+05
4.1276e+05
4.1164e+05
4.1047e+05
4.0926e+05
4.0802e+05
4.0673e+05
4.0541e+05
4.0406e+05
4.0267e+05
4.0124e+05
3.9978e+05
3.9829e+05
3.9677e+05
3.9522e+05
3.9364e+05
3.9203e+05
3.9039e+05
3.8873e+05
3.8704e+05
3.8533e+05
3.8359e+05
3.8183e+05
3.8006e+05
3.7826e+05
3.7644e+05
3.746e+05
3.7275e+05
3.7088e+05
3.6899e+05
3.6709e+05
3.6518e+05
3.6325e+05
3.6132e+05
3.5937e+05
3.5741e+05
3.5545e+05
3.5348e+05
3.515e+05
3.4952e+05
3.4753e+05
3.4553e+05
3.4354e+05
3.4154e+05
3.3954e+05
3.3754e+05
3.3554e+05
3.3354e+05
3.3154e+05
3.2955e+05
3.2756e+05
3.2557e+05
3.2359e+05
3.2161e+05
3.1963e+05
3.1766e+05
3.157e+05
3.1375e+05
3.118e+05
3.0986e+05
3.0793e+05
3.0601e+05
3.041e+05
3.022e+05
3.003e+05
2.9842e+05
2.9655e+05
2.9468e+05
2.9283e+05
2.9099e+05
2.8916e+05
2.8734e+05
2.8553e+05
2.8373e+05
2.8195e+05
2.8017e+05
2.784e+05
2.7665e+05
2.749e+05
2.7317e+05
2.7144e+05
2.6973e+05
2.6802e+05
2.6633e+05
2.6464e+05
2.6296e+05
2.6129e+05
2.5963e+05
2.5797e+05
2.5632e+05
2.5468e+05
2.5305e+05
2.5141e+05
2.4979e+05
2.4816e+05
2.4655e+05
2.4493e+05
2.4332e+05
2.4171e+05
2.4009e+05
2.3848e+05
2.3687e+05
2.3526e+05
2.3365e+05
2.3203e+05
2.3041e+05
2.2879e+05
2.2716e+05
2.2553e+05
2.2389e+05
2.2225e+05
2.2059e+05
2.1893e+05
2.1726e+05
2.1558e+05
2.1389e+05
2.1219e+05
2.1048e+05
2.0875e+05
2.0701e+05
2.0526e+05
2.0349e+05
2.017e+05
1.9991e+05
1.9809e+05
1.9626e+05
1.9441e+05
1.9254e+05
1.9065e+05
1.8874e+05
1.8682e+05
1.8487e+05
1.829e+05
1.8091e+05
1.789e+05
1.7687e+05
1.7482e+05
1.7275e+05
1.7065e+05
1.6853e+05
1.6639e+05
1.6423e+05
1.6204e+05
1.5983e+05
1.576e+05
1.5535e+05
1.5307e+05
1.5077e+05
1.4845e+05
1.4611e+05
1.4375e+05
1.4137e+05
1.3896e+05
1.3654e+05
1.341e+05
1.3164e+05
1.2916e+05
1.2666e+05
1.2415e+05
1.2162e+05
1.1908e+05
1.1652e+05
1.1395e+05
1.1137e+05
1.0878e+05
1.0618e+05
1.0356e+05
1.0095e+05
98322
95693
93061
90427
87792
85159
82529
79903
77283
74671
72069
69478
66900
64338
61793
59268
56763
54282
51826
49398
46999
44633
42301
40005
37748
35532
33360
31233
29154
27126
25152
23232
21370
19569
17831
16158
14552
13017
11555
10168
8858
7628.5
6481.6
5419.7
4445.2
3560.6
2768.2
2070.4
1469.5
967.97
567.98
271.85
81.784
0
28.658
169.88
425.76
798.33
1289.6
1901.5
2635.9
3494.7
4479.7
5592.6
6835.1
8208.9
9715.3
11356
13133
15046
17098
19289
21622
24095
26712
29473
32378
35428
38624
41967
45457
49095
52880
56814
60896
65126
69505
74031
78706
83529
88499
93616
98879
1.0429e+05
1.0984e+05
1.1554e+05
1.2138e+05
1.2736e+05
1.3349e+05
1.3975e+05
1.4615e+05
1.5269e+05
1.5936e+05
1.6617e+05
1.7311e+05
1.8018e+05
1.8738e+05
1.947e+05
2.0215e+05
2.0972e+05
2.1742e+05
2.2522e+05
2.3315e+05
2.4118e+05
2.4933e+05
2.5758e+05
2.6594e+05
2.744e+05
2.8295e+05
2.9161e+05
3.0035e+05
3.0919e+05
3.1811e+05
3.2711e+05
3.362e+05
3.4535e+05
3.5459e+05
3.6389e+05
3.7325e+05
3.8268e+05
3.9216e+05
4.017e+05
4.1129e+05
4.2093e+05
4.3061e+05
4.4032e+05
4.5007e+05
4.5985e+05
4.6966e+05
4.7949e+05
4.8933e+05
4.9919e+05
5.0906e+05
5.1893e+05
5.288e+05
5.3867e+05
5.4853e+05
5.5838e+05
5.6821e+05
5.7802e+05
5.8781e+05
5.9756e+05
6.0728e+05
6.1696e+05
6.266e+05
6.3619e+05
6.4573e+05
6.5521e+05
6.6463e+05
6.7399e+05
6.8328e+05
6.9249e+05
7.0162e+05
7.1068e+05
7.1965e+05
7.2852e+05
7.3731e+05
7.4599e+05
7.5457e+05
7.6305e+05
7.7141e+05
7.7966e+05
7.8779e+05
7.958e+05
8.0369e+05
8.1144e+05
8.1907e+05
8.2655e+05
8.339e+05
8.411e+05
8.4816e+05
8.5507e+05
8.6182e+05
8.6842e+05
8.7486e+05
8.8113e+05
8.8725e+05
8.9319e+05
8.9897e+05
9.0457e+05
9.0999e+05
9.1524e+05
9.2031e+05
9.252e+05
9.299e+05
9.3441e+05
9.3874e+05
9.4288e+05
9.4682e+05
9.5058e+05
9.5413e+05
9.5749e+05
9.6066e+05
9.6362e+05
9.6638e+05
9.6894e+05
9.713e+05
9.7346e+05
9.7542e+05
9.7716e+05
9.7871e+05
9.8005e+05
9.8118e+05
9.8211e+05
9.8284e+05
9.8336e+05
9.8367e+05
9.8378e+05
9.8368e+05
9.8338e+05
9.8287e+05
9.8217e+05
9.8126e+05
9.8015e+05
9.7883e+05
9.7732e+05
9.7561e+05
9.7371e+05
9.7161e+05
9.6931e+05
9.6682e+05
9.6414e+05
9.6127e+05
9.5822e+05
9.5498e+05
9.5155e+05
9.4794e+05
9.4416e+05
9.402e+05
9.3606e+05
9.3175e+05
9.2727e+05
9.2262e+05
9.1781e+05
9.1284e+05
9.0771e+05
9.0242e+05
8.9698e+05
8.9138e+05
8.8564e+05
8.7976e+05
8.7373e+05
8.6757e+05
8.6127e+05
8.5484e+05
8.4828e+05
8.4159e+05
8.3479e+05
8.2786e+05
8.2083e+05
8.1368e+05
8.0642e+05
7.9906e+05
7.916e+05
7.8404e+05
7.7639e+05
7.6865e+05
7.6082e+05
7.5291e+05
7.4493e+05
7.3687e+05
7.2874e+05
7.2054e+05
7.1228e+05
7.0396e+05
6.9558e+05
6.8715e+05
6.7868e+05
6.7016e+05
6.6159e+05
6.53e+05
6.4437e+05
6.357e+05
6.2702e+05
6.1831e+05
6.0958e+05
6.0084e+05
5.9209e+05
5.8332e+05
5.7456e+05
5.6579e+05
5.5703e+05
5.4827e+05
5.3952e+05
5.3079e+05
5.2207e+05
5.1337e+05
5.0469e+05
4.9604e+05
4.8742e+05
4.7883e+05
4.7027e+05
4.6175e+05
4.5328e+05
4.4484e+05
4.3646e+05
4.2812e+05
4.1984e+05
4.116e+05
4.0343e+05
3.9532e+05
3.8727e+05
3.7928e+05
3.7136e+05
3.6351e+05
3.5573e+05
3.4802e+05
3.4039e+05
3.3283e+05
3.2536e+05
3.1796e+05
3.1065e+05
3.0343e+05
2.9629e+05
2.8923e+05
2.8227e+05
2.754e+05
2.6862e+05
2.6193e+05
2.5534e+05
2.4884e+05
2.4244e+05
2.3614e+05
2.2994e+05
2.2383e+05
2.1783e+05
2.1192e+05
2.0612e+05
2.0043e+05
1.9483e+05
1.8934e+05
1.8395e+05
1.7866e+05
1.7348e+05
1.6841e+05
1.6344e+05
1.5857e+05
1.5381e+05
1.4915e+05
1.446e+05
1.4015e+05
1.358e+05
1.3156e+05
1.2742e+05
1.2339e+05
1.1946e+05
1.1563e+05
1.119e+05
1.0827e+05
1.0474e+05
1.0131e+05
97981
94748
91613
88573
85629
82779
80021
77356
74782
72297
69901
67592
65370
63232
61177
59205
57314
55502
53768
52111
50529
49020
47584
46219
44923
43694
42531
41433
40398
39425
38511
37655
36856
36112
35422
34783
34195
33655
33162
32714
32311
31950
31629
31347
31103
30895
30722
30581
30472
30393
30342
30318
30319
30345
30393
30463
30553
30661
30786
30927
31082
31251
31432
31624
31825
32035
32253
32476
32705
32937
33173
33410
33649
33887
34125
34360
34593
34823
35048
35268
35482
35690
35890
36082
36266
36440
36604
36758
36901
37033
37153
37260
37354
37435
37503
37557
37596
37622
37632
37627
37607
