18207
21308
24611
28113
31809
35694
39761
44005
48419
52996
57730
62611
67633
72787
78064
83456
88954
94547
1.0023e+05
1.0599e+05
1.1181e+05
1.1769e+05
1.2362e+05
1.2959e+05
1.3558e+05
1.4159e+05
1.4761e+05
1.5362e+05
1.5962e+05
1.6559e+05
1.7153e+05
1.7743e+05
1.8327e+05
1.8905e+05
1.9476e+05
2.0039e+05
2.0592e+05
2.1136e+05
2.1669e+05
2.219e+05
2.2699e+05
2.3195e+05
2.3677e+05
2.4144e+05
2.4596e+05
2.5033e+05
2.5453e+05
2.5856e+05
2.6241e+05
2.6609e+05
2.6958e+05
2.7288e+05
2.76e+05
2.7892e+05
2.8164e+05
2.8416e+05
2.8649e+05
2.8861e+05
2.9053e+05
2.9224e+05
2.9376e+05
2.9506e+05
2.9617e+05
2.9708e+05
2.9778e+05
2.9829e+05
2.986e+05
2.9872e+05
2.9865e+05
2.984e+05
2.9796e+05
2.9734e+05
2.9655e+05
2.9559e+05
2.9447e+05
2.9318e+05
2.9174e+05
2.9016e+05
2.8843e+05
2.8656e+05
2.8457e+05
2.8245e+05
2.8022e+05
2.7787e+05
2.7543e+05
2.7289e+05
2.7026e+05
2.6755e+05
2.6477e+05
2.6192e+05
2.5901e+05
2.5606e+05
2.5306e+05
2.5002e+05
2.4696e+05
2.4387e+05
2.4077e+05
2.3767e+05
2.3457e+05
2.3147e+05
2.284e+05
2.2534e+05
2.2232e+05
2.1933e+05
2.1638e+05
2.1348e+05
2.1064e+05
2.0786e+05
2.0514e+05
2.025e+05
1.9993e+05
1.9745e+05
1.9505e+05
1.9275e+05
1.9054e+05
1.8844e+05
1.8643e+05
1.8454e+05
1.8275e+05
1.8108e+05
1.7953e+05
1.7809e+05
1.7678e+05
1.7559e+05
1.7452e+05
1.7357e+05
1.7276e+05
1.7207e+05
1.715e+05
1.7106e+05
1.7075e+05
1.7057e+05
1.7051e+05
1.7058e+05
1.7076e+05
1.7107e+05
1.715e+05
1.7205e+05
1.727e+05
1.7347e+05
1.7435e+05
1.7534e+05
1.7642e+05
1.7761e+05
1.7889e+05
1.8026e+05
1.8171e+05
1.8325e+05
1.8487e+05
1.8656e+05
1.8832e+05
1.9014e+05
1.9201e+05
1.9394e+05
1.9592e+05
1.9794e+05
2e+05
2.0209e+05
2.0421e+05
2.0634e+05
2.0849e+05
2.1065e+05
2.1281e+05
2.1498e+05
2.1713e+05
2.1927e+05
2.214e+05
2.235e+05
2.2557e+05
2.2761e+05
2.2961e+05
2.3156e+05
2.3347e+05
2.3532e+05
2.3712e+05
2.3885e+05
2.4052e+05
2.4211e+05
2.4363e+05
2.4508e+05
2.4644e+05
2.4772e+05
2.489e+05
2.5e+05
2.5101e+05
2.5191e+05
2.5272e+05
2.5343e+05
2.5404e+05
2.5454e+05
2.5493e+05
2.5522e+05
2.554e+05
2.5548e+05
2.5544e+05
2.553e+05
2.5504e+05
2.5468e+05
2.5421e+05
2.5363e+05
2.5294e+05
2.5215e+05
2.5125e+05
2.5025e+05
2.4914e+05
2.4794e+05
2.4663e+05
2.4523e+05
2.4374e+05
2.4215e+05
2.4047e+05
2.3871e+05
2.3686e+05
2.3492e+05
2.3291e+05
2.3082e+05
2.2866e+05
2.2643e+05
2.2413e+05
2.2177e+05
2.1934e+05
2.1686e+05
2.1432e+05
2.1174e+05
2.091e+05
2.0642e+05
2.037e+05
2.0094e+05
1.9814e+05
1.9531e+05
1.9245e+05
1.8957e+05
1.8666e+05
1.8373e+05
1.8079e+05
1.7782e+05
1.7485e+05
1.7187e+05
1.6887e+05
1.6587e+05
1.6287e+05
1.5987e+05
1.5687e+05
1.5387e+05
1.5088e+05
1.4789e+05
1.4491e+05
1.4194e+05
1.3898e+05
1.3603e+05
1.3309e+05
1.3017e+05
1.2726e+05
1.2437e+05
1.215e+05
1.1865e+05
1.1581e+05
1.1299e+05
1.102e+05
1.0742e+05
1.0466e+05
1.0193e+05
99214
96522
93853
91206
88582
85981
83404
80850
78320
75815
73334
70879
68449
66045
63667
61316
58993
56698
54431
52194
49987
47812
45668
43557
41480
39439
37433
35464
33534
31644
29794
27987
26224
24506
22835
21211
19637
18114
16644
15227
13866
12561
11315
10128
9001.8
7937.7
6936.9
6000.4
5129.2
4324.3
3586.6
2916.7
2315.3
1782.8
1319.7
926.2
602.33
348.06
163.2
47.353
0
20.437
107.79
261.02
478.89
760.02
1102.8
1505.5
1966.3
2482.8
3053
3674.4
4344.3
5059.9
5818.4
6616.6
7451.4
8319.4
9217
10141
11087
12052
13031
14022
15019
16019
17018
18012
18996
19967
20920
21852
22758
23636
24481
25289
26058
26784
27463
28094
28672
29197
29665
30074
30424
30712
30937
31099
31196
31230
31200
31106
30951
30734
30458
30125
29737
29298
28811
28279
27707
27099
26460
25795
25111
24414
23710
23005
22308
21626
20967
20339
19751
19211
18730
18316
17979
17729
17577
17531
17604
17804
18143
18632
19281
20101
21102
22295
23691
25300
27133
29199
31508
34071
36896
39992
43369
47034
50997
55264
59842
64738
69960
75511
81397
87624
94194
1.0111e+05
1.0838e+05
1.16e+05
1.2397e+05
1.323e+05
1.4098e+05
1.5002e+05
1.5941e+05
1.6914e+05
1.7923e+05
1.8966e+05
2.0043e+05
2.1153e+05
2.2296e+05
2.3471e+05
2.4678e+05
2.5915e+05
2.7182e+05
2.8478e+05
2.9802e+05
3.1152e+05
3.2528e+05
3.3928e+05
3.5352e+05
3.6796e+05
3.8261e+05
3.9745e+05
4.1246e+05
4.2763e+05
4.4294e+05
4.5836e+05
4.739e+05
4.8952e+05
5.0521e+05
5.2096e+05
5.3673e+05
5.5252e+05
5.683e+05
5.8406e+05
5.9977e+05
6.1542e+05
6.3098e+05
6.4643e+05
6.6176e+05
6.7695e+05
6.9197e+05
7.068e+05
7.2143e+05
7.3584e+05
7.5e+05
7.6389e+05
7.7751e+05
7.9083e+05
8.0382e+05
8.1648e+05
8.2879e+05
8.4073e+05
8.5228e+05
8.6342e+05
8.7416e+05
8.8445e+05
8.9431e+05
9.037e+05
9.1262e+05
9.2106e+05
9.29e+05
9.3643e+05
9.4335e+05
9.4975e+05
9.5561e+05
9.6094e+05
9.6572e+05
9.6994e+05
9.7361e+05
9.7672e+05
9.7927e+05
9.8124e+05
9.8266e+05
9.835e+05
9.8378e+05
9.8349e+05
9.8263e+05
9.8122e+05
9.7924e+05
9.7672e+05
9.7364e+05
9.7002e+05
9.6587e+05
9.6119e+05
9.56e+05
9.5029e+05
9.4408e+05
9.3738e+05
9.302e+05
9.2256e+05
9.1446e+05
9.0592e+05
8.9696e+05
8.8757e+05
8.7779e+05
8.6762e+05
8.5709e+05
8.462e+05
8.3497e+05
8.2341e+05
8.1156e+05
7.9941e+05
7.87e+05
7.7433e+05
7.6142e+05
7.4829e+05
7.3497e+05
7.2145e+05
7.0778e+05
6.9395e+05
6.7999e+05
6.6592e+05
6.5176e+05
6.3751e+05
6.232e+05
6.0885e+05
5.9447e+05
5.8008e+05
5.657e+05
5.5133e+05
5.37e+05
5.2272e+05
5.0851e+05
4.9438e+05
4.8034e+05
4.6641e+05
4.526e+05
4.3892e+05
4.2539e+05
4.1202e+05
3.9881e+05
3.8579e+05
3.7295e+05
3.6032e+05
3.4789e+05
3.3568e+05
3.2369e+05
3.1194e+05
3.0042e+05
2.8915e+05
2.7812e+05
2.6736e+05
2.5685e+05
2.4661e+05
2.3664e+05
2.2694e+05
2.1751e+05
2.0836e+05
1.9949e+05
1.9089e+05
1.8257e+05
1.7453e+05
1.6677e+05
1.5929e+05
1.5208e+05
1.4514e+05
1.3848e+05
1.3208e+05
1.2596e+05
1.2009e+05
1.1449e+05
1.0913e+05
1.0403e+05
99181
94569
90193
86049
82130
78430
74945
71667
68591
65709
63017
60506
58171
56004
53999
52150
50449
48889
47465
46168
44993
43932
42980
42130
41375
40709
40126
39621
39186
38817
38507
38252
38046
37883
37760
37671
37612
37579
37566
37571
37589
37617
37651
37688
37726
37761
37791
37813
37826
37826
37813
37784
37738
37674
37590
37486
37361
37213
37043
36850
36634
36394
36131
35844
35535
35203
34848
34472
34075
33657
33220
32764
32290
31798
31291
30769
30234
29685
29125
28555
27975
27387
26793
26193
25589
24981
24372
23762
23152
22543
21938
21335
20738
20146
19561
18983
18414
17854
17305
16766
16239
15723
15221
14732
14257
13796
13350
12919
12503
12103
11718
11350
10997
10660
10340
10035
9746
9472.7
9215
8972.5
8745.1
8532.3
8333.9
8149.5
7978.6
7820.9
7675.8
7542.9
7421.7
7311.6
7212
7122.4
7042.2
6970.7
6907.4
6851.6
6802.6
6759.8
6722.6
6690.4
6662.3
6637.9
6616.4
6597.2
6579.6
