1.9715e+05
2.0165e+05
2.0612e+05
2.1056e+05
2.1497e+05
2.1934e+05
2.2366e+05
2.2794e+05
2.3216e+05
2.3632e+05
2.4042e+05
2.4445e+05
2.4841e+05
2.5229e+05
2.561e+05
2.5982e+05
2.6345e+05
2.67e+05
2.7045e+05
2.7381e+05
2.7707e+05
2.8023e+05
2.833e+05
2.8625e+05
2.891e+05
2.9185e+05
2.9449e+05
2.9702e+05
2.9944e+05
3.0175e+05
3.0396e+05
3.0605e+05
3.0804e+05
3.0992e+05
3.1168e+05
3.1335e+05
3.1491e+05
3.1636e+05
3.1771e+05
3.1896e+05
3.2011e+05
3.2117e+05
3.2213e+05
3.2299e+05
3.2377e+05
3.2447e+05
3.2507e+05
3.256e+05
3.2605e+05
3.2643e+05
3.2674e+05
3.2698e+05
3.2716e+05
3.2728e+05
3.2734e+05
3.2735e+05
3.2731e+05
3.2723e+05
3.2712e+05
3.2696e+05
3.2678e+05
3.2656e+05
3.2633e+05
3.2608e+05
3.2581e+05
3.2553e+05
3.2525e+05
3.2497e+05
3.2468e+05
3.2441e+05
3.2414e+05
3.2389e+05
3.2366e+05
3.2344e+05
3.2326e+05
3.231e+05
3.2297e+05
3.2288e+05
3.2283e+05
3.2282e+05
3.2285e+05
3.2293e+05
3.2306e+05
3.2324e+05
3.2348e+05
3.2378e+05
3.2413e+05
3.2454e+05
3.2502e+05
3.2556e+05
3.2616e+05
3.2683e+05
3.2757e+05
3.2837e+05
3.2924e+05
3.3018e+05
3.3119e+05
3.3227e+05
3.3342e+05
3.3463e+05
3.3591e+05
3.3726e+05
3.3868e+05
3.4016e+05
3.417e+05
3.4331e+05
3.4497e+05
3.467e+05
3.4848e+05
3.5032e+05
3.522e+05
3.5414e+05
3.5613e+05
3.5816e+05
3.6023e+05
3.6235e+05
3.645e+05
3.6668e+05
3.6889e+05
3.7113e+05
3.7339e+05
3.7567e+05
3.7797e+05
3.8028e+05
3.826e+05
3.8492e+05
3.8725e+05
3.8957e+05
3.9188e+05
3.9419e+05
3.9648e+05
3.9875e+05
4.01e+05
4.0322e+05
4.0542e+05
4.0757e+05
4.0969e+05
4.1177e+05
4.1381e+05
4.1579e+05
4.1772e+05
4.196e+05
4.2141e+05
4.2316e+05
4.2484e+05
4.2646e+05
4.28e+05
4.2946e+05
4.3084e+05
4.3215e+05
4.3336e+05
4.3449e+05
4.3553e+05
4.3648e+05
4.3733e+05
4.3809e+05
4.3874e+05
4.393e+05
4.3975e+05
4.401e+05
4.4035e+05
4.4049e+05
4.4052e+05
4.4044e+05
4.4026e+05
4.3997e+05
4.3956e+05
4.3905e+05
4.3843e+05
4.377e+05
4.3685e+05
4.359e+05
4.3484e+05
4.3368e+05
4.324e+05
4.3102e+05
4.2954e+05
4.2795e+05
4.2626e+05
4.2447e+05
4.2258e+05
4.2059e+05
4.1851e+05
4.1634e+05
4.1407e+05
4.1172e+05
4.0928e+05
4.0676e+05
4.0416e+05
4.0148e+05
3.9872e+05
3.959e+05
3.93e+05
3.9004e+05
3.8701e+05
3.8392e+05
3.8078e+05
3.7759e+05
3.7434e+05
3.7105e+05
3.6771e+05
3.6433e+05
3.6092e+05
3.5747e+05
3.5399e+05
3.5049e+05
3.4696e+05
3.4341e+05
3.3984e+05
3.3627e+05
3.3268e+05
3.2908e+05
3.2548e+05
3.2188e+05
3.1828e+05
3.1469e+05
3.111e+05
3.0753e+05
3.0397e+05
3.0042e+05
2.969e+05
2.934e+05
2.8992e+05
2.8646e+05
2.8304e+05
2.7965e+05
2.7629e+05
2.7296e+05
2.6967e+05
2.6642e+05
2.6321e+05
2.6004e+05
2.5691e+05
2.5383e+05
2.5079e+05
2.4779e+05
2.4485e+05
2.4195e+05
2.391e+05
2.3629e+05
2.3354e+05
2.3084e+05
2.2818e+05
2.2557e+05
2.2302e+05
2.2051e+05
2.1805e+05
2.1564e+05
2.1327e+05
2.1095e+05
2.0868e+05
2.0645e+05
2.0427e+05
2.0213e+05
2.0003e+05
1.9798e+05
1.9596e+05
1.9398e+05
1.9204e+05
1.9013e+05
1.8825e+05
1.8641e+05
1.8459e+05
1.828e+05
1.8104e+05
1.7931e+05
1.7759e+05
1.759e+05
1.7422e+05
1.7256e+05
1.7091e+05
1.6927e+05
1.6765e+05
1.6603e+05
1.6442e+05
1.6281e+05
1.612e+05
1.5959e+05
1.5798e+05
1.5636e+05
1.5474e+05
1.5311e+05
1.5147e+05
1.4982e+05
1.4815e+05
1.4647e+05
1.4477e+05
1.4305e+05
1.4131e+05
1.3955e+05
1.3776e+05
1.3595e+05
1.3412e+05
1.3226e+05
1.3037e+05
1.2845e+05
1.2651e+05
1.2453e+05
1.2253e+05
1.2049e+05
1.1843e+05
1.1633e+05
1.142e+05
1.1204e+05
1.0985e+05
1.0763e+05
1.0538e+05
1.0309e+05
1.0078e+05
98448
96084
93694
91280
88842
86384
83905
81408
78895
76369
73830
71281
68726
66166
63604
61042
58485
55934
53393
50865
48354
45862
43394
40953
38542
36166
33829
31533
29284
27084
24939
22853
20829
18872
16987
15176
13446
11799
10242
8776.5
7408.6
6142.1
4981.6
3931.2
2995.2
2177.9
1483.6
916.34
480.32
179.59
18.17
0
128.95
408.81
843.29
1436
2190.5
3110.1
4198.3
5458.1
6892.7
8505
10298
12274
14436
16786
19327
22061
24989
28114
31436
34959
38682
42608
46737
51069
55606
60349
65296
70449
75807
81370
87137
93109
99283
1.0566e+05
1.1224e+05
1.1901e+05
1.2599e+05
1.3316e+05
1.4052e+05
1.4807e+05
1.5582e+05
1.6375e+05
1.7186e+05
1.8016e+05
1.8863e+05
1.9728e+05
2.061e+05
2.1508e+05
2.2423e+05
2.3354e+05
2.43e+05
2.5262e+05
2.6238e+05
2.7228e+05
2.8232e+05
2.9249e+05
3.0279e+05
3.1321e+05
3.2374e+05
3.3439e+05
3.4514e+05
3.5599e+05
3.6693e+05
3.7797e+05
3.8908e+05
4.0026e+05
4.1152e+05
4.2283e+05
4.3421e+05
4.4563e+05
4.5709e+05
4.6859e+05
4.8012e+05
4.9167e+05
5.0324e+05
5.1481e+05
5.2638e+05
5.3795e+05
5.4951e+05
5.6104e+05
5.7255e+05
5.8403e+05
5.9546e+05
6.0684e+05
6.1817e+05
6.2944e+05
6.4064e+05
6.5176e+05
6.628e+05
6.7375e+05
6.846e+05
6.9535e+05
7.0599e+05
7.1651e+05
7.269e+05
7.3717e+05
7.473e+05
7.5728e+05
7.6712e+05
7.768e+05
7.8632e+05
7.9568e+05
8.0486e+05
8.1386e+05
8.2268e+05
8.3131e+05
8.3974e+05
8.4797e+05
8.56e+05
8.6382e+05
8.7142e+05
8.7881e+05
8.8597e+05
8.929e+05
8.996e+05
9.0607e+05
9.123e+05
9.1828e+05
9.2402e+05
9.2951e+05
9.3475e+05
9.3973e+05
9.4445e+05
9.4892e+05
9.5312e+05
9.5706e+05
9.6073e+05
9.6414e+05
9.6727e+05
9.7014e+05
9.7273e+05
9.7505e+05
9.771e+05
9.7888e+05
9.8038e+05
9.816e+05
9.8256e+05
9.8324e+05
9.8364e+05
9.8378e+05
9.8364e+05
9.8323e+05
9.8255e+05
9.8161e+05
9.804e+05
9.7892e+05
9.7718e+05
9.7518e+05
9.7292e+05
9.704e+05
9.6764e+05
9.6462e+05
9.6135e+05
9.5784e+05
9.5408e+05
9.5009e+05
9.4587e+05
9.4141e+05
9.3673e+05
9.3182e+05
9.2669e+05
9.2135e+05
9.1579e+05
9.1003e+05
9.0407e+05
8.9791e+05
8.9155e+05
8.8501e+05
8.7829e+05
8.7138e+05
8.6431e+05
8.5706e+05
8.4965e+05
8.4209e+05
8.3437e+05
8.265e+05
8.185e+05
8.1035e+05
8.0208e+05
7.9368e+05
7.8516e+05
7.7652e+05
7.6778e+05
7.5894e+05
7.4999e+05
7.4096e+05
7.3184e+05
7.2264e+05
7.1336e+05
7.0402e+05
6.9461e+05
6.8515e+05
6.7563e+05
6.6607e+05
6.5646e+05
6.4682e+05
6.3715e+05
6.2746e+05
6.1774e+05
6.0802e+05
5.9828e+05
5.8854e+05
5.788e+05
5.6907e+05
5.5935e+05
5.4965e+05
5.3996e+05
5.3031e+05
5.2068e+05
5.1109e+05
5.0154e+05
4.9204e+05
4.8258e+05
4.7318e+05
4.6383e+05
4.5455e+05
4.4533e+05
4.3618e+05
4.271e+05
4.181e+05
4.0918e+05
4.0034e+05
3.9159e+05
3.8293e+05
3.7436e+05
3.6588e+05
3.5751e+05
3.4924e+05
3.4107e+05
3.33e+05
3.2505e+05
3.1721e+05
3.0948e+05
3.0186e+05
2.9437e+05
2.8699e+05
2.7973e+05
2.7259e+05
2.6558e+05
2.5869e+05
2.5193e+05
2.453e+05
2.3879e+05
2.3242e+05
2.2617e+05
2.2005e+05
2.1406e+05
2.0821e+05
2.0248e+05
1.9689e+05
1.9143e+05
1.861e+05
1.8091e+05
1.7584e+05
1.7091e+05
1.661e+05
1.6143e+05
1.5688e+05
1.5247e+05
1.4818e+05
1.4402e+05
1.3999e+05
1.3608e+05
1.323e+05
1.2864e+05
1.251e+05
1.2168e+05
1.1838e+05
1.152e+05
1.1214e+05
1.0919e+05
1.0635e+05
1.0362e+05
1.0101e+05
98496
96093
93794
91597
89500
87501
85598
83790
82073
80445
78906
77451
76080
74790
73579
72444
71383
70394
69475
68623
67836
67112
66449
65844
65295
64799
64356
63961
63614
63311
63051
62832
62651
62507
62396
62318
62270
62250
62256
62286
62338
62411
62503
62611
62734
62871
63019
63176
63343
63516
63694
63876
64060
64245
64430
64613
64792
64968
65138
65302
65458
65605
65743
65870
65986
66089
66179
66255
66317
66363
66393
66407
66403
66382
66343
66285
66208
66113
65997
65862
65707
65532
65336
65120
64884
64626
64349
64050
63732
63392
63033
62653
62254
61835
61396
60938
60461
59965
59451
58919
58370
57803
57220
56620
56004
55373
54727
