11487
15124
19006
23127
27482
32062
36863
41876
47093
52505
58105
63882
69826
75928
82178
88564
95076
1.017e+05
1.0843e+05
1.1525e+05
1.2215e+05
1.2911e+05
1.3613e+05
1.432e+05
1.5029e+05
1.574e+05
1.6452e+05
1.7163e+05
1.7872e+05
1.8579e+05
1.9281e+05
1.9977e+05
2.0667e+05
2.1349e+05
2.2022e+05
2.2685e+05
2.3337e+05
2.3977e+05
2.4604e+05
2.5217e+05
2.5814e+05
2.6396e+05
2.696e+05
2.7507e+05
2.8036e+05
2.8545e+05
2.9034e+05
2.9503e+05
2.995e+05
3.0376e+05
3.078e+05
3.116e+05
3.1518e+05
3.1851e+05
3.2161e+05
3.2447e+05
3.2709e+05
3.2946e+05
3.3158e+05
3.3346e+05
3.3509e+05
3.3647e+05
3.376e+05
3.3849e+05
3.3914e+05
3.3955e+05
3.3971e+05
3.3965e+05
3.3935e+05
3.3882e+05
3.3807e+05
3.371e+05
3.3591e+05
3.3452e+05
3.3292e+05
3.3113e+05
3.2915e+05
3.2699e+05
3.2464e+05
3.2213e+05
3.1946e+05
3.1664e+05
3.1367e+05
3.1056e+05
3.0732e+05
3.0396e+05
3.0049e+05
2.9691e+05
2.9324e+05
2.8949e+05
2.8565e+05
2.8175e+05
2.7779e+05
2.7378e+05
2.6973e+05
2.6565e+05
2.6154e+05
2.5742e+05
2.5329e+05
2.4917e+05
2.4505e+05
2.4096e+05
2.369e+05
2.3287e+05
2.2888e+05
2.2495e+05
2.2107e+05
2.1726e+05
2.1353e+05
2.0987e+05
2.063e+05
2.0283e+05
1.9945e+05
1.9618e+05
1.9302e+05
1.8997e+05
1.8704e+05
1.8424e+05
1.8157e+05
1.7903e+05
1.7662e+05
1.7436e+05
1.7223e+05
1.7025e+05
1.6842e+05
1.6674e+05
1.6521e+05
1.6383e+05
1.626e+05
1.6153e+05
1.6061e+05
1.5984e+05
1.5922e+05
1.5876e+05
1.5845e+05
1.5829e+05
1.5827e+05
1.584e+05
1.5868e+05
1.5909e+05
1.5964e+05
1.6033e+05
1.6115e+05
1.6209e+05
1.6316e+05
1.6435e+05
1.6566e+05
1.6707e+05
1.6859e+05
1.7021e+05
1.7193e+05
1.7374e+05
1.7563e+05
1.776e+05
1.7965e+05
1.8176e+05
1.8394e+05
1.8617e+05
1.8845e+05
1.9078e+05
1.9314e+05
1.9553e+05
1.9795e+05
2.0039e+05
2.0284e+05
2.053e+05
2.0776e+05
2.1021e+05
2.1266e+05
2.1508e+05
2.1748e+05
2.1985e+05
2.2219e+05
2.2448e+05
2.2673e+05
2.2893e+05
2.3108e+05
2.3316e+05
2.3518e+05
2.3712e+05
2.3899e+05
2.4079e+05
2.425e+05
2.4412e+05
2.4565e+05
2.4709e+05
2.4844e+05
2.4968e+05
2.5082e+05
2.5186e+05
2.5279e+05
2.5361e+05
2.5432e+05
2.5492e+05
2.5541e+05
2.5578e+05
2.5604e+05
2.5618e+05
2.5621e+05
2.5612e+05
2.5591e+05
2.5559e+05
2.5516e+05
2.5461e+05
2.5395e+05
2.5318e+05
2.5229e+05
2.513e+05
2.5021e+05
2.49e+05
2.477e+05
2.4629e+05
2.4478e+05
2.4318e+05
2.4149e+05
2.397e+05
2.3783e+05
2.3587e+05
2.3383e+05
2.3172e+05
2.2952e+05
2.2725e+05
2.2492e+05
2.2251e+05
2.2005e+05
2.1752e+05
2.1494e+05
2.123e+05
2.0962e+05
2.0689e+05
2.0411e+05
2.0129e+05
1.9844e+05
1.9555e+05
1.9263e+05
1.8968e+05
1.8671e+05
1.8371e+05
1.807e+05
1.7767e+05
1.7462e+05
1.7156e+05
1.6849e+05
1.6541e+05
1.6233e+05
1.5924e+05
1.5615e+05
1.5307e+05
1.4998e+05
1.469e+05
1.4383e+05
1.4076e+05
1.3771e+05
1.3466e+05
1.3163e+05
1.286e+05
1.2559e+05
1.226e+05
1.1962e+05
1.1666e+05
1.1372e+05
1.108e+05
1.0789e+05
1.0501e+05
1.0215e+05
99306
96487
93691
90919
88171
85448
82750
80078
77433
74816
72226
69665
67133
64632
62161
59722
57316
54943
52605
50301
48034
45805
43614
41463
39352
37284
35259
33278
31343
29456
27617
25828
24090
22405
20774
19199
17680
16219
14818
13478
12200
10985
9833.9
8748.6
7729.8
6778.3
5895
5080.6
4335.9
3661.2
3057.1
2523.8
2061.6
1670.3
1350
1100.3
920.82
811.05
770.21
797.42
891.63
1051.6
1275.9
1563
1911.2
2318.5
2782.8
3302
3873.5
4494.8
5163.1
5875.6
6629.3
7420.8
8247
9104.4
9989.4
10898
11828
12773
13731
14697
15668
16639
17607
18566
19514
20445
21356
22244
23103
23931
24723
25476
26186
26851
27466
28030
28538
28990
29382
29712
29979
30181
30316
30385
30386
30319
30185
29982
29714
29380
28982
28522
28003
27426
26796
26116
25389
24620
23813
22975
22109
21223
20322
19413
18503
17599
16709
15841
15003
14204
13452
12758
12129
11577
11110
10738
10472
10322
10298
10411
10672
11090
11676
12441
13396
14550
15914
17497
19311
21365
23668
26229
29057
32162
35551
39233
43214
47502
52105
57027
62274
67853
73767
80020
86617
93559
1.0085e+05
1.0849e+05
1.1648e+05
1.2483e+05
1.3352e+05
1.4256e+05
1.5195e+05
1.6169e+05
1.7177e+05
1.8219e+05
1.9294e+05
2.0402e+05
2.1543e+05
2.2715e+05
2.3918e+05
2.5151e+05
2.6413e+05
2.7704e+05
2.9022e+05
3.0366e+05
3.1734e+05
3.3127e+05
3.4542e+05
3.5979e+05
3.7435e+05
3.891e+05
4.0402e+05
4.1909e+05
4.3429e+05
4.4962e+05
4.6506e+05
4.8058e+05
4.9617e+05
5.1181e+05
5.2749e+05
5.4319e+05
5.5888e+05
5.7455e+05
5.9018e+05
6.0575e+05
6.2124e+05
6.3663e+05
6.5191e+05
6.6705e+05
6.8203e+05
6.9684e+05
7.1146e+05
7.2587e+05
7.4004e+05
7.5397e+05
7.6763e+05
7.81e+05
7.9407e+05
8.0683e+05
8.1925e+05
8.3131e+05
8.4301e+05
8.5433e+05
8.6525e+05
8.7576e+05
8.8585e+05
8.9549e+05
9.0469e+05
9.1343e+05
9.2169e+05
9.2948e+05
9.3677e+05
9.4355e+05
9.4983e+05
9.556e+05
9.6084e+05
9.6555e+05
9.6973e+05
9.7337e+05
9.7647e+05
9.7902e+05
9.8103e+05
9.8249e+05
9.8341e+05
9.8378e+05
9.836e+05
9.8288e+05
9.8162e+05
9.7982e+05
9.7749e+05
9.7463e+05
9.7125e+05
9.6735e+05
9.6295e+05
9.5805e+05
9.5266e+05
9.4678e+05
9.4043e+05
9.3362e+05
9.2636e+05
9.1866e+05
9.1053e+05
9.0199e+05
8.9304e+05
8.8371e+05
8.74e+05
8.6393e+05
8.5351e+05
8.4277e+05
8.317e+05
8.2034e+05
8.0869e+05
7.9678e+05
7.8461e+05
7.722e+05
7.5957e+05
7.4674e+05
7.3372e+05
7.2053e+05
7.0719e+05
6.937e+05
6.801e+05
6.6639e+05
6.5259e+05
6.3871e+05
6.2478e+05
6.1081e+05
5.9681e+05
5.828e+05
5.6879e+05
5.548e+05
5.4084e+05
5.2693e+05
5.1308e+05
4.993e+05
4.8561e+05
4.7202e+05
4.5853e+05
4.4517e+05
4.3195e+05
4.1887e+05
4.0594e+05
3.9318e+05
3.8059e+05
3.6819e+05
3.5598e+05
3.4396e+05
3.3216e+05
3.2057e+05
3.0919e+05
2.9805e+05
2.8714e+05
2.7646e+05
2.6602e+05
2.5583e+05
2.4589e+05
2.362e+05
2.2677e+05
2.1759e+05
2.0867e+05
2e+05
1.916e+05
1.8346e+05
1.7558e+05
1.6795e+05
1.6059e+05
1.5348e+05
1.4663e+05
1.4003e+05
1.3368e+05
1.2758e+05
1.2173e+05
1.1612e+05
1.1075e+05
1.0561e+05
1.007e+05
96016
91555
87310
83278
79451
75826
72396
69157
66101
63224
60520
57983
55606
53383
51310
49378
47583
45918
44378
42955
41645
40441
39337
38329
37409
36573
35815
35129
34511
33955
33457
33011
32613
32259
31943
31663
31413
31190
30990
30810
30646
30496
30355
30222
30093
29966
29838
29709
29574
29434
29285
29127
28958
28777
28582
28374
28150
27911
27656
27384
27096
26790
26468
26129
25773
25400
25011
24607
24187
23752
23304
22842
22367
21881
21384
20876
20360
19835
19302
18764
18220
17672
17121
16568
16013
15458
14904
14351
13802
13256
12714
12178
11648
11126
10611
10105
9608.2
9121.6
8645.6
8180.8
7727.9
7287.2
6859.2
6444.4
6042.9
5655.3
5281.6
4922.2
4577.1
4246.4
3930.3
3628.7
3341.7
3069
2810.6
2566.4
2336.1
2119.5
1916.2
1726.1
1548.6
1383.5
1230.3
1088.5
957.72
837.39
727
626
533.81
449.86
373.53
304.22
241.29
184.11
132.04
84.43
40.634
0
