9.8378e+05
9.8077e+05
9.777e+05
9.7456e+05
9.7136e+05
9.681e+05
9.6478e+05
9.6139e+05
9.5795e+05
9.5445e+05
9.509e+05
9.4729e+05
9.4362e+05
9.3991e+05
9.3614e+05
9.3231e+05
9.2844e+05
9.2452e+05
9.2055e+05
9.1654e+05
9.1248e+05
9.0837e+05
9.0422e+05
9.0003e+05
8.9579e+05
8.9152e+05
8.872e+05
8.8285e+05
8.7846e+05
8.7404e+05
8.6957e+05
8.6508e+05
8.6055e+05
8.5599e+05
8.514e+05
8.4678e+05
8.4213e+05
8.3745e+05
8.3275e+05
8.2802e+05
8.2326e+05
8.1848e+05
8.1368e+05
8.0886e+05
8.0401e+05
7.9915e+05
7.9427e+05
7.8937e+05
7.8445e+05
7.7952e+05
7.7457e+05
7.6961e+05
7.6464e+05
7.5965e+05
7.5466e+05
7.4965e+05
7.4463e+05
7.3961e+05
7.3458e+05
7.2955e+05
7.2451e+05
7.1946e+05
7.1441e+05
7.0936e+05
7.0431e+05
6.9925e+05
6.942e+05
6.8915e+05
6.841e+05
6.7905e+05
6.7401e+05
6.6897e+05
6.6393e+05
6.5891e+05
6.5388e+05
6.4887e+05
6.4387e+05
6.3887e+05
6.3389e+05
6.2891e+05
6.2395e+05
6.19e+05
6.1407e+05
6.0914e+05
6.0424e+05
5.9935e+05
5.9447e+05
5.8961e+05
5.8477e+05
5.7995e+05
5.7514e+05
5.7036e+05
5.656e+05
5.6085e+05
5.5613e+05
5.5144e+05
5.4676e+05
5.4211e+05
5.3748e+05
5.3288e+05
5.283e+05
5.2375e+05
5.1923e+05
5.1473e+05
5.1026e+05
5.0582e+05
5.0141e+05
4.9703e+05
4.9267e+05
4.8835e+05
4.8406e+05
4.798e+05
4.7558e+05
4.7138e+05
4.6722e+05
4.6309e+05
4.59e+05
4.5494e+05
4.5091e+05
4.4692e+05
4.4297e+05
4.3905e+05
4.3517e+05
4.3132e+05
4.2751e+05
4.2374e+05
4.2001e+05
4.1632e+05
4.1266e+05
4.0904e+05
4.0547e+05
4.0193e+05
3.9843e+05
3.9498e+05
3.9156e+05
3.8818e+05
3.8485e+05
3.8156e+05
3.783e+05
3.7509e+05
3.7193e+05
3.688e+05
3.6572e+05
3.6268e+05
3.5968e+05
3.5673e+05
3.5382e+05
3.5095e+05
3.4813e+05
3.4535e+05
3.4262e+05
3.3993e+05
3.3728e+05
3.3468e+05
3.3212e+05
3.2961e+05
3.2714e+05
3.2472e+05
3.2234e+05
3.2001e+05
3.1772e+05
3.1548e+05
3.1328e+05
3.1113e+05
3.0902e+05
3.0696e+05
3.0494e+05
3.0297e+05
3.0105e+05
2.9917e+05
2.9733e+05
2.9554e+05
2.938e+05
2.921e+05
2.9045e+05
2.8884e+05
2.8727e+05
2.8576e+05
2.8428e+05
2.8286e+05
2.8147e+05
2.8013e+05
2.7884e+05
2.7759e+05
2.7639e+05
2.7523e+05
2.7411e+05
2.7304e+05
2.7201e+05
2.7103e+05
2.7009e+05
2.6919e+05
2.6834e+05
2.6753e+05
2.6676e+05
2.6604e+05
2.6536e+05
2.6472e+05
2.6412e+05
2.6357e+05
2.6305e+05
2.6258e+05
2.6215e+05
2.6176e+05
2.6142e+05
2.6111e+05
2.6084e+05
2.6062e+05
2.6043e+05
2.6029e+05
2.6018e+05
2.6011e+05
2.6008e+05
2.6009e+05
2.6014e+05
2.6023e+05
2.6035e+05
2.6052e+05
2.6071e+05
2.6095e+05
2.6122e+05
2.6153e+05
2.6188e+05
2.6226e+05
2.6267e+05
2.6312e+05
2.6361e+05
2.6413e+05
2.6468e+05
2.6527e+05
2.6589e+05
2.6654e+05
2.6723e+05
2.6795e+05
2.687e+05
2.6948e+05
2.7029e+05
2.7114e+05
2.7201e+05
2.7292e+05
2.7385e+05
2.7481e+05
2.7581e+05
2.7683e+05
2.7788e+05
2.7895e+05
2.8006e+05
2.8119e+05
2.8234e+05
2.8353e+05
2.8473e+05
2.8597e+05
2.8723e+05
2.8851e+05
2.8982e+05
2.9115e+05
2.9251e+05
2.9388e+05
2.9528e+05
2.9671e+05
2.9815e+05
2.9961e+05
3.011e+05
3.026e+05
3.0413e+05
3.0568e+05
3.0724e+05
3.0882e+05
3.1042e+05
3.1204e+05
3.1368e+05
3.1533e+05
3.17e+05
3.1869e+05
3.2039e+05
3.2211e+05
3.2384e+05
3.2558e+05
3.2734e+05
3.2912e+05
3.309e+05
3.327e+05
3.3451e+05
3.3633e+05
3.3817e+05
3.4001e+05
3.4187e+05
3.4373e+05
3.4561e+05
3.4749e+05
3.4938e+05
3.5129e+05
3.5319e+05
3.5511e+05
3.5703e+05
3.5896e+05
3.609e+05
3.6284e+05
3.6479e+05
3.6674e+05
3.687e+05
3.7066e+05
3.7262e+05
3.7459e+05
3.7656e+05
3.7854e+05
3.8051e+05
3.8249e+05
3.8447e+05
3.8644e+05
3.8842e+05
3.904e+05
3.9238e+05
3.9436e+05
3.9634e+05
3.9831e+05
4.0028e+05
4.0226e+05
4.0422e+05
4.0619e+05
4.0815e+05
4.1011e+05
4.1206e+05
4.1401e+05
4.1595e+05
4.1789e+05
4.1982e+05
4.2175e+05
4.2367e+05
4.2558e+05
4.2749e+05
4.2939e+05
4.3128e+05
4.3316e+05
4.3503e+05
4.369e+05
4.3875e+05
4.406e+05
4.4243e+05
4.4426e+05
4.4607e+05
4.4787e+05
4.4967e+05
4.5145e+05
4.5322e+05
4.5497e+05
4.5672e+05
4.5845e+05
4.6016e+05
4.6187e+05
4.6356e+05
4.6524e+05
4.669e+05
4.6854e+05
4.7018e+05
4.7179e+05
4.734e+05
4.7498e+05
4.7655e+05
4.7811e+05
4.7964e+05
4.8116e+05
4.8267e+05
4.8415e+05
4.8562e+05
4.8707e+05
4.885e+05
4.8992e+05
4.9131e+05
4.9269e+05
4.9405e+05
4.9539e+05
4.967e+05
4.98e+05
4.9928e+05
5.0054e+05
5.0178e+05
5.03e+05
5.042e+05
5.0537e+05
5.0653e+05
5.0767e+05
5.0878e+05
5.0987e+05
5.1094e+05
5.1199e+05
5.1301e+05
5.1402e+05
5.15e+05
5.1596e+05
5.1689e+05
5.178e+05
5.1869e+05
5.1956e+05
5.204e+05
5.2122e+05
5.2202e+05
5.2279e+05
5.2354e+05
5.2427e+05
5.2497e+05
5.2564e+05
5.263e+05
5.2692e+05
5.2753e+05
5.2811e+05
5.2866e+05
5.2919e+05
5.297e+05
5.3018e+05
5.3063e+05
5.3106e+05
5.3147e+05
5.3185e+05
5.322e+05
5.3253e+05
5.3283e+05
5.3311e+05
5.3337e+05
5.3359e+05
5.338e+05
5.3397e+05
5.3412e+05
5.3425e+05
5.3435e+05
5.3443e+05
5.3447e+05
5.345e+05
5.345e+05
5.3447e+05
5.3441e+05
5.3434e+05
5.3423e+05
5.341e+05
5.3395e+05
5.3376e+05
5.3356e+05
5.3333e+05
5.3307e+05
5.3278e+05
5.3248e+05
5.3214e+05
5.3178e+05
5.314e+05
5.3099e+05
5.3055e+05
5.3009e+05
5.2961e+05
5.291e+05
5.2856e+05
5.28e+05
5.2742e+05
5.2681e+05
5.2618e+05
5.2552e+05
5.2484e+05
5.2413e+05
5.234e+05
5.2264e+05
5.2186e+05
5.2106e+05
5.2023e+05
5.1938e+05
5.185e+05
5.176e+05
5.1668e+05
5.1574e+05
5.1477e+05
5.1377e+05
5.1276e+05
5.1172e+05
5.1066e+05
5.0958e+05
5.0847e+05
5.0734e+05
5.0619e+05
5.0502e+05
5.0383e+05
5.0261e+05
5.0137e+05
5.0011e+05
4.9883e+05
4.9753e+05
4.9621e+05
4.9487e+05
4.935e+05
4.9212e+05
4.9071e+05
4.8929e+05
4.8784e+05
4.8638e+05
4.8489e+05
4.8339e+05
4.8187e+05
4.8032e+05
4.7876e+05
4.7718e+05
4.7558e+05
4.7397e+05
4.7233e+05
4.7068e+05
4.69e+05
4.6732e+05
4.6561e+05
4.6388e+05
4.6214e+05
4.6039e+05
4.5861e+05
4.5682e+05
4.5501e+05
4.5319e+05
4.5135e+05
4.4949e+05
4.4762e+05
4.4574e+05
4.4384e+05
4.4192e+05
4.3999e+05
4.3804e+05
4.3609e+05
4.3411e+05
4.3213e+05
4.3012e+05
4.2811e+05
4.2608e+05
4.2404e+05
4.2199e+05
4.1993e+05
4.1785e+05
4.1576e+05
4.1366e+05
4.1154e+05
4.0942e+05
4.0728e+05
4.0514e+05
4.0298e+05
4.0081e+05
3.9863e+05
3.9644e+05
3.9424e+05
3.9204e+05
3.8982e+05
3.8759e+05
3.8536e+05
3.8311e+05
3.8086e+05
3.786e+05
3.7633e+05
3.7405e+05
3.7177e+05
3.6947e+05
3.6717e+05
3.6487e+05
3.6255e+05
3.6023e+05
3.5791e+05
3.5557e+05
3.5324e+05
3.5089e+05
3.4854e+05
3.4619e+05
3.4383e+05
3.4146e+05
3.3909e+05
3.3672e+05
3.3434e+05
3.3196e+05
3.2958e+05
3.2719e+05
3.2479e+05
3.224e+05
3.2e+05
3.176e+05
3.152e+05
3.1279e+05
3.1038e+05
3.0798e+05
3.0556e+05
3.0315e+05
3.0074e+05
2.9832e+05
2.9591e+05
2.9349e+05
2.9108e+05
2.8866e+05
2.8624e+05
2.8383e+05
2.8141e+05
2.79e+05
2.7658e+05
2.7417e+05
2.7176e+05
2.6934e+05
2.6693e+05
2.6453e+05
2.6212e+05
2.5972e+05
2.5732e+05
2.5492e+05
2.5252e+05
2.5013e+05
2.4774e+05
2.4535e+05
2.4297e+05
2.4059e+05
2.3821e+05
2.3584e+05
2.3347e+05
2.3111e+05
2.2875e+05
2.2639e+05
2.2404e+05
2.217e+05
2.1936e+05
2.1702e+05
2.1469e+05
2.1237e+05
2.1005e+05
2.0774e+05
2.0543e+05
2.0313e+05
2.0084e+05
1.9855e+05
1.9627e+05
1.9399e+05
1.9173e+05
1.8946e+05
1.8721e+05
1.8497e+05
1.8273e+05
1.805e+05
1.7827e+05
1.7606e+05
1.7385e+05
1.7165e+05
1.6946e+05
1.6728e+05
1.6511e+05
1.6294e+05
1.6078e+05
1.5864e+05
1.565e+05
1.5437e+05
1.5225e+05
1.5014e+05
1.4803e+05
1.4594e+05
1.4386e+05
1.4179e+05
1.3972e+05
1.3767e+05
1.3563e+05
1.3359e+05
1.3157e+05
1.2956e+05
1.2755e+05
1.2556e+05
1.2358e+05
1.2161e+05
1.1965e+05
1.177e+05
1.1576e+05
1.1384e+05
1.1192e+05
1.1001e+05
1.0812e+05
1.0624e+05
1.0437e+05
1.0251e+05
1.0066e+05
98822
96997
95183
93381
91591
89813
88046
86292
84549
82819
81100
79394
77700
76018
74349
72691
71046
69414
67794
66186
64591
63008
61437
59880
58334
56802
55282
53775
52280
50798
49328
47872
46428
44997
43578
42172
40779
39399
38032
36677
35335
34006
32689
31385
30094
28816
27551
26298
25058
23830
22616
21414
20224
19047
17883
16732
15593
14466
13352
12251
11162
10086
9021.7
7970.1
6930.9
5904
4889.4
3887.1
2897.1
1919.2
953.55
0
