13855
17308
20999
24926
29081
33459
38053
42858
47865
53067
58454
64020
69754
75647
81689
87869
94179
1.0061e+05
1.0714e+05
1.1377e+05
1.2048e+05
1.2727e+05
1.3412e+05
1.4101e+05
1.4794e+05
1.549e+05
1.6187e+05
1.6885e+05
1.7581e+05
1.8275e+05
1.8966e+05
1.9652e+05
2.0332e+05
2.1006e+05
2.1672e+05
2.2328e+05
2.2975e+05
2.361e+05
2.4233e+05
2.4844e+05
2.544e+05
2.6021e+05
2.6586e+05
2.7135e+05
2.7666e+05
2.8179e+05
2.8673e+05
2.9148e+05
2.9602e+05
3.0035e+05
3.0447e+05
3.0838e+05
3.1206e+05
3.1551e+05
3.1873e+05
3.2172e+05
3.2448e+05
3.2699e+05
3.2927e+05
3.3131e+05
3.3311e+05
3.3466e+05
3.3598e+05
3.3705e+05
3.3789e+05
3.3849e+05
3.3886e+05
3.3899e+05
3.389e+05
3.3858e+05
3.3804e+05
3.3728e+05
3.3631e+05
3.3513e+05
3.3375e+05
3.3218e+05
3.3041e+05
3.2846e+05
3.2632e+05
3.2402e+05
3.2155e+05
3.1893e+05
3.1616e+05
3.1324e+05
3.1019e+05
3.0701e+05
3.0371e+05
3.0031e+05
2.968e+05
2.932e+05
2.8951e+05
2.8575e+05
2.8191e+05
2.7802e+05
2.7408e+05
2.7009e+05
2.6607e+05
2.6203e+05
2.5797e+05
2.539e+05
2.4982e+05
2.4576e+05
2.4171e+05
2.3768e+05
2.3369e+05
2.2973e+05
2.2581e+05
2.2195e+05
2.1815e+05
2.1442e+05
2.1075e+05
2.0717e+05
2.0367e+05
2.0025e+05
1.9694e+05
1.9372e+05
1.9061e+05
1.8761e+05
1.8472e+05
1.8195e+05
1.793e+05
1.7678e+05
1.7439e+05
1.7212e+05
1.6999e+05
1.6799e+05
1.6613e+05
1.6441e+05
1.6282e+05
1.6138e+05
1.6008e+05
1.5891e+05
1.5789e+05
1.5701e+05
1.5626e+05
1.5565e+05
1.5518e+05
1.5485e+05
1.5465e+05
1.5457e+05
1.5463e+05
1.5481e+05
1.5511e+05
1.5553e+05
1.5607e+05
1.5672e+05
1.5748e+05
1.5834e+05
1.593e+05
1.6035e+05
1.615e+05
1.6273e+05
1.6404e+05
1.6542e+05
1.6688e+05
1.684e+05
1.6998e+05
1.7161e+05
1.733e+05
1.7502e+05
1.7678e+05
1.7857e+05
1.8039e+05
1.8223e+05
1.8408e+05
1.8594e+05
1.8781e+05
1.8967e+05
1.9152e+05
1.9336e+05
1.9518e+05
1.9698e+05
1.9874e+05
2.0048e+05
2.0217e+05
2.0382e+05
2.0542e+05
2.0697e+05
2.0847e+05
2.099e+05
2.1127e+05
2.1257e+05
2.138e+05
2.1495e+05
2.1603e+05
2.1702e+05
2.1794e+05
2.1877e+05
2.1951e+05
2.2016e+05
2.2072e+05
2.2118e+05
2.2156e+05
2.2184e+05
2.2202e+05
2.2211e+05
2.2211e+05
2.22e+05
2.2181e+05
2.2151e+05
2.2112e+05
2.2064e+05
2.2007e+05
2.194e+05
2.1865e+05
2.178e+05
2.1687e+05
2.1585e+05
2.1475e+05
2.1357e+05
2.1231e+05
2.1098e+05
2.0957e+05
2.0809e+05
2.0654e+05
2.0493e+05
2.0326e+05
2.0152e+05
1.9973e+05
1.9788e+05
1.9599e+05
1.9404e+05
1.9205e+05
1.9002e+05
1.8795e+05
1.8585e+05
1.8371e+05
1.8155e+05
1.7935e+05
1.7713e+05
1.7489e+05
1.7263e+05
1.7036e+05
1.6807e+05
1.6577e+05
1.6346e+05
1.6114e+05
1.5881e+05
1.5649e+05
1.5416e+05
1.5183e+05
1.495e+05
1.4718e+05
1.4486e+05
1.4255e+05
1.4024e+05
1.3794e+05
1.3564e+05
1.3336e+05
1.3109e+05
1.2882e+05
1.2657e+05
1.2432e+05
1.2209e+05
1.1987e+05
1.1766e+05
1.1546e+05
1.1327e+05
1.1109e+05
1.0892e+05
1.0676e+05
1.0461e+05
1.0246e+05
1.0033e+05
98204
96086
93976
91872
89775
87684
85598
83518
81444
79374
77310
75250
73195
71146
69102
67063
65031
63005
60987
58976
56974
54982
53001
51031
49075
47133
45207
43299
41411
39543
37698
35879
34086
32322
30590
28890
27227
25601
24016
22473
20976
19525
18125
16776
15482
14244
13064
11946
10890
9898.6
8973.9
8117.3
7330.4
6614.8
5971.5
5401.9
4906.8
4487
4143.1
3875.6
3684.5
3570
3531.7
3569.3
3682
3869.1
4129.3
4461.4
4863.7
5334.4
5871.6
6473
7135.9
7857.9
8635.9
9466.7
10347
11274
12242
13250
14291
15363
16461
17580
18716
19864
21019
22177
23333
24482
25618
26738
27837
28909
29949
30954
31919
32839
33710
34529
35291
35992
36630
37201
37702
38131
38485
38763
38964
39084
39125
39086
38966
38766
38487
38129
37695
37187
36608
35960
35246
34472
33641
32758
31829
30859
29855
28823
27771
26707
25637
24571
23517
22485
21483
20522
19612
18763
17986
17291
16690
16194
15814
15563
15450
15489
15691
16068
16631
17392
18362
19554
20977
22644
24565
26750
29210
31955
34993
38336
41990
45964
50267
54905
59885
65213
70895
76936
83339
90109
97248
1.0476e+05
1.1264e+05
1.209e+05
1.2953e+05
1.3854e+05
1.4791e+05
1.5766e+05
1.6777e+05
1.7824e+05
1.8907e+05
2.0026e+05
2.1178e+05
2.2365e+05
2.3585e+05
2.4837e+05
2.612e+05
2.7433e+05
2.8776e+05
3.0147e+05
3.1544e+05
3.2967e+05
3.4413e+05
3.5883e+05
3.7373e+05
3.8883e+05
4.0411e+05
4.1956e+05
4.3515e+05
4.5086e+05
4.6669e+05
4.826e+05
4.9859e+05
5.1463e+05
5.307e+05
5.4679e+05
5.6287e+05
5.7892e+05
5.9492e+05
6.1085e+05
6.267e+05
6.4243e+05
6.5803e+05
6.7349e+05
6.8877e+05
7.0385e+05
7.1873e+05
7.3337e+05
7.4776e+05
7.6187e+05
7.757e+05
7.8921e+05
8.024e+05
8.1524e+05
8.2772e+05
8.3981e+05
8.5151e+05
8.6279e+05
8.7365e+05
8.8406e+05
8.9402e+05
9.0351e+05
9.1251e+05
9.2102e+05
9.2903e+05
9.3651e+05
9.4348e+05
9.4991e+05
9.558e+05
9.6114e+05
9.6592e+05
9.7015e+05
9.7381e+05
9.769e+05
9.7942e+05
9.8137e+05
9.8275e+05
9.8355e+05
9.8378e+05
9.8344e+05
9.8252e+05
9.8105e+05
9.7901e+05
9.7642e+05
9.7327e+05
9.6959e+05
9.6536e+05
9.6061e+05
9.5534e+05
9.4955e+05
9.4327e+05
9.3649e+05
9.2924e+05
9.2152e+05
9.1335e+05
9.0474e+05
8.957e+05
8.8625e+05
8.764e+05
8.6616e+05
8.5556e+05
8.4461e+05
8.3332e+05
8.2171e+05
8.098e+05
7.976e+05
7.8513e+05
7.7241e+05
7.5945e+05
7.4628e+05
7.3291e+05
7.1936e+05
7.0564e+05
6.9177e+05
6.7777e+05
6.6366e+05
6.4945e+05
6.3517e+05
6.2082e+05
6.0643e+05
5.9201e+05
5.7758e+05
5.6315e+05
5.4874e+05
5.3436e+05
5.2003e+05
5.0576e+05
4.9157e+05
4.7748e+05
4.6348e+05
4.496e+05
4.3586e+05
4.2225e+05
4.088e+05
3.9551e+05
3.8239e+05
3.6946e+05
3.5672e+05
3.4418e+05
3.3185e+05
3.1974e+05
3.0786e+05
2.9621e+05
2.8479e+05
2.7362e+05
2.6271e+05
2.5204e+05
2.4163e+05
2.3149e+05
2.2161e+05
2.12e+05
2.0265e+05
1.9358e+05
1.8478e+05
1.7626e+05
1.68e+05
1.6003e+05
1.5232e+05
1.4488e+05
1.3772e+05
1.3082e+05
1.242e+05
1.1783e+05
1.1173e+05
1.0588e+05
1.0029e+05
94946
89850
84997
80382
75999
71844
67911
64195
60691
57393
54295
51391
48675
46141
43783
41594
39568
37700
35981
34407
32971
31666
30487
29427
28480
27639
26900
26255
25699
25227
24833
24511
24256
24062
23925
23840
23802
23806
23847
23922
24027
24156
24307
24476
24659
24852
25054
25260
25468
25675
25879
26077
26268
26448
26617
26773
26913
27037
27144
27232
27300
27347
27373
27377
27359
27318
27254
27166
27055
26922
26764
26585
26382
26157
25911
25643
25354
25046
24718
24371
24007
23626
23228
22815
22388
21947
21494
21029
20554
20069
19576
19075
18567
18054
17536
17015
16491
15965
15438
14911
14385
13861
13339
12821
12307
11798
11295
10797
10307
9824.1
9349.2
8882.9
8425.7
7978
7540.2
7112.8
6696
6290.2
5895.5
5512.4
5140.8
4781.1
4433.2
4097.3
3773.5
3461.6
3161.8
2874
2598
2333.8
2081.1
1839.9
1609.9
1391
1182.7
984.97
797.36
619.61
451.36
292.26
141.94
0
