9.8378e+05
9.8037e+05
9.7689e+05
9.7333e+05
9.6971e+05
9.6602e+05
9.6227e+05
9.5844e+05
9.5456e+05
9.5061e+05
9.4659e+05
9.4252e+05
9.3838e+05
9.3419e+05
9.2994e+05
9.2563e+05
9.2127e+05
9.1685e+05
9.1238e+05
9.0785e+05
9.0328e+05
8.9866e+05
8.9398e+05
8.8926e+05
8.845e+05
8.7969e+05
8.7483e+05
8.6993e+05
8.65e+05
8.6002e+05
8.55e+05
8.4994e+05
8.4484e+05
8.3971e+05
8.3455e+05
8.2935e+05
8.2412e+05
8.1886e+05
8.1356e+05
8.0824e+05
8.0289e+05
7.9751e+05
7.9211e+05
7.8668e+05
7.8123e+05
7.7576e+05
7.7026e+05
7.6475e+05
7.5921e+05
7.5366e+05
7.4809e+05
7.425e+05
7.369e+05
7.3128e+05
7.2565e+05
7.2001e+05
7.1435e+05
7.0869e+05
7.0302e+05
6.9734e+05
6.9165e+05
6.8596e+05
6.8026e+05
6.7455e+05
6.6884e+05
6.6314e+05
6.5742e+05
6.5171e+05
6.46e+05
6.4029e+05
6.3458e+05
6.2888e+05
6.2318e+05
6.1748e+05
6.1179e+05
6.0611e+05
6.0043e+05
5.9476e+05
5.891e+05
5.8345e+05
5.7782e+05
5.7219e+05
5.6657e+05
5.6097e+05
5.5538e+05
5.4981e+05
5.4425e+05
5.3871e+05
5.3318e+05
5.2767e+05
5.2218e+05
5.1671e+05
5.1126e+05
5.0582e+05
5.0041e+05
4.9502e+05
4.8966e+05
4.8431e+05
4.7899e+05
4.7369e+05
4.6842e+05
4.6317e+05
4.5795e+05
4.5276e+05
4.4759e+05
4.4245e+05
4.3734e+05
4.3226e+05
4.272e+05
4.2218e+05
4.1718e+05
4.1222e+05
4.0729e+05
4.0239e+05
3.9752e+05
3.9269e+05
3.8788e+05
3.8311e+05
3.7838e+05
3.7368e+05
3.6901e+05
3.6438e+05
3.5979e+05
3.5523e+05
3.5071e+05
3.4622e+05
3.4178e+05
3.3736e+05
3.3299e+05
3.2866e+05
3.2436e+05
3.201e+05
3.1588e+05
3.117e+05
3.0757e+05
3.0347e+05
2.9941e+05
2.9539e+05
2.9141e+05
2.8747e+05
2.8357e+05
2.7972e+05
2.7591e+05
2.7213e+05
2.684e+05
2.6472e+05
2.6107e+05
2.5747e+05
2.5391e+05
2.5039e+05
2.4692e+05
2.4348e+05
2.401e+05
2.3675e+05
2.3345e+05
2.3019e+05
2.2698e+05
2.2381e+05
2.2068e+05
2.176e+05
2.1456e+05
2.1156e+05
2.0861e+05
2.0571e+05
2.0284e+05
2.0003e+05
1.9725e+05
1.9452e+05
1.9183e+05
1.8919e+05
1.8659e+05
1.8404e+05
1.8153e+05
1.7907e+05
1.7664e+05
1.7427e+05
1.7193e+05
1.6964e+05
1.674e+05
1.652e+05
1.6304e+05
1.6092e+05
1.5885e+05
1.5683e+05
1.5484e+05
1.529e+05
1.51e+05
1.4915e+05
1.4734e+05
1.4557e+05
1.4384e+05
1.4216e+05
1.4052e+05
1.3892e+05
1.3736e+05
1.3584e+05
1.3437e+05
1.3294e+05
1.3155e+05
1.302e+05
1.2889e+05
1.2762e+05
1.2639e+05
1.2521e+05
1.2406e+05
1.2295e+05
1.2189e+05
1.2086e+05
1.1987e+05
1.1893e+05
1.1802e+05
1.1715e+05
1.1631e+05
1.1552e+05
1.1476e+05
1.1404e+05
1.1336e+05
1.1272e+05
1.1211e+05
1.1154e+05
1.1101e+05
1.1051e+05
1.1005e+05
1.0963e+05
1.0924e+05
1.0888e+05
1.0856e+05
1.0828e+05
1.0802e+05
1.0781e+05
1.0762e+05
1.0747e+05
1.0735e+05
1.0727e+05
1.0722e+05
1.072e+05
1.0721e+05
1.0725e+05
1.0733e+05
1.0743e+05
1.0757e+05
1.0773e+05
1.0793e+05
1.0815e+05
1.0841e+05
1.0869e+05
1.09e+05
1.0935e+05
1.0971e+05
1.1011e+05
1.1053e+05
1.1098e+05
1.1146e+05
1.1197e+05
1.125e+05
1.1305e+05
1.1363e+05
1.1424e+05
1.1487e+05
1.1552e+05
1.162e+05
1.169e+05
1.1762e+05
1.1837e+05
1.1914e+05
1.1993e+05
1.2075e+05
1.2158e+05
1.2244e+05
1.2332e+05
1.2421e+05
1.2513e+05
1.2607e+05
1.2703e+05
1.28e+05
1.29e+05
1.3001e+05
1.3104e+05
1.3209e+05
1.3315e+05
1.3424e+05
1.3534e+05
1.3645e+05
1.3758e+05
1.3873e+05
1.3989e+05
1.4107e+05
1.4226e+05
1.4346e+05
1.4468e+05
1.4591e+05
1.4716e+05
1.4841e+05
1.4968e+05
1.5097e+05
1.5226e+05
1.5357e+05
1.5488e+05
1.5621e+05
1.5755e+05
1.5889e+05
1.6025e+05
1.6161e+05
1.6299e+05
1.6437e+05
1.6576e+05
1.6716e+05
1.6857e+05
1.6999e+05
1.7141e+05
1.7283e+05
1.7427e+05
1.7571e+05
1.7715e+05
1.7861e+05
1.8006e+05
1.8152e+05
1.8299e+05
1.8446e+05
1.8593e+05
1.8741e+05
1.8889e+05
1.9037e+05
1.9186e+05
1.9334e+05
1.9483e+05
1.9632e+05
1.9781e+05
1.9931e+05
2.008e+05
2.023e+05
2.0379e+05
2.0528e+05
2.0678e+05
2.0827e+05
2.0976e+05
2.1125e+05
2.1274e+05
2.1423e+05
2.1571e+05
2.172e+05
2.1868e+05
2.2015e+05
2.2163e+05
2.231e+05
2.2456e+05
2.2603e+05
2.2749e+05
2.2894e+05
2.3039e+05
2.3183e+05
2.3327e+05
2.347e+05
2.3613e+05
2.3755e+05
2.3897e+05
2.4038e+05
2.4178e+05
2.4318e+05
2.4456e+05
2.4594e+05
2.4732e+05
2.4868e+05
2.5004e+05
2.5139e+05
2.5273e+05
2.5406e+05
2.5539e+05
2.567e+05
2.58e+05
2.593e+05
2.6059e+05
2.6186e+05
2.6313e+05
2.6438e+05
2.6563e+05
2.6686e+05
2.6808e+05
2.693e+05
2.705e+05
2.7169e+05
2.7287e+05
2.7403e+05
2.7519e+05
2.7633e+05
2.7746e+05
2.7858e+05
2.7969e+05
2.8078e+05
2.8186e+05
2.8293e+05
2.8398e+05
2.8502e+05
2.8605e+05
2.8707e+05
2.8807e+05
2.8905e+05
2.9003e+05
2.9099e+05
2.9193e+05
2.9286e+05
2.9378e+05
2.9468e+05
2.9557e+05
2.9644e+05
2.973e+05
2.9814e+05
2.9897e+05
2.9978e+05
3.0058e+05
3.0136e+05
3.0213e+05
3.0288e+05
3.0362e+05
3.0434e+05
3.0504e+05
3.0573e+05
3.064e+05
3.0706e+05
3.077e+05
3.0833e+05
3.0893e+05
3.0953e+05
3.101e+05
3.1066e+05
3.1121e+05
3.1173e+05
3.1224e+05
3.1274e+05
3.1321e+05
3.1368e+05
3.1412e+05
3.1455e+05
3.1496e+05
3.1535e+05
3.1573e+05
3.1609e+05
3.1643e+05
3.1676e+05
3.1707e+05
3.1736e+05
3.1764e+05
3.179e+05
3.1814e+05
3.1836e+05
3.1857e+05
3.1876e+05
3.1893e+05
3.1909e+05
3.1923e+05
3.1936e+05
3.1946e+05
3.1955e+05
3.1962e+05
3.1968e+05
3.1972e+05
3.1974e+05
3.1974e+05
3.1973e+05
3.197e+05
3.1965e+05
3.1959e+05
3.1951e+05
3.1942e+05
3.193e+05
3.1917e+05
3.1903e+05
3.1886e+05
3.1869e+05
3.1849e+05
3.1828e+05
3.1805e+05
3.178e+05
3.1754e+05
3.1726e+05
3.1697e+05
3.1666e+05
3.1633e+05
3.1599e+05
3.1563e+05
3.1526e+05
3.1487e+05
3.1447e+05
3.1404e+05
3.1361e+05
3.1315e+05
3.1269e+05
3.122e+05
3.117e+05
3.1119e+05
3.1066e+05
3.1012e+05
3.0956e+05
3.0898e+05
3.0839e+05
3.0779e+05
3.0717e+05
3.0654e+05
3.0589e+05
3.0523e+05
3.0455e+05
3.0386e+05
3.0316e+05
3.0244e+05
3.017e+05
3.0096e+05
3.002e+05
2.9942e+05
2.9863e+05
2.9783e+05
2.9702e+05
2.9619e+05
2.9535e+05
2.9449e+05
2.9363e+05
2.9275e+05
2.9185e+05
2.9095e+05
2.9003e+05
2.891e+05
2.8816e+05
2.872e+05
2.8624e+05
2.8526e+05
2.8427e+05
2.8327e+05
2.8225e+05
2.8123e+05
2.8019e+05
2.7914e+05
2.7808e+05
2.7701e+05
2.7593e+05
2.7484e+05
2.7374e+05
2.7263e+05
2.7151e+05
2.7037e+05
2.6923e+05
2.6808e+05
2.6691e+05
2.6574e+05
2.6456e+05
2.6337e+05
2.6216e+05
2.6095e+05
2.5974e+05
2.5851e+05
2.5727e+05
2.5602e+05
2.5477e+05
2.5351e+05
2.5223e+05
2.5096e+05
2.4967e+05
2.4837e+05
2.4707e+05
2.4576e+05
2.4444e+05
2.4311e+05
2.4178e+05
2.4044e+05
2.3909e+05
2.3774e+05
2.3638e+05
2.3501e+05
2.3364e+05
2.3226e+05
2.3087e+05
2.2948e+05
2.2808e+05
2.2668e+05
2.2527e+05
2.2385e+05
2.2243e+05
2.2101e+05
2.1958e+05
2.1814e+05
2.167e+05
2.1526e+05
2.1381e+05
2.1235e+05
2.1089e+05
2.0943e+05
2.0796e+05
2.0649e+05
2.0502e+05
2.0354e+05
2.0206e+05
2.0057e+05
1.9908e+05
1.9759e+05
1.961e+05
1.946e+05
1.931e+05
1.916e+05
1.9009e+05
1.8859e+05
1.8708e+05
1.8556e+05
1.8405e+05
1.8253e+05
1.8102e+05
1.795e+05
1.7798e+05
1.7645e+05
1.7493e+05
1.7341e+05
1.7188e+05
1.7036e+05
1.6883e+05
1.673e+05
1.6577e+05
1.6425e+05
1.6272e+05
1.6119e+05
1.5966e+05
1.5813e+05
1.566e+05
1.5508e+05
1.5355e+05
1.5202e+05
1.505e+05
1.4897e+05
1.4745e+05
1.4592e+05
1.444e+05
1.4288e+05
1.4136e+05
1.3984e+05
1.3832e+05
1.3681e+05
1.353e+05
1.3378e+05
1.3228e+05
1.3077e+05
1.2926e+05
1.2776e+05
1.2626e+05
1.2476e+05
1.2327e+05
1.2178e+05
1.2029e+05
1.188e+05
1.1732e+05
1.1584e+05
1.1436e+05
1.1289e+05
1.1142e+05
1.0995e+05
1.0849e+05
1.0703e+05
1.0557e+05
1.0412e+05
1.0268e+05
1.0123e+05
99793
98358
96928
95502
94080
92663
91251
89843
88441
87043
85650
84263
82880
81503
80131
78765
77404
76048
74699
73354
72016
70684
69357
68036
66722
65413
64111
62815
61525
60242
58965
57694
56430
55173
53922
52678
51441
50211
48987
47771
46561
45358
44163
42975
41793
40619
39453
38293
37141
35997
34860
33730
32608
31493
30386
29287
28195
27111
26035
24966
23906
22853
21808
20771
19742
18720
17707
16702
15705
14716
13735
12762
11797
10840
9891.6
8951.2
8019
7095
6179.3
5271.7
4372.4
3481.4
2598.6
1724.1
857.91
0
