5.8869e+05
5.9009e+05
5.9137e+05
5.9256e+05
5.9363e+05
5.946e+05
5.9546e+05
5.9622e+05
5.9688e+05
5.9744e+05
5.9789e+05
5.9825e+05
5.985e+05
5.9866e+05
5.9872e+05
5.9869e+05
5.9856e+05
5.9833e+05
5.9802e+05
5.9762e+05
5.9712e+05
5.9654e+05
5.9587e+05
5.9512e+05
5.9428e+05
5.9337e+05
5.9237e+05
5.9129e+05
5.9014e+05
5.8891e+05
5.876e+05
5.8623e+05
5.8478e+05
5.8327e+05
5.8168e+05
5.8004e+05
5.7832e+05
5.7655e+05
5.7471e+05
5.7282e+05
5.7087e+05
5.6886e+05
5.668e+05
5.6469e+05
5.6253e+05
5.6032e+05
5.5806e+05
5.5576e+05
5.5341e+05
5.5102e+05
5.486e+05
5.4613e+05
5.4363e+05
5.411e+05
5.3853e+05
5.3593e+05
5.3329e+05
5.3064e+05
5.2795e+05
5.2524e+05
5.225e+05
5.1975e+05
5.1697e+05
5.1418e+05
5.1136e+05
5.0853e+05
5.0569e+05
5.0283e+05
4.9996e+05
4.9708e+05
4.9419e+05
4.913e+05
4.8839e+05
4.8549e+05
4.8257e+05
4.7966e+05
4.7674e+05
4.7382e+05
4.7091e+05
4.6799e+05
4.6508e+05
4.6217e+05
4.5926e+05
4.5636e+05
4.5347e+05
4.5058e+05
4.477e+05
4.4484e+05
4.4198e+05
4.3913e+05
4.3629e+05
4.3346e+05
4.3065e+05
4.2785e+05
4.2507e+05
4.2229e+05
4.1954e+05
4.1679e+05
4.1407e+05
4.1136e+05
4.0867e+05
4.0599e+05
4.0333e+05
4.0069e+05
3.9807e+05
3.9546e+05
3.9287e+05
3.903e+05
3.8775e+05
3.8522e+05
3.8271e+05
3.8022e+05
3.7774e+05
3.7529e+05
3.7285e+05
3.7043e+05
3.6803e+05
3.6565e+05
3.6329e+05
3.6095e+05
3.5863e+05
3.5632e+05
3.5403e+05
3.5176e+05
3.4951e+05
3.4727e+05
3.4506e+05
3.4286e+05
3.4067e+05
3.385e+05
3.3635e+05
3.3421e+05
3.3209e+05
3.2998e+05
3.2789e+05
3.2581e+05
3.2374e+05
3.2169e+05
3.1965e+05
3.1762e+05
3.156e+05
3.136e+05
3.116e+05
3.0962e+05
3.0764e+05
3.0568e+05
3.0372e+05
3.0178e+05
2.9984e+05
2.979e+05
2.9598e+05
2.9406e+05
2.9215e+05
2.9024e+05
2.8834e+05
2.8644e+05
2.8455e+05
2.8266e+05
2.8077e+05
2.7889e+05
2.77e+05
2.7513e+05
2.7325e+05
2.7137e+05
2.6949e+05
2.6762e+05
2.6574e+05
2.6387e+05
2.6199e+05
2.6011e+05
2.5823e+05
2.5635e+05
2.5447e+05
2.5258e+05
2.5069e+05
2.488e+05
2.4691e+05
2.4501e+05
2.4311e+05
2.412e+05
2.393e+05
2.3738e+05
2.3547e+05
2.3355e+05
2.3162e+05
2.2969e+05
2.2776e+05
2.2583e+05
2.2388e+05
2.2194e+05
2.1999e+05
2.1804e+05
2.1608e+05
2.1412e+05
2.1216e+05
2.1019e+05
2.0822e+05
2.0624e+05
2.0427e+05
2.0229e+05
2.0031e+05
1.9833e+05
1.9634e+05
1.9436e+05
1.9237e+05
1.9038e+05
1.884e+05
1.8641e+05
1.8443e+05
1.8245e+05
1.8047e+05
1.7849e+05
1.7652e+05
1.7455e+05
1.7258e+05
1.7062e+05
1.6867e+05
1.6672e+05
1.6478e+05
1.6284e+05
1.6092e+05
1.5901e+05
1.571e+05
1.5521e+05
1.5333e+05
1.5146e+05
1.4961e+05
1.4777e+05
1.4595e+05
1.4414e+05
1.4235e+05
1.4058e+05
1.3883e+05
1.371e+05
1.3539e+05
1.337e+05
1.3204e+05
1.304e+05
1.2878e+05
1.272e+05
1.2564e+05
1.241e+05
1.226e+05
1.2113e+05
1.1969e+05
1.1829e+05
1.1691e+05
1.1558e+05
1.1428e+05
1.1302e+05
1.1179e+05
1.1061e+05
1.0946e+05
1.0836e+05
1.0731e+05
1.0629e+05
1.0533e+05
1.044e+05
1.0353e+05
1.0271e+05
1.0193e+05
1.0121e+05
1.0054e+05
99923
99360
98853
98403
98010
97677
97403
97190
97040
96952
96928
96970
97077
97252
97494
97805
98186
98638
99161
99757
1.0043e+05
1.0117e+05
1.0199e+05
1.0288e+05
1.0385e+05
1.049e+05
1.0602e+05
1.0722e+05
1.0851e+05
1.0987e+05
1.1131e+05
1.1283e+05
1.1444e+05
1.1612e+05
1.1789e+05
1.1974e+05
1.2168e+05
1.237e+05
1.258e+05
1.2799e+05
1.3026e+05
1.3262e+05
1.3506e+05
1.3759e+05
1.402e+05
1.429e+05
1.4569e+05
1.4856e+05
1.5151e+05
1.5456e+05
1.5769e+05
1.609e+05
1.642e+05
1.6759e+05
1.7106e+05
1.7462e+05
1.7826e+05
1.8199e+05
1.858e+05
1.897e+05
1.9368e+05
1.9774e+05
2.0189e+05
2.0612e+05
2.1043e+05
2.1482e+05
2.193e+05
2.2385e+05
2.2849e+05
2.332e+05
2.3799e+05
2.4286e+05
2.4781e+05
2.5283e+05
2.5792e+05
2.6309e+05
2.6834e+05
2.7365e+05
2.7904e+05
2.845e+05
2.9002e+05
2.9562e+05
3.0128e+05
3.0701e+05
3.128e+05
3.1866e+05
3.2457e+05
3.3055e+05
3.3659e+05
3.4269e+05
3.4884e+05
3.5505e+05
3.6131e+05
3.6762e+05
3.7399e+05
3.8041e+05
3.8687e+05
3.9338e+05
3.9993e+05
4.0653e+05
4.1317e+05
4.1985e+05
4.2657e+05
4.3333e+05
4.4012e+05
4.4694e+05
4.538e+05
4.6068e+05
4.676e+05
4.7454e+05
4.815e+05
4.8849e+05
4.9549e+05
5.0252e+05
5.0956e+05
5.1662e+05
5.2369e+05
5.3077e+05
5.3786e+05
5.4496e+05
5.5207e+05
5.5918e+05
5.6629e+05
5.7339e+05
5.805e+05
5.876e+05
5.947e+05
6.0178e+05
6.0886e+05
6.1593e+05
6.2297e+05
6.3001e+05
6.3702e+05
6.4402e+05
6.5099e+05
6.5794e+05
6.6486e+05
6.7175e+05
6.7861e+05
6.8544e+05
6.9224e+05
6.99e+05
7.0572e+05
7.124e+05
7.1904e+05
7.2563e+05
7.3218e+05
7.3868e+05
7.4513e+05
7.5153e+05
7.5788e+05
7.6417e+05
7.704e+05
7.7658e+05
7.8269e+05
7.8874e+05
7.9473e+05
8.0064e+05
8.065e+05
8.1228e+05
8.1799e+05
8.2363e+05
8.2919e+05
8.3467e+05
8.4008e+05
8.4541e+05
8.5066e+05
8.5582e+05
8.609e+05
8.659e+05
8.7081e+05
8.7563e+05
8.8036e+05
8.8499e+05
8.8954e+05
8.9399e+05
8.9835e+05
9.0261e+05
9.0677e+05
9.1083e+05
9.1479e+05
9.1865e+05
9.2241e+05
9.2607e+05
9.2962e+05
9.3306e+05
9.364e+05
9.3963e+05
9.4276e+05
9.4577e+05
9.4867e+05
9.5147e+05
9.5415e+05
9.5672e+05
9.5917e+05
9.6151e+05
9.6374e+05
9.6585e+05
9.6785e+05
9.6973e+05
9.715e+05
9.7314e+05
9.7467e+05
9.7609e+05
9.7738e+05
9.7856e+05
9.7961e+05
9.8055e+05
9.8137e+05
9.8207e+05
9.8265e+05
9.8311e+05
9.8345e+05
9.8367e+05
9.8378e+05
9.8376e+05
9.8362e+05
9.8337e+05
9.8299e+05
9.825e+05
9.8189e+05
9.8116e+05
9.8031e+05
9.7934e+05
9.7826e+05
9.7706e+05
9.7575e+05
9.7431e+05
9.7277e+05
9.711e+05
9.6933e+05
9.6744e+05
9.6543e+05
9.6332e+05
9.6109e+05
9.5875e+05
9.5631e+05
9.5375e+05
9.5108e+05
9.4831e+05
9.4543e+05
9.4245e+05
9.3936e+05
9.3616e+05
9.3287e+05
9.2947e+05
9.2597e+05
9.2237e+05
9.1868e+05
9.1489e+05
9.11e+05
9.0701e+05
9.0293e+05
8.9876e+05
8.945e+05
8.9015e+05
8.8571e+05
8.8118e+05
8.7657e+05
8.7187e+05
8.6709e+05
8.6223e+05
8.5728e+05
8.5226e+05
8.4716e+05
8.4199e+05
8.3674e+05
8.3142e+05
8.2602e+05
8.2056e+05
8.1503e+05
8.0943e+05
8.0377e+05
7.9804e+05
7.9225e+05
7.864e+05
7.8049e+05
7.7453e+05
7.6851e+05
7.6243e+05
7.5631e+05
7.5013e+05
7.439e+05
7.3763e+05
7.3131e+05
7.2495e+05
7.1854e+05
7.121e+05
7.0562e+05
6.991e+05
6.9254e+05
6.8595e+05
6.7933e+05
6.7268e+05
6.66e+05
6.5929e+05
6.5256e+05
6.458e+05
6.3902e+05
6.3222e+05
6.2541e+05
6.1857e+05
6.1173e+05
6.0486e+05
5.9799e+05
5.9111e+05
5.8422e+05
5.7732e+05
5.7041e+05
5.635e+05
5.5659e+05
5.4968e+05
5.4277e+05
5.3586e+05
5.2896e+05
5.2206e+05
5.1517e+05
5.0829e+05
5.0142e+05
4.9456e+05
4.8772e+05
4.8088e+05
4.7407e+05
4.6727e+05
4.6049e+05
4.5373e+05
4.47e+05
4.4028e+05
4.3359e+05
4.2693e+05
4.2029e+05
4.1368e+05
4.071e+05
4.0056e+05
3.9404e+05
3.8756e+05
3.8111e+05
3.7469e+05
3.6832e+05
3.6198e+05
3.5568e+05
3.4942e+05
3.432e+05
3.3702e+05
3.3089e+05
3.248e+05
3.1876e+05
3.1276e+05
3.0681e+05
3.009e+05
2.9505e+05
2.8924e+05
2.8349e+05
2.7778e+05
2.7213e+05
2.6653e+05
2.6099e+05
2.5549e+05
2.5006e+05
2.4467e+05
2.3935e+05
2.3408e+05
2.2887e+05
2.2371e+05
2.1862e+05
2.1358e+05
2.086e+05
2.0369e+05
1.9883e+05
1.9403e+05
1.8929e+05
1.8462e+05
1.8001e+05
1.7546e+05
1.7097e+05
1.6654e+05
1.6218e+05
1.5788e+05
1.5364e+05
1.4947e+05
1.4536e+05
1.4131e+05
1.3733e+05
1.3341e+05
1.2956e+05
1.2577e+05
1.2204e+05
1.1838e+05
1.1478e+05
1.1124e+05
1.0777e+05
1.0436e+05
1.0102e+05
97741
94524
91370
88279
85251
82285
79382
76540
73761
71042
68385
65788
63252
60775
58358
56001
53702
51461
49278
47152
45083
43071
41114
39212
37366
35573
33834
32148
30515
28933
27402
25922
24492
23112
21779
20495
19258
18068
16924
15824
14770
13759
12791
11865
10981
10138
9334.8
8571
7845.8
7158.5
6508.2
5894.3
5315.8
4772.1
4262.4
3786
3341.9
2929.5
2547.9
2196.5
1874.4
1580.7
1314.9
1076
863.28
675.99
513.33
374.54
258.84
165.47
93.664
42.653
11.683
0
6.8539
31.499
73.195
131.21
204.8
293.26
395.85
511.88
640.62
781.39
933.48
1096.2
