17489
19159
21086
23269
25709
28403
31350
34548
37992
41677
45600
49754
54133
58729
63535
68541
73739
79120
84671
90384
96246
1.0225e+05
1.0837e+05
1.1461e+05
1.2094e+05
1.2737e+05
1.3386e+05
1.4041e+05
1.4701e+05
1.5364e+05
1.6028e+05
1.6693e+05
1.7356e+05
1.8016e+05
1.8672e+05
1.9323e+05
1.9966e+05
2.0601e+05
2.1226e+05
2.184e+05
2.2441e+05
2.3028e+05
2.36e+05
2.4155e+05
2.4693e+05
2.5212e+05
2.5711e+05
2.619e+05
2.6646e+05
2.7079e+05
2.7489e+05
2.7874e+05
2.8233e+05
2.8567e+05
2.8874e+05
2.9153e+05
2.9405e+05
2.9629e+05
2.9823e+05
2.999e+05
3.0127e+05
3.0234e+05
3.0313e+05
3.0362e+05
3.0382e+05
3.0372e+05
3.0334e+05
3.0267e+05
3.0172e+05
3.0049e+05
2.9899e+05
2.9722e+05
2.9518e+05
2.9289e+05
2.9035e+05
2.8757e+05
2.8455e+05
2.8132e+05
2.7786e+05
2.742e+05
2.7035e+05
2.6631e+05
2.621e+05
2.5773e+05
2.532e+05
2.4854e+05
2.4374e+05
2.3884e+05
2.3383e+05
2.2873e+05
2.2355e+05
2.183e+05
2.1301e+05
2.0767e+05
2.023e+05
1.9692e+05
1.9154e+05
1.8617e+05
1.8082e+05
1.755e+05
1.7023e+05
1.6501e+05
1.5987e+05
1.548e+05
1.4982e+05
1.4494e+05
1.4017e+05
1.3551e+05
1.3099e+05
1.266e+05
1.2236e+05
1.1827e+05
1.1433e+05
1.1056e+05
1.0697e+05
1.0355e+05
1.0032e+05
97268
94412
91752
89289
87028
84969
83115
81467
80025
78790
77760
76936
76315
75897
75678
75656
75829
76193
76743
77477
78389
79475
80730
82148
83724
85452
87327
89341
91489
93763
96158
98667
1.0128e+05
1.04e+05
1.068e+05
1.097e+05
1.1267e+05
1.1571e+05
1.1881e+05
1.2198e+05
1.2519e+05
1.2844e+05
1.3173e+05
1.3505e+05
1.3839e+05
1.4175e+05
1.4511e+05
1.4848e+05
1.5184e+05
1.5519e+05
1.5852e+05
1.6183e+05
1.651e+05
1.6835e+05
1.7155e+05
1.7471e+05
1.7781e+05
1.8086e+05
1.8384e+05
1.8676e+05
1.8961e+05
1.9238e+05
1.9507e+05
1.9768e+05
2.002e+05
2.0263e+05
2.0496e+05
2.0719e+05
2.0932e+05
2.1135e+05
2.1327e+05
2.1507e+05
2.1677e+05
2.1834e+05
2.198e+05
2.2114e+05
2.2236e+05
2.2345e+05
2.2442e+05
2.2527e+05
2.2598e+05
2.2657e+05
2.2703e+05
2.2736e+05
2.2757e+05
2.2764e+05
2.2758e+05
2.2739e+05
2.2708e+05
2.2663e+05
2.2606e+05
2.2536e+05
2.2454e+05
2.2359e+05
2.2252e+05
2.2133e+05
2.2002e+05
2.1859e+05
2.1705e+05
2.154e+05
2.1363e+05
2.1176e+05
2.0979e+05
2.0771e+05
2.0554e+05
2.0327e+05
2.0092e+05
1.9847e+05
1.9595e+05
1.9334e+05
1.9066e+05
1.8791e+05
1.8509e+05
1.8221e+05
1.7928e+05
1.7629e+05
1.7325e+05
1.7017e+05
1.6705e+05
1.639e+05
1.6072e+05
1.5751e+05
1.5428e+05
1.5104e+05
1.4779e+05
1.4454e+05
1.4128e+05
1.3803e+05
1.3479e+05
1.3156e+05
1.2835e+05
1.2516e+05
1.22e+05
1.1886e+05
1.1576e+05
1.1269e+05
1.0967e+05
1.0669e+05
1.0375e+05
1.0087e+05
98032
95252
92528
89862
87256
84711
82229
79810
77455
75165
72939
70778
68682
66650
64681
62775
60930
59146
57420
55751
54137
52577
51068
49609
48196
46827
45501
44214
42964
41749
40565
39411
38283
37180
36098
35036
33992
32962
31946
30940
29945
28956
27975
26998
26026
25056
24089
23125
22162
21200
20241
19284
18330
17379
16433
15493
14560
13636
12722
11821
10935
10065
9213.8
8384.1
7578.3
6799
6048.7
5330
4645.8
3998.6
3391.1
2825.9
2305.5
1832.3
1408.8
1037.1
719.4
457.5
253.18
107.98
23.221
0
39.166
141.31
306.76
535.55
827.43
1181.9
1598
2074.7
2610.5
3203.6
3851.9
4553.1
5304.5
6103.1
6945.6
7828.6
8748.2
9700.5
10681
11686
12710
13748
14796
15849
16901
17947
18983
20002
21000
21972
22912
23816
24680
25498
26266
26981
27639
28237
28771
29239
29640
29971
30231
30421
30539
30587
30566
30476
30322
30106
29831
29502
29124
28703
28245
27757
27247
26724
26197
25675
25168
24689
24247
23856
23527
23275
23112
23053
23111
23302
23641
24142
24821
25693
26774
28081
29627
31429
33502
35862
38522
41498
44803
48452
52457
56831
61586
66734
72284
78246
84630
91444
98693
1.0639e+05
1.1452e+05
1.2312e+05
1.3216e+05
1.4166e+05
1.5162e+05
1.6203e+05
1.7289e+05
1.8421e+05
1.9597e+05
2.0817e+05
2.2081e+05
2.3387e+05
2.4734e+05
2.6122e+05
2.7549e+05
2.9014e+05
3.0515e+05
3.2051e+05
3.362e+05
3.522e+05
3.6849e+05
3.8506e+05
4.0188e+05
4.1893e+05
4.3618e+05
4.5361e+05
4.7119e+05
4.8891e+05
5.0673e+05
5.2462e+05
5.4256e+05
5.6051e+05
5.7846e+05
5.9636e+05
6.1419e+05
6.3193e+05
6.4953e+05
6.6697e+05
6.8422e+05
7.0125e+05
7.1803e+05
7.3453e+05
7.5071e+05
7.6656e+05
7.8204e+05
7.9712e+05
8.1178e+05
8.2599e+05
8.3973e+05
8.5296e+05
8.6567e+05
8.7782e+05
8.8941e+05
9.0041e+05
9.1079e+05
9.2054e+05
9.2965e+05
9.3809e+05
9.4585e+05
9.5291e+05
9.5927e+05
9.6492e+05
9.6984e+05
9.7402e+05
9.7747e+05
9.8017e+05
9.8212e+05
9.8332e+05
9.8378e+05
9.8348e+05
9.8244e+05
9.8065e+05
9.7812e+05
9.7487e+05
9.7089e+05
9.6621e+05
9.6082e+05
9.5474e+05
9.4799e+05
9.4058e+05
9.3252e+05
9.2384e+05
9.1455e+05
9.0467e+05
8.9422e+05
8.8323e+05
8.7171e+05
8.5968e+05
8.4718e+05
8.3423e+05
8.2084e+05
8.0706e+05
7.9289e+05
7.7837e+05
7.6353e+05
7.4839e+05
7.3298e+05
7.1732e+05
7.0145e+05
6.8539e+05
6.6916e+05
6.528e+05
6.3633e+05
6.1978e+05
6.0317e+05
5.8653e+05
5.6989e+05
5.5327e+05
5.3669e+05
5.2018e+05
5.0376e+05
4.8745e+05
4.7128e+05
4.5527e+05
4.3943e+05
4.2378e+05
4.0835e+05
3.9315e+05
3.7819e+05
3.635e+05
3.4909e+05
3.3497e+05
3.2115e+05
3.0765e+05
2.9447e+05
2.8163e+05
2.6914e+05
2.57e+05
2.4522e+05
2.338e+05
2.2275e+05
2.1207e+05
2.0178e+05
1.9186e+05
1.8232e+05
1.7316e+05
1.6437e+05
1.5597e+05
1.4794e+05
1.4028e+05
1.33e+05
1.2607e+05
1.195e+05
1.1329e+05
1.0742e+05
1.0189e+05
96693
91819
87259
83006
79049
75380
71987
68862
65993
63370
60982
58818
56868
55119
53562
52185
50977
49928
49026
48261
47622
47100
46683
46363
46130
45973
45885
45857
45880
45945
46047
46176
46326
46491
46663
46838
47010
47174
47324
47457
47569
47656
47715
47743
47737
47696
47617
47500
47342
47144
46904
46623
46301
45937
45532
45087
44603
44082
43524
42931
42305
41648
40961
40247
39507
38745
37962
37161
36345
35515
34674
33825
32969
32111
31251
30393
29538
28689
27849
27018
26199
25395
24607
23836
23085
22354
21645
20960
20300
19665
19056
18475
17922
17397
16901
16434
15996
15587
15207
14857
14535
14241
13974
13735
13522
13334
13171
13032
12915
12819
12744
12688
12649
12627
12621
12627
12647
12677
12717
12765
12819
12879
12942
13008
13075
13142
13207
13270
13328
13381
13428
13468
13499
13520
13531
13532
13520
13496
13458
13407
13341
13261
13166
13056
12930
12789
12632
12460
12272
12069
11851
11618
11371
11109
10834
10547
10246
9934.3
9611
9277.3
8933.8
8581.4
8220.8
