6.9274e+05
6.9362e+05
6.9437e+05
6.9501e+05
6.9553e+05
6.9594e+05
6.9623e+05
6.9641e+05
6.9647e+05
6.9642e+05
6.9627e+05
6.96e+05
6.9563e+05
6.9516e+05
6.9458e+05
6.939e+05
6.9312e+05
6.9223e+05
6.9126e+05
6.9018e+05
6.8902e+05
6.8776e+05
6.8641e+05
6.8498e+05
6.8345e+05
6.8185e+05
6.8016e+05
6.7839e+05
6.7654e+05
6.7462e+05
6.7262e+05
6.7055e+05
6.6841e+05
6.662e+05
6.6392e+05
6.6158e+05
6.5918e+05
6.5671e+05
6.5419e+05
6.5161e+05
6.4898e+05
6.463e+05
6.4356e+05
6.4078e+05
6.3795e+05
6.3508e+05
6.3216e+05
6.292e+05
6.2621e+05
6.2318e+05
6.2011e+05
6.1701e+05
6.1389e+05
6.1073e+05
6.0754e+05
6.0433e+05
6.011e+05
5.9785e+05
5.9457e+05
5.9128e+05
5.8797e+05
5.8464e+05
5.8131e+05
5.7796e+05
5.746e+05
5.7123e+05
5.6785e+05
5.6447e+05
5.6109e+05
5.577e+05
5.5431e+05
5.5092e+05
5.4754e+05
5.4415e+05
5.4077e+05
5.3739e+05
5.3402e+05
5.3066e+05
5.2731e+05
5.2396e+05
5.2063e+05
5.173e+05
5.1399e+05
5.1069e+05
5.0741e+05
5.0414e+05
5.0089e+05
4.9765e+05
4.9443e+05
4.9122e+05
4.8804e+05
4.8487e+05
4.8172e+05
4.786e+05
4.7549e+05
4.724e+05
4.6934e+05
4.6629e+05
4.6327e+05
4.6027e+05
4.5729e+05
4.5433e+05
4.514e+05
4.4849e+05
4.456e+05
4.4273e+05
4.3989e+05
4.3707e+05
4.3428e+05
4.315e+05
4.2875e+05
4.2602e+05
4.2332e+05
4.2063e+05
4.1797e+05
4.1533e+05
4.1271e+05
4.1011e+05
4.0754e+05
4.0498e+05
4.0244e+05
3.9993e+05
3.9743e+05
3.9496e+05
3.925e+05
3.9006e+05
3.8764e+05
3.8523e+05
3.8284e+05
3.8047e+05
3.7811e+05
3.7577e+05
3.7345e+05
3.7113e+05
3.6883e+05
3.6655e+05
3.6427e+05
3.6201e+05
3.5976e+05
3.5752e+05
3.5529e+05
3.5307e+05
3.5085e+05
3.4865e+05
3.4645e+05
3.4426e+05
3.4207e+05
3.3989e+05
3.3772e+05
3.3555e+05
3.3338e+05
3.3122e+05
3.2906e+05
3.269e+05
3.2474e+05
3.2258e+05
3.2042e+05
3.1826e+05
3.161e+05
3.1394e+05
3.1178e+05
3.0961e+05
3.0744e+05
3.0527e+05
3.0309e+05
3.0091e+05
2.9872e+05
2.9653e+05
2.9433e+05
2.9213e+05
2.8992e+05
2.877e+05
2.8547e+05
2.8324e+05
2.81e+05
2.7875e+05
2.7649e+05
2.7423e+05
2.7195e+05
2.6967e+05
2.6737e+05
2.6507e+05
2.6276e+05
2.6044e+05
2.5811e+05
2.5577e+05
2.5342e+05
2.5106e+05
2.4869e+05
2.4631e+05
2.4393e+05
2.4153e+05
2.3913e+05
2.3671e+05
2.3429e+05
2.3186e+05
2.2942e+05
2.2697e+05
2.2452e+05
2.2206e+05
2.1959e+05
2.1712e+05
2.1464e+05
2.1216e+05
2.0967e+05
2.0717e+05
2.0467e+05
2.0217e+05
1.9967e+05
1.9716e+05
1.9466e+05
1.9215e+05
1.8964e+05
1.8713e+05
1.8463e+05
1.8213e+05
1.7962e+05
1.7713e+05
1.7464e+05
1.7215e+05
1.6967e+05
1.672e+05
1.6473e+05
1.6228e+05
1.5983e+05
1.574e+05
1.5497e+05
1.5256e+05
1.5017e+05
1.4779e+05
1.4543e+05
1.4308e+05
1.4075e+05
1.3844e+05
1.3616e+05
1.3389e+05
1.3165e+05
1.2943e+05
1.2724e+05
1.2507e+05
1.2293e+05
1.2082e+05
1.1874e+05
1.167e+05
1.1468e+05
1.127e+05
1.1075e+05
1.0884e+05
1.0697e+05
1.0514e+05
1.0334e+05
1.0159e+05
99880
98215
96594
95020
93494
92017
90590
89214
87891
86622
85408
84250
83150
82108
81127
80207
79348
78554
77824
77159
76562
76032
75571
75180
74861
74613
74438
74338
74313
74363
74491
74696
74980
75344
75788
76313
76920
77610
78383
79240
80182
81210
82324
83524
84811
86186
87650
89202
90843
92574
94394
96305
98306
1.004e+05
1.0258e+05
1.0486e+05
1.0722e+05
1.0968e+05
1.1223e+05
1.1487e+05
1.176e+05
1.2042e+05
1.2334e+05
1.2635e+05
1.2945e+05
1.3264e+05
1.3592e+05
1.3929e+05
1.4275e+05
1.4631e+05
1.4995e+05
1.5368e+05
1.575e+05
1.6141e+05
1.6541e+05
1.695e+05
1.7368e+05
1.7794e+05
1.8228e+05
1.8672e+05
1.9124e+05
1.9584e+05
2.0052e+05
2.0529e+05
2.1014e+05
2.1507e+05
2.2008e+05
2.2517e+05
2.3034e+05
2.3558e+05
2.409e+05
2.463e+05
2.5177e+05
2.5731e+05
2.6293e+05
2.6861e+05
2.7436e+05
2.8019e+05
2.8608e+05
2.9203e+05
2.9805e+05
3.0413e+05
3.1027e+05
3.1647e+05
3.2274e+05
3.2905e+05
3.3543e+05
3.4185e+05
3.4834e+05
3.5487e+05
3.6145e+05
3.6808e+05
3.7475e+05
3.8147e+05
3.8823e+05
3.9503e+05
4.0188e+05
4.0876e+05
4.1567e+05
4.2262e+05
4.296e+05
4.3662e+05
4.4366e+05
4.5073e+05
4.5782e+05
4.6494e+05
4.7208e+05
4.7923e+05
4.8641e+05
4.936e+05
5.008e+05
5.0802e+05
5.1525e+05
5.2248e+05
5.2972e+05
5.3696e+05
5.4421e+05
5.5146e+05
5.587e+05
5.6594e+05
5.7318e+05
5.804e+05
5.8762e+05
5.9483e+05
6.0202e+05
6.092e+05
6.1636e+05
6.2349e+05
6.3061e+05
6.3771e+05
6.4477e+05
6.5182e+05
6.5883e+05
6.6581e+05
6.7276e+05
6.7967e+05
6.8654e+05
6.9338e+05
7.0017e+05
7.0693e+05
7.1364e+05
7.203e+05
7.2691e+05
7.3347e+05
7.3998e+05
7.4644e+05
7.5284e+05
7.5919e+05
7.6548e+05
7.717e+05
7.7786e+05
7.8396e+05
7.9e+05
7.9596e+05
8.0186e+05
8.0768e+05
8.1344e+05
8.1912e+05
8.2472e+05
8.3025e+05
8.357e+05
8.4107e+05
8.4636e+05
8.5156e+05
8.5668e+05
8.6172e+05
8.6667e+05
8.7153e+05
8.763e+05
8.8098e+05
8.8557e+05
8.9007e+05
8.9447e+05
8.9878e+05
9.0299e+05
9.071e+05
9.1112e+05
9.1503e+05
9.1885e+05
9.2256e+05
9.2617e+05
9.2968e+05
9.3308e+05
9.3638e+05
9.3957e+05
9.4265e+05
9.4563e+05
9.485e+05
9.5126e+05
9.5391e+05
9.5646e+05
9.5889e+05
9.6121e+05
9.6342e+05
9.6551e+05
9.675e+05
9.6937e+05
9.7113e+05
9.7277e+05
9.743e+05
9.7572e+05
9.7702e+05
9.7821e+05
9.7928e+05
9.8024e+05
9.8109e+05
9.8182e+05
9.8243e+05
9.8293e+05
9.8331e+05
9.8358e+05
9.8374e+05
9.8378e+05
9.837e+05
9.8351e+05
9.8321e+05
9.8279e+05
9.8226e+05
9.8162e+05
9.8087e+05
9.8e+05
9.7902e+05
9.7793e+05
9.7672e+05
9.7541e+05
9.7399e+05
9.7246e+05
9.7082e+05
9.6907e+05
9.6721e+05
9.6525e+05
9.6318e+05
9.61e+05
9.5873e+05
9.5634e+05
9.5386e+05
9.5127e+05
9.4858e+05
9.4579e+05
9.429e+05
9.3992e+05
9.3683e+05
9.3365e+05
9.3038e+05
9.2701e+05
9.2354e+05
9.1999e+05
9.1634e+05
9.126e+05
9.0877e+05
9.0486e+05
9.0086e+05
8.9678e+05
8.9261e+05
8.8835e+05
8.8402e+05
8.7961e+05
8.7511e+05
8.7054e+05
8.6589e+05
8.6117e+05
8.5637e+05
8.5151e+05
8.4657e+05
8.4156e+05
8.3648e+05
8.3134e+05
8.2613e+05
8.2085e+05
8.1552e+05
8.1012e+05
8.0466e+05
7.9915e+05
7.9358e+05
7.8795e+05
7.8227e+05
7.7654e+05
7.7075e+05
7.6492e+05
7.5904e+05
7.5312e+05
7.4715e+05
7.4113e+05
7.3508e+05
7.2898e+05
7.2285e+05
7.1668e+05
7.1047e+05
7.0423e+05
6.9796e+05
6.9166e+05
6.8533e+05
6.7897e+05
6.7258e+05
6.6617e+05
6.5973e+05
6.5328e+05
6.468e+05
6.4031e+05
6.3379e+05
6.2727e+05
6.2072e+05
6.1417e+05
6.076e+05
6.0103e+05
5.9444e+05
5.8785e+05
5.8125e+05
5.7465e+05
5.6805e+05
5.6145e+05
5.5484e+05
5.4824e+05
5.4164e+05
5.3504e+05
5.2845e+05
5.2187e+05
5.153e+05
5.0873e+05
5.0218e+05
4.9564e+05
4.8911e+05
4.8259e+05
4.761e+05
4.6962e+05
4.6316e+05
4.5671e+05
4.5029e+05
4.4389e+05
4.3752e+05
4.3117e+05
4.2484e+05
4.1854e+05
4.1227e+05
4.0603e+05
3.9981e+05
3.9363e+05
3.8748e+05
3.8136e+05
3.7528e+05
3.6923e+05
3.6321e+05
3.5723e+05
3.5129e+05
3.4539e+05
3.3953e+05
3.3371e+05
3.2793e+05
3.2219e+05
3.1649e+05
3.1083e+05
3.0522e+05
2.9966e+05
2.9414e+05
2.8866e+05
2.8324e+05
2.7786e+05
2.7252e+05
2.6724e+05
2.6201e+05
2.5682e+05
2.5169e+05
2.466e+05
2.4157e+05
2.3659e+05
2.3166e+05
2.2679e+05
2.2196e+05
2.1719e+05
2.1248e+05
2.0781e+05
2.0321e+05
1.9865e+05
1.9416e+05
1.8972e+05
1.8533e+05
1.81e+05
1.7672e+05
1.725e+05
1.6834e+05
1.6424e+05
1.6019e+05
1.562e+05
1.5226e+05
1.4838e+05
1.4456e+05
1.408e+05
1.3709e+05
1.3344e+05
1.2985e+05
1.2631e+05
1.2283e+05
1.1941e+05
1.1604e+05
1.1274e+05
1.0948e+05
1.0629e+05
1.0315e+05
1.0007e+05
97039
94067
91152
88291
85486
82735
80039
77397
74809
72275
69794
67365
64990
62667
60395
58175
56006
53887
51819
49801
47831
45911
44039
42215
40438
38708
37024
35387
33794
32246
30743
29283
27867
26493
25161
23870
22620
21411
20241
19110
18018
16963
15946
14965
14021
13111
12237
11396
10589
9814.8
9072.8
8362.3
7682.6
7033.3
6413.5
5822.7
5260.3
4725.5
4217.8
3736.4
3280.8
2850.3
2444.3
2062
1703
1366.5
1051.9
758.6
485.93
233.27
0
