1.8396e+05
1.891e+05
1.9423e+05
1.9936e+05
2.0447e+05
2.0956e+05
2.1461e+05
2.1964e+05
2.2462e+05
2.2956e+05
2.3444e+05
2.3926e+05
2.4402e+05
2.487e+05
2.5331e+05
2.5784e+05
2.6228e+05
2.6663e+05
2.7088e+05
2.7503e+05
2.7908e+05
2.8301e+05
2.8684e+05
2.9054e+05
2.9413e+05
2.9759e+05
3.0093e+05
3.0414e+05
3.0722e+05
3.1017e+05
3.1299e+05
3.1566e+05
3.1821e+05
3.2061e+05
3.2287e+05
3.25e+05
3.2698e+05
3.2883e+05
3.3054e+05
3.3211e+05
3.3354e+05
3.3484e+05
3.36e+05
3.3702e+05
3.3792e+05
3.3868e+05
3.3932e+05
3.3983e+05
3.4021e+05
3.4048e+05
3.4063e+05
3.4067e+05
3.4059e+05
3.4041e+05
3.4012e+05
3.3974e+05
3.3926e+05
3.3868e+05
3.3802e+05
3.3728e+05
3.3646e+05
3.3556e+05
3.3459e+05
3.3356e+05
3.3246e+05
3.3132e+05
3.3012e+05
3.2887e+05
3.2758e+05
3.2626e+05
3.2491e+05
3.2353e+05
3.2212e+05
3.207e+05
3.1927e+05
3.1784e+05
3.164e+05
3.1496e+05
3.1353e+05
3.1211e+05
3.107e+05
3.0932e+05
3.0796e+05
3.0663e+05
3.0533e+05
3.0407e+05
3.0284e+05
3.0166e+05
3.0053e+05
2.9945e+05
2.9842e+05
2.9745e+05
2.9654e+05
2.9569e+05
2.9491e+05
2.9419e+05
2.9354e+05
2.9296e+05
2.9245e+05
2.9202e+05
2.9166e+05
2.9138e+05
2.9118e+05
2.9106e+05
2.9102e+05
2.9105e+05
2.9117e+05
2.9136e+05
2.9164e+05
2.9199e+05
2.9242e+05
2.9294e+05
2.9353e+05
2.9419e+05
2.9493e+05
2.9575e+05
2.9663e+05
2.9759e+05
2.9861e+05
2.997e+05
3.0086e+05
3.0208e+05
3.0336e+05
3.0469e+05
3.0608e+05
3.0752e+05
3.0901e+05
3.1055e+05
3.1212e+05
3.1374e+05
3.1539e+05
3.1708e+05
3.188e+05
3.2054e+05
3.223e+05
3.2408e+05
3.2588e+05
3.2769e+05
3.295e+05
3.3132e+05
3.3314e+05
3.3496e+05
3.3677e+05
3.3857e+05
3.4036e+05
3.4212e+05
3.4387e+05
3.4559e+05
3.4728e+05
3.4894e+05
3.5056e+05
3.5215e+05
3.5369e+05
3.5518e+05
3.5663e+05
3.5803e+05
3.5937e+05
3.6066e+05
3.6188e+05
3.6304e+05
3.6414e+05
3.6517e+05
3.6613e+05
3.6702e+05
3.6783e+05
3.6857e+05
3.6923e+05
3.6981e+05
3.7031e+05
3.7073e+05
3.7106e+05
3.7131e+05
3.7148e+05
3.7156e+05
3.7155e+05
3.7145e+05
3.7127e+05
3.7099e+05
3.7063e+05
3.7018e+05
3.6965e+05
3.6902e+05
3.6831e+05
3.6751e+05
3.6662e+05
3.6565e+05
3.6459e+05
3.6346e+05
3.6223e+05
3.6093e+05
3.5955e+05
3.5809e+05
3.5655e+05
3.5494e+05
3.5325e+05
3.515e+05
3.4967e+05
3.4778e+05
3.4582e+05
3.438e+05
3.4172e+05
3.3958e+05
3.3738e+05
3.3513e+05
3.3283e+05
3.3048e+05
3.2808e+05
3.2564e+05
3.2316e+05
3.2064e+05
3.1809e+05
3.155e+05
3.1288e+05
3.1023e+05
3.0756e+05
3.0486e+05
3.0215e+05
2.9941e+05
2.9667e+05
2.939e+05
2.9113e+05
2.8835e+05
2.8557e+05
2.8278e+05
2.7999e+05
2.7721e+05
2.7442e+05
2.7165e+05
2.6888e+05
2.6612e+05
2.6337e+05
2.6063e+05
2.5791e+05
2.5521e+05
2.5252e+05
2.4986e+05
2.4721e+05
2.4459e+05
2.4199e+05
2.3942e+05
2.3687e+05
2.3435e+05
2.3185e+05
2.2939e+05
2.2695e+05
2.2454e+05
2.2216e+05
2.1981e+05
2.1749e+05
2.152e+05
2.1294e+05
2.1071e+05
2.0852e+05
2.0635e+05
2.0421e+05
2.021e+05
2.0002e+05
1.9796e+05
1.9593e+05
1.9393e+05
1.9196e+05
1.9001e+05
1.8808e+05
1.8618e+05
1.843e+05
1.8244e+05
1.806e+05
1.7877e+05
1.7697e+05
1.7518e+05
1.734e+05
1.7164e+05
1.6988e+05
1.6814e+05
1.664e+05
1.6468e+05
1.6295e+05
1.6124e+05
1.5952e+05
1.578e+05
1.5609e+05
1.5437e+05
1.5265e+05
1.5092e+05
1.4919e+05
1.4744e+05
1.4569e+05
1.4393e+05
1.4215e+05
1.4037e+05
1.3856e+05
1.3675e+05
1.3491e+05
1.3306e+05
1.3119e+05
1.293e+05
1.2739e+05
1.2545e+05
1.235e+05
1.2152e+05
1.1952e+05
1.175e+05
1.1545e+05
1.1338e+05
1.1129e+05
1.0917e+05
1.0703e+05
1.0487e+05
1.0268e+05
1.0047e+05
98232
95977
93701
91405
89090
86757
84407
82042
79662
77271
74868
72456
70038
67614
65187
62759
60332
57909
55493
53085
50689
48308
45944
43600
41279
38985
36721
34490
32295
30139
28027
25962
23948
21987
20084
18243
16467
14760
13126
11568
10092
8699.9
7396.3
6185.1
5070.1
4055.2
3144.3
2341.2
1649.9
1074
617.34
283.68
76.69
0
57.195
251.8
587.27
1067
1694.3
2472.4
3404.5
4493.6
5742.7
7154.7
8732.3
10478
12395
14485
16751
19195
21818
24623
27612
30787
34148
37698
41437
45366
49487
53801
58307
63007
67901
72988
78269
83744
89413
95274
1.0133e+05
1.0757e+05
1.1401e+05
1.2063e+05
1.2744e+05
1.3444e+05
1.4162e+05
1.4899e+05
1.5653e+05
1.6425e+05
1.7215e+05
1.8023e+05
1.8847e+05
1.9688e+05
2.0545e+05
2.1419e+05
2.2308e+05
2.3213e+05
2.4133e+05
2.5068e+05
2.6016e+05
2.6979e+05
2.7955e+05
2.8944e+05
2.9946e+05
3.0959e+05
3.1985e+05
3.3021e+05
3.4067e+05
3.5124e+05
3.619e+05
3.7265e+05
3.8349e+05
3.944e+05
4.0539e+05
4.1644e+05
4.2755e+05
4.3871e+05
4.4992e+05
4.6118e+05
4.7246e+05
4.8378e+05
4.9512e+05
5.0648e+05
5.1784e+05
5.2921e+05
5.4057e+05
5.5193e+05
5.6326e+05
5.7458e+05
5.8586e+05
5.971e+05
6.083e+05
6.1944e+05
6.3053e+05
6.4156e+05
6.5251e+05
6.6339e+05
6.7418e+05
6.8488e+05
6.9548e+05
7.0598e+05
7.1636e+05
7.2663e+05
7.3677e+05
7.4679e+05
7.5667e+05
7.664e+05
7.7599e+05
7.8542e+05
7.9469e+05
8.038e+05
8.1273e+05
8.2149e+05
8.3006e+05
8.3845e+05
8.4664e+05
8.5463e+05
8.6242e+05
8.7001e+05
8.7738e+05
8.8453e+05
8.9146e+05
8.9817e+05
9.0465e+05
9.1089e+05
9.169e+05
9.2266e+05
9.2818e+05
9.3346e+05
9.3848e+05
9.4325e+05
9.4777e+05
9.5202e+05
9.5602e+05
9.5975e+05
9.6322e+05
9.6643e+05
9.6936e+05
9.7203e+05
9.7442e+05
9.7655e+05
9.784e+05
9.7998e+05
9.8129e+05
9.8232e+05
9.8308e+05
9.8356e+05
9.8378e+05
9.8372e+05
9.8339e+05
9.8279e+05
9.8191e+05
9.8077e+05
9.7937e+05
9.777e+05
9.7576e+05
9.7356e+05
9.7111e+05
9.6839e+05
9.6542e+05
9.622e+05
9.5873e+05
9.5501e+05
9.5105e+05
9.4685e+05
9.4242e+05
9.3775e+05
9.3285e+05
9.2772e+05
9.2238e+05
9.1681e+05
9.1104e+05
9.0505e+05
8.9886e+05
8.9246e+05
8.8588e+05
8.791e+05
8.7213e+05
8.6499e+05
8.5767e+05
8.5017e+05
8.4252e+05
8.347e+05
8.2672e+05
8.186e+05
8.1033e+05
8.0192e+05
7.9338e+05
7.8471e+05
7.7592e+05
7.6701e+05
7.58e+05
7.4887e+05
7.3965e+05
7.3033e+05
7.2093e+05
7.1144e+05
7.0188e+05
6.9224e+05
6.8254e+05
6.7279e+05
6.6297e+05
6.5312e+05
6.4321e+05
6.3328e+05
6.2331e+05
6.1331e+05
6.033e+05
5.9327e+05
5.8324e+05
5.732e+05
5.6316e+05
5.5313e+05
5.4311e+05
5.3311e+05
5.2313e+05
5.1318e+05
5.0326e+05
4.9338e+05
4.8354e+05
4.7375e+05
4.6401e+05
4.5433e+05
4.447e+05
4.3514e+05
4.2565e+05
4.1623e+05
4.0688e+05
3.9762e+05
3.8844e+05
3.7935e+05
3.7035e+05
3.6144e+05
3.5263e+05
3.4392e+05
3.3532e+05
3.2682e+05
3.1844e+05
3.1016e+05
3.02e+05
2.9396e+05
2.8604e+05
2.7824e+05
2.7056e+05
2.6301e+05
2.5559e+05
2.483e+05
2.4114e+05
2.3411e+05
2.2721e+05
2.2045e+05
2.1383e+05
2.0734e+05
2.0099e+05
1.9478e+05
1.8871e+05
1.8278e+05
1.7699e+05
1.7134e+05
1.6583e+05
1.6046e+05
1.5524e+05
1.5015e+05
1.452e+05
1.404e+05
1.3573e+05
1.312e+05
1.2681e+05
1.2256e+05
1.1844e+05
1.1446e+05
1.1061e+05
1.069e+05
1.0332e+05
99866
96545
93352
90285
87344
84525
81828
79250
76791
74447
72216
70098
68089
66188
64393
62700
61108
59615
58219
56916
55705
54582
53547
52595
51726
50935
50222
49582
49014
48516
48084
47716
47410
47162
46972
46835
46750
46714
46724
46779
46875
47011
47183
47391
47630
47900
48197
48520
48866
49233
49619
50023
50441
50872
51314
51765
52223
52686
53153
53622
54091
54559
55023
55483
55937
56384
56821
57248
57664
58067
58457
58831
59189
59530
59854
60158
60443
60707
60950
61171
61369
61544
61695
61822
61925
62002
62054
62081
62081
62056
62004
61926
61821
61690
61532
61348
61138
60901
60639
60351
60037
59699
59335
58947
58534
58098
57638
57156
56651
