2.9586e+05
3.004e+05
3.0495e+05
3.0951e+05
3.1407e+05
3.1864e+05
3.2321e+05
3.2777e+05
3.3233e+05
3.3689e+05
3.4144e+05
3.4598e+05
3.505e+05
3.5501e+05
3.5951e+05
3.6398e+05
3.6844e+05
3.7287e+05
3.7728e+05
3.8166e+05
3.8601e+05
3.9033e+05
3.9461e+05
3.9887e+05
4.0308e+05
4.0726e+05
4.114e+05
4.1549e+05
4.1954e+05
4.2355e+05
4.2751e+05
4.3142e+05
4.3528e+05
4.3908e+05
4.4284e+05
4.4654e+05
4.5018e+05
4.5376e+05
4.5729e+05
4.6075e+05
4.6415e+05
4.6749e+05
4.7077e+05
4.7398e+05
4.7712e+05
4.8019e+05
4.832e+05
4.8613e+05
4.8899e+05
4.9179e+05
4.945e+05
4.9715e+05
4.9972e+05
5.0221e+05
5.0462e+05
5.0696e+05
5.0922e+05
5.1141e+05
5.1351e+05
5.1553e+05
5.1747e+05
5.1934e+05
5.2112e+05
5.2282e+05
5.2443e+05
5.2597e+05
5.2742e+05
5.2878e+05
5.3007e+05
5.3127e+05
5.3239e+05
5.3342e+05
5.3437e+05
5.3524e+05
5.3602e+05
5.3672e+05
5.3733e+05
5.3786e+05
5.3831e+05
5.3868e+05
5.3896e+05
5.3916e+05
5.3928e+05
5.3931e+05
5.3927e+05
5.3914e+05
5.3894e+05
5.3865e+05
5.3828e+05
5.3784e+05
5.3732e+05
5.3672e+05
5.3604e+05
5.3529e+05
5.3446e+05
5.3356e+05
5.3259e+05
5.3154e+05
5.3042e+05
5.2923e+05
5.2798e+05
5.2665e+05
5.2525e+05
5.2379e+05
5.2226e+05
5.2067e+05
5.1902e+05
5.173e+05
5.1552e+05
5.1369e+05
5.1179e+05
5.0984e+05
5.0783e+05
5.0577e+05
5.0365e+05
5.0148e+05
4.9927e+05
4.97e+05
4.9468e+05
4.9232e+05
4.8992e+05
4.8747e+05
4.8498e+05
4.8244e+05
4.7987e+05
4.7726e+05
4.7462e+05
4.7194e+05
4.6923e+05
4.6648e+05
4.6371e+05
4.6091e+05
4.5808e+05
4.5522e+05
4.5234e+05
4.4944e+05
4.4651e+05
4.4357e+05
4.4061e+05
4.3763e+05
4.3464e+05
4.3163e+05
4.2861e+05
4.2558e+05
4.2253e+05
4.1948e+05
4.1643e+05
4.1336e+05
4.103e+05
4.0723e+05
4.0416e+05
4.0108e+05
3.9801e+05
3.9494e+05
3.9188e+05
3.8881e+05
3.8576e+05
3.8271e+05
3.7966e+05
3.7663e+05
3.736e+05
3.7059e+05
3.6759e+05
3.646e+05
3.6162e+05
3.5866e+05
3.5571e+05
3.5278e+05
3.4986e+05
3.4697e+05
3.4408e+05
3.4122e+05
3.3838e+05
3.3556e+05
3.3275e+05
3.2997e+05
3.2721e+05
3.2447e+05
3.2175e+05
3.1905e+05
3.1638e+05
3.1373e+05
3.111e+05
3.0849e+05
3.0591e+05
3.0335e+05
3.0081e+05
2.9829e+05
2.958e+05
2.9333e+05
2.9089e+05
2.8846e+05
2.8606e+05
2.8368e+05
2.8132e+05
2.7899e+05
2.7667e+05
2.7438e+05
2.721e+05
2.6985e+05
2.6762e+05
2.654e+05
2.632e+05
2.6102e+05
2.5886e+05
2.5671e+05
2.5459e+05
2.5247e+05
2.5037e+05
2.4829e+05
2.4621e+05
2.4415e+05
2.421e+05
2.4007e+05
2.3804e+05
2.3602e+05
2.3401e+05
2.3201e+05
2.3001e+05
2.2802e+05
2.2604e+05
2.2406e+05
2.2208e+05
2.2011e+05
2.1813e+05
2.1616e+05
2.1419e+05
2.1222e+05
2.1024e+05
2.0827e+05
2.0629e+05
2.043e+05
2.0231e+05
2.0032e+05
1.9831e+05
1.9631e+05
1.9429e+05
1.9226e+05
1.9023e+05
1.8818e+05
1.8613e+05
1.8406e+05
1.8199e+05
1.799e+05
1.7779e+05
1.7568e+05
1.7355e+05
1.714e+05
1.6925e+05
1.6707e+05
1.6489e+05
1.6268e+05
1.6046e+05
1.5823e+05
1.5598e+05
1.5372e+05
1.5144e+05
1.4914e+05
1.4683e+05
1.445e+05
1.4216e+05
1.398e+05
1.3743e+05
1.3505e+05
1.3265e+05
1.3024e+05
1.2781e+05
1.2537e+05
1.2292e+05
1.2046e+05
1.1799e+05
1.1551e+05
1.1302e+05
1.1052e+05
1.0802e+05
1.0551e+05
1.03e+05
1.0048e+05
97960
95439
92918
90399
87882
85369
82863
80363
77873
75393
72925
70471
68033
65613
63211
60832
58475
56144
53840
51566
49323
47113
44939
42804
40708
38655
36646
34685
32772
30911
29105
27354
25662
24032
22464
20963
19530
18167
16878
15664
14528
13472
12498
11610
10809
10097
9477.9
8952.7
8524
8194.1
7965.1
7839.3
7818.9
7905.8
8102.2
8410.2
8831.6
9368.6
10023
10797
11691
12709
13851
15119
16514
18039
19695
21483
23404
25460
27652
29981
32448
35053
37799
40686
43714
46884
50196
53652
57252
60995
64883
68915
73091
77412
81877
86486
91238
96134
1.0117e+05
1.0635e+05
1.1168e+05
1.1714e+05
1.2274e+05
1.2849e+05
1.3437e+05
1.4039e+05
1.4654e+05
1.5283e+05
1.5925e+05
1.658e+05
1.7248e+05
1.7929e+05
1.8623e+05
1.9329e+05
2.0047e+05
2.0778e+05
2.152e+05
2.2274e+05
2.304e+05
2.3816e+05
2.4604e+05
2.5402e+05
2.621e+05
2.7029e+05
2.7857e+05
2.8695e+05
2.9543e+05
3.0399e+05
3.1264e+05
3.2137e+05
3.3018e+05
3.3907e+05
3.4804e+05
3.5707e+05
3.6617e+05
3.7534e+05
3.8456e+05
3.9384e+05
4.0318e+05
4.1256e+05
4.2198e+05
4.3145e+05
4.4096e+05
4.505e+05
4.6007e+05
4.6966e+05
4.7927e+05
4.8891e+05
4.9855e+05
5.0821e+05
5.1787e+05
5.2753e+05
5.3719e+05
5.4684e+05
5.5648e+05
5.6611e+05
5.7571e+05
5.853e+05
5.9485e+05
6.0437e+05
6.1386e+05
6.233e+05
6.327e+05
6.4205e+05
6.5135e+05
6.6059e+05
6.6978e+05
6.7889e+05
6.8794e+05
6.9691e+05
7.0581e+05
7.1462e+05
7.2335e+05
7.3199e+05
7.4054e+05
7.4899e+05
7.5734e+05
7.6559e+05
7.7373e+05
7.8176e+05
7.8967e+05
7.9747e+05
8.0514e+05
8.1269e+05
8.2011e+05
8.274e+05
8.3455e+05
8.4157e+05
8.4844e+05
8.5518e+05
8.6176e+05
8.682e+05
8.7448e+05
8.8061e+05
8.8658e+05
8.9239e+05
8.9804e+05
9.0353e+05
9.0884e+05
9.1399e+05
9.1897e+05
9.2377e+05
9.284e+05
9.3286e+05
9.3713e+05
9.4122e+05
9.4514e+05
9.4887e+05
9.5241e+05
9.5577e+05
9.5895e+05
9.6193e+05
9.6473e+05
9.6733e+05
9.6975e+05
9.7198e+05
9.7401e+05
9.7586e+05
9.7751e+05
9.7896e+05
9.8023e+05
9.813e+05
9.8218e+05
9.8287e+05
9.8336e+05
9.8367e+05
9.8378e+05
9.837e+05
9.8342e+05
9.8296e+05
9.8231e+05
9.8147e+05
9.8045e+05
9.7924e+05
9.7784e+05
9.7626e+05
9.7449e+05
9.7254e+05
9.7042e+05
9.6811e+05
9.6563e+05
9.6297e+05
9.6014e+05
9.5714e+05
9.5397e+05
9.5063e+05
9.4713e+05
9.4346e+05
9.3963e+05
9.3564e+05
9.315e+05
9.272e+05
9.2275e+05
9.1815e+05
9.134e+05
9.0851e+05
9.0348e+05
8.9831e+05
8.93e+05
8.8756e+05
8.8199e+05
8.7629e+05
8.7047e+05
8.6452e+05
8.5846e+05
8.5228e+05
8.4599e+05
8.3959e+05
8.3308e+05
8.2648e+05
8.1977e+05
8.1296e+05
8.0606e+05
7.9907e+05
7.92e+05
7.8484e+05
7.776e+05
7.7028e+05
7.6289e+05
7.5543e+05
7.4791e+05
7.4032e+05
7.3267e+05
7.2496e+05
7.1719e+05
7.0938e+05
7.0152e+05
6.9362e+05
6.8568e+05
6.7769e+05
6.6968e+05
6.6163e+05
6.5356e+05
6.4546e+05
6.3734e+05
6.292e+05
6.2105e+05
6.1288e+05
6.0471e+05
5.9653e+05
5.8835e+05
5.8017e+05
5.7199e+05
5.6381e+05
5.5565e+05
5.4749e+05
5.3936e+05
5.3123e+05
5.2313e+05
5.1505e+05
5.07e+05
4.9897e+05
4.9097e+05
4.8301e+05
4.7508e+05
4.6718e+05
4.5933e+05
4.5152e+05
4.4375e+05
4.3603e+05
4.2835e+05
4.2073e+05
4.1316e+05
4.0564e+05
3.9818e+05
3.9078e+05
3.8344e+05
3.7615e+05
3.6894e+05
3.6178e+05
3.5469e+05
3.4767e+05
3.4072e+05
3.3384e+05
3.2703e+05
3.2029e+05
3.1363e+05
3.0704e+05
3.0053e+05
2.941e+05
2.8774e+05
2.8146e+05
2.7527e+05
2.6915e+05
2.6311e+05
2.5716e+05
2.5129e+05
2.455e+05
2.398e+05
2.3418e+05
2.2865e+05
2.232e+05
2.1783e+05
2.1255e+05
2.0736e+05
2.0225e+05
1.9723e+05
1.9229e+05
1.8744e+05
1.8268e+05
1.78e+05
1.734e+05
1.6889e+05
1.6447e+05
1.6013e+05
1.5587e+05
1.517e+05
1.4761e+05
1.4361e+05
1.3969e+05
1.3585e+05
1.3209e+05
1.2841e+05
1.2481e+05
1.2129e+05
1.1785e+05
1.1449e+05
1.112e+05
1.08e+05
1.0486e+05
1.0181e+05
98822
95911
93072
90304
87606
84977
82416
79922
77495
75132
72832
70596
68421
66307
64252
62255
60316
58432
56603
54828
53105
51433
49811
48238
46713
45234
43800
42411
41065
39760
38496
37271
36085
34935
33822
32743
31699
30686
29706
28755
27834
26941
26076
25236
24422
23632
22864
22119
21395
20691
20007
19340
18691
18059
17442
16841
16253
15678
15116
14565
14025
13496
12976
12464
11961
11465
10976
10493
10016
9543.3
9075.6
8611.8
8151.4
7694.1
7239.2
6786.5
6335.3
5885.5
5436.4
4987.9
4539.4
4090.8
3641.7
3191.8
2740.9
2288.6
1834.8
1379.2
921.7
462.01
0
