7.0785e+05
7.1363e+05
7.194e+05
7.2516e+05
7.3091e+05
7.3665e+05
7.4238e+05
7.4812e+05
7.5384e+05
7.5957e+05
7.6529e+05
7.7101e+05
7.7673e+05
7.8244e+05
7.8814e+05
7.9384e+05
7.9952e+05
8.0519e+05
8.1085e+05
8.1649e+05
8.221e+05
8.2769e+05
8.3326e+05
8.3878e+05
8.4427e+05
8.4972e+05
8.5512e+05
8.6047e+05
8.6576e+05
8.7099e+05
8.7616e+05
8.8125e+05
8.8627e+05
8.9121e+05
8.9606e+05
9.0082e+05
9.0548e+05
9.1004e+05
9.145e+05
9.1885e+05
9.2308e+05
9.272e+05
9.3119e+05
9.3505e+05
9.3878e+05
9.4238e+05
9.4585e+05
9.4917e+05
9.5235e+05
9.5538e+05
9.5827e+05
9.6101e+05
9.6359e+05
9.6602e+05
9.683e+05
9.7042e+05
9.7238e+05
9.7419e+05
9.7584e+05
9.7733e+05
9.7866e+05
9.7984e+05
9.8086e+05
9.8173e+05
9.8244e+05
9.83e+05
9.8341e+05
9.8367e+05
9.8378e+05
9.8374e+05
9.8356e+05
9.8324e+05
9.8278e+05
9.8219e+05
9.8146e+05
9.806e+05
9.7961e+05
9.7849e+05
9.7726e+05
9.759e+05
9.7443e+05
9.7285e+05
9.7116e+05
9.6936e+05
9.6745e+05
9.6545e+05
9.6335e+05
9.6116e+05
9.5888e+05
9.5651e+05
9.5405e+05
9.5152e+05
9.489e+05
9.4621e+05
9.4345e+05
9.4062e+05
9.3772e+05
9.3476e+05
9.3174e+05
9.2866e+05
9.2553e+05
9.2234e+05
9.191e+05
9.1581e+05
9.1247e+05
9.0909e+05
9.0567e+05
9.022e+05
8.987e+05
8.9516e+05
8.9159e+05
8.8798e+05
8.8434e+05
8.8068e+05
8.7698e+05
8.7325e+05
8.6951e+05
8.6573e+05
8.6194e+05
8.5812e+05
8.5428e+05
8.5042e+05
8.4655e+05
8.4265e+05
8.3875e+05
8.3482e+05
8.3089e+05
8.2693e+05
8.2297e+05
8.19e+05
8.1501e+05
8.1102e+05
8.0702e+05
8.0301e+05
7.9899e+05
7.9497e+05
7.9094e+05
7.8691e+05
7.8288e+05
7.7884e+05
7.748e+05
7.7076e+05
7.6672e+05
7.6268e+05
7.5864e+05
7.546e+05
7.5057e+05
7.4654e+05
7.4252e+05
7.385e+05
7.3449e+05
7.3048e+05
7.2649e+05
7.225e+05
7.1853e+05
7.1456e+05
7.1061e+05
7.0667e+05
7.0274e+05
6.9883e+05
6.9494e+05
6.9106e+05
6.872e+05
6.8336e+05
6.7953e+05
6.7573e+05
6.7195e+05
6.6819e+05
6.6445e+05
6.6074e+05
6.5705e+05
6.5339e+05
6.4976e+05
6.4615e+05
6.4257e+05
6.3902e+05
6.355e+05
6.3201e+05
6.2855e+05
6.2513e+05
6.2174e+05
6.1838e+05
6.1506e+05
6.1177e+05
6.0852e+05
6.053e+05
6.0212e+05
5.9898e+05
5.9588e+05
5.9282e+05
5.8979e+05
5.8681e+05
5.8387e+05
5.8097e+05
5.7811e+05
5.7529e+05
5.7252e+05
5.6978e+05
5.6709e+05
5.6445e+05
5.6184e+05
5.5928e+05
5.5677e+05
5.543e+05
5.5187e+05
5.4949e+05
5.4715e+05
5.4486e+05
5.4261e+05
5.4041e+05
5.3825e+05
5.3614e+05
5.3407e+05
5.3205e+05
5.3007e+05
5.2814e+05
5.2625e+05
5.244e+05
5.2261e+05
5.2085e+05
5.1915e+05
5.1748e+05
5.1586e+05
5.1429e+05
5.1276e+05
5.1127e+05
5.0983e+05
5.0843e+05
5.0708e+05
5.0577e+05
5.045e+05
5.0327e+05
5.0209e+05
5.0096e+05
4.9986e+05
4.9881e+05
4.978e+05
4.9684e+05
4.9591e+05
4.9503e+05
4.9419e+05
4.9339e+05
4.9264e+05
4.9193e+05
4.9125e+05
4.9063e+05
4.9004e+05
4.8949e+05
4.8898e+05
4.8852e+05
4.881e+05
4.8771e+05
4.8737e+05
4.8707e+05
4.8681e+05
4.8658e+05
4.864e+05
4.8626e+05
4.8616e+05
4.8609e+05
4.8607e+05
4.8608e+05
4.8613e+05
4.8622e+05
4.8635e+05
4.8651e+05
4.8671e+05
4.8695e+05
4.8722e+05
4.8753e+05
4.8788e+05
4.8825e+05
4.8866e+05
4.8911e+05
4.8959e+05
4.9009e+05
4.9063e+05
4.9121e+05
4.9181e+05
4.9244e+05
4.9309e+05
4.9378e+05
4.9449e+05
4.9523e+05
4.96e+05
4.9678e+05
4.976e+05
4.9843e+05
4.9929e+05
5.0016e+05
5.0106e+05
5.0197e+05
5.0291e+05
5.0386e+05
5.0482e+05
5.0581e+05
5.068e+05
5.0781e+05
5.0883e+05
5.0987e+05
5.1091e+05
5.1197e+05
5.1303e+05
5.1411e+05
5.1519e+05
5.1628e+05
5.1737e+05
5.1848e+05
5.1958e+05
5.207e+05
5.2181e+05
5.2293e+05
5.2406e+05
5.2519e+05
5.2632e+05
5.2746e+05
5.286e+05
5.2974e+05
5.3089e+05
5.3204e+05
5.3319e+05
5.3435e+05
5.3551e+05
5.3668e+05
5.3785e+05
5.3902e+05
5.4021e+05
5.4139e+05
5.4259e+05
5.438e+05
5.4501e+05
5.4623e+05
5.4746e+05
5.4871e+05
5.4997e+05
5.5124e+05
5.5252e+05
5.5382e+05
5.5514e+05
5.5647e+05
5.5782e+05
5.592e+05
5.6059e+05
5.6201e+05
5.6345e+05
5.6491e+05
5.664e+05
5.6792e+05
5.6946e+05
5.7103e+05
5.7263e+05
5.7427e+05
5.7593e+05
5.7763e+05
5.7936e+05
5.8112e+05
5.8292e+05
5.8475e+05
5.8662e+05
5.8853e+05
5.9047e+05
5.9245e+05
5.9447e+05
5.9652e+05
5.9861e+05
6.0074e+05
6.029e+05
6.0511e+05
6.0734e+05
6.0961e+05
6.1192e+05
6.1426e+05
6.1664e+05
6.1905e+05
6.2148e+05
6.2395e+05
6.2645e+05
6.2897e+05
6.3152e+05
6.3409e+05
6.3669e+05
6.3931e+05
6.4194e+05
6.4459e+05
6.4726e+05
6.4993e+05
6.5262e+05
6.5532e+05
6.5802e+05
6.6072e+05
6.6342e+05
6.6613e+05
6.6882e+05
6.7151e+05
6.7419e+05
6.7685e+05
6.795e+05
6.8213e+05
6.8474e+05
6.8733e+05
6.8989e+05
6.9241e+05
6.9491e+05
6.9737e+05
6.998e+05
7.0218e+05
7.0452e+05
7.0682e+05
7.0906e+05
7.1126e+05
7.1341e+05
7.155e+05
7.1753e+05
7.1951e+05
7.2142e+05
7.2327e+05
7.2506e+05
7.2678e+05
7.2843e+05
7.3001e+05
7.3152e+05
7.3296e+05
7.3433e+05
7.3562e+05
7.3684e+05
7.3798e+05
7.3905e+05
7.4004e+05
7.4095e+05
7.4178e+05
7.4253e+05
7.4321e+05
7.4381e+05
7.4433e+05
7.4478e+05
7.4514e+05
7.4543e+05
7.4565e+05
7.4579e+05
7.4585e+05
7.4585e+05
7.4577e+05
7.4561e+05
7.4539e+05
7.451e+05
7.4474e+05
7.4432e+05
7.4383e+05
7.4327e+05
7.4266e+05
7.4198e+05
7.4125e+05
7.4046e+05
7.3961e+05
7.3871e+05
7.3776e+05
7.3676e+05
7.3571e+05
7.3461e+05
7.3347e+05
7.3228e+05
7.3105e+05
7.2979e+05
7.2848e+05
7.2714e+05
7.2576e+05
7.2435e+05
7.2291e+05
7.2144e+05
7.1994e+05
7.1841e+05
7.1686e+05
7.1528e+05
7.1367e+05
7.1205e+05
7.104e+05
7.0874e+05
7.0705e+05
7.0535e+05
7.0363e+05
7.0189e+05
7.0014e+05
6.9837e+05
6.9658e+05
6.9479e+05
6.9298e+05
6.9115e+05
6.8932e+05
6.8747e+05
6.8561e+05
6.8374e+05
6.8186e+05
6.7996e+05
6.7805e+05
6.7614e+05
6.7421e+05
6.7226e+05
6.7031e+05
6.6835e+05
6.6637e+05
6.6438e+05
6.6238e+05
6.6036e+05
6.5833e+05
6.5629e+05
6.5423e+05
6.5216e+05
6.5008e+05
6.4798e+05
6.4586e+05
6.4373e+05
6.4158e+05
6.3941e+05
6.3723e+05
6.3503e+05
6.3281e+05
6.3057e+05
6.2832e+05
6.2605e+05
6.2375e+05
6.2144e+05
6.1911e+05
6.1675e+05
6.1438e+05
6.1199e+05
6.0957e+05
6.0713e+05
6.0468e+05
6.022e+05
5.997e+05
5.9718e+05
5.9463e+05
5.9207e+05
5.8948e+05
5.8687e+05
5.8425e+05
5.8159e+05
5.7892e+05
5.7623e+05
5.7352e+05
5.7078e+05
5.6803e+05
5.6525e+05
5.6246e+05
5.5964e+05
5.5681e+05
5.5395e+05
5.5108e+05
5.4819e+05
5.4528e+05
5.4235e+05
5.3941e+05
5.3645e+05
5.3347e+05
5.3047e+05
5.2746e+05
5.2444e+05
5.214e+05
5.1834e+05
5.1527e+05
5.1219e+05
5.0909e+05
5.0598e+05
5.0286e+05
4.9972e+05
4.9657e+05
4.9342e+05
4.9025e+05
4.8707e+05
4.8388e+05
4.8068e+05
4.7747e+05
4.7425e+05
4.7102e+05
4.6778e+05
4.6454e+05
4.6129e+05
4.5803e+05
4.5476e+05
4.5149e+05
4.4821e+05
4.4492e+05
4.4163e+05
4.3833e+05
4.3503e+05
4.3172e+05
4.2841e+05
4.2509e+05
4.2177e+05
4.1844e+05
4.1511e+05
4.1177e+05
4.0844e+05
4.0509e+05
4.0175e+05
3.984e+05
3.9505e+05
3.917e+05
3.8835e+05
3.8499e+05
3.8163e+05
3.7827e+05
3.7491e+05
3.7155e+05
3.6819e+05
3.6483e+05
3.6146e+05
3.581e+05
3.5474e+05
3.5138e+05
3.4802e+05
3.4466e+05
3.413e+05
3.3795e+05
3.3459e+05
3.3124e+05
3.2789e+05
3.2454e+05
3.212e+05
3.1786e+05
3.1453e+05
3.112e+05
3.0787e+05
3.0455e+05
3.0123e+05
2.9792e+05
2.9462e+05
2.9132e+05
2.8802e+05
2.8474e+05
2.8146e+05
2.7819e+05
2.7493e+05
2.7167e+05
2.6843e+05
2.6519e+05
2.6196e+05
2.5874e+05
2.5554e+05
2.5234e+05
2.4915e+05
2.4597e+05
2.4281e+05
2.3965e+05
2.3651e+05
2.3338e+05
2.3026e+05
2.2715e+05
2.2406e+05
2.2098e+05
2.1791e+05
2.1485e+05
2.1181e+05
2.0878e+05
2.0577e+05
2.0277e+05
1.9978e+05
1.9681e+05
1.9385e+05
1.9091e+05
1.8798e+05
1.8507e+05
1.8217e+05
1.7928e+05
1.7641e+05
1.7356e+05
1.7072e+05
1.6789e+05
1.6508e+05
1.6229e+05
1.5951e+05
1.5675e+05
1.54e+05
1.5127e+05
1.4855e+05
1.4584e+05
1.4316e+05
1.4048e+05
1.3783e+05
1.3518e+05
1.3256e+05
1.2994e+05
1.2734e+05
1.2476e+05
1.2219e+05
1.1964e+05
1.171e+05
1.1458e+05
1.1207e+05
1.0958e+05
1.071e+05
1.0463e+05
1.0218e+05
99745
97324
94917
92524
90146
87782
85433
83098
80777
78471
76179
73902
71639
69390
67155
64935
62730
60538
58362
56199
54052
51919
49800
47696
45607
43533
41473
39428
37398
35383
33383
31398
29428
27474
25534
23610
21701
19807
17928
16065
14218
12386
10570
8768.8
6983.6
5214.1
3460.3
1722.3
0
