35642
38068
40508
42962
45431
47913
50410
52920
55445
57983
60536
63102
65682
68276
70884
73506
76141
78790
81453
84130
86820
89524
92242
94973
97718
1.0048e+05
1.0325e+05
1.0603e+05
1.0883e+05
1.1164e+05
1.1447e+05
1.1731e+05
1.2016e+05
1.2302e+05
1.259e+05
1.2879e+05
1.317e+05
1.3461e+05
1.3754e+05
1.4049e+05
1.4344e+05
1.4641e+05
1.4939e+05
1.5238e+05
1.5538e+05
1.584e+05
1.6143e+05
1.6447e+05
1.6752e+05
1.7059e+05
1.7366e+05
1.7675e+05
1.7985e+05
1.8296e+05
1.8608e+05
1.8921e+05
1.9235e+05
1.955e+05
1.9866e+05
2.0184e+05
2.0502e+05
2.0821e+05
2.1142e+05
2.1463e+05
2.1785e+05
2.2108e+05
2.2432e+05
2.2757e+05
2.3083e+05
2.3409e+05
2.3737e+05
2.4065e+05
2.4394e+05
2.4724e+05
2.5055e+05
2.5386e+05
2.5718e+05
2.6051e+05
2.6385e+05
2.6719e+05
2.7054e+05
2.739e+05
2.7726e+05
2.8062e+05
2.84e+05
2.8738e+05
2.9076e+05
2.9415e+05
2.9755e+05
3.0095e+05
3.0435e+05
3.0776e+05
3.1118e+05
3.146e+05
3.1802e+05
3.2144e+05
3.2487e+05
3.2831e+05
3.3175e+05
3.3519e+05
3.3863e+05
3.4208e+05
3.4553e+05
3.4898e+05
3.5243e+05
3.5589e+05
3.5935e+05
3.6281e+05
3.6628e+05
3.6974e+05
3.7321e+05
3.7668e+05
3.8015e+05
3.8362e+05
3.8709e+05
3.9056e+05
3.9403e+05
3.9751e+05
4.0098e+05
4.0446e+05
4.0793e+05
4.114e+05
4.1488e+05
4.1835e+05
4.2183e+05
4.253e+05
4.2877e+05
4.3225e+05
4.3572e+05
4.3919e+05
4.4266e+05
4.4612e+05
4.4959e+05
4.5305e+05
4.5652e+05
4.5998e+05
4.6344e+05
4.6689e+05
4.7035e+05
4.738e+05
4.7725e+05
4.807e+05
4.8414e+05
4.8758e+05
4.9102e+05
4.9446e+05
4.9789e+05
5.0132e+05
5.0474e+05
5.0816e+05
5.1158e+05
5.1499e+05
5.184e+05
5.2181e+05
5.2521e+05
5.286e+05
5.3199e+05
5.3538e+05
5.3876e+05
5.4213e+05
5.455e+05
5.4887e+05
5.5223e+05
5.5558e+05
5.5893e+05
5.6227e+05
5.656e+05
5.6893e+05
5.7225e+05
5.7556e+05
5.7887e+05
5.8217e+05
5.8546e+05
5.8875e+05
5.9203e+05
5.953e+05
5.9856e+05
6.0181e+05
6.0506e+05
6.083e+05
6.1152e+05
6.1474e+05
6.1795e+05
6.2116e+05
6.2435e+05
6.2753e+05
6.3071e+05
6.3387e+05
6.3702e+05
6.4017e+05
6.433e+05
6.4642e+05
6.4954e+05
6.5264e+05
6.5573e+05
6.5881e+05
6.6188e+05
6.6494e+05
6.6799e+05
6.7103e+05
6.7405e+05
6.7706e+05
6.8006e+05
6.8305e+05
6.8603e+05
6.8899e+05
6.9195e+05
6.9489e+05
6.9781e+05
7.0073e+05
7.0363e+05
7.0652e+05
7.094e+05
7.1226e+05
7.1511e+05
7.1795e+05
7.2077e+05
7.2358e+05
7.2638e+05
7.2917e+05
7.3194e+05
7.3469e+05
7.3744e+05
7.4017e+05
7.4288e+05
7.4559e+05
7.4827e+05
7.5095e+05
7.5361e+05
7.5626e+05
7.5889e+05
7.6151e+05
7.6412e+05
7.6671e+05
7.6928e+05
7.7185e+05
7.744e+05
7.7693e+05
7.7945e+05
7.8196e+05
7.8445e+05
7.8693e+05
7.894e+05
7.9185e+05
7.9429e+05
7.9671e+05
7.9912e+05
8.0152e+05
8.039e+05
8.0627e+05
8.0862e+05
8.1096e+05
8.1329e+05
8.156e+05
8.179e+05
8.2019e+05
8.2246e+05
8.2472e+05
8.2696e+05
8.292e+05
8.3141e+05
8.3362e+05
8.3581e+05
8.3799e+05
8.4016e+05
8.4231e+05
8.4445e+05
8.4657e+05
8.4868e+05
8.5078e+05
8.5287e+05
8.5494e+05
8.57e+05
8.5905e+05
8.6108e+05
8.631e+05
8.6511e+05
8.671e+05
8.6909e+05
8.7106e+05
8.7301e+05
8.7495e+05
8.7688e+05
8.788e+05
8.807e+05
8.8259e+05
8.8447e+05
8.8634e+05
8.8819e+05
8.9002e+05
8.9185e+05
8.9366e+05
8.9546e+05
8.9724e+05
8.9901e+05
9.0077e+05
9.0252e+05
9.0425e+05
9.0596e+05
9.0766e+05
9.0935e+05
9.1103e+05
9.1269e+05
9.1433e+05
9.1597e+05
9.1758e+05
9.1919e+05
9.2077e+05
9.2235e+05
9.239e+05
9.2545e+05
9.2697e+05
9.2848e+05
9.2998e+05
9.3146e+05
9.3293e+05
9.3437e+05
9.3581e+05
9.3722e+05
9.3862e+05
9.4e+05
9.4136e+05
9.4271e+05
9.4404e+05
9.4535e+05
9.4665e+05
9.4792e+05
9.4918e+05
9.5042e+05
9.5164e+05
9.5284e+05
9.5402e+05
9.5519e+05
9.5633e+05
9.5745e+05
9.5855e+05
9.5964e+05
9.607e+05
9.6174e+05
9.6276e+05
9.6376e+05
9.6473e+05
9.6569e+05
9.6662e+05
9.6753e+05
9.6842e+05
9.6929e+05
9.7013e+05
9.7095e+05
9.7175e+05
9.7252e+05
9.7327e+05
9.7399e+05
9.747e+05
9.7537e+05
9.7602e+05
9.7665e+05
9.7725e+05
9.7783e+05
9.7838e+05
9.789e+05
9.794e+05
9.7987e+05
9.8032e+05
9.8074e+05
9.8114e+05
9.815e+05
9.8184e+05
9.8216e+05
9.8244e+05
9.827e+05
9.8293e+05
9.8313e+05
9.8331e+05
9.8346e+05
9.8358e+05
9.8367e+05
9.8373e+05
9.8377e+05
9.8378e+05
9.8376e+05
9.8371e+05
9.8363e+05
9.8352e+05
9.8339e+05
9.8322e+05
9.8303e+05
9.8281e+05
9.8256e+05
9.8228e+05
9.8197e+05
9.8164e+05
9.8127e+05
9.8088e+05
9.8046e+05
9.8001e+05
9.7953e+05
9.7902e+05
9.7848e+05
9.7792e+05
9.7733e+05
9.7671e+05
9.7606e+05
9.7538e+05
9.7468e+05
9.7394e+05
9.7318e+05
9.7239e+05
9.7158e+05
9.7074e+05
9.6987e+05
9.6897e+05
9.6804e+05
9.6709e+05
9.6612e+05
9.6511e+05
9.6408e+05
9.6303e+05
9.6194e+05
9.6084e+05
9.597e+05
9.5855e+05
9.5736e+05
9.5615e+05
9.5492e+05
9.5366e+05
9.5238e+05
9.5107e+05
9.4974e+05
9.4839e+05
9.4701e+05
9.4561e+05
9.4419e+05
9.4274e+05
9.4127e+05
9.3978e+05
9.3827e+05
9.3673e+05
9.3518e+05
9.336e+05
9.32e+05
9.3038e+05
9.2874e+05
9.2708e+05
9.2539e+05
9.2369e+05
9.2197e+05
9.2023e+05
9.1847e+05
9.1669e+05
9.1489e+05
9.1307e+05
9.1124e+05
9.0938e+05
9.0751e+05
9.0562e+05
9.0371e+05
9.0179e+05
8.9985e+05
8.9789e+05
8.9591e+05
8.9392e+05
8.9191e+05
8.8988e+05
8.8784e+05
8.8578e+05
8.8371e+05
8.8162e+05
8.7952e+05
8.774e+05
8.7526e+05
8.7311e+05
8.7095e+05
8.6877e+05
8.6658e+05
8.6437e+05
8.6215e+05
8.5991e+05
8.5766e+05
8.554e+05
8.5312e+05
8.5083e+05
8.4853e+05
8.4621e+05
8.4388e+05
8.4153e+05
8.3917e+05
8.368e+05
8.3442e+05
8.3202e+05
8.2962e+05
8.2719e+05
8.2476e+05
8.2231e+05
8.1985e+05
8.1738e+05
8.149e+05
8.124e+05
8.0989e+05
8.0737e+05
8.0484e+05
8.023e+05
7.9974e+05
7.9717e+05
7.9459e+05
7.92e+05
7.8939e+05
7.8678e+05
7.8415e+05
7.8151e+05
7.7885e+05
7.7619e+05
7.7352e+05
7.7083e+05
7.6813e+05
7.6542e+05
7.627e+05
7.5996e+05
7.5722e+05
7.5446e+05
7.5169e+05
7.4891e+05
7.4612e+05
7.4332e+05
7.4051e+05
7.3768e+05
7.3484e+05
7.32e+05
7.2914e+05
7.2627e+05
7.2338e+05
7.2049e+05
7.1759e+05
7.1467e+05
7.1174e+05
7.088e+05
7.0586e+05
7.0289e+05
6.9992e+05
6.9694e+05
6.9395e+05
6.9094e+05
6.8793e+05
6.849e+05
6.8187e+05
6.7882e+05
6.7577e+05
6.727e+05
6.6962e+05
6.6653e+05
6.6343e+05
6.6032e+05
6.572e+05
6.5408e+05
6.5094e+05
6.4779e+05
6.4463e+05
6.4146e+05
6.3828e+05
6.351e+05
6.319e+05
6.2869e+05
6.2548e+05
6.2225e+05
6.1902e+05
6.1578e+05
6.1253e+05
6.0927e+05
6.06e+05
6.0273e+05
5.9944e+05
5.9615e+05
5.9285e+05
5.8954e+05
5.8623e+05
5.8291e+05
5.7958e+05
5.7624e+05
5.7289e+05
5.6954e+05
5.6618e+05
5.6282e+05
5.5945e+05
5.5607e+05
5.5269e+05
5.493e+05
5.459e+05
5.425e+05
5.3909e+05
5.3568e+05
5.3226e+05
5.2884e+05
5.2541e+05
5.2198e+05
5.1854e+05
5.151e+05
5.1165e+05
5.082e+05
5.0475e+05
5.0129e+05
4.9783e+05
4.9436e+05
4.9089e+05
4.8742e+05
4.8394e+05
4.8047e+05
4.7698e+05
4.735e+05
4.7001e+05
4.6652e+05
4.6303e+05
4.5954e+05
4.5604e+05
4.5255e+05
4.4905e+05
4.4555e+05
4.4204e+05
4.3854e+05
4.3503e+05
4.3153e+05
4.2802e+05
4.2451e+05
4.21e+05
4.1749e+05
4.1398e+05
4.1047e+05
4.0695e+05
4.0344e+05
3.9993e+05
3.9641e+05
3.929e+05
3.8938e+05
3.8587e+05
3.8235e+05
3.7884e+05
3.7532e+05
3.7181e+05
3.6829e+05
3.6478e+05
3.6126e+05
3.5775e+05
3.5423e+05
3.5072e+05
3.4721e+05
3.4369e+05
3.4018e+05
3.3667e+05
3.3315e+05
3.2964e+05
3.2613e+05
3.2262e+05
3.191e+05
3.1559e+05
3.1208e+05
3.0857e+05
3.0506e+05
3.0155e+05
2.9804e+05
2.9453e+05
2.9102e+05
2.8751e+05
2.84e+05
2.8049e+05
2.7698e+05
2.7347e+05
2.6995e+05
2.6644e+05
2.6293e+05
2.5942e+05
2.5591e+05
2.524e+05
2.4888e+05
2.4537e+05
2.4186e+05
2.3834e+05
2.3483e+05
2.3131e+05
2.278e+05
2.2428e+05
2.2076e+05
2.1724e+05
2.1372e+05
2.102e+05
2.0668e+05
2.0316e+05
1.9963e+05
1.961e+05
1.9258e+05
1.8905e+05
1.8552e+05
1.8199e+05
1.7846e+05
1.7492e+05
1.7139e+05
1.6785e+05
1.6431e+05
1.6077e+05
1.5723e+05
1.5368e+05
1.5014e+05
1.4659e+05
1.4304e+05
1.3949e+05
1.3594e+05
1.3238e+05
1.2883e+05
1.2527e+05
1.2171e+05
1.1815e+05
1.1458e+05
1.1102e+05
1.0745e+05
1.0388e+05
1.0032e+05
96744
93171
89597
86021
82444
78866
75286
71706
68124
64541
60957
57373
53788
50202
46615
43028
39441
35854
32267
28679
25092
21505
17919
14333
10748
7164.4
3581.6
0
