94122
97053
1.0006e+05
1.0314e+05
1.0629e+05
1.0951e+05
1.1279e+05
1.1612e+05
1.1952e+05
1.2296e+05
1.2645e+05
1.2998e+05
1.3355e+05
1.3716e+05
1.4079e+05
1.4445e+05
1.4813e+05
1.5183e+05
1.5554e+05
1.5926e+05
1.6298e+05
1.6671e+05
1.7042e+05
1.7413e+05
1.7783e+05
1.815e+05
1.8516e+05
1.8879e+05
1.9239e+05
1.9596e+05
1.9949e+05
2.0298e+05
2.0643e+05
2.0982e+05
2.1317e+05
2.1646e+05
2.197e+05
2.2287e+05
2.2599e+05
2.2903e+05
2.3201e+05
2.3492e+05
2.3775e+05
2.4051e+05
2.432e+05
2.458e+05
2.4833e+05
2.5077e+05
2.5314e+05
2.5541e+05
2.5761e+05
2.5972e+05
2.6175e+05
2.6369e+05
2.6554e+05
2.6731e+05
2.6899e+05
2.7059e+05
2.721e+05
2.7353e+05
2.7487e+05
2.7613e+05
2.7731e+05
2.7841e+05
2.7943e+05
2.8037e+05
2.8124e+05
2.8203e+05
2.8274e+05
2.8339e+05
2.8397e+05
2.8448e+05
2.8492e+05
2.853e+05
2.8562e+05
2.8589e+05
2.8609e+05
2.8624e+05
2.8634e+05
2.8639e+05
2.864e+05
2.8636e+05
2.8628e+05
2.8616e+05
2.86e+05
2.8581e+05
2.8558e+05
2.8533e+05
2.8505e+05
2.8475e+05
2.8442e+05
2.8408e+05
2.8371e+05
2.8334e+05
2.8294e+05
2.8254e+05
2.8213e+05
2.8171e+05
2.8128e+05
2.8086e+05
2.8043e+05
2.7999e+05
2.7957e+05
2.7914e+05
2.7872e+05
2.783e+05
2.7789e+05
2.7749e+05
2.7709e+05
2.7671e+05
2.7633e+05
2.7597e+05
2.7561e+05
2.7527e+05
2.7494e+05
2.7463e+05
2.7433e+05
2.7404e+05
2.7376e+05
2.735e+05
2.7325e+05
2.7301e+05
2.7279e+05
2.7257e+05
2.7237e+05
2.7218e+05
2.7201e+05
2.7184e+05
2.7168e+05
2.7153e+05
2.7139e+05
2.7125e+05
2.7113e+05
2.71e+05
2.7089e+05
2.7077e+05
2.7066e+05
2.7055e+05
2.7044e+05
2.7033e+05
2.7022e+05
2.7011e+05
2.6999e+05
2.6987e+05
2.6974e+05
2.6961e+05
2.6946e+05
2.6931e+05
2.6915e+05
2.6898e+05
2.6879e+05
2.6859e+05
2.6838e+05
2.6816e+05
2.6791e+05
2.6765e+05
2.6738e+05
2.6708e+05
2.6676e+05
2.6643e+05
2.6607e+05
2.657e+05
2.653e+05
2.6487e+05
2.6443e+05
2.6396e+05
2.6346e+05
2.6294e+05
2.624e+05
2.6183e+05
2.6123e+05
2.6061e+05
2.5996e+05
2.5928e+05
2.5858e+05
2.5784e+05
2.5708e+05
2.5629e+05
2.5548e+05
2.5463e+05
2.5376e+05
2.5285e+05
2.5192e+05
2.5096e+05
2.4997e+05
2.4895e+05
2.4791e+05
2.4683e+05
2.4572e+05
2.4459e+05
2.4343e+05
2.4224e+05
2.4102e+05
2.3977e+05
2.3849e+05
2.3718e+05
2.3585e+05
2.3449e+05
2.3309e+05
2.3167e+05
2.3022e+05
2.2875e+05
2.2724e+05
2.2571e+05
2.2415e+05
2.2256e+05
2.2094e+05
2.193e+05
2.1762e+05
2.1592e+05
2.142e+05
2.1244e+05
2.1066e+05
2.0885e+05
2.0701e+05
2.0514e+05
2.0325e+05
2.0133e+05
1.9939e+05
1.9742e+05
1.9542e+05
1.934e+05
1.9135e+05
1.8927e+05
1.8718e+05
1.8505e+05
1.829e+05
1.8073e+05
1.7854e+05
1.7632e+05
1.7408e+05
1.7181e+05
1.6953e+05
1.6722e+05
1.649e+05
1.6256e+05
1.6019e+05
1.5781e+05
1.5542e+05
1.53e+05
1.5058e+05
1.4814e+05
1.4568e+05
1.4322e+05
1.4074e+05
1.3825e+05
1.3576e+05
1.3326e+05
1.3076e+05
1.2825e+05
1.2574e+05
1.2323e+05
1.2072e+05
1.1821e+05
1.157e+05
1.1321e+05
1.1072e+05
1.0823e+05
1.0576e+05
1.0331e+05
1.0086e+05
98439
96031
93644
91280
88939
86625
84339
82083
79859
77668
75513
73396
71318
69280
67286
65336
63431
61575
59767
58010
56304
54652
53054
51512
50026
48598
47228
45917
44666
43475
42345
41275
40267
39320
38435
37610
36846
36142
35498
34913
34387
33917
33504
33146
32842
32590
32389
32236
32131
32072
32055
32080
32143
32244
32378
32544
32739
32960
33205
33471
33754
34053
34364
34684
35010
35339
35668
35994
36314
36625
36925
37209
37475
37721
37943
38140
38307
38444
38546
38613
38642
38630
38577
38479
38337
38147
37910
37623
37286
36899
36460
35970
35428
34835
34191
33497
32753
31961
31122
30237
29309
28339
27330
26285
25205
24095
22958
21797
20616
19419
18211
16996
15778
14564
13357
12164
10989
9840.1
8721.6
7640.2
6602.2
5614.1
4682.5
3814.3
3016.4
2295.8
1659.7
1115.2
669.56
330.23
104.57
0
23.95
183.86
487.17
941.26
1553.5
2331.2
3281.5
4411.6
5728.5
7239
8950.1
10868
13000
15351
17928
20737
23782
27071
30607
34395
38440
42747
47318
52159
57271
62658
68322
74266
80491
86999
93790
1.0087e+05
1.0823e+05
1.1587e+05
1.238e+05
1.3201e+05
1.405e+05
1.4927e+05
1.5832e+05
1.6764e+05
1.7723e+05
1.8708e+05
1.972e+05
2.0758e+05
2.1821e+05
2.2909e+05
2.402e+05
2.5156e+05
2.6314e+05
2.7494e+05
2.8695e+05
2.9917e+05
3.1159e+05
3.242e+05
3.3698e+05
3.4993e+05
3.6304e+05
3.7631e+05
3.8971e+05
4.0323e+05
4.1688e+05
4.3063e+05
4.4447e+05
4.5839e+05
4.7239e+05
4.8644e+05
5.0053e+05
5.1466e+05
5.288e+05
5.4295e+05
5.5709e+05
5.7121e+05
5.8529e+05
5.9933e+05
6.133e+05
6.272e+05
6.41e+05
6.5471e+05
6.683e+05
6.8176e+05
6.9507e+05
7.0823e+05
7.2121e+05
7.3402e+05
7.4662e+05
7.5902e+05
7.712e+05
7.8314e+05
7.9483e+05
8.0627e+05
8.1743e+05
8.2831e+05
8.389e+05
8.4919e+05
8.5916e+05
8.688e+05
8.7812e+05
8.8708e+05
8.957e+05
9.0395e+05
9.1184e+05
9.1934e+05
9.2646e+05
9.3319e+05
9.3952e+05
9.4544e+05
9.5096e+05
9.5606e+05
9.6074e+05
9.6499e+05
9.6882e+05
9.7222e+05
9.7518e+05
9.7771e+05
9.798e+05
9.8145e+05
9.8267e+05
9.8344e+05
9.8378e+05
9.8367e+05
9.8314e+05
9.8216e+05
9.8076e+05
9.7893e+05
9.7667e+05
9.7398e+05
9.7088e+05
9.6737e+05
9.6345e+05
9.5913e+05
9.5441e+05
9.493e+05
9.4381e+05
9.3794e+05
9.317e+05
9.251e+05
9.1816e+05
9.1086e+05
9.0324e+05
8.9529e+05
8.8702e+05
8.7845e+05
8.6958e+05
8.6043e+05
8.51e+05
8.4131e+05
8.3136e+05
8.2118e+05
8.1076e+05
8.0013e+05
7.8928e+05
7.7825e+05
7.6702e+05
7.5563e+05
7.4408e+05
7.3237e+05
7.2054e+05
7.0857e+05
6.965e+05
6.8432e+05
6.7206e+05
6.5972e+05
6.4731e+05
6.3485e+05
6.2235e+05
6.0982e+05
5.9727e+05
5.8471e+05
5.7216e+05
5.5961e+05
5.471e+05
5.3461e+05
5.2218e+05
5.0979e+05
4.9748e+05
4.8523e+05
4.7307e+05
4.61e+05
4.4903e+05
4.3718e+05
4.2544e+05
4.1382e+05
4.0234e+05
3.9099e+05
3.798e+05
3.6876e+05
3.5787e+05
3.4716e+05
3.3661e+05
3.2624e+05
3.1606e+05
3.0606e+05
2.9625e+05
2.8663e+05
2.7721e+05
2.68e+05
2.5899e+05
2.5018e+05
2.4159e+05
2.3321e+05
2.2504e+05
2.1708e+05
2.0934e+05
2.0182e+05
1.9452e+05
1.8743e+05
1.8056e+05
1.7391e+05
1.6747e+05
1.6125e+05
1.5525e+05
1.4945e+05
1.4387e+05
1.385e+05
1.3333e+05
1.2837e+05
1.2362e+05
1.1906e+05
1.147e+05
1.1054e+05
1.0656e+05
1.0278e+05
99174
95752
92506
89434
86529
83789
81209
78786
76513
74388
72405
70560
68849
67266
65807
64467
63242
62128
61118
60209
59396
58675
58040
57488
57014
56613
56281
56014
55808
55658
55561
55512
55508
55544
55618
55725
55863
56027
56215
56422
56648
56887
57138
57398
57664
57933
58205
58475
58742
59005
59260
59507
59743
59968
60180
60376
60557
60722
60868
60995
61102
61189
61255
61300
61322
61322
61299
61253
61184
61092
60977
60839
60679
60495
60289
60061
59811
59540
59248
58935
58603
58252
57881
57493
57087
56665
56226
55772
55303
54821
54325
53817
53298
52767
52227
51677
51119
50553
49980
49400
48815
48225
47631
47034
46434
45831
45228
44623
44018
43414
42811
42209
41609
41011
40417
39826
39239
38657
38079
37506
36939
36377
35822
35273
34731
34195
33667
