72229
76526
81114
85987
91140
96564
1.0225e+05
1.082e+05
1.1438e+05
1.2081e+05
1.2745e+05
1.343e+05
1.4135e+05
1.4857e+05
1.5596e+05
1.635e+05
1.7116e+05
1.7894e+05
1.8682e+05
1.9477e+05
2.0278e+05
2.1083e+05
2.189e+05
2.2696e+05
2.3501e+05
2.4302e+05
2.5097e+05
2.5883e+05
2.6661e+05
2.7426e+05
2.8177e+05
2.8914e+05
2.9632e+05
3.0332e+05
3.1011e+05
3.1668e+05
3.2301e+05
3.2908e+05
3.3488e+05
3.404e+05
3.4563e+05
3.5055e+05
3.5515e+05
3.5942e+05
3.6335e+05
3.6694e+05
3.7018e+05
3.7305e+05
3.7556e+05
3.7771e+05
3.7948e+05
3.8088e+05
3.819e+05
3.8254e+05
3.8282e+05
3.8271e+05
3.8224e+05
3.814e+05
3.8019e+05
3.7863e+05
3.7671e+05
3.7445e+05
3.7185e+05
3.6892e+05
3.6567e+05
3.6211e+05
3.5825e+05
3.5409e+05
3.4966e+05
3.4496e+05
3.4e+05
3.348e+05
3.2937e+05
3.2372e+05
3.1787e+05
3.1182e+05
3.0561e+05
2.9922e+05
2.9269e+05
2.8603e+05
2.7925e+05
2.7236e+05
2.6538e+05
2.5832e+05
2.512e+05
2.4402e+05
2.3681e+05
2.2958e+05
2.2234e+05
2.151e+05
2.0788e+05
2.0068e+05
1.9353e+05
1.8643e+05
1.7939e+05
1.7242e+05
1.6554e+05
1.5876e+05
1.5209e+05
1.4552e+05
1.3909e+05
1.3278e+05
1.2662e+05
1.2061e+05
1.1476e+05
1.0907e+05
1.0355e+05
98217
93063
88100
83332
78765
74402
70248
66307
62582
59076
55792
52731
49896
47288
44909
42759
40839
39148
37687
36455
35451
34673
34120
33791
33682
33792
34116
34653
35397
36346
37496
38840
40375
42096
43997
46072
48315
50721
53281
55990
58841
61826
64937
68168
71510
74955
78494
82121
85826
89600
93435
97323
1.0125e+05
1.0522e+05
1.0921e+05
1.1322e+05
1.1724e+05
1.2126e+05
1.2527e+05
1.2927e+05
1.3324e+05
1.3717e+05
1.4107e+05
1.4492e+05
1.4871e+05
1.5244e+05
1.561e+05
1.5968e+05
1.6318e+05
1.6659e+05
1.6991e+05
1.7313e+05
1.7624e+05
1.7924e+05
1.8213e+05
1.849e+05
1.8755e+05
1.9008e+05
1.9247e+05
1.9474e+05
1.9687e+05
1.9887e+05
2.0074e+05
2.0247e+05
2.0406e+05
2.0551e+05
2.0683e+05
2.0801e+05
2.0905e+05
2.0996e+05
2.1074e+05
2.1138e+05
2.1188e+05
2.1226e+05
2.1252e+05
2.1264e+05
2.1264e+05
2.1253e+05
2.1229e+05
2.1194e+05
2.1148e+05
2.109e+05
2.1022e+05
2.0944e+05
2.0855e+05
2.0757e+05
2.0649e+05
2.0531e+05
2.0405e+05
2.027e+05
2.0126e+05
1.9975e+05
1.9815e+05
1.9647e+05
1.9472e+05
1.929e+05
1.91e+05
1.8904e+05
1.8701e+05
1.8491e+05
1.8275e+05
1.8053e+05
1.7825e+05
1.7591e+05
1.7351e+05
1.7105e+05
1.6854e+05
1.6598e+05
1.6337e+05
1.6071e+05
1.5799e+05
1.5524e+05
1.5243e+05
1.4958e+05
1.4669e+05
1.4376e+05
1.4079e+05
1.3779e+05
1.3475e+05
1.3168e+05
1.2858e+05
1.2545e+05
1.223e+05
1.1913e+05
1.1594e+05
1.1273e+05
1.0952e+05
1.0629e+05
1.0306e+05
99832
96605
93384
90174
86980
83805
80654
77531
74441
71387
68375
65408
62490
59627
56821
54077
51399
48790
46254
43793
41411
39110
36893
34761
32717
30763
28899
27125
25444
23854
22355
20948
19630
18401
17259
16202
15228
14334
13517
12774
12102
11496
10954
10471
10042
9664
9331.8
9041
8787.1
8565.4
8371.5
8200.9
8049.1
7911.9
7785.1
7664.8
7547.3
7429.1
7306.9
7177.8
7039.2
6888.8
6724.7
6545.2
6349.2
6135.8
5904.7
5655.8
5389.4
5106.4
4807.9
4495.5
4171.1
3836.9
3495.5
3150
2803.4
2459.3
2121.3
1793.5
1479.9
1184.7
912.23
666.92
453.15
275.31
137.71
44.588
0
7.8345
71.747
195.12
381.05
632.25
951.09
1339.5
1799
2330.6
2934.9
3611.8
4360.9
5181
6070.7
7027.5
8048.9
9131.4
10271
11464
12704
13987
15307
16656
18029
19417
20813
22210
23599
24972
26321
27636
28909
30131
31295
32391
33412
34350
35197
35946
36592
37127
37547
37847
38023
38073
37995
37786
37447
36979
36384
35664
34824
33869
32806
31642
30386
29048
27639
26171
24659
23116
21559
20003
18468
16971
15532
14172
12911
11772
10777
9949.5
9312.1
8888.8
8703.5
8780.3
9143.2
9816.3
10823
12188
13933
16081
18654
21673
25158
29129
33604
38600
44133
50217
56865
64089
71898
80301
89303
98910
1.0912e+05
1.1995e+05
1.3137e+05
1.4341e+05
1.5603e+05
1.6925e+05
1.8305e+05
1.9742e+05
2.1235e+05
2.2781e+05
2.438e+05
2.6029e+05
2.7727e+05
2.947e+05
3.1256e+05
3.3083e+05
3.4948e+05
3.6847e+05
3.8778e+05
4.0736e+05
4.272e+05
4.4724e+05
4.6746e+05
4.8781e+05
5.0826e+05
5.2876e+05
5.4928e+05
5.6977e+05
5.902e+05
6.1051e+05
6.3068e+05
6.5064e+05
6.7038e+05
6.8983e+05
7.0897e+05
7.2774e+05
7.4611e+05
7.6405e+05
7.815e+05
7.9844e+05
8.1482e+05
8.3062e+05
8.4579e+05
8.6031e+05
8.7414e+05
8.8726e+05
8.9963e+05
9.1123e+05
9.2204e+05
9.3203e+05
9.4119e+05
9.4949e+05
9.5692e+05
9.6346e+05
9.6911e+05
9.7385e+05
9.7768e+05
9.8059e+05
9.8257e+05
9.8364e+05
9.8378e+05
9.83e+05
9.8131e+05
9.7871e+05
9.7521e+05
9.7083e+05
9.6558e+05
9.5948e+05
9.5253e+05
9.4477e+05
9.3621e+05
9.2687e+05
9.1678e+05
9.0596e+05
8.9445e+05
8.8226e+05
8.6942e+05
8.5598e+05
8.4195e+05
8.2738e+05
8.1229e+05
7.9671e+05
7.8069e+05
7.6425e+05
7.4744e+05
7.3028e+05
7.1281e+05
6.9507e+05
6.7709e+05
6.5891e+05
6.4056e+05
6.2208e+05
6.035e+05
5.8486e+05
5.6619e+05
5.4752e+05
5.2889e+05
5.1032e+05
4.9185e+05
4.7351e+05
4.5532e+05
4.3731e+05
4.1951e+05
4.0195e+05
3.8465e+05
3.6762e+05
3.5091e+05
3.3451e+05
3.1846e+05
3.0277e+05
2.8746e+05
2.7254e+05
2.5803e+05
2.4394e+05
2.3028e+05
2.1707e+05
2.043e+05
1.9199e+05
1.8014e+05
1.6876e+05
1.5785e+05
1.4741e+05
1.3745e+05
1.2796e+05
1.1895e+05
1.104e+05
1.0232e+05
94705
87544
80833
74564
68729
63318
58322
53731
49532
45714
42265
39171
36419
33996
31887
30077
28552
27297
26298
25538
25002
24676
24543
24590
24801
25161
25656
26271
26992
27806
28698
29657
30669
31723
32806
33907
35016
36122
37216
38289
39331
40336
41296
42203
43052
43837
44553
45196
45761
46245
46646
46962
47191
47331
47382
47345
47219
47006
46706
46322
45855
45308
44685
43987
43220
42385
41488
40533
39524
38466
37363
36221
35044
33837
32606
31355
30090
28815
27536
26257
24983
23719
22469
21238
20029
18847
17695
16578
15498
14457
13460
12509
11605
10752
9949.6
9200.4
8505.3
7865.3
7280.8
6752.2
6279.6
5862.8
5501.3
5194.3
4940.9
4740
4590.1
4489.6
4436.7
4429.4
4465.6
4542.9
4658.9
4811.1
4996.7
5213
5457.2
5726.2
6017.3
6327.3
6653.3
6992.3
7341.4
7697.5
8057.8
8419.3
8779.5
9135.5
9484.7
9824.7
10153
10468
10766
11047
11308
11547
11764
11956
12122
12263
12375
12460
12516
12543
12542
12510
12450
12362
12245
12100
11928
11730
11507
11260
10989
10697
10385
10053
9703.9
9338.8
8959.2
8566.8
8163.2
7750.1
7329.1
6901.8
6470
6035.2
5598.9
5162.8
4728.4
4297
3870.1
3449
3034.9
