6.1737e+05
6.2344e+05
6.2958e+05
6.358e+05
6.4209e+05
6.4845e+05
6.549e+05
6.6141e+05
6.68e+05
6.7467e+05
6.814e+05
6.8821e+05
6.9508e+05
7.0201e+05
7.09e+05
7.1604e+05
7.2312e+05
7.3025e+05
7.3742e+05
7.4461e+05
7.5183e+05
7.5906e+05
7.663e+05
7.7354e+05
7.8078e+05
7.8799e+05
7.9519e+05
8.0235e+05
8.0947e+05
8.1654e+05
8.2355e+05
8.305e+05
8.3737e+05
8.4416e+05
8.5086e+05
8.5746e+05
8.6394e+05
8.7032e+05
8.7657e+05
8.8269e+05
8.8867e+05
8.9451e+05
9.0019e+05
9.0572e+05
9.1109e+05
9.1629e+05
9.2131e+05
9.2616e+05
9.3082e+05
9.353e+05
9.3958e+05
9.4368e+05
9.4758e+05
9.5128e+05
9.5477e+05
9.5807e+05
9.6117e+05
9.6406e+05
9.6675e+05
9.6924e+05
9.7152e+05
9.736e+05
9.7549e+05
9.7717e+05
9.7866e+05
9.7995e+05
9.8105e+05
9.8195e+05
9.8268e+05
9.8322e+05
9.8358e+05
9.8376e+05
9.8378e+05
9.8362e+05
9.833e+05
9.8283e+05
9.822e+05
9.8142e+05
9.8049e+05
9.7942e+05
9.7822e+05
9.7689e+05
9.7543e+05
9.7385e+05
9.7216e+05
9.7035e+05
9.6844e+05
9.6643e+05
9.6432e+05
9.6212e+05
9.5983e+05
9.5746e+05
9.5501e+05
9.5248e+05
9.4989e+05
9.4722e+05
9.445e+05
9.4172e+05
9.3888e+05
9.3599e+05
9.3305e+05
9.3006e+05
9.2703e+05
9.2396e+05
9.2086e+05
9.1772e+05
9.1455e+05
9.1134e+05
9.0811e+05
9.0486e+05
9.0157e+05
8.9827e+05
8.9494e+05
8.916e+05
8.8823e+05
8.8485e+05
8.8144e+05
8.7803e+05
8.746e+05
8.7115e+05
8.6769e+05
8.6421e+05
8.6073e+05
8.5722e+05
8.5371e+05
8.5019e+05
8.4665e+05
8.431e+05
8.3954e+05
8.3597e+05
8.3238e+05
8.2878e+05
8.2518e+05
8.2155e+05
8.1792e+05
8.1428e+05
8.1062e+05
8.0695e+05
8.0327e+05
7.9958e+05
7.9587e+05
7.9216e+05
7.8843e+05
7.8469e+05
7.8093e+05
7.7717e+05
7.7339e+05
7.696e+05
7.658e+05
7.6199e+05
7.5817e+05
7.5433e+05
7.5049e+05
7.4664e+05
7.4277e+05
7.389e+05
7.3502e+05
7.3113e+05
7.2724e+05
7.2333e+05
7.1942e+05
7.1551e+05
7.1159e+05
7.0767e+05
7.0374e+05
6.9981e+05
6.9588e+05
6.9194e+05
6.8801e+05
6.8408e+05
6.8014e+05
6.7622e+05
6.7229e+05
6.6837e+05
6.6445e+05
6.6054e+05
6.5664e+05
6.5275e+05
6.4886e+05
6.4499e+05
6.4112e+05
6.3727e+05
6.3343e+05
6.2961e+05
6.258e+05
6.2201e+05
6.1824e+05
6.1448e+05
6.1074e+05
6.0703e+05
6.0333e+05
5.9966e+05
5.9601e+05
5.9239e+05
5.8879e+05
5.8521e+05
5.8167e+05
5.7815e+05
5.7466e+05
5.712e+05
5.6778e+05
5.6438e+05
5.6102e+05
5.5769e+05
5.5439e+05
5.5113e+05
5.4791e+05
5.4472e+05
5.4157e+05
5.3846e+05
5.3539e+05
5.3236e+05
5.2937e+05
5.2642e+05
5.2352e+05
5.2065e+05
5.1783e+05
5.1506e+05
5.1233e+05
5.0965e+05
5.0701e+05
5.0442e+05
5.0188e+05
4.9939e+05
4.9695e+05
4.9455e+05
4.9221e+05
4.8992e+05
4.8768e+05
4.855e+05
4.8336e+05
4.8129e+05
4.7926e+05
4.7729e+05
4.7538e+05
4.7352e+05
4.7172e+05
4.6997e+05
4.6828e+05
4.6666e+05
4.6509e+05
4.6358e+05
4.6212e+05
4.6073e+05
4.594e+05
4.5813e+05
4.5693e+05
4.5578e+05
4.5469e+05
4.5367e+05
4.5271e+05
4.5182e+05
4.5098e+05
4.5021e+05
4.4951e+05
4.4887e+05
4.4829e+05
4.4778e+05
4.4733e+05
4.4694e+05
4.4662e+05
4.4637e+05
4.4617e+05
4.4605e+05
4.4598e+05
4.4598e+05
4.4605e+05
4.4617e+05
4.4636e+05
4.4661e+05
4.4693e+05
4.4731e+05
4.4774e+05
4.4824e+05
4.488e+05
4.4942e+05
4.501e+05
4.5083e+05
4.5162e+05
4.5247e+05
4.5338e+05
4.5434e+05
4.5535e+05
4.5642e+05
4.5754e+05
4.5871e+05
4.5992e+05
4.6119e+05
4.6251e+05
4.6387e+05
4.6527e+05
4.6672e+05
4.6822e+05
4.6975e+05
4.7132e+05
4.7294e+05
4.7458e+05
4.7627e+05
4.7799e+05
4.7974e+05
4.8152e+05
4.8334e+05
4.8518e+05
4.8705e+05
4.8894e+05
4.9086e+05
4.9281e+05
4.9477e+05
4.9676e+05
4.9876e+05
5.0078e+05
5.0282e+05
5.0487e+05
5.0694e+05
5.0902e+05
5.1112e+05
5.1322e+05
5.1533e+05
5.1746e+05
5.1959e+05
5.2172e+05
5.2386e+05
5.2601e+05
5.2816e+05
5.3032e+05
5.3248e+05
5.3464e+05
5.368e+05
5.3897e+05
5.4113e+05
5.433e+05
5.4546e+05
5.4763e+05
5.498e+05
5.5196e+05
5.5413e+05
5.5629e+05
5.5845e+05
5.6062e+05
5.6278e+05
5.6494e+05
5.6711e+05
5.6927e+05
5.7143e+05
5.7359e+05
5.7576e+05
5.7792e+05
5.8009e+05
5.8225e+05
5.8442e+05
5.866e+05
5.8877e+05
5.9095e+05
5.9313e+05
5.9532e+05
5.9751e+05
5.997e+05
6.019e+05
6.0411e+05
6.0632e+05
6.0854e+05
6.1076e+05
6.1299e+05
6.1523e+05
6.1747e+05
6.1972e+05
6.2198e+05
6.2425e+05
6.2652e+05
6.288e+05
6.3108e+05
6.3338e+05
6.3568e+05
6.3798e+05
6.4029e+05
6.4261e+05
6.4493e+05
6.4725e+05
6.4958e+05
6.5191e+05
6.5425e+05
6.5658e+05
6.5892e+05
6.6125e+05
6.6358e+05
6.6591e+05
6.6824e+05
6.7056e+05
6.7288e+05
6.7519e+05
6.7748e+05
6.7977e+05
6.8205e+05
6.8432e+05
6.8657e+05
6.888e+05
6.9101e+05
6.9321e+05
6.9539e+05
6.9754e+05
6.9967e+05
7.0177e+05
7.0385e+05
7.0589e+05
7.0791e+05
7.0989e+05
7.1184e+05
7.1375e+05
7.1563e+05
7.1746e+05
7.1926e+05
7.2101e+05
7.2272e+05
7.2438e+05
7.26e+05
7.2757e+05
7.2909e+05
7.3055e+05
7.3197e+05
7.3333e+05
7.3464e+05
7.359e+05
7.371e+05
7.3824e+05
7.3932e+05
7.4034e+05
7.4131e+05
7.4221e+05
7.4306e+05
7.4384e+05
7.4456e+05
7.4523e+05
7.4583e+05
7.4636e+05
7.4684e+05
7.4725e+05
7.4761e+05
7.479e+05
7.4813e+05
7.483e+05
7.4841e+05
7.4846e+05
7.4845e+05
7.4838e+05
7.4826e+05
7.4808e+05
7.4784e+05
7.4755e+05
7.472e+05
7.468e+05
7.4635e+05
7.4585e+05
7.4529e+05
7.4469e+05
7.4404e+05
7.4335e+05
7.4261e+05
7.4182e+05
7.41e+05
7.4013e+05
7.3922e+05
7.3828e+05
7.373e+05
7.3628e+05
7.3523e+05
7.3414e+05
7.3303e+05
7.3188e+05
7.3071e+05
7.295e+05
7.2827e+05
7.2702e+05
7.2574e+05
7.2443e+05
7.2311e+05
7.2176e+05
7.204e+05
7.1901e+05
7.1761e+05
7.1619e+05
7.1475e+05
7.133e+05
7.1183e+05
7.1035e+05
7.0886e+05
7.0735e+05
7.0583e+05
7.043e+05
7.0275e+05
7.012e+05
6.9963e+05
6.9805e+05
6.9646e+05
6.9486e+05
6.9325e+05
6.9163e+05
6.9e+05
6.8836e+05
6.8671e+05
6.8505e+05
6.8337e+05
6.8169e+05
6.7999e+05
6.7828e+05
6.7656e+05
6.7482e+05
6.7307e+05
6.7131e+05
6.6954e+05
6.6775e+05
6.6594e+05
6.6412e+05
6.6228e+05
6.6043e+05
6.5856e+05
6.5667e+05
6.5476e+05
6.5284e+05
6.5089e+05
6.4892e+05
6.4694e+05
6.4493e+05
6.429e+05
6.4085e+05
6.3877e+05
6.3667e+05
6.3455e+05
6.324e+05
6.3023e+05
6.2803e+05
6.2581e+05
6.2356e+05
6.2129e+05
6.1899e+05
6.1666e+05
6.1431e+05
6.1192e+05
6.0951e+05
6.0708e+05
6.0461e+05
6.0212e+05
5.9959e+05
5.9705e+05
5.9447e+05
5.9186e+05
5.8923e+05
5.8657e+05
5.8388e+05
5.8116e+05
5.7842e+05
5.7565e+05
5.7285e+05
5.7002e+05
5.6717e+05
5.643e+05
5.6139e+05
5.5847e+05
5.5551e+05
5.5253e+05
5.4953e+05
5.4651e+05
5.4346e+05
5.4039e+05
5.3729e+05
5.3418e+05
5.3104e+05
5.2788e+05
5.2471e+05
5.2151e+05
5.1829e+05
5.1506e+05
5.118e+05
5.0853e+05
5.0524e+05
5.0194e+05
4.9862e+05
4.9528e+05
4.9193e+05
4.8857e+05
4.8519e+05
4.8179e+05
4.7839e+05
4.7497e+05
4.7154e+05
4.681e+05
4.6464e+05
4.6118e+05
4.577e+05
4.5422e+05
4.5073e+05
4.4722e+05
4.4371e+05
4.4019e+05
4.3667e+05
4.3313e+05
4.2959e+05
4.2604e+05
4.2248e+05
4.1892e+05
4.1535e+05
4.1178e+05
4.082e+05
4.0462e+05
4.0103e+05
3.9743e+05
3.9384e+05
3.9023e+05
3.8663e+05
3.8302e+05
3.794e+05
3.7579e+05
3.7217e+05
3.6854e+05
3.6492e+05
3.6129e+05
3.5766e+05
3.5403e+05
3.504e+05
3.4677e+05
3.4313e+05
3.395e+05
3.3586e+05
3.3222e+05
3.2859e+05
3.2495e+05
3.2131e+05
3.1768e+05
3.1405e+05
3.1042e+05
3.0679e+05
3.0316e+05
2.9953e+05
2.9591e+05
2.9229e+05
2.8868e+05
2.8507e+05
2.8146e+05
2.7786e+05
2.7427e+05
2.7068e+05
2.6709e+05
2.6352e+05
2.5995e+05
2.5639e+05
2.5283e+05
2.4929e+05
2.4576e+05
2.4223e+05
2.3872e+05
2.3521e+05
2.3172e+05
2.2824e+05
2.2478e+05
2.2132e+05
2.1788e+05
2.1445e+05
2.1104e+05
2.0764e+05
2.0426e+05
2.009e+05
1.9755e+05
1.9422e+05
1.9091e+05
1.8761e+05
1.8433e+05
1.8108e+05
1.7784e+05
1.7462e+05
1.7143e+05
1.6825e+05
1.651e+05
1.6196e+05
1.5885e+05
1.5576e+05
1.527e+05
1.4966e+05
1.4664e+05
1.4364e+05
1.4067e+05
1.3773e+05
1.348e+05
1.319e+05
1.2903e+05
1.2618e+05
1.2336e+05
1.2056e+05
1.1779e+05
1.1504e+05
1.1232e+05
1.0963e+05
1.0695e+05
1.0431e+05
1.0169e+05
99093
96523
93978
91458
88963
86493
84047
81625
79228
76854
74505
72178
69875
67595
65337
63102
60888
58697
56527
54378
52251
50143
48056
45989
43942
41914
39905
37915
35943
33990
32054
30136
28235
26352
24485
22635
20801
18983
17181
15395
13625
11869
10129
8404.3
6694.2
4998.8
3318
1651.8
0
