22043
25541
29248
33160
37271
41574
46064
50734
55576
60582
65744
71054
76504
82084
87785
93597
99511
1.0552e+05
1.116e+05
1.1776e+05
1.2398e+05
1.3025e+05
1.3656e+05
1.429e+05
1.4925e+05
1.5562e+05
1.6198e+05
1.6833e+05
1.7465e+05
1.8094e+05
1.8718e+05
1.9337e+05
1.995e+05
2.0555e+05
2.1151e+05
2.1738e+05
2.2315e+05
2.2881e+05
2.3434e+05
2.3975e+05
2.4502e+05
2.5015e+05
2.5513e+05
2.5994e+05
2.646e+05
2.6908e+05
2.7338e+05
2.775e+05
2.8144e+05
2.8518e+05
2.8873e+05
2.9207e+05
2.9522e+05
2.9816e+05
3.0089e+05
3.0341e+05
3.0572e+05
3.0781e+05
3.0969e+05
3.1136e+05
3.1282e+05
3.1406e+05
3.1509e+05
3.159e+05
3.1652e+05
3.1692e+05
3.1712e+05
3.1712e+05
3.1692e+05
3.1653e+05
3.1594e+05
3.1517e+05
3.1423e+05
3.131e+05
3.118e+05
3.1034e+05
3.0872e+05
3.0695e+05
3.0503e+05
3.0297e+05
3.0078e+05
2.9846e+05
2.9602e+05
2.9346e+05
2.9081e+05
2.8805e+05
2.8521e+05
2.8228e+05
2.7928e+05
2.7621e+05
2.7308e+05
2.699e+05
2.6667e+05
2.6342e+05
2.6013e+05
2.5682e+05
2.535e+05
2.5018e+05
2.4686e+05
2.4355e+05
2.4026e+05
2.3699e+05
2.3375e+05
2.3055e+05
2.274e+05
2.243e+05
2.2126e+05
2.1828e+05
2.1537e+05
2.1254e+05
2.0979e+05
2.0713e+05
2.0455e+05
2.0208e+05
1.997e+05
1.9743e+05
1.9527e+05
1.9322e+05
1.9128e+05
1.8947e+05
1.8777e+05
1.862e+05
1.8475e+05
1.8344e+05
1.8225e+05
1.8119e+05
1.8026e+05
1.7946e+05
1.788e+05
1.7826e+05
1.7786e+05
1.7759e+05
1.7745e+05
1.7743e+05
1.7755e+05
1.7778e+05
1.7815e+05
1.7863e+05
1.7923e+05
1.7994e+05
1.8077e+05
1.8171e+05
1.8275e+05
1.8389e+05
1.8513e+05
1.8647e+05
1.8789e+05
1.894e+05
1.9099e+05
1.9265e+05
1.9438e+05
1.9618e+05
1.9804e+05
1.9995e+05
2.0191e+05
2.0391e+05
2.0595e+05
2.0803e+05
2.1013e+05
2.1225e+05
2.1439e+05
2.1654e+05
2.1869e+05
2.2084e+05
2.2298e+05
2.2512e+05
2.2723e+05
2.2932e+05
2.3138e+05
2.3341e+05
2.354e+05
2.3734e+05
2.3924e+05
2.4109e+05
2.4287e+05
2.446e+05
2.4626e+05
2.4784e+05
2.4936e+05
2.508e+05
2.5215e+05
2.5342e+05
2.5461e+05
2.557e+05
2.5671e+05
2.5761e+05
2.5842e+05
2.5914e+05
2.5975e+05
2.6026e+05
2.6066e+05
2.6096e+05
2.6116e+05
2.6125e+05
2.6124e+05
2.6112e+05
2.6089e+05
2.6056e+05
2.6012e+05
2.5958e+05
2.5893e+05
2.5819e+05
2.5734e+05
2.5639e+05
2.5534e+05
2.542e+05
2.5297e+05
2.5164e+05
2.5022e+05
2.4871e+05
2.4712e+05
2.4544e+05
2.4369e+05
2.4185e+05
2.3994e+05
2.3796e+05
2.3591e+05
2.338e+05
2.3162e+05
2.2938e+05
2.2708e+05
2.2473e+05
2.2233e+05
2.1988e+05
2.1738e+05
2.1485e+05
2.1227e+05
2.0965e+05
2.07e+05
2.0432e+05
2.0161e+05
1.9888e+05
1.9612e+05
1.9334e+05
1.9054e+05
1.8773e+05
1.849e+05
1.8205e+05
1.792e+05
1.7634e+05
1.7347e+05
1.706e+05
1.6772e+05
1.6484e+05
1.6196e+05
1.5908e+05
1.562e+05
1.5332e+05
1.5045e+05
1.4758e+05
1.4472e+05
1.4186e+05
1.3901e+05
1.3616e+05
1.3333e+05
1.305e+05
1.2768e+05
1.2487e+05
1.2206e+05
1.1927e+05
1.1649e+05
1.1371e+05
1.1095e+05
1.082e+05
1.0545e+05
1.0272e+05
1e+05
97292
94595
91910
89238
86578
83933
81301
78685
76084
73500
70933
68384
65854
63345
60858
58393
55953
53539
51151
48793
46466
44170
41909
39685
37498
35352
33248
31189
29176
27212
25299
23440
21636
19890
18205
16581
15023
13530
12107
10755
9474.8
8269.7
7141.1
6090.5
5119.6
4229.8
3422.5
2698.7
2059.4
1505.6
1037.8
656.51
362.11
154.66
34.056
0
51.974
189.25
410.86
715.66
1102.2
1568.9
2114
2735.2
3430.4
4197
5032.2
5933.2
6896.7
7919.4
8997.8
10128
11306
12528
13790
15087
16415
17769
19144
20536
21939
23349
24761
26169
27569
28955
30322
31667
32983
34265
35510
36713
37869
38973
40023
41014
41942
42805
43599
44320
44968
45539
46031
46444
46776
47026
47194
47279
47283
47206
47050
46815
46505
46122
45669
45149
44567
43927
43234
42493
41710
40891
40043
39173
38289
37398
36508
35629
34769
33938
33145
32400
31714
31096
30558
30110
29764
29530
29421
29446
29619
29950
30451
31133
32007
33086
34380
35901
37658
39663
41926
44456
47265
50361
53752
57449
61458
65787
70444
75436
80767
86444
92472
98854
1.0559e+05
1.127e+05
1.2016e+05
1.2799e+05
1.3619e+05
1.4475e+05
1.5368e+05
1.6297e+05
1.7262e+05
1.8263e+05
1.93e+05
2.0372e+05
2.1478e+05
2.2618e+05
2.3791e+05
2.4996e+05
2.6234e+05
2.7502e+05
2.8799e+05
3.0125e+05
3.1479e+05
3.2859e+05
3.4264e+05
3.5692e+05
3.7143e+05
3.8614e+05
4.0105e+05
4.1614e+05
4.3138e+05
4.4676e+05
4.6228e+05
4.7789e+05
4.936e+05
5.0938e+05
5.2521e+05
5.4107e+05
5.5694e+05
5.728e+05
5.8864e+05
6.0443e+05
6.2014e+05
6.3577e+05
6.5129e+05
6.6668e+05
6.8191e+05
6.9697e+05
7.1184e+05
7.265e+05
7.4093e+05
7.551e+05
7.69e+05
7.8261e+05
7.959e+05
8.0887e+05
8.215e+05
8.3375e+05
8.4563e+05
8.571e+05
8.6817e+05
8.788e+05
8.8899e+05
8.9872e+05
9.0797e+05
9.1674e+05
9.2502e+05
9.3278e+05
9.4003e+05
9.4675e+05
9.5292e+05
9.5856e+05
9.6364e+05
9.6816e+05
9.7211e+05
9.755e+05
9.7831e+05
9.8055e+05
9.822e+05
9.8328e+05
9.8378e+05
9.8369e+05
9.8303e+05
9.818e+05
9.7999e+05
9.7761e+05
9.7467e+05
9.7117e+05
9.6712e+05
9.6253e+05
9.574e+05
9.5174e+05
9.4557e+05
9.3889e+05
9.3171e+05
9.2405e+05
9.1592e+05
9.0733e+05
8.9829e+05
8.8882e+05
8.7894e+05
8.6865e+05
8.5797e+05
8.4693e+05
8.3553e+05
8.2379e+05
8.1173e+05
7.9937e+05
7.8672e+05
7.738e+05
7.6064e+05
7.4724e+05
7.3362e+05
7.1981e+05
7.0583e+05
6.9168e+05
6.7739e+05
6.6298e+05
6.4847e+05
6.3386e+05
6.1919e+05
6.0447e+05
5.8972e+05
5.7494e+05
5.6017e+05
5.4542e+05
5.307e+05
5.1602e+05
5.0142e+05
4.8689e+05
4.7246e+05
4.5813e+05
4.4393e+05
4.2987e+05
4.1595e+05
4.022e+05
3.8862e+05
3.7523e+05
3.6203e+05
3.4904e+05
3.3626e+05
3.2371e+05
3.1139e+05
2.9931e+05
2.8749e+05
2.7591e+05
2.646e+05
2.5356e+05
2.4279e+05
2.323e+05
2.2208e+05
2.1215e+05
2.0251e+05
1.9316e+05
1.841e+05
1.7533e+05
1.6685e+05
1.5867e+05
1.5078e+05
1.4318e+05
1.3587e+05
1.2885e+05
1.2211e+05
1.1566e+05
1.0949e+05
1.0359e+05
97973
92620
87531
82702
78127
73801
69718
65872
62258
58867
55695
52735
49979
47420
45052
42868
40859
39019
37341
35817
34440
33203
32098
31118
30256
29505
28858
28307
27847
27471
27171
26943
26778
26673
26620
26614
26649
26721
26824
26953
27104
27272
27453
27643
27837
28034
28228
28418
28600
28771
28929
29072
29197
29303
29388
29451
29490
29504
29493
29455
29390
29298
29179
29032
28857
28655
28427
28171
27890
27583
27252
26897
26520
26121
25702
25263
24806
24332
23842
23338
22822
22294
21755
21209
20655
20095
19530
18963
18394
17824
17256
16690
16127
15569
15017
14471
13934
13406
12887
12380
11884
11400
10930
10473
10031
9603.6
9191.6
8795.2
8414.9
8050.9
7703.3
7372.4
7058.1
6760.5
6479.5
6215.1
5967.1
5735.3
5519.3
5318.9
5133.8
4963.4
4807.5
4665.4
4536.7
4420.8
4317.1
4225
4143.9
4073
4011.8
3959.4
3915.2
3878.4
3848.3
3824.2
3805.2
3790.7
3779.9
3771.9
3766.2
3762
3758.4
3754.9
3750.7
3745.1
3737.6
