30501
34537
38803
43293
47998
52913
58030
63339
68832
74500
80334
86323
92457
98727
1.0512e+05
1.1163e+05
1.1823e+05
1.2493e+05
1.3171e+05
1.3855e+05
1.4545e+05
1.5239e+05
1.5936e+05
1.6635e+05
1.7335e+05
1.8034e+05
1.8732e+05
1.9427e+05
2.0117e+05
2.0803e+05
2.1482e+05
2.2154e+05
2.2817e+05
2.347e+05
2.4113e+05
2.4744e+05
2.5362e+05
2.5967e+05
2.6557e+05
2.7132e+05
2.769e+05
2.8231e+05
2.8754e+05
2.9259e+05
2.9744e+05
3.0209e+05
3.0654e+05
3.1077e+05
3.1479e+05
3.1858e+05
3.2215e+05
3.2549e+05
3.286e+05
3.3147e+05
3.341e+05
3.365e+05
3.3865e+05
3.4056e+05
3.4223e+05
3.4366e+05
3.4485e+05
3.4579e+05
3.465e+05
3.4697e+05
3.4721e+05
3.4721e+05
3.4699e+05
3.4654e+05
3.4587e+05
3.4498e+05
3.4389e+05
3.4258e+05
3.4107e+05
3.3937e+05
3.3748e+05
3.3541e+05
3.3316e+05
3.3074e+05
3.2815e+05
3.2541e+05
3.2253e+05
3.195e+05
3.1635e+05
3.1307e+05
3.0967e+05
3.0617e+05
3.0256e+05
2.9887e+05
2.951e+05
2.9125e+05
2.8734e+05
2.8338e+05
2.7936e+05
2.7531e+05
2.7123e+05
2.6713e+05
2.6302e+05
2.589e+05
2.5479e+05
2.5069e+05
2.4661e+05
2.4256e+05
2.3854e+05
2.3457e+05
2.3065e+05
2.2679e+05
2.23e+05
2.1928e+05
2.1563e+05
2.1208e+05
2.0861e+05
2.0524e+05
2.0197e+05
1.9881e+05
1.9577e+05
1.9284e+05
1.9003e+05
1.8734e+05
1.8479e+05
1.8237e+05
1.8008e+05
1.7793e+05
1.7592e+05
1.7405e+05
1.7233e+05
1.7075e+05
1.6932e+05
1.6804e+05
1.669e+05
1.6591e+05
1.6506e+05
1.6436e+05
1.6381e+05
1.634e+05
1.6313e+05
1.63e+05
1.6301e+05
1.6315e+05
1.6343e+05
1.6383e+05
1.6436e+05
1.6502e+05
1.6579e+05
1.6667e+05
1.6767e+05
1.6877e+05
1.6997e+05
1.7127e+05
1.7266e+05
1.7413e+05
1.7569e+05
1.7732e+05
1.7901e+05
1.8077e+05
1.8259e+05
1.8446e+05
1.8637e+05
1.8833e+05
1.9031e+05
1.9233e+05
1.9436e+05
1.9641e+05
1.9847e+05
2.0053e+05
2.0259e+05
2.0463e+05
2.0667e+05
2.0868e+05
2.1067e+05
2.1262e+05
2.1454e+05
2.1642e+05
2.1824e+05
2.2002e+05
2.2174e+05
2.2339e+05
2.2498e+05
2.265e+05
2.2795e+05
2.2932e+05
2.306e+05
2.318e+05
2.3291e+05
2.3394e+05
2.3486e+05
2.357e+05
2.3643e+05
2.3707e+05
2.376e+05
2.3803e+05
2.3836e+05
2.3858e+05
2.3869e+05
2.387e+05
2.3861e+05
2.3841e+05
2.381e+05
2.3769e+05
2.3717e+05
2.3655e+05
2.3583e+05
2.35e+05
2.3408e+05
2.3306e+05
2.3194e+05
2.3073e+05
2.2943e+05
2.2803e+05
2.2655e+05
2.2499e+05
2.2334e+05
2.2162e+05
2.1982e+05
2.1795e+05
2.16e+05
2.1399e+05
2.1192e+05
2.0978e+05
2.0759e+05
2.0534e+05
2.0305e+05
2.007e+05
1.9831e+05
1.9587e+05
1.934e+05
1.9089e+05
1.8835e+05
1.8578e+05
1.8318e+05
1.8056e+05
1.7792e+05
1.7526e+05
1.7258e+05
1.6989e+05
1.6718e+05
1.6447e+05
1.6175e+05
1.5902e+05
1.5629e+05
1.5356e+05
1.5083e+05
1.481e+05
1.4537e+05
1.4265e+05
1.3993e+05
1.3722e+05
1.3452e+05
1.3182e+05
1.2914e+05
1.2647e+05
1.238e+05
1.2115e+05
1.1851e+05
1.1588e+05
1.1326e+05
1.1066e+05
1.0807e+05
1.0549e+05
1.0293e+05
1.0038e+05
97849
95329
92822
90331
87853
85391
82943
80511
78094
75693
73308
70939
68587
66253
63937
61640
59363
57105
54869
52655
50465
48299
46158
44045
41960
39904
37880
35889
33932
32012
30129
28287
26486
24728
23016
21351
19736
18172
16661
15205
13806
12466
11186
9968.6
8815.2
7727.4
6706.6
5754.3
4871.8
4060.2
3320.5
2653.8
2060.7
1541.8
1097.7
728.44
434.26
215.02
70.427
0
3.0469
78.672
225.77
443.03
728.91
1081.7
1499.4
1979.8
2520.6
3119.2
3772.8
4478.4
5232.8
6032.7
6874.5
7754.4
8668.7
9613.3
10584
11576
12586
13609
14640
15675
16709
17738
18755
19758
20740
21698
22627
23521
24377
25191
25958
26674
27335
27937
28478
28953
29360
29697
29960
30148
30258
30291
30243
30116
29907
29619
29250
28802
28277
27676
27001
26256
25442
24565
23628
22635
21592
20504
19377
18217
17032
15828
14613
13396
12184
10987
9813.3
8673.4
7576.8
6533.7
5554.7
4650.4
3832
3110.5
2497.4
2004.3
1642.8
1424.7
1361.9
1466.2
1749.5
2223.8
2900.8
3792.2
4909.6
6264.5
7868
9731.2
11865
14279
16985
19991
23307
26942
30904
35202
39843
44834
50181
55890
61965
68412
75235
82435
90016
97980
1.0633e+05
1.1506e+05
1.2417e+05
1.3366e+05
1.4354e+05
1.5378e+05
1.644e+05
1.7539e+05
1.8674e+05
1.9845e+05
2.105e+05
2.2289e+05
2.3562e+05
2.4867e+05
2.6203e+05
2.7569e+05
2.8964e+05
3.0387e+05
3.1835e+05
3.3309e+05
3.4806e+05
3.6326e+05
3.7865e+05
3.9423e+05
4.0998e+05
4.2588e+05
4.4192e+05
4.5807e+05
4.7432e+05
4.9064e+05
5.0702e+05
5.2343e+05
5.3986e+05
5.5628e+05
5.7268e+05
5.8903e+05
6.0531e+05
6.215e+05
6.3758e+05
6.5352e+05
6.6932e+05
6.8493e+05
7.0035e+05
7.1555e+05
7.3051e+05
7.4521e+05
7.5963e+05
7.7375e+05
7.8755e+05
8.0101e+05
8.1411e+05
8.2684e+05
8.3918e+05
8.511e+05
8.626e+05
8.7365e+05
8.8425e+05
8.9437e+05
9.04e+05
9.1314e+05
9.2176e+05
9.2986e+05
9.3742e+05
9.4444e+05
9.5091e+05
9.5681e+05
9.6215e+05
9.6691e+05
9.7108e+05
9.7468e+05
9.7768e+05
9.8009e+05
9.819e+05
9.8312e+05
9.8375e+05
9.8378e+05
9.8321e+05
9.8206e+05
9.8032e+05
9.78e+05
9.751e+05
9.7164e+05
9.676e+05
9.6302e+05
9.5788e+05
9.5221e+05
9.4601e+05
9.393e+05
9.3208e+05
9.2437e+05
9.1617e+05
9.0752e+05
8.984e+05
8.8886e+05
8.7889e+05
8.6851e+05
8.5774e+05
8.466e+05
8.351e+05
8.2327e+05
8.1111e+05
7.9864e+05
7.8589e+05
7.7287e+05
7.5961e+05
7.4611e+05
7.324e+05
7.1849e+05
7.0442e+05
6.9018e+05
6.7581e+05
6.6132e+05
6.4673e+05
6.3206e+05
6.1733e+05
6.0255e+05
5.8775e+05
5.7293e+05
5.5812e+05
5.4334e+05
5.286e+05
5.1391e+05
4.993e+05
4.8477e+05
4.7035e+05
4.5604e+05
4.4186e+05
4.2783e+05
4.1396e+05
4.0025e+05
3.8673e+05
3.734e+05
3.6028e+05
3.4736e+05
3.3467e+05
3.2222e+05
3.1e+05
2.9803e+05
2.8632e+05
2.7487e+05
2.6368e+05
2.5277e+05
2.4214e+05
2.3179e+05
2.2173e+05
2.1195e+05
2.0247e+05
1.9328e+05
1.8439e+05
1.7579e+05
1.6748e+05
1.5947e+05
1.5176e+05
1.4434e+05
1.3721e+05
1.3037e+05
1.2382e+05
1.1755e+05
1.1157e+05
1.0586e+05
1.0042e+05
95253
90349
85702
81309
77164
73259
69590
66149
62931
59929
57135
54542
52144
49933
47903
46044
44352
42816
41432
40190
39084
38106
37249
36506
35870
35334
34890
34533
34255
34050
33911
33833
33810
33835
33904
34010
34148
34314
34502
34709
34929
35158
35393
35630
35864
36094
36316
36527
36724
36905
37067
37210
37330
37427
37498
37543
37561
37551
37512
37443
37345
37217
37059
36871
36653
36406
36131
35827
35495
35137
34753
34344
33911
33456
32979
32482
31966
31432
30882
30318
29739
29149
28548
27938
27320
26695
26066
25434
24799
24164
23529
22897
22267
21642
21023
20410
19805
19209
18623
18047
17483
16931
16393
15868
15358
14863
14384
13920
13473
13042
12628
12232
11852
11491
11146
10819
10509
10216
9939.5
9680.1
9437.2
9210.3
8999.1
8803.1
8622.1
8455.4
8302.5
8162.9
8036.1
7921.4
7818.2
7725.9
7643.8
7571.2
7507.5
7451.9
7403.7
7362.3
7326.9
7296.7
7271.2
7249.5
7230.9
7214.8
7200.5
7187.2
7174.4
7161.4
7147.4
7132.1
7114.6
