56129
58747
61396
64074
66780
69511
72266
75043
77840
80655
83486
86331
89189
92057
94933
97816
1.007e+05
1.0359e+05
1.0648e+05
1.0937e+05
1.1226e+05
1.1513e+05
1.1801e+05
1.2087e+05
1.2372e+05
1.2656e+05
1.2938e+05
1.3219e+05
1.3497e+05
1.3774e+05
1.4049e+05
1.4321e+05
1.459e+05
1.4857e+05
1.5121e+05
1.5382e+05
1.564e+05
1.5894e+05
1.6145e+05
1.6393e+05
1.6637e+05
1.6876e+05
1.7112e+05
1.7344e+05
1.7571e+05
1.7795e+05
1.8013e+05
1.8228e+05
1.8437e+05
1.8643e+05
1.8843e+05
1.9039e+05
1.9229e+05
1.9415e+05
1.9596e+05
1.9772e+05
1.9943e+05
2.0109e+05
2.0269e+05
2.0425e+05
2.0576e+05
2.0721e+05
2.0862e+05
2.0997e+05
2.1127e+05
2.1253e+05
2.1373e+05
2.1488e+05
2.1599e+05
2.1704e+05
2.1805e+05
2.1901e+05
2.1992e+05
2.2079e+05
2.2161e+05
2.2238e+05
2.2311e+05
2.238e+05
2.2445e+05
2.2506e+05
2.2562e+05
2.2615e+05
2.2664e+05
2.2709e+05
2.2751e+05
2.2789e+05
2.2824e+05
2.2855e+05
2.2884e+05
2.2909e+05
2.2932e+05
2.2952e+05
2.2969e+05
2.2984e+05
2.2997e+05
2.3007e+05
2.3015e+05
2.3022e+05
2.3026e+05
2.3029e+05
2.303e+05
2.303e+05
2.3029e+05
2.3026e+05
2.3022e+05
2.3018e+05
2.3012e+05
2.3006e+05
2.2999e+05
2.2992e+05
2.2984e+05
2.2976e+05
2.2968e+05
2.2959e+05
2.2951e+05
2.2942e+05
2.2934e+05
2.2926e+05
2.2918e+05
2.2911e+05
2.2904e+05
2.2897e+05
2.2891e+05
2.2886e+05
2.2881e+05
2.2877e+05
2.2873e+05
2.287e+05
2.2868e+05
2.2866e+05
2.2865e+05
2.2865e+05
2.2866e+05
2.2867e+05
2.2869e+05
2.2872e+05
2.2876e+05
2.288e+05
2.2884e+05
2.2889e+05
2.2895e+05
2.2901e+05
2.2908e+05
2.2915e+05
2.2922e+05
2.2929e+05
2.2937e+05
2.2944e+05
2.2952e+05
2.2959e+05
2.2967e+05
2.2974e+05
2.298e+05
2.2987e+05
2.2992e+05
2.2997e+05
2.3002e+05
2.3005e+05
2.3007e+05
2.3009e+05
2.3009e+05
2.3008e+05
2.3005e+05
2.3001e+05
2.2996e+05
2.2988e+05
2.2979e+05
2.2968e+05
2.2955e+05
2.2939e+05
2.2922e+05
2.2902e+05
2.2879e+05
2.2854e+05
2.2826e+05
2.2796e+05
2.2762e+05
2.2726e+05
2.2687e+05
2.2644e+05
2.2598e+05
2.2549e+05
2.2497e+05
2.2441e+05
2.2382e+05
2.2319e+05
2.2252e+05
2.2182e+05
2.2108e+05
2.2031e+05
2.1949e+05
2.1864e+05
2.1775e+05
2.1682e+05
2.1585e+05
2.1484e+05
2.138e+05
2.1271e+05
2.1159e+05
2.1043e+05
2.0923e+05
2.0799e+05
2.0671e+05
2.054e+05
2.0405e+05
2.0266e+05
2.0123e+05
1.9977e+05
1.9828e+05
1.9674e+05
1.9518e+05
1.9358e+05
1.9195e+05
1.9029e+05
1.886e+05
1.8688e+05
1.8513e+05
1.8336e+05
1.8155e+05
1.7973e+05
1.7787e+05
1.76e+05
1.741e+05
1.7218e+05
1.7024e+05
1.6829e+05
1.6632e+05
1.6433e+05
1.6232e+05
1.6031e+05
1.5828e+05
1.5625e+05
1.542e+05
1.5215e+05
1.5009e+05
1.4802e+05
1.4595e+05
1.4388e+05
1.4181e+05
1.3974e+05
1.3767e+05
1.3561e+05
1.3355e+05
1.3149e+05
1.2944e+05
1.2741e+05
1.2538e+05
1.2336e+05
1.2135e+05
1.1935e+05
1.1737e+05
1.1541e+05
1.1346e+05
1.1152e+05
1.0961e+05
1.0771e+05
1.0583e+05
1.0398e+05
1.0214e+05
1.0033e+05
98534
96766
95021
93300
91604
89933
88288
86668
85074
83506
81965
80451
78963
77502
76067
74659
73278
71923
70594
69291
68015
66763
65537
64336
63159
62007
60878
59772
58689
57628
56590
55572
54575
53598
52641
51703
50784
49882
48999
48132
47281
46447
45628
44824
44035
43259
42498
41750
41015
40293
39584
38887
38202
37529
36869
36220
35584
34960
34348
33749
33163
32590
32031
31486
30956
30441
29942
29460
28996
28550
28124
27719
27335
26975
26638
26328
26044
25790
25565
25373
25214
25090
25004
24957
24952
24990
25073
25204
25386
25619
25908
26253
26659
27126
27658
28258
28927
29669
30487
31382
32359
33419
34565
35801
37129
38551
40071
41691
43415
45244
47183
49232
51395
53676
56075
58596
61242
64014
66916
69949
73116
76418
79859
83440
87163
91030
95042
99201
1.0351e+05
1.0797e+05
1.1258e+05
1.1734e+05
1.2226e+05
1.2733e+05
1.3256e+05
1.3794e+05
1.4348e+05
1.4918e+05
1.5503e+05
1.6105e+05
1.6722e+05
1.7354e+05
1.8003e+05
1.8667e+05
1.9347e+05
2.0042e+05
2.0753e+05
2.1479e+05
2.222e+05
2.2977e+05
2.3748e+05
2.4534e+05
2.5334e+05
2.6149e+05
2.6978e+05
2.7821e+05
2.8677e+05
2.9547e+05
3.043e+05
3.1325e+05
3.2233e+05
3.3153e+05
3.4084e+05
3.5027e+05
3.5981e+05
3.6945e+05
3.7919e+05
3.8903e+05
3.9897e+05
4.0899e+05
4.1909e+05
4.2927e+05
4.3953e+05
4.4985e+05
4.6024e+05
4.7068e+05
4.8117e+05
4.9171e+05
5.0229e+05
5.1291e+05
5.2355e+05
5.3422e+05
5.449e+05
5.5559e+05
5.6629e+05
5.7699e+05
5.8767e+05
5.9835e+05
6.09e+05
6.1962e+05
6.3021e+05
6.4076e+05
6.5126e+05
6.617e+05
6.7209e+05
6.824e+05
6.9265e+05
7.0281e+05
7.1289e+05
7.2287e+05
7.3275e+05
7.4252e+05
7.5218e+05
7.6172e+05
7.7113e+05
7.8042e+05
7.8956e+05
7.9855e+05
8.074e+05
8.1609e+05
8.2461e+05
8.3297e+05
8.4115e+05
8.4915e+05
8.5696e+05
8.6459e+05
8.7201e+05
8.7924e+05
8.8626e+05
8.9306e+05
8.9965e+05
9.0602e+05
9.1216e+05
9.1808e+05
9.2376e+05
9.292e+05
9.344e+05
9.3936e+05
9.4407e+05
9.4853e+05
9.5273e+05
9.5667e+05
9.6036e+05
9.6378e+05
9.6694e+05
9.6983e+05
9.7246e+05
9.7481e+05
9.7689e+05
9.787e+05
9.8023e+05
9.8149e+05
9.8248e+05
9.8319e+05
9.8362e+05
9.8378e+05
9.8366e+05
9.8326e+05
9.8259e+05
9.8165e+05
9.8043e+05
9.7895e+05
9.7719e+05
9.7516e+05
9.7287e+05
9.7031e+05
9.6749e+05
9.644e+05
9.6106e+05
9.5747e+05
9.5362e+05
9.4952e+05
9.4518e+05
9.4059e+05
9.3577e+05
9.3071e+05
9.2542e+05
9.199e+05
9.1416e+05
9.082e+05
9.0203e+05
8.9564e+05
8.8905e+05
8.8226e+05
8.7528e+05
8.6811e+05
8.6075e+05
8.5321e+05
8.4549e+05
8.3761e+05
8.2957e+05
8.2136e+05
8.1301e+05
8.0451e+05
7.9587e+05
7.8709e+05
7.7819e+05
7.6916e+05
7.6001e+05
7.5076e+05
7.414e+05
7.3194e+05
7.2239e+05
7.1275e+05
7.0304e+05
6.9325e+05
6.8339e+05
6.7346e+05
6.6349e+05
6.5346e+05
6.4339e+05
6.3328e+05
6.2314e+05
6.1297e+05
6.0278e+05
5.9258e+05
5.8237e+05
5.7215e+05
5.6194e+05
5.5173e+05
5.4154e+05
5.3137e+05
5.2122e+05
5.111e+05
5.0101e+05
4.9096e+05
4.8096e+05
4.71e+05
4.611e+05
4.5125e+05
4.4147e+05
4.3176e+05
4.2211e+05
4.1254e+05
4.0305e+05
3.9364e+05
3.8431e+05
3.7508e+05
3.6594e+05
3.569e+05
3.4795e+05
3.3911e+05
3.3037e+05
3.2175e+05
3.1323e+05
3.0483e+05
2.9654e+05
2.8838e+05
2.8033e+05
2.7241e+05
2.6461e+05
2.5693e+05
2.4938e+05
2.4197e+05
2.3468e+05
2.2752e+05
2.205e+05
2.1361e+05
2.0686e+05
2.0024e+05
1.9375e+05
1.874e+05
1.8119e+05
1.7511e+05
1.6917e+05
1.6337e+05
1.577e+05
1.5217e+05
1.4678e+05
1.4152e+05
1.3639e+05
1.314e+05
1.2654e+05
1.2181e+05
1.1722e+05
1.1275e+05
1.0842e+05
1.0421e+05
1.0013e+05
96173
92341
88631
85042
81572
78219
74982
71859
68847
65946
63152
60465
57881
55399
53017
50733
48544
46448
44443
42527
40697
38952
37288
35704
34197
32766
31407
30119
28899
27744
26654
25624
24654
23741
22882
22076
21320
20613
19951
19333
18758
18222
17723
17261
16833
16437
16071
15733
15421
15135
14871
14629
14407
14203
14015
13843
13684
13537
13401
13275
13157
13045
12940
12839
12741
12646
12553
12460
12366
12270
12173
12072
11967
11858
11743
11623
11496
11361
11219
11069
10909
10741
10563
10376
10178
9969.4
9750.2
9519.9
9278.4
9025.5
8761
8484.9
8196.9
7897
7585.3
7261.6
6925.9
6578.3
6218.9
5847.5
5464.5
5069.7
4663.4
4245.7
3816.7
3376.6
2925.5
2463.6
1991.2
1508.4
1015.4
512.56
0
