9.8378e+05
9.8083e+05
9.7781e+05
9.7471e+05
9.7153e+05
9.6827e+05
9.6494e+05
9.6153e+05
9.5805e+05
9.545e+05
9.5087e+05
9.4718e+05
9.4341e+05
9.3958e+05
9.3568e+05
9.3172e+05
9.2769e+05
9.236e+05
9.1945e+05
9.1524e+05
9.1096e+05
9.0663e+05
9.0224e+05
8.978e+05
8.933e+05
8.8875e+05
8.8414e+05
8.7948e+05
8.7478e+05
8.7002e+05
8.6522e+05
8.6037e+05
8.5547e+05
8.5053e+05
8.4555e+05
8.4053e+05
8.3546e+05
8.3036e+05
8.2522e+05
8.2004e+05
8.1483e+05
8.0958e+05
8.0429e+05
7.9898e+05
7.9363e+05
7.8825e+05
7.8285e+05
7.7741e+05
7.7195e+05
7.6647e+05
7.6095e+05
7.5542e+05
7.4986e+05
7.4429e+05
7.3869e+05
7.3307e+05
7.2744e+05
7.2178e+05
7.1612e+05
7.1043e+05
7.0474e+05
6.9903e+05
6.9331e+05
6.8758e+05
6.8184e+05
6.7609e+05
6.7033e+05
6.6457e+05
6.588e+05
6.5303e+05
6.4725e+05
6.4148e+05
6.357e+05
6.2991e+05
6.2413e+05
6.1835e+05
6.1258e+05
6.068e+05
6.0103e+05
5.9527e+05
5.8951e+05
5.8375e+05
5.7801e+05
5.7227e+05
5.6654e+05
5.6083e+05
5.5512e+05
5.4942e+05
5.4374e+05
5.3807e+05
5.3242e+05
5.2678e+05
5.2115e+05
5.1555e+05
5.0996e+05
5.0438e+05
4.9883e+05
4.9329e+05
4.8778e+05
4.8229e+05
4.7682e+05
4.7137e+05
4.6594e+05
4.6054e+05
4.5516e+05
4.498e+05
4.4447e+05
4.3917e+05
4.339e+05
4.2865e+05
4.2343e+05
4.1824e+05
4.1307e+05
4.0794e+05
4.0284e+05
3.9777e+05
3.9273e+05
3.8772e+05
3.8274e+05
3.778e+05
3.7289e+05
3.6801e+05
3.6317e+05
3.5836e+05
3.5359e+05
3.4885e+05
3.4415e+05
3.3948e+05
3.3486e+05
3.3027e+05
3.2571e+05
3.212e+05
3.1672e+05
3.1228e+05
3.0789e+05
3.0353e+05
2.9921e+05
2.9493e+05
2.9069e+05
2.8649e+05
2.8233e+05
2.7822e+05
2.7414e+05
2.7011e+05
2.6612e+05
2.6217e+05
2.5826e+05
2.544e+05
2.5058e+05
2.468e+05
2.4307e+05
2.3938e+05
2.3573e+05
2.3213e+05
2.2857e+05
2.2506e+05
2.2159e+05
2.1816e+05
2.1478e+05
2.1145e+05
2.0816e+05
2.0491e+05
2.0171e+05
1.9855e+05
1.9544e+05
1.9238e+05
1.8936e+05
1.8638e+05
1.8345e+05
1.8057e+05
1.7773e+05
1.7494e+05
1.7219e+05
1.6949e+05
1.6683e+05
1.6422e+05
1.6166e+05
1.5914e+05
1.5666e+05
1.5423e+05
1.5185e+05
1.4951e+05
1.4722e+05
1.4497e+05
1.4277e+05
1.4061e+05
1.385e+05
1.3643e+05
1.3441e+05
1.3243e+05
1.305e+05
1.2861e+05
1.2676e+05
1.2496e+05
1.2321e+05
1.215e+05
1.1983e+05
1.182e+05
1.1662e+05
1.1508e+05
1.1359e+05
1.1214e+05
1.1073e+05
1.0936e+05
1.0804e+05
1.0676e+05
1.0552e+05
1.0432e+05
1.0316e+05
1.0205e+05
1.0097e+05
99942
98950
97999
97088
96218
95387
94596
93844
93131
92456
91821
91224
90664
90143
89659
89212
88802
88429
88092
87791
87525
87296
87101
86941
86816
86724
86667
86644
86653
86696
86771
86878
87018
87189
87391
87625
87889
88183
88507
88861
89244
89656
90097
90566
91063
91588
92139
92718
93323
93954
94611
95293
96001
96733
97490
98270
99074
99902
1.0075e+05
1.0163e+05
1.0252e+05
1.0344e+05
1.0438e+05
1.0534e+05
1.0632e+05
1.0732e+05
1.0834e+05
1.0938e+05
1.1044e+05
1.1152e+05
1.1262e+05
1.1373e+05
1.1487e+05
1.1602e+05
1.1718e+05
1.1837e+05
1.1957e+05
1.2079e+05
1.2202e+05
1.2327e+05
1.2453e+05
1.2581e+05
1.2711e+05
1.2841e+05
1.2973e+05
1.3107e+05
1.3241e+05
1.3377e+05
1.3514e+05
1.3652e+05
1.3792e+05
1.3932e+05
1.4074e+05
1.4217e+05
1.436e+05
1.4505e+05
1.4651e+05
1.4797e+05
1.4944e+05
1.5093e+05
1.5242e+05
1.5391e+05
1.5542e+05
1.5693e+05
1.5845e+05
1.5997e+05
1.6151e+05
1.6304e+05
1.6458e+05
1.6613e+05
1.6768e+05
1.6924e+05
1.708e+05
1.7237e+05
1.7393e+05
1.7551e+05
1.7708e+05
1.7866e+05
1.8024e+05
1.8182e+05
1.834e+05
1.8498e+05
1.8657e+05
1.8816e+05
1.8974e+05
1.9133e+05
1.9291e+05
1.945e+05
1.9609e+05
1.9767e+05
1.9925e+05
2.0084e+05
2.0242e+05
2.0399e+05
2.0557e+05
2.0714e+05
2.0871e+05
2.1028e+05
2.1184e+05
2.134e+05
2.1496e+05
2.1651e+05
2.1806e+05
2.196e+05
2.2114e+05
2.2267e+05
2.242e+05
2.2572e+05
2.2724e+05
2.2875e+05
2.3025e+05
2.3175e+05
2.3324e+05
2.3472e+05
2.362e+05
2.3767e+05
2.3913e+05
2.4058e+05
2.4203e+05
2.4346e+05
2.4489e+05
2.4631e+05
2.4772e+05
2.4912e+05
2.5051e+05
2.519e+05
2.5327e+05
2.5463e+05
2.5598e+05
2.5733e+05
2.5866e+05
2.5998e+05
2.6129e+05
2.6259e+05
2.6388e+05
2.6515e+05
2.6642e+05
2.6767e+05
2.6892e+05
2.7015e+05
2.7137e+05
2.7257e+05
2.7376e+05
2.7495e+05
2.7611e+05
2.7727e+05
2.7841e+05
2.7954e+05
2.8066e+05
2.8176e+05
2.8285e+05
2.8392e+05
2.8499e+05
2.8603e+05
2.8707e+05
2.8809e+05
2.8909e+05
2.9009e+05
2.9106e+05
2.9202e+05
2.9297e+05
2.939e+05
2.9482e+05
2.9573e+05
2.9661e+05
2.9749e+05
2.9834e+05
2.9919e+05
3.0001e+05
3.0082e+05
3.0162e+05
3.024e+05
3.0316e+05
3.0391e+05
3.0465e+05
3.0536e+05
3.0606e+05
3.0675e+05
3.0742e+05
3.0807e+05
3.0871e+05
3.0933e+05
3.0993e+05
3.1052e+05
3.1109e+05
3.1165e+05
3.1218e+05
3.1271e+05
3.1321e+05
3.137e+05
3.1417e+05
3.1463e+05
3.1506e+05
3.1549e+05
3.1589e+05
3.1628e+05
3.1665e+05
3.1701e+05
3.1734e+05
3.1766e+05
3.1797e+05
3.1826e+05
3.1853e+05
3.1878e+05
3.1902e+05
3.1924e+05
3.1944e+05
3.1963e+05
3.198e+05
3.1995e+05
3.2008e+05
3.202e+05
3.203e+05
3.2039e+05
3.2046e+05
3.2051e+05
3.2054e+05
3.2056e+05
3.2056e+05
3.2055e+05
3.2052e+05
3.2047e+05
3.204e+05
3.2032e+05
3.2022e+05
3.2011e+05
3.1998e+05
3.1983e+05
3.1966e+05
3.1948e+05
3.1929e+05
3.1907e+05
3.1884e+05
3.186e+05
3.1834e+05
3.1806e+05
3.1777e+05
3.1746e+05
3.1713e+05
3.1679e+05
3.1643e+05
3.1606e+05
3.1567e+05
3.1527e+05
3.1485e+05
3.1441e+05
3.1396e+05
3.135e+05
3.1301e+05
3.1252e+05
3.1201e+05
3.1148e+05
3.1094e+05
3.1038e+05
3.0981e+05
3.0922e+05
3.0862e+05
3.0801e+05
3.0738e+05
3.0673e+05
3.0607e+05
3.054e+05
3.0471e+05
3.0401e+05
3.033e+05
3.0257e+05
3.0182e+05
3.0107e+05
3.003e+05
2.9951e+05
2.9871e+05
2.979e+05
2.9708e+05
2.9624e+05
2.9539e+05
2.9453e+05
2.9365e+05
2.9276e+05
2.9186e+05
2.9095e+05
2.9002e+05
2.8908e+05
2.8813e+05
2.8716e+05
2.8619e+05
2.852e+05
2.842e+05
2.8319e+05
2.8217e+05
2.8113e+05
2.8008e+05
2.7903e+05
2.7796e+05
2.7688e+05
2.7579e+05
2.7469e+05
2.7357e+05
2.7245e+05
2.7132e+05
2.7017e+05
2.6902e+05
2.6785e+05
2.6668e+05
2.6549e+05
2.643e+05
2.631e+05
2.6188e+05
2.6066e+05
2.5943e+05
2.5818e+05
2.5693e+05
2.5567e+05
2.544e+05
2.5313e+05
2.5184e+05
2.5055e+05
2.4924e+05
2.4793e+05
2.4661e+05
2.4528e+05
2.4395e+05
2.426e+05
2.4125e+05
2.3989e+05
2.3853e+05
2.3716e+05
2.3577e+05
2.3439e+05
2.3299e+05
2.3159e+05
2.3018e+05
2.2877e+05
2.2735e+05
2.2592e+05
2.2449e+05
2.2305e+05
2.216e+05
2.2015e+05
2.1869e+05
2.1723e+05
2.1576e+05
2.1429e+05
2.1281e+05
2.1133e+05
2.0984e+05
2.0834e+05
2.0685e+05
2.0534e+05
2.0384e+05
2.0233e+05
2.0081e+05
1.9929e+05
1.9777e+05
1.9624e+05
1.9471e+05
1.9318e+05
1.9164e+05
1.901e+05
1.8855e+05
1.87e+05
1.8545e+05
1.839e+05
1.8234e+05
1.8079e+05
1.7923e+05
1.7766e+05
1.761e+05
1.7453e+05
1.7296e+05
1.7139e+05
1.6982e+05
1.6824e+05
1.6666e+05
1.6509e+05
1.6351e+05
1.6193e+05
1.6035e+05
1.5877e+05
1.5718e+05
1.556e+05
1.5402e+05
1.5243e+05
1.5085e+05
1.4927e+05
1.4768e+05
1.461e+05
1.4451e+05
1.4293e+05
1.4135e+05
1.3976e+05
1.3818e+05
1.366e+05
1.3502e+05
1.3344e+05
1.3186e+05
1.3028e+05
1.2871e+05
1.2713e+05
1.2556e+05
1.2399e+05
1.2242e+05
1.2085e+05
1.1928e+05
1.1772e+05
1.1616e+05
1.146e+05
1.1304e+05
1.1149e+05
1.0994e+05
1.0839e+05
1.0684e+05
1.053e+05
1.0376e+05
1.0222e+05
1.0068e+05
99154
97627
96103
94583
93066
91553
90044
88540
87039
85542
84050
82562
81079
79600
78125
76656
75191
73731
72276
70826
69382
67942
66508
65079
63656
62239
60827
59420
58020
56625
55237
53854
52478
51108
49744
48386
47035
45690
44352
43020
41695
40377
39066
37761
36464
35173
33890
32614
31345
30083
28828
27581
26342
25110
23885
22668
21459
20257
19063
17877
16699
15528
14366
13212
12066
10927
9797.3
8675.4
7561.8
6456.4
5359.4
4270.7
3190.3
2118.4
1055
0
