20202
22230
24525
27089
29918
33011
36365
39974
43835
47942
52288
56867
61670
66690
71916
77339
82949
88735
94685
1.0079e+05
1.0703e+05
1.134e+05
1.1988e+05
1.2646e+05
1.3313e+05
1.3987e+05
1.4667e+05
1.5351e+05
1.6037e+05
1.6725e+05
1.7413e+05
1.8099e+05
1.8782e+05
1.9461e+05
2.0133e+05
2.0798e+05
2.1453e+05
2.2099e+05
2.2732e+05
2.3352e+05
2.3958e+05
2.4548e+05
2.5121e+05
2.5676e+05
2.6211e+05
2.6726e+05
2.7219e+05
2.769e+05
2.8138e+05
2.8561e+05
2.8959e+05
2.9331e+05
2.9676e+05
2.9994e+05
3.0285e+05
3.0547e+05
3.0781e+05
3.0986e+05
3.1161e+05
3.1307e+05
3.1424e+05
3.1511e+05
3.1568e+05
3.1596e+05
3.1594e+05
3.1563e+05
3.1503e+05
3.1415e+05
3.1299e+05
3.1155e+05
3.0984e+05
3.0787e+05
3.0564e+05
3.0315e+05
3.0043e+05
2.9747e+05
2.9429e+05
2.9088e+05
2.8728e+05
2.8347e+05
2.7948e+05
2.7531e+05
2.7098e+05
2.6649e+05
2.6186e+05
2.5711e+05
2.5223e+05
2.4725e+05
2.4218e+05
2.3702e+05
2.318e+05
2.2652e+05
2.2119e+05
2.1584e+05
2.1047e+05
2.0509e+05
1.9971e+05
1.9435e+05
1.8903e+05
1.8374e+05
1.7851e+05
1.7333e+05
1.6824e+05
1.6323e+05
1.5831e+05
1.535e+05
1.488e+05
1.4422e+05
1.3978e+05
1.3547e+05
1.3132e+05
1.2731e+05
1.2347e+05
1.198e+05
1.163e+05
1.1298e+05
1.0985e+05
1.069e+05
1.0415e+05
1.0159e+05
99228
97068
95111
93358
91809
90466
89328
88395
87665
87137
86809
86679
86743
87000
87445
88075
88885
89870
91027
92349
93831
95469
97255
99183
1.0125e+05
1.0344e+05
1.0576e+05
1.0819e+05
1.1074e+05
1.1338e+05
1.1612e+05
1.1895e+05
1.2186e+05
1.2485e+05
1.279e+05
1.3101e+05
1.3417e+05
1.3737e+05
1.4061e+05
1.4388e+05
1.4718e+05
1.5049e+05
1.5381e+05
1.5713e+05
1.6045e+05
1.6375e+05
1.6704e+05
1.703e+05
1.7353e+05
1.7673e+05
1.7988e+05
1.8299e+05
1.8604e+05
1.8903e+05
1.9196e+05
1.9482e+05
1.976e+05
2.0031e+05
2.0293e+05
2.0546e+05
2.0791e+05
2.1025e+05
2.125e+05
2.1464e+05
2.1668e+05
2.1861e+05
2.2042e+05
2.2212e+05
2.237e+05
2.2516e+05
2.265e+05
2.2772e+05
2.288e+05
2.2976e+05
2.306e+05
2.313e+05
2.3187e+05
2.323e+05
2.3261e+05
2.3278e+05
2.3282e+05
2.3272e+05
2.3249e+05
2.3213e+05
2.3164e+05
2.3101e+05
2.3025e+05
2.2937e+05
2.2835e+05
2.2721e+05
2.2594e+05
2.2455e+05
2.2304e+05
2.214e+05
2.1965e+05
2.1779e+05
2.1581e+05
2.1372e+05
2.1153e+05
2.0923e+05
2.0683e+05
2.0434e+05
2.0175e+05
1.9908e+05
1.9631e+05
1.9347e+05
1.9055e+05
1.8756e+05
1.8449e+05
1.8137e+05
1.7818e+05
1.7493e+05
1.7164e+05
1.683e+05
1.6492e+05
1.615e+05
1.5804e+05
1.5456e+05
1.5106e+05
1.4754e+05
1.4401e+05
1.4047e+05
1.3692e+05
1.3337e+05
1.2984e+05
1.2631e+05
1.2279e+05
1.1929e+05
1.1582e+05
1.1237e+05
1.0896e+05
1.0558e+05
1.0223e+05
98930
95673
92465
89307
86203
83156
80168
77241
74376
71576
68843
66177
63579
61051
58593
56205
53888
51642
49467
47362
45326
43360
41462
39630
37865
36164
34526
32949
31432
29973
28571
27222
25925
24678
23480
22327
21218
20151
19124
18135
17182
16262
15376
14519
13692
12893
12119
11371
10647
9945.5
9266.3
8608.6
7971.9
7355.9
6760.3
6185.1
5630.4
5096.4
4583.5
4092.3
3623.4
3177.7
2755.9
2359
1988.3
1644.9
1330
1044.9
791.03
569.71
382.35
230.35
115.07
37.857
0
2.718
47.147
134.32
265.16
440.46
660.84
926.79
1238.6
1596.4
2000.1
2449.3
2943.7
3482.3
4064.2
4688.1
5352.6
6056
6796.1
7570.7
8377.4
9213.4
10076
10961
11865
12786
13719
14659
15603
16546
17484
18411
19324
20217
21086
21925
22729
23495
24216
24889
25509
26071
26571
27006
27371
27663
27880
28018
28075
28049
27939
27744
27464
27098
26647
26113
25497
24802
24031
23187
22276
21302
20272
19190
18066
16906
15720
14516
13304
12095
10900
9731.4
8600.6
7520.8
6505.6
5568.9
4725.1
3989
3375.9
2901.3
2581
2431.1
2468
2708
3167.6
3863.4
4811.8
6029.3
7532.1
9336.2
11457
13911
16713
19876
23416
27345
31677
36423
41596
47205
53260
59769
66742
74183
82100
90496
99375
1.0874e+05
1.1859e+05
1.2892e+05
1.3974e+05
1.5104e+05
1.6282e+05
1.7507e+05
1.8778e+05
2.0095e+05
2.1457e+05
2.2862e+05
2.4309e+05
2.5798e+05
2.7325e+05
2.8891e+05
3.0493e+05
3.2129e+05
3.3797e+05
3.5495e+05
3.7222e+05
3.8973e+05
4.0748e+05
4.2544e+05
4.4357e+05
4.6186e+05
4.8027e+05
4.9878e+05
5.1735e+05
5.3596e+05
5.5458e+05
5.7317e+05
5.9171e+05
6.1016e+05
6.285e+05
6.4668e+05
6.6468e+05
6.8247e+05
7.0001e+05
7.1728e+05
7.3424e+05
7.5086e+05
7.6711e+05
7.8296e+05
7.9839e+05
8.1337e+05
8.2786e+05
8.4184e+05
8.5529e+05
8.6818e+05
8.8048e+05
8.9218e+05
9.0325e+05
9.1368e+05
9.2344e+05
9.3252e+05
9.4089e+05
9.4856e+05
9.555e+05
9.6169e+05
9.6714e+05
9.7183e+05
9.7576e+05
9.7891e+05
9.8129e+05
9.829e+05
9.8373e+05
9.8378e+05
9.8305e+05
9.8156e+05
9.793e+05
9.7628e+05
9.7252e+05
9.6801e+05
9.6278e+05
9.5683e+05
9.5018e+05
9.4284e+05
9.3484e+05
9.2618e+05
9.1689e+05
9.0699e+05
8.965e+05
8.8544e+05
8.7383e+05
8.617e+05
8.4907e+05
8.3597e+05
8.2243e+05
8.0846e+05
7.941e+05
7.7938e+05
7.6431e+05
7.4894e+05
7.3329e+05
7.1738e+05
7.0125e+05
6.8492e+05
6.6842e+05
6.5178e+05
6.3503e+05
6.1819e+05
6.013e+05
5.8437e+05
5.6744e+05
5.5054e+05
5.3367e+05
5.1688e+05
5.0018e+05
4.8361e+05
4.6717e+05
4.5089e+05
4.348e+05
4.189e+05
4.0323e+05
3.878e+05
3.7263e+05
3.5772e+05
3.4311e+05
3.2879e+05
3.1479e+05
3.0112e+05
2.8778e+05
2.7479e+05
2.6216e+05
2.4989e+05
2.3799e+05
2.2646e+05
2.1532e+05
2.0456e+05
1.9419e+05
1.842e+05
1.7461e+05
1.654e+05
1.5658e+05
1.4815e+05
1.4011e+05
1.3244e+05
1.2515e+05
1.1823e+05
1.1168e+05
1.0549e+05
99649
94155
88998
84169
79661
75464
71568
67963
64639
61585
58790
56244
53935
51853
49986
48322
46851
45561
44442
43481
42669
41994
41446
41014
40689
40460
40318
40253
40257
40321
40436
40595
40789
41012
41257
41517
41785
42057
42327
42590
42840
43075
43291
43482
43648
43784
43890
43961
43998
43997
43960
43884
43769
43615
43422
43190
42920
42613
42270
41891
41478
41032
40556
40051
39518
38960
38378
37776
37155
36516
35864
35199
34524
33841
33153
32462
31769
31078
30391
29708
29033
28367
27712
27070
26442
25830
25235
24659
24103
23567
23054
22564
22097
21654
21236
20844
20477
20135
19820
19530
19266
19027
18813
18625
18460
18319
18201
18105
18030
17976
17941
17925
17927
17944
17977
18024
18084
18156
18237
18328
18427
18532
18642
18757
18874
18992
19111
19228
19343
19455
19563
19665
19761
19849
19928
19998
20058
20107
20145
20170
20182
20180
20165
20135
20090
20031
19956
19866
19760
19639
19502
19350
19183
19000
18803
18591
18366
18126
17874
17608
17331
17042
16742
16432
16112
15784
15447
