54964
57809
60730
63725
66788
69918
73111
76362
79669
83026
86431
89878
93365
96887
1.0044e+05
1.0402e+05
1.0762e+05
1.1124e+05
1.1487e+05
1.1851e+05
1.2216e+05
1.2581e+05
1.2945e+05
1.3309e+05
1.3672e+05
1.4033e+05
1.4392e+05
1.4749e+05
1.5103e+05
1.5454e+05
1.5802e+05
1.6145e+05
1.6485e+05
1.682e+05
1.715e+05
1.7475e+05
1.7795e+05
1.8109e+05
1.8417e+05
1.8718e+05
1.9014e+05
1.9302e+05
1.9584e+05
1.9858e+05
2.0125e+05
2.0385e+05
2.0637e+05
2.0882e+05
2.1118e+05
2.1347e+05
2.1567e+05
2.178e+05
2.1984e+05
2.218e+05
2.2368e+05
2.2548e+05
2.2719e+05
2.2882e+05
2.3037e+05
2.3184e+05
2.3324e+05
2.3455e+05
2.3578e+05
2.3694e+05
2.3802e+05
2.3902e+05
2.3996e+05
2.4082e+05
2.4161e+05
2.4233e+05
2.4299e+05
2.4358e+05
2.4411e+05
2.4458e+05
2.45e+05
2.4535e+05
2.4566e+05
2.4591e+05
2.4611e+05
2.4627e+05
2.4638e+05
2.4645e+05
2.4648e+05
2.4648e+05
2.4644e+05
2.4637e+05
2.4626e+05
2.4614e+05
2.4598e+05
2.4581e+05
2.4561e+05
2.454e+05
2.4517e+05
2.4493e+05
2.4468e+05
2.4442e+05
2.4415e+05
2.4387e+05
2.436e+05
2.4332e+05
2.4304e+05
2.4276e+05
2.4249e+05
2.4222e+05
2.4196e+05
2.417e+05
2.4146e+05
2.4122e+05
2.41e+05
2.4079e+05
2.4059e+05
2.404e+05
2.4023e+05
2.4007e+05
2.3993e+05
2.398e+05
2.3969e+05
2.396e+05
2.3952e+05
2.3946e+05
2.3941e+05
2.3938e+05
2.3937e+05
2.3937e+05
2.3939e+05
2.3942e+05
2.3947e+05
2.3953e+05
2.396e+05
2.3969e+05
2.3978e+05
2.3989e+05
2.4001e+05
2.4014e+05
2.4028e+05
2.4042e+05
2.4057e+05
2.4072e+05
2.4088e+05
2.4105e+05
2.4121e+05
2.4138e+05
2.4154e+05
2.417e+05
2.4186e+05
2.4202e+05
2.4217e+05
2.4232e+05
2.4246e+05
2.4259e+05
2.4271e+05
2.4282e+05
2.4292e+05
2.43e+05
2.4307e+05
2.4313e+05
2.4316e+05
2.4319e+05
2.4319e+05
2.4317e+05
2.4314e+05
2.4308e+05
2.43e+05
2.429e+05
2.4277e+05
2.4262e+05
2.4244e+05
2.4224e+05
2.4201e+05
2.4175e+05
2.4146e+05
2.4115e+05
2.408e+05
2.4042e+05
2.4002e+05
2.3958e+05
2.3911e+05
2.3861e+05
2.3808e+05
2.3751e+05
2.3691e+05
2.3628e+05
2.3561e+05
2.3491e+05
2.3417e+05
2.334e+05
2.3259e+05
2.3175e+05
2.3087e+05
2.2996e+05
2.2901e+05
2.2802e+05
2.27e+05
2.2595e+05
2.2485e+05
2.2372e+05
2.2256e+05
2.2136e+05
2.2012e+05
2.1884e+05
2.1753e+05
2.1619e+05
2.148e+05
2.1339e+05
2.1193e+05
2.1044e+05
2.0891e+05
2.0735e+05
2.0576e+05
2.0412e+05
2.0246e+05
2.0075e+05
1.9902e+05
1.9724e+05
1.9544e+05
1.936e+05
1.9173e+05
1.8982e+05
1.8788e+05
1.8591e+05
1.8391e+05
1.8187e+05
1.7981e+05
1.7771e+05
1.7559e+05
1.7343e+05
1.7125e+05
1.6904e+05
1.668e+05
1.6454e+05
1.6225e+05
1.5993e+05
1.5759e+05
1.5523e+05
1.5284e+05
1.5044e+05
1.4801e+05
1.4557e+05
1.431e+05
1.4063e+05
1.3813e+05
1.3562e+05
1.331e+05
1.3057e+05
1.2802e+05
1.2547e+05
1.2291e+05
1.2034e+05
1.1777e+05
1.152e+05
1.1263e+05
1.1005e+05
1.0748e+05
1.0491e+05
1.0235e+05
99798
97254
94720
92199
89692
87202
84731
82279
79850
77444
75064
72712
70389
68097
65837
63612
61424
59273
57161
55091
53063
51080
49141
47250
45407
43612
41869
40176
38536
36950
35417
33939
32517
31151
29841
28588
27392
26253
25171
24146
23178
22266
21410
20609
19864
19172
18534
17948
17413
16928
16492
16103
15759
15460
15203
14987
14810
14670
14564
14492
14450
14437
14450
14487
14545
14623
14718
14827
14947
15078
15215
15357
15501
15645
15786
15923
16052
16171
16279
16374
16453
16514
16556
16577
16575
16548
16497
16419
16313
16178
16014
15820
15595
15340
15054
14738
14391
14014
13609
13175
12715
12229
11718
11186
10633
10062
9475.2
8875.4
8265.3
7648.1
7027
6405.5
5787.3
5176.2
4576.4
3992.2
3428.1
2888.7
2378.9
1903.6
1468.2
1077.8
738.11
454.64
233.19
79.644
0
0.36188
86.922
265.95
543.79
926.84
1421.5
2034.4
2771.8
3640.3
4646.4
5796.6
7097.3
8554.8
10176
11966
13931
16079
18414
20942
23669
26601
29742
33099
36675
40476
44505
48768
53268
58009
62994
68227
73709
79445
85435
91683
98188
1.0495e+05
1.1198e+05
1.1927e+05
1.2681e+05
1.3462e+05
1.4269e+05
1.5101e+05
1.596e+05
1.6844e+05
1.7753e+05
1.8687e+05
1.9646e+05
2.063e+05
2.1637e+05
2.2668e+05
2.3722e+05
2.4799e+05
2.5898e+05
2.7018e+05
2.8159e+05
2.932e+05
3.0501e+05
3.17e+05
3.2918e+05
3.4152e+05
3.5403e+05
3.6669e+05
3.795e+05
3.9244e+05
4.0551e+05
4.1869e+05
4.3198e+05
4.4536e+05
4.5883e+05
4.7237e+05
4.8597e+05
4.9962e+05
5.1331e+05
5.2702e+05
5.4075e+05
5.5448e+05
5.6819e+05
5.8189e+05
5.9555e+05
6.0915e+05
6.227e+05
6.3617e+05
6.4956e+05
6.6285e+05
6.7602e+05
6.8907e+05
7.0197e+05
7.1473e+05
7.2733e+05
7.3974e+05
7.5197e+05
7.64e+05
7.7582e+05
7.8741e+05
7.9876e+05
8.0987e+05
8.2072e+05
8.313e+05
8.4159e+05
8.516e+05
8.613e+05
8.707e+05
8.7977e+05
8.8851e+05
8.9692e+05
9.0497e+05
9.1267e+05
9.2001e+05
9.2698e+05
9.3357e+05
9.3978e+05
9.4559e+05
9.5101e+05
9.5603e+05
9.6065e+05
9.6485e+05
9.6864e+05
9.7202e+05
9.7497e+05
9.775e+05
9.7961e+05
9.8129e+05
9.8255e+05
9.8338e+05
9.8378e+05
9.8375e+05
9.833e+05
9.8242e+05
9.8112e+05
9.794e+05
9.7726e+05
9.7471e+05
9.7175e+05
9.6838e+05
9.6461e+05
9.6044e+05
9.5588e+05
9.5093e+05
9.4561e+05
9.3991e+05
9.3384e+05
9.2742e+05
9.2064e+05
9.1352e+05
9.0607e+05
8.9829e+05
8.9019e+05
8.8178e+05
8.7307e+05
8.6408e+05
8.548e+05
8.4526e+05
8.3546e+05
8.2541e+05
8.1512e+05
8.046e+05
7.9387e+05
7.8294e+05
7.7181e+05
7.605e+05
7.4902e+05
7.3739e+05
7.256e+05
7.1368e+05
7.0163e+05
6.8948e+05
6.7722e+05
6.6487e+05
6.5244e+05
6.3995e+05
6.2741e+05
6.1481e+05
6.0219e+05
5.8954e+05
5.7689e+05
5.6423e+05
5.5159e+05
5.3896e+05
5.2637e+05
5.1381e+05
5.0131e+05
4.8887e+05
4.765e+05
4.642e+05
4.52e+05
4.3989e+05
4.2788e+05
4.1599e+05
4.0422e+05
3.9257e+05
3.8107e+05
3.697e+05
3.5848e+05
3.4742e+05
3.3652e+05
3.2579e+05
3.1522e+05
3.0484e+05
2.9464e+05
2.8462e+05
2.748e+05
2.6517e+05
2.5574e+05
2.465e+05
2.3748e+05
2.2866e+05
2.2005e+05
2.1165e+05
2.0346e+05
1.9548e+05
1.8772e+05
1.8018e+05
1.7285e+05
1.6574e+05
1.5884e+05
1.5216e+05
1.457e+05
1.3944e+05
1.3341e+05
1.2758e+05
1.2196e+05
1.1656e+05
1.1136e+05
1.0636e+05
1.0156e+05
96966
92565
88358
84340
80509
76861
73393
70101
66980
64028
61240
58611
56138
53816
51641
49609
47714
45952
44320
42811
41422
40148
38985
37927
36970
36110
35341
34660
34063
33543
33098
32723
32414
32166
31975
31837
31749
31707
31706
31743
31815
31918
32048
32203
32379
32573
32782
33004
33235
33473
33716
33961
34206
34448
34687
34919
35143
35357
35560
35751
35927
36088
36233
36359
36468
36557
36626
36674
36701
36706
36688
36649
36586
36501
36392
36261
36107
35930
35730
35508
35264
34999
34712
34404
34075
33727
33360
32974
32570
32149
31711
31257
30788
30304
29807
29296
28773
28239
27694
27140
26576
26004
25424
24838
24246
23648
23046
22440
21831
21219
20606
19992
19378
18763
18150
17538
16927
16320
15715
15114
14516
13923
13335
12752
12175
11603
11037
10478
9925.9
9380.4
8842.2
8311.3
7787.9
7272.1
