1.6191e+05
1.6455e+05
1.6721e+05
1.699e+05
1.726e+05
1.7532e+05
1.7805e+05
1.808e+05
1.8355e+05
1.8632e+05
1.8909e+05
1.9187e+05
1.9464e+05
1.9742e+05
2.002e+05
2.0297e+05
2.0574e+05
2.085e+05
2.1125e+05
2.1399e+05
2.1671e+05
2.1942e+05
2.2211e+05
2.2478e+05
2.2743e+05
2.3006e+05
2.3266e+05
2.3524e+05
2.3778e+05
2.403e+05
2.4279e+05
2.4524e+05
2.4766e+05
2.5004e+05
2.5239e+05
2.5469e+05
2.5696e+05
2.5919e+05
2.6137e+05
2.6351e+05
2.656e+05
2.6765e+05
2.6965e+05
2.7161e+05
2.7351e+05
2.7537e+05
2.7718e+05
2.7893e+05
2.8064e+05
2.8229e+05
2.8389e+05
2.8544e+05
2.8694e+05
2.8838e+05
2.8977e+05
2.9111e+05
2.9239e+05
2.9362e+05
2.9479e+05
2.9592e+05
2.9699e+05
2.9801e+05
2.9897e+05
2.9988e+05
3.0074e+05
3.0155e+05
3.0231e+05
3.0302e+05
3.0368e+05
3.043e+05
3.0486e+05
3.0538e+05
3.0585e+05
3.0627e+05
3.0666e+05
3.0699e+05
3.0729e+05
3.0754e+05
3.0776e+05
3.0793e+05
3.0807e+05
3.0816e+05
3.0823e+05
3.0826e+05
3.0825e+05
3.0822e+05
3.0815e+05
3.0805e+05
3.0793e+05
3.0778e+05
3.076e+05
3.074e+05
3.0717e+05
3.0692e+05
3.0665e+05
3.0637e+05
3.0606e+05
3.0574e+05
3.054e+05
3.0505e+05
3.0468e+05
3.043e+05
3.0391e+05
3.0351e+05
3.031e+05
3.0268e+05
3.0226e+05
3.0183e+05
3.0139e+05
3.0095e+05
3.0051e+05
3.0007e+05
2.9962e+05
2.9917e+05
2.9872e+05
2.9827e+05
2.9782e+05
2.9737e+05
2.9693e+05
2.9648e+05
2.9604e+05
2.956e+05
2.9517e+05
2.9473e+05
2.943e+05
2.9387e+05
2.9345e+05
2.9303e+05
2.9261e+05
2.9219e+05
2.9178e+05
2.9137e+05
2.9096e+05
2.9056e+05
2.9015e+05
2.8975e+05
2.8935e+05
2.8894e+05
2.8854e+05
2.8813e+05
2.8772e+05
2.8731e+05
2.869e+05
2.8648e+05
2.8606e+05
2.8563e+05
2.852e+05
2.8475e+05
2.843e+05
2.8384e+05
2.8337e+05
2.8288e+05
2.8239e+05
2.8188e+05
2.8135e+05
2.8081e+05
2.8026e+05
2.7968e+05
2.7909e+05
2.7848e+05
2.7784e+05
2.7719e+05
2.7651e+05
2.7581e+05
2.7508e+05
2.7433e+05
2.7355e+05
2.7274e+05
2.7191e+05
2.7105e+05
2.7015e+05
2.6923e+05
2.6827e+05
2.6728e+05
2.6626e+05
2.6521e+05
2.6412e+05
2.6299e+05
2.6183e+05
2.6064e+05
2.5941e+05
2.5814e+05
2.5684e+05
2.555e+05
2.5413e+05
2.5272e+05
2.5127e+05
2.4978e+05
2.4826e+05
2.467e+05
2.4511e+05
2.4348e+05
2.4181e+05
2.4011e+05
2.3837e+05
2.366e+05
2.348e+05
2.3296e+05
2.311e+05
2.292e+05
2.2727e+05
2.2531e+05
2.2333e+05
2.2131e+05
2.1927e+05
2.1721e+05
2.1512e+05
2.1301e+05
2.1087e+05
2.0872e+05
2.0655e+05
2.0436e+05
2.0216e+05
1.9994e+05
1.9771e+05
1.9546e+05
1.9321e+05
1.9095e+05
1.8869e+05
1.8641e+05
1.8414e+05
1.8186e+05
1.7959e+05
1.7732e+05
1.7505e+05
1.7278e+05
1.7052e+05
1.6827e+05
1.6603e+05
1.6381e+05
1.6159e+05
1.594e+05
1.5721e+05
1.5505e+05
1.5291e+05
1.5079e+05
1.4869e+05
1.4661e+05
1.4456e+05
1.4254e+05
1.4054e+05
1.3858e+05
1.3664e+05
1.3474e+05
1.3286e+05
1.3103e+05
1.2922e+05
1.2745e+05
1.2572e+05
1.2403e+05
1.2237e+05
1.2075e+05
1.1917e+05
1.1762e+05
1.1612e+05
1.1465e+05
1.1323e+05
1.1184e+05
1.105e+05
1.0919e+05
1.0793e+05
1.067e+05
1.0551e+05
1.0436e+05
1.0325e+05
1.0217e+05
1.0113e+05
1.0013e+05
99165
98233
97334
96468
95634
94829
94054
93306
92585
91889
91217
90567
89937
89327
88734
88156
87593
87042
86502
85970
85445
84926
84410
83895
83380
82864
82343
81817
81283
80740
80186
79619
79038
78442
77827
77194
76541
75865
75166
74443
73694
72919
72115
71283
70421
69528
68604
67649
66661
65641
64588
63502
62383
61231
60046
58829
57579
56298
54987
53646
52275
50877
49453
48003
46529
45033
43517
41982
40431
38865
37287
35700
34106
32507
30907
29308
27713
26126
24550
22987
21443
19919
18420
16950
15512
14111
12750
11434
10166
8951.9
7794.7
6699.1
5669.6
4710.7
3826.7
3022.4
2302.1
1670.5
1132.2
691.7
353.67
122.66
3.2596
0
117.41
359.97
732.12
1238.3
1882.7
2669.8
3603.7
4688.6
5928.5
7327.3
8888.9
10617
12516
14588
16837
19267
21880
24680
27669
30851
34227
37800
41572
45546
49722
54103
58691
63486
68490
73703
79126
84759
90604
96659
1.0293e+05
1.094e+05
1.1609e+05
1.2298e+05
1.3008e+05
1.3739e+05
1.4491e+05
1.5262e+05
1.6054e+05
1.6866e+05
1.7697e+05
1.8548e+05
1.9417e+05
2.0306e+05
2.1213e+05
2.2138e+05
2.3081e+05
2.4041e+05
2.5017e+05
2.6011e+05
2.702e+05
2.8045e+05
2.9085e+05
3.0139e+05
3.1207e+05
3.2288e+05
3.3383e+05
3.4489e+05
3.5607e+05
3.6736e+05
3.7875e+05
3.9023e+05
4.0181e+05
4.1346e+05
4.2519e+05
4.3699e+05
4.4885e+05
4.6077e+05
4.7272e+05
4.8472e+05
4.9674e+05
5.0879e+05
5.2085e+05
5.3291e+05
5.4498e+05
5.5703e+05
5.6906e+05
5.8107e+05
5.9304e+05
6.0497e+05
6.1685e+05
6.2866e+05
6.4041e+05
6.5208e+05
6.6367e+05
6.7516e+05
6.8656e+05
6.9784e+05
7.09e+05
7.2004e+05
7.3095e+05
7.4171e+05
7.5232e+05
7.6278e+05
7.7307e+05
7.8319e+05
7.9313e+05
8.0289e+05
8.1245e+05
8.2181e+05
8.3096e+05
8.399e+05
8.4862e+05
8.5711e+05
8.6537e+05
8.7339e+05
8.8116e+05
8.8868e+05
8.9595e+05
9.0296e+05
9.097e+05
9.1617e+05
9.2237e+05
9.2829e+05
9.3392e+05
9.3927e+05
9.4433e+05
9.4909e+05
9.5356e+05
9.5772e+05
9.6159e+05
9.6515e+05
9.684e+05
9.7134e+05
9.7398e+05
9.763e+05
9.7831e+05
9.8001e+05
9.8139e+05
9.8246e+05
9.8321e+05
9.8365e+05
9.8378e+05
9.8359e+05
9.8309e+05
9.8228e+05
9.8116e+05
9.7974e+05
9.7801e+05
9.7597e+05
9.7364e+05
9.71e+05
9.6808e+05
9.6485e+05
9.6134e+05
9.5755e+05
9.5347e+05
9.4912e+05
9.4449e+05
9.3959e+05
9.3443e+05
9.2901e+05
9.2334e+05
9.1741e+05
9.1124e+05
9.0484e+05
8.9819e+05
8.9133e+05
8.8423e+05
8.7693e+05
8.6941e+05
8.6169e+05
8.5378e+05
8.4567e+05
8.3738e+05
8.2891e+05
8.2028e+05
8.1148e+05
8.0252e+05
7.9341e+05
7.8416e+05
7.7478e+05
7.6526e+05
7.5563e+05
7.4588e+05
7.3602e+05
7.2607e+05
7.1602e+05
7.0589e+05
6.9568e+05
6.854e+05
6.7505e+05
6.6465e+05
6.542e+05
6.4371e+05
6.3318e+05
6.2263e+05
6.1205e+05
6.0146e+05
5.9086e+05
5.8026e+05
5.6966e+05
5.5908e+05
5.4851e+05
5.3797e+05
5.2746e+05
5.1699e+05
5.0656e+05
4.9618e+05
4.8585e+05
4.7559e+05
4.6538e+05
4.5525e+05
4.452e+05
4.3522e+05
4.2534e+05
4.1554e+05
4.0584e+05
3.9623e+05
3.8673e+05
3.7734e+05
3.6806e+05
3.589e+05
3.4985e+05
3.4093e+05
3.3214e+05
3.2347e+05
3.1493e+05
3.0653e+05
2.9827e+05
2.9015e+05
2.8216e+05
2.7433e+05
2.6663e+05
2.5909e+05
2.517e+05
2.4445e+05
2.3736e+05
2.3042e+05
2.2364e+05
2.1701e+05
2.1054e+05
2.0422e+05
1.9806e+05
1.9206e+05
1.8621e+05
1.8052e+05
1.7498e+05
1.696e+05
1.6438e+05
1.5931e+05
1.5439e+05
1.4963e+05
1.4502e+05
1.4056e+05
1.3625e+05
1.3209e+05
1.2807e+05
1.242e+05
1.2047e+05
1.1688e+05
1.1343e+05
1.1012e+05
1.0695e+05
1.0391e+05
1.01e+05
98214
95558
93026
90615
88323
86147
84085
82133
80290
78552
76916
75381
73942
72597
71343
70177
69097
68099
67180
66338
65570
64872
64242
63677
63174
62731
62344
62010
61728
61493
61304
61158
61053
60985
60952
60952
60982
61039
61123
61229
61357
61504
61667
61845
62035
62237
62447
62664
62887
63113
63341
63570
63797
64022
64243
64459
64668
64869
65062
65245
65417
65577
65724
65858
65978
66083
66171
66244
66300
66339
66360
66363
66348
66314
66261
66189
66098
65987
65857
65708
65540
65352
65146
64920
64676
64413
64132
63832
63515
63181
62829
62461
62077
61676
61261
60830
60385
59926
59453
58968
58470
57960
57438
56906
56364
55812
55251
54681
54103
53518
