1.3022e+05
1.3299e+05
1.3579e+05
1.3862e+05
1.4147e+05
1.4434e+05
1.4724e+05
1.5016e+05
1.5309e+05
1.5604e+05
1.5899e+05
1.6196e+05
1.6494e+05
1.6793e+05
1.7091e+05
1.739e+05
1.7689e+05
1.7988e+05
1.8286e+05
1.8584e+05
1.888e+05
1.9176e+05
1.947e+05
1.9763e+05
2.0053e+05
2.0343e+05
2.0629e+05
2.0914e+05
2.1196e+05
2.1476e+05
2.1752e+05
2.2026e+05
2.2296e+05
2.2563e+05
2.2826e+05
2.3086e+05
2.3341e+05
2.3593e+05
2.3841e+05
2.4084e+05
2.4322e+05
2.4557e+05
2.4786e+05
2.5011e+05
2.523e+05
2.5445e+05
2.5655e+05
2.5859e+05
2.6058e+05
2.6252e+05
2.644e+05
2.6623e+05
2.68e+05
2.6971e+05
2.7137e+05
2.7297e+05
2.7452e+05
2.76e+05
2.7743e+05
2.788e+05
2.8012e+05
2.8138e+05
2.8258e+05
2.8372e+05
2.848e+05
2.8583e+05
2.868e+05
2.8772e+05
2.8858e+05
2.8939e+05
2.9014e+05
2.9084e+05
2.9149e+05
2.9208e+05
2.9262e+05
2.9312e+05
2.9356e+05
2.9396e+05
2.9431e+05
2.9461e+05
2.9487e+05
2.9509e+05
2.9526e+05
2.9539e+05
2.9548e+05
2.9553e+05
2.9555e+05
2.9553e+05
2.9547e+05
2.9538e+05
2.9526e+05
2.9511e+05
2.9493e+05
2.9472e+05
2.9448e+05
2.9422e+05
2.9394e+05
2.9363e+05
2.933e+05
2.9296e+05
2.9259e+05
2.9221e+05
2.9181e+05
2.914e+05
2.9098e+05
2.9055e+05
2.901e+05
2.8965e+05
2.8918e+05
2.8871e+05
2.8824e+05
2.8776e+05
2.8728e+05
2.8679e+05
2.863e+05
2.8582e+05
2.8533e+05
2.8484e+05
2.8436e+05
2.8387e+05
2.8339e+05
2.8292e+05
2.8244e+05
2.8198e+05
2.8151e+05
2.8105e+05
2.806e+05
2.8016e+05
2.7972e+05
2.7928e+05
2.7886e+05
2.7843e+05
2.7802e+05
2.7761e+05
2.7721e+05
2.7681e+05
2.7642e+05
2.7603e+05
2.7565e+05
2.7527e+05
2.749e+05
2.7453e+05
2.7416e+05
2.738e+05
2.7344e+05
2.7307e+05
2.7271e+05
2.7235e+05
2.7198e+05
2.7162e+05
2.7125e+05
2.7087e+05
2.7049e+05
2.701e+05
2.6971e+05
2.6931e+05
2.689e+05
2.6848e+05
2.6804e+05
2.676e+05
2.6714e+05
2.6666e+05
2.6617e+05
2.6567e+05
2.6514e+05
2.6459e+05
2.6403e+05
2.6344e+05
2.6283e+05
2.622e+05
2.6154e+05
2.6086e+05
2.6015e+05
2.5941e+05
2.5864e+05
2.5785e+05
2.5702e+05
2.5616e+05
2.5527e+05
2.5435e+05
2.5339e+05
2.524e+05
2.5137e+05
2.5031e+05
2.4921e+05
2.4807e+05
2.469e+05
2.4569e+05
2.4444e+05
2.4316e+05
2.4184e+05
2.4047e+05
2.3907e+05
2.3763e+05
2.3615e+05
2.3464e+05
2.3308e+05
2.3149e+05
2.2986e+05
2.2819e+05
2.2649e+05
2.2475e+05
2.2297e+05
2.2116e+05
2.1931e+05
2.1743e+05
2.1551e+05
2.1356e+05
2.1158e+05
2.0957e+05
2.0753e+05
2.0546e+05
2.0337e+05
2.0124e+05
1.991e+05
1.9692e+05
1.9473e+05
1.9251e+05
1.9028e+05
1.8802e+05
1.8575e+05
1.8346e+05
1.8116e+05
1.7884e+05
1.7651e+05
1.7418e+05
1.7183e+05
1.6948e+05
1.6712e+05
1.6476e+05
1.624e+05
1.6004e+05
1.5768e+05
1.5532e+05
1.5296e+05
1.5061e+05
1.4827e+05
1.4594e+05
1.4362e+05
1.4131e+05
1.3902e+05
1.3674e+05
1.3447e+05
1.3223e+05
1.3e+05
1.278e+05
1.2561e+05
1.2345e+05
1.2132e+05
1.192e+05
1.1712e+05
1.1506e+05
1.1303e+05
1.1103e+05
1.0907e+05
1.0713e+05
1.0522e+05
1.0335e+05
1.0151e+05
99698
97925
96186
94482
92813
91179
89581
88018
86491
84999
83542
82121
80734
79381
78063
76778
75526
74306
73118
71961
70835
69738
68669
67628
66614
65625
64661
63720
62801
61904
61026
60168
59326
58501
57691
56894
56109
55336
54572
53816
53067
52324
51586
50850
50116
49383
48650
47914
47176
46434
45687
44934
44174
43406
42630
41844
41048
40242
39424
38595
37753
36900
36033
35154
34262
33357
32440
31510
30569
29615
28651
27677
26693
25700
24699
23692
22680
21663
20643
19623
18603
17585
16571
15563
14563
13573
12596
11634
10689
9764.8
8862.8
7986.2
7138
6321
5538.3
4793.1
4088.4
3427.7
2814.2
2251.4
1742.6
1291.6
901.76
576.82
320.43
136.33
28.254
0
55.374
198.2
432.33
761.6
1189.9
1721
2358.8
3107.1
3969.7
4950.4
6053
7281
8638.3
10128
11755
13521
15430
17486
19692
22051
24566
27240
30076
33077
36245
39582
43092
46777
50638
54678
58899
63301
67887
72658
77616
82761
88094
93615
99327
1.0523e+05
1.1132e+05
1.176e+05
1.2407e+05
1.3073e+05
1.3757e+05
1.4461e+05
1.5183e+05
1.5924e+05
1.6683e+05
1.746e+05
1.8255e+05
1.9069e+05
1.9899e+05
2.0748e+05
2.1613e+05
2.2495e+05
2.3394e+05
2.4308e+05
2.5239e+05
2.6185e+05
2.7146e+05
2.8122e+05
2.9112e+05
3.0116e+05
3.1134e+05
3.2164e+05
3.3207e+05
3.4261e+05
3.5327e+05
3.6404e+05
3.7491e+05
3.8587e+05
3.9693e+05
4.0807e+05
4.1929e+05
4.3058e+05
4.4194e+05
4.5336e+05
4.6482e+05
4.7634e+05
4.8789e+05
4.9947e+05
5.1108e+05
5.2271e+05
5.3434e+05
5.4598e+05
5.5761e+05
5.6923e+05
5.8083e+05
5.924e+05
6.0394e+05
6.1543e+05
6.2688e+05
6.3826e+05
6.4958e+05
6.6082e+05
6.7199e+05
6.8306e+05
6.9404e+05
7.0491e+05
7.1568e+05
7.2632e+05
7.3684e+05
7.4722e+05
7.5746e+05
7.6755e+05
7.7749e+05
7.8726e+05
7.9687e+05
8.063e+05
8.1554e+05
8.246e+05
8.3346e+05
8.4211e+05
8.5056e+05
8.5879e+05
8.6681e+05
8.746e+05
8.8215e+05
8.8947e+05
8.9654e+05
9.0337e+05
9.0995e+05
9.1627e+05
9.2233e+05
9.2812e+05
9.3365e+05
9.389e+05
9.4387e+05
9.4857e+05
9.5298e+05
9.571e+05
9.6094e+05
9.6449e+05
9.6774e+05
9.7069e+05
9.7335e+05
9.7571e+05
9.7777e+05
9.7953e+05
9.8098e+05
9.8214e+05
9.8299e+05
9.8353e+05
9.8378e+05
9.8372e+05
9.8336e+05
9.8269e+05
9.8173e+05
9.8047e+05
9.7891e+05
9.7706e+05
9.7491e+05
9.7247e+05
9.6974e+05
9.6672e+05
9.6342e+05
9.5984e+05
9.5598e+05
9.5185e+05
9.4744e+05
9.4278e+05
9.3784e+05
9.3265e+05
9.2721e+05
9.2151e+05
9.1557e+05
9.094e+05
9.0298e+05
8.9634e+05
8.8947e+05
8.8238e+05
8.7508e+05
8.6757e+05
8.5986e+05
8.5196e+05
8.4386e+05
8.3558e+05
8.2713e+05
8.185e+05
8.0971e+05
8.0076e+05
7.9166e+05
7.8241e+05
7.7302e+05
7.6351e+05
7.5386e+05
7.441e+05
7.3423e+05
7.2426e+05
7.1419e+05
7.0402e+05
6.9378e+05
6.8345e+05
6.7306e+05
6.626e+05
6.5209e+05
6.4153e+05
6.3092e+05
6.2028e+05
6.0961e+05
5.9891e+05
5.882e+05
5.7748e+05
5.6676e+05
5.5604e+05
5.4533e+05
5.3463e+05
5.2395e+05
5.133e+05
5.0269e+05
4.9211e+05
4.8158e+05
4.711e+05
4.6067e+05
4.503e+05
4.4e+05
4.2978e+05
4.1962e+05
4.0955e+05
3.9956e+05
3.8966e+05
3.7986e+05
3.7015e+05
3.6055e+05
3.5105e+05
3.4166e+05
3.3239e+05
3.2323e+05
3.142e+05
3.0528e+05
2.965e+05
2.8784e+05
2.7931e+05
2.7092e+05
2.6267e+05
2.5456e+05
2.4658e+05
2.3875e+05
2.3107e+05
2.2353e+05
2.1614e+05
2.0889e+05
2.018e+05
1.9486e+05
1.8807e+05
1.8143e+05
1.7495e+05
1.6862e+05
1.6245e+05
1.5643e+05
1.5056e+05
1.4485e+05
1.3929e+05
1.3388e+05
1.2863e+05
1.2352e+05
1.1857e+05
1.1377e+05
1.0912e+05
1.0462e+05
1.0026e+05
96052
91986
88063
84281
80638
77133
73764
70528
67424
64450
61604
58882
56284
53806
51447
49203
47073
45053
43142
41336
39634
38032
36527
35117
33800
32572
31431
30374
29398
28501
27679
26931
26253
25642
25096
24613
24189
23822
23509
23247
23035
22870
22748
22668
22627
22623
22653
22716
22808
22928
23073
23242
23432
23641
23867
24109
24365
24632
24908
25194
25485
25782
26082
26384
26687
26989
27289
27585
27877
28163
28443
28714
28977
29230
29473
29704
29923
30130
30322
30501
30665
30814
30947
31065
31166
31250
31317
31367
31400
31414
31412
31391
31353
31297
31223
31131
31021
30894
30750
30588
30410
30214
30002
29774
29529
29269
28994
28704
28399
28079
27746
27400
27040
