1.7482e+05
1.7956e+05
1.843e+05
1.8903e+05
1.9376e+05
1.9847e+05
2.0317e+05
2.0784e+05
2.1247e+05
2.1707e+05
2.2163e+05
2.2614e+05
2.306e+05
2.35e+05
2.3933e+05
2.4361e+05
2.4781e+05
2.5193e+05
2.5598e+05
2.5994e+05
2.6381e+05
2.676e+05
2.7129e+05
2.7489e+05
2.7838e+05
2.8178e+05
2.8507e+05
2.8825e+05
2.9133e+05
2.9429e+05
2.9715e+05
2.9989e+05
3.0251e+05
3.0502e+05
3.0742e+05
3.097e+05
3.1187e+05
3.1392e+05
3.1585e+05
3.1767e+05
3.1937e+05
3.2097e+05
3.2244e+05
3.2381e+05
3.2507e+05
3.2623e+05
3.2727e+05
3.2822e+05
3.2906e+05
3.298e+05
3.3045e+05
3.3101e+05
3.3147e+05
3.3185e+05
3.3214e+05
3.3235e+05
3.3249e+05
3.3255e+05
3.3254e+05
3.3247e+05
3.3233e+05
3.3213e+05
3.3188e+05
3.3158e+05
3.3123e+05
3.3084e+05
3.3041e+05
3.2995e+05
3.2946e+05
3.2894e+05
3.284e+05
3.2784e+05
3.2727e+05
3.2668e+05
3.261e+05
3.2551e+05
3.2493e+05
3.2435e+05
3.2378e+05
3.2323e+05
3.2269e+05
3.2218e+05
3.2169e+05
3.2123e+05
3.208e+05
3.204e+05
3.2005e+05
3.1973e+05
3.1946e+05
3.1923e+05
3.1906e+05
3.1893e+05
3.1886e+05
3.1884e+05
3.1888e+05
3.1897e+05
3.1913e+05
3.1935e+05
3.1963e+05
3.1997e+05
3.2038e+05
3.2085e+05
3.2139e+05
3.22e+05
3.2267e+05
3.234e+05
3.2421e+05
3.2508e+05
3.2601e+05
3.2701e+05
3.2807e+05
3.2919e+05
3.3037e+05
3.3162e+05
3.3292e+05
3.3428e+05
3.3569e+05
3.3716e+05
3.3867e+05
3.4024e+05
3.4185e+05
3.4351e+05
3.452e+05
3.4694e+05
3.4871e+05
3.5052e+05
3.5235e+05
3.5421e+05
3.561e+05
3.58e+05
3.5992e+05
3.6186e+05
3.6381e+05
3.6576e+05
3.6772e+05
3.6968e+05
3.7164e+05
3.7359e+05
3.7553e+05
3.7745e+05
3.7936e+05
3.8125e+05
3.8312e+05
3.8495e+05
3.8676e+05
3.8853e+05
3.9026e+05
3.9195e+05
3.936e+05
3.952e+05
3.9675e+05
3.9825e+05
3.9969e+05
4.0107e+05
4.0239e+05
4.0364e+05
4.0483e+05
4.0595e+05
4.0699e+05
4.0796e+05
4.0885e+05
4.0967e+05
4.1041e+05
4.1106e+05
4.1163e+05
4.1211e+05
4.1251e+05
4.1282e+05
4.1304e+05
4.1317e+05
4.1321e+05
4.1316e+05
4.1302e+05
4.1278e+05
4.1245e+05
4.1203e+05
4.1152e+05
4.1091e+05
4.1021e+05
4.0942e+05
4.0854e+05
4.0757e+05
4.0651e+05
4.0536e+05
4.0412e+05
4.0279e+05
4.0138e+05
3.9989e+05
3.9831e+05
3.9665e+05
3.9491e+05
3.931e+05
3.9121e+05
3.8924e+05
3.8721e+05
3.851e+05
3.8293e+05
3.8069e+05
3.7839e+05
3.7602e+05
3.736e+05
3.7113e+05
3.686e+05
3.6602e+05
3.634e+05
3.6072e+05
3.5801e+05
3.5526e+05
3.5246e+05
3.4964e+05
3.4678e+05
3.4389e+05
3.4098e+05
3.3804e+05
3.3508e+05
3.321e+05
3.2911e+05
3.261e+05
3.2308e+05
3.2005e+05
3.1701e+05
3.1397e+05
3.1093e+05
3.0789e+05
3.0485e+05
3.0181e+05
2.9878e+05
2.9576e+05
2.9275e+05
2.8975e+05
2.8677e+05
2.838e+05
2.8085e+05
2.7791e+05
2.75e+05
2.721e+05
2.6923e+05
2.6638e+05
2.6355e+05
2.6075e+05
2.5798e+05
2.5523e+05
2.525e+05
2.4981e+05
2.4714e+05
2.445e+05
2.4189e+05
2.393e+05
2.3675e+05
2.3422e+05
2.3172e+05
2.2924e+05
2.268e+05
2.2438e+05
2.2198e+05
2.1962e+05
2.1727e+05
2.1496e+05
2.1266e+05
2.1039e+05
2.0814e+05
2.0591e+05
2.037e+05
2.015e+05
1.9933e+05
1.9717e+05
1.9502e+05
1.9289e+05
1.9077e+05
1.8866e+05
1.8657e+05
1.8448e+05
1.8239e+05
1.8031e+05
1.7824e+05
1.7617e+05
1.7409e+05
1.7202e+05
1.6995e+05
1.6787e+05
1.6579e+05
1.637e+05
1.6161e+05
1.5951e+05
1.5739e+05
1.5527e+05
1.5314e+05
1.5099e+05
1.4883e+05
1.4665e+05
1.4445e+05
1.4225e+05
1.4002e+05
1.3777e+05
1.3551e+05
1.3323e+05
1.3092e+05
1.286e+05
1.2626e+05
1.2389e+05
1.2151e+05
1.191e+05
1.1668e+05
1.1423e+05
1.1176e+05
1.0928e+05
1.0678e+05
1.0425e+05
1.0171e+05
99159
96588
94002
91403
88792
86171
83541
80904
78261
75616
72968
70322
67678
65039
62409
59788
57180
54588
52015
49462
46934
44434
41964
39529
37130
34772
32459
30193
27978
25818
23718
21679
19707
17805
15977
14227
12558
10976
9482.8
8083.6
6782
5582.1
4487.7
3502.8
2631.3
1877.1
1244.1
736.18
357.01
110.39
0
29.477
202.39
522.24
992.47
1616.4
2397.3
3338.4
4442.8
5713.4
7153.1
8764.7
10551
12514
14657
16981
19490
22185
25067
28140
31403
34860
38510
42356
46398
50637
55074
59709
64542
69575
74806
80236
85864
91691
97714
1.0393e+05
1.1035e+05
1.1696e+05
1.2376e+05
1.3075e+05
1.3793e+05
1.453e+05
1.5285e+05
1.6059e+05
1.6851e+05
1.766e+05
1.8487e+05
1.9332e+05
2.0193e+05
2.107e+05
2.1964e+05
2.2874e+05
2.3799e+05
2.4739e+05
2.5694e+05
2.6663e+05
2.7645e+05
2.8641e+05
2.965e+05
3.0672e+05
3.1705e+05
3.2749e+05
3.3804e+05
3.4869e+05
3.5945e+05
3.7029e+05
3.8121e+05
3.9222e+05
4.033e+05
4.1445e+05
4.2566e+05
4.3693e+05
4.4824e+05
4.596e+05
4.7099e+05
4.8241e+05
4.9386e+05
5.0532e+05
5.1679e+05
5.2826e+05
5.3973e+05
5.5119e+05
5.6263e+05
5.7404e+05
5.8542e+05
5.9677e+05
6.0807e+05
6.1931e+05
6.305e+05
6.4162e+05
6.5267e+05
6.6363e+05
6.7451e+05
6.853e+05
6.9599e+05
7.0657e+05
7.1703e+05
7.2738e+05
7.376e+05
7.4769e+05
7.5763e+05
7.6743e+05
7.7708e+05
7.8657e+05
7.959e+05
8.0506e+05
8.1404e+05
8.2284e+05
8.3145e+05
8.3988e+05
8.481e+05
8.5612e+05
8.6394e+05
8.7154e+05
8.7893e+05
8.8609e+05
8.9303e+05
8.9973e+05
9.0621e+05
9.1244e+05
9.1843e+05
9.2418e+05
9.2968e+05
9.3493e+05
9.3992e+05
9.4465e+05
9.4912e+05
9.5333e+05
9.5728e+05
9.6095e+05
9.6436e+05
9.6749e+05
9.7036e+05
9.7294e+05
9.7526e+05
9.7729e+05
9.7905e+05
9.8053e+05
9.8174e+05
9.8267e+05
9.8331e+05
9.8368e+05
9.8378e+05
9.8359e+05
9.8313e+05
9.824e+05
9.8139e+05
9.8011e+05
9.7856e+05
9.7674e+05
9.7465e+05
9.723e+05
9.6968e+05
9.668e+05
9.6367e+05
9.6028e+05
9.5664e+05
9.5275e+05
9.4861e+05
9.4424e+05
9.3962e+05
9.3477e+05
9.2969e+05
9.2438e+05
9.1884e+05
9.1309e+05
9.0713e+05
9.0095e+05
8.9457e+05
8.8799e+05
8.8122e+05
8.7425e+05
8.671e+05
8.5977e+05
8.5226e+05
8.4458e+05
8.3674e+05
8.2874e+05
8.2059e+05
8.1229e+05
8.0385e+05
7.9527e+05
7.8656e+05
7.7772e+05
7.6877e+05
7.597e+05
7.5052e+05
7.4125e+05
7.3188e+05
7.2242e+05
7.1287e+05
7.0325e+05
6.9356e+05
6.838e+05
6.7398e+05
6.6411e+05
6.5419e+05
6.4423e+05
6.3423e+05
6.242e+05
6.1415e+05
6.0408e+05
5.94e+05
5.839e+05
5.7381e+05
5.6372e+05
5.5364e+05
5.4357e+05
5.3352e+05
5.235e+05
5.1351e+05
5.0355e+05
4.9363e+05
4.8375e+05
4.7393e+05
4.6416e+05
4.5445e+05
4.448e+05
4.3522e+05
4.2571e+05
4.1627e+05
4.0692e+05
3.9765e+05
3.8847e+05
3.7938e+05
3.7038e+05
3.6149e+05
3.5269e+05
3.44e+05
3.3542e+05
3.2695e+05
3.1859e+05
3.1035e+05
3.0223e+05
2.9423e+05
2.8635e+05
2.786e+05
2.7098e+05
2.6349e+05
2.5613e+05
2.489e+05
2.4181e+05
2.3486e+05
2.2804e+05
2.2136e+05
2.1482e+05
2.0843e+05
2.0217e+05
1.9606e+05
1.9009e+05
1.8426e+05
1.7857e+05
1.7303e+05
1.6764e+05
1.6238e+05
1.5727e+05
1.5231e+05
1.4748e+05
1.428e+05
1.3826e+05
1.3386e+05
1.2961e+05
1.2549e+05
1.215e+05
1.1766e+05
1.1395e+05
1.1038e+05
1.0694e+05
1.0363e+05
1.0045e+05
97399
94475
91676
89001
86447
84012
81694
79492
77402
75423
73553
71789
70128
68569
67109
65745
64476
63298
62208
61205
60286
59447
58688
58003
57392
56852
56379
55971
55626
55341
55113
54939
54817
54744
54718
54736
54796
54894
55029
55198
55399
55629
55885
56166
56469
56792
57132
57488
57858
58238
58628
59025
59427
59833
60240
60647
61053
61454
61850
62240
62621
62992
63352
63700
64034
64353
64656
64941
65208
65457
65684
65891
66076
66239
66378
66493
66584
66650
66690
66705
66693
66654
66589
66497
66378
66231
66057
65856
65628
65372
65089
64780
64443
64081
63692
63278
62838
62373
61883
61370
60832
60272
59689
59085
58459
57812
57145
56460
55755
55033
54293
53537
52766
