65855
69360
73109
77096
81320
85776
90459
95362
1.0048e+05
1.058e+05
1.1131e+05
1.1702e+05
1.229e+05
1.2894e+05
1.3514e+05
1.4147e+05
1.4794e+05
1.5451e+05
1.6119e+05
1.6795e+05
1.7477e+05
1.8166e+05
1.8857e+05
1.9551e+05
2.0245e+05
2.0938e+05
2.1628e+05
2.2314e+05
2.2993e+05
2.3665e+05
2.4327e+05
2.4977e+05
2.5615e+05
2.6239e+05
2.6846e+05
2.7436e+05
2.8008e+05
2.8559e+05
2.9088e+05
2.9594e+05
3.0076e+05
3.0533e+05
3.0963e+05
3.1366e+05
3.174e+05
3.2085e+05
3.2399e+05
3.2683e+05
3.2935e+05
3.3155e+05
3.3342e+05
3.3496e+05
3.3617e+05
3.3705e+05
3.3758e+05
3.3779e+05
3.3765e+05
3.3718e+05
3.3637e+05
3.3524e+05
3.3378e+05
3.3199e+05
3.2989e+05
3.2748e+05
3.2476e+05
3.2175e+05
3.1844e+05
3.1486e+05
3.11e+05
3.0689e+05
3.0252e+05
2.9791e+05
2.9307e+05
2.8802e+05
2.8276e+05
2.773e+05
2.7167e+05
2.6586e+05
2.599e+05
2.538e+05
2.4757e+05
2.4123e+05
2.3478e+05
2.2825e+05
2.2164e+05
2.1497e+05
2.0826e+05
2.0151e+05
1.9474e+05
1.8796e+05
1.8119e+05
1.7444e+05
1.6772e+05
1.6104e+05
1.5442e+05
1.4786e+05
1.4138e+05
1.35e+05
1.2871e+05
1.2253e+05
1.1648e+05
1.1055e+05
1.0477e+05
99129
93650
88337
83196
78237
73464
68886
64507
60335
56373
52626
49100
45797
42722
39878
37267
34891
32754
30855
29197
27780
26604
25669
24975
24521
24306
24328
24585
25075
25795
26742
27912
29302
30908
32725
34748
36972
39392
42002
44795
47766
50907
54211
57671
61280
65030
68912
72918
77040
81269
85596
90012
94508
99075
1.037e+05
1.0838e+05
1.131e+05
1.1785e+05
1.2263e+05
1.2742e+05
1.3221e+05
1.3699e+05
1.4176e+05
1.465e+05
1.5121e+05
1.5587e+05
1.6048e+05
1.6503e+05
1.695e+05
1.739e+05
1.7821e+05
1.8243e+05
1.8654e+05
1.9054e+05
1.9443e+05
1.9819e+05
2.0182e+05
2.0532e+05
2.0868e+05
2.1189e+05
2.1495e+05
2.1785e+05
2.206e+05
2.2318e+05
2.256e+05
2.2785e+05
2.2993e+05
2.3184e+05
2.3358e+05
2.3515e+05
2.3654e+05
2.3776e+05
2.3881e+05
2.3969e+05
2.4039e+05
2.4093e+05
2.4129e+05
2.415e+05
2.4154e+05
2.4142e+05
2.4114e+05
2.4071e+05
2.4014e+05
2.3941e+05
2.3854e+05
2.3753e+05
2.3639e+05
2.3512e+05
2.3372e+05
2.322e+05
2.3056e+05
2.2881e+05
2.2695e+05
2.2499e+05
2.2293e+05
2.2077e+05
2.1852e+05
2.1618e+05
2.1375e+05
2.1125e+05
2.0867e+05
2.0602e+05
2.033e+05
2.0052e+05
1.9767e+05
1.9477e+05
1.9181e+05
1.888e+05
1.8574e+05
1.8263e+05
1.7948e+05
1.7628e+05
1.7305e+05
1.6978e+05
1.6647e+05
1.6313e+05
1.5977e+05
1.5637e+05
1.5295e+05
1.4951e+05
1.4604e+05
1.4255e+05
1.3905e+05
1.3553e+05
1.32e+05
1.2846e+05
1.2492e+05
1.2136e+05
1.1781e+05
1.1425e+05
1.1069e+05
1.0715e+05
1.0361e+05
1.0008e+05
96565
93069
89595
86145
82723
79333
75979
72663
69391
66164
62988
59866
56801
53797
50858
47988
45189
42464
39818
37252
34770
32374
30066
27849
25723
23692
21756
19915
18172
16525
14976
13523
12166
10904
9736.2
8660.5
7675.1
6777.8
5966
5236.9
4587.3
4014
3513.4
3081.6
2714.6
2408.3
2158.4
1960.5
1809.9
1702.3
1632.8
1597
1590.2
1607.9
1645.7
1699.3
1764.5
1837.3
1913.9
1990.8
2064.7
2132.5
2191.5
2239.4
2274
2293.6
2297
2283
2251.1
2201
2133
2047.5
1945.4
1828
1696.9
1554.1
1401.9
1242.8
1079.7
915.74
754.22
598.68
452.84
320.5
205.61
112.13
44.056
5.3748
0
31.751
104.31
221.17
385.63
600.71
869.16
1193.4
1575.4
2017
2519.3
3083.1
3708.9
4396.4
5144.9
5953.4
6820
7742.7
8718.6
9744.5
10817
11930
13081
14264
15473
16702
17944
19193
20441
21681
22906
24107
25277
26407
27491
28519
29485
30380
31197
31931
32573
33118
33560
33896
34119
34227
34217
34087
33836
33464
32972
32361
31635
30798
29854
28811
27675
26455
25162
23805
22397
20951
19482
18005
16536
15092
13692
12356
11103
9953.9
8930.4
8054.6
7349.2
6837
6541.6
6486.6
6695.7
7192.8
8001.5
9145.6
10648
12532
14820
17533
20693
24319
28431
33047
38185
43859
50084
56873
64238
72187
80731
89873
99620
1.0997e+05
1.2093e+05
1.325e+05
1.4467e+05
1.5744e+05
1.7079e+05
1.8473e+05
1.9923e+05
2.1429e+05
2.2989e+05
2.4601e+05
2.6263e+05
2.7973e+05
2.9729e+05
3.1527e+05
3.3366e+05
3.5243e+05
3.7153e+05
3.9095e+05
4.1064e+05
4.3058e+05
4.5072e+05
4.7103e+05
4.9147e+05
5.1199e+05
5.3257e+05
5.5315e+05
5.737e+05
5.9418e+05
6.1453e+05
6.3473e+05
6.5472e+05
6.7446e+05
6.9392e+05
7.1305e+05
7.318e+05
7.5015e+05
7.6804e+05
7.8544e+05
8.0231e+05
8.1862e+05
8.3432e+05
8.4939e+05
8.638e+05
8.775e+05
8.9047e+05
9.0269e+05
9.1413e+05
9.2476e+05
9.3457e+05
9.4352e+05
9.5161e+05
9.5882e+05
9.6514e+05
9.7055e+05
9.7504e+05
9.7862e+05
9.8127e+05
9.8299e+05
9.8378e+05
9.8364e+05
9.8258e+05
9.8061e+05
9.7773e+05
9.7396e+05
9.693e+05
9.6377e+05
9.5739e+05
9.5017e+05
9.4215e+05
9.3333e+05
9.2374e+05
9.1341e+05
9.0236e+05
8.9062e+05
8.7823e+05
8.652e+05
8.5157e+05
8.3738e+05
8.2266e+05
8.0743e+05
7.9174e+05
7.7562e+05
7.591e+05
7.4222e+05
7.2501e+05
7.0752e+05
6.8977e+05
6.718e+05
6.5365e+05
6.3536e+05
6.1695e+05
5.9846e+05
5.7993e+05
5.6138e+05
5.4286e+05
5.2439e+05
5.06e+05
4.8772e+05
4.6958e+05
4.5161e+05
4.3383e+05
4.1628e+05
3.9897e+05
3.8193e+05
3.6518e+05
3.4873e+05
3.3262e+05
3.1685e+05
3.0145e+05
2.8642e+05
2.7179e+05
2.5756e+05
2.4375e+05
2.3037e+05
2.1742e+05
2.0491e+05
1.9285e+05
1.8124e+05
1.7009e+05
1.5939e+05
1.4916e+05
1.3938e+05
1.3006e+05
1.212e+05
1.1279e+05
1.0483e+05
97305
90220
83564
77330
71508
66090
61065
56422
52152
48242
44679
41452
38548
35953
33654
31638
29890
28396
27144
26117
25304
24689
24258
23999
23897
23939
24112
24403
24799
25289
25859
26499
27197
27943
28727
29537
30365
31203
32040
32870
33685
34477
35241
35969
36658
37301
37894
38434
38916
39337
39696
39989
40215
40373
40463
40483
40434
40315
40129
39876
39557
39174
38730
38226
37664
37049
36382
35668
34908
34107
33269
32396
31493
30564
29613
28643
27658
26663
25661
24655
23651
22650
21658
20677
19711
18762
17835
16931
16054
15206
14389
13605
12857
12146
11473
10840
10249
9698.6
9190.9
8726.2
8304.5
7925.9
7590.1
7296.9
7045.5
6835.3
6665.2
6534.2
6440.9
6383.9
6361.7
6372.4
6414.3
6485.4
6583.7
6707
6853.1
7019.7
7204.6
7405.3
7619.5
7844.7
8078.6
8318.7
8562.8
8808.4
9053.2
9295.1
9531.9
9761.4
9981.6
10191
10387
10568
10733
10880
11008
11116
11202
11265
11306
11322
11314
11281
11222
11139
11029
10895
10736
10552
10344
10113
9859
9583.1
9286.4
8969.7
8634.3
8281.2
7911.8
7527.4
7129.3
6718.9
6297.6
5867
5428.4
4983.5
4533.6
4080.3
3625
3169.2
2714.3
2261.7
1812.7
