30586
32546
34762
37235
39964
42946
46178
49658
53381
57341
61534
65953
70589
75437
80487
85730
91155
96754
1.0252e+05
1.0843e+05
1.1448e+05
1.2066e+05
1.2695e+05
1.3334e+05
1.3982e+05
1.4637e+05
1.5299e+05
1.5965e+05
1.6634e+05
1.7305e+05
1.7976e+05
1.8647e+05
1.9314e+05
1.9978e+05
2.0636e+05
2.1287e+05
2.1929e+05
2.2563e+05
2.3185e+05
2.3794e+05
2.439e+05
2.4971e+05
2.5536e+05
2.6083e+05
2.6611e+05
2.712e+05
2.7608e+05
2.8075e+05
2.8519e+05
2.8939e+05
2.9334e+05
2.9705e+05
3.005e+05
3.0368e+05
3.0659e+05
3.0922e+05
3.1157e+05
3.1364e+05
3.1542e+05
3.1692e+05
3.1812e+05
3.1902e+05
3.1964e+05
3.1996e+05
3.2e+05
3.1974e+05
3.192e+05
3.1837e+05
3.1727e+05
3.1589e+05
3.1424e+05
3.1233e+05
3.1017e+05
3.0775e+05
3.0509e+05
3.0219e+05
2.9907e+05
2.9573e+05
2.9218e+05
2.8844e+05
2.845e+05
2.8039e+05
2.7611e+05
2.7168e+05
2.6711e+05
2.624e+05
2.5757e+05
2.5263e+05
2.476e+05
2.4248e+05
2.3729e+05
2.3204e+05
2.2675e+05
2.2142e+05
2.1607e+05
2.1071e+05
2.0535e+05
2e+05
1.9468e+05
1.894e+05
1.8416e+05
1.7899e+05
1.7388e+05
1.6885e+05
1.6392e+05
1.5908e+05
1.5435e+05
1.4975e+05
1.4526e+05
1.4092e+05
1.3671e+05
1.3265e+05
1.2875e+05
1.2502e+05
1.2145e+05
1.1805e+05
1.1483e+05
1.1179e+05
1.0894e+05
1.0628e+05
1.0381e+05
1.0154e+05
99463
97582
95900
94416
93132
92045
91155
90462
89962
89654
89536
89603
89854
90284
90889
91666
92609
93715
94977
96391
97952
99652
1.0149e+05
1.0345e+05
1.0554e+05
1.0774e+05
1.1006e+05
1.1248e+05
1.1499e+05
1.176e+05
1.2029e+05
1.2306e+05
1.259e+05
1.288e+05
1.3176e+05
1.3477e+05
1.3783e+05
1.4093e+05
1.4406e+05
1.4721e+05
1.5038e+05
1.5357e+05
1.5676e+05
1.5995e+05
1.6314e+05
1.6632e+05
1.6948e+05
1.7262e+05
1.7573e+05
1.7881e+05
1.8185e+05
1.8484e+05
1.8779e+05
1.9069e+05
1.9352e+05
1.963e+05
1.99e+05
2.0164e+05
2.042e+05
2.0668e+05
2.0908e+05
2.1139e+05
2.136e+05
2.1573e+05
2.1776e+05
2.1968e+05
2.215e+05
2.2322e+05
2.2482e+05
2.2631e+05
2.2769e+05
2.2895e+05
2.3009e+05
2.3111e+05
2.32e+05
2.3277e+05
2.3342e+05
2.3393e+05
2.3432e+05
2.3458e+05
2.3471e+05
2.3471e+05
2.3457e+05
2.343e+05
2.3391e+05
2.3338e+05
2.3272e+05
2.3192e+05
2.31e+05
2.2995e+05
2.2877e+05
2.2747e+05
2.2604e+05
2.2449e+05
2.2282e+05
2.2103e+05
2.1912e+05
2.171e+05
2.1497e+05
2.1273e+05
2.1039e+05
2.0795e+05
2.0541e+05
2.0278e+05
2.0005e+05
1.9725e+05
1.9436e+05
1.9139e+05
1.8836e+05
1.8525e+05
1.8209e+05
1.7887e+05
1.7559e+05
1.7227e+05
1.689e+05
1.655e+05
1.6206e+05
1.586e+05
1.5512e+05
1.5162e+05
1.4811e+05
1.446e+05
1.4108e+05
1.3757e+05
1.3407e+05
1.3058e+05
1.2711e+05
1.2366e+05
1.2024e+05
1.1685e+05
1.135e+05
1.1019e+05
1.0692e+05
1.037e+05
1.0053e+05
97414
94354
91353
88413
85536
82724
79979
77303
74695
72157
69690
67293
64967
62711
60526
58410
56362
54382
52467
50618
48831
47105
45439
43829
42275
40773
39321
37917
36558
35242
33966
32727
31525
30354
29215
28104
27018
25957
24917
23898
22897
21913
20945
19991
19050
18122
17207
16303
15410
14530
13661
12805
11962
11132
10318
9520
8739.7
7978.7
7238.7
6521.7
5829.6
5164.6
4528.9
3924.9
3354.8
2821.1
2326.2
1872.5
1462.4
1098.3
782.42
517.03
304.2
145.9
43.948
0
15.517
91.754
229.74
430.26
693.85
1020.8
1410.9
1864.1
2379.6
2956.4
3593.3
4288.7
5040.6
5846.8
6704.6
7611.2
8563.3
9557.2
10589
11655
12750
13871
15010
16165
17328
18496
19661
20818
21962
23086
24184
25250
26278
27263
28198
29077
29896
30649
31331
31938
32464
32906
33261
33524
33695
33769
33747
33626
33406
33087
32671
32159
31552
30854
30069
29200
28253
27234
26150
25007
23813
22579
21313
20025
18727
17430
16147
14890
13674
12511
11417
10407
9496.4
8701.2
8037.6
7522.2
7171.9
7003.7
7034.6
7281.9
7762.9
8494.6
9494.2
10778
12364
14267
16504
19090
22040
25369
29090
33216
37761
42734
48148
54012
60335
67124
74386
82127
90351
99062
1.0826e+05
1.1795e+05
1.2813e+05
1.3879e+05
1.4994e+05
1.6157e+05
1.7367e+05
1.8623e+05
1.9926e+05
2.1273e+05
2.2664e+05
2.4098e+05
2.5572e+05
2.7086e+05
2.8638e+05
3.0226e+05
3.1848e+05
3.3502e+05
3.5186e+05
3.6899e+05
3.8637e+05
4.0397e+05
4.2179e+05
4.3978e+05
4.5793e+05
4.762e+05
4.9457e+05
5.1301e+05
5.3149e+05
5.4997e+05
5.6843e+05
5.8685e+05
6.0518e+05
6.2339e+05
6.4146e+05
6.5936e+05
6.7705e+05
6.945e+05
7.1169e+05
7.2858e+05
7.4514e+05
7.6134e+05
7.7717e+05
7.9257e+05
8.0754e+05
8.2205e+05
8.3606e+05
8.4956e+05
8.6252e+05
8.7491e+05
8.8672e+05
8.9793e+05
9.0851e+05
9.1846e+05
9.2774e+05
9.3636e+05
9.4429e+05
9.5151e+05
9.5803e+05
9.6383e+05
9.689e+05
9.7324e+05
9.7684e+05
9.7969e+05
9.818e+05
9.8316e+05
9.8378e+05
9.8365e+05
9.8278e+05
9.8118e+05
9.7885e+05
9.758e+05
9.7204e+05
9.6758e+05
9.6243e+05
9.566e+05
9.5012e+05
9.4298e+05
9.3522e+05
9.2685e+05
9.1788e+05
9.0834e+05
8.9824e+05
8.8761e+05
8.7647e+05
8.6485e+05
8.5276e+05
8.4022e+05
8.2727e+05
8.1393e+05
8.0023e+05
7.8618e+05
7.7182e+05
7.5716e+05
7.4225e+05
7.2709e+05
7.1173e+05
6.9618e+05
6.8047e+05
6.6462e+05
6.4867e+05
6.3263e+05
6.1654e+05
6.0041e+05
5.8427e+05
5.6814e+05
5.5204e+05
5.3601e+05
5.2005e+05
5.042e+05
4.8846e+05
4.7287e+05
4.5743e+05
4.4217e+05
4.271e+05
4.1224e+05
3.9761e+05
3.8321e+05
3.6907e+05
3.552e+05
3.416e+05
3.2829e+05
3.1528e+05
3.0257e+05
2.9019e+05
2.7812e+05
2.6638e+05
2.5498e+05
2.4392e+05
2.332e+05
2.2283e+05
2.128e+05
2.0313e+05
1.938e+05
1.8482e+05
1.7619e+05
1.6791e+05
1.5998e+05
1.5238e+05
1.4512e+05
1.382e+05
1.316e+05
1.2533e+05
1.1937e+05
1.1373e+05
1.0839e+05
1.0335e+05
98594
94123
89925
85993
82318
78890
75701
72742
70003
67475
65148
63013
61061
59281
57666
56205
54889
53709
52657
51723
50898
50175
49545
49001
48533
48136
47801
47522
47292
47105
46954
46833
46738
46663
46603
46553
46509
46467
46424
46375
46318
46250
46169
46071
45956
45821
45665
45486
45284
45058
44807
44531
44229
43903
43551
43175
42774
42350
41903
41434
40945
40436
39909
39364
38804
38230
37643
37045
36438
35822
35200
34573
33943
33312
32680
32050
31423
30800
30184
29575
28975
28384
27805
27239
26685
26147
25624
25117
24627
24155
23701
23266
22851
22456
22080
21725
21390
21076
20782
20508
20255
20021
19807
19613
19436
19279
19138
19015
18908
18817
18740
18678
18629
18592
18567
18552
18546
18549
18560
18578
18601
18628
18660
18694
18729
18766
18802
18837
18870
18901
18927
18949
18966
18976
18980
18977
18965
18945
18916
18878
18829
18770
18700
18619
18528
18424
18310
18183
18045
17896
17735
17563
17379
17185
16979
16764
16538
16302
16057
15803
