1.5979e+05
1.6327e+05
1.6678e+05
1.7032e+05
1.7389e+05
1.7747e+05
1.8108e+05
1.847e+05
1.8833e+05
1.9198e+05
1.9564e+05
1.993e+05
2.0296e+05
2.0662e+05
2.1028e+05
2.1393e+05
2.1758e+05
2.2121e+05
2.2483e+05
2.2843e+05
2.3201e+05
2.3556e+05
2.391e+05
2.426e+05
2.4607e+05
2.4952e+05
2.5292e+05
2.5629e+05
2.5962e+05
2.629e+05
2.6614e+05
2.6933e+05
2.7248e+05
2.7557e+05
2.7861e+05
2.8159e+05
2.8452e+05
2.8739e+05
2.9019e+05
2.9294e+05
2.9562e+05
2.9823e+05
3.0078e+05
3.0326e+05
3.0568e+05
3.0802e+05
3.1029e+05
3.1249e+05
3.1461e+05
3.1666e+05
3.1864e+05
3.2054e+05
3.2237e+05
3.2412e+05
3.2579e+05
3.2739e+05
3.2891e+05
3.3035e+05
3.3172e+05
3.3301e+05
3.3423e+05
3.3537e+05
3.3643e+05
3.3742e+05
3.3833e+05
3.3917e+05
3.3994e+05
3.4063e+05
3.4126e+05
3.4181e+05
3.4229e+05
3.4271e+05
3.4306e+05
3.4334e+05
3.4356e+05
3.4371e+05
3.4381e+05
3.4384e+05
3.4382e+05
3.4373e+05
3.436e+05
3.434e+05
3.4316e+05
3.4287e+05
3.4252e+05
3.4213e+05
3.417e+05
3.4122e+05
3.407e+05
3.4015e+05
3.3955e+05
3.3892e+05
3.3825e+05
3.3756e+05
3.3683e+05
3.3608e+05
3.353e+05
3.3449e+05
3.3367e+05
3.3282e+05
3.3196e+05
3.3107e+05
3.3018e+05
3.2927e+05
3.2834e+05
3.2741e+05
3.2647e+05
3.2553e+05
3.2458e+05
3.2362e+05
3.2267e+05
3.2171e+05
3.2075e+05
3.198e+05
3.1885e+05
3.179e+05
3.1696e+05
3.1603e+05
3.151e+05
3.1418e+05
3.1327e+05
3.1238e+05
3.1149e+05
3.1061e+05
3.0975e+05
3.089e+05
3.0806e+05
3.0723e+05
3.0642e+05
3.0563e+05
3.0484e+05
3.0407e+05
3.0332e+05
3.0258e+05
3.0185e+05
3.0113e+05
3.0043e+05
2.9975e+05
2.9907e+05
2.9841e+05
2.9775e+05
2.9711e+05
2.9648e+05
2.9586e+05
2.9525e+05
2.9464e+05
2.9404e+05
2.9345e+05
2.9286e+05
2.9228e+05
2.917e+05
2.9112e+05
2.9054e+05
2.8996e+05
2.8937e+05
2.8879e+05
2.882e+05
2.8761e+05
2.87e+05
2.8639e+05
2.8577e+05
2.8514e+05
2.845e+05
2.8384e+05
2.8317e+05
2.8248e+05
2.8178e+05
2.8105e+05
2.8031e+05
2.7954e+05
2.7875e+05
2.7794e+05
2.771e+05
2.7623e+05
2.7534e+05
2.7442e+05
2.7347e+05
2.7248e+05
2.7147e+05
2.7042e+05
2.6934e+05
2.6823e+05
2.6708e+05
2.6589e+05
2.6467e+05
2.6341e+05
2.6211e+05
2.6077e+05
2.594e+05
2.5798e+05
2.5653e+05
2.5504e+05
2.535e+05
2.5193e+05
2.5032e+05
2.4867e+05
2.4698e+05
2.4524e+05
2.4347e+05
2.4166e+05
2.3981e+05
2.3793e+05
2.3601e+05
2.3404e+05
2.3205e+05
2.3002e+05
2.2795e+05
2.2585e+05
2.2372e+05
2.2155e+05
2.1936e+05
2.1713e+05
2.1488e+05
2.126e+05
2.1029e+05
2.0796e+05
2.0561e+05
2.0323e+05
2.0084e+05
1.9843e+05
1.9599e+05
1.9355e+05
1.9109e+05
1.8861e+05
1.8613e+05
1.8364e+05
1.8114e+05
1.7863e+05
1.7612e+05
1.7361e+05
1.711e+05
1.6859e+05
1.6608e+05
1.6358e+05
1.6108e+05
1.5859e+05
1.5612e+05
1.5365e+05
1.5119e+05
1.4876e+05
1.4633e+05
1.4393e+05
1.4154e+05
1.3918e+05
1.3684e+05
1.3452e+05
1.3223e+05
1.2996e+05
1.2772e+05
1.2551e+05
1.2333e+05
1.2118e+05
1.1906e+05
1.1698e+05
1.1493e+05
1.1291e+05
1.1093e+05
1.0898e+05
1.0708e+05
1.052e+05
1.0337e+05
1.0157e+05
99817
98097
96417
94775
93171
91606
90080
88592
87141
85728
84352
83013
81709
80441
79207
78007
76839
75704
74600
73525
72479
71461
70470
69504
68562
67642
66744
65866
65007
64165
63338
62526
61727
60939
60161
59392
58630
57873
57120
56370
55621
54872
54122
53368
52611
51849
51080
50303
49518
48723
47918
47101
46272
45430
44574
43704
42819
41919
41004
40073
39127
38165
37187
36193
35185
34162
33125
32074
31010
29935
28849
27753
26648
25536
24418
23297
22172
21047
19924
18803
17689
16581
15485
14400
13331
12280
11250
10243
9263.5
8313.4
7396.4
6515.7
5674.7
4876.9
4125.6
3424.7
2777.6
2188.2
1660.2
1197.5
803.88
483.37
239.88
77.422
0
11.656
116.44
318.41
621.63
1030.1
1548
2179.2
2927.9
3797.8
4793.1
5917.5
7175
8569.2
10104
11783
13610
15588
17721
20012
22464
25080
27864
30818
33945
37247
40728
44389
48233
52261
56476
60879
65473
70257
75234
80405
85770
91330
97085
1.0304e+05
1.0918e+05
1.1553e+05
1.2207e+05
1.288e+05
1.3573e+05
1.4285e+05
1.5016e+05
1.5767e+05
1.6536e+05
1.7324e+05
1.8131e+05
1.8956e+05
1.9799e+05
2.066e+05
2.1538e+05
2.2434e+05
2.3346e+05
2.4275e+05
2.5221e+05
2.6182e+05
2.7158e+05
2.815e+05
2.9156e+05
3.0176e+05
3.121e+05
3.2256e+05
3.3315e+05
3.4387e+05
3.5469e+05
3.6563e+05
3.7667e+05
3.878e+05
3.9903e+05
4.1034e+05
4.2172e+05
4.3318e+05
4.447e+05
4.5628e+05
4.6791e+05
4.7959e+05
4.9129e+05
5.0303e+05
5.1479e+05
5.2656e+05
5.3834e+05
5.5011e+05
5.6188e+05
5.7363e+05
5.8535e+05
5.9704e+05
6.0869e+05
6.2029e+05
6.3184e+05
6.4332e+05
6.5473e+05
6.6606e+05
6.773e+05
6.8844e+05
6.9948e+05
7.1041e+05
7.2122e+05
7.319e+05
7.4245e+05
7.5286e+05
7.6312e+05
7.7322e+05
7.8316e+05
7.9292e+05
8.0251e+05
8.1192e+05
8.2113e+05
8.3014e+05
8.3895e+05
8.4755e+05
8.5593e+05
8.6409e+05
8.7202e+05
8.7972e+05
8.8717e+05
8.9438e+05
9.0134e+05
9.0804e+05
9.1449e+05
9.2067e+05
9.2658e+05
9.3222e+05
9.3758e+05
9.4266e+05
9.4746e+05
9.5197e+05
9.5619e+05
9.6011e+05
9.6375e+05
9.6708e+05
9.7012e+05
9.7286e+05
9.7529e+05
9.7742e+05
9.7924e+05
9.8076e+05
9.8198e+05
9.8288e+05
9.8348e+05
9.8378e+05
9.8377e+05
9.8345e+05
9.8283e+05
9.819e+05
9.8068e+05
9.7915e+05
9.7733e+05
9.7521e+05
9.728e+05
9.7009e+05
9.671e+05
9.6382e+05
9.6026e+05
9.5642e+05
9.5231e+05
9.4792e+05
9.4327e+05
9.3835e+05
9.3317e+05
9.2774e+05
9.2206e+05
9.1614e+05
9.0998e+05
9.0358e+05
8.9695e+05
8.901e+05
8.8302e+05
8.7574e+05
8.6825e+05
8.6056e+05
8.5268e+05
8.446e+05
8.3635e+05
8.2792e+05
8.1932e+05
8.1056e+05
8.0164e+05
7.9257e+05
7.8336e+05
7.7402e+05
7.6454e+05
7.5495e+05
7.4523e+05
7.3542e+05
7.2549e+05
7.1548e+05
7.0538e+05
6.9519e+05
6.8494e+05
6.7461e+05
6.6423e+05
6.5379e+05
6.4331e+05
6.3279e+05
6.2224e+05
6.1166e+05
6.0106e+05
5.9044e+05
5.7982e+05
5.692e+05
5.5859e+05
5.4799e+05
5.3741e+05
5.2685e+05
5.1632e+05
5.0583e+05
4.9538e+05
4.8498e+05
4.7463e+05
4.6434e+05
4.5411e+05
4.4395e+05
4.3387e+05
4.2386e+05
4.1393e+05
4.0409e+05
3.9435e+05
3.847e+05
3.7514e+05
3.657e+05
3.5636e+05
3.4713e+05
3.3801e+05
3.2902e+05
3.2014e+05
3.1139e+05
3.0276e+05
2.9426e+05
2.859e+05
2.7767e+05
2.6957e+05
2.6162e+05
2.538e+05
2.4613e+05
2.386e+05
2.3121e+05
2.2397e+05
2.1688e+05
2.0993e+05
2.0314e+05
1.9649e+05
1.8999e+05
1.8365e+05
1.7745e+05
1.714e+05
1.6551e+05
1.5976e+05
1.5417e+05
1.4872e+05
1.4343e+05
1.3828e+05
1.3328e+05
1.2842e+05
1.2371e+05
1.1915e+05
1.1472e+05
1.1044e+05
1.063e+05
1.023e+05
98433
94703
91106
87640
84304
81096
78012
75052
72213
69493
66888
64398
62019
59750
57587
55527
53569
51710
49947
48278
46699
45208
43803
42481
41239
40075
38985
37967
37018
36137
35319
34563
33866
33225
32638
32102
31615
31175
30778
30422
30106
29827
29582
29370
29188
29034
28906
28802
28720
28658
28615
28587
28575
28575
28586
28607
28637
28673
28714
28759
28806
28855
28904
28951
28997
29039
29077
29110
29137
29157
29169
29173
29168
29154
29129
29094
29048
28990
28920
28838
28743
28636
28516
28382
28236
28076
27902
27715
27515
27301
27075
26835
26582
26316
26038
25747
25444
25129
24802
24464
24115
23755
23385
23004
22615
22215
21807
21391
20966
20534
20095
19648
19196
