69557
73026
76738
80690
84880
89304
93957
98833
1.0393e+05
1.0923e+05
1.1473e+05
1.2042e+05
1.2629e+05
1.3234e+05
1.3854e+05
1.4488e+05
1.5136e+05
1.5795e+05
1.6465e+05
1.7144e+05
1.7831e+05
1.8523e+05
1.9219e+05
1.9918e+05
2.0617e+05
2.1316e+05
2.2012e+05
2.2704e+05
2.339e+05
2.4069e+05
2.4738e+05
2.5396e+05
2.6041e+05
2.6672e+05
2.7288e+05
2.7885e+05
2.8464e+05
2.9023e+05
2.956e+05
3.0073e+05
3.0563e+05
3.1026e+05
3.1463e+05
3.1872e+05
3.2253e+05
3.2603e+05
3.2923e+05
3.3212e+05
3.3469e+05
3.3694e+05
3.3885e+05
3.4043e+05
3.4168e+05
3.4258e+05
3.4315e+05
3.4337e+05
3.4326e+05
3.4281e+05
3.4202e+05
3.409e+05
3.3945e+05
3.3767e+05
3.3557e+05
3.3317e+05
3.3045e+05
3.2744e+05
3.2414e+05
3.2056e+05
3.167e+05
3.1258e+05
3.0821e+05
3.0361e+05
2.9877e+05
2.9371e+05
2.8845e+05
2.83e+05
2.7736e+05
2.7156e+05
2.6561e+05
2.5951e+05
2.5329e+05
2.4695e+05
2.4051e+05
2.3399e+05
2.2739e+05
2.2073e+05
2.1402e+05
2.0728e+05
2.0052e+05
1.9375e+05
1.8699e+05
1.8025e+05
1.7353e+05
1.6686e+05
1.6024e+05
1.5369e+05
1.4721e+05
1.4082e+05
1.3453e+05
1.2835e+05
1.2228e+05
1.1634e+05
1.1054e+05
1.0489e+05
99384
94043
88871
83876
79064
74441
70014
65788
61769
57961
54368
50996
47846
44924
42231
39770
37543
35552
33798
32282
31005
29967
29168
28606
28281
28193
28338
28715
29321
30154
31210
32485
33976
35679
37588
39698
42005
44502
47183
50041
53071
56265
59616
63115
66756
70529
74427
78441
82561
86780
91087
95474
99930
1.0445e+05
1.0901e+05
1.1362e+05
1.1826e+05
1.2292e+05
1.2759e+05
1.3226e+05
1.3693e+05
1.4157e+05
1.4619e+05
1.5077e+05
1.5531e+05
1.5979e+05
1.6421e+05
1.6855e+05
1.7281e+05
1.7699e+05
1.8107e+05
1.8504e+05
1.889e+05
1.9265e+05
1.9627e+05
1.9976e+05
2.0311e+05
2.0633e+05
2.0939e+05
2.1231e+05
2.1507e+05
2.1768e+05
2.2012e+05
2.2241e+05
2.2452e+05
2.2647e+05
2.2825e+05
2.2986e+05
2.313e+05
2.3258e+05
2.3368e+05
2.3461e+05
2.3537e+05
2.3597e+05
2.364e+05
2.3667e+05
2.3677e+05
2.3672e+05
2.3651e+05
2.3615e+05
2.3564e+05
2.3498e+05
2.3418e+05
2.3324e+05
2.3216e+05
2.3095e+05
2.2961e+05
2.2815e+05
2.2656e+05
2.2486e+05
2.2305e+05
2.2112e+05
2.191e+05
2.1697e+05
2.1474e+05
2.1242e+05
2.1002e+05
2.0752e+05
2.0495e+05
2.0229e+05
1.9956e+05
1.9676e+05
1.9389e+05
1.9096e+05
1.8796e+05
1.8491e+05
1.8179e+05
1.7863e+05
1.7542e+05
1.7216e+05
1.6885e+05
1.6551e+05
1.6212e+05
1.587e+05
1.5525e+05
1.5177e+05
1.4827e+05
1.4474e+05
1.4119e+05
1.3762e+05
1.3404e+05
1.3045e+05
1.2685e+05
1.2325e+05
1.1965e+05
1.1606e+05
1.1247e+05
1.0889e+05
1.0533e+05
1.0178e+05
98263
94771
91310
87886
84502
81163
77873
74636
71456
68339
65287
62306
59399
56569
53821
51158
48583
46100
43711
41418
39225
37133
35143
33257
31476
29801
28232
26768
25409
24154
23002
21951
20999
20144
19382
18710
18124
17622
17198
16847
16566
16348
16189
16083
16025
16007
16026
16074
16146
16236
16338
16445
16554
16657
16749
16827
16884
16917
16921
16892
16828
16726
16582
16395
16163
15887
15564
15195
14781
14322
13821
13279
12700
12085
11439
10766
10070
9355.1
8627.5
7892.1
7154.7
6421.2
5697.7
4990.3
4305.5
3649.5
3028.8
2449.5
1917.9
1439.9
1021.3
667.68
384.11
175.46
46.107
0
40.571
170.72
392.75
708.39
1118.7
1624.1
2224.3
2918.4
3704.6
4580.6
5543.4
6589
7713
8910.2
10175
11500
12880
14305
15768
17261
18774
20298
21822
23338
24835
26302
27729
29106
30423
31670
32836
33913
34892
35764
36522
37157
37665
38038
38274
38367
38315
38116
37771
37279
36642
35864
34949
33903
32733
31447
30055
28568
26999
25361
23669
21940
20191
18441
16709
15016
13383
11835
10393
9081.5
7925.9
6951
6182.5
5646.2
5368.2
5374.7
5691.7
6345.2
7360.7
8763.5
10578
12829
15538
18729
22422
26637
31393
36709
42598
49077
56156
63848
72162
81103
90679
1.0089e+05
1.1174e+05
1.2323e+05
1.3534e+05
1.4809e+05
1.6145e+05
1.7543e+05
1.9e+05
2.0516e+05
2.2088e+05
2.3714e+05
2.5394e+05
2.7123e+05
2.8901e+05
3.0723e+05
3.2588e+05
3.4492e+05
3.6431e+05
3.8404e+05
4.0405e+05
4.2431e+05
4.4478e+05
4.6543e+05
4.8622e+05
5.0709e+05
5.2801e+05
5.4894e+05
5.6984e+05
5.9065e+05
6.1134e+05
6.3186e+05
6.5216e+05
6.7221e+05
6.9196e+05
7.1137e+05
7.3039e+05
7.4898e+05
7.6711e+05
7.8472e+05
8.0179e+05
8.1828e+05
8.3415e+05
8.4936e+05
8.6389e+05
8.777e+05
8.9077e+05
9.0306e+05
9.1455e+05
9.2522e+05
9.3504e+05
9.44e+05
9.5208e+05
9.5927e+05
9.6555e+05
9.7091e+05
9.7535e+05
9.7886e+05
9.8143e+05
9.8307e+05
9.8378e+05
9.8355e+05
9.8241e+05
9.8034e+05
9.7737e+05
9.7351e+05
9.6877e+05
9.6316e+05
9.5671e+05
9.4943e+05
9.4135e+05
9.3249e+05
9.2287e+05
9.1252e+05
9.0147e+05
8.8974e+05
8.7737e+05
8.6438e+05
8.5082e+05
8.367e+05
8.2207e+05
8.0695e+05
7.9139e+05
7.7542e+05
7.5907e+05
7.4238e+05
7.2538e+05
7.081e+05
6.906e+05
6.7289e+05
6.5502e+05
6.3701e+05
6.1891e+05
6.0074e+05
5.8254e+05
5.6435e+05
5.4618e+05
5.2808e+05
5.1006e+05
4.9217e+05
4.7443e+05
4.5685e+05
4.3948e+05
4.2233e+05
4.0543e+05
3.888e+05
3.7245e+05
3.5641e+05
3.4069e+05
3.2532e+05
3.1031e+05
2.9566e+05
2.814e+05
2.6754e+05
2.5408e+05
2.4103e+05
2.284e+05
2.1621e+05
2.0444e+05
1.9311e+05
1.8222e+05
1.7177e+05
1.6176e+05
1.5219e+05
1.4306e+05
1.3437e+05
1.261e+05
1.1827e+05
1.1085e+05
1.0386e+05
97265
91075
85277
79862
74820
70140
65812
61825
58167
54826
51789
49045
46579
44380
42434
40728
39248
37982
36915
36036
35331
34787
34391
34131
33995
33970
34044
34207
34448
34754
35117
35526
35972
36445
36937
37439
37945
38445
38934
39406
39853
40272
40656
41002
41306
41563
41771
41928
42030
42077
42067
41999
41872
41687
41444
41142
40784
40371
39903
39383
38813
38195
37532
36826
36080
35298
34482
33636
32764
31868
30952
30020
29075
28122
27163
26202
25243
24288
23342
22407
21487
20584
19702
18842
18008
17202
16425
15681
14969
14293
13654
13052
12489
11965
11480
11036
10632
10269
9945
9660.7
9415.3
9207.8
9037.3
8902.6
8802.5
8735.5
8700
8694.4
8716.9
8765.6
8838.4
8933.4
9048.5
9181.5
9330.2
9492.4
9665.9
9848.5
10038
10232
10429
10626
10821
11013
11199
11379
11549
11708
11855
11989
12108
12210
12296
12363
12412
12441
12451
12439
12408
12355
12282
12187
12073
11938
11784
11610
11418
11208
10982
10739
10482
10210
9926.3
9630.6
9324.4
9009.1
8685.8
8355.9
8020.6
7681.1
7338.8
6995
6650.7
6307.3
5965.9
5627.6
5293.4
4964.5
4641.6
4325.8
4017.8
3718.3
3428.1
3147.8
