79075
82996
87150
91533
96141
1.0097e+05
1.0601e+05
1.1125e+05
1.1669e+05
1.2232e+05
1.2813e+05
1.341e+05
1.4024e+05
1.4651e+05
1.5292e+05
1.5945e+05
1.6608e+05
1.728e+05
1.796e+05
1.8646e+05
1.9336e+05
2.0029e+05
2.0724e+05
2.1418e+05
2.211e+05
2.2799e+05
2.3482e+05
2.4159e+05
2.4826e+05
2.5484e+05
2.613e+05
2.6763e+05
2.738e+05
2.7982e+05
2.8565e+05
2.913e+05
2.9673e+05
3.0195e+05
3.0693e+05
3.1167e+05
3.1616e+05
3.2038e+05
3.2433e+05
3.2799e+05
3.3136e+05
3.3442e+05
3.3719e+05
3.3964e+05
3.4177e+05
3.4358e+05
3.4507e+05
3.4622e+05
3.4706e+05
3.4756e+05
3.4773e+05
3.4757e+05
3.4709e+05
3.4628e+05
3.4515e+05
3.4371e+05
3.4195e+05
3.3989e+05
3.3753e+05
3.3487e+05
3.3193e+05
3.2871e+05
3.2522e+05
3.2147e+05
3.1747e+05
3.1323e+05
3.0876e+05
3.0407e+05
2.9917e+05
2.9407e+05
2.8879e+05
2.8334e+05
2.7772e+05
2.7196e+05
2.6606e+05
2.6004e+05
2.539e+05
2.4767e+05
2.4135e+05
2.3496e+05
2.2851e+05
2.22e+05
2.1546e+05
2.089e+05
2.0232e+05
1.9575e+05
1.8918e+05
1.8263e+05
1.7612e+05
1.6965e+05
1.6324e+05
1.5689e+05
1.5062e+05
1.4443e+05
1.3833e+05
1.3234e+05
1.2645e+05
1.2069e+05
1.1506e+05
1.0956e+05
1.042e+05
98993
93942
89054
84335
79790
75425
71245
67254
63457
59857
56458
53264
50277
47500
44935
42584
40449
38531
36830
35348
34084
33038
32210
31600
31205
31025
31058
31301
31752
32408
33266
34322
35573
37015
38642
40450
42433
44587
46906
49383
52012
54786
57698
60742
63910
67194
70586
74078
77662
81330
85073
88882
92748
96664
1.0062e+05
1.046e+05
1.0861e+05
1.1263e+05
1.1666e+05
1.2068e+05
1.2469e+05
1.2867e+05
1.3263e+05
1.3654e+05
1.4041e+05
1.4422e+05
1.4798e+05
1.5166e+05
1.5526e+05
1.5878e+05
1.6221e+05
1.6555e+05
1.6878e+05
1.719e+05
1.7491e+05
1.7781e+05
1.8058e+05
1.8322e+05
1.8573e+05
1.8812e+05
1.9036e+05
1.9247e+05
1.9444e+05
1.9626e+05
1.9794e+05
1.9948e+05
2.0088e+05
2.0213e+05
2.0324e+05
2.042e+05
2.0503e+05
2.0571e+05
2.0625e+05
2.0666e+05
2.0693e+05
2.0707e+05
2.0708e+05
2.0696e+05
2.0671e+05
2.0635e+05
2.0586e+05
2.0526e+05
2.0455e+05
2.0373e+05
2.0281e+05
2.0179e+05
2.0066e+05
1.9944e+05
1.9814e+05
1.9674e+05
1.9526e+05
1.937e+05
1.9206e+05
1.9034e+05
1.8855e+05
1.867e+05
1.8477e+05
1.8279e+05
1.8074e+05
1.7863e+05
1.7647e+05
1.7425e+05
1.7198e+05
1.6966e+05
1.6729e+05
1.6487e+05
1.6241e+05
1.599e+05
1.5735e+05
1.5476e+05
1.5213e+05
1.4946e+05
1.4676e+05
1.4402e+05
1.4125e+05
1.3844e+05
1.3561e+05
1.3274e+05
1.2985e+05
1.2693e+05
1.2399e+05
1.2103e+05
1.1805e+05
1.1505e+05
1.1204e+05
1.0901e+05
1.0598e+05
1.0293e+05
99887
96840
93794
90754
87723
84705
81702
78719
75760
72827
69927
67061
64234
61450
58713
56026
53393
50819
48305
45856
43475
41165
38928
36768
34686
32684
30765
28929
27179
25514
23935
22444
21038
19718
18484
17333
16264
15277
14367
13534
12774
12084
11461
10901
10401
9956.8
9564.2
9218.9
8916.7
8653.2
8423.8
8224.2
8049.7
7896.1
7758.9
7634.1
7517.4
7405.1
7293.5
7179.1
7058.8
6929.7
6789.2
6635.3
6465.9
6279.8
6075.8
5853.2
5611.9
5352.1
5074.3
4779.6
4469.5
4145.8
3811
3467.5
3118.6
2767.6
2418.3
2074.8
1741.3
1422.5
1123.1
848.11
602.64
391.84
220.97
95.252
19.891
0
40.559
146.37
322
571.76
899.64
1309.2
1803.8
2386.1
3058.5
3822.6
4679.8
5630.8
6675.4
7813.2
9042.9
10363
11770
13261
14833
16481
18199
19981
21822
23713
25648
27617
29612
31624
33644
35660
37662
39641
41585
43483
45324
47097
48791
50396
51900
53294
54568
55712
56717
57575
58279
58822
59197
59401
59427
59275
58940
58424
57725
56845
55788
54557
53157
51596
49880
48021
46028
43913
41690
39374
36980
34526
32030
29511
26990
24488
22029
19635
17331
15141
13090
11206
9513.1
8039.1
6810.3
5853.8
5196.2
4864.2
4884.1
5281.9
6082.9
7311.8
8992.8
11149
13802
16974
20683
24949
29789
35217
41249
47896
55169
63076
71625
80819
90661
1.0115e+05
1.1229e+05
1.2407e+05
1.365e+05
1.4955e+05
1.6322e+05
1.775e+05
1.9237e+05
2.0782e+05
2.2383e+05
2.4037e+05
2.5743e+05
2.7498e+05
2.93e+05
3.1144e+05
3.303e+05
3.4952e+05
3.6909e+05
3.8895e+05
4.0909e+05
4.2946e+05
4.5002e+05
4.7073e+05
4.9156e+05
5.1245e+05
5.3338e+05
5.5428e+05
5.7514e+05
5.9589e+05
6.165e+05
6.3692e+05
6.5711e+05
6.7703e+05
6.9664e+05
7.1589e+05
7.3474e+05
7.5315e+05
7.7108e+05
7.885e+05
8.0537e+05
8.2165e+05
8.373e+05
8.523e+05
8.6661e+05
8.8021e+05
8.9306e+05
9.0513e+05
9.1642e+05
9.2688e+05
9.3651e+05
9.4528e+05
9.5318e+05
9.6019e+05
9.6631e+05
9.7152e+05
9.7581e+05
9.7919e+05
9.8164e+05
9.8317e+05
9.8378e+05
9.8347e+05
9.8224e+05
9.8012e+05
9.7709e+05
9.7319e+05
9.6841e+05
9.6279e+05
9.5632e+05
9.4904e+05
9.4096e+05
9.3211e+05
9.2251e+05
9.1218e+05
9.0116e+05
8.8946e+05
8.7712e+05
8.6417e+05
8.5064e+05
8.3656e+05
8.2197e+05
8.0689e+05
7.9136e+05
7.7541e+05
7.5908e+05
7.4241e+05
7.2542e+05
7.0816e+05
6.9065e+05
6.7293e+05
6.5504e+05
6.3701e+05
6.1887e+05
6.0066e+05
5.8241e+05
5.6415e+05
5.4591e+05
5.2772e+05
5.0962e+05
4.9162e+05
4.7377e+05
4.5608e+05
4.3858e+05
4.2129e+05
4.0425e+05
3.8746e+05
3.7095e+05
3.5475e+05
3.3887e+05
3.2332e+05
3.0813e+05
2.9331e+05
2.7886e+05
2.6481e+05
2.5117e+05
2.3794e+05
2.2513e+05
2.1275e+05
2.0081e+05
1.893e+05
1.7824e+05
1.6763e+05
1.5746e+05
1.4774e+05
1.3846e+05
1.2963e+05
1.2123e+05
1.1328e+05
1.0575e+05
98653
91971
85701
79834
74361
69272
64557
60205
56205
52546
49215
46199
43487
41064
38918
37034
35400
34002
32826
31858
31084
30492
30066
29795
29665
29663
29776
29993
30300
30686
31140
31651
32208
32802
33421
34058
34704
35349
35987
36610
37211
37784
38323
38823
39280
39689
40046
40348
40592
40777
40901
40961
40958
40890
40758
40563
40304
39984
39603
39164
38668
38118
37517
36867
36171
35434
34657
33845
33002
32132
31237
30323
29393
28451
27501
26547
25594
24644
23701
22770
21853
20955
20078
19224
18398
17602
16838
16109
15416
14762
14148
13575
13044
12557
12114
11716
11362
11053
10788
10567
10389
10253
10158
10104
10087
10107
10162
10249
10367
10514
10687
10884
11101
11338
11590
11856
12132
12416
12705
12997
13289
13577
13861
14137
14402
14656
14894
15116
15319
15502
15662
15799
15910
15995
16053
16082
16082
16052
15993
15903
15782
15631
15450
15240
15000
14731
14436
14113
13765
13393
12998
12582
12145
11690
11219
10732
10233
9722.4
9202.5
8675.1
8142.2
7605.7
7067.6
6529.6
5993.6
5461.5
4935.1
4415.9
3905.8
3406.2
