6.0701e+05
6.1315e+05
6.1925e+05
6.2532e+05
6.3136e+05
6.3738e+05
6.4337e+05
6.4934e+05
6.5528e+05
6.6121e+05
6.6711e+05
6.73e+05
6.7888e+05
6.8473e+05
6.9058e+05
6.964e+05
7.0221e+05
7.0801e+05
7.1379e+05
7.1955e+05
7.253e+05
7.3103e+05
7.3674e+05
7.4242e+05
7.4809e+05
7.5374e+05
7.5936e+05
7.6495e+05
7.7051e+05
7.7605e+05
7.8155e+05
7.8702e+05
7.9245e+05
7.9784e+05
8.0319e+05
8.0849e+05
8.1375e+05
8.1896e+05
8.2412e+05
8.2923e+05
8.3428e+05
8.3928e+05
8.4421e+05
8.4908e+05
8.5389e+05
8.5863e+05
8.633e+05
8.679e+05
8.7242e+05
8.7687e+05
8.8125e+05
8.8555e+05
8.8976e+05
8.939e+05
8.9795e+05
9.0192e+05
9.058e+05
9.0959e+05
9.133e+05
9.1691e+05
9.2044e+05
9.2387e+05
9.2722e+05
9.3047e+05
9.3362e+05
9.3668e+05
9.3965e+05
9.4252e+05
9.453e+05
9.4797e+05
9.5056e+05
9.5304e+05
9.5543e+05
9.5772e+05
9.5992e+05
9.6201e+05
9.6401e+05
9.6591e+05
9.6772e+05
9.6943e+05
9.7104e+05
9.7255e+05
9.7397e+05
9.7529e+05
9.7651e+05
9.7764e+05
9.7867e+05
9.7961e+05
9.8045e+05
9.8119e+05
9.8184e+05
9.824e+05
9.8286e+05
9.8323e+05
9.835e+05
9.8369e+05
9.8378e+05
9.8377e+05
9.8368e+05
9.8349e+05
9.8322e+05
9.8285e+05
9.824e+05
9.8185e+05
9.8122e+05
9.8049e+05
9.7968e+05
9.7878e+05
9.778e+05
9.7673e+05
9.7557e+05
9.7433e+05
9.7301e+05
9.716e+05
9.7011e+05
9.6854e+05
9.6689e+05
9.6515e+05
9.6334e+05
9.6145e+05
9.5948e+05
9.5743e+05
9.5531e+05
9.5311e+05
9.5084e+05
9.4849e+05
9.4607e+05
9.4358e+05
9.4102e+05
9.384e+05
9.357e+05
9.3293e+05
9.301e+05
9.2721e+05
9.2425e+05
9.2123e+05
9.1815e+05
9.15e+05
9.118e+05
9.0854e+05
9.0522e+05
9.0185e+05
8.9843e+05
8.9495e+05
8.9142e+05
8.8784e+05
8.8421e+05
8.8053e+05
8.7681e+05
8.7305e+05
8.6924e+05
8.6538e+05
8.6149e+05
8.5756e+05
8.5359e+05
8.4959e+05
8.4555e+05
8.4148e+05
8.3737e+05
8.3324e+05
8.2907e+05
8.2488e+05
8.2066e+05
8.1642e+05
8.1216e+05
8.0787e+05
8.0356e+05
7.9924e+05
7.949e+05
7.9054e+05
7.8617e+05
7.8179e+05
7.774e+05
7.73e+05
7.6859e+05
7.6418e+05
7.5976e+05
7.5534e+05
7.5092e+05
7.465e+05
7.4208e+05
7.3766e+05
7.3325e+05
7.2885e+05
7.2445e+05
7.2007e+05
7.157e+05
7.1134e+05
7.0699e+05
7.0267e+05
6.9835e+05
6.9406e+05
6.8979e+05
6.8555e+05
6.8132e+05
6.7712e+05
6.7295e+05
6.6881e+05
6.647e+05
6.6061e+05
6.5656e+05
6.5255e+05
6.4857e+05
6.4462e+05
6.4072e+05
6.3685e+05
6.3302e+05
6.2924e+05
6.2549e+05
6.2179e+05
6.1814e+05
6.1453e+05
6.1097e+05
6.0746e+05
6.0399e+05
6.0058e+05
5.9722e+05
5.9391e+05
5.9065e+05
5.8744e+05
5.8429e+05
5.8119e+05
5.7815e+05
5.7517e+05
5.7224e+05
5.6937e+05
5.6656e+05
5.6381e+05
5.6112e+05
5.5849e+05
5.5591e+05
5.534e+05
5.5095e+05
5.4856e+05
5.4624e+05
5.4397e+05
5.4177e+05
5.3963e+05
5.3755e+05
5.3554e+05
5.3359e+05
5.317e+05
5.2987e+05
5.2811e+05
5.2642e+05
5.2478e+05
5.2321e+05
5.2171e+05
5.2027e+05
5.1889e+05
5.1758e+05
5.1633e+05
5.1514e+05
5.1402e+05
5.1296e+05
5.1196e+05
5.1103e+05
5.1016e+05
5.0935e+05
5.086e+05
5.0792e+05
5.0729e+05
5.0673e+05
5.0623e+05
5.058e+05
5.0542e+05
5.051e+05
5.0484e+05
5.0464e+05
5.045e+05
5.0442e+05
5.044e+05
5.0444e+05
5.0453e+05
5.0468e+05
5.0488e+05
5.0514e+05
5.0545e+05
5.0582e+05
5.0624e+05
5.0672e+05
5.0724e+05
5.0782e+05
5.0845e+05
5.0913e+05
5.0986e+05
5.1064e+05
5.1146e+05
5.1234e+05
5.1325e+05
5.1422e+05
5.1522e+05
5.1628e+05
5.1737e+05
5.1851e+05
5.1968e+05
5.209e+05
5.2216e+05
5.2345e+05
5.2479e+05
5.2616e+05
5.2756e+05
5.29e+05
5.3047e+05
5.3198e+05
5.3352e+05
5.3509e+05
5.3669e+05
5.3832e+05
5.3998e+05
5.4166e+05
5.4338e+05
5.4512e+05
5.4688e+05
5.4867e+05
5.5049e+05
5.5232e+05
5.5418e+05
5.5606e+05
5.5797e+05
5.5989e+05
5.6183e+05
5.638e+05
5.6578e+05
5.6778e+05
5.698e+05
5.7183e+05
5.7389e+05
5.7596e+05
5.7804e+05
5.8015e+05
5.8226e+05
5.844e+05
5.8655e+05
5.8871e+05
5.9089e+05
5.9308e+05
5.9529e+05
5.9751e+05
5.9975e+05
6.02e+05
6.0426e+05
6.0654e+05
6.0883e+05
6.1114e+05
6.1346e+05
6.1579e+05
6.1814e+05
6.205e+05
6.2288e+05
6.2526e+05
6.2766e+05
6.3008e+05
6.3251e+05
6.3495e+05
6.374e+05
6.3987e+05
6.4235e+05
6.4485e+05
6.4735e+05
6.4987e+05
6.524e+05
6.5494e+05
6.575e+05
6.6006e+05
6.6264e+05
6.6522e+05
6.6782e+05
6.7042e+05
6.7304e+05
6.7566e+05
6.7829e+05
6.8092e+05
6.8357e+05
6.8621e+05
6.8887e+05
6.9152e+05
6.9418e+05
6.9684e+05
6.995e+05
7.0216e+05
7.0482e+05
7.0748e+05
7.1013e+05
7.1278e+05
7.1543e+05
7.1806e+05
7.2069e+05
7.2331e+05
7.2591e+05
7.285e+05
7.3108e+05
7.3364e+05
7.3619e+05
7.3872e+05
7.4122e+05
7.4371e+05
7.4617e+05
7.486e+05
7.5101e+05
7.5339e+05
7.5575e+05
7.5807e+05
7.6036e+05
7.6261e+05
7.6483e+05
7.6701e+05
7.6915e+05
7.7125e+05
7.7331e+05
7.7533e+05
7.773e+05
7.7922e+05
7.811e+05
7.8293e+05
7.8471e+05
7.8644e+05
7.8812e+05
7.8974e+05
7.9131e+05
7.9283e+05
7.9429e+05
7.9569e+05
7.9703e+05
7.9831e+05
7.9954e+05
8.007e+05
8.018e+05
8.0284e+05
8.0382e+05
8.0474e+05
8.0559e+05
8.0638e+05
8.0711e+05
8.0777e+05
8.0837e+05
8.0891e+05
8.0938e+05
8.0979e+05
8.1013e+05
8.1041e+05
8.1063e+05
8.1078e+05
8.1087e+05
8.1089e+05
8.1085e+05
8.1076e+05
8.1059e+05
8.1037e+05
8.1009e+05
8.0975e+05
8.0934e+05
8.0888e+05
8.0836e+05
8.0778e+05
8.0715e+05
8.0646e+05
8.0571e+05
8.0491e+05
8.0406e+05
8.0315e+05
8.0219e+05
8.0118e+05
8.0011e+05
7.99e+05
7.9784e+05
7.9663e+05
7.9538e+05
7.9407e+05
7.9273e+05
7.9133e+05
7.899e+05
7.8842e+05
7.869e+05
7.8534e+05
7.8373e+05
7.8209e+05
7.8041e+05
7.7869e+05
7.7693e+05
7.7514e+05
7.7331e+05
7.7145e+05
7.6955e+05
7.6762e+05
7.6565e+05
7.6365e+05
7.6162e+05
7.5956e+05
7.5747e+05
7.5535e+05
7.532e+05
7.5102e+05
7.4881e+05
7.4657e+05
7.4431e+05
7.4202e+05
7.397e+05
7.3736e+05
7.3499e+05
7.3259e+05
7.3017e+05
7.2773e+05
7.2526e+05
7.2277e+05
7.2025e+05
7.1771e+05
7.1515e+05
7.1256e+05
7.0995e+05
7.0732e+05
7.0467e+05
7.02e+05
6.993e+05
6.9659e+05
6.9385e+05
6.9109e+05
6.8831e+05
6.8552e+05
6.827e+05
6.7986e+05
6.77e+05
6.7412e+05
6.7123e+05
6.6831e+05
6.6538e+05
6.6243e+05
6.5946e+05
6.5647e+05
6.5346e+05
6.5044e+05
6.4739e+05
6.4433e+05
6.4126e+05
6.3816e+05
6.3505e+05
6.3193e+05
6.2879e+05
6.2563e+05
6.2245e+05
6.1926e+05
6.1606e+05
6.1284e+05
6.096e+05
6.0635e+05
6.0309e+05
5.9981e+05
5.9652e+05
5.9322e+05
5.899e+05
5.8657e+05
5.8322e+05
5.7986e+05
5.765e+05
5.7311e+05
5.6972e+05
5.6631e+05
5.629e+05
5.5947e+05
5.5603e+05
5.5258e+05
5.4912e+05
5.4565e+05
5.4217e+05
5.3869e+05
5.3519e+05
5.3168e+05
5.2816e+05
5.2464e+05
5.211e+05
5.1756e+05
5.1401e+05
5.1046e+05
5.0689e+05
5.0332e+05
4.9974e+05
4.9616e+05
4.9256e+05
4.8897e+05
4.8536e+05
4.8175e+05
4.7814e+05
4.7451e+05
4.7089e+05
4.6726e+05
4.6362e+05
4.5998e+05
4.5634e+05
4.5269e+05
4.4903e+05
4.4538e+05
4.4172e+05
4.3806e+05
4.3439e+05
4.3072e+05
4.2705e+05
4.2338e+05
4.197e+05
4.1603e+05
4.1235e+05
4.0867e+05
4.0498e+05
4.013e+05
3.9762e+05
3.9394e+05
3.9025e+05
3.8657e+05
3.8288e+05
3.792e+05
3.7552e+05
3.7184e+05
3.6816e+05
3.6448e+05
3.608e+05
3.5713e+05
3.5345e+05
3.4978e+05
3.4612e+05
3.4245e+05
3.3879e+05
3.3513e+05
3.3148e+05
3.2783e+05
3.2418e+05
3.2054e+05
3.1691e+05
3.1328e+05
3.0966e+05
3.0604e+05
3.0242e+05
2.9882e+05
2.9522e+05
2.9163e+05
2.8804e+05
2.8447e+05
2.809e+05
2.7734e+05
2.7379e+05
2.7025e+05
2.6671e+05
2.6319e+05
2.5968e+05
2.5617e+05
2.5268e+05
2.492e+05
2.4573e+05
2.4227e+05
2.3882e+05
2.3539e+05
2.3197e+05
2.2856e+05
2.2516e+05
2.2178e+05
2.1841e+05
2.1505e+05
2.1171e+05
2.0838e+05
2.0507e+05
2.0177e+05
1.9849e+05
1.9523e+05
1.9198e+05
1.8874e+05
1.8552e+05
1.8232e+05
1.7914e+05
1.7597e+05
1.7283e+05
1.697e+05
1.6658e+05
1.6349e+05
1.6041e+05
1.5735e+05
1.5432e+05
1.513e+05
1.483e+05
1.4532e+05
1.4236e+05
1.3942e+05
1.365e+05
1.336e+05
1.3072e+05
1.2786e+05
1.2502e+05
1.222e+05
1.1941e+05
1.1663e+05
1.1388e+05
1.1115e+05
1.0844e+05
1.0576e+05
1.0309e+05
1.0045e+05
97831
95235
92661
90110
87582
85077
82595
80137
77702
75290
72903
70539
68198
65882
63589
61321
59076
56856
54660
52488
50340
48217
46118
44043
41993
39967
37965
35988
34034
32106
30201
28321
26465
24633
22826
21042
19282
17547
15835
14146
12482
10841
9223
7628.5
6057.1
4508.8
2983.2
1480.4
0
