9.8378e+05
9.8051e+05
9.7716e+05
9.7374e+05
9.7025e+05
9.6668e+05
9.6305e+05
9.5934e+05
9.5556e+05
9.5171e+05
9.478e+05
9.4382e+05
9.3978e+05
9.3568e+05
9.3151e+05
9.2728e+05
9.23e+05
9.1865e+05
9.1425e+05
9.098e+05
9.0529e+05
9.0072e+05
8.9611e+05
8.9144e+05
8.8673e+05
8.8196e+05
8.7715e+05
8.723e+05
8.674e+05
8.6246e+05
8.5747e+05
8.5245e+05
8.4739e+05
8.4229e+05
8.3715e+05
8.3197e+05
8.2677e+05
8.2153e+05
8.1625e+05
8.1095e+05
8.0562e+05
8.0026e+05
7.9487e+05
7.8946e+05
7.8402e+05
7.7856e+05
7.7308e+05
7.6758e+05
7.6205e+05
7.5651e+05
7.5095e+05
7.4538e+05
7.3979e+05
7.3418e+05
7.2857e+05
7.2294e+05
7.173e+05
7.1165e+05
7.0599e+05
7.0033e+05
6.9466e+05
6.8899e+05
6.8331e+05
6.7763e+05
6.7194e+05
6.6626e+05
6.6057e+05
6.5489e+05
6.4921e+05
6.4354e+05
6.3786e+05
6.322e+05
6.2654e+05
6.2089e+05
6.1524e+05
6.0961e+05
6.0398e+05
5.9837e+05
5.9277e+05
5.8718e+05
5.816e+05
5.7604e+05
5.705e+05
5.6497e+05
5.5946e+05
5.5397e+05
5.485e+05
5.4305e+05
5.3762e+05
5.3221e+05
5.2682e+05
5.2146e+05
5.1612e+05
5.1081e+05
5.0552e+05
5.0026e+05
4.9502e+05
4.8981e+05
4.8463e+05
4.7948e+05
4.7436e+05
4.6927e+05
4.6422e+05
4.5919e+05
4.542e+05
4.4923e+05
4.4431e+05
4.3942e+05
4.3456e+05
4.2974e+05
4.2495e+05
4.202e+05
4.1549e+05
4.1082e+05
4.0618e+05
4.0158e+05
3.9703e+05
3.9251e+05
3.8803e+05
3.836e+05
3.792e+05
3.7485e+05
3.7054e+05
3.6627e+05
3.6204e+05
3.5786e+05
3.5372e+05
3.4963e+05
3.4558e+05
3.4157e+05
3.3761e+05
3.337e+05
3.2983e+05
3.2601e+05
3.2223e+05
3.185e+05
3.1482e+05
3.1119e+05
3.076e+05
3.0406e+05
3.0057e+05
2.9713e+05
2.9373e+05
2.9039e+05
2.8709e+05
2.8384e+05
2.8064e+05
2.7749e+05
2.7439e+05
2.7134e+05
2.6834e+05
2.6539e+05
2.6249e+05
2.5964e+05
2.5684e+05
2.5409e+05
2.5139e+05
2.4874e+05
2.4614e+05
2.436e+05
2.411e+05
2.3865e+05
2.3626e+05
2.3391e+05
2.3162e+05
2.2937e+05
2.2718e+05
2.2503e+05
2.2294e+05
2.209e+05
2.1891e+05
2.1697e+05
2.1507e+05
2.1323e+05
2.1144e+05
2.097e+05
2.0801e+05
2.0637e+05
2.0478e+05
2.0323e+05
2.0174e+05
2.003e+05
1.989e+05
1.9756e+05
1.9626e+05
1.9501e+05
1.9381e+05
1.9266e+05
1.9155e+05
1.905e+05
1.8949e+05
1.8853e+05
1.8761e+05
1.8675e+05
1.8593e+05
1.8515e+05
1.8442e+05
1.8374e+05
1.8311e+05
1.8252e+05
1.8197e+05
1.8147e+05
1.8101e+05
1.806e+05
1.8023e+05
1.7991e+05
1.7963e+05
1.7939e+05
1.792e+05
1.7904e+05
1.7893e+05
1.7887e+05
1.7884e+05
1.7885e+05
1.7891e+05
1.79e+05
1.7914e+05
1.7931e+05
1.7953e+05
1.7978e+05
1.8008e+05
1.8041e+05
1.8078e+05
1.8118e+05
1.8163e+05
1.8211e+05
1.8262e+05
1.8317e+05
1.8376e+05
1.8439e+05
1.8504e+05
1.8574e+05
1.8646e+05
1.8722e+05
1.8802e+05
1.8884e+05
1.897e+05
1.9059e+05
1.9152e+05
1.9247e+05
1.9345e+05
1.9447e+05
1.9551e+05
1.9658e+05
1.9769e+05
1.9882e+05
1.9998e+05
2.0116e+05
2.0238e+05
2.0362e+05
2.0488e+05
2.0618e+05
2.0749e+05
2.0884e+05
2.1021e+05
2.116e+05
2.1301e+05
2.1445e+05
2.1591e+05
2.174e+05
2.189e+05
2.2043e+05
2.2198e+05
2.2355e+05
2.2513e+05
2.2674e+05
2.2837e+05
2.3002e+05
2.3168e+05
2.3336e+05
2.3506e+05
2.3678e+05
2.3851e+05
2.4026e+05
2.4203e+05
2.4381e+05
2.456e+05
2.4741e+05
2.4923e+05
2.5107e+05
2.5292e+05
2.5478e+05
2.5665e+05
2.5854e+05
2.6043e+05
2.6234e+05
2.6426e+05
2.6618e+05
2.6812e+05
2.7007e+05
2.7202e+05
2.7398e+05
2.7595e+05
2.7793e+05
2.7991e+05
2.819e+05
2.839e+05
2.859e+05
2.8791e+05
2.8992e+05
2.9193e+05
2.9395e+05
2.9598e+05
2.98e+05
3.0003e+05
3.0206e+05
3.041e+05
3.0613e+05
3.0817e+05
3.1021e+05
3.1224e+05
3.1428e+05
3.1631e+05
3.1835e+05
3.2038e+05
3.2242e+05
3.2445e+05
3.2648e+05
3.285e+05
3.3052e+05
3.3254e+05
3.3456e+05
3.3657e+05
3.3857e+05
3.4058e+05
3.4257e+05
3.4456e+05
3.4655e+05
3.4852e+05
3.505e+05
3.5246e+05
3.5442e+05
3.5637e+05
3.5831e+05
3.6024e+05
3.6217e+05
3.6408e+05
3.6599e+05
3.6789e+05
3.6977e+05
3.7165e+05
3.7352e+05
3.7537e+05
3.7722e+05
3.7905e+05
3.8087e+05
3.8268e+05
3.8448e+05
3.8626e+05
3.8803e+05
3.8979e+05
3.9154e+05
3.9327e+05
3.9499e+05
3.9669e+05
3.9838e+05
4.0006e+05
4.0172e+05
4.0336e+05
4.05e+05
4.0661e+05
4.0821e+05
4.0979e+05
4.1136e+05
4.1291e+05
4.1444e+05
4.1596e+05
4.1746e+05
4.1894e+05
4.204e+05
4.2185e+05
4.2328e+05
4.2469e+05
4.2608e+05
4.2745e+05
4.2881e+05
4.3015e+05
4.3146e+05
4.3276e+05
4.3404e+05
4.353e+05
4.3654e+05
4.3776e+05
4.3896e+05
4.4014e+05
4.4129e+05
4.4243e+05
4.4355e+05
4.4465e+05
4.4573e+05
4.4678e+05
4.4781e+05
4.4883e+05
4.4982e+05
4.5079e+05
4.5174e+05
4.5266e+05
4.5357e+05
4.5445e+05
4.5531e+05
4.5615e+05
4.5697e+05
4.5776e+05
4.5854e+05
4.5929e+05
4.6001e+05
4.6072e+05
4.614e+05
4.6206e+05
4.627e+05
4.6331e+05
4.639e+05
4.6447e+05
4.6501e+05
4.6554e+05
4.6603e+05
4.6651e+05
4.6696e+05
4.6739e+05
4.678e+05
4.6818e+05
4.6854e+05
4.6887e+05
4.6919e+05
4.6948e+05
4.6974e+05
4.6998e+05
4.702e+05
4.704e+05
4.7057e+05
4.7072e+05
4.7085e+05
4.7095e+05
4.7103e+05
4.7108e+05
4.7111e+05
4.7112e+05
4.7111e+05
4.7107e+05
4.7101e+05
4.7093e+05
4.7082e+05
4.7069e+05
4.7053e+05
4.7036e+05
4.7016e+05
4.6993e+05
4.6969e+05
4.6942e+05
4.6913e+05
4.6882e+05
4.6848e+05
4.6812e+05
4.6774e+05
4.6733e+05
4.6691e+05
4.6646e+05
4.6599e+05
4.6549e+05
4.6498e+05
4.6444e+05
4.6388e+05
4.633e+05
4.6269e+05
4.6207e+05
4.6142e+05
4.6075e+05
4.6006e+05
4.5935e+05
4.5862e+05
4.5787e+05
4.5709e+05
4.563e+05
4.5548e+05
4.5465e+05
4.5379e+05
4.5291e+05
4.5201e+05
4.511e+05
4.5016e+05
4.492e+05
4.4822e+05
4.4723e+05
4.4621e+05
4.4517e+05
4.4412e+05
4.4304e+05
4.4195e+05
4.4083e+05
4.397e+05
4.3855e+05
4.3738e+05
4.362e+05
4.3499e+05
4.3377e+05
4.3253e+05
4.3127e+05
4.2999e+05
4.287e+05
4.2739e+05
4.2606e+05
4.2471e+05
4.2335e+05
4.2197e+05
4.2058e+05
4.1916e+05
4.1774e+05
4.1629e+05
4.1483e+05
4.1336e+05
4.1187e+05
4.1036e+05
4.0884e+05
4.073e+05
4.0575e+05
4.0418e+05
4.026e+05
4.0101e+05
3.994e+05
3.9777e+05
3.9614e+05
3.9448e+05
3.9282e+05
3.9114e+05
3.8945e+05
3.8775e+05
3.8603e+05
3.843e+05
3.8256e+05
3.8081e+05
3.7904e+05
3.7726e+05
3.7547e+05
3.7367e+05
3.7186e+05
3.7004e+05
3.682e+05
3.6636e+05
3.645e+05
3.6264e+05
3.6076e+05
3.5887e+05
3.5698e+05
3.5507e+05
3.5316e+05
3.5123e+05
3.493e+05
3.4736e+05
3.4541e+05
3.4345e+05
3.4148e+05
3.395e+05
3.3752e+05
3.3553e+05
3.3353e+05
3.3152e+05
3.295e+05
3.2748e+05
3.2546e+05
3.2342e+05
3.2138e+05
3.1933e+05
3.1728e+05
3.1522e+05
3.1315e+05
3.1108e+05
3.0901e+05
3.0693e+05
3.0484e+05
3.0275e+05
3.0065e+05
2.9855e+05
2.9645e+05
2.9434e+05
2.9223e+05
2.9011e+05
2.8799e+05
2.8587e+05
2.8374e+05
2.8162e+05
2.7948e+05
2.7735e+05
2.7521e+05
2.7307e+05
2.7093e+05
2.6879e+05
2.6665e+05
2.645e+05
2.6235e+05
2.602e+05
2.5805e+05
2.559e+05
2.5375e+05
2.516e+05
2.4945e+05
2.473e+05
2.4514e+05
2.4299e+05
2.4084e+05
2.3869e+05
2.3654e+05
2.3439e+05
2.3224e+05
2.3009e+05
2.2795e+05
2.258e+05
2.2366e+05
2.2152e+05
2.1938e+05
2.1724e+05
2.1511e+05
2.1298e+05
2.1085e+05
2.0872e+05
2.066e+05
2.0448e+05
2.0236e+05
2.0024e+05
1.9813e+05
1.9603e+05
1.9392e+05
1.9182e+05
1.8973e+05
1.8764e+05
1.8555e+05
1.8347e+05
1.8139e+05
1.7932e+05
1.7725e+05
1.7519e+05
1.7314e+05
1.7108e+05
1.6904e+05
1.67e+05
1.6496e+05
1.6293e+05
1.6091e+05
1.5889e+05
1.5688e+05
1.5488e+05
1.5288e+05
1.5089e+05
1.4891e+05
1.4693e+05
1.4496e+05
1.43e+05
1.4104e+05
1.3909e+05
1.3715e+05
1.3522e+05
1.3329e+05
1.3137e+05
1.2946e+05
1.2756e+05
1.2567e+05
1.2378e+05
1.219e+05
1.2003e+05
1.1817e+05
1.1632e+05
1.1448e+05
1.1264e+05
1.1082e+05
1.09e+05
1.0719e+05
1.0539e+05
1.0361e+05
1.0183e+05
1.0005e+05
98294
96542
94800
93068
91346
89633
87930
86238
84555
82883
81221
79569
77928
76297
74676
73066
71467
69878
68300
66733
65176
63631
62096
60573
59060
57559
56068
54589
53121
51664
50219
48785
47362
45950
44550
43162
41785
40419
39065
37723
36392
35073
33765
32469
31185
29912
28651
27402
26165
24939
23725
22523
21333
20154
18987
17832
16689
15558
14438
13331
12235
11150
10078
9017.3
7968.4
6931.3
5906
4892.4
3890.5
2900.4
1921.9
955.11
0
