29459
32048
34917
38064
41486
45179
49137
53357
57831
62551
67511
72702
78114
83737
89561
95575
1.0177e+05
1.0812e+05
1.1463e+05
1.2128e+05
1.2805e+05
1.3493e+05
1.4191e+05
1.4897e+05
1.5609e+05
1.6327e+05
1.7048e+05
1.7772e+05
1.8495e+05
1.9218e+05
1.9937e+05
2.0653e+05
2.1362e+05
2.2064e+05
2.2758e+05
2.344e+05
2.4111e+05
2.4768e+05
2.5411e+05
2.6037e+05
2.6646e+05
2.7236e+05
2.7806e+05
2.8354e+05
2.888e+05
2.9383e+05
2.9861e+05
3.0314e+05
3.074e+05
3.1139e+05
3.151e+05
3.1852e+05
3.2165e+05
3.2448e+05
3.27e+05
3.2922e+05
3.3113e+05
3.3272e+05
3.34e+05
3.3496e+05
3.356e+05
3.3593e+05
3.3594e+05
3.3564e+05
3.3502e+05
3.341e+05
3.3288e+05
3.3135e+05
3.2954e+05
3.2743e+05
3.2504e+05
3.2238e+05
3.1946e+05
3.1628e+05
3.1284e+05
3.0917e+05
3.0527e+05
3.0115e+05
2.9682e+05
2.923e+05
2.8759e+05
2.827e+05
2.7766e+05
2.7246e+05
2.6713e+05
2.6168e+05
2.5611e+05
2.5044e+05
2.4469e+05
2.3887e+05
2.3299e+05
2.2706e+05
2.211e+05
2.1513e+05
2.0914e+05
2.0316e+05
1.972e+05
1.9127e+05
1.8539e+05
1.7956e+05
1.7379e+05
1.6811e+05
1.6251e+05
1.5701e+05
1.5162e+05
1.4636e+05
1.4121e+05
1.3621e+05
1.3136e+05
1.2665e+05
1.2211e+05
1.1774e+05
1.1354e+05
1.0953e+05
1.057e+05
1.0206e+05
98621
95382
92346
89518
86899
84491
82297
80317
78551
77000
75663
74540
73628
72928
72435
72148
72064
72179
72490
72994
73685
74559
75612
76838
78233
79790
81503
83368
85378
87526
89806
92212
94738
97376
1.0012e+05
1.0296e+05
1.059e+05
1.0892e+05
1.1202e+05
1.1519e+05
1.1842e+05
1.2172e+05
1.2506e+05
1.2845e+05
1.3188e+05
1.3534e+05
1.3882e+05
1.4232e+05
1.4583e+05
1.4935e+05
1.5287e+05
1.5638e+05
1.5988e+05
1.6336e+05
1.6681e+05
1.7023e+05
1.7362e+05
1.7697e+05
1.8027e+05
1.8352e+05
1.8671e+05
1.8984e+05
1.929e+05
1.9589e+05
1.9881e+05
2.0164e+05
2.0439e+05
2.0706e+05
2.0963e+05
2.121e+05
2.1448e+05
2.1675e+05
2.1891e+05
2.2097e+05
2.2291e+05
2.2474e+05
2.2644e+05
2.2803e+05
2.2949e+05
2.3083e+05
2.3204e+05
2.3312e+05
2.3407e+05
2.3489e+05
2.3557e+05
2.3612e+05
2.3653e+05
2.3681e+05
2.3695e+05
2.3695e+05
2.3681e+05
2.3654e+05
2.3613e+05
2.3558e+05
2.349e+05
2.3408e+05
2.3313e+05
2.3205e+05
2.3084e+05
2.2949e+05
2.2803e+05
2.2643e+05
2.2472e+05
2.2289e+05
2.2094e+05
2.1888e+05
2.1671e+05
2.1444e+05
2.1206e+05
2.0958e+05
2.0701e+05
2.0435e+05
2.016e+05
1.9878e+05
1.9587e+05
1.929e+05
1.8986e+05
1.8675e+05
1.8359e+05
1.8038e+05
1.7712e+05
1.7382e+05
1.7049e+05
1.6712e+05
1.6373e+05
1.6031e+05
1.5689e+05
1.5345e+05
1.5e+05
1.4656e+05
1.4312e+05
1.3969e+05
1.3628e+05
1.3288e+05
1.2951e+05
1.2616e+05
1.2284e+05
1.1956e+05
1.1632e+05
1.1312e+05
1.0997e+05
1.0686e+05
1.0381e+05
1.0081e+05
97861
94973
92144
89376
86670
84028
81450
78936
76487
74102
71782
69526
67334
65204
63136
61128
59179
57287
55451
53669
51938
50258
48625
47038
45494
43991
42527
41100
39706
38345
37014
35710
34433
33179
31947
30736
29543
28368
27209
26066
24937
23821
22719
21630
20553
19489
18438
17401
16378
15370
14378
13403
12447
11512
10598
9708.4
8844.2
8007.8
7201.4
6427
5687.1
4983.9
4319.7
3697
3117.9
2584.9
2100.1
1665.6
1283.6
955.84
684.25
470.42
315.79
221.64
188.99
218.67
311.25
467.05
686.11
968.19
1312.8
1719
2185.7
2711.5
3294.6
3932.8
4623.9
5365
6153.1
6985
7856.9
8765
9705
10673
11663
12671
13692
14721
15751
16778
17796
18799
19781
20737
21660
22545
23386
24178
24915
25592
26205
26747
27216
27607
27916
28140
28276
28322
28276
28136
27902
27573
27150
26634
26027
25331
24548
23684
22741
21726
20644
19501
18306
17065
15789
14485
13165
11839
10519
9215.5
7942.5
6712.8
5540
4438.5
3422.9
2508.2
1709.9
1043.7
525.82
172.43
0
25.115
264.42
734.56
1452.1
2433.6
3695.4
5253.5
7123.7
9321.6
11862
14760
18028
21682
25733
30193
35074
40386
46139
52342
59002
66126
73719
81787
90332
99357
1.0886e+05
1.1885e+05
1.2932e+05
1.4026e+05
1.5168e+05
1.6356e+05
1.759e+05
1.887e+05
2.0194e+05
2.1562e+05
2.2972e+05
2.4422e+05
2.5913e+05
2.7441e+05
2.9005e+05
3.0604e+05
3.2236e+05
3.3898e+05
3.5589e+05
3.7306e+05
3.9047e+05
4.081e+05
4.2591e+05
4.439e+05
4.6202e+05
4.8026e+05
4.9857e+05
5.1695e+05
5.3535e+05
5.5375e+05
5.7212e+05
5.9043e+05
6.0865e+05
6.2674e+05
6.4469e+05
6.6245e+05
6.8e+05
6.9732e+05
7.1436e+05
7.311e+05
7.4751e+05
7.6357e+05
7.7924e+05
7.945e+05
8.0932e+05
8.2368e+05
8.3756e+05
8.5091e+05
8.6374e+05
8.7601e+05
8.8769e+05
8.9879e+05
9.0926e+05
9.191e+05
9.2829e+05
9.3682e+05
9.4466e+05
9.5182e+05
9.5827e+05
9.6401e+05
9.6904e+05
9.7333e+05
9.769e+05
9.7972e+05
9.8181e+05
9.8316e+05
9.8378e+05
9.8365e+05
9.8279e+05
9.8121e+05
9.789e+05
9.7587e+05
9.7214e+05
9.6771e+05
9.6259e+05
9.568e+05
9.5035e+05
9.4326e+05
9.3553e+05
9.2719e+05
9.1826e+05
9.0875e+05
8.9869e+05
8.8809e+05
8.7697e+05
8.6536e+05
8.5328e+05
8.4076e+05
8.2781e+05
8.1446e+05
8.0074e+05
7.8666e+05
7.7227e+05
7.5757e+05
7.426e+05
7.2739e+05
7.1195e+05
6.9631e+05
6.8051e+05
6.6456e+05
6.4849e+05
6.3232e+05
6.1609e+05
5.9981e+05
5.8351e+05
5.6721e+05
5.5093e+05
5.3471e+05
5.1855e+05
5.0248e+05
4.8652e+05
4.707e+05
4.5502e+05
4.3952e+05
4.242e+05
4.0908e+05
3.9419e+05
3.7952e+05
3.6511e+05
3.5096e+05
3.3708e+05
3.2349e+05
3.102e+05
2.9721e+05
2.8454e+05
2.7219e+05
2.6018e+05
2.485e+05
2.3716e+05
2.2618e+05
2.1554e+05
2.0526e+05
1.9533e+05
1.8576e+05
1.7654e+05
1.6769e+05
1.5919e+05
1.5104e+05
1.4324e+05
1.358e+05
1.287e+05
1.2193e+05
1.1551e+05
1.0941e+05
1.0363e+05
98176
93028
88183
83632
79368
75382
71665
68209
65004
62041
59309
56801
54505
52412
50511
48794
47250
45870
44643
43560
42612
41789
41081
40481
39978
39564
39232
38972
38777
38639
38551
38506
38497
38517
38561
38623
38697
38778
38862
38943
39018
39083
39134
39168
39183
39175
39142
39084
38997
38880
38733
38555
38344
38101
37826
37518
37178
36806
36404
35972
35510
35021
34505
33964
33400
32814
32208
31584
30943
30288
29620
28942
28255
27561
26864
26164
25463
24764
24068
23377
22694
22019
21355
20703
20064
19440
18833
18244
17673
17122
16592
16084
15599
15136
14697
14282
13892
13526
13185
12869
12578
12311
12068
11850
11655
11483
11333
11206
11099
11012
10945
10896
10864
10849
10849
10863
10890
10929
10979
11038
11106
11180
11261
11346
11434
11525
11617
11709
11800
11888
11974
12055
12131
12201
12263
12318
12365
12402
12429
12446
12451
12446
12428
12398
12355
12299
12231
12149
12054
11946
11825
11691
11544
11385
11213
11030
10835
10628
10411
10184
9947
