27181
29450
31768
34135
36549
39010
41517
44067
46661
49296
51973
54689
57444
60236
63064
65927
68823
71752
74712
77701
80719
83764
86834
89929
93047
96186
99346
1.0253e+05
1.0572e+05
1.0893e+05
1.1216e+05
1.154e+05
1.1866e+05
1.2192e+05
1.2519e+05
1.2847e+05
1.3176e+05
1.3505e+05
1.3835e+05
1.4164e+05
1.4494e+05
1.4824e+05
1.5153e+05
1.5483e+05
1.5811e+05
1.614e+05
1.6467e+05
1.6793e+05
1.7119e+05
1.7443e+05
1.7766e+05
1.8088e+05
1.8408e+05
1.8726e+05
1.9043e+05
1.9357e+05
1.967e+05
1.998e+05
2.0288e+05
2.0593e+05
2.0896e+05
2.1197e+05
2.1494e+05
2.1788e+05
2.208e+05
2.2368e+05
2.2653e+05
2.2935e+05
2.3213e+05
2.3487e+05
2.3758e+05
2.4025e+05
2.4288e+05
2.4547e+05
2.4802e+05
2.5053e+05
2.53e+05
2.5542e+05
2.578e+05
2.6013e+05
2.6241e+05
2.6465e+05
2.6684e+05
2.6898e+05
2.7108e+05
2.7312e+05
2.7511e+05
2.7706e+05
2.7895e+05
2.8078e+05
2.8257e+05
2.843e+05
2.8598e+05
2.876e+05
2.8917e+05
2.9069e+05
2.9214e+05
2.9355e+05
2.9489e+05
2.9618e+05
2.9742e+05
2.986e+05
2.9972e+05
3.0078e+05
3.0178e+05
3.0273e+05
3.0362e+05
3.0446e+05
3.0524e+05
3.0595e+05
3.0662e+05
3.0722e+05
3.0777e+05
3.0826e+05
3.0869e+05
3.0907e+05
3.0939e+05
3.0966e+05
3.0987e+05
3.1002e+05
3.1012e+05
3.1017e+05
3.1016e+05
3.1009e+05
3.0998e+05
3.0981e+05
3.0959e+05
3.0931e+05
3.0899e+05
3.0861e+05
3.0819e+05
3.0771e+05
3.0719e+05
3.0662e+05
3.06e+05
3.0533e+05
3.0462e+05
3.0387e+05
3.0307e+05
3.0222e+05
3.0134e+05
3.0041e+05
2.9944e+05
2.9843e+05
2.9738e+05
2.9629e+05
2.9517e+05
2.94e+05
2.9281e+05
2.9158e+05
2.9031e+05
2.8901e+05
2.8768e+05
2.8632e+05
2.8493e+05
2.8351e+05
2.8206e+05
2.8059e+05
2.7909e+05
2.7756e+05
2.7602e+05
2.7444e+05
2.7285e+05
2.7124e+05
2.696e+05
2.6795e+05
2.6628e+05
2.6459e+05
2.6289e+05
2.6117e+05
2.5944e+05
2.577e+05
2.5594e+05
2.5417e+05
2.524e+05
2.5061e+05
2.4882e+05
2.4701e+05
2.4521e+05
2.4339e+05
2.4158e+05
2.3975e+05
2.3793e+05
2.361e+05
2.3428e+05
2.3245e+05
2.3062e+05
2.288e+05
2.2697e+05
2.2515e+05
2.2333e+05
2.2152e+05
2.1971e+05
2.1791e+05
2.1611e+05
2.1432e+05
2.1254e+05
2.1076e+05
2.0899e+05
2.0723e+05
2.0548e+05
2.0375e+05
2.0202e+05
2.003e+05
1.9859e+05
1.9689e+05
1.9521e+05
1.9354e+05
1.9188e+05
1.9023e+05
1.886e+05
1.8698e+05
1.8537e+05
1.8378e+05
1.822e+05
1.8063e+05
1.7908e+05
1.7755e+05
1.7603e+05
1.7452e+05
1.7302e+05
1.7155e+05
1.7008e+05
1.6863e+05
1.672e+05
1.6577e+05
1.6437e+05
1.6298e+05
1.616e+05
1.6023e+05
1.5888e+05
1.5754e+05
1.5622e+05
1.5491e+05
1.5361e+05
1.5233e+05
1.5106e+05
1.498e+05
1.4855e+05
1.4732e+05
1.461e+05
1.4488e+05
1.4368e+05
1.4249e+05
1.4131e+05
1.4015e+05
1.3899e+05
1.3784e+05
1.367e+05
1.3557e+05
1.3445e+05
1.3333e+05
1.3223e+05
1.3113e+05
1.3004e+05
1.2896e+05
1.2788e+05
1.2681e+05
1.2575e+05
1.2469e+05
1.2364e+05
1.2259e+05
1.2155e+05
1.2052e+05
1.1949e+05
1.1846e+05
1.1744e+05
1.1643e+05
1.1542e+05
1.1441e+05
1.134e+05
1.124e+05
1.1141e+05
1.1041e+05
1.0942e+05
1.0844e+05
1.0746e+05
1.0648e+05
1.055e+05
1.0453e+05
1.0357e+05
1.026e+05
1.0164e+05
1.0069e+05
99736
98790
97849
96913
95982
95057
94138
93226
92320
91422
90532
89650
88777
87914
87060
86217
85386
84567
83760
82967
82188
81424
80676
79944
79231
78536
77860
77205
76571
75960
75372
74809
74272
73762
73279
72826
72403
72012
71653
71329
71040
70787
70573
70397
70263
70170
70120
70116
70157
70246
70383
70571
70811
71103
71450
71853
72314
72833
73413
74054
74758
75526
76361
77262
78233
79273
80385
81569
82828
84162
85572
87060
88628
90276
92006
93818
95715
97696
99764
1.0192e+05
1.0416e+05
1.0649e+05
1.0892e+05
1.1143e+05
1.1404e+05
1.1674e+05
1.1953e+05
1.2242e+05
1.254e+05
1.2848e+05
1.3165e+05
1.3493e+05
1.383e+05
1.4177e+05
1.4533e+05
1.49e+05
1.5277e+05
1.5663e+05
1.606e+05
1.6467e+05
1.6883e+05
1.731e+05
1.7747e+05
1.8194e+05
1.8651e+05
1.9118e+05
1.9595e+05
2.0081e+05
2.0578e+05
2.1085e+05
2.1602e+05
2.2129e+05
2.2665e+05
2.3211e+05
2.3767e+05
2.4332e+05
2.4907e+05
2.5491e+05
2.6084e+05
2.6687e+05
2.7299e+05
2.792e+05
2.855e+05
2.9188e+05
2.9835e+05
3.0491e+05
3.1155e+05
3.1827e+05
3.2507e+05
3.3195e+05
3.3891e+05
3.4594e+05
3.5305e+05
3.6023e+05
3.6748e+05
3.748e+05
3.8218e+05
3.8963e+05
3.9714e+05
4.047e+05
4.1233e+05
4.2001e+05
4.2775e+05
4.3553e+05
4.4336e+05
4.5124e+05
4.5916e+05
4.6712e+05
4.7512e+05
4.8316e+05
4.9122e+05
4.9932e+05
5.0744e+05
5.1559e+05
5.2376e+05
5.3195e+05
5.4015e+05
5.4837e+05
5.5659e+05
5.6483e+05
5.7306e+05
5.813e+05
5.8953e+05
5.9776e+05
6.0598e+05
6.1419e+05
6.2238e+05
6.3055e+05
6.3871e+05
6.4683e+05
6.5494e+05
6.6301e+05
6.7104e+05
6.7904e+05
6.87e+05
6.9491e+05
7.0278e+05
7.106e+05
7.1836e+05
7.2607e+05
7.3372e+05
7.4131e+05
7.4883e+05
7.5628e+05
7.6366e+05
7.7096e+05
7.7819e+05
7.8533e+05
7.9239e+05
7.9936e+05
8.0625e+05
8.1303e+05
8.1973e+05
8.2632e+05
8.3281e+05
8.392e+05
8.4548e+05
8.5165e+05
8.5771e+05
8.6365e+05
8.6947e+05
8.7518e+05
8.8076e+05
8.8621e+05
8.9154e+05
8.9674e+05
9.0181e+05
9.0674e+05
9.1153e+05
9.1619e+05
9.207e+05
9.2507e+05
9.293e+05
9.3338e+05
9.3731e+05
9.4109e+05
9.4472e+05
9.482e+05
9.5152e+05
9.5469e+05
9.577e+05
9.6055e+05
9.6324e+05
9.6577e+05
9.6813e+05
9.7033e+05
9.7237e+05
9.7425e+05
9.7595e+05
9.7749e+05
9.7887e+05
9.8007e+05
9.8111e+05
9.8198e+05
9.8267e+05
9.832e+05
9.8356e+05
9.8376e+05
9.8378e+05
9.8363e+05
9.8331e+05
9.8282e+05
9.8217e+05
9.8134e+05
9.8035e+05
9.7919e+05
9.7786e+05
9.7637e+05
9.7471e+05
9.7289e+05
9.709e+05
9.6875e+05
9.6644e+05
9.6397e+05
9.6134e+05
9.5855e+05
9.556e+05
9.525e+05
9.4924e+05
9.4583e+05
9.4227e+05
9.3856e+05
9.347e+05
9.307e+05
9.2655e+05
9.2226e+05
9.1784e+05
9.1327e+05
9.0856e+05
9.0372e+05
8.9875e+05
8.9365e+05
8.8843e+05
8.8307e+05
8.776e+05
8.72e+05
8.6629e+05
8.6046e+05
8.5452e+05
8.4847e+05
8.4231e+05
8.3604e+05
8.2967e+05
8.232e+05
8.1664e+05
8.0998e+05
8.0323e+05
7.9639e+05
7.8946e+05
7.8245e+05
7.7537e+05
7.682e+05
7.6096e+05
7.5365e+05
7.4627e+05
7.3882e+05
7.3131e+05
7.2374e+05
7.1612e+05
7.0844e+05
7.0071e+05
6.9293e+05
6.8511e+05
6.7725e+05
6.6934e+05
6.614e+05
6.5343e+05
6.4543e+05
6.374e+05
6.2935e+05
6.2127e+05
6.1318e+05
6.0507e+05
5.9695e+05
5.8882e+05
5.8068e+05
5.7254e+05
5.644e+05
5.5626e+05
5.4812e+05
5.3999e+05
5.3187e+05
5.2376e+05
5.1566e+05
5.0759e+05
4.9953e+05
4.9149e+05
4.8348e+05
4.755e+05
4.6754e+05
4.5962e+05
4.5173e+05
4.4388e+05
4.3607e+05
4.2829e+05
4.2056e+05
4.1288e+05
4.0524e+05
3.9765e+05
3.9011e+05
3.8263e+05
3.752e+05
3.6782e+05
3.6051e+05
3.5325e+05
3.4606e+05
3.3892e+05
3.3186e+05
3.2486e+05
3.1792e+05
3.1106e+05
3.0427e+05
2.9754e+05
2.9089e+05
2.8432e+05
2.7782e+05
2.7139e+05
2.6504e+05
2.5877e+05
2.5258e+05
2.4647e+05
2.4044e+05
2.3449e+05
2.2863e+05
2.2284e+05
2.1714e+05
2.1152e+05
2.0599e+05
2.0054e+05
1.9518e+05
1.899e+05
1.8471e+05
1.796e+05
1.7458e+05
1.6965e+05
1.648e+05
1.6003e+05
1.5536e+05
1.5077e+05
1.4627e+05
1.4185e+05
1.3752e+05
1.3327e+05
1.2911e+05
1.2503e+05
1.2104e+05
1.1713e+05
1.1331e+05
1.0957e+05
1.0591e+05
1.0233e+05
98839
95425
92092
88838
85663
82566
79546
76603
73736
70943
68224
65578
63004
60501
58069
55705
53409
51180
49017
46919
44885
42913
41003
39153
37363
35630
33955
32335
30769
29257
27798
26389
25029
23719
22455
21238
20066
18937
17851
16806
15801
14835
13907
13015
12159
11337
10547
9790
9063.3
8366.1
7697.4
7056
6440.8
5850.8
5284.8
4741.9
4220.9
3720.8
3240.6
2779.4
2336.1
1909.7
1499.4
1104.2
723.11
355.35
0
