1.8436e+05
1.8877e+05
1.9317e+05
1.9756e+05
2.0193e+05
2.0627e+05
2.1059e+05
2.1486e+05
2.191e+05
2.2329e+05
2.2742e+05
2.315e+05
2.3552e+05
2.3947e+05
2.4336e+05
2.4716e+05
2.509e+05
2.5455e+05
2.5811e+05
2.6159e+05
2.6497e+05
2.6826e+05
2.7146e+05
2.7455e+05
2.7754e+05
2.8044e+05
2.8322e+05
2.859e+05
2.8848e+05
2.9094e+05
2.933e+05
2.9555e+05
2.9768e+05
2.9971e+05
3.0163e+05
3.0344e+05
3.0515e+05
3.0675e+05
3.0824e+05
3.0962e+05
3.1091e+05
3.1209e+05
3.1318e+05
3.1416e+05
3.1506e+05
3.1586e+05
3.1657e+05
3.172e+05
3.1774e+05
3.1821e+05
3.1859e+05
3.1891e+05
3.1915e+05
3.1933e+05
3.1945e+05
3.1951e+05
3.1951e+05
3.1947e+05
3.1937e+05
3.1924e+05
3.1907e+05
3.1887e+05
3.1863e+05
3.1838e+05
3.181e+05
3.1781e+05
3.175e+05
3.1719e+05
3.1687e+05
3.1656e+05
3.1625e+05
3.1596e+05
3.1567e+05
3.1541e+05
3.1516e+05
3.1494e+05
3.1475e+05
3.146e+05
3.1448e+05
3.144e+05
3.1436e+05
3.1437e+05
3.1443e+05
3.1455e+05
3.1471e+05
3.1494e+05
3.1523e+05
3.1557e+05
3.1599e+05
3.1647e+05
3.1701e+05
3.1763e+05
3.1832e+05
3.1908e+05
3.1991e+05
3.2082e+05
3.218e+05
3.2286e+05
3.2399e+05
3.252e+05
3.2648e+05
3.2784e+05
3.2927e+05
3.3078e+05
3.3236e+05
3.3401e+05
3.3573e+05
3.3752e+05
3.3938e+05
3.413e+05
3.4329e+05
3.4534e+05
3.4744e+05
3.4961e+05
3.5183e+05
3.541e+05
3.5642e+05
3.5878e+05
3.6119e+05
3.6363e+05
3.6611e+05
3.6863e+05
3.7117e+05
3.7374e+05
3.7633e+05
3.7894e+05
3.8156e+05
3.842e+05
3.8683e+05
3.8947e+05
3.9211e+05
3.9475e+05
3.9737e+05
3.9998e+05
4.0256e+05
4.0513e+05
4.0767e+05
4.1018e+05
4.1265e+05
4.1509e+05
4.1748e+05
4.1982e+05
4.2212e+05
4.2435e+05
4.2653e+05
4.2865e+05
4.307e+05
4.3268e+05
4.3459e+05
4.3642e+05
4.3817e+05
4.3983e+05
4.4141e+05
4.4291e+05
4.4431e+05
4.4561e+05
4.4682e+05
4.4793e+05
4.4893e+05
4.4983e+05
4.5063e+05
4.5132e+05
4.5189e+05
4.5236e+05
4.5271e+05
4.5295e+05
4.5308e+05
4.5309e+05
4.5298e+05
4.5276e+05
4.5241e+05
4.5195e+05
4.5137e+05
4.5068e+05
4.4986e+05
4.4893e+05
4.4788e+05
4.4672e+05
4.4544e+05
4.4405e+05
4.4254e+05
4.4092e+05
4.3919e+05
4.3735e+05
4.3541e+05
4.3335e+05
4.312e+05
4.2894e+05
4.2659e+05
4.2413e+05
4.2159e+05
4.1895e+05
4.1622e+05
4.134e+05
4.105e+05
4.0752e+05
4.0446e+05
4.0133e+05
3.9812e+05
3.9484e+05
3.915e+05
3.881e+05
3.8463e+05
3.8111e+05
3.7754e+05
3.7392e+05
3.7025e+05
3.6654e+05
3.6279e+05
3.59e+05
3.5519e+05
3.5134e+05
3.4747e+05
3.4357e+05
3.3966e+05
3.3573e+05
3.3179e+05
3.2784e+05
3.2388e+05
3.1992e+05
3.1596e+05
3.12e+05
3.0805e+05
3.0411e+05
3.0018e+05
2.9626e+05
2.9236e+05
2.8848e+05
2.8462e+05
2.8079e+05
2.7698e+05
2.732e+05
2.6945e+05
2.6573e+05
2.6205e+05
2.584e+05
2.5479e+05
2.5122e+05
2.4769e+05
2.4419e+05
2.4075e+05
2.3734e+05
2.3398e+05
2.3067e+05
2.274e+05
2.2418e+05
2.2101e+05
2.1788e+05
2.148e+05
2.1177e+05
2.0879e+05
2.0585e+05
2.0296e+05
2.0012e+05
1.9732e+05
1.9458e+05
1.9187e+05
1.8922e+05
1.866e+05
1.8403e+05
1.815e+05
1.7902e+05
1.7657e+05
1.7416e+05
1.7179e+05
1.6946e+05
1.6717e+05
1.649e+05
1.6267e+05
1.6047e+05
1.583e+05
1.5616e+05
1.5404e+05
1.5195e+05
1.4988e+05
1.4783e+05
1.4581e+05
1.438e+05
1.418e+05
1.3982e+05
1.3786e+05
1.359e+05
1.3396e+05
1.3202e+05
1.3009e+05
1.2816e+05
1.2624e+05
1.2431e+05
1.2239e+05
1.2047e+05
1.1855e+05
1.1662e+05
1.1469e+05
1.1275e+05
1.108e+05
1.0885e+05
1.0689e+05
1.0491e+05
1.0293e+05
1.0094e+05
98931
96913
94883
92841
90785
88717
86636
84542
82436
80318
78189
76049
73899
71740
69572
67398
65217
63033
60845
58655
56466
54279
52096
49919
47750
45591
43445
41315
39202
37109
35040
32996
30982
28999
27052
25143
23275
21453
19679
17956
16289
14681
13136
11656
10247
8911.2
7653.1
6476.3
5384.6
4382
3472.3
2659.3
1946.9
1339
839.37
451.88
180.31
28.434
0
98.699
328.18
692.05
1193.8
1837
2625
3561.2
4648.8
5890.9
7290.8
8851.2
10575
12466
14525
16756
19161
21743
24503
27443
30566
33874
37367
41048
44918
48978
53229
57672
62308
67137
72159
77376
82786
88390
94187
1.0018e+05
1.0636e+05
1.1274e+05
1.193e+05
1.2605e+05
1.33e+05
1.4012e+05
1.4744e+05
1.5493e+05
1.6261e+05
1.7046e+05
1.7849e+05
1.867e+05
1.9507e+05
2.0361e+05
2.1232e+05
2.2119e+05
2.3021e+05
2.3939e+05
2.4872e+05
2.5819e+05
2.6781e+05
2.7756e+05
2.8745e+05
2.9746e+05
3.076e+05
3.1785e+05
3.2822e+05
3.387e+05
3.4928e+05
3.5996e+05
3.7073e+05
3.8159e+05
3.9253e+05
4.0354e+05
4.1463e+05
4.2577e+05
4.3697e+05
4.4822e+05
4.5952e+05
4.7085e+05
4.8221e+05
4.936e+05
5.05e+05
5.1642e+05
5.2784e+05
5.3925e+05
5.5066e+05
5.6205e+05
5.7342e+05
5.8476e+05
5.9606e+05
6.0731e+05
6.1852e+05
6.2966e+05
6.4075e+05
6.5176e+05
6.6269e+05
6.7354e+05
6.843e+05
6.9495e+05
7.055e+05
7.1594e+05
7.2627e+05
7.3646e+05
7.4653e+05
7.5645e+05
7.6624e+05
7.7587e+05
7.8535e+05
7.9466e+05
8.0381e+05
8.1278e+05
8.2158e+05
8.3018e+05
8.386e+05
8.4683e+05
8.5485e+05
8.6267e+05
8.7027e+05
8.7767e+05
8.8484e+05
8.9179e+05
8.9851e+05
9.05e+05
9.1125e+05
9.1726e+05
9.2303e+05
9.2856e+05
9.3383e+05
9.3885e+05
9.4362e+05
9.4812e+05
9.5237e+05
9.5636e+05
9.6008e+05
9.6353e+05
9.6672e+05
9.6963e+05
9.7228e+05
9.7465e+05
9.7675e+05
9.7858e+05
9.8013e+05
9.8141e+05
9.8241e+05
9.8314e+05
9.836e+05
9.8378e+05
9.8369e+05
9.8332e+05
9.8269e+05
9.8178e+05
9.8061e+05
9.7917e+05
9.7746e+05
9.7549e+05
9.7326e+05
9.7078e+05
9.6803e+05
9.6503e+05
9.6178e+05
9.5828e+05
9.5454e+05
9.5056e+05
9.4634e+05
9.4188e+05
9.3719e+05
9.3228e+05
9.2714e+05
9.2178e+05
9.1621e+05
9.1043e+05
9.0444e+05
8.9825e+05
8.9187e+05
8.8529e+05
8.7852e+05
8.7157e+05
8.6445e+05
8.5715e+05
8.4969e+05
8.4206e+05
8.3428e+05
8.2635e+05
8.1827e+05
8.1006e+05
8.0171e+05
7.9323e+05
7.8463e+05
7.7591e+05
7.6708e+05
7.5814e+05
7.4911e+05
7.3998e+05
7.3076e+05
7.2146e+05
7.1209e+05
7.0264e+05
6.9313e+05
6.8355e+05
6.7393e+05
6.6426e+05
6.5454e+05
6.4479e+05
6.3501e+05
6.252e+05
6.1537e+05
6.0553e+05
5.9568e+05
5.8583e+05
5.7598e+05
5.6613e+05
5.563e+05
5.4649e+05
5.3669e+05
5.2693e+05
5.172e+05
5.075e+05
4.9785e+05
4.8824e+05
4.7868e+05
4.6918e+05
4.5974e+05
4.5036e+05
4.4105e+05
4.3182e+05
4.2265e+05
4.1357e+05
4.0457e+05
3.9566e+05
3.8683e+05
3.7811e+05
3.6947e+05
3.6094e+05
3.5251e+05
3.4419e+05
3.3597e+05
3.2786e+05
3.1987e+05
3.1199e+05
3.0424e+05
2.966e+05
2.8908e+05
2.8169e+05
2.7442e+05
2.6728e+05
2.6027e+05
2.5338e+05
2.4663e+05
2.4001e+05
2.3353e+05
2.2718e+05
2.2096e+05
2.1488e+05
2.0893e+05
2.0312e+05
1.9745e+05
1.9191e+05
1.8651e+05
1.8125e+05
1.7613e+05
1.7114e+05
1.6628e+05
1.6156e+05
1.5698e+05
1.5253e+05
1.4821e+05
1.4403e+05
1.3997e+05
1.3605e+05
1.3226e+05
1.2859e+05
1.2505e+05
1.2164e+05
1.1835e+05
1.1518e+05
1.1213e+05
1.0921e+05
1.064e+05
1.037e+05
1.0112e+05
98651
96290
94038
91891
89847
87905
86062
84315
82664
81104
79634
78251
76954
75739
74604
73548
72566
71657
70819
70048
69343
68701
68119
67595
67126
66711
66346
66029
65758
65530
65343
65194
65082
65004
64957
64940
64950
64985
65043
65122
65220
65334
65463
65605
65758
65920
66089
66263
66442
66622
66803
66983
67161
67334
67502
67664
67817
67961
68094
68216
68325
68421
68501
68566
68615
68646
68659
68653
68628
68583
68517
68430
68321
68190
68037
67861
67662
67440
67195
66927
66634
66319
65979
65617
65231
64821
64389
63933
63455
62955
62433
61889
61323
60737
60130
59503
58857
58191
57507
56805
56086
55350
54598
53831
53049
52252
51442
