6.1282e+05
6.1973e+05
6.2644e+05
6.3294e+05
6.3923e+05
6.453e+05
6.5116e+05
6.5678e+05
6.6218e+05
6.6735e+05
6.7228e+05
6.7699e+05
6.8145e+05
6.8567e+05
6.8965e+05
6.934e+05
6.9689e+05
7.0015e+05
7.0316e+05
7.0593e+05
7.0845e+05
7.1073e+05
7.1277e+05
7.1456e+05
7.1611e+05
7.1743e+05
7.1851e+05
7.1935e+05
7.1995e+05
7.2033e+05
7.2047e+05
7.204e+05
7.2009e+05
7.1957e+05
7.1883e+05
7.1788e+05
7.1672e+05
7.1535e+05
7.1379e+05
7.1202e+05
7.1007e+05
7.0792e+05
7.056e+05
7.0309e+05
7.0042e+05
6.9757e+05
6.9457e+05
6.9141e+05
6.881e+05
6.8464e+05
6.8104e+05
6.7731e+05
6.7346e+05
6.6948e+05
6.6538e+05
6.6118e+05
6.5688e+05
6.5248e+05
6.4798e+05
6.4341e+05
6.3876e+05
6.3404e+05
6.2925e+05
6.244e+05
6.1951e+05
6.1457e+05
6.0959e+05
6.0458e+05
5.9954e+05
5.9448e+05
5.8942e+05
5.8434e+05
5.7926e+05
5.7419e+05
5.6913e+05
5.6409e+05
5.5907e+05
5.5408e+05
5.4913e+05
5.4421e+05
5.3935e+05
5.3453e+05
5.2977e+05
5.2507e+05
5.2044e+05
5.1588e+05
5.114e+05
5.0699e+05
5.0268e+05
4.9845e+05
4.9432e+05
4.9028e+05
4.8635e+05
4.8252e+05
4.788e+05
4.7519e+05
4.717e+05
4.6832e+05
4.6507e+05
4.6194e+05
4.5894e+05
4.5606e+05
4.5331e+05
4.507e+05
4.4822e+05
4.4587e+05
4.4366e+05
4.4159e+05
4.3966e+05
4.3787e+05
4.3621e+05
4.347e+05
4.3332e+05
4.3209e+05
4.3099e+05
4.3004e+05
4.2922e+05
4.2854e+05
4.28e+05
4.2759e+05
4.2732e+05
4.2718e+05
4.2717e+05
4.273e+05
4.2755e+05
4.2792e+05
4.2842e+05
4.2904e+05
4.2978e+05
4.3063e+05
4.316e+05
4.3268e+05
4.3386e+05
4.3515e+05
4.3653e+05
4.3802e+05
4.3959e+05
4.4126e+05
4.4301e+05
4.4485e+05
4.4676e+05
4.4874e+05
4.508e+05
4.5292e+05
4.551e+05
4.5734e+05
4.5964e+05
4.6198e+05
4.6436e+05
4.6679e+05
4.6925e+05
4.7174e+05
4.7425e+05
4.7679e+05
4.7934e+05
4.8191e+05
4.8448e+05
4.8706e+05
4.8963e+05
4.922e+05
4.9476e+05
4.973e+05
4.9982e+05
5.0232e+05
5.0479e+05
5.0723e+05
5.0963e+05
5.1198e+05
5.1429e+05
5.1655e+05
5.1876e+05
5.2091e+05
5.2299e+05
5.2501e+05
5.2696e+05
5.2883e+05
5.3063e+05
5.3235e+05
5.3398e+05
5.3552e+05
5.3698e+05
5.3834e+05
5.396e+05
5.4076e+05
5.4182e+05
5.4277e+05
5.4361e+05
5.4435e+05
5.4496e+05
5.4547e+05
5.4585e+05
5.4612e+05
5.4626e+05
5.4628e+05
5.4617e+05
5.4594e+05
5.4558e+05
5.4508e+05
5.4446e+05
5.4371e+05
5.4282e+05
5.418e+05
5.4064e+05
5.3935e+05
5.3792e+05
5.3636e+05
5.3466e+05
5.3283e+05
5.3086e+05
5.2875e+05
5.2651e+05
5.2413e+05
5.2162e+05
5.1898e+05
5.162e+05
5.1329e+05
5.1025e+05
5.0708e+05
5.0378e+05
5.0035e+05
4.968e+05
4.9313e+05
4.8933e+05
4.8541e+05
4.8137e+05
4.7722e+05
4.7295e+05
4.6857e+05
4.6407e+05
4.5948e+05
4.5477e+05
4.4997e+05
4.4506e+05
4.4006e+05
4.3496e+05
4.2977e+05
4.2449e+05
4.1913e+05
4.1369e+05
4.0816e+05
4.0256e+05
3.9689e+05
3.9115e+05
3.8534e+05
3.7948e+05
3.7355e+05
3.6757e+05
3.6154e+05
3.5546e+05
3.4934e+05
3.4317e+05
3.3697e+05
3.3074e+05
3.2448e+05
3.182e+05
3.119e+05
3.0558e+05
2.9925e+05
2.9291e+05
2.8656e+05
2.8022e+05
2.7387e+05
2.6754e+05
2.6122e+05
2.5491e+05
2.4863e+05
2.4237e+05
2.3613e+05
2.2993e+05
2.2377e+05
2.1764e+05
2.1156e+05
2.0553e+05
1.9955e+05
1.9362e+05
1.8776e+05
1.8196e+05
1.7622e+05
1.7056e+05
1.6497e+05
1.5946e+05
1.5404e+05
1.487e+05
1.4344e+05
1.3828e+05
1.3322e+05
1.2826e+05
1.234e+05
1.1865e+05
1.1401e+05
1.0948e+05
1.0506e+05
1.0077e+05
96592
92543
88622
84832
81174
77652
74269
71026
67926
64971
62164
59506
57000
54648
52451
50412
48531
46811
45253
43859
42629
41566
40670
39942
39384
38996
38778
38733
38860
39160
39633
40279
41100
42094
43263
44606
46123
47813
49677
51714
53924
56305
58859
61582
64476
67539
70770
74167
77731
81459
85350
89404
93617
97990
1.0252e+05
1.0721e+05
1.1204e+05
1.1704e+05
1.2218e+05
1.2747e+05
1.329e+05
1.3848e+05
1.442e+05
1.5007e+05
1.5606e+05
1.622e+05
1.6846e+05
1.7486e+05
1.8138e+05
1.8803e+05
1.948e+05
2.0169e+05
2.087e+05
2.1582e+05
2.2305e+05
2.3039e+05
2.3784e+05
2.4539e+05
2.5304e+05
2.6078e+05
2.6862e+05
2.7654e+05
2.8456e+05
2.9266e+05
3.0084e+05
3.0909e+05
3.1742e+05
3.2583e+05
3.3429e+05
3.4283e+05
3.5142e+05
3.6007e+05
3.6877e+05
3.7753e+05
3.8633e+05
3.9518e+05
4.0406e+05
4.1298e+05
4.2194e+05
4.3092e+05
4.3993e+05
4.4897e+05
4.5802e+05
4.6709e+05
4.7617e+05
4.8525e+05
4.9435e+05
5.0344e+05
5.1254e+05
5.2162e+05
5.307e+05
5.3977e+05
5.4882e+05
5.5785e+05
5.6686e+05
5.7585e+05
5.848e+05
5.9373e+05
6.0261e+05
6.1146e+05
6.2027e+05
6.2903e+05
6.3774e+05
6.464e+05
6.55e+05
6.6355e+05
6.7203e+05
6.8045e+05
6.888e+05
6.9709e+05
7.053e+05
7.1343e+05
7.2149e+05
7.2946e+05
7.3735e+05
7.4515e+05
7.5286e+05
7.6048e+05
7.6801e+05
7.7543e+05
7.8276e+05
7.8999e+05
7.9711e+05
8.0412e+05
8.1102e+05
8.1782e+05
8.245e+05
8.3106e+05
8.375e+05
8.4383e+05
8.5003e+05
8.5611e+05
8.6207e+05
8.679e+05
8.7359e+05
8.7916e+05
8.846e+05
8.899e+05
8.9507e+05
9.001e+05
9.0499e+05
9.0974e+05
9.1436e+05
9.1883e+05
9.2316e+05
9.2734e+05
9.3138e+05
9.3528e+05
9.3902e+05
9.4262e+05
9.4608e+05
9.4938e+05
9.5253e+05
9.5554e+05
9.5839e+05
9.6109e+05
9.6364e+05
9.6604e+05
9.6829e+05
9.7039e+05
9.7233e+05
9.7412e+05
9.7576e+05
9.7724e+05
9.7858e+05
9.7976e+05
9.8078e+05
9.8166e+05
9.8239e+05
9.8296e+05
9.8338e+05
9.8365e+05
9.8378e+05
9.8375e+05
9.8357e+05
9.8325e+05
9.8278e+05
9.8216e+05
9.814e+05
9.8049e+05
9.7943e+05
9.7823e+05
9.769e+05
9.7541e+05
9.7379e+05
9.7203e+05
9.7013e+05
9.681e+05
9.6593e+05
9.6362e+05
9.6118e+05
9.5861e+05
9.5591e+05
9.5308e+05
9.5012e+05
9.4704e+05
9.4383e+05
9.405e+05
9.3704e+05
9.3347e+05
9.2978e+05
9.2597e+05
9.2205e+05
9.1801e+05
9.1386e+05
9.096e+05
9.0524e+05
9.0076e+05
8.9619e+05
8.9151e+05
8.8673e+05
8.8185e+05
8.7687e+05
8.718e+05
8.6663e+05
8.6138e+05
8.5603e+05
8.506e+05
8.4509e+05
8.3949e+05
8.338e+05
8.2804e+05
8.2221e+05
8.163e+05
8.1031e+05
8.0426e+05
7.9813e+05
7.9194e+05
7.8568e+05
7.7937e+05
7.7299e+05
7.6655e+05
7.6006e+05
7.5352e+05
7.4692e+05
7.4027e+05
7.3358e+05
7.2683e+05
7.2005e+05
7.1323e+05
7.0636e+05
6.9946e+05
6.9253e+05
6.8556e+05
6.7856e+05
6.7153e+05
6.6447e+05
6.574e+05
6.5029e+05
6.4317e+05
6.3603e+05
6.2888e+05
6.217e+05
6.1452e+05
6.0733e+05
6.0013e+05
5.9292e+05
5.857e+05
5.7849e+05
5.7127e+05
5.6406e+05
5.5685e+05
5.4964e+05
5.4244e+05
5.3525e+05
5.2807e+05
5.209e+05
5.1374e+05
5.066e+05
4.9948e+05
4.9238e+05
4.853e+05
4.7824e+05
4.712e+05
4.6419e+05
4.5721e+05
4.5025e+05
4.4333e+05
4.3643e+05
4.2957e+05
4.2275e+05
4.1596e+05
4.092e+05
4.0249e+05
3.9581e+05
3.8918e+05
3.8259e+05
3.7604e+05
3.6954e+05
3.6308e+05
3.5667e+05
3.5031e+05
3.44e+05
3.3774e+05
3.3153e+05
3.2537e+05
3.1926e+05
3.1321e+05
3.0722e+05
3.0128e+05
2.9539e+05
2.8957e+05
2.838e+05
2.7809e+05
2.7244e+05
2.6685e+05
2.6132e+05
2.5585e+05
2.5045e+05
2.451e+05
2.3982e+05
2.3461e+05
2.2946e+05
2.2437e+05
2.1934e+05
2.1438e+05
2.0949e+05
2.0466e+05
1.999e+05
1.9521e+05
1.9058e+05
1.8601e+05
1.8152e+05
1.7709e+05
1.7272e+05
1.6843e+05
1.642e+05
1.6003e+05
1.5594e+05
1.5191e+05
1.4794e+05
1.4405e+05
1.4022e+05
1.3645e+05
1.3275e+05
1.2912e+05
1.2555e+05
1.2205e+05
1.1861e+05
1.1524e+05
1.1193e+05
1.0869e+05
1.0551e+05
1.0239e+05
99333
96340
93409
90540
87731
84983
82295
79666
77096
74584
72129
69732
67391
65106
62877
60701
58580
56512
54496
52532
50619
48757
46944
45181
43465
41797
40176
38600
37070
35585
34143
32744
31387
30072
28797
27562
26366
25208
24088
23004
21956
20943
19965
19020
18108
17228
16379
15560
14771
14011
13278
12573
11895
11243
10615
10012
9432.5
8875.7
8341.1
7827.8
7335.3
6862.7
6409.3
5974.6
5557.7
5158.1
4775
4407.8
4055.8
3718.4
3395
3084.9
2787.6
2502.3
2228.6
1965.8
1713.3
1470.7
1237.2
1012.4
795.73
586.68
384.7
189.31
0
