13562
16822
20287
23951
27811
31860
36092
40502
45082
49826
54725
59773
64960
70279
75721
81277
86938
92694
98536
1.0445e+05
1.1044e+05
1.1648e+05
1.2257e+05
1.2869e+05
1.3484e+05
1.4101e+05
1.4718e+05
1.5335e+05
1.5951e+05
1.6564e+05
1.7174e+05
1.7779e+05
1.8379e+05
1.8973e+05
1.956e+05
2.0139e+05
2.0709e+05
2.1269e+05
2.1819e+05
2.2357e+05
2.2883e+05
2.3397e+05
2.3896e+05
2.4382e+05
2.4852e+05
2.5307e+05
2.5746e+05
2.6168e+05
2.6574e+05
2.6961e+05
2.7331e+05
2.7682e+05
2.8015e+05
2.8329e+05
2.8623e+05
2.8898e+05
2.9153e+05
2.9388e+05
2.9604e+05
2.98e+05
2.9975e+05
3.0131e+05
3.0266e+05
3.0382e+05
3.0478e+05
3.0555e+05
3.0612e+05
3.065e+05
3.0669e+05
3.067e+05
3.0653e+05
3.0618e+05
3.0565e+05
3.0495e+05
3.0409e+05
3.0307e+05
3.0189e+05
3.0056e+05
2.9908e+05
2.9747e+05
2.9572e+05
2.9385e+05
2.9185e+05
2.8974e+05
2.8752e+05
2.852e+05
2.8278e+05
2.8028e+05
2.7769e+05
2.7503e+05
2.723e+05
2.6952e+05
2.6667e+05
2.6379e+05
2.6086e+05
2.5791e+05
2.5492e+05
2.5192e+05
2.4891e+05
2.459e+05
2.4288e+05
2.3988e+05
2.3689e+05
2.3393e+05
2.3099e+05
2.2809e+05
2.2523e+05
2.2241e+05
2.1965e+05
2.1694e+05
2.143e+05
2.1172e+05
2.0922e+05
2.0679e+05
2.0445e+05
2.0219e+05
2.0001e+05
1.9793e+05
1.9595e+05
1.9406e+05
1.9228e+05
1.906e+05
1.8903e+05
1.8756e+05
1.862e+05
1.8496e+05
1.8383e+05
1.828e+05
1.819e+05
1.811e+05
1.8042e+05
1.7986e+05
1.794e+05
1.7906e+05
1.7883e+05
1.787e+05
1.7869e+05
1.7878e+05
1.7897e+05
1.7926e+05
1.7965e+05
1.8014e+05
1.8071e+05
1.8138e+05
1.8213e+05
1.8296e+05
1.8387e+05
1.8485e+05
1.859e+05
1.8701e+05
1.8819e+05
1.8942e+05
1.907e+05
1.9202e+05
1.9339e+05
1.9479e+05
1.9622e+05
1.9768e+05
1.9916e+05
2.0065e+05
2.0215e+05
2.0366e+05
2.0516e+05
2.0666e+05
2.0815e+05
2.0962e+05
2.1107e+05
2.1249e+05
2.1388e+05
2.1524e+05
2.1656e+05
2.1783e+05
2.1905e+05
2.2022e+05
2.2133e+05
2.2238e+05
2.2336e+05
2.2428e+05
2.2513e+05
2.259e+05
2.2659e+05
2.272e+05
2.2773e+05
2.2817e+05
2.2853e+05
2.2879e+05
2.2897e+05
2.2905e+05
2.2904e+05
2.2894e+05
2.2874e+05
2.2845e+05
2.2806e+05
2.2758e+05
2.27e+05
2.2633e+05
2.2556e+05
2.247e+05
2.2375e+05
2.2271e+05
2.2158e+05
2.2036e+05
2.1905e+05
2.1767e+05
2.162e+05
2.1465e+05
2.1302e+05
2.1132e+05
2.0955e+05
2.0771e+05
2.0581e+05
2.0384e+05
2.0181e+05
1.9972e+05
1.9758e+05
1.9539e+05
1.9315e+05
1.9087e+05
1.8854e+05
1.8618e+05
1.8378e+05
1.8135e+05
1.789e+05
1.7641e+05
1.7391e+05
1.7138e+05
1.6884e+05
1.6628e+05
1.6371e+05
1.6113e+05
1.5855e+05
1.5596e+05
1.5337e+05
1.5078e+05
1.4819e+05
1.4561e+05
1.4303e+05
1.4046e+05
1.3789e+05
1.3534e+05
1.328e+05
1.3027e+05
1.2776e+05
1.2526e+05
1.2277e+05
1.203e+05
1.1785e+05
1.1542e+05
1.13e+05
1.106e+05
1.0821e+05
1.0584e+05
1.0349e+05
1.0116e+05
98846
96547
94265
91998
89748
87513
85293
83088
80897
78720
76557
74407
72270
70146
68035
65936
63850
61777
59717
57670
55636
53616
51610
49619
47644
45686
43745
41823
39920
38039
36179
34344
32534
30752
28998
27275
25585
23930
22311
20731
19193
17697
16247
14845
13494
12194
10949
9760.7
8631.5
7563.4
6558.5
5618.8
4746.2
3942.5
3209.4
2548.5
1961.2
1448.8
1012.6
653.33
371.95
169.02
44.969
0
34.116
147.1
338.51
607.67
953.69
1375.4
1871.5
2440.2
3079.8
3788.1
4562.8
5401.2
6300.7
7258.1
8270.1
9333.3
10444
11598
12792
14021
15281
16567
17875
19199
20535
21878
23223
24564
25896
27215
28515
29790
31036
32247
33419
34547
35627
36652
37620
38526
39366
40137
40834
41456
41998
42459
42837
43129
43334
43452
43481
43422
43275
43040
42718
42313
41824
41256
40612
39894
39107
38256
37346
36382
35371
34319
33233
32121
30990
29850
28708
27575
26459
25372
24322
23321
22380
21509
20722
20028
19441
18972
18633
18437
18396
18523
18830
19329
20032
20953
22102
23491
25134
27039
29220
31686
34448
37516
40900
44608
48650
53033
57765
62853
68303
74121
80312
86880
93829
1.0116e+05
1.0888e+05
1.1699e+05
1.2548e+05
1.3436e+05
1.4362e+05
1.5328e+05
1.6331e+05
1.7372e+05
1.845e+05
1.9565e+05
2.0716e+05
2.1903e+05
2.3125e+05
2.438e+05
2.5668e+05
2.6988e+05
2.8339e+05
2.9719e+05
3.1127e+05
3.2563e+05
3.4024e+05
3.5508e+05
3.7016e+05
3.8544e+05
4.0091e+05
4.1656e+05
4.3236e+05
4.483e+05
4.6435e+05
4.8051e+05
4.9675e+05
5.1304e+05
5.2937e+05
5.4572e+05
5.6206e+05
5.7838e+05
5.9465e+05
6.1085e+05
6.2696e+05
6.4296e+05
6.5882e+05
6.7453e+05
6.9006e+05
7.0539e+05
7.205e+05
7.3536e+05
7.4996e+05
7.6428e+05
7.783e+05
7.9199e+05
8.0534e+05
8.1833e+05
8.3093e+05
8.4314e+05
8.5493e+05
8.6629e+05
8.772e+05
8.8765e+05
8.9762e+05
9.071e+05
9.1607e+05
9.2453e+05
9.3246e+05
9.3984e+05
9.4668e+05
9.5296e+05
9.5868e+05
9.6382e+05
9.6838e+05
9.7236e+05
9.7575e+05
9.7855e+05
9.8075e+05
9.8235e+05
9.8336e+05
9.8378e+05
9.8359e+05
9.8282e+05
9.8145e+05
9.795e+05
9.7697e+05
9.7387e+05
9.7019e+05
9.6595e+05
9.6117e+05
9.5583e+05
9.4997e+05
9.4358e+05
9.3668e+05
9.2927e+05
9.2138e+05
9.1302e+05
9.042e+05
8.9493e+05
8.8523e+05
8.7511e+05
8.646e+05
8.537e+05
8.4244e+05
8.3082e+05
8.1888e+05
8.0662e+05
7.9406e+05
7.8123e+05
7.6814e+05
7.5481e+05
7.4125e+05
7.2749e+05
7.1355e+05
6.9944e+05
6.8519e+05
6.708e+05
6.5631e+05
6.4172e+05
6.2706e+05
6.1234e+05
5.9758e+05
5.8281e+05
5.6803e+05
5.5326e+05
5.3853e+05
5.2384e+05
5.0921e+05
4.9466e+05
4.802e+05
4.6585e+05
4.5161e+05
4.3752e+05
4.2357e+05
4.0977e+05
3.9615e+05
3.8272e+05
3.6947e+05
3.5643e+05
3.4361e+05
3.31e+05
3.1863e+05
3.0649e+05
2.946e+05
2.8297e+05
2.7159e+05
2.6048e+05
2.4964e+05
2.3907e+05
2.2878e+05
2.1877e+05
2.0904e+05
1.996e+05
1.9045e+05
1.8159e+05
1.7302e+05
1.6473e+05
1.5674e+05
1.4903e+05
1.4161e+05
1.3448e+05
1.2763e+05
1.2106e+05
1.1476e+05
1.0875e+05
1.03e+05
97515
92294
87331
82620
78156
73934
69947
66191
62658
59342
56238
53339
50637
48126
45800
43651
41673
39858
38199
36690
35324
34093
32991
32011
31146
30389
29734
29175
28705
28318
28008
27768
27594
27479
27418
27406
27437
27507
27611
27745
27903
28082
28278
28488
28706
28931
29158
29386
29611
29830
30041
30242
30431
30605
30764
30906
31029
31132
31214
31274
31312
31327
31318
31285
31229
31148
31043
30914
30762
30586
30387
30166
29923
29660
29375
29072
28749
28409
28052
27679
27291
26889
26475
26049
25612
25166
24711
24249
23781
23307
22830
22350
21867
21384
20900
20418
19937
19460
18985
18516
18051
17593
17141
16696
16260
15832
15413
15003
14604
14214
13836
13468
13111
12766
12433
12110
11800
11502
11215
10939
10676
10423
10182
9951.8
9732.3
9523.2
9324.2
9135.1
8955.3
8784.5
8622.2
8468.1
8321.6
8182.3
8049.5
7922.9
7801.9
7685.8
7574.2
7466.5
7362.1
7260.4
7160.8
7062.7
6965.6
6868.8
6771.9
6674.1
6574.9
6473.9
6370.3
6263.8
6153.7
