6.8411e+05
6.8765e+05
6.9122e+05
6.9485e+05
6.9852e+05
7.0226e+05
7.0607e+05
7.0994e+05
7.139e+05
7.1794e+05
7.2206e+05
7.2628e+05
7.3058e+05
7.3497e+05
7.3946e+05
7.4404e+05
7.4872e+05
7.5349e+05
7.5834e+05
7.6328e+05
7.6831e+05
7.7342e+05
7.786e+05
7.8386e+05
7.8918e+05
7.9456e+05
7.9999e+05
8.0548e+05
8.11e+05
8.1656e+05
8.2214e+05
8.2775e+05
8.3336e+05
8.3897e+05
8.4458e+05
8.5018e+05
8.5575e+05
8.6129e+05
8.6679e+05
8.7225e+05
8.7764e+05
8.8297e+05
8.8823e+05
8.9341e+05
8.9849e+05
9.0348e+05
9.0837e+05
9.1315e+05
9.1781e+05
9.2234e+05
9.2674e+05
9.3101e+05
9.3513e+05
9.3911e+05
9.4294e+05
9.466e+05
9.5011e+05
9.5346e+05
9.5663e+05
9.5964e+05
9.6247e+05
9.6513e+05
9.6762e+05
9.6992e+05
9.7205e+05
9.7399e+05
9.7576e+05
9.7735e+05
9.7876e+05
9.7999e+05
9.8105e+05
9.8193e+05
9.8264e+05
9.8317e+05
9.8354e+05
9.8374e+05
9.8378e+05
9.8365e+05
9.8337e+05
9.8293e+05
9.8235e+05
9.8161e+05
9.8073e+05
9.7972e+05
9.7856e+05
9.7728e+05
9.7587e+05
9.7433e+05
9.7268e+05
9.7091e+05
9.6903e+05
9.6705e+05
9.6496e+05
9.6277e+05
9.6049e+05
9.5812e+05
9.5567e+05
9.5313e+05
9.5051e+05
9.4782e+05
9.4506e+05
9.4223e+05
9.3934e+05
9.3639e+05
9.3338e+05
9.3031e+05
9.2719e+05
9.2403e+05
9.2081e+05
9.1756e+05
9.1426e+05
9.1092e+05
9.0755e+05
9.0414e+05
9.007e+05
8.9722e+05
8.9372e+05
8.9019e+05
8.8663e+05
8.8305e+05
8.7945e+05
8.7582e+05
8.7216e+05
8.6849e+05
8.648e+05
8.6109e+05
8.5735e+05
8.536e+05
8.4984e+05
8.4605e+05
8.4225e+05
8.3843e+05
8.346e+05
8.3075e+05
8.2689e+05
8.2301e+05
8.1911e+05
8.152e+05
8.1128e+05
8.0734e+05
8.0339e+05
7.9943e+05
7.9545e+05
7.9146e+05
7.8745e+05
7.8343e+05
7.794e+05
7.7536e+05
7.713e+05
7.6724e+05
7.6316e+05
7.5908e+05
7.5498e+05
7.5087e+05
7.4675e+05
7.4263e+05
7.385e+05
7.3436e+05
7.3021e+05
7.2606e+05
7.2191e+05
7.1774e+05
7.1358e+05
7.0942e+05
7.0525e+05
7.0108e+05
6.9692e+05
6.9275e+05
6.8859e+05
6.8444e+05
6.8028e+05
6.7614e+05
6.72e+05
6.6788e+05
6.6376e+05
6.5966e+05
6.5556e+05
6.5149e+05
6.4743e+05
6.4339e+05
6.3936e+05
6.3536e+05
6.3138e+05
6.2742e+05
6.2349e+05
6.1958e+05
6.1571e+05
6.1186e+05
6.0804e+05
6.0426e+05
6.0051e+05
5.968e+05
5.9312e+05
5.8948e+05
5.8588e+05
5.8233e+05
5.7881e+05
5.7534e+05
5.7192e+05
5.6854e+05
5.6521e+05
5.6193e+05
5.587e+05
5.5553e+05
5.524e+05
5.4933e+05
5.4632e+05
5.4336e+05
5.4046e+05
5.3762e+05
5.3483e+05
5.3211e+05
5.2944e+05
5.2684e+05
5.243e+05
5.2182e+05
5.1941e+05
5.1706e+05
5.1477e+05
5.1255e+05
5.104e+05
5.0831e+05
5.0628e+05
5.0432e+05
5.0243e+05
5.006e+05
4.9884e+05
4.9714e+05
4.9551e+05
4.9395e+05
4.9245e+05
4.9101e+05
4.8964e+05
4.8834e+05
4.871e+05
4.8592e+05
4.848e+05
4.8375e+05
4.8276e+05
4.8183e+05
4.8096e+05
4.8015e+05
4.7941e+05
4.7871e+05
4.7808e+05
4.775e+05
4.7698e+05
4.7651e+05
4.761e+05
4.7574e+05
4.7543e+05
4.7518e+05
4.7497e+05
4.7481e+05
4.747e+05
4.7464e+05
4.7462e+05
4.7465e+05
4.7472e+05
4.7484e+05
4.75e+05
4.7519e+05
4.7543e+05
4.7571e+05
4.7602e+05
4.7637e+05
4.7676e+05
4.7718e+05
4.7763e+05
4.7812e+05
4.7864e+05
4.792e+05
4.7978e+05
4.8039e+05
4.8104e+05
4.8171e+05
4.824e+05
4.8313e+05
4.8388e+05
4.8466e+05
4.8546e+05
4.8629e+05
4.8714e+05
4.8801e+05
4.8891e+05
4.8983e+05
4.9078e+05
4.9174e+05
4.9273e+05
4.9374e+05
4.9477e+05
4.9582e+05
4.969e+05
4.9799e+05
4.9911e+05
5.0024e+05
5.014e+05
5.0258e+05
5.0378e+05
5.05e+05
5.0624e+05
5.0751e+05
5.0879e+05
5.101e+05
5.1143e+05
5.1278e+05
5.1415e+05
5.1555e+05
5.1697e+05
5.1841e+05
5.1988e+05
5.2137e+05
5.2288e+05
5.2442e+05
5.2598e+05
5.2757e+05
5.2919e+05
5.3083e+05
5.325e+05
5.342e+05
5.3592e+05
5.3767e+05
5.3945e+05
5.4126e+05
5.431e+05
5.4496e+05
5.4686e+05
5.4879e+05
5.5074e+05
5.5273e+05
5.5475e+05
5.568e+05
5.5889e+05
5.61e+05
5.6315e+05
5.6534e+05
5.6755e+05
5.698e+05
5.7208e+05
5.7439e+05
5.7674e+05
5.7912e+05
5.8154e+05
5.8399e+05
5.8647e+05
5.8899e+05
5.9154e+05
5.9413e+05
5.9675e+05
5.994e+05
6.0208e+05
6.048e+05
6.0755e+05
6.1034e+05
6.1315e+05
6.16e+05
6.1887e+05
6.2178e+05
6.2472e+05
6.2769e+05
6.3068e+05
6.337e+05
6.3675e+05
6.3983e+05
6.4293e+05
6.4606e+05
6.4921e+05
6.5238e+05
6.5557e+05
6.5878e+05
6.6201e+05
6.6526e+05
6.6853e+05
6.7181e+05
6.7511e+05
6.7841e+05
6.8173e+05
6.8506e+05
6.8839e+05
6.9173e+05
6.9508e+05
6.9843e+05
7.0177e+05
7.0512e+05
7.0847e+05
7.1181e+05
7.1514e+05
7.1847e+05
7.2178e+05
7.2509e+05
7.2838e+05
7.3165e+05
7.349e+05
7.3814e+05
7.4135e+05
7.4453e+05
7.4769e+05
7.5082e+05
7.5392e+05
7.5699e+05
7.6002e+05
7.6301e+05
7.6596e+05
7.6887e+05
7.7174e+05
7.7456e+05
7.7733e+05
7.8006e+05
7.8273e+05
7.8534e+05
7.8791e+05
7.9041e+05
7.9285e+05
7.9523e+05
7.9755e+05
7.9981e+05
8.0199e+05
8.0411e+05
8.0616e+05
8.0814e+05
8.1004e+05
8.1188e+05
8.1363e+05
8.1531e+05
8.1691e+05
8.1843e+05
8.1988e+05
8.2124e+05
8.2252e+05
8.2372e+05
8.2483e+05
8.2586e+05
8.2681e+05
8.2767e+05
8.2845e+05
8.2914e+05
8.2975e+05
8.3027e+05
8.3071e+05
8.3106e+05
8.3133e+05
8.3151e+05
8.3161e+05
8.3162e+05
8.3155e+05
8.314e+05
8.3116e+05
8.3084e+05
8.3045e+05
8.2997e+05
8.2942e+05
8.2878e+05
8.2807e+05
8.2729e+05
8.2643e+05
8.255e+05
8.2449e+05
8.2342e+05
8.2227e+05
8.2106e+05
8.1979e+05
8.1845e+05
8.1704e+05
8.1558e+05
8.1405e+05
8.1247e+05
8.1083e+05
8.0914e+05
8.074e+05
8.056e+05
8.0376e+05
8.0186e+05
7.9992e+05
7.9794e+05
7.9592e+05
7.9385e+05
7.9175e+05
7.8961e+05
7.8743e+05
7.8522e+05
7.8297e+05
7.807e+05
7.7839e+05
7.7606e+05
7.737e+05
7.7132e+05
7.6891e+05
7.6649e+05
7.6404e+05
7.6157e+05
7.5908e+05
7.5657e+05
7.5405e+05
7.5152e+05
7.4897e+05
7.464e+05
7.4383e+05
7.4124e+05
7.3864e+05
7.3604e+05
7.3342e+05
7.308e+05
7.2816e+05
7.2552e+05
7.2288e+05
7.2022e+05
7.1756e+05
7.149e+05
7.1223e+05
7.0955e+05
7.0687e+05
7.0418e+05
7.0149e+05
6.988e+05
6.961e+05
6.9339e+05
6.9068e+05
6.8796e+05
6.8524e+05
6.8252e+05
6.7978e+05
6.7705e+05
6.743e+05
6.7155e+05
6.688e+05
6.6604e+05
6.6327e+05
6.6049e+05
6.577e+05
6.5491e+05
6.5211e+05
6.493e+05
6.4648e+05
6.4365e+05
6.4081e+05
6.3796e+05
6.351e+05
6.3223e+05
6.2935e+05
6.2645e+05
6.2355e+05
6.2063e+05
6.177e+05
6.1475e+05
6.118e+05
6.0883e+05
6.0584e+05
6.0284e+05
5.9983e+05
5.968e+05
5.9376e+05
5.907e+05
5.8763e+05
5.8455e+05
5.8145e+05
5.7833e+05
5.752e+05
5.7205e+05
5.6889e+05
5.6571e+05
5.6252e+05
5.5931e+05
5.5609e+05
5.5285e+05
5.496e+05
5.4633e+05
5.4305e+05
5.3976e+05
5.3645e+05
5.3312e+05
5.2979e+05
5.2644e+05
5.2307e+05
5.197e+05
5.1631e+05
5.1291e+05
5.0949e+05
5.0607e+05
5.0263e+05
4.9919e+05
4.9573e+05
4.9226e+05
4.8878e+05
4.853e+05
4.818e+05
4.7829e+05
4.7478e+05
4.7126e+05
4.6773e+05
4.6419e+05
4.6064e+05
4.5709e+05
4.5353e+05
4.4997e+05
4.464e+05
4.4282e+05
4.3924e+05
4.3566e+05
4.3207e+05
4.2848e+05
4.2488e+05
4.2128e+05
4.1768e+05
4.1407e+05
4.1046e+05
4.0685e+05
4.0323e+05
3.9962e+05
3.96e+05
3.9238e+05
3.8876e+05
3.8514e+05
3.8152e+05
3.779e+05
3.7428e+05
3.7066e+05
3.6704e+05
3.6341e+05
3.5979e+05
3.5617e+05
3.5255e+05
3.4894e+05
3.4532e+05
3.417e+05
3.3809e+05
3.3447e+05
3.3086e+05
3.2725e+05
3.2365e+05
3.2004e+05
3.1644e+05
3.1284e+05
3.0925e+05
3.0565e+05
3.0206e+05
2.9847e+05
2.9489e+05
2.9131e+05
2.8774e+05
2.8416e+05
2.806e+05
2.7703e+05
2.7348e+05
2.6992e+05
2.6638e+05
2.6284e+05
2.593e+05
2.5577e+05
2.5225e+05
2.4873e+05
2.4522e+05
2.4172e+05
2.3823e+05
2.3474e+05
2.3127e+05
2.278e+05
2.2434e+05
2.2089e+05
2.1745e+05
2.1403e+05
2.1061e+05
2.072e+05
2.0381e+05
2.0043e+05
1.9706e+05
1.937e+05
1.9036e+05
1.8703e+05
1.8372e+05
1.8042e+05
1.7714e+05
1.7387e+05
1.7062e+05
1.6738e+05
1.6417e+05
1.6097e+05
1.5779e+05
1.5462e+05
1.5148e+05
1.4836e+05
1.4525e+05
1.4217e+05
1.3911e+05
1.3607e+05
1.3305e+05
1.3005e+05
1.2708e+05
1.2412e+05
1.2119e+05
1.1829e+05
1.154e+05
1.1255e+05
1.0971e+05
1.069e+05
1.0411e+05
1.0135e+05
98618
95907
93222
90561
87927
85317
82733
80175
77642
75135
72653
70197
67766
65360
62979
60623
58291
55984
53701
51442
49207
46995
44806
42640
40497
38375
36276
34198
32140
30104
28087
26091
24114
22156
20217
18295
16392
14506
12637
10785
8949.2
7129.1
5324.5
3535
1760.3
0
