2.3987e+05
2.4317e+05
2.4645e+05
2.4974e+05
2.5301e+05
2.5628e+05
2.5954e+05
2.6278e+05
2.6602e+05
2.6924e+05
2.7244e+05
2.7562e+05
2.7878e+05
2.8193e+05
2.8505e+05
2.8814e+05
2.9121e+05
2.9425e+05
2.9727e+05
3.0026e+05
3.0321e+05
3.0613e+05
3.0902e+05
3.1188e+05
3.147e+05
3.1748e+05
3.2022e+05
3.2293e+05
3.2559e+05
3.2822e+05
3.308e+05
3.3333e+05
3.3583e+05
3.3828e+05
3.4068e+05
3.4303e+05
3.4534e+05
3.476e+05
3.4981e+05
3.5197e+05
3.5407e+05
3.5613e+05
3.5813e+05
3.6008e+05
3.6198e+05
3.6382e+05
3.6561e+05
3.6734e+05
3.6902e+05
3.7064e+05
3.722e+05
3.7371e+05
3.7516e+05
3.7655e+05
3.7788e+05
3.7915e+05
3.8037e+05
3.8152e+05
3.8262e+05
3.8365e+05
3.8463e+05
3.8554e+05
3.864e+05
3.8719e+05
3.8793e+05
3.886e+05
3.8922e+05
3.8977e+05
3.9026e+05
3.9069e+05
3.9106e+05
3.9137e+05
3.9163e+05
3.9182e+05
3.9195e+05
3.9202e+05
3.9203e+05
3.9198e+05
3.9188e+05
3.9171e+05
3.9149e+05
3.9121e+05
3.9087e+05
3.9048e+05
3.9003e+05
3.8952e+05
3.8896e+05
3.8834e+05
3.8767e+05
3.8694e+05
3.8616e+05
3.8533e+05
3.8445e+05
3.8351e+05
3.8252e+05
3.8149e+05
3.804e+05
3.7926e+05
3.7808e+05
3.7685e+05
3.7557e+05
3.7425e+05
3.7289e+05
3.7148e+05
3.7002e+05
3.6853e+05
3.6699e+05
3.6541e+05
3.638e+05
3.6214e+05
3.6045e+05
3.5873e+05
3.5696e+05
3.5517e+05
3.5333e+05
3.5147e+05
3.4958e+05
3.4766e+05
3.457e+05
3.4372e+05
3.4172e+05
3.3968e+05
3.3763e+05
3.3554e+05
3.3344e+05
3.3132e+05
3.2917e+05
3.2701e+05
3.2483e+05
3.2263e+05
3.2042e+05
3.1819e+05
3.1595e+05
3.137e+05
3.1143e+05
3.0916e+05
3.0687e+05
3.0458e+05
3.0229e+05
2.9998e+05
2.9768e+05
2.9537e+05
2.9305e+05
2.9074e+05
2.8843e+05
2.8611e+05
2.838e+05
2.8149e+05
2.7919e+05
2.7689e+05
2.7459e+05
2.7231e+05
2.7003e+05
2.6775e+05
2.6549e+05
2.6324e+05
2.61e+05
2.5877e+05
2.5655e+05
2.5435e+05
2.5216e+05
2.4998e+05
2.4782e+05
2.4568e+05
2.4355e+05
2.4144e+05
2.3935e+05
2.3727e+05
2.3521e+05
2.3318e+05
2.3116e+05
2.2916e+05
2.2718e+05
2.2523e+05
2.2329e+05
2.2137e+05
2.1948e+05
2.1761e+05
2.1576e+05
2.1393e+05
2.1212e+05
2.1033e+05
2.0857e+05
2.0683e+05
2.0511e+05
2.0341e+05
2.0173e+05
2.0008e+05
1.9844e+05
1.9683e+05
1.9524e+05
1.9367e+05
1.9212e+05
1.9058e+05
1.8907e+05
1.8758e+05
1.8611e+05
1.8465e+05
1.8321e+05
1.8179e+05
1.8039e+05
1.79e+05
1.7763e+05
1.7627e+05
1.7493e+05
1.736e+05
1.7228e+05
1.7098e+05
1.6969e+05
1.684e+05
1.6713e+05
1.6587e+05
1.6462e+05
1.6337e+05
1.6213e+05
1.609e+05
1.5967e+05
1.5845e+05
1.5723e+05
1.5601e+05
1.548e+05
1.5359e+05
1.5237e+05
1.5116e+05
1.4995e+05
1.4873e+05
1.4751e+05
1.4629e+05
1.4506e+05
1.4382e+05
1.4258e+05
1.4134e+05
1.4008e+05
1.3882e+05
1.3754e+05
1.3626e+05
1.3497e+05
1.3366e+05
1.3234e+05
1.3101e+05
1.2967e+05
1.2831e+05
1.2694e+05
1.2555e+05
1.2415e+05
1.2273e+05
1.213e+05
1.1985e+05
1.1838e+05
1.1689e+05
1.1539e+05
1.1387e+05
1.1233e+05
1.1077e+05
1.092e+05
1.076e+05
1.0599e+05
1.0436e+05
1.0271e+05
1.0104e+05
99355
97652
95931
94193
92438
90667
88880
87077
85259
83428
81582
79724
77854
75973
74082
72181
70272
68355
66433
64506
62575
60641
58706
56772
54839
52909
50984
49065
47154
45252
43362
41484
39621
37775
35947
34140
32355
30594
28859
27153
25478
23835
22226
20655
19123
17632
16185
14784
13431
12129
10879
9684.7
8547.9
7471
6456.4
5506.4
4623.5
3809.9
3068.2
2400.5
1809.4
1297.1
866.02
518.46
256.74
83.159
0
9.517
113.94
315.48
616.31
1018.6
1524.4
2135.8
2855
3683.7
4624.2
5678.1
6847.5
8134
9539.6
11066
12715
14487
16385
18410
20564
22847
25262
27808
30488
33303
36253
39340
42564
45926
49427
53067
56847
60767
64829
69031
73375
77860
82486
87254
92162
97212
1.024e+05
1.0773e+05
1.132e+05
1.1881e+05
1.2456e+05
1.3044e+05
1.3646e+05
1.4262e+05
1.4891e+05
1.5533e+05
1.6189e+05
1.6858e+05
1.7539e+05
1.8234e+05
1.894e+05
1.966e+05
2.0391e+05
2.1135e+05
2.189e+05
2.2657e+05
2.3436e+05
2.4225e+05
2.5026e+05
2.5837e+05
2.6659e+05
2.7491e+05
2.8332e+05
2.9184e+05
3.0044e+05
3.0914e+05
3.1792e+05
3.2679e+05
3.3574e+05
3.4477e+05
3.5387e+05
3.6304e+05
3.7228e+05
3.8158e+05
3.9094e+05
4.0037e+05
4.0984e+05
4.1936e+05
4.2893e+05
4.3854e+05
4.4818e+05
4.5786e+05
4.6757e+05
4.7731e+05
4.8707e+05
4.9684e+05
5.0663e+05
5.1642e+05
5.2622e+05
5.3602e+05
5.4582e+05
5.5561e+05
5.6539e+05
5.7515e+05
5.8488e+05
5.946e+05
6.0428e+05
6.1393e+05
6.2353e+05
6.331e+05
6.4262e+05
6.5209e+05
6.615e+05
6.7085e+05
6.8013e+05
6.8935e+05
6.9849e+05
7.0755e+05
7.1653e+05
7.2543e+05
7.3424e+05
7.4295e+05
7.5156e+05
7.6007e+05
7.6847e+05
7.7676e+05
7.8494e+05
7.93e+05
8.0093e+05
8.0874e+05
8.1642e+05
8.2397e+05
8.3137e+05
8.3864e+05
8.4576e+05
8.5274e+05
8.5956e+05
8.6623e+05
8.7275e+05
8.791e+05
8.8529e+05
8.9131e+05
8.9716e+05
9.0284e+05
9.0835e+05
9.1368e+05
9.1883e+05
9.2379e+05
9.2858e+05
9.3317e+05
9.3758e+05
9.4179e+05
9.4581e+05
9.4964e+05
9.5327e+05
9.5671e+05
9.5994e+05
9.6297e+05
9.658e+05
9.6843e+05
9.7085e+05
9.7307e+05
9.7507e+05
9.7688e+05
9.7847e+05
9.7986e+05
9.8103e+05
9.82e+05
9.8276e+05
9.8331e+05
9.8365e+05
9.8378e+05
9.837e+05
9.8341e+05
9.8291e+05
9.822e+05
9.8129e+05
9.8017e+05
9.7884e+05
9.7731e+05
9.7558e+05
9.7364e+05
9.715e+05
9.6916e+05
9.6662e+05
9.6388e+05
9.6095e+05
9.5783e+05
9.5451e+05
9.51e+05
9.4731e+05
9.4342e+05
9.3936e+05
9.3511e+05
9.3069e+05
9.2608e+05
9.2131e+05
9.1636e+05
9.1124e+05
9.0596e+05
9.0051e+05
8.9491e+05
8.8915e+05
8.8323e+05
8.7716e+05
8.7094e+05
8.6458e+05
8.5808e+05
8.5144e+05
8.4466e+05
8.3776e+05
8.3072e+05
8.2356e+05
8.1628e+05
8.0889e+05
8.0138e+05
7.9376e+05
7.8604e+05
7.7821e+05
7.7029e+05
7.6227e+05
7.5416e+05
7.4597e+05
7.3769e+05
7.2933e+05
7.209e+05
7.124e+05
7.0383e+05
6.952e+05
6.8651e+05
6.7776e+05
6.6897e+05
6.6012e+05
6.5124e+05
6.4231e+05
6.3335e+05
6.2436e+05
6.1534e+05
6.063e+05
5.9724e+05
5.8816e+05
5.7908e+05
5.6998e+05
5.6088e+05
5.5178e+05
5.4268e+05
5.3359e+05
5.2451e+05
5.1544e+05
5.0639e+05
4.9737e+05
4.8837e+05
4.7939e+05
4.7045e+05
4.6154e+05
4.5267e+05
4.4385e+05
4.3506e+05
4.2633e+05
4.1764e+05
4.0901e+05
4.0044e+05
3.9192e+05
3.8347e+05
3.7508e+05
3.6676e+05
3.5851e+05
3.5034e+05
3.4224e+05
3.3421e+05
3.2627e+05
3.1841e+05
3.1063e+05
3.0294e+05
2.9534e+05
2.8783e+05
2.8042e+05
2.7309e+05
2.6586e+05
2.5873e+05
2.517e+05
2.4477e+05
2.3795e+05
2.3122e+05
2.246e+05
2.1809e+05
2.1168e+05
2.0538e+05
1.9919e+05
1.9312e+05
1.8715e+05
1.8129e+05
1.7554e+05
1.6991e+05
1.6439e+05
1.5899e+05
1.5369e+05
1.4852e+05
1.4345e+05
1.385e+05
1.3367e+05
1.2895e+05
1.2434e+05
1.1985e+05
1.1548e+05
1.1121e+05
1.0706e+05
1.0303e+05
99103
95290
91589
87999
84519
81147
77885
74729
71680
68736
65897
63161
60527
57994
55561
53226
50988
48846
46798
44843
42979
41205
39519
37919
36405
34974
33624
32355
31163
30048
29008
28041
27145
26319
25559
24866
24236
23668
23160
22711
22318
21979
21692
21457
21270
21130
21035
20983
20972
21001
21067
21169
21305
21473
21671
21898
22152
22431
22733
23056
23400
23761
24140
24533
24940
25358
25787
26225
26670
27121
27576
28034
28495
28955
29415
29872
30326
30776
31219
31656
32085
32505
32914
33313
33700
34074
34434
34779
35109
35423
35720
35999
36260
36502
36725
36928
37110
37271
37410
37528
37624
37697
37747
37773
37777
37757
37713
37645
37553
37437
37297
37133
