7.7528e+05
7.7582e+05
7.7625e+05
7.7656e+05
7.7676e+05
7.7685e+05
7.7682e+05
7.7669e+05
7.7645e+05
7.761e+05
7.7565e+05
7.7509e+05
7.7443e+05
7.7367e+05
7.7282e+05
7.7186e+05
7.7081e+05
7.6967e+05
7.6844e+05
7.6711e+05
7.657e+05
7.642e+05
7.6261e+05
7.6095e+05
7.592e+05
7.5737e+05
7.5547e+05
7.5349e+05
7.5144e+05
7.4932e+05
7.4713e+05
7.4487e+05
7.4255e+05
7.4016e+05
7.3771e+05
7.3521e+05
7.3264e+05
7.3003e+05
7.2735e+05
7.2463e+05
7.2186e+05
7.1904e+05
7.1618e+05
7.1327e+05
7.1032e+05
7.0734e+05
7.0431e+05
7.0125e+05
6.9816e+05
6.9504e+05
6.9188e+05
6.887e+05
6.8549e+05
6.8226e+05
6.7901e+05
6.7573e+05
6.7244e+05
6.6913e+05
6.658e+05
6.6246e+05
6.5911e+05
6.5574e+05
6.5237e+05
6.4899e+05
6.456e+05
6.4221e+05
6.3881e+05
6.3542e+05
6.3202e+05
6.2862e+05
6.2523e+05
6.2184e+05
6.1845e+05
6.1507e+05
6.1169e+05
6.0833e+05
6.0497e+05
6.0162e+05
5.9829e+05
5.9496e+05
5.9165e+05
5.8835e+05
5.8507e+05
5.818e+05
5.7855e+05
5.7532e+05
5.721e+05
5.689e+05
5.6572e+05
5.6256e+05
5.5942e+05
5.5631e+05
5.5321e+05
5.5013e+05
5.4708e+05
5.4404e+05
5.4103e+05
5.3804e+05
5.3508e+05
5.3214e+05
5.2922e+05
5.2632e+05
5.2345e+05
5.206e+05
5.1778e+05
5.1498e+05
5.122e+05
5.0945e+05
5.0672e+05
5.0401e+05
5.0133e+05
4.9867e+05
4.9603e+05
4.9342e+05
4.9083e+05
4.8826e+05
4.8571e+05
4.8318e+05
4.8068e+05
4.7819e+05
4.7573e+05
4.7328e+05
4.7086e+05
4.6845e+05
4.6606e+05
4.6369e+05
4.6134e+05
4.5901e+05
4.5669e+05
4.5439e+05
4.521e+05
4.4983e+05
4.4757e+05
4.4533e+05
4.431e+05
4.4088e+05
4.3867e+05
4.3648e+05
4.3429e+05
4.3212e+05
4.2996e+05
4.278e+05
4.2565e+05
4.2351e+05
4.2138e+05
4.1925e+05
4.1713e+05
4.1501e+05
4.1289e+05
4.1078e+05
4.0868e+05
4.0657e+05
4.0447e+05
4.0237e+05
4.0027e+05
3.9817e+05
3.9606e+05
3.9396e+05
3.9186e+05
3.8975e+05
3.8764e+05
3.8553e+05
3.8341e+05
3.8129e+05
3.7916e+05
3.7703e+05
3.7489e+05
3.7275e+05
3.706e+05
3.6844e+05
3.6628e+05
3.6411e+05
3.6193e+05
3.5974e+05
3.5754e+05
3.5534e+05
3.5312e+05
3.509e+05
3.4866e+05
3.4642e+05
3.4417e+05
3.4191e+05
3.3963e+05
3.3735e+05
3.3506e+05
3.3275e+05
3.3044e+05
3.2812e+05
3.2578e+05
3.2344e+05
3.2109e+05
3.1872e+05
3.1635e+05
3.1397e+05
3.1158e+05
3.0918e+05
3.0677e+05
3.0435e+05
3.0192e+05
2.9949e+05
2.9705e+05
2.946e+05
2.9215e+05
2.8969e+05
2.8722e+05
2.8475e+05
2.8227e+05
2.7979e+05
2.7731e+05
2.7482e+05
2.7234e+05
2.6984e+05
2.6735e+05
2.6486e+05
2.6237e+05
2.5988e+05
2.5739e+05
2.5491e+05
2.5243e+05
2.4995e+05
2.4748e+05
2.4501e+05
2.4255e+05
2.401e+05
2.3766e+05
2.3523e+05
2.3281e+05
2.304e+05
2.28e+05
2.2562e+05
2.2325e+05
2.209e+05
2.1856e+05
2.1625e+05
2.1395e+05
2.1167e+05
2.0942e+05
2.0718e+05
2.0497e+05
2.0279e+05
2.0063e+05
1.985e+05
1.9639e+05
1.9432e+05
1.9227e+05
1.9026e+05
1.8828e+05
1.8634e+05
1.8443e+05
1.8256e+05
1.8072e+05
1.7893e+05
1.7717e+05
1.7546e+05
1.7379e+05
1.7216e+05
1.7058e+05
1.6904e+05
1.6755e+05
1.6611e+05
1.6472e+05
1.6338e+05
1.621e+05
1.6086e+05
1.5968e+05
1.5856e+05
1.5749e+05
1.5649e+05
1.5554e+05
1.5465e+05
1.5382e+05
1.5305e+05
1.5235e+05
1.5171e+05
1.5114e+05
1.5063e+05
1.5019e+05
1.4982e+05
1.4952e+05
1.4929e+05
1.4913e+05
1.4904e+05
1.4903e+05
1.4909e+05
1.4922e+05
1.4943e+05
1.4972e+05
1.5008e+05
1.5052e+05
1.5104e+05
1.5163e+05
1.5231e+05
1.5307e+05
1.5391e+05
1.5483e+05
1.5583e+05
1.5691e+05
1.5808e+05
1.5933e+05
1.6067e+05
1.6209e+05
1.6359e+05
1.6518e+05
1.6685e+05
1.6861e+05
1.7046e+05
1.7239e+05
1.7441e+05
1.7652e+05
1.7871e+05
1.8099e+05
1.8335e+05
1.8581e+05
1.8834e+05
1.9097e+05
1.9368e+05
1.9648e+05
1.9937e+05
2.0234e+05
2.0539e+05
2.0854e+05
2.1176e+05
2.1508e+05
2.1847e+05
2.2196e+05
2.2552e+05
2.2917e+05
2.329e+05
2.3672e+05
2.4062e+05
2.4459e+05
2.4865e+05
2.5279e+05
2.5701e+05
2.613e+05
2.6568e+05
2.7013e+05
2.7466e+05
2.7926e+05
2.8394e+05
2.8869e+05
2.9351e+05
2.984e+05
3.0337e+05
3.0841e+05
3.1351e+05
3.1868e+05
3.2392e+05
3.2922e+05
3.3459e+05
3.4002e+05
3.4551e+05
3.5106e+05
3.5667e+05
3.6234e+05
3.6806e+05
3.7384e+05
3.7967e+05
3.8556e+05
3.915e+05
3.9748e+05
4.0351e+05
4.0959e+05
4.1572e+05
4.2189e+05
4.281e+05
4.3435e+05
4.4063e+05
4.4696e+05
4.5332e+05
4.5971e+05
4.6614e+05
4.726e+05
4.7908e+05
4.8559e+05
4.9213e+05
4.9869e+05
5.0528e+05
5.1188e+05
5.185e+05
5.2514e+05
5.3179e+05
5.3845e+05
5.4513e+05
5.5181e+05
5.5851e+05
5.6521e+05
5.7191e+05
5.7861e+05
5.8532e+05
5.9202e+05
5.9872e+05
6.0541e+05
6.121e+05
6.1877e+05
6.2544e+05
6.3209e+05
6.3873e+05
6.4536e+05
6.5196e+05
6.5854e+05
6.6511e+05
6.7164e+05
6.7816e+05
6.8464e+05
6.911e+05
6.9752e+05
7.0392e+05
7.1027e+05
7.166e+05
7.2288e+05
7.2912e+05
7.3533e+05
7.4149e+05
7.476e+05
7.5367e+05
7.5969e+05
7.6565e+05
7.7157e+05
7.7744e+05
7.8324e+05
7.89e+05
7.9469e+05
8.0033e+05
8.059e+05
8.1141e+05
8.1686e+05
8.2224e+05
8.2755e+05
8.3279e+05
8.3797e+05
8.4307e+05
8.481e+05
8.5306e+05
8.5794e+05
8.6274e+05
8.6747e+05
8.7211e+05
8.7668e+05
8.8116e+05
8.8556e+05
8.8987e+05
8.941e+05
8.9825e+05
9.023e+05
9.0627e+05
9.1015e+05
9.1393e+05
9.1763e+05
9.2123e+05
9.2474e+05
9.2815e+05
9.3147e+05
9.3469e+05
9.3782e+05
9.4085e+05
9.4378e+05
9.4661e+05
9.4934e+05
9.5197e+05
9.545e+05
9.5692e+05
9.5925e+05
9.6147e+05
9.6359e+05
9.6561e+05
9.6752e+05
9.6932e+05
9.7102e+05
9.7262e+05
9.7411e+05
9.7549e+05
9.7677e+05
9.7794e+05
9.7901e+05
9.7996e+05
9.8082e+05
9.8156e+05
9.822e+05
9.8273e+05
9.8315e+05
9.8347e+05
9.8367e+05
9.8378e+05
9.8377e+05
9.8366e+05
9.8344e+05
9.8312e+05
9.8269e+05
9.8215e+05
9.8151e+05
9.8076e+05
9.7991e+05
9.7895e+05
9.7789e+05
9.7673e+05
9.7546e+05
9.7409e+05
9.7262e+05
9.7104e+05
9.6937e+05
9.6759e+05
9.6571e+05
9.6374e+05
9.6167e+05
9.5949e+05
9.5722e+05
9.5486e+05
9.524e+05
9.4984e+05
9.4719e+05
9.4445e+05
9.4161e+05
9.3868e+05
9.3567e+05
9.3256e+05
9.2936e+05
9.2607e+05
9.227e+05
9.1925e+05
9.157e+05
9.1208e+05
9.0837e+05
9.0457e+05
9.007e+05
8.9675e+05
8.9272e+05
8.8861e+05
8.8443e+05
8.8017e+05
8.7584e+05
8.7143e+05
8.6696e+05
8.6241e+05
8.5779e+05
8.5311e+05
8.4836e+05
8.4354e+05
8.3866e+05
8.3372e+05
8.2872e+05
8.2365e+05
8.1853e+05
8.1335e+05
8.0811e+05
8.0282e+05
7.9748e+05
7.9208e+05
7.8663e+05
7.8113e+05
7.7559e+05
7.7e+05
7.6436e+05
7.5868e+05
7.5295e+05
7.4719e+05
7.4138e+05
7.3554e+05
7.2966e+05
7.2374e+05
7.1779e+05
7.1181e+05
7.0579e+05
6.9975e+05
6.9367e+05
6.8757e+05
6.8145e+05
6.7529e+05
6.6912e+05
6.6292e+05
6.5671e+05
6.5047e+05
6.4422e+05
6.3795e+05
6.3166e+05
6.2536e+05
6.1905e+05
6.1273e+05
6.064e+05
6.0006e+05
5.9371e+05
5.8736e+05
5.81e+05
5.7464e+05
5.6827e+05
5.6191e+05
5.5555e+05
5.4919e+05
5.4283e+05
5.3648e+05
5.3013e+05
5.2379e+05
5.1745e+05
5.1113e+05
5.0481e+05
4.9851e+05
4.9222e+05
4.8594e+05
4.7968e+05
4.7344e+05
4.6721e+05
4.61e+05
4.5481e+05
4.4863e+05
4.4248e+05
4.3636e+05
4.3025e+05
4.2417e+05
4.1812e+05
4.1209e+05
4.0608e+05
4.0011e+05
3.9416e+05
3.8825e+05
3.8236e+05
3.7651e+05
3.7069e+05
3.649e+05
3.5914e+05
3.5342e+05
3.4774e+05
3.4209e+05
3.3648e+05
3.3091e+05
3.2537e+05
3.1988e+05
3.1442e+05
3.0901e+05
3.0363e+05
2.983e+05
2.9301e+05
2.8776e+05
2.8256e+05
2.774e+05
2.7228e+05
2.6721e+05
2.6218e+05
2.572e+05
2.5227e+05
2.4738e+05
2.4254e+05
2.3775e+05
2.3301e+05
2.2831e+05
2.2367e+05
2.1907e+05
2.1452e+05
2.1002e+05
2.0557e+05
2.0117e+05
1.9683e+05
1.9253e+05
1.8828e+05
1.8409e+05
1.7994e+05
1.7585e+05
1.7181e+05
1.6782e+05
1.6388e+05
1.5999e+05
1.5616e+05
1.5238e+05
1.4864e+05
1.4497e+05
1.4134e+05
1.3776e+05
1.3424e+05
1.3077e+05
1.2735e+05
1.2399e+05
1.2067e+05
1.1741e+05
1.142e+05
1.1104e+05
1.0793e+05
1.0487e+05
1.0186e+05
98907
96002
93148
90343
87589
84884
82230
79624
77068
74560
72101
69689
67326
65010
62742
60520
58345
56216
54133
52095
50102
48154
46250
44390
42574
40800
39068
37379
35732
34125
32560
31034
29549
28103
26695
25326
23995
22701
21444
20224
19039
17890
16775
15695
14648
13635
12655
11706
10790
9904.4
9049.7
8225
7429.9
6663.9
5926.3
5216.7
4534.5
3879.2
3250.3
2647.1
2069.3
1516.2
987.27
482.06
0
