2.1995e+05
2.2389e+05
2.2786e+05
2.3187e+05
2.3589e+05
2.3994e+05
2.4402e+05
2.4811e+05
2.5222e+05
2.5635e+05
2.6049e+05
2.6464e+05
2.6881e+05
2.7298e+05
2.7715e+05
2.8134e+05
2.8552e+05
2.897e+05
2.9388e+05
2.9805e+05
3.0222e+05
3.0638e+05
3.1053e+05
3.1467e+05
3.188e+05
3.229e+05
3.2699e+05
3.3106e+05
3.3511e+05
3.3913e+05
3.4313e+05
3.471e+05
3.5104e+05
3.5495e+05
3.5883e+05
3.6267e+05
3.6648e+05
3.7024e+05
3.7397e+05
3.7765e+05
3.8129e+05
3.8489e+05
3.8844e+05
3.9194e+05
3.9539e+05
3.9879e+05
4.0213e+05
4.0542e+05
4.0866e+05
4.1184e+05
4.1495e+05
4.1801e+05
4.2101e+05
4.2394e+05
4.2681e+05
4.2962e+05
4.3236e+05
4.3503e+05
4.3763e+05
4.4016e+05
4.4263e+05
4.4502e+05
4.4733e+05
4.4958e+05
4.5175e+05
4.5384e+05
4.5586e+05
4.578e+05
4.5967e+05
4.6145e+05
4.6316e+05
4.6479e+05
4.6633e+05
4.678e+05
4.6919e+05
4.705e+05
4.7172e+05
4.7287e+05
4.7393e+05
4.7491e+05
4.758e+05
4.7662e+05
4.7735e+05
4.78e+05
4.7857e+05
4.7905e+05
4.7946e+05
4.7978e+05
4.8002e+05
4.8018e+05
4.8026e+05
4.8025e+05
4.8017e+05
4.8001e+05
4.7976e+05
4.7944e+05
4.7904e+05
4.7856e+05
4.7801e+05
4.7738e+05
4.7667e+05
4.7589e+05
4.7504e+05
4.7411e+05
4.7311e+05
4.7204e+05
4.709e+05
4.6969e+05
4.6842e+05
4.6707e+05
4.6566e+05
4.6419e+05
4.6265e+05
4.6105e+05
4.5939e+05
4.5767e+05
4.5589e+05
4.5406e+05
4.5217e+05
4.5022e+05
4.4822e+05
4.4618e+05
4.4408e+05
4.4193e+05
4.3974e+05
4.375e+05
4.3522e+05
4.3289e+05
4.3053e+05
4.2813e+05
4.2568e+05
4.2321e+05
4.207e+05
4.1815e+05
4.1558e+05
4.1297e+05
4.1034e+05
4.0768e+05
4.05e+05
4.023e+05
3.9957e+05
3.9683e+05
3.9406e+05
3.9128e+05
3.8849e+05
3.8568e+05
3.8286e+05
3.8003e+05
3.7719e+05
3.7434e+05
3.7149e+05
3.6863e+05
3.6578e+05
3.6292e+05
3.6006e+05
3.572e+05
3.5434e+05
3.5149e+05
3.4865e+05
3.4581e+05
3.4298e+05
3.4015e+05
3.3734e+05
3.3454e+05
3.3176e+05
3.2898e+05
3.2623e+05
3.2348e+05
3.2076e+05
3.1805e+05
3.1536e+05
3.1269e+05
3.1004e+05
3.0741e+05
3.0481e+05
3.0222e+05
2.9966e+05
2.9712e+05
2.9461e+05
2.9212e+05
2.8965e+05
2.8721e+05
2.848e+05
2.8241e+05
2.8005e+05
2.7772e+05
2.7541e+05
2.7313e+05
2.7088e+05
2.6865e+05
2.6645e+05
2.6428e+05
2.6213e+05
2.6001e+05
2.5792e+05
2.5585e+05
2.5381e+05
2.5179e+05
2.498e+05
2.4784e+05
2.459e+05
2.4398e+05
2.4209e+05
2.4022e+05
2.3837e+05
2.3655e+05
2.3474e+05
2.3296e+05
2.3119e+05
2.2944e+05
2.2772e+05
2.2601e+05
2.2431e+05
2.2263e+05
2.2097e+05
2.1932e+05
2.1768e+05
2.1606e+05
2.1444e+05
2.1284e+05
2.1124e+05
2.0966e+05
2.0808e+05
2.065e+05
2.0494e+05
2.0337e+05
2.0181e+05
2.0025e+05
1.9869e+05
1.9713e+05
1.9557e+05
1.9401e+05
1.9244e+05
1.9087e+05
1.8929e+05
1.8771e+05
1.8612e+05
1.8453e+05
1.8292e+05
1.813e+05
1.7967e+05
1.7803e+05
1.7638e+05
1.7471e+05
1.7303e+05
1.7134e+05
1.6963e+05
1.679e+05
1.6615e+05
1.6439e+05
1.6261e+05
1.608e+05
1.5898e+05
1.5714e+05
1.5528e+05
1.534e+05
1.5149e+05
1.4957e+05
1.4762e+05
1.4565e+05
1.4366e+05
1.4165e+05
1.3961e+05
1.3755e+05
1.3547e+05
1.3337e+05
1.3124e+05
1.291e+05
1.2693e+05
1.2474e+05
1.2253e+05
1.203e+05
1.1805e+05
1.1579e+05
1.135e+05
1.112e+05
1.0888e+05
1.0654e+05
1.0419e+05
1.0182e+05
99443
97052
94650
92238
89818
87390
84957
82520
80080
77639
75198
72759
70323
67893
65471
63058
60655
58266
55892
53535
51198
48881
46589
44322
42083
39875
37699
35558
33455
31392
29371
27395
25466
23587
21760
19988
18273
16619
15027
13500
12041
10653
9336.9
8096.7
6934.5
5853.1
4854.8
3942.4
3118.2
2384.8
1744.8
1200.5
754.4
408.94
166.49
29.409
0
80.546
273.28
580.41
1004.1
1546.4
2209.4
2995
3905.4
4942.2
6107.4
7402.7
8829.9
10391
12086
13918
15889
17998
20248
22641
25176
27855
30679
33649
36765
40029
43441
47002
50712
54571
58579
62738
67046
71504
76113
80870
85777
90833
96037
1.0139e+05
1.0689e+05
1.1253e+05
1.1832e+05
1.2426e+05
1.3034e+05
1.3656e+05
1.4292e+05
1.4942e+05
1.5606e+05
1.6283e+05
1.6974e+05
1.7678e+05
1.8395e+05
1.9125e+05
1.9868e+05
2.0624e+05
2.1391e+05
2.2171e+05
2.2962e+05
2.3765e+05
2.4579e+05
2.5404e+05
2.624e+05
2.7086e+05
2.7942e+05
2.8808e+05
2.9684e+05
3.0569e+05
3.1462e+05
3.2365e+05
3.3275e+05
3.4193e+05
3.5119e+05
3.6051e+05
3.6991e+05
3.7936e+05
3.8888e+05
3.9845e+05
4.0808e+05
4.1775e+05
4.2747e+05
4.3722e+05
4.4702e+05
4.5684e+05
4.6669e+05
4.7657e+05
4.8646e+05
4.9637e+05
5.0628e+05
5.1621e+05
5.2613e+05
5.3606e+05
5.4597e+05
5.5587e+05
5.6576e+05
5.7563e+05
5.8547e+05
5.9528e+05
6.0505e+05
6.1479e+05
6.2449e+05
6.3414e+05
6.4373e+05
6.5327e+05
6.6275e+05
6.7216e+05
6.8151e+05
6.9078e+05
6.9997e+05
7.0908e+05
7.181e+05
7.2704e+05
7.3587e+05
7.4461e+05
7.5325e+05
7.6178e+05
7.7019e+05
7.7849e+05
7.8668e+05
7.9474e+05
8.0267e+05
8.1047e+05
8.1814e+05
8.2567e+05
8.3306e+05
8.4031e+05
8.4741e+05
8.5436e+05
8.6115e+05
8.6779e+05
8.7426e+05
8.8057e+05
8.8672e+05
8.927e+05
8.9851e+05
9.0414e+05
9.096e+05
9.1487e+05
9.1997e+05
9.2488e+05
9.2961e+05
9.3415e+05
9.385e+05
9.4265e+05
9.4662e+05
9.5039e+05
9.5397e+05
9.5734e+05
9.6052e+05
9.635e+05
9.6628e+05
9.6885e+05
9.7122e+05
9.7339e+05
9.7535e+05
9.7711e+05
9.7867e+05
9.8001e+05
9.8116e+05
9.8209e+05
9.8282e+05
9.8335e+05
9.8366e+05
9.8378e+05
9.8368e+05
9.8339e+05
9.8289e+05
9.8218e+05
9.8128e+05
9.8017e+05
9.7886e+05
9.7735e+05
9.7565e+05
9.7374e+05
9.7165e+05
9.6936e+05
9.6687e+05
9.642e+05
9.6133e+05
9.5828e+05
9.5505e+05
9.5163e+05
9.4804e+05
9.4426e+05
9.4031e+05
9.3618e+05
9.3188e+05
9.2742e+05
9.2278e+05
9.1799e+05
9.1303e+05
9.0792e+05
9.0265e+05
8.9722e+05
8.9165e+05
8.8594e+05
8.8008e+05
8.7408e+05
8.6794e+05
8.6167e+05
8.5527e+05
8.4875e+05
8.421e+05
8.3533e+05
8.2844e+05
8.2144e+05
8.1434e+05
8.0713e+05
7.9981e+05
7.924e+05
7.8489e+05
7.7729e+05
7.6961e+05
7.6184e+05
7.5399e+05
7.4606e+05
7.3806e+05
7.3e+05
7.2187e+05
7.1367e+05
7.0542e+05
6.9712e+05
6.8877e+05
6.8037e+05
6.7193e+05
6.6344e+05
6.5493e+05
6.4638e+05
6.3781e+05
6.2921e+05
6.2059e+05
6.1196e+05
6.0331e+05
5.9465e+05
5.8599e+05
5.7732e+05
5.6865e+05
5.5999e+05
5.5134e+05
5.427e+05
5.3407e+05
5.2546e+05
5.1687e+05
5.083e+05
4.9976e+05
4.9125e+05
4.8277e+05
4.7433e+05
4.6593e+05
4.5757e+05
4.4925e+05
4.4098e+05
4.3276e+05
4.2459e+05
4.1648e+05
4.0843e+05
4.0043e+05
3.925e+05
3.8463e+05
3.7683e+05
3.6909e+05
3.6143e+05
3.5384e+05
3.4633e+05
3.3889e+05
3.3153e+05
3.2425e+05
3.1705e+05
3.0994e+05
3.0291e+05
2.9597e+05
2.8912e+05
2.8235e+05
2.7568e+05
2.6909e+05
2.626e+05
2.5621e+05
2.4991e+05
2.437e+05
2.3759e+05
2.3158e+05
2.2567e+05
2.1985e+05
2.1413e+05
2.0852e+05
2.03e+05
1.9758e+05
1.9227e+05
1.8705e+05
1.8194e+05
1.7693e+05
1.7202e+05
1.672e+05
1.625e+05
1.5789e+05
1.5338e+05
1.4897e+05
1.4466e+05
1.4046e+05
1.3635e+05
1.3234e+05
1.2843e+05
1.2461e+05
1.209e+05
1.1728e+05
1.1375e+05
1.1032e+05
1.0699e+05
1.0374e+05
1.0059e+05
97534
94564
91684
88892
86188
83568
81034
78583
76215
73927
71719
69590
67537
65560
63658
61828
60070
58381
56762
55209
53722
52299
50938
49639
48399
47217
46092
45021
44004
43039
42124
41257
40438
39665
38935
38249
37603
36997
36428
35897
35400
34937
34507
34107
33736
33393
33076
32785
32517
32272
32048
31843
31657
31489
31336
31198
31074
30962
30861
30771
30689
30616
30550
30489
30434
30383
30335
30289
30245
30201
30157
30111
30064
30015
29962
29905
29844
29777
29705
29627
29542
29449
29349
29240
29123
28996
28861
28715
28560
28394
28218
28031
27833
27624
27403
27171
