1.9345e+05
1.9893e+05
2.0444e+05
2.0995e+05
2.1548e+05
2.21e+05
2.2651e+05
2.3201e+05
2.3749e+05
2.4294e+05
2.4835e+05
2.5373e+05
2.5905e+05
2.6432e+05
2.6953e+05
2.7467e+05
2.7974e+05
2.8474e+05
2.8964e+05
2.9446e+05
2.9919e+05
3.0381e+05
3.0833e+05
3.1274e+05
3.1704e+05
3.2123e+05
3.2529e+05
3.2923e+05
3.3304e+05
3.3671e+05
3.4026e+05
3.4367e+05
3.4694e+05
3.5007e+05
3.5306e+05
3.5591e+05
3.5861e+05
3.6117e+05
3.6358e+05
3.6584e+05
3.6796e+05
3.6993e+05
3.7176e+05
3.7344e+05
3.7498e+05
3.7637e+05
3.7762e+05
3.7873e+05
3.7971e+05
3.8055e+05
3.8125e+05
3.8183e+05
3.8227e+05
3.8259e+05
3.8279e+05
3.8288e+05
3.8284e+05
3.827e+05
3.8245e+05
3.821e+05
3.8165e+05
3.811e+05
3.8047e+05
3.7975e+05
3.7895e+05
3.7807e+05
3.7713e+05
3.7612e+05
3.7505e+05
3.7392e+05
3.7275e+05
3.7153e+05
3.7027e+05
3.6897e+05
3.6765e+05
3.663e+05
3.6493e+05
3.6355e+05
3.6216e+05
3.6077e+05
3.5938e+05
3.5799e+05
3.5662e+05
3.5526e+05
3.5392e+05
3.5261e+05
3.5132e+05
3.5007e+05
3.4886e+05
3.4769e+05
3.4657e+05
3.4549e+05
3.4447e+05
3.4351e+05
3.426e+05
3.4176e+05
3.4098e+05
3.4027e+05
3.3963e+05
3.3906e+05
3.3856e+05
3.3815e+05
3.3781e+05
3.3755e+05
3.3737e+05
3.3728e+05
3.3726e+05
3.3733e+05
3.3748e+05
3.3772e+05
3.3804e+05
3.3844e+05
3.3893e+05
3.395e+05
3.4015e+05
3.4088e+05
3.4169e+05
3.4257e+05
3.4353e+05
3.4457e+05
3.4568e+05
3.4686e+05
3.481e+05
3.4941e+05
3.5078e+05
3.5222e+05
3.537e+05
3.5525e+05
3.5684e+05
3.5848e+05
3.6016e+05
3.6188e+05
3.6364e+05
3.6543e+05
3.6725e+05
3.691e+05
3.7096e+05
3.7284e+05
3.7474e+05
3.7664e+05
3.7855e+05
3.8046e+05
3.8236e+05
3.8425e+05
3.8614e+05
3.88e+05
3.8985e+05
3.9167e+05
3.9346e+05
3.9522e+05
3.9694e+05
3.9862e+05
4.0026e+05
4.0185e+05
4.0338e+05
4.0486e+05
4.0628e+05
4.0764e+05
4.0893e+05
4.1015e+05
4.1129e+05
4.1236e+05
4.1336e+05
4.1427e+05
4.1509e+05
4.1583e+05
4.1649e+05
4.1705e+05
4.1751e+05
4.1789e+05
4.1816e+05
4.1834e+05
4.1842e+05
4.1839e+05
4.1827e+05
4.1804e+05
4.1771e+05
4.1728e+05
4.1674e+05
4.1609e+05
4.1534e+05
4.1449e+05
4.1353e+05
4.1247e+05
4.113e+05
4.1003e+05
4.0866e+05
4.0719e+05
4.0562e+05
4.0395e+05
4.0218e+05
4.0032e+05
3.9837e+05
3.9632e+05
3.9418e+05
3.9196e+05
3.8965e+05
3.8726e+05
3.8478e+05
3.8223e+05
3.7961e+05
3.7691e+05
3.7414e+05
3.713e+05
3.684e+05
3.6544e+05
3.6242e+05
3.5935e+05
3.5622e+05
3.5305e+05
3.4983e+05
3.4657e+05
3.4327e+05
3.3993e+05
3.3656e+05
3.3317e+05
3.2974e+05
3.263e+05
3.2284e+05
3.1936e+05
3.1586e+05
3.1236e+05
3.0885e+05
3.0534e+05
3.0183e+05
2.9832e+05
2.9482e+05
2.9132e+05
2.8784e+05
2.8437e+05
2.8092e+05
2.7748e+05
2.7407e+05
2.7068e+05
2.6732e+05
2.6398e+05
2.6068e+05
2.5741e+05
2.5417e+05
2.5097e+05
2.478e+05
2.4467e+05
2.4158e+05
2.3854e+05
2.3553e+05
2.3257e+05
2.2966e+05
2.2679e+05
2.2396e+05
2.2118e+05
2.1845e+05
2.1576e+05
2.1312e+05
2.1053e+05
2.0798e+05
2.0548e+05
2.0303e+05
2.0062e+05
1.9826e+05
1.9594e+05
1.9367e+05
1.9144e+05
1.8925e+05
1.871e+05
1.8499e+05
1.8292e+05
1.8089e+05
1.7889e+05
1.7693e+05
1.75e+05
1.7311e+05
1.7124e+05
1.694e+05
1.6759e+05
1.658e+05
1.6404e+05
1.6229e+05
1.6056e+05
1.5886e+05
1.5716e+05
1.5548e+05
1.5381e+05
1.5215e+05
1.505e+05
1.4885e+05
1.4721e+05
1.4556e+05
1.4392e+05
1.4227e+05
1.4062e+05
1.3897e+05
1.373e+05
1.3563e+05
1.3394e+05
1.3224e+05
1.3053e+05
1.288e+05
1.2706e+05
1.253e+05
1.2351e+05
1.2171e+05
1.1989e+05
1.1804e+05
1.1617e+05
1.1427e+05
1.1235e+05
1.1041e+05
1.0844e+05
1.0644e+05
1.0442e+05
1.0237e+05
1.003e+05
98199
96074
93924
91749
89551
87330
85087
82823
80541
78240
75922
73590
71244
68887
66522
64149
61771
59391
57011
54633
52261
49898
47546
45208
42888
40588
38313
36065
33848
31666
29522
27421
25365
23360
21408
19514
17681
15915
14219
12596
11052
9590.9
8216.2
6932.3
5743.5
4654.1
3668.1
2789.8
2023.3
1372.7
842.12
435.59
157.1
10.613
0
129.09
401.62
821.29
1391.7
2116.3
2998.6
4041.8
5249.2
6623.9
8169
9887.1
11781
13854
16108
18545
21168
23978
26978
30170
33555
37134
40909
44881
49051
53420
57988
62756
67725
72893
78262
83831
89599
95566
1.0173e+05
1.0809e+05
1.1465e+05
1.214e+05
1.2835e+05
1.3549e+05
1.4281e+05
1.5033e+05
1.5803e+05
1.6591e+05
1.7397e+05
1.8221e+05
1.9062e+05
1.992e+05
2.0795e+05
2.1687e+05
2.2594e+05
2.3517e+05
2.4456e+05
2.5409e+05
2.6377e+05
2.7358e+05
2.8353e+05
2.9361e+05
3.0382e+05
3.1414e+05
3.2458e+05
3.3513e+05
3.4578e+05
3.5654e+05
3.6738e+05
3.7831e+05
3.8932e+05
4.0041e+05
4.1157e+05
4.2278e+05
4.3406e+05
4.4538e+05
4.5675e+05
4.6815e+05
4.7958e+05
4.9104e+05
5.0252e+05
5.14e+05
5.2549e+05
5.3697e+05
5.4844e+05
5.599e+05
5.7133e+05
5.8273e+05
5.9409e+05
6.054e+05
6.1667e+05
6.2787e+05
6.3901e+05
6.5008e+05
6.6106e+05
6.7196e+05
6.8277e+05
6.9347e+05
7.0407e+05
7.1456e+05
7.2493e+05
7.3517e+05
7.4527e+05
7.5524e+05
7.6507e+05
7.7474e+05
7.8425e+05
7.9361e+05
8.0279e+05
8.118e+05
8.2062e+05
8.2927e+05
8.3772e+05
8.4597e+05
8.5402e+05
8.6187e+05
8.6951e+05
8.7693e+05
8.8413e+05
8.9111e+05
8.9785e+05
9.0437e+05
9.1065e+05
9.1669e+05
9.2248e+05
9.2803e+05
9.3333e+05
9.3838e+05
9.4317e+05
9.477e+05
9.5198e+05
9.5599e+05
9.5973e+05
9.6321e+05
9.6642e+05
9.6936e+05
9.7204e+05
9.7443e+05
9.7656e+05
9.7841e+05
9.7999e+05
9.813e+05
9.8233e+05
9.8308e+05
9.8357e+05
9.8378e+05
9.8371e+05
9.8338e+05
9.8277e+05
9.819e+05
9.8075e+05
9.7934e+05
9.7767e+05
9.7573e+05
9.7353e+05
9.7107e+05
9.6836e+05
9.6539e+05
9.6217e+05
9.5871e+05
9.55e+05
9.5104e+05
9.4685e+05
9.4243e+05
9.3777e+05
9.3289e+05
9.2778e+05
9.2245e+05
9.1691e+05
9.1116e+05
9.052e+05
8.9904e+05
8.9268e+05
8.8613e+05
8.794e+05
8.7248e+05
8.6538e+05
8.5811e+05
8.5067e+05
8.4307e+05
8.3531e+05
8.274e+05
8.1935e+05
8.1115e+05
8.0282e+05
7.9436e+05
7.8577e+05
7.7707e+05
7.6825e+05
7.5933e+05
7.503e+05
7.4118e+05
7.3198e+05
7.2268e+05
7.1331e+05
7.0387e+05
6.9435e+05
6.8478e+05
6.7515e+05
6.6548e+05
6.5575e+05
6.4599e+05
6.362e+05
6.2638e+05
6.1654e+05
6.0668e+05
5.9681e+05
5.8694e+05
5.7706e+05
5.6719e+05
5.5733e+05
5.4748e+05
5.3766e+05
5.2786e+05
5.1809e+05
5.0835e+05
4.9865e+05
4.89e+05
4.7939e+05
4.6984e+05
4.6035e+05
4.5092e+05
4.4155e+05
4.3225e+05
4.2302e+05
4.1388e+05
4.0481e+05
3.9583e+05
3.8693e+05
3.7813e+05
3.6942e+05
3.6081e+05
3.5229e+05
3.4389e+05
3.3558e+05
3.2739e+05
3.1931e+05
3.1134e+05
3.0349e+05
2.9575e+05
2.8814e+05
2.8065e+05
2.7328e+05
2.6604e+05
2.5892e+05
2.5194e+05
2.4508e+05
2.3835e+05
2.3176e+05
2.253e+05
2.1897e+05
2.1278e+05
2.0672e+05
2.0079e+05
1.9501e+05
1.8936e+05
1.8384e+05
1.7847e+05
1.7323e+05
1.6812e+05
1.6315e+05
1.5832e+05
1.5362e+05
1.4906e+05
1.4463e+05
1.4033e+05
1.3616e+05
1.3213e+05
1.2823e+05
1.2445e+05
1.2081e+05
1.1729e+05
1.1389e+05
1.1062e+05
1.0748e+05
1.0445e+05
1.0154e+05
98751
96076
93516
91068
88729
86500
84376
82356
80438
78621
76900
75276
73744
72303
70951
69685
68502
67402
66380
65435
64564
63765
63035
62372
61774
61238
60761
60342
59977
59664
59402
59187
59017
58889
58803
58754
58741
58762
58814
58896
59004
59137
59293
59470
59665
59876
60103
60342
60592
60851
61117
61389
61665
61942
62221
62498
62773
63043
63309
63568
63818
64060
64291
64510
64717
64909
65088
65250
65396
65524
65634
65726
65797
65849
65879
65889
65876
65841
65784
65703
65600
65473
65322
65147
64949
64726
64480
64209
63915
63597
63255
62890
62501
62090
61656
61199
60721
60221
59700
59158
58596
58015
57414
