27693
29461
31500
33810
36388
39234
42345
45717
49346
53227
57354
61720
66319
71141
76179
81423
86863
92489
98289
1.0425e+05
1.1036e+05
1.1662e+05
1.2299e+05
1.2948e+05
1.3606e+05
1.4273e+05
1.4947e+05
1.5626e+05
1.631e+05
1.6995e+05
1.7682e+05
1.8369e+05
1.9053e+05
1.9734e+05
2.0409e+05
2.1079e+05
2.174e+05
2.2392e+05
2.3033e+05
2.3662e+05
2.4277e+05
2.4878e+05
2.5462e+05
2.6029e+05
2.6576e+05
2.7104e+05
2.7611e+05
2.8096e+05
2.8558e+05
2.8996e+05
2.9409e+05
2.9796e+05
3.0156e+05
3.049e+05
3.0795e+05
3.1072e+05
3.132e+05
3.1539e+05
3.1728e+05
3.1887e+05
3.2016e+05
3.2115e+05
3.2184e+05
3.2222e+05
3.223e+05
3.2207e+05
3.2155e+05
3.2074e+05
3.1963e+05
3.1824e+05
3.1656e+05
3.1461e+05
3.1238e+05
3.099e+05
3.0716e+05
3.0417e+05
3.0094e+05
2.9749e+05
2.9381e+05
2.8993e+05
2.8585e+05
2.8157e+05
2.7713e+05
2.7251e+05
2.6775e+05
2.6284e+05
2.578e+05
2.5265e+05
2.4739e+05
2.4205e+05
2.3662e+05
2.3114e+05
2.256e+05
2.2002e+05
2.1442e+05
2.088e+05
2.0319e+05
1.9759e+05
1.9201e+05
1.8647e+05
1.8098e+05
1.7556e+05
1.702e+05
1.6493e+05
1.5976e+05
1.5469e+05
1.4973e+05
1.449e+05
1.4021e+05
1.3565e+05
1.3125e+05
1.27e+05
1.2293e+05
1.1902e+05
1.1529e+05
1.1175e+05
1.0839e+05
1.0523e+05
1.0227e+05
99513
96958
94611
92473
90546
88831
87328
86037
84958
84089
83430
82978
82730
82684
82838
83187
83727
84454
85364
86452
87712
89139
90728
92472
94366
96403
98577
1.0088e+05
1.0331e+05
1.0585e+05
1.0851e+05
1.1126e+05
1.1411e+05
1.1705e+05
1.2008e+05
1.2317e+05
1.2634e+05
1.2956e+05
1.3284e+05
1.3616e+05
1.3953e+05
1.4292e+05
1.4634e+05
1.4978e+05
1.5323e+05
1.5669e+05
1.6015e+05
1.636e+05
1.6703e+05
1.7045e+05
1.7384e+05
1.772e+05
1.8053e+05
1.8381e+05
1.8704e+05
1.9022e+05
1.9334e+05
1.964e+05
1.9939e+05
2.0231e+05
2.0515e+05
2.0791e+05
2.1059e+05
2.1317e+05
2.1566e+05
2.1805e+05
2.2034e+05
2.2252e+05
2.246e+05
2.2656e+05
2.2841e+05
2.3014e+05
2.3175e+05
2.3324e+05
2.346e+05
2.3584e+05
2.3694e+05
2.3791e+05
2.3875e+05
2.3945e+05
2.4002e+05
2.4045e+05
2.4073e+05
2.4088e+05
2.4089e+05
2.4076e+05
2.4048e+05
2.4007e+05
2.3951e+05
2.3882e+05
2.3798e+05
2.3701e+05
2.3589e+05
2.3464e+05
2.3326e+05
2.3174e+05
2.3009e+05
2.2832e+05
2.2641e+05
2.2438e+05
2.2224e+05
2.1997e+05
2.1759e+05
2.151e+05
2.1251e+05
2.0981e+05
2.0701e+05
2.0412e+05
2.0115e+05
1.9808e+05
1.9494e+05
1.9173e+05
1.8845e+05
1.851e+05
1.817e+05
1.7824e+05
1.7474e+05
1.712e+05
1.6762e+05
1.6402e+05
1.6039e+05
1.5675e+05
1.5309e+05
1.4943e+05
1.4577e+05
1.4212e+05
1.3848e+05
1.3486e+05
1.3126e+05
1.277e+05
1.2416e+05
1.2066e+05
1.1721e+05
1.1381e+05
1.1045e+05
1.0716e+05
1.0392e+05
1.0075e+05
97640
94604
91640
88751
85938
83205
80551
77978
75486
73077
70750
68505
66342
64259
62256
60331
58483
56709
55007
53375
51811
50311
48873
47493
46168
44895
43670
42490
41350
40249
39181
38143
37132
36144
35175
34224
33285
32357
31437
30522
29609
28696
27783
26866
25944
25017
24083
23143
22195
21240
20278
19311
18338
17361
16383
15404
14427
13454
12488
11532
10589
9662.3
8754.9
7870.7
7013.6
6187.1
5395.4
4642.3
3931.8
3267.9
2654.5
2095.5
1594.6
1155.5
781.67
476.46
242.95
84.017
2.2604
0
79.241
241.65
488.55
820.87
1239.2
1743.6
2333.8
3009.1
3768.3
4609.9
5531.7
6531.3
7605.6
8751.2
9964.3
11241
12575
13963
15399
16877
18390
19932
21497
23076
24664
26252
27832
29397
30938
32449
33921
35345
36715
38023
39260
40421
41498
42485
43374
44162
44841
45408
45858
46187
46393
46473
46426
46250
45946
45514
44956
44274
43471
42552
41522
40386
39151
37825
36417
34936
33393
31798
30164
28504
26831
25161
23507
21886
20314
18809
17387
16068
14868
13809
12907
12184
11657
11348
11275
11458
11917
12671
13739
15139
16890
19010
21516
24424
27750
31509
35715
40381
45520
51143
57260
63879
71009
78656
86824
95518
1.0474e+05
1.1449e+05
1.2477e+05
1.3557e+05
1.469e+05
1.5874e+05
1.711e+05
1.8395e+05
1.973e+05
2.1113e+05
2.2543e+05
2.4019e+05
2.5538e+05
2.71e+05
2.8702e+05
3.0342e+05
3.2019e+05
3.3729e+05
3.5471e+05
3.7242e+05
3.904e+05
4.0862e+05
4.2704e+05
4.4564e+05
4.644e+05
4.8328e+05
5.0224e+05
5.2127e+05
5.4031e+05
5.5935e+05
5.7835e+05
5.9727e+05
6.1609e+05
6.3476e+05
6.5325e+05
6.7154e+05
6.8958e+05
7.0735e+05
7.2481e+05
7.4193e+05
7.5867e+05
7.7502e+05
7.9092e+05
8.0637e+05
8.2132e+05
8.3575e+05
8.4963e+05
8.6295e+05
8.7567e+05
8.8776e+05
8.9922e+05
9.1001e+05
9.2013e+05
9.2954e+05
9.3825e+05
9.4622e+05
9.5345e+05
9.5993e+05
9.6564e+05
9.7058e+05
9.7475e+05
9.7813e+05
9.8072e+05
9.8253e+05
9.8355e+05
9.8378e+05
9.8323e+05
9.819e+05
9.7979e+05
9.7693e+05
9.7331e+05
9.6894e+05
9.6385e+05
9.5803e+05
9.5152e+05
9.4431e+05
9.3644e+05
9.2792e+05
9.1877e+05
9.0901e+05
8.9866e+05
8.8775e+05
8.7629e+05
8.6432e+05
8.5186e+05
8.3893e+05
8.2556e+05
8.1178e+05
7.9762e+05
7.8309e+05
7.6823e+05
7.5308e+05
7.3764e+05
7.2196e+05
7.0607e+05
6.8998e+05
6.7373e+05
6.5734e+05
6.4085e+05
6.2427e+05
6.0765e+05
5.9099e+05
5.7433e+05
5.577e+05
5.4111e+05
5.2459e+05
5.0816e+05
4.9185e+05
4.7568e+05
4.5966e+05
4.4383e+05
4.2818e+05
4.1276e+05
3.9756e+05
3.8261e+05
3.6792e+05
3.5351e+05
3.3938e+05
3.2556e+05
3.1205e+05
2.9886e+05
2.86e+05
2.7348e+05
2.6131e+05
2.4949e+05
2.3803e+05
2.2693e+05
2.162e+05
2.0583e+05
1.9583e+05
1.862e+05
1.7694e+05
1.6805e+05
1.5952e+05
1.5136e+05
1.4356e+05
1.3612e+05
1.2903e+05
1.2228e+05
1.1588e+05
1.0981e+05
1.0407e+05
98655
93551
88751
84249
80035
76100
72435
69030
65876
62963
60280
57819
55569
53519
51660
49982
48475
47128
45933
44879
43957
43158
42472
41892
41407
41011
40694
40449
40268
40144
40069
40038
40044
40081
40143
40224
40320
40425
40536
40648
40757
40859
40952
41033
41098
41146
41174
41181
41164
41124
41058
40965
40846
40700
40526
40325
40096
39840
39558
39249
38916
38558
38177
37774
37350
36906
36443
35964
35469
34959
34438
33905
33363
32813
32256
31695
31131
30565
29999
29435
28873
28315
27763
27217
26680
26151
25633
25127
24633
24152
23685
23233
22797
22377
21973
21587
21218
20867
20535
20220
19924
19647
19388
19147
18924
18718
18531
18360
18206
18068
17946
17839
17747
17668
17602
17549
17507
17476
17455
17443
17439
17443
17453
17468
17488
17512
17539
17568
17598
17628
17657
17685
17711
17733
17752
17767
17776
17779
17776
17765
17747
17721
17687
17643
17590
17527
17454
17371
17278
17174
17059
16934
16798
16651
16494
16327
16149
15962
15764
15557
15341
15117
14884
