9.8378e+05
9.7934e+05
9.7484e+05
9.7026e+05
9.6563e+05
9.6093e+05
9.5617e+05
9.5135e+05
9.4647e+05
9.4153e+05
9.3653e+05
9.3148e+05
9.2637e+05
9.2121e+05
9.16e+05
9.1074e+05
9.0543e+05
9.0007e+05
8.9466e+05
8.8921e+05
8.8372e+05
8.7818e+05
8.726e+05
8.6698e+05
8.6132e+05
8.5563e+05
8.499e+05
8.4413e+05
8.3833e+05
8.325e+05
8.2663e+05
8.2074e+05
8.1481e+05
8.0886e+05
8.0288e+05
7.9688e+05
7.9086e+05
7.8481e+05
7.7874e+05
7.7265e+05
7.6654e+05
7.6041e+05
7.5426e+05
7.481e+05
7.4193e+05
7.3574e+05
7.2954e+05
7.2333e+05
7.171e+05
7.1087e+05
7.0464e+05
6.9839e+05
6.9214e+05
6.8589e+05
6.7963e+05
6.7337e+05
6.6711e+05
6.6084e+05
6.5458e+05
6.4832e+05
6.4207e+05
6.3581e+05
6.2957e+05
6.2332e+05
6.1709e+05
6.1086e+05
6.0464e+05
5.9843e+05
5.9223e+05
5.8605e+05
5.7987e+05
5.7371e+05
5.6756e+05
5.6143e+05
5.5532e+05
5.4922e+05
5.4313e+05
5.3707e+05
5.3103e+05
5.25e+05
5.19e+05
5.1302e+05
5.0706e+05
5.0112e+05
4.9521e+05
4.8932e+05
4.8346e+05
4.7763e+05
4.7182e+05
4.6604e+05
4.6029e+05
4.5456e+05
4.4887e+05
4.432e+05
4.3757e+05
4.3197e+05
4.264e+05
4.2087e+05
4.1536e+05
4.099e+05
4.0446e+05
3.9906e+05
3.937e+05
3.8837e+05
3.8308e+05
3.7783e+05
3.7262e+05
3.6744e+05
3.623e+05
3.572e+05
3.5214e+05
3.4713e+05
3.4215e+05
3.3721e+05
3.3232e+05
3.2746e+05
3.2265e+05
3.1788e+05
3.1316e+05
3.0848e+05
3.0384e+05
2.9925e+05
2.947e+05
2.9019e+05
2.8573e+05
2.8132e+05
2.7695e+05
2.7263e+05
2.6835e+05
2.6413e+05
2.5994e+05
2.5581e+05
2.5172e+05
2.4768e+05
2.4369e+05
2.3974e+05
2.3585e+05
2.32e+05
2.282e+05
2.2445e+05
2.2075e+05
2.171e+05
2.1349e+05
2.0994e+05
2.0644e+05
2.0298e+05
1.9958e+05
1.9622e+05
1.9291e+05
1.8966e+05
1.8645e+05
1.833e+05
1.8019e+05
1.7713e+05
1.7413e+05
1.7117e+05
1.6827e+05
1.6541e+05
1.6261e+05
1.5986e+05
1.5715e+05
1.545e+05
1.5189e+05
1.4934e+05
1.4684e+05
1.4438e+05
1.4198e+05
1.3963e+05
1.3732e+05
1.3507e+05
1.3286e+05
1.3071e+05
1.286e+05
1.2655e+05
1.2454e+05
1.2258e+05
1.2067e+05
1.1881e+05
1.17e+05
1.1524e+05
1.1353e+05
1.1186e+05
1.1024e+05
1.0867e+05
1.0715e+05
1.0568e+05
1.0425e+05
1.0287e+05
1.0154e+05
1.0025e+05
99011
97817
96670
95569
94513
93502
92537
91617
90741
89909
89122
88379
87679
87022
86409
85838
85310
84823
84379
83976
83615
83294
83014
82774
82575
82414
82294
82212
82169
82164
82197
82268
82376
82521
82703
82920
83174
83463
83788
84147
84540
84968
85429
85924
86451
87011
87603
88227
88882
89569
90286
91033
91810
92616
93451
94315
95208
96128
97075
98050
99051
1.0008e+05
1.0113e+05
1.0221e+05
1.0331e+05
1.0444e+05
1.0559e+05
1.0677e+05
1.0797e+05
1.0919e+05
1.1044e+05
1.1171e+05
1.13e+05
1.1431e+05
1.1564e+05
1.1699e+05
1.1836e+05
1.1975e+05
1.2116e+05
1.2259e+05
1.2404e+05
1.2551e+05
1.2699e+05
1.285e+05
1.3001e+05
1.3155e+05
1.331e+05
1.3466e+05
1.3625e+05
1.3784e+05
1.3945e+05
1.4108e+05
1.4272e+05
1.4437e+05
1.4603e+05
1.4771e+05
1.494e+05
1.511e+05
1.5281e+05
1.5453e+05
1.5626e+05
1.58e+05
1.5976e+05
1.6152e+05
1.6329e+05
1.6506e+05
1.6685e+05
1.6864e+05
1.7045e+05
1.7225e+05
1.7407e+05
1.7589e+05
1.7772e+05
1.7955e+05
1.8138e+05
1.8322e+05
1.8507e+05
1.8692e+05
1.8877e+05
1.9063e+05
1.9249e+05
1.9435e+05
1.9621e+05
1.9808e+05
1.9994e+05
2.0181e+05
2.0368e+05
2.0554e+05
2.0741e+05
2.0928e+05
2.1115e+05
2.1301e+05
2.1487e+05
2.1674e+05
2.186e+05
2.2045e+05
2.2231e+05
2.2416e+05
2.2601e+05
2.2785e+05
2.2969e+05
2.3153e+05
2.3336e+05
2.3519e+05
2.3701e+05
2.3882e+05
2.4063e+05
2.4244e+05
2.4423e+05
2.4602e+05
2.4781e+05
2.4958e+05
2.5135e+05
2.5311e+05
2.5486e+05
2.566e+05
2.5834e+05
2.6006e+05
2.6178e+05
2.6348e+05
2.6518e+05
2.6687e+05
2.6854e+05
2.7021e+05
2.7186e+05
2.7351e+05
2.7514e+05
2.7676e+05
2.7837e+05
2.7996e+05
2.8155e+05
2.8312e+05
2.8468e+05
2.8623e+05
2.8776e+05
2.8928e+05
2.9078e+05
2.9228e+05
2.9375e+05
2.9522e+05
2.9667e+05
2.981e+05
2.9952e+05
3.0093e+05
3.0232e+05
3.0369e+05
3.0505e+05
3.0639e+05
3.0772e+05
3.0903e+05
3.1033e+05
3.1161e+05
3.1287e+05
3.1411e+05
3.1534e+05
3.1655e+05
3.1775e+05
3.1893e+05
3.2009e+05
3.2123e+05
3.2235e+05
3.2346e+05
3.2455e+05
3.2562e+05
3.2667e+05
3.2771e+05
3.2872e+05
3.2972e+05
3.307e+05
3.3166e+05
3.326e+05
3.3352e+05
3.3443e+05
3.3531e+05
3.3617e+05
3.3702e+05
3.3785e+05
3.3865e+05
3.3944e+05
3.4021e+05
3.4096e+05
3.4169e+05
3.4239e+05
3.4308e+05
3.4375e+05
3.444e+05
3.4503e+05
3.4564e+05
3.4623e+05
3.468e+05
3.4734e+05
3.4787e+05
3.4838e+05
3.4887e+05
3.4934e+05
3.4978e+05
3.5021e+05
3.5062e+05
3.51e+05
3.5137e+05
3.5171e+05
3.5204e+05
3.5234e+05
3.5263e+05
3.5289e+05
3.5314e+05
3.5336e+05
3.5356e+05
3.5374e+05
3.5391e+05
3.5405e+05
3.5417e+05
3.5427e+05
3.5435e+05
3.5441e+05
3.5445e+05
3.5447e+05
3.5447e+05
3.5446e+05
3.5442e+05
3.5436e+05
3.5428e+05
3.5418e+05
3.5406e+05
3.5392e+05
3.5376e+05
3.5358e+05
3.5338e+05
3.5317e+05
3.5293e+05
3.5267e+05
3.524e+05
3.521e+05
3.5179e+05
3.5145e+05
3.511e+05
3.5073e+05
3.5034e+05
3.4993e+05
3.495e+05
3.4906e+05
3.4859e+05
3.4811e+05
3.4761e+05
3.4709e+05
3.4655e+05
3.46e+05
3.4542e+05
3.4483e+05
3.4422e+05
3.436e+05
3.4295e+05
3.4229e+05
3.4161e+05
3.4091e+05
3.402e+05
3.3947e+05
3.3872e+05
3.3796e+05
3.3718e+05
3.3638e+05
3.3557e+05
3.3474e+05
3.339e+05
3.3303e+05
3.3216e+05
3.3126e+05
3.3036e+05
3.2943e+05
3.2849e+05
3.2754e+05
3.2657e+05
3.2559e+05
3.2459e+05
3.2357e+05
3.2255e+05
3.215e+05
3.2045e+05
3.1938e+05
3.1829e+05
3.172e+05
3.1608e+05
3.1496e+05
3.1382e+05
3.1267e+05
3.1151e+05
3.1033e+05
3.0914e+05
3.0794e+05
3.0672e+05
3.055e+05
3.0426e+05
3.0301e+05
3.0174e+05
3.0047e+05
2.9918e+05
2.9789e+05
2.9658e+05
2.9526e+05
2.9393e+05
2.9259e+05
2.9124e+05
2.8988e+05
2.8851e+05
2.8713e+05
2.8573e+05
2.8433e+05
2.8292e+05
2.815e+05
2.8008e+05
2.7864e+05
2.7719e+05
2.7574e+05
2.7427e+05
2.728e+05
2.7132e+05
2.6983e+05
2.6834e+05
2.6683e+05
2.6532e+05
2.638e+05
2.6228e+05
2.6074e+05
2.592e+05
2.5766e+05
2.561e+05
2.5455e+05
2.5298e+05
2.5141e+05
2.4983e+05
2.4825e+05
2.4666e+05
2.4507e+05
2.4347e+05
2.4186e+05
2.4025e+05
2.3864e+05
2.3702e+05
2.354e+05
2.3377e+05
2.3214e+05
2.305e+05
2.2886e+05
2.2722e+05
2.2557e+05
2.2392e+05
2.2227e+05
2.2062e+05
2.1896e+05
2.173e+05
2.1563e+05
2.1397e+05
2.123e+05
2.1063e+05
2.0896e+05
2.0728e+05
2.0561e+05
2.0393e+05
2.0225e+05
2.0057e+05
1.9889e+05
1.9721e+05
1.9553e+05
1.9385e+05
1.9217e+05
1.9048e+05
1.888e+05
1.8712e+05
1.8543e+05
1.8375e+05
1.8207e+05
1.8039e+05
1.7871e+05
1.7703e+05
1.7535e+05
1.7367e+05
1.72e+05
1.7032e+05
1.6865e+05
1.6698e+05
1.6531e+05
1.6364e+05
1.6198e+05
1.6031e+05
1.5865e+05
1.5699e+05
1.5534e+05
1.5368e+05
1.5203e+05
1.5039e+05
1.4874e+05
1.471e+05
1.4547e+05
1.4383e+05
1.422e+05
1.4058e+05
1.3895e+05
1.3733e+05
1.3572e+05
1.3411e+05
1.325e+05
1.309e+05
1.2931e+05
1.2771e+05
1.2613e+05
1.2454e+05
1.2297e+05
1.2139e+05
1.1983e+05
1.1826e+05
1.1671e+05
1.1516e+05
1.1361e+05
1.1207e+05
1.1054e+05
1.0901e+05
1.0749e+05
1.0597e+05
1.0446e+05
1.0296e+05
1.0146e+05
99969
98484
97007
95536
94071
92614
91164
89721
88284
86855
85434
84019
82612
81213
79821
78437
77061
75692
74331
72978
71633
70296
68968
67647
66335
65031
63735
62448
61170
59899
58638
57385
56141
54905
53678
52460
51251
50051
48860
47678
46505
45341
44186
43041
41904
40777
39660
38551
37452
36362
35282
34211
33149
32097
31055
30022
28999
27985
26981
25987
25002
24027
23061
22106
21160
20223
19297
18380
17473
16576
15689
14811
13943
13085
12237
11399
10570
9751.5
8942.6
8143.5
7354.2
6574.7
5805.1
5045.2
4295.1
3554.9
2824.4
2103.6
1392.7
691.47
0
