60976
64368
68021
71933
76101
80521
85187
90094
95233
1.006e+05
1.0618e+05
1.1197e+05
1.1795e+05
1.2411e+05
1.3045e+05
1.3694e+05
1.4358e+05
1.5035e+05
1.5723e+05
1.6421e+05
1.7127e+05
1.784e+05
1.8558e+05
1.9278e+05
2.0001e+05
2.0723e+05
2.1442e+05
2.2158e+05
2.2868e+05
2.3571e+05
2.4265e+05
2.4947e+05
2.5617e+05
2.6273e+05
2.6913e+05
2.7535e+05
2.8138e+05
2.8721e+05
2.9281e+05
2.9819e+05
3.0331e+05
3.0818e+05
3.1277e+05
3.1709e+05
3.2111e+05
3.2483e+05
3.2824e+05
3.3134e+05
3.3411e+05
3.3655e+05
3.3866e+05
3.4044e+05
3.4187e+05
3.4296e+05
3.4371e+05
3.4411e+05
3.4417e+05
3.4389e+05
3.4327e+05
3.4232e+05
3.4103e+05
3.3942e+05
3.3748e+05
3.3523e+05
3.3268e+05
3.2982e+05
3.2667e+05
3.2324e+05
3.1954e+05
3.1557e+05
3.1136e+05
3.069e+05
3.0221e+05
2.973e+05
2.9219e+05
2.8689e+05
2.814e+05
2.7575e+05
2.6994e+05
2.6399e+05
2.5791e+05
2.5172e+05
2.4542e+05
2.3904e+05
2.3257e+05
2.2605e+05
2.1948e+05
2.1287e+05
2.0624e+05
1.9959e+05
1.9294e+05
1.8631e+05
1.797e+05
1.7313e+05
1.666e+05
1.6013e+05
1.5373e+05
1.474e+05
1.4116e+05
1.3502e+05
1.2898e+05
1.2306e+05
1.1726e+05
1.1159e+05
1.0606e+05
1.0067e+05
95433
90354
85439
80693
76121
71729
67521
63500
59672
56039
52604
49370
46341
43518
40902
38497
36302
34320
32551
30994
29652
28523
27608
26905
26414
26133
26062
26199
26542
27088
27836
28782
29925
31259
32783
34492
36382
38449
40689
43097
45668
48396
51276
54302
57469
60769
64197
67745
71407
75176
79044
83004
87048
91168
95357
99606
1.0391e+05
1.0825e+05
1.1263e+05
1.1704e+05
1.2146e+05
1.259e+05
1.3033e+05
1.3476e+05
1.3917e+05
1.4356e+05
1.4792e+05
1.5223e+05
1.565e+05
1.6071e+05
1.6486e+05
1.6893e+05
1.7293e+05
1.7684e+05
1.8065e+05
1.8437e+05
1.8798e+05
1.9148e+05
1.9486e+05
1.9812e+05
2.0124e+05
2.0424e+05
2.071e+05
2.0981e+05
2.1239e+05
2.1481e+05
2.1708e+05
2.192e+05
2.2116e+05
2.2296e+05
2.2461e+05
2.2609e+05
2.2742e+05
2.2858e+05
2.2958e+05
2.3041e+05
2.3109e+05
2.3161e+05
2.3197e+05
2.3217e+05
2.3222e+05
2.3211e+05
2.3185e+05
2.3144e+05
2.3088e+05
2.3019e+05
2.2935e+05
2.2837e+05
2.2726e+05
2.2601e+05
2.2464e+05
2.2315e+05
2.2153e+05
2.198e+05
2.1795e+05
2.16e+05
2.1393e+05
2.1177e+05
2.095e+05
2.0714e+05
2.0469e+05
2.0215e+05
1.9953e+05
1.9683e+05
1.9404e+05
1.9119e+05
1.8826e+05
1.8527e+05
1.8222e+05
1.791e+05
1.7593e+05
1.727e+05
1.6942e+05
1.661e+05
1.6273e+05
1.5933e+05
1.5588e+05
1.524e+05
1.4889e+05
1.4535e+05
1.4179e+05
1.382e+05
1.346e+05
1.3098e+05
1.2736e+05
1.2372e+05
1.2008e+05
1.1644e+05
1.128e+05
1.0917e+05
1.0555e+05
1.0195e+05
98361
94794
91254
87742
84264
80823
77423
74068
70761
67507
64310
61172
58097
55090
52152
49288
46501
43793
41167
38626
36171
33806
31531
29349
27261
25267
23369
21567
19860
18250
16736
15316
13990
12756
11613
10558
9590.1
8706
7903
7178.1
6528.1
5949.5
5438.5
4991.4
4604.2
4272.6
3992.6
3759.8
3569.8
3418.2
3300.7
3212.9
3150.6
3109.4
3085.4
3074.6
3073.1
3077.4
3084.2
3090.3
3092.7
3089
3076.8
3054.1
3019.3
2971
2908.2
2830.4
2737.2
2628.7
2505.3
2367.9
2217.4
2055.5
1883.7
1704.2
1519.3
1331.6
1143.9
959.2
780.8
612.05
456.41
317.47
198.85
104.21
37.151
1.2571
0
36.724
114.61
236.63
405.51
623.74
893.46
1216.5
1594.3
2028
2518.1
3065
3668.3
4327.4
5041.1
5807.6
6624.9
7490.3
8400.5
9352
10341
11362
12411
13482
14569
15667
16769
17868
18956
20028
21076
22092
23069
24000
24878
25695
26444
27119
27714
28223
28640
28962
29182
29298
29308
29208
28998
28678
28247
27708
27062
26315
25469
24531
23508
22408
21239
20012
18739
17432
16103
14769
13445
12147
10893
9701.9
8592.4
7585.1
6700.8
5961
5387.8
5003.9
4832
4895.5
5217.9
5822.6
6733.2
7973.1
9565.4
11533
13898
16683
19909
23595
27762
32429
37611
43326
49588
56412
63807
71786
80357
89526
99299
1.0968e+05
1.2067e+05
1.3226e+05
1.4446e+05
1.5726e+05
1.7066e+05
1.8463e+05
1.9919e+05
2.143e+05
2.2995e+05
2.4613e+05
2.6282e+05
2.8e+05
2.9763e+05
3.1571e+05
3.3419e+05
3.5306e+05
3.7227e+05
3.918e+05
4.1162e+05
4.3168e+05
4.5195e+05
4.7239e+05
4.9297e+05
5.1364e+05
5.3437e+05
5.551e+05
5.758e+05
5.9642e+05
6.1692e+05
6.3726e+05
6.5739e+05
6.7727e+05
6.9686e+05
7.1611e+05
7.3498e+05
7.5343e+05
7.7141e+05
7.8889e+05
8.0582e+05
8.2218e+05
8.3791e+05
8.53e+05
8.6739e+05
8.8107e+05
8.9399e+05
9.0614e+05
9.1747e+05
9.2798e+05
9.3763e+05
9.4641e+05
9.543e+05
9.6128e+05
9.6733e+05
9.7245e+05
9.7662e+05
9.7984e+05
9.8211e+05
9.8342e+05
9.8378e+05
9.8318e+05
9.8163e+05
9.7913e+05
9.7571e+05
9.7136e+05
9.6611e+05
9.5997e+05
9.5295e+05
9.4508e+05
9.3638e+05
9.2688e+05
9.1659e+05
9.0555e+05
8.9378e+05
8.8132e+05
8.6819e+05
8.5443e+05
8.4008e+05
8.2516e+05
8.0972e+05
7.9378e+05
7.7739e+05
7.6058e+05
7.4339e+05
7.2586e+05
7.0803e+05
6.8994e+05
6.7161e+05
6.531e+05
6.3444e+05
6.1567e+05
5.9682e+05
5.7793e+05
5.5903e+05
5.4017e+05
5.2136e+05
5.0266e+05
4.8408e+05
4.6567e+05
4.4744e+05
4.2943e+05
4.1167e+05
3.9418e+05
3.7698e+05
3.601e+05
3.4357e+05
3.2739e+05
3.1159e+05
2.9619e+05
2.8119e+05
2.6663e+05
2.525e+05
2.3882e+05
2.256e+05
2.1285e+05
2.0057e+05
1.8877e+05
1.7745e+05
1.6662e+05
1.5627e+05
1.4641e+05
1.3703e+05
1.2813e+05
1.197e+05
1.1175e+05
1.0426e+05
97226
90642
84498
78783
73486
68597
64101
59987
56241
52850
49798
47071
44654
42532
40690
39112
37782
36685
35805
35126
34635
34314
34150
34128
34233
34452
34771
35177
35657
36198
36790
37421
38079
38756
39441
40125
40800
41458
42092
42694
43259
43782
44257
44679
45046
45354
45599
45780
45896
45944
45924
45837
45681
45457
45167
44811
44392
43911
43370
42773
42121
41417
40666
39870
39032
38157
37248
36309
35343
34355
33348
32326
31294
30254
29211
28168
27129
26098
25076
24069
23078
22107
21158
20234
19338
18470
17633
16830
16060
15327
14630
13971
13351
12769
12227
11724
11261
10836
10450
10102
9791.7
9517.2
9278
9072.7
8900.2
8758.8
8647.1
8563.5
8506.1
8473.2
8462.9
8473.3
8502.5
8548.4
8609
8682.4
8766.5
8859.4
8959
9063.5
9170.8
9279.3
9387.1
9492.4
9593.7
9689.3
9777.8
9857.8
9928
9987.1
10034
10068
10088
10094
10083
10057
10015
9956.1
9880.2
9787.4
9677.5
9550.8
9407.4
9247.6
9071.9
8880.7
8674.5
8454.1
8220
7973.1
7714.2
7444.2
7164
6874.5
6576.8
6271.9
5960.8
5644.5
5324.2
5000.8
4675.4
4349.1
4022.9
3697.7
3374.6
3054.4
2738.1
2426.4
2120.2
1820.2
1527.1
1241.5
964.07
695.22
435.42
