5.7745e+05
5.7932e+05
5.811e+05
5.8279e+05
5.8437e+05
5.8586e+05
5.8726e+05
5.8856e+05
5.8977e+05
5.9088e+05
5.919e+05
5.9282e+05
5.9366e+05
5.944e+05
5.9505e+05
5.9562e+05
5.9609e+05
5.9648e+05
5.9678e+05
5.9699e+05
5.9712e+05
5.9716e+05
5.9712e+05
5.97e+05
5.968e+05
5.9652e+05
5.9616e+05
5.9572e+05
5.9521e+05
5.9462e+05
5.9396e+05
5.9323e+05
5.9242e+05
5.9155e+05
5.9061e+05
5.896e+05
5.8853e+05
5.8739e+05
5.8619e+05
5.8493e+05
5.8361e+05
5.8224e+05
5.808e+05
5.7931e+05
5.7777e+05
5.7618e+05
5.7453e+05
5.7284e+05
5.711e+05
5.6931e+05
5.6748e+05
5.656e+05
5.6369e+05
5.6173e+05
5.5974e+05
5.5771e+05
5.5564e+05
5.5354e+05
5.514e+05
5.4924e+05
5.4705e+05
5.4482e+05
5.4257e+05
5.403e+05
5.38e+05
5.3568e+05
5.3334e+05
5.3097e+05
5.2859e+05
5.2619e+05
5.2378e+05
5.2135e+05
5.189e+05
5.1645e+05
5.1398e+05
5.115e+05
5.0901e+05
5.0652e+05
5.0402e+05
5.0151e+05
4.99e+05
4.9649e+05
4.9397e+05
4.9145e+05
4.8894e+05
4.8642e+05
4.839e+05
4.8138e+05
4.7887e+05
4.7636e+05
4.7386e+05
4.7136e+05
4.6887e+05
4.6638e+05
4.639e+05
4.6143e+05
4.5897e+05
4.5652e+05
4.5408e+05
4.5164e+05
4.4922e+05
4.4681e+05
4.4441e+05
4.4202e+05
4.3965e+05
4.3729e+05
4.3494e+05
4.326e+05
4.3028e+05
4.2797e+05
4.2568e+05
4.234e+05
4.2114e+05
4.1889e+05
4.1665e+05
4.1443e+05
4.1222e+05
4.1003e+05
4.0786e+05
4.0569e+05
4.0355e+05
4.0141e+05
3.993e+05
3.9719e+05
3.9511e+05
3.9303e+05
3.9097e+05
3.8892e+05
3.8689e+05
3.8487e+05
3.8287e+05
3.8087e+05
3.7889e+05
3.7692e+05
3.7497e+05
3.7302e+05
3.7109e+05
3.6917e+05
3.6726e+05
3.6536e+05
3.6346e+05
3.6158e+05
3.5971e+05
3.5785e+05
3.5599e+05
3.5414e+05
3.523e+05
3.5047e+05
3.4864e+05
3.4682e+05
3.45e+05
3.4319e+05
3.4138e+05
3.3958e+05
3.3778e+05
3.3599e+05
3.3419e+05
3.324e+05
3.3062e+05
3.2883e+05
3.2704e+05
3.2525e+05
3.2347e+05
3.2168e+05
3.1989e+05
3.181e+05
3.1631e+05
3.1452e+05
3.1272e+05
3.1092e+05
3.0912e+05
3.0731e+05
3.055e+05
3.0369e+05
3.0187e+05
3.0004e+05
2.9821e+05
2.9637e+05
2.9453e+05
2.9268e+05
2.9082e+05
2.8895e+05
2.8708e+05
2.852e+05
2.8332e+05
2.8142e+05
2.7952e+05
2.7761e+05
2.7569e+05
2.7376e+05
2.7183e+05
2.6988e+05
2.6793e+05
2.6597e+05
2.6399e+05
2.6202e+05
2.6003e+05
2.5803e+05
2.5603e+05
2.5401e+05
2.5199e+05
2.4996e+05
2.4792e+05
2.4588e+05
2.4382e+05
2.4176e+05
2.397e+05
2.3762e+05
2.3554e+05
2.3346e+05
2.3136e+05
2.2927e+05
2.2716e+05
2.2505e+05
2.2294e+05
2.2083e+05
2.1871e+05
2.1659e+05
2.1447e+05
2.1234e+05
2.1021e+05
2.0809e+05
2.0596e+05
2.0384e+05
2.0171e+05
1.9959e+05
1.9747e+05
1.9536e+05
1.9325e+05
1.9114e+05
1.8904e+05
1.8695e+05
1.8487e+05
1.8279e+05
1.8072e+05
1.7867e+05
1.7662e+05
1.7458e+05
1.7256e+05
1.7056e+05
1.6856e+05
1.6659e+05
1.6462e+05
1.6268e+05
1.6076e+05
1.5885e+05
1.5697e+05
1.5511e+05
1.5327e+05
1.5145e+05
1.4966e+05
1.479e+05
1.4616e+05
1.4445e+05
1.4277e+05
1.4112e+05
1.3951e+05
1.3792e+05
1.3637e+05
1.3485e+05
1.3337e+05
1.3193e+05
1.3053e+05
1.2916e+05
1.2784e+05
1.2655e+05
1.2531e+05
1.2412e+05
1.2297e+05
1.2186e+05
1.208e+05
1.1979e+05
1.1884e+05
1.1793e+05
1.1707e+05
1.1627e+05
1.1552e+05
1.1482e+05
1.1418e+05
1.136e+05
1.1308e+05
1.1261e+05
1.1221e+05
1.1187e+05
1.1159e+05
1.1137e+05
1.1122e+05
1.1113e+05
1.1111e+05
1.1115e+05
1.1127e+05
1.1145e+05
1.117e+05
1.1202e+05
1.1242e+05
1.1288e+05
1.1342e+05
1.1403e+05
1.1472e+05
1.1548e+05
1.1632e+05
1.1724e+05
1.1823e+05
1.193e+05
1.2044e+05
1.2167e+05
1.2298e+05
1.2436e+05
1.2583e+05
1.2738e+05
1.2901e+05
1.3072e+05
1.3251e+05
1.3438e+05
1.3634e+05
1.3838e+05
1.4051e+05
1.4272e+05
1.4501e+05
1.4738e+05
1.4984e+05
1.5239e+05
1.5502e+05
1.5773e+05
1.6053e+05
1.6341e+05
1.6638e+05
1.6943e+05
1.7256e+05
1.7578e+05
1.7908e+05
1.8247e+05
1.8594e+05
1.8949e+05
1.9313e+05
1.9684e+05
2.0064e+05
2.0453e+05
2.0849e+05
2.1253e+05
2.1665e+05
2.2086e+05
2.2514e+05
2.295e+05
2.3394e+05
2.3845e+05
2.4305e+05
2.4771e+05
2.5246e+05
2.5727e+05
2.6216e+05
2.6712e+05
2.7216e+05
2.7726e+05
2.8244e+05
2.8768e+05
2.9299e+05
2.9837e+05
3.0381e+05
3.0932e+05
3.1489e+05
3.2052e+05
3.2621e+05
3.3197e+05
3.3778e+05
3.4365e+05
3.4957e+05
3.5555e+05
3.6158e+05
3.6767e+05
3.738e+05
3.7999e+05
3.8622e+05
3.925e+05
3.9882e+05
4.0518e+05
4.1159e+05
4.1804e+05
4.2452e+05
4.3105e+05
4.3761e+05
4.442e+05
4.5082e+05
4.5748e+05
4.6416e+05
4.7087e+05
4.7761e+05
4.8436e+05
4.9115e+05
4.9795e+05
5.0477e+05
5.116e+05
5.1845e+05
5.2532e+05
5.3219e+05
5.3908e+05
5.4597e+05
5.5287e+05
5.5977e+05
5.6667e+05
5.7358e+05
5.8048e+05
5.8738e+05
5.9427e+05
6.0116e+05
6.0804e+05
6.149e+05
6.2176e+05
6.286e+05
6.3542e+05
6.4222e+05
6.4901e+05
6.5577e+05
6.625e+05
6.6921e+05
6.759e+05
6.8255e+05
6.8917e+05
6.9576e+05
7.0232e+05
7.0884e+05
7.1531e+05
7.2175e+05
7.2815e+05
7.345e+05
7.408e+05
7.4706e+05
7.5327e+05
7.5943e+05
7.6553e+05
7.7158e+05
7.7758e+05
7.8351e+05
7.8939e+05
7.952e+05
8.0096e+05
8.0664e+05
8.1227e+05
8.1782e+05
8.2331e+05
8.2872e+05
8.3406e+05
8.3933e+05
8.4452e+05
8.4964e+05
8.5468e+05
8.5964e+05
8.6452e+05
8.6932e+05
8.7403e+05
8.7866e+05
8.832e+05
8.8766e+05
8.9202e+05
8.963e+05
9.0049e+05
9.0458e+05
9.0858e+05
9.1249e+05
9.163e+05
9.2002e+05
9.2363e+05
9.2716e+05
9.3058e+05
9.339e+05
9.3712e+05
9.4024e+05
9.4325e+05
9.4616e+05
9.4897e+05
9.5168e+05
9.5427e+05
9.5677e+05
9.5915e+05
9.6143e+05
9.636e+05
9.6566e+05
9.6761e+05
9.6945e+05
9.7118e+05
9.7281e+05
9.7432e+05
9.7572e+05
9.7701e+05
9.7818e+05
9.7925e+05
9.802e+05
9.8104e+05
9.8177e+05
9.8239e+05
9.8289e+05
9.8328e+05
9.8356e+05
9.8372e+05
9.8378e+05
9.8372e+05
9.8355e+05
9.8326e+05
9.8287e+05
9.8236e+05
9.8174e+05
9.8101e+05
9.8017e+05
9.7921e+05
9.7815e+05
9.7698e+05
9.757e+05
9.7431e+05
9.7281e+05
9.712e+05
9.6949e+05
9.6766e+05
9.6574e+05
9.637e+05
9.6157e+05
9.5932e+05
9.5698e+05
9.5453e+05
9.5198e+05
9.4933e+05
9.4657e+05
9.4372e+05
9.4077e+05
9.3772e+05
9.3458e+05
9.3134e+05
9.28e+05
9.2457e+05
9.2105e+05
9.1744e+05
9.1373e+05
9.0994e+05
9.0605e+05
9.0208e+05
8.9803e+05
8.9388e+05
8.8966e+05
8.8535e+05
8.8096e+05
8.7649e+05
8.7194e+05
8.6731e+05
8.6261e+05
8.5783e+05
8.5297e+05
8.4805e+05
8.4305e+05
8.3798e+05
8.3285e+05
8.2765e+05
8.2238e+05
8.1705e+05
8.1165e+05
8.062e+05
8.0068e+05
7.951e+05
7.8947e+05
7.8379e+05
7.7804e+05
7.7225e+05
7.6641e+05
7.6051e+05
7.5457e+05
7.4858e+05
7.4254e+05
7.3647e+05
7.3035e+05
7.2419e+05
7.1799e+05
7.1175e+05
7.0548e+05
6.9917e+05
6.9283e+05
6.8646e+05
6.8006e+05
6.7363e+05
6.6717e+05
6.6069e+05
6.5419e+05
6.4766e+05
6.4112e+05
6.3455e+05
6.2797e+05
6.2137e+05
6.1475e+05
6.0812e+05
6.0149e+05
5.9484e+05
5.8818e+05
5.8151e+05
5.7484e+05
5.6817e+05
5.6149e+05
5.5481e+05
5.4814e+05
5.4146e+05
5.3478e+05
5.2811e+05
5.2145e+05
5.1479e+05
5.0815e+05
5.0151e+05
4.9488e+05
4.8826e+05
4.8166e+05
4.7508e+05
4.6851e+05
4.6195e+05
4.5542e+05
4.4891e+05
4.4242e+05
4.3595e+05
4.295e+05
4.2308e+05
4.1668e+05
4.1032e+05
4.0398e+05
3.9766e+05
3.9139e+05
3.8514e+05
3.7892e+05
3.7274e+05
3.6659e+05
3.6048e+05
3.544e+05
3.4837e+05
3.4237e+05
3.3641e+05
3.3049e+05
3.2461e+05
3.1877e+05
3.1298e+05
3.0723e+05
3.0152e+05
2.9586e+05
2.9025e+05
2.8468e+05
2.7916e+05
2.7369e+05
2.6826e+05
2.6289e+05
2.5756e+05
2.5229e+05
2.4707e+05
2.419e+05
2.3678e+05
2.3172e+05
2.2671e+05
2.2175e+05
2.1685e+05
2.12e+05
2.072e+05
2.0247e+05
1.9778e+05
1.9316e+05
1.8859e+05
1.8408e+05
1.7963e+05
1.7523e+05
1.7089e+05
1.6661e+05
1.6239e+05
1.5822e+05
1.5412e+05
1.5007e+05
1.4608e+05
1.4215e+05
1.3828e+05
1.3447e+05
1.3072e+05
1.2703e+05
1.234e+05
1.1982e+05
1.1631e+05
1.1285e+05
1.0946e+05
1.0612e+05
1.0284e+05
99623
96463
93361
90317
87331
84404
81534
78722
75967
73269
70628
68044
65515
63042
60625
58263
55956
53703
51504
49359
47266
45227
43240
41304
39420
37587
35804
34071
32388
30753
29167
27628
26137
24692
23293
21940
20632
19368
18148
16971
15837
14745
13694
12683
11713
10781
9889
9034.7
8217.8
7437.7
6693.7
5985.1
5311.3
4671.6
4065.3
3491.7
2950.2
2440.1
1960.6
1511.2
1091.1
699.69
336.21
0
