9.8378e+05
9.7974e+05
9.7565e+05
9.715e+05
9.6729e+05
9.6302e+05
9.587e+05
9.5433e+05
9.4991e+05
9.4543e+05
9.4091e+05
9.3634e+05
9.3173e+05
9.2707e+05
9.2236e+05
9.1762e+05
9.1283e+05
9.0801e+05
9.0315e+05
8.9825e+05
8.9331e+05
8.8835e+05
8.8335e+05
8.7831e+05
8.7325e+05
8.6816e+05
8.6305e+05
8.579e+05
8.5274e+05
8.4754e+05
8.4233e+05
8.371e+05
8.3184e+05
8.2657e+05
8.2128e+05
8.1597e+05
8.1065e+05
8.0532e+05
7.9997e+05
7.9461e+05
7.8924e+05
7.8387e+05
7.7848e+05
7.7309e+05
7.6769e+05
7.6229e+05
7.5688e+05
7.5148e+05
7.4607e+05
7.4066e+05
7.3525e+05
7.2984e+05
7.2444e+05
7.1904e+05
7.1364e+05
7.0825e+05
7.0287e+05
6.975e+05
6.9213e+05
6.8678e+05
6.8143e+05
6.761e+05
6.7077e+05
6.6547e+05
6.6017e+05
6.5489e+05
6.4963e+05
6.4438e+05
6.3915e+05
6.3394e+05
6.2875e+05
6.2358e+05
6.1843e+05
6.133e+05
6.0819e+05
6.0311e+05
5.9805e+05
5.9301e+05
5.88e+05
5.8301e+05
5.7805e+05
5.7312e+05
5.6822e+05
5.6334e+05
5.5849e+05
5.5367e+05
5.4888e+05
5.4413e+05
5.394e+05
5.347e+05
5.3004e+05
5.2541e+05
5.2081e+05
5.1625e+05
5.1172e+05
5.0723e+05
5.0277e+05
4.9834e+05
4.9396e+05
4.896e+05
4.8529e+05
4.8101e+05
4.7677e+05
4.7257e+05
4.6841e+05
4.6428e+05
4.602e+05
4.5615e+05
4.5214e+05
4.4818e+05
4.4425e+05
4.4037e+05
4.3652e+05
4.3272e+05
4.2895e+05
4.2523e+05
4.2155e+05
4.1791e+05
4.1432e+05
4.1076e+05
4.0725e+05
4.0379e+05
4.0036e+05
3.9698e+05
3.9364e+05
3.9034e+05
3.8709e+05
3.8388e+05
3.8071e+05
3.7759e+05
3.7451e+05
3.7148e+05
3.6849e+05
3.6554e+05
3.6264e+05
3.5978e+05
3.5696e+05
3.5419e+05
3.5146e+05
3.4878e+05
3.4614e+05
3.4354e+05
3.4099e+05
3.3848e+05
3.3602e+05
3.336e+05
3.3122e+05
3.2889e+05
3.266e+05
3.2436e+05
3.2215e+05
3.1999e+05
3.1788e+05
3.158e+05
3.1377e+05
3.1179e+05
3.0984e+05
3.0794e+05
3.0608e+05
3.0426e+05
3.0249e+05
3.0075e+05
2.9906e+05
2.9741e+05
2.958e+05
2.9424e+05
2.9271e+05
2.9122e+05
2.8978e+05
2.8837e+05
2.8701e+05
2.8569e+05
2.844e+05
2.8316e+05
2.8195e+05
2.8078e+05
2.7965e+05
2.7856e+05
2.7751e+05
2.765e+05
2.7552e+05
2.7458e+05
2.7368e+05
2.7282e+05
2.7199e+05
2.712e+05
2.7045e+05
2.6973e+05
2.6904e+05
2.6839e+05
2.6778e+05
2.672e+05
2.6666e+05
2.6615e+05
2.6567e+05
2.6522e+05
2.6481e+05
2.6444e+05
2.6409e+05
2.6378e+05
2.6349e+05
2.6324e+05
2.6303e+05
2.6284e+05
2.6268e+05
2.6255e+05
2.6245e+05
2.6238e+05
2.6235e+05
2.6233e+05
2.6235e+05
2.624e+05
2.6247e+05
2.6257e+05
2.627e+05
2.6285e+05
2.6303e+05
2.6324e+05
2.6347e+05
2.6373e+05
2.6401e+05
2.6432e+05
2.6465e+05
2.65e+05
2.6538e+05
2.6578e+05
2.6621e+05
2.6665e+05
2.6712e+05
2.6761e+05
2.6812e+05
2.6866e+05
2.6921e+05
2.6978e+05
2.7037e+05
2.7099e+05
2.7162e+05
2.7227e+05
2.7294e+05
2.7362e+05
2.7433e+05
2.7505e+05
2.7579e+05
2.7654e+05
2.7731e+05
2.781e+05
2.789e+05
2.7972e+05
2.8055e+05
2.814e+05
2.8226e+05
2.8313e+05
2.8402e+05
2.8492e+05
2.8584e+05
2.8676e+05
2.877e+05
2.8865e+05
2.8961e+05
2.9059e+05
2.9157e+05
2.9256e+05
2.9356e+05
2.9458e+05
2.956e+05
2.9663e+05
2.9767e+05
2.9871e+05
2.9977e+05
3.0083e+05
3.019e+05
3.0298e+05
3.0406e+05
3.0515e+05
3.0625e+05
3.0735e+05
3.0846e+05
3.0957e+05
3.1069e+05
3.1181e+05
3.1293e+05
3.1406e+05
3.1519e+05
3.1633e+05
3.1746e+05
3.186e+05
3.1975e+05
3.2089e+05
3.2204e+05
3.2318e+05
3.2433e+05
3.2548e+05
3.2663e+05
3.2778e+05
3.2893e+05
3.3008e+05
3.3123e+05
3.3238e+05
3.3352e+05
3.3467e+05
3.3581e+05
3.3695e+05
3.3809e+05
3.3923e+05
3.4036e+05
3.4149e+05
3.4262e+05
3.4374e+05
3.4486e+05
3.4598e+05
3.4709e+05
3.4819e+05
3.493e+05
3.5039e+05
3.5148e+05
3.5257e+05
3.5365e+05
3.5472e+05
3.5579e+05
3.5685e+05
3.5791e+05
3.5896e+05
3.6e+05
3.6103e+05
3.6206e+05
3.6307e+05
3.6408e+05
3.6509e+05
3.6608e+05
3.6706e+05
3.6804e+05
3.6901e+05
3.6997e+05
3.7091e+05
3.7185e+05
3.7278e+05
3.737e+05
3.7461e+05
3.7551e+05
3.764e+05
3.7728e+05
3.7815e+05
3.79e+05
3.7985e+05
3.8068e+05
3.8151e+05
3.8232e+05
3.8312e+05
3.8391e+05
3.8468e+05
3.8545e+05
3.862e+05
3.8694e+05
3.8767e+05
3.8838e+05
3.8908e+05
3.8977e+05
3.9044e+05
3.9111e+05
3.9175e+05
3.9239e+05
3.9301e+05
3.9362e+05
3.9421e+05
3.9479e+05
3.9536e+05
3.9591e+05
3.9645e+05
3.9698e+05
3.9749e+05
3.9798e+05
3.9846e+05
3.9893e+05
3.9938e+05
3.9981e+05
4.0024e+05
4.0064e+05
4.0103e+05
4.0141e+05
4.0177e+05
4.0212e+05
4.0245e+05
4.0276e+05
4.0306e+05
4.0335e+05
4.0362e+05
4.0387e+05
4.0411e+05
4.0433e+05
4.0454e+05
4.0473e+05
4.049e+05
4.0506e+05
4.052e+05
4.0533e+05
4.0544e+05
4.0554e+05
4.0562e+05
4.0568e+05
4.0573e+05
4.0576e+05
4.0577e+05
4.0577e+05
4.0575e+05
4.0572e+05
4.0567e+05
4.0561e+05
4.0552e+05
4.0543e+05
4.0531e+05
4.0518e+05
4.0504e+05
4.0487e+05
4.0469e+05
4.045e+05
4.0429e+05
4.0406e+05
4.0382e+05
4.0356e+05
4.0329e+05
4.03e+05
4.0269e+05
4.0237e+05
4.0203e+05
4.0167e+05
4.013e+05
4.0092e+05
4.0051e+05
4.001e+05
3.9966e+05
3.9922e+05
3.9875e+05
3.9827e+05
3.9778e+05
3.9726e+05
3.9674e+05
3.962e+05
3.9564e+05
3.9507e+05
3.9448e+05
3.9388e+05
3.9326e+05
3.9263e+05
3.9198e+05
3.9132e+05
3.9064e+05
3.8995e+05
3.8925e+05
3.8852e+05
3.8779e+05
3.8704e+05
3.8628e+05
3.855e+05
3.8471e+05
3.839e+05
3.8308e+05
3.8224e+05
3.814e+05
3.8053e+05
3.7966e+05
3.7877e+05
3.7787e+05
3.7695e+05
3.7602e+05
3.7508e+05
3.7412e+05
3.7315e+05
3.7217e+05
3.7118e+05
3.7017e+05
3.6915e+05
3.6812e+05
3.6708e+05
3.6602e+05
3.6495e+05
3.6387e+05
3.6278e+05
3.6167e+05
3.6055e+05
3.5943e+05
3.5829e+05
3.5714e+05
3.5597e+05
3.548e+05
3.5362e+05
3.5242e+05
3.5121e+05
3.5e+05
3.4877e+05
3.4753e+05
3.4628e+05
3.4502e+05
3.4375e+05
3.4247e+05
3.4118e+05
3.3989e+05
3.3858e+05
3.3726e+05
3.3593e+05
3.346e+05
3.3325e+05
3.3189e+05
3.3053e+05
3.2916e+05
3.2778e+05
3.2639e+05
3.2499e+05
3.2358e+05
3.2217e+05
3.2075e+05
3.1932e+05
3.1788e+05
3.1643e+05
3.1498e+05
3.1352e+05
3.1205e+05
3.1057e+05
3.0909e+05
3.076e+05
3.0611e+05
3.0461e+05
3.031e+05
3.0158e+05
3.0006e+05
2.9853e+05
2.97e+05
2.9546e+05
2.9392e+05
2.9237e+05
2.9081e+05
2.8925e+05
2.8768e+05
2.8611e+05
2.8453e+05
2.8295e+05
2.8137e+05
2.7978e+05
2.7818e+05
2.7658e+05
2.7498e+05
2.7337e+05
2.7176e+05
2.7015e+05
2.6853e+05
2.6691e+05
2.6528e+05
2.6365e+05
2.6202e+05
2.6039e+05
2.5875e+05
2.5711e+05
2.5547e+05
2.5382e+05
2.5217e+05
2.5052e+05
2.4887e+05
2.4722e+05
2.4556e+05
2.439e+05
2.4224e+05
2.4058e+05
2.3892e+05
2.3726e+05
2.3559e+05
2.3393e+05
2.3226e+05
2.3059e+05
2.2892e+05
2.2725e+05
2.2558e+05
2.2391e+05
2.2224e+05
2.2057e+05
2.189e+05
2.1723e+05
2.1556e+05
2.1389e+05
2.1222e+05
2.1055e+05
2.0889e+05
2.0722e+05
2.0555e+05
2.0389e+05
2.0222e+05
2.0056e+05
1.989e+05
1.9723e+05
1.9558e+05
1.9392e+05
1.9226e+05
1.9061e+05
1.8895e+05
1.873e+05
1.8566e+05
1.8401e+05
1.8237e+05
1.8072e+05
1.7908e+05
1.7745e+05
1.7581e+05
1.7418e+05
1.7255e+05
1.7093e+05
1.6931e+05
1.6769e+05
1.6607e+05
1.6446e+05
1.6285e+05
1.6124e+05
1.5964e+05
1.5804e+05
1.5644e+05
1.5485e+05
1.5326e+05
1.5168e+05
1.501e+05
1.4852e+05
1.4695e+05
1.4538e+05
1.4382e+05
1.4226e+05
1.4071e+05
1.3916e+05
1.3761e+05
1.3607e+05
1.3454e+05
1.33e+05
1.3148e+05
1.2996e+05
1.2844e+05
1.2693e+05
1.2542e+05
1.2392e+05
1.2243e+05
1.2094e+05
1.1945e+05
1.1797e+05
1.165e+05
1.1503e+05
1.1357e+05
1.1211e+05
1.1066e+05
1.0921e+05
1.0777e+05
1.0634e+05
1.0491e+05
1.0349e+05
1.0207e+05
1.0066e+05
99256
97858
96467
95081
93702
92329
90963
89603
88250
86903
85563
84229
82902
81581
80268
78961
77660
76367
75080
73800
72528
71262
70003
68751
67505
66267
65036
63812
62596
61386
60183
58988
57800
56619
55445
54279
53119
51967
50823
49685
48555
47432
46317
45209
44108
43015
41929
40851
39780
38716
37660
36611
35570
34536
33509
32490
31479
30474
29478
28489
27507
26532
25566
24606
23654
22710
21773
20843
19921
19006
18099
17199
16307
15422
14544
13674
12811
11956
11107
10267
9433.2
8607.1
7788.3
6976.8
6172.7
5375.8
4586.1
3803.7
3028.6
2260.6
1499.9
746.37
0
