9.8378e+05
9.8027e+05
9.7669e+05
9.7305e+05
9.6933e+05
9.6555e+05
9.6171e+05
9.578e+05
9.5383e+05
9.498e+05
9.4571e+05
9.4155e+05
9.3734e+05
9.3308e+05
9.2875e+05
9.2438e+05
9.1994e+05
9.1546e+05
9.1092e+05
9.0634e+05
9.017e+05
8.9702e+05
8.9229e+05
8.8752e+05
8.827e+05
8.7784e+05
8.7293e+05
8.6799e+05
8.63e+05
8.5798e+05
8.5292e+05
8.4782e+05
8.4269e+05
8.3752e+05
8.3232e+05
8.2709e+05
8.2183e+05
8.1653e+05
8.1121e+05
8.0587e+05
8.0049e+05
7.951e+05
7.8967e+05
7.8423e+05
7.7876e+05
7.7327e+05
7.6777e+05
7.6224e+05
7.567e+05
7.5114e+05
7.4556e+05
7.3997e+05
7.3437e+05
7.2876e+05
7.2313e+05
7.175e+05
7.1185e+05
7.062e+05
7.0054e+05
6.9488e+05
6.8921e+05
6.8353e+05
6.7786e+05
6.7218e+05
6.665e+05
6.6082e+05
6.5514e+05
6.4946e+05
6.4379e+05
6.3812e+05
6.3245e+05
6.2679e+05
6.2114e+05
6.1549e+05
6.0985e+05
6.0422e+05
5.986e+05
5.9299e+05
5.874e+05
5.8181e+05
5.7624e+05
5.7068e+05
5.6514e+05
5.5961e+05
5.541e+05
5.4861e+05
5.4314e+05
5.3768e+05
5.3225e+05
5.2683e+05
5.2144e+05
5.1607e+05
5.1072e+05
5.0539e+05
5.0009e+05
4.9481e+05
4.8956e+05
4.8433e+05
4.7913e+05
4.7396e+05
4.6881e+05
4.637e+05
4.5861e+05
4.5355e+05
4.4853e+05
4.4353e+05
4.3857e+05
4.3363e+05
4.2873e+05
4.2387e+05
4.1903e+05
4.1424e+05
4.0947e+05
4.0474e+05
4.0005e+05
3.9539e+05
3.9077e+05
3.8619e+05
3.8164e+05
3.7713e+05
3.7266e+05
3.6823e+05
3.6384e+05
3.5949e+05
3.5518e+05
3.509e+05
3.4667e+05
3.4248e+05
3.3833e+05
3.3423e+05
3.3016e+05
3.2614e+05
3.2216e+05
3.1822e+05
3.1433e+05
3.1047e+05
3.0667e+05
3.029e+05
2.9919e+05
2.9551e+05
2.9188e+05
2.883e+05
2.8476e+05
2.8126e+05
2.7781e+05
2.7441e+05
2.7105e+05
2.6774e+05
2.6447e+05
2.6125e+05
2.5808e+05
2.5495e+05
2.5187e+05
2.4884e+05
2.4585e+05
2.4291e+05
2.4002e+05
2.3717e+05
2.3437e+05
2.3162e+05
2.2891e+05
2.2625e+05
2.2364e+05
2.2108e+05
2.1856e+05
2.1609e+05
2.1367e+05
2.1129e+05
2.0896e+05
2.0668e+05
2.0444e+05
2.0225e+05
2.0011e+05
1.9802e+05
1.9597e+05
1.9397e+05
1.9201e+05
1.9011e+05
1.8824e+05
1.8643e+05
1.8466e+05
1.8293e+05
1.8125e+05
1.7962e+05
1.7803e+05
1.7649e+05
1.75e+05
1.7354e+05
1.7214e+05
1.7077e+05
1.6946e+05
1.6818e+05
1.6695e+05
1.6577e+05
1.6462e+05
1.6353e+05
1.6247e+05
1.6146e+05
1.6049e+05
1.5956e+05
1.5867e+05
1.5783e+05
1.5703e+05
1.5627e+05
1.5555e+05
1.5487e+05
1.5423e+05
1.5364e+05
1.5308e+05
1.5256e+05
1.5209e+05
1.5165e+05
1.5125e+05
1.5089e+05
1.5056e+05
1.5028e+05
1.5003e+05
1.4982e+05
1.4965e+05
1.4951e+05
1.4941e+05
1.4935e+05
1.4932e+05
1.4933e+05
1.4937e+05
1.4945e+05
1.4956e+05
1.497e+05
1.4988e+05
1.5009e+05
1.5034e+05
1.5062e+05
1.5092e+05
1.5126e+05
1.5164e+05
1.5204e+05
1.5247e+05
1.5294e+05
1.5343e+05
1.5395e+05
1.545e+05
1.5508e+05
1.5569e+05
1.5633e+05
1.5699e+05
1.5768e+05
1.584e+05
1.5914e+05
1.5991e+05
1.6071e+05
1.6153e+05
1.6237e+05
1.6324e+05
1.6413e+05
1.6505e+05
1.6599e+05
1.6695e+05
1.6793e+05
1.6894e+05
1.6997e+05
1.7102e+05
1.7208e+05
1.7317e+05
1.7428e+05
1.7541e+05
1.7656e+05
1.7772e+05
1.7891e+05
1.8011e+05
1.8132e+05
1.8256e+05
1.8381e+05
1.8508e+05
1.8636e+05
1.8766e+05
1.8898e+05
1.903e+05
1.9164e+05
1.93e+05
1.9437e+05
1.9575e+05
1.9714e+05
1.9855e+05
1.9997e+05
2.014e+05
2.0284e+05
2.0429e+05
2.0575e+05
2.0722e+05
2.087e+05
2.1018e+05
2.1168e+05
2.1318e+05
2.147e+05
2.1622e+05
2.1774e+05
2.1928e+05
2.2081e+05
2.2236e+05
2.2391e+05
2.2546e+05
2.2702e+05
2.2859e+05
2.3016e+05
2.3173e+05
2.333e+05
2.3488e+05
2.3646e+05
2.3804e+05
2.3963e+05
2.4121e+05
2.428e+05
2.4439e+05
2.4598e+05
2.4756e+05
2.4915e+05
2.5074e+05
2.5232e+05
2.5391e+05
2.5549e+05
2.5707e+05
2.5865e+05
2.6023e+05
2.618e+05
2.6337e+05
2.6494e+05
2.665e+05
2.6806e+05
2.6962e+05
2.7117e+05
2.7271e+05
2.7425e+05
2.7578e+05
2.7731e+05
2.7883e+05
2.8035e+05
2.8186e+05
2.8336e+05
2.8485e+05
2.8634e+05
2.8782e+05
2.8929e+05
2.9075e+05
2.922e+05
2.9365e+05
2.9508e+05
2.9651e+05
2.9792e+05
2.9933e+05
3.0073e+05
3.0211e+05
3.0349e+05
3.0485e+05
3.0621e+05
3.0755e+05
3.0888e+05
3.102e+05
3.1151e+05
3.128e+05
3.1409e+05
3.1536e+05
3.1662e+05
3.1786e+05
3.1909e+05
3.2031e+05
3.2152e+05
3.2271e+05
3.2389e+05
3.2505e+05
3.262e+05
3.2734e+05
3.2846e+05
3.2956e+05
3.3066e+05
3.3173e+05
3.3279e+05
3.3384e+05
3.3487e+05
3.3589e+05
3.3689e+05
3.3787e+05
3.3884e+05
3.3979e+05
3.4073e+05
3.4164e+05
3.4255e+05
3.4343e+05
3.443e+05
3.4516e+05
3.4599e+05
3.4681e+05
3.4761e+05
3.484e+05
3.4916e+05
3.4991e+05
3.5065e+05
3.5136e+05
3.5206e+05
3.5274e+05
3.534e+05
3.5405e+05
3.5467e+05
3.5528e+05
3.5587e+05
3.5644e+05
3.57e+05
3.5753e+05
3.5805e+05
3.5855e+05
3.5903e+05
3.5949e+05
3.5994e+05
3.6036e+05
3.6077e+05
3.6116e+05
3.6153e+05
3.6188e+05
3.6221e+05
3.6253e+05
3.6282e+05
3.631e+05
3.6336e+05
3.636e+05
3.6382e+05
3.6402e+05
3.6421e+05
3.6437e+05
3.6452e+05
3.6465e+05
3.6476e+05
3.6485e+05
3.6492e+05
3.6497e+05
3.6501e+05
3.6503e+05
3.6502e+05
3.65e+05
3.6496e+05
3.6491e+05
3.6483e+05
3.6474e+05
3.6463e+05
3.6449e+05
3.6435e+05
3.6418e+05
3.6399e+05
3.6379e+05
3.6357e+05
3.6333e+05
3.6307e+05
3.628e+05
3.6251e+05
3.622e+05
3.6187e+05
3.6152e+05
3.6116e+05
3.6078e+05
3.6038e+05
3.5997e+05
3.5953e+05
3.5908e+05
3.5862e+05
3.5813e+05
3.5763e+05
3.5711e+05
3.5658e+05
3.5603e+05
3.5546e+05
3.5488e+05
3.5428e+05
3.5366e+05
3.5303e+05
3.5238e+05
3.5171e+05
3.5103e+05
3.5034e+05
3.4963e+05
3.489e+05
3.4815e+05
3.474e+05
3.4662e+05
3.4583e+05
3.4503e+05
3.4421e+05
3.4338e+05
3.4253e+05
3.4167e+05
3.4079e+05
3.399e+05
3.3899e+05
3.3807e+05
3.3714e+05
3.3619e+05
3.3523e+05
3.3425e+05
3.3326e+05
3.3226e+05
3.3124e+05
3.3022e+05
3.2917e+05
3.2812e+05
3.2705e+05
3.2597e+05
3.2488e+05
3.2378e+05
3.2266e+05
3.2153e+05
3.2039e+05
3.1924e+05
3.1807e+05
3.169e+05
3.1571e+05
3.1451e+05
3.133e+05
3.1208e+05
3.1085e+05
3.0961e+05
3.0836e+05
3.071e+05
3.0582e+05
3.0454e+05
3.0325e+05
3.0194e+05
3.0063e+05
2.9931e+05
2.9798e+05
2.9663e+05
2.9528e+05
2.9393e+05
2.9256e+05
2.9118e+05
2.898e+05
2.884e+05
2.87e+05
2.8559e+05
2.8417e+05
2.8275e+05
2.8131e+05
2.7987e+05
2.7842e+05
2.7697e+05
2.755e+05
2.7403e+05
2.7256e+05
2.7107e+05
2.6958e+05
2.6809e+05
2.6658e+05
2.6507e+05
2.6356e+05
2.6204e+05
2.6051e+05
2.5898e+05
2.5744e+05
2.559e+05
2.5435e+05
2.528e+05
2.5124e+05
2.4968e+05
2.4811e+05
2.4654e+05
2.4496e+05
2.4339e+05
2.418e+05
2.4021e+05
2.3862e+05
2.3703e+05
2.3543e+05
2.3383e+05
2.3222e+05
2.3061e+05
2.29e+05
2.2739e+05
2.2577e+05
2.2416e+05
2.2253e+05
2.2091e+05
2.1929e+05
2.1766e+05
2.1603e+05
2.144e+05
2.1277e+05
2.1113e+05
2.095e+05
2.0786e+05
2.0622e+05
2.0458e+05
2.0294e+05
2.013e+05
1.9966e+05
1.9802e+05
1.9638e+05
1.9474e+05
1.931e+05
1.9146e+05
1.8982e+05
1.8818e+05
1.8654e+05
1.849e+05
1.8326e+05
1.8162e+05
1.7998e+05
1.7834e+05
1.7671e+05
1.7508e+05
1.7344e+05
1.7181e+05
1.7018e+05
1.6855e+05
1.6693e+05
1.653e+05
1.6368e+05
1.6206e+05
1.6044e+05
1.5883e+05
1.5722e+05
1.5561e+05
1.54e+05
1.5239e+05
1.5079e+05
1.4919e+05
1.476e+05
1.46e+05
1.4441e+05
1.4283e+05
1.4125e+05
1.3967e+05
1.3809e+05
1.3652e+05
1.3495e+05
1.3339e+05
1.3183e+05
1.3027e+05
1.2872e+05
1.2717e+05
1.2563e+05
1.2409e+05
1.2256e+05
1.2103e+05
1.1951e+05
1.1799e+05
1.1647e+05
1.1496e+05
1.1346e+05
1.1196e+05
1.1047e+05
1.0898e+05
1.0749e+05
1.0602e+05
1.0454e+05
1.0308e+05
1.0162e+05
1.0016e+05
98713
97269
95832
94401
92975
91556
90144
88737
87337
85943
84556
83176
81802
80435
79074
77721
76374
75034
73701
72375
71056
69745
68440
67143
65853
64570
63295
62027
60767
59514
58269
57031
55801
54579
53364
52157
50958
49767
48583
47408
46240
45081
43929
42786
41650
40523
39404
38293
37190
36096
35009
33931
32861
31800
30747
29702
28665
27637
26618
25607
24604
23610
22624
21646
20678
19717
18766
17822
16888
15962
15044
14135
13235
12343
11460
10586
9719.6
8862.3
8013.6
7173.5
6342
5519.1
4704.9
3899.2
3102.2
2313.7
1533.9
762.65
0
