7661.3
9004.5
10617
12499
14652
17074
19765
22721
25940
29419
33151
37132
41356
45815
50502
55408
60524
65841
71349
77035
82890
88900
95054
1.0134e+05
1.0774e+05
1.1425e+05
1.2084e+05
1.2751e+05
1.3424e+05
1.4102e+05
1.4783e+05
1.5465e+05
1.6148e+05
1.6829e+05
1.7508e+05
1.8182e+05
1.885e+05
1.9511e+05
2.0163e+05
2.0805e+05
2.1435e+05
2.2052e+05
2.2655e+05
2.3242e+05
2.3812e+05
2.4364e+05
2.4897e+05
2.5409e+05
2.59e+05
2.6368e+05
2.6812e+05
2.7232e+05
2.7627e+05
2.7996e+05
2.8338e+05
2.8653e+05
2.894e+05
2.9198e+05
2.9428e+05
2.9628e+05
2.9799e+05
2.994e+05
3.0052e+05
3.0133e+05
3.0184e+05
3.0206e+05
3.0198e+05
3.0161e+05
3.0095e+05
2.9999e+05
2.9876e+05
2.9725e+05
2.9546e+05
2.9341e+05
2.911e+05
2.8854e+05
2.8574e+05
2.827e+05
2.7943e+05
2.7595e+05
2.7226e+05
2.6837e+05
2.643e+05
2.6006e+05
2.5565e+05
2.5109e+05
2.464e+05
2.4157e+05
2.3663e+05
2.3159e+05
2.2647e+05
2.2126e+05
2.1599e+05
2.1067e+05
2.0532e+05
1.9994e+05
1.9454e+05
1.8915e+05
1.8377e+05
1.7841e+05
1.731e+05
1.6783e+05
1.6262e+05
1.5748e+05
1.5242e+05
1.4746e+05
1.426e+05
1.3786e+05
1.3323e+05
1.2874e+05
1.2439e+05
1.2018e+05
1.1613e+05
1.1225e+05
1.0853e+05
1.0499e+05
1.0163e+05
98457
95474
92686
90096
87708
85523
83544
81773
80209
78854
77708
76769
76037
75511
75188
75067
75144
75416
75880
76532
77367
78382
79570
80928
82450
84129
85960
87937
90054
92305
94681
97178
99787
1.025e+05
1.0532e+05
1.0822e+05
1.1122e+05
1.1429e+05
1.1743e+05
1.2063e+05
1.2389e+05
1.272e+05
1.3055e+05
1.3394e+05
1.3735e+05
1.4079e+05
1.4424e+05
1.477e+05
1.5116e+05
1.5462e+05
1.5806e+05
1.6149e+05
1.649e+05
1.6828e+05
1.7162e+05
1.7492e+05
1.7818e+05
1.8139e+05
1.8454e+05
1.8763e+05
1.9066e+05
1.9361e+05
1.965e+05
1.993e+05
2.0202e+05
2.0466e+05
2.072e+05
2.0965e+05
2.12e+05
2.1426e+05
2.1641e+05
2.1845e+05
2.2038e+05
2.2221e+05
2.2391e+05
2.2551e+05
2.2698e+05
2.2833e+05
2.2956e+05
2.3067e+05
2.3165e+05
2.325e+05
2.3323e+05
2.3383e+05
2.343e+05
2.3463e+05
2.3484e+05
2.3492e+05
2.3486e+05
2.3468e+05
2.3436e+05
2.3392e+05
2.3334e+05
2.3264e+05
2.318e+05
2.3084e+05
2.2976e+05
2.2855e+05
2.2722e+05
2.2577e+05
2.2419e+05
2.2251e+05
2.2071e+05
2.1879e+05
2.1677e+05
2.1465e+05
2.1242e+05
2.1009e+05
2.0766e+05
2.0514e+05
2.0254e+05
1.9984e+05
1.9707e+05
1.9422e+05
1.913e+05
1.8831e+05
1.8525e+05
1.8214e+05
1.7897e+05
1.7575e+05
1.7249e+05
1.6919e+05
1.6585e+05
1.6248e+05
1.5908e+05
1.5567e+05
1.5223e+05
1.4879e+05
1.4534e+05
1.4189e+05
1.3845e+05
1.3501e+05
1.3158e+05
1.2818e+05
1.2479e+05
1.2143e+05
1.181e+05
1.148e+05
1.1154e+05
1.0832e+05
1.0515e+05
1.0203e+05
98952
95932
92968
90063
87219
84438
81721
79070
76486
73970
71523
69146
66837
64598
62429
60328
58295
56329
54430
52595
50824
49115
47465
45874
44339
42858
41429
40049
38716
37428
36182
34976
33806
32672
31570
30497
29452
28433
27436
26460
25503
24564
23640
22730
21832
20945
20069
19202
18344
17494
16652
15818
14992
14174
13364
12564
11773
10994
10227
9473
8734.3
8012.1
7308.1
6624.1
5962.1
5324
4711.9
4127.7
3573.7
3052
2564.5
2113.6
1701.1
1329
999.2
713.54
473.64
281.05
137.14
43.112
0
8.6284
69.612
183.34
349.97
569.42
841.33
1165.1
1539.9
1964.5
2437.6
2957.5
3522.2
4129.5
4776.9
5461.8
6181
6931.5
7709.7
8512.1
9334.8
10174
11025
11884
12746
13608
14463
15309
16140
16951
17739
18499
19225
19916
20565
21170
21727
22233
22685
23080
23416
23691
23904
24054
24141
24164
24123
24022
23860
23640
23365
23039
22666
22250
21798
21314
20806
20282
19749
19215
18691
18185
17709
17273
16889
16569
16325
16170
16119
16183
16378
16718
17218
17892
18755
19823
21110
22631
24403
26439
28754
31363
34281
37520
41095
45019
49303
53960
59002
64438
70279
76533
83209
90315
97855
1.0584e+05
1.1426e+05
1.2314e+05
1.3246e+05
1.4224e+05
1.5247e+05
1.6315e+05
1.7427e+05
1.8584e+05
1.9785e+05
2.1029e+05
2.2316e+05
2.3644e+05
2.5013e+05
2.6421e+05
2.7867e+05
2.9351e+05
3.0869e+05
3.2422e+05
3.4006e+05
3.5621e+05
3.7263e+05
3.8932e+05
4.0625e+05
4.2339e+05
4.4073e+05
4.5824e+05
4.7589e+05
4.9366e+05
5.1152e+05
5.2944e+05
5.4739e+05
5.6536e+05
5.833e+05
6.0119e+05
6.19e+05
6.367e+05
6.5426e+05
6.7165e+05
6.8884e+05
7.0579e+05
7.2249e+05
7.389e+05
7.5499e+05
7.7073e+05
7.861e+05
8.0106e+05
8.156e+05
8.2967e+05
8.4327e+05
8.5636e+05
8.6892e+05
8.8092e+05
8.9235e+05
9.0318e+05
9.134e+05
9.2298e+05
9.3191e+05
9.4017e+05
9.4775e+05
9.5463e+05
9.6081e+05
9.6627e+05
9.71e+05
9.7499e+05
9.7825e+05
9.8075e+05
9.8251e+05
9.8352e+05
9.8378e+05
9.8328e+05
9.8204e+05
9.8006e+05
9.7734e+05
9.7389e+05
9.6971e+05
9.6483e+05
9.5924e+05
9.5297e+05
9.4602e+05
9.3841e+05
9.3016e+05
9.2128e+05
9.1179e+05
9.0172e+05
8.9108e+05
8.7989e+05
8.6817e+05
8.5595e+05
8.4326e+05
8.3011e+05
8.1653e+05
8.0255e+05
7.8819e+05
7.7348e+05
7.5845e+05
7.4311e+05
7.2751e+05
7.1166e+05
6.956e+05
6.7934e+05
6.6293e+05
6.4638e+05
6.2972e+05
6.1298e+05
5.9619e+05
5.7936e+05
5.6254e+05
5.4573e+05
5.2897e+05
5.1228e+05
4.9568e+05
4.792e+05
4.6286e+05
4.4667e+05
4.3066e+05
4.1485e+05
3.9926e+05
3.839e+05
3.688e+05
3.5396e+05
3.394e+05
3.2514e+05
3.1118e+05
2.9755e+05
2.8425e+05
2.7129e+05
2.5869e+05
2.4644e+05
2.3455e+05
2.2304e+05
2.1191e+05
2.0116e+05
1.9079e+05
1.8081e+05
1.7122e+05
1.6201e+05
1.5319e+05
1.4476e+05
1.3671e+05
1.2904e+05
1.2176e+05
1.1484e+05
1.0829e+05
1.0211e+05
96278
90797
85659
80853
76373
72208
68350
64790
61516
58518
55787
53311
51079
49081
47304
45738
44372
43194
42192
41356
40675
40137
39732
39448
39276
39206
39226
39328
39501
39737
40027
40363
40735
41136
41559
41997
42442
42889
43331
43763
44180
44577
44948
45292
45602
45878
46115
46310
46463
46570
46631
46644
46609
46524
46390
46207
45974
45693
45365
44989
44568
44103
43596
43048
42461
41837
41179
40488
39768
39020
38248
37453
36638
35806
34960
34101
33234
32360
31482
30602
29724
28848
27978
27117
26265
25425
24599
23789
22997
22224
21472
20742
20035
19353
18696
18066
17462
16887
16340
15821
15331
14870
14438
14035
13660
13314
12995
12703
12438
12199
11985
11795
11627
11482
11358
11253
11167
11099
11046
11008
10982
10969
10967
10973
10987
11007
11032
11061
11092
11123
11154
11183
11210
11232
11249
11260
11263
11258
11244
11220
11185
11138
11080
11009
10924
10826
10715
10589
10448
10293
10124
9940.1
9741.8
9529.2
9302.7
9062.3
8808.6
8541.9
8262.7
7971.5
7668.9
7355.4
7031.8
