94632
97735
1.0091e+05
1.0415e+05
1.0745e+05
1.1082e+05
1.1423e+05
1.177e+05
1.2122e+05
1.2478e+05
1.2837e+05
1.32e+05
1.3566e+05
1.3935e+05
1.4305e+05
1.4678e+05
1.5051e+05
1.5425e+05
1.5799e+05
1.6173e+05
1.6546e+05
1.6919e+05
1.7289e+05
1.7658e+05
1.8024e+05
1.8388e+05
1.8748e+05
1.9104e+05
1.9457e+05
1.9805e+05
2.0148e+05
2.0486e+05
2.0818e+05
2.1145e+05
2.1465e+05
2.1779e+05
2.2086e+05
2.2386e+05
2.2679e+05
2.2964e+05
2.3241e+05
2.3511e+05
2.3772e+05
2.4024e+05
2.4269e+05
2.4504e+05
2.473e+05
2.4948e+05
2.5156e+05
2.5356e+05
2.5546e+05
2.5727e+05
2.5899e+05
2.6061e+05
2.6214e+05
2.6358e+05
2.6493e+05
2.6619e+05
2.6736e+05
2.6843e+05
2.6942e+05
2.7033e+05
2.7114e+05
2.7188e+05
2.7253e+05
2.7309e+05
2.7358e+05
2.74e+05
2.7434e+05
2.746e+05
2.748e+05
2.7492e+05
2.7498e+05
2.7498e+05
2.7492e+05
2.748e+05
2.7462e+05
2.7439e+05
2.7411e+05
2.7378e+05
2.7341e+05
2.73e+05
2.7255e+05
2.7206e+05
2.7154e+05
2.7099e+05
2.7041e+05
2.6981e+05
2.6918e+05
2.6853e+05
2.6787e+05
2.6719e+05
2.665e+05
2.658e+05
2.651e+05
2.6438e+05
2.6367e+05
2.6295e+05
2.6224e+05
2.6153e+05
2.6083e+05
2.6013e+05
2.5944e+05
2.5876e+05
2.5809e+05
2.5744e+05
2.568e+05
2.5618e+05
2.5557e+05
2.5498e+05
2.5441e+05
2.5386e+05
2.5333e+05
2.5282e+05
2.5234e+05
2.5187e+05
2.5143e+05
2.51e+05
2.506e+05
2.5022e+05
2.4987e+05
2.4953e+05
2.4922e+05
2.4893e+05
2.4866e+05
2.484e+05
2.4817e+05
2.4796e+05
2.4777e+05
2.4759e+05
2.4743e+05
2.4729e+05
2.4716e+05
2.4704e+05
2.4694e+05
2.4685e+05
2.4677e+05
2.467e+05
2.4664e+05
2.4659e+05
2.4654e+05
2.465e+05
2.4646e+05
2.4643e+05
2.4639e+05
2.4636e+05
2.4632e+05
2.4629e+05
2.4625e+05
2.462e+05
2.4615e+05
2.461e+05
2.4603e+05
2.4596e+05
2.4587e+05
2.4578e+05
2.4567e+05
2.4555e+05
2.4542e+05
2.4527e+05
2.451e+05
2.4492e+05
2.4472e+05
2.445e+05
2.4426e+05
2.44e+05
2.4372e+05
2.4342e+05
2.431e+05
2.4275e+05
2.4238e+05
2.4199e+05
2.4157e+05
2.4113e+05
2.4066e+05
2.4017e+05
2.3965e+05
2.391e+05
2.3853e+05
2.3793e+05
2.373e+05
2.3664e+05
2.3595e+05
2.3524e+05
2.3449e+05
2.3372e+05
2.3292e+05
2.3209e+05
2.3123e+05
2.3033e+05
2.2941e+05
2.2846e+05
2.2748e+05
2.2646e+05
2.2542e+05
2.2434e+05
2.2324e+05
2.221e+05
2.2093e+05
2.1973e+05
2.1849e+05
2.1723e+05
2.1593e+05
2.146e+05
2.1324e+05
2.1185e+05
2.1042e+05
2.0896e+05
2.0747e+05
2.0595e+05
2.0439e+05
2.0281e+05
2.0118e+05
1.9953e+05
1.9784e+05
1.9613e+05
1.9437e+05
1.9259e+05
1.9077e+05
1.8892e+05
1.8704e+05
1.8513e+05
1.8319e+05
1.8121e+05
1.792e+05
1.7717e+05
1.751e+05
1.73e+05
1.7087e+05
1.6872e+05
1.6653e+05
1.6432e+05
1.6208e+05
1.5982e+05
1.5753e+05
1.5521e+05
1.5288e+05
1.5052e+05
1.4813e+05
1.4573e+05
1.4331e+05
1.4087e+05
1.3841e+05
1.3594e+05
1.3345e+05
1.3095e+05
1.2844e+05
1.2592e+05
1.234e+05
1.2086e+05
1.1833e+05
1.1579e+05
1.1325e+05
1.1071e+05
1.0817e+05
1.0564e+05
1.0312e+05
1.0061e+05
98106
95618
93147
90693
88260
85850
83464
81106
78777
76480
74216
71989
69800
67652
65546
63485
61471
59505
57591
55728
53920
52169
50475
48840
47266
45755
44307
42923
41606
40355
39171
38056
37009
36032
35124
34287
33518
32820
32191
31631
31139
30715
30358
30066
29840
29677
29576
29535
29553
29628
29757
29939
30171
30452
30777
31145
31553
31998
32477
32988
33525
34088
34671
35273
35889
36516
37150
37788
38426
39061
39689
40307
40910
41496
42062
42602
43115
43597
44044
44454
44824
45150
45430
45662
45842
45969
46041
46054
46009
45903
45734
45502
45205
44844
44416
43923
43364
42740
42051
41297
40480
39602
38663
37666
36613
35507
34349
33143
31893
30602
29274
27912
26522
25108
23675
22227
20772
19313
17858
16411
14981
13572
12192
10848
9546.4
8295.2
7101.5
5972.9
4917.1
3941.9
3055.1
2264.8
1578.9
1005.5
552.79
228.88
41.912
0
111.24
383.67
825.27
1443.9
2247.5
3243.5
4439.6
5843.2
7461.4
9301.4
11370
13673
16219
19011
22058
25363
28932
32771
36884
41274
45947
50905
56152
61691
67524
73652
80078
86802
93826
1.0115e+05
1.0877e+05
1.1669e+05
1.2491e+05
1.3342e+05
1.4223e+05
1.5133e+05
1.6072e+05
1.7039e+05
1.8034e+05
1.9057e+05
2.0106e+05
2.1183e+05
2.2285e+05
2.3413e+05
2.4565e+05
2.5742e+05
2.6941e+05
2.8163e+05
2.9406e+05
3.067e+05
3.1954e+05
3.3256e+05
3.4576e+05
3.5913e+05
3.7265e+05
3.8631e+05
4.0011e+05
4.1403e+05
4.2805e+05
4.4218e+05
4.5638e+05
4.7066e+05
4.8499e+05
4.9937e+05
5.1378e+05
5.282e+05
5.4263e+05
5.5705e+05
5.7144e+05
5.8579e+05
6.0009e+05
6.1432e+05
6.2847e+05
6.4252e+05
6.5646e+05
6.7028e+05
6.8395e+05
6.9747e+05
7.1083e+05
7.24e+05
7.3698e+05
7.4976e+05
7.623e+05
7.7462e+05
7.8669e+05
7.9849e+05
8.1003e+05
8.2128e+05
8.3223e+05
8.4287e+05
8.532e+05
8.6319e+05
8.7285e+05
8.8216e+05
8.911e+05
8.9968e+05
9.0788e+05
9.1569e+05
9.2311e+05
9.3013e+05
9.3674e+05
9.4293e+05
9.4871e+05
9.5406e+05
9.5898e+05
9.6346e+05
9.6751e+05
9.7111e+05
9.7427e+05
9.7698e+05
9.7924e+05
9.8105e+05
9.8241e+05
9.8331e+05
9.8377e+05
9.8378e+05
9.8333e+05
9.8245e+05
9.8111e+05
9.7934e+05
9.7713e+05
9.7448e+05
9.714e+05
9.679e+05
9.6398e+05
9.5964e+05
9.549e+05
9.4976e+05
9.4422e+05
9.383e+05
9.32e+05
9.2533e+05
9.1829e+05
9.1091e+05
9.0318e+05
8.9512e+05
8.8673e+05
8.7803e+05
8.6903e+05
8.5973e+05
8.5016e+05
8.4031e+05
8.302e+05
8.1985e+05
8.0926e+05
7.9845e+05
7.8742e+05
7.762e+05
7.6479e+05
7.532e+05
7.4145e+05
7.2955e+05
7.1751e+05
7.0535e+05
6.9307e+05
6.8069e+05
6.6822e+05
6.5567e+05
6.4306e+05
6.304e+05
6.1769e+05
6.0496e+05
5.9221e+05
5.7945e+05
5.6669e+05
5.5395e+05
5.4124e+05
5.2857e+05
5.1594e+05
5.0337e+05
4.9087e+05
4.7845e+05
4.6611e+05
4.5387e+05
4.4174e+05
4.2972e+05
4.1782e+05
4.0605e+05
3.9441e+05
3.8293e+05
3.7159e+05
3.6041e+05
3.494e+05
3.3856e+05
3.2789e+05
3.1741e+05
3.0711e+05
2.97e+05
2.8709e+05
2.7738e+05
2.6787e+05
2.5857e+05
2.4948e+05
2.406e+05
2.3193e+05
2.2349e+05
2.1525e+05
2.0724e+05
1.9945e+05
1.9188e+05
1.8453e+05
1.7741e+05
1.705e+05
1.6382e+05
1.5735e+05
1.5111e+05
1.4509e+05
1.3928e+05
1.3368e+05
1.283e+05
1.2313e+05
1.1817e+05
1.1342e+05
1.0886e+05
1.0451e+05
1.0036e+05
96395
92624
89040
85639
82416
79369
76492
73782
71234
68844
66608
64520
62577
60774
59106
57568
56156
54865
53690
52627
51671
50817
50060
49397
48822
48330
47919
47582
47316
47116
46979
46899
46874
46898
46969
47083
47235
47422
47641
47889
48162
48457
48770
49100
49443
49797
50159
50526
50897
51268
51638
52005
52367
52722
53069
53405
53730
54042
54340
54622
54888
55136
55366
55577
55769
55940
56090
56219
56326
56411
56474
56515
56533
56529
56503
56454
56383
56290
56175
56039
55881
55703
55505
55287
55049
54792
54517
54224
53914
53587
53244
52886
52512
52125
51723
51309
50883
50444
49995
49535
49066
48587
48100
47606
47104
46595
46080
45560
45035
44506
43973
43437
42898
42357
41814
41270
40725
40180
39636
39091
38548
38006
37466
36928
36392
35859
35329
34803
34280
33761
