6.0232e+05
6.0968e+05
6.1685e+05
6.2383e+05
6.306e+05
6.3718e+05
6.4354e+05
6.497e+05
6.5564e+05
6.6135e+05
6.6685e+05
6.7211e+05
6.7715e+05
6.8195e+05
6.8651e+05
6.9083e+05
6.9492e+05
6.9876e+05
7.0236e+05
7.0571e+05
7.0881e+05
7.1167e+05
7.1428e+05
7.1664e+05
7.1875e+05
7.2062e+05
7.2223e+05
7.2361e+05
7.2473e+05
7.2561e+05
7.2625e+05
7.2665e+05
7.2681e+05
7.2673e+05
7.2642e+05
7.2588e+05
7.2512e+05
7.2413e+05
7.2291e+05
7.2148e+05
7.1984e+05
7.1799e+05
7.1594e+05
7.1368e+05
7.1123e+05
7.0859e+05
7.0577e+05
7.0277e+05
6.9959e+05
6.9624e+05
6.9273e+05
6.8907e+05
6.8525e+05
6.8129e+05
6.772e+05
6.7297e+05
6.6861e+05
6.6414e+05
6.5955e+05
6.5486e+05
6.5007e+05
6.4519e+05
6.4022e+05
6.3518e+05
6.3007e+05
6.2489e+05
6.1966e+05
6.1437e+05
6.0905e+05
6.0369e+05
5.983e+05
5.9289e+05
5.8746e+05
5.8203e+05
5.766e+05
5.7117e+05
5.6575e+05
5.6036e+05
5.5499e+05
5.4965e+05
5.4435e+05
5.391e+05
5.339e+05
5.2875e+05
5.2367e+05
5.1866e+05
5.1372e+05
5.0886e+05
5.0408e+05
4.994e+05
4.9481e+05
4.9032e+05
4.8594e+05
4.8166e+05
4.775e+05
4.7345e+05
4.6953e+05
4.6573e+05
4.6206e+05
4.5852e+05
4.5511e+05
4.5185e+05
4.4872e+05
4.4574e+05
4.429e+05
4.4021e+05
4.3767e+05
4.3528e+05
4.3304e+05
4.3095e+05
4.2902e+05
4.2724e+05
4.2562e+05
4.2416e+05
4.2285e+05
4.217e+05
4.2071e+05
4.1987e+05
4.1918e+05
4.1865e+05
4.1827e+05
4.1805e+05
4.1797e+05
4.1805e+05
4.1827e+05
4.1863e+05
4.1914e+05
4.1979e+05
4.2058e+05
4.215e+05
4.2256e+05
4.2374e+05
4.2506e+05
4.2649e+05
4.2805e+05
4.2972e+05
4.3151e+05
4.3341e+05
4.3541e+05
4.3751e+05
4.3971e+05
4.4201e+05
4.4439e+05
4.4686e+05
4.4941e+05
4.5204e+05
4.5473e+05
4.5749e+05
4.6032e+05
4.632e+05
4.6613e+05
4.6912e+05
4.7214e+05
4.752e+05
4.783e+05
4.8142e+05
4.8457e+05
4.8773e+05
4.9091e+05
4.9409e+05
4.9728e+05
5.0047e+05
5.0364e+05
5.0681e+05
5.0996e+05
5.1309e+05
5.1619e+05
5.1926e+05
5.223e+05
5.2529e+05
5.2824e+05
5.3114e+05
5.3399e+05
5.3677e+05
5.3949e+05
5.4215e+05
5.4473e+05
5.4724e+05
5.4967e+05
5.5201e+05
5.5427e+05
5.5644e+05
5.5851e+05
5.6048e+05
5.6235e+05
5.6411e+05
5.6577e+05
5.6731e+05
5.6874e+05
5.7005e+05
5.7124e+05
5.7231e+05
5.7325e+05
5.7406e+05
5.7474e+05
5.7529e+05
5.7571e+05
5.7599e+05
5.7613e+05
5.7613e+05
5.7599e+05
5.7571e+05
5.7528e+05
5.7471e+05
5.7399e+05
5.7312e+05
5.7211e+05
5.7095e+05
5.6964e+05
5.6818e+05
5.6657e+05
5.6481e+05
5.6291e+05
5.6085e+05
5.5865e+05
5.563e+05
5.538e+05
5.5116e+05
5.4837e+05
5.4543e+05
5.4236e+05
5.3914e+05
5.3578e+05
5.3228e+05
5.2864e+05
5.2487e+05
5.2097e+05
5.1693e+05
5.1276e+05
5.0847e+05
5.0405e+05
4.9951e+05
4.9485e+05
4.9007e+05
4.8518e+05
4.8018e+05
4.7507e+05
4.6985e+05
4.6453e+05
4.5912e+05
4.536e+05
4.48e+05
4.423e+05
4.3652e+05
4.3066e+05
4.2473e+05
4.1871e+05
4.1263e+05
4.0648e+05
4.0027e+05
3.9401e+05
3.8769e+05
3.8131e+05
3.749e+05
3.6844e+05
3.6195e+05
3.5542e+05
3.4887e+05
3.4229e+05
3.3569e+05
3.2908e+05
3.2246e+05
3.1583e+05
3.092e+05
3.0257e+05
2.9596e+05
2.8935e+05
2.8276e+05
2.762e+05
2.6966e+05
2.6315e+05
2.5667e+05
2.5024e+05
2.4385e+05
2.3751e+05
2.3122e+05
2.2499e+05
2.1883e+05
2.1272e+05
2.0669e+05
2.0074e+05
1.9486e+05
1.8907e+05
1.8337e+05
1.7776e+05
1.7224e+05
1.6683e+05
1.6152e+05
1.5632e+05
1.5123e+05
1.4625e+05
1.414e+05
1.3667e+05
1.3206e+05
1.2759e+05
1.2325e+05
1.1905e+05
1.1498e+05
1.1106e+05
1.0729e+05
1.0367e+05
1.002e+05
96882
93726
90730
87898
85232
82733
80406
78251
76271
74468
72843
71399
70137
69058
68164
67457
66936
66605
66463
66511
66751
67183
67806
68623
69633
70836
72232
73822
75605
77581
79749
82110
84662
87404
90337
93459
96769
1.0027e+05
1.0395e+05
1.0781e+05
1.1186e+05
1.1609e+05
1.205e+05
1.2509e+05
1.2985e+05
1.3479e+05
1.399e+05
1.4518e+05
1.5063e+05
1.5624e+05
1.6201e+05
1.6794e+05
1.7404e+05
1.8028e+05
1.8668e+05
1.9322e+05
1.9992e+05
2.0675e+05
2.1373e+05
2.2084e+05
2.2808e+05
2.3546e+05
2.4296e+05
2.5058e+05
2.5833e+05
2.6619e+05
2.7416e+05
2.8224e+05
2.9042e+05
2.9871e+05
3.0709e+05
3.1557e+05
3.2413e+05
3.3278e+05
3.4151e+05
3.5032e+05
3.592e+05
3.6815e+05
3.7717e+05
3.8624e+05
3.9537e+05
4.0455e+05
4.1378e+05
4.2306e+05
4.3237e+05
4.4172e+05
4.5109e+05
4.605e+05
4.6992e+05
4.7936e+05
4.8882e+05
4.9829e+05
5.0776e+05
5.1723e+05
5.2669e+05
5.3615e+05
5.456e+05
5.5503e+05
5.6444e+05
5.7382e+05
5.8318e+05
5.925e+05
6.0178e+05
6.1103e+05
6.2023e+05
6.2938e+05
6.3848e+05
6.4752e+05
6.565e+05
6.6542e+05
6.7427e+05
6.8305e+05
6.9176e+05
7.0038e+05
7.0893e+05
7.1739e+05
7.2576e+05
7.3404e+05
7.4223e+05
7.5031e+05
7.583e+05
7.6618e+05
7.7395e+05
7.8162e+05
7.8917e+05
7.9661e+05
8.0393e+05
8.1113e+05
8.182e+05
8.2515e+05
8.3198e+05
8.3867e+05
8.4523e+05
8.5165e+05
8.5794e+05
8.641e+05
8.7011e+05
8.7598e+05
8.817e+05
8.8728e+05
8.9272e+05
8.98e+05
9.0314e+05
9.0812e+05
9.1295e+05
9.1763e+05
9.2216e+05
9.2652e+05
9.3073e+05
9.3479e+05
9.3868e+05
9.4242e+05
9.46e+05
9.4941e+05
9.5267e+05
9.5576e+05
9.5869e+05
9.6146e+05
9.6407e+05
9.6652e+05
9.688e+05
9.7092e+05
9.7288e+05
9.7467e+05
9.7631e+05
9.7778e+05
9.7908e+05
9.8023e+05
9.8122e+05
9.8204e+05
9.8271e+05
9.8321e+05
9.8356e+05
9.8375e+05
9.8378e+05
9.8365e+05
9.8337e+05
9.8293e+05
9.8234e+05
9.8159e+05
9.8069e+05
9.7964e+05
9.7844e+05
9.7709e+05
9.756e+05
9.7395e+05
9.7216e+05
9.7023e+05
9.6815e+05
9.6594e+05
9.6358e+05
9.6108e+05
9.5845e+05
9.5568e+05
9.5278e+05
9.4974e+05
9.4658e+05
9.4328e+05
9.3986e+05
9.3631e+05
9.3264e+05
9.2885e+05
9.2493e+05
9.209e+05
9.1675e+05
9.1249e+05
9.0811e+05
9.0362e+05
8.9902e+05
8.9432e+05
8.8951e+05
8.846e+05
8.7958e+05
8.7447e+05
8.6926e+05
8.6395e+05
8.5855e+05
8.5306e+05
8.4749e+05
8.4182e+05
8.3607e+05
8.3024e+05
8.2433e+05
8.1834e+05
8.1228e+05
8.0614e+05
7.9993e+05
7.9366e+05
7.8731e+05
7.809e+05
7.7443e+05
7.679e+05
7.6131e+05
7.5466e+05
7.4796e+05
7.4121e+05
7.3442e+05
7.2757e+05
7.2068e+05
7.1375e+05
7.0678e+05
6.9977e+05
6.9272e+05
6.8565e+05
6.7854e+05
6.714e+05
6.6424e+05
6.5705e+05
6.4984e+05
6.4261e+05
6.3536e+05
6.281e+05
6.2083e+05
6.1354e+05
6.0624e+05
5.9894e+05
5.9163e+05
5.8432e+05
5.7701e+05
5.6969e+05
5.6239e+05
5.5508e+05
5.4779e+05
5.405e+05
5.3323e+05
5.2597e+05
5.1872e+05
5.1149e+05
5.0428e+05
4.9708e+05
4.8991e+05
4.8277e+05
4.7565e+05
4.6856e+05
4.6149e+05
4.5446e+05
4.4746e+05
4.4049e+05
4.3355e+05
4.2666e+05
4.198e+05
4.1298e+05
4.062e+05
3.9947e+05
3.9278e+05
3.8613e+05
3.7953e+05
3.7298e+05
3.6647e+05
3.6002e+05
3.5361e+05
3.4726e+05
3.4096e+05
3.3472e+05
3.2852e+05
3.2239e+05
3.1631e+05
3.1029e+05
3.0433e+05
2.9842e+05
2.9258e+05
2.868e+05
2.8107e+05
2.7541e+05
2.6982e+05
2.6428e+05
2.5881e+05
2.534e+05
2.4806e+05
2.4278e+05
2.3757e+05
2.3242e+05
2.2733e+05
2.2232e+05
2.1737e+05
2.1248e+05
2.0767e+05
2.0292e+05
1.9823e+05
1.9362e+05
1.8907e+05
1.8459e+05
1.8017e+05
1.7582e+05
1.7154e+05
1.6733e+05
1.6318e+05
1.591e+05
1.5508e+05
1.5114e+05
1.4725e+05
1.4344e+05
1.3969e+05
1.36e+05
1.3238e+05
1.2882e+05
1.2533e+05
1.219e+05
1.1854e+05
1.1524e+05
1.12e+05
1.0882e+05
1.0571e+05
1.0266e+05
99662
96730
93858
91044
88290
85593
82955
80373
77848
75378
72964
70604
68299
66047
63847
61700
59604
57559
55565
53619
51723
49874
48073
46319
44611
42949
41331
39757
38227
36739
35293
33888
32524
31200
29916
28669
27461
26289
25154
24055
22991
21961
20966
20003
19072
18173
17305
16468
15660
14881
14131
13408
12713
12043
11400
10782
10188
9618.3
9071.7
8547.8
8046
7565.6
7106
6666.6
6246.8
5846.2
5463.9
5099.6
4752.5
4422.2
4108.1
3809.6
3526.2
3257.3
3002.4
2761
2532.5
2316.5
2112.3
1919.6
1737.7
1566.3
1404.8
1252.8
1109.7
975.14
848.62
729.7
617.94
512.88
414.12
321.21
233.75
151.33
73.542
0
