9.8378e+05
9.7915e+05
9.7446e+05
9.6971e+05
9.6489e+05
9.6001e+05
9.5507e+05
9.5008e+05
9.4502e+05
9.3991e+05
9.3475e+05
9.2953e+05
9.2426e+05
9.1894e+05
9.1357e+05
9.0816e+05
9.027e+05
8.9719e+05
8.9164e+05
8.8605e+05
8.8041e+05
8.7474e+05
8.6903e+05
8.6328e+05
8.575e+05
8.5168e+05
8.4583e+05
8.3994e+05
8.3403e+05
8.2809e+05
8.2212e+05
8.1612e+05
8.101e+05
8.0406e+05
7.9799e+05
7.919e+05
7.858e+05
7.7967e+05
7.7352e+05
7.6736e+05
7.6119e+05
7.55e+05
7.4879e+05
7.4258e+05
7.3635e+05
7.3012e+05
7.2388e+05
7.1763e+05
7.1138e+05
7.0512e+05
6.9886e+05
6.926e+05
6.8633e+05
6.8007e+05
6.738e+05
6.6754e+05
6.6129e+05
6.5503e+05
6.4879e+05
6.4254e+05
6.3631e+05
6.3009e+05
6.2387e+05
6.1767e+05
6.1147e+05
6.0529e+05
5.9913e+05
5.9298e+05
5.8684e+05
5.8072e+05
5.7462e+05
5.6853e+05
5.6247e+05
5.5642e+05
5.504e+05
5.444e+05
5.3842e+05
5.3246e+05
5.2653e+05
5.2063e+05
5.1475e+05
5.089e+05
5.0307e+05
4.9728e+05
4.9151e+05
4.8577e+05
4.8007e+05
4.7439e+05
4.6875e+05
4.6314e+05
4.5757e+05
4.5203e+05
4.4652e+05
4.4105e+05
4.3562e+05
4.3022e+05
4.2486e+05
4.1954e+05
4.1426e+05
4.0902e+05
4.0381e+05
3.9865e+05
3.9353e+05
3.8846e+05
3.8342e+05
3.7843e+05
3.7348e+05
3.6857e+05
3.6371e+05
3.5889e+05
3.5412e+05
3.494e+05
3.4472e+05
3.4009e+05
3.355e+05
3.3096e+05
3.2647e+05
3.2203e+05
3.1764e+05
3.133e+05
3.09e+05
3.0476e+05
3.0056e+05
2.9642e+05
2.9233e+05
2.8828e+05
2.8429e+05
2.8036e+05
2.7647e+05
2.7263e+05
2.6885e+05
2.6512e+05
2.6145e+05
2.5782e+05
2.5425e+05
2.5074e+05
2.4727e+05
2.4386e+05
2.4051e+05
2.3721e+05
2.3396e+05
2.3077e+05
2.2763e+05
2.2455e+05
2.2153e+05
2.1855e+05
2.1564e+05
2.1277e+05
2.0997e+05
2.0722e+05
2.0452e+05
2.0188e+05
1.993e+05
1.9677e+05
1.9429e+05
1.9187e+05
1.8951e+05
1.872e+05
1.8495e+05
1.8275e+05
1.8061e+05
1.7853e+05
1.765e+05
1.7452e+05
1.726e+05
1.7074e+05
1.6893e+05
1.6717e+05
1.6547e+05
1.6383e+05
1.6224e+05
1.607e+05
1.5922e+05
1.5779e+05
1.5642e+05
1.551e+05
1.5384e+05
1.5263e+05
1.5147e+05
1.5036e+05
1.4931e+05
1.4831e+05
1.4737e+05
1.4647e+05
1.4563e+05
1.4484e+05
1.441e+05
1.4342e+05
1.4278e+05
1.422e+05
1.4167e+05
1.4119e+05
1.4075e+05
1.4037e+05
1.4004e+05
1.3976e+05
1.3953e+05
1.3934e+05
1.3921e+05
1.3912e+05
1.3908e+05
1.3909e+05
1.3915e+05
1.3925e+05
1.394e+05
1.396e+05
1.3984e+05
1.4013e+05
1.4046e+05
1.4084e+05
1.4126e+05
1.4173e+05
1.4224e+05
1.428e+05
1.434e+05
1.4404e+05
1.4472e+05
1.4545e+05
1.4622e+05
1.4702e+05
1.4787e+05
1.4877e+05
1.497e+05
1.5067e+05
1.5167e+05
1.5272e+05
1.5381e+05
1.5493e+05
1.561e+05
1.573e+05
1.5853e+05
1.598e+05
1.6111e+05
1.6246e+05
1.6384e+05
1.6525e+05
1.667e+05
1.6818e+05
1.6969e+05
1.7124e+05
1.7282e+05
1.7443e+05
1.7607e+05
1.7775e+05
1.7945e+05
1.8118e+05
1.8295e+05
1.8474e+05
1.8656e+05
1.8841e+05
1.9029e+05
1.9219e+05
1.9412e+05
1.9608e+05
1.9806e+05
2.0007e+05
2.0211e+05
2.0416e+05
2.0625e+05
2.0835e+05
2.1048e+05
2.1263e+05
2.148e+05
2.1699e+05
2.1921e+05
2.2144e+05
2.237e+05
2.2597e+05
2.2827e+05
2.3058e+05
2.3291e+05
2.3526e+05
2.3762e+05
2.4e+05
2.424e+05
2.4481e+05
2.4724e+05
2.4969e+05
2.5214e+05
2.5461e+05
2.571e+05
2.596e+05
2.6211e+05
2.6463e+05
2.6716e+05
2.697e+05
2.7226e+05
2.7482e+05
2.7739e+05
2.7998e+05
2.8257e+05
2.8517e+05
2.8777e+05
2.9039e+05
2.9301e+05
2.9563e+05
2.9826e+05
3.009e+05
3.0354e+05
3.0619e+05
3.0884e+05
3.1149e+05
3.1415e+05
3.1681e+05
3.1947e+05
3.2213e+05
3.248e+05
3.2746e+05
3.3013e+05
3.3279e+05
3.3546e+05
3.3812e+05
3.4078e+05
3.4344e+05
3.461e+05
3.4876e+05
3.5141e+05
3.5406e+05
3.567e+05
3.5934e+05
3.6198e+05
3.6461e+05
3.6723e+05
3.6985e+05
3.7246e+05
3.7507e+05
3.7767e+05
3.8026e+05
3.8284e+05
3.8541e+05
3.8798e+05
3.9053e+05
3.9308e+05
3.9562e+05
3.9815e+05
4.0066e+05
4.0317e+05
4.0566e+05
4.0814e+05
4.1061e+05
4.1307e+05
4.1552e+05
4.1795e+05
4.2037e+05
4.2277e+05
4.2517e+05
4.2754e+05
4.299e+05
4.3225e+05
4.3458e+05
4.369e+05
4.392e+05
4.4148e+05
4.4375e+05
4.46e+05
4.4823e+05
4.5045e+05
4.5265e+05
4.5483e+05
4.5699e+05
4.5913e+05
4.6125e+05
4.6336e+05
4.6545e+05
4.6751e+05
4.6956e+05
4.7158e+05
4.7359e+05
4.7557e+05
4.7754e+05
4.7948e+05
4.814e+05
4.833e+05
4.8518e+05
4.8703e+05
4.8887e+05
4.9068e+05
4.9247e+05
4.9423e+05
4.9598e+05
4.9769e+05
4.9939e+05
5.0106e+05
5.0271e+05
5.0433e+05
5.0593e+05
5.0751e+05
5.0906e+05
5.1059e+05
5.1209e+05
5.1356e+05
5.1501e+05
5.1644e+05
5.1784e+05
5.1921e+05
5.2056e+05
5.2188e+05
5.2318e+05
5.2445e+05
5.257e+05
5.2691e+05
5.281e+05
5.2927e+05
5.3041e+05
5.3152e+05
5.326e+05
5.3366e+05
5.3469e+05
5.3569e+05
5.3667e+05
5.3761e+05
5.3853e+05
5.3943e+05
5.4029e+05
5.4113e+05
5.4194e+05
5.4272e+05
5.4348e+05
5.442e+05
5.449e+05
5.4557e+05
5.4621e+05
5.4683e+05
5.4742e+05
5.4797e+05
5.485e+05
5.4901e+05
5.4948e+05
5.4993e+05
5.5034e+05
5.5073e+05
5.5109e+05
5.5143e+05
5.5173e+05
5.5201e+05
5.5226e+05
5.5248e+05
5.5267e+05
5.5283e+05
5.5297e+05
5.5308e+05
5.5316e+05
5.5321e+05
5.5323e+05
5.5323e+05
5.532e+05
5.5314e+05
5.5305e+05
5.5294e+05
5.5279e+05
5.5262e+05
5.5243e+05
5.522e+05
5.5195e+05
5.5167e+05
5.5136e+05
5.5103e+05
5.5067e+05
5.5028e+05
5.4986e+05
5.4942e+05
5.4895e+05
5.4846e+05
5.4793e+05
5.4739e+05
5.4681e+05
5.4621e+05
5.4558e+05
5.4493e+05
5.4425e+05
5.4355e+05
5.4282e+05
5.4206e+05
5.4128e+05
5.4047e+05
5.3964e+05
5.3878e+05
5.379e+05
5.3699e+05
5.3606e+05
5.351e+05
5.3412e+05
5.3312e+05
5.3209e+05
5.3104e+05
5.2996e+05
5.2886e+05
5.2774e+05
5.2659e+05
5.2542e+05
5.2423e+05
5.2301e+05
5.2177e+05
5.2051e+05
5.1923e+05
5.1792e+05
5.1659e+05
5.1524e+05
5.1387e+05
5.1248e+05
5.1106e+05
5.0963e+05
5.0817e+05
5.0669e+05
5.0519e+05
5.0367e+05
5.0214e+05
5.0058e+05
4.99e+05
4.974e+05
4.9578e+05
4.9414e+05
4.9248e+05
4.9081e+05
4.8911e+05
4.874e+05
4.8567e+05
4.8392e+05
4.8215e+05
4.8036e+05
4.7856e+05
4.7674e+05
4.749e+05
4.7305e+05
4.7117e+05
4.6928e+05
4.6738e+05
4.6546e+05
4.6352e+05
4.6157e+05
4.596e+05
4.5761e+05
4.5562e+05
4.536e+05
4.5157e+05
4.4953e+05
4.4747e+05
4.454e+05
4.4331e+05
4.4121e+05
4.391e+05
4.3697e+05
4.3483e+05
4.3268e+05
4.3051e+05
4.2834e+05
4.2615e+05
4.2394e+05
4.2173e+05
4.1951e+05
4.1727e+05
4.1502e+05
4.1276e+05
4.1049e+05
4.0821e+05
4.0592e+05
4.0362e+05
4.0131e+05
3.9899e+05
3.9666e+05
3.9432e+05
3.9197e+05
3.8962e+05
3.8725e+05
3.8488e+05
3.8249e+05
3.801e+05
3.7771e+05
3.753e+05
3.7289e+05
3.7047e+05
3.6804e+05
3.6561e+05
3.6317e+05
3.6072e+05
3.5827e+05
3.5581e+05
3.5335e+05
3.5088e+05
3.484e+05
3.4592e+05
3.4344e+05
3.4095e+05
3.3846e+05
3.3596e+05
3.3346e+05
3.3095e+05
3.2844e+05
3.2593e+05
3.2341e+05
3.2089e+05
3.1837e+05
3.1585e+05
3.1332e+05
3.1079e+05
3.0826e+05
3.0573e+05
3.0319e+05
3.0066e+05
2.9812e+05
2.9558e+05
2.9304e+05
2.905e+05
2.8796e+05
2.8542e+05
2.8288e+05
2.8034e+05
2.778e+05
2.7526e+05
2.7272e+05
2.7018e+05
2.6764e+05
2.6511e+05
2.6257e+05
2.6004e+05
2.5751e+05
2.5498e+05
2.5245e+05
2.4992e+05
2.474e+05
2.4488e+05
2.4236e+05
2.3985e+05
2.3734e+05
2.3483e+05
2.3232e+05
2.2982e+05
2.2733e+05
2.2483e+05
2.2234e+05
2.1986e+05
2.1738e+05
2.149e+05
2.1243e+05
2.0997e+05
2.075e+05
2.0505e+05
2.026e+05
2.0015e+05
1.9771e+05
1.9528e+05
1.9285e+05
1.9043e+05
1.8802e+05
1.8561e+05
1.8321e+05
1.8081e+05
1.7842e+05
1.7604e+05
1.7367e+05
1.713e+05
1.6894e+05
1.6659e+05
1.6425e+05
1.6191e+05
1.5958e+05
1.5726e+05
1.5495e+05
1.5265e+05
1.5035e+05
1.4806e+05
1.4579e+05
1.4352e+05
1.4126e+05
1.3901e+05
1.3676e+05
1.3453e+05
1.3231e+05
1.3009e+05
1.2789e+05
1.257e+05
1.2351e+05
1.2134e+05
1.1917e+05
1.1702e+05
1.1487e+05
1.1274e+05
1.1062e+05
1.0851e+05
1.064e+05
1.0431e+05
1.0223e+05
1.0016e+05
98104
96057
94021
91997
89984
87982
85992
84013
82046
80091
78148
76217
74298
72391
70496
68614
66744
64886
63040
61207
59387
57579
55784
54002
52233
50476
48732
47002
45284
43579
41888
40209
38544
36892
35254
33628
32017
30418
28833
27262
25704
24159
22628
21111
19607
18117
16641
15178
13729
12294
10873
9465.4
8071.7
6691.8
5325.7
3973.5
2635.1
1310.6
0
