6.0242e+05
6.0877e+05
6.1491e+05
6.2083e+05
6.2654e+05
6.3202e+05
6.3728e+05
6.4231e+05
6.4711e+05
6.5167e+05
6.56e+05
6.601e+05
6.6396e+05
6.6758e+05
6.7096e+05
6.741e+05
6.77e+05
6.7966e+05
6.8208e+05
6.8426e+05
6.8621e+05
6.8791e+05
6.8939e+05
6.9062e+05
6.9163e+05
6.9241e+05
6.9295e+05
6.9328e+05
6.9338e+05
6.9326e+05
6.9292e+05
6.9237e+05
6.9161e+05
6.9065e+05
6.8948e+05
6.8811e+05
6.8656e+05
6.8481e+05
6.8288e+05
6.8077e+05
6.7848e+05
6.7603e+05
6.7341e+05
6.7063e+05
6.677e+05
6.6462e+05
6.614e+05
6.5804e+05
6.5455e+05
6.5094e+05
6.4721e+05
6.4336e+05
6.3941e+05
6.3536e+05
6.3121e+05
6.2698e+05
6.2267e+05
6.1828e+05
6.1382e+05
6.093e+05
6.0472e+05
6.001e+05
5.9543e+05
5.9072e+05
5.8599e+05
5.8123e+05
5.7645e+05
5.7166e+05
5.6686e+05
5.6207e+05
5.5728e+05
5.525e+05
5.4774e+05
5.43e+05
5.383e+05
5.3362e+05
5.2899e+05
5.2441e+05
5.1987e+05
5.1539e+05
5.1097e+05
5.0662e+05
5.0234e+05
4.9813e+05
4.94e+05
4.8995e+05
4.8599e+05
4.8213e+05
4.7836e+05
4.7468e+05
4.7111e+05
4.6765e+05
4.6429e+05
4.6105e+05
4.5792e+05
4.5491e+05
4.5201e+05
4.4924e+05
4.4659e+05
4.4407e+05
4.4168e+05
4.3941e+05
4.3728e+05
4.3527e+05
4.334e+05
4.3166e+05
4.3006e+05
4.2858e+05
4.2725e+05
4.2604e+05
4.2498e+05
4.2404e+05
4.2324e+05
4.2257e+05
4.2204e+05
4.2164e+05
4.2136e+05
4.2122e+05
4.212e+05
4.2131e+05
4.2154e+05
4.219e+05
4.2237e+05
4.2297e+05
4.2368e+05
4.245e+05
4.2544e+05
4.2648e+05
4.2763e+05
4.2888e+05
4.3023e+05
4.3168e+05
4.3322e+05
4.3485e+05
4.3657e+05
4.3837e+05
4.4025e+05
4.4221e+05
4.4424e+05
4.4634e+05
4.485e+05
4.5073e+05
4.5301e+05
4.5535e+05
4.5773e+05
4.6016e+05
4.6263e+05
4.6514e+05
4.6768e+05
4.7024e+05
4.7284e+05
4.7545e+05
4.7808e+05
4.8072e+05
4.8337e+05
4.8602e+05
4.8867e+05
4.9132e+05
4.9396e+05
4.9658e+05
4.9919e+05
5.0178e+05
5.0434e+05
5.0687e+05
5.0937e+05
5.1183e+05
5.1426e+05
5.1663e+05
5.1897e+05
5.2124e+05
5.2347e+05
5.2563e+05
5.2773e+05
5.2977e+05
5.3174e+05
5.3364e+05
5.3546e+05
5.372e+05
5.3886e+05
5.4044e+05
5.4193e+05
5.4333e+05
5.4464e+05
5.4585e+05
5.4697e+05
5.4799e+05
5.489e+05
5.4972e+05
5.5042e+05
5.5102e+05
5.5151e+05
5.5189e+05
5.5216e+05
5.5231e+05
5.5234e+05
5.5226e+05
5.5206e+05
5.5174e+05
5.513e+05
5.5074e+05
5.5005e+05
5.4925e+05
5.4832e+05
5.4727e+05
5.4609e+05
5.4479e+05
5.4336e+05
5.4181e+05
5.4014e+05
5.3834e+05
5.3641e+05
5.3437e+05
5.322e+05
5.2991e+05
5.2749e+05
5.2496e+05
5.223e+05
5.1953e+05
5.1664e+05
5.1363e+05
5.105e+05
5.0727e+05
5.0392e+05
5.0045e+05
4.9688e+05
4.932e+05
4.8942e+05
4.8553e+05
4.8154e+05
4.7745e+05
4.7326e+05
4.6897e+05
4.646e+05
4.6013e+05
4.5557e+05
4.5093e+05
4.462e+05
4.414e+05
4.3651e+05
4.3156e+05
4.2653e+05
4.2142e+05
4.1626e+05
4.1103e+05
4.0574e+05
4.0039e+05
3.9499e+05
3.8954e+05
3.8404e+05
3.785e+05
3.7292e+05
3.673e+05
3.6164e+05
3.5596e+05
3.5025e+05
3.4452e+05
3.3876e+05
3.3299e+05
3.2721e+05
3.2142e+05
3.1563e+05
3.0983e+05
3.0404e+05
2.9825e+05
2.9247e+05
2.8671e+05
2.8096e+05
2.7523e+05
2.6953e+05
2.6386e+05
2.5821e+05
2.5261e+05
2.4704e+05
2.4152e+05
2.3604e+05
2.3061e+05
2.2524e+05
2.1992e+05
2.1467e+05
2.0948e+05
2.0436e+05
1.9931e+05
1.9434e+05
1.8944e+05
1.8463e+05
1.799e+05
1.7526e+05
1.7071e+05
1.6626e+05
1.6191e+05
1.5766e+05
1.5351e+05
1.4947e+05
1.4554e+05
1.4172e+05
1.3802e+05
1.3444e+05
1.3098e+05
1.2764e+05
1.2444e+05
1.2136e+05
1.1841e+05
1.156e+05
1.1292e+05
1.1038e+05
1.0799e+05
1.0574e+05
1.0363e+05
1.0167e+05
99857
98196
96688
95335
94136
93095
92213
91490
90928
90528
90292
90219
90312
90570
90994
91586
92345
93271
94366
95630
97061
98662
1.0043e+05
1.0237e+05
1.0447e+05
1.0675e+05
1.0919e+05
1.118e+05
1.1457e+05
1.1751e+05
1.2061e+05
1.2388e+05
1.2732e+05
1.3091e+05
1.3466e+05
1.3858e+05
1.4265e+05
1.4688e+05
1.5127e+05
1.5581e+05
1.6051e+05
1.6535e+05
1.7034e+05
1.7548e+05
1.8077e+05
1.862e+05
1.9177e+05
1.9748e+05
2.0333e+05
2.0931e+05
2.1543e+05
2.2167e+05
2.2804e+05
2.3454e+05
2.4116e+05
2.479e+05
2.5475e+05
2.6172e+05
2.688e+05
2.7599e+05
2.8328e+05
2.9068e+05
2.9818e+05
3.0577e+05
3.1345e+05
3.2122e+05
3.2909e+05
3.3703e+05
3.4505e+05
3.5315e+05
3.6132e+05
3.6957e+05
3.7788e+05
3.8625e+05
3.9468e+05
4.0316e+05
4.117e+05
4.2029e+05
4.2892e+05
4.3759e+05
4.463e+05
4.5504e+05
4.6382e+05
4.7262e+05
4.8144e+05
4.9028e+05
4.9914e+05
5.0801e+05
5.1689e+05
5.2577e+05
5.3465e+05
5.4353e+05
5.524e+05
5.6127e+05
5.7011e+05
5.7895e+05
5.8776e+05
5.9654e+05
6.053e+05
6.1402e+05
6.2271e+05
6.3137e+05
6.3998e+05
6.4854e+05
6.5705e+05
6.6552e+05
6.7392e+05
6.8227e+05
6.9055e+05
6.9877e+05
7.0692e+05
7.15e+05
7.2301e+05
7.3094e+05
7.3878e+05
7.4654e+05
7.5422e+05
7.6181e+05
7.693e+05
7.767e+05
7.84e+05
7.912e+05
7.983e+05
8.0529e+05
8.1218e+05
8.1895e+05
8.2561e+05
8.3216e+05
8.3859e+05
8.4491e+05
8.511e+05
8.5716e+05
8.6311e+05
8.6892e+05
8.7461e+05
8.8016e+05
8.8559e+05
8.9088e+05
8.9603e+05
9.0105e+05
9.0593e+05
9.1067e+05
9.1526e+05
9.1972e+05
9.2403e+05
9.282e+05
9.3222e+05
9.361e+05
9.3982e+05
9.434e+05
9.4683e+05
9.5011e+05
9.5324e+05
9.5622e+05
9.5905e+05
9.6172e+05
9.6425e+05
9.6662e+05
9.6883e+05
9.709e+05
9.7281e+05
9.7456e+05
9.7617e+05
9.7761e+05
9.7891e+05
9.8005e+05
9.8104e+05
9.8188e+05
9.8256e+05
9.8309e+05
9.8347e+05
9.837e+05
9.8378e+05
9.837e+05
9.8348e+05
9.8311e+05
9.8259e+05
9.8192e+05
9.8111e+05
9.8015e+05
9.7905e+05
9.778e+05
9.7641e+05
9.7488e+05
9.732e+05
9.7139e+05
9.6944e+05
9.6735e+05
9.6513e+05
9.6277e+05
9.6028e+05
9.5765e+05
9.549e+05
9.5202e+05
9.4901e+05
9.4587e+05
9.4261e+05
9.3922e+05
9.3572e+05
9.3209e+05
9.2835e+05
9.2449e+05
9.2052e+05
9.1643e+05
9.1224e+05
9.0793e+05
9.0352e+05
8.99e+05
8.9437e+05
8.8965e+05
8.8482e+05
8.799e+05
8.7488e+05
8.6977e+05
8.6457e+05
8.5927e+05
8.5389e+05
8.4842e+05
8.4287e+05
8.3724e+05
8.3153e+05
8.2574e+05
8.1987e+05
8.1393e+05
8.0792e+05
8.0185e+05
7.957e+05
7.8949e+05
7.8322e+05
7.7688e+05
7.7049e+05
7.6404e+05
7.5754e+05
7.5099e+05
7.4439e+05
7.3774e+05
7.3104e+05
7.243e+05
7.1752e+05
7.107e+05
7.0385e+05
6.9696e+05
6.9004e+05
6.8309e+05
6.7611e+05
6.691e+05
6.6207e+05
6.5502e+05
6.4795e+05
6.4087e+05
6.3376e+05
6.2665e+05
6.1952e+05
6.1238e+05
6.0524e+05
5.9809e+05
5.9094e+05
5.8378e+05
5.7663e+05
5.6948e+05
5.6233e+05
5.5519e+05
5.4806e+05
5.4093e+05
5.3382e+05
5.2672e+05
5.1964e+05
5.1258e+05
5.0553e+05
4.985e+05
4.915e+05
4.8452e+05
4.7756e+05
4.7063e+05
4.6373e+05
4.5686e+05
4.5002e+05
4.4322e+05
4.3644e+05
4.2971e+05
4.2301e+05
4.1634e+05
4.0972e+05
4.0314e+05
3.966e+05
3.901e+05
3.8365e+05
3.7724e+05
3.7088e+05
3.6457e+05
3.583e+05
3.5209e+05
3.4593e+05
3.3981e+05
3.3375e+05
3.2774e+05
3.2179e+05
3.1589e+05
3.1005e+05
3.0426e+05
2.9853e+05
2.9286e+05
2.8725e+05
2.8169e+05
2.7619e+05
2.7076e+05
2.6538e+05
2.6007e+05
2.5481e+05
2.4962e+05
2.4449e+05
2.3942e+05
2.3441e+05
2.2947e+05
2.2459e+05
2.1977e+05
2.1502e+05
2.1033e+05
2.057e+05
2.0114e+05
1.9664e+05
1.9221e+05
1.8784e+05
1.8353e+05
1.7929e+05
1.7511e+05
1.7099e+05
1.6694e+05
1.6295e+05
1.5902e+05
1.5516e+05
1.5136e+05
1.4762e+05
1.4394e+05
1.4033e+05
1.3677e+05
1.3328e+05
1.2985e+05
1.2648e+05
1.2317e+05
1.1993e+05
1.1674e+05
1.1361e+05
1.1053e+05
1.0752e+05
1.0456e+05
1.0166e+05
98823
96037
93307
90633
88012
85447
82934
80475
78068
75713
73410
71156
68953
66800
64695
62638
60629
58667
56751
54880
53055
51274
49536
47842
46190
44579
43009
41480
39990
38540
37127
35753
34415
33113
31847
30617
29420
28257
27127
26029
24963
23928
22923
21948
21003
20085
19195
18333
17497
16687
15902
15142
14406
13693
13003
12336
11690
11065
10461
9877.2
9312.5
8766.6
8239
7729.2
7236.6
6760.8
6301.1
5857
5428.1
5013.9
4613.8
4227.4
3854.2
3493.8
3145.6
2809.2
2484.1
2170
1866.4
1572.8
1288.9
1014.2
748.39
490.99
241.66
0
