1.6096e+05
1.6373e+05
1.6654e+05
1.6937e+05
1.7224e+05
1.7513e+05
1.7804e+05
1.8097e+05
1.8392e+05
1.8688e+05
1.8986e+05
1.9285e+05
1.9585e+05
1.9886e+05
2.0187e+05
2.0488e+05
2.0789e+05
2.1089e+05
2.139e+05
2.1689e+05
2.1988e+05
2.2285e+05
2.2581e+05
2.2875e+05
2.3167e+05
2.3457e+05
2.3745e+05
2.403e+05
2.4313e+05
2.4592e+05
2.4869e+05
2.5142e+05
2.5412e+05
2.5678e+05
2.594e+05
2.6199e+05
2.6453e+05
2.6702e+05
2.6948e+05
2.7188e+05
2.7424e+05
2.7655e+05
2.7881e+05
2.8102e+05
2.8318e+05
2.8528e+05
2.8733e+05
2.8933e+05
2.9127e+05
2.9315e+05
2.9497e+05
2.9674e+05
2.9845e+05
3.001e+05
3.0169e+05
3.0323e+05
3.047e+05
3.0612e+05
3.0747e+05
3.0877e+05
3.1e+05
3.1118e+05
3.123e+05
3.1336e+05
3.1437e+05
3.1531e+05
3.162e+05
3.1703e+05
3.1781e+05
3.1854e+05
3.192e+05
3.1982e+05
3.2038e+05
3.209e+05
3.2136e+05
3.2177e+05
3.2214e+05
3.2246e+05
3.2273e+05
3.2296e+05
3.2315e+05
3.233e+05
3.234e+05
3.2347e+05
3.2349e+05
3.2349e+05
3.2344e+05
3.2337e+05
3.2326e+05
3.2312e+05
3.2295e+05
3.2276e+05
3.2254e+05
3.2229e+05
3.2202e+05
3.2173e+05
3.2142e+05
3.2109e+05
3.2074e+05
3.2038e+05
3.2e+05
3.1961e+05
3.1921e+05
3.1879e+05
3.1837e+05
3.1794e+05
3.1749e+05
3.1705e+05
3.166e+05
3.1614e+05
3.1568e+05
3.1522e+05
3.1475e+05
3.1429e+05
3.1382e+05
3.1336e+05
3.1289e+05
3.1243e+05
3.1197e+05
3.1152e+05
3.1106e+05
3.1061e+05
3.1017e+05
3.0972e+05
3.0929e+05
3.0885e+05
3.0842e+05
3.0799e+05
3.0757e+05
3.0715e+05
3.0674e+05
3.0632e+05
3.0591e+05
3.0551e+05
3.051e+05
3.047e+05
3.0429e+05
3.0389e+05
3.0348e+05
3.0308e+05
3.0267e+05
3.0226e+05
3.0184e+05
3.0142e+05
3.01e+05
3.0057e+05
3.0013e+05
2.9968e+05
2.9922e+05
2.9875e+05
2.9827e+05
2.9777e+05
2.9726e+05
2.9673e+05
2.9619e+05
2.9563e+05
2.9505e+05
2.9445e+05
2.9383e+05
2.9318e+05
2.9252e+05
2.9182e+05
2.911e+05
2.9035e+05
2.8958e+05
2.8877e+05
2.8793e+05
2.8707e+05
2.8616e+05
2.8523e+05
2.8426e+05
2.8326e+05
2.8221e+05
2.8114e+05
2.8002e+05
2.7887e+05
2.7767e+05
2.7644e+05
2.7517e+05
2.7385e+05
2.725e+05
2.711e+05
2.6967e+05
2.6819e+05
2.6667e+05
2.651e+05
2.635e+05
2.6185e+05
2.6017e+05
2.5844e+05
2.5667e+05
2.5486e+05
2.5301e+05
2.5112e+05
2.4919e+05
2.4723e+05
2.4522e+05
2.4318e+05
2.4111e+05
2.39e+05
2.3685e+05
2.3468e+05
2.3247e+05
2.3023e+05
2.2796e+05
2.2567e+05
2.2335e+05
2.2101e+05
2.1864e+05
2.1625e+05
2.1384e+05
2.1142e+05
2.0897e+05
2.0652e+05
2.0405e+05
2.0157e+05
1.9908e+05
1.9658e+05
1.9408e+05
1.9157e+05
1.8906e+05
1.8656e+05
1.8405e+05
1.8155e+05
1.7906e+05
1.7658e+05
1.741e+05
1.7164e+05
1.6919e+05
1.6676e+05
1.6435e+05
1.6195e+05
1.5958e+05
1.5723e+05
1.5491e+05
1.5262e+05
1.5035e+05
1.4811e+05
1.4591e+05
1.4374e+05
1.416e+05
1.395e+05
1.3744e+05
1.3542e+05
1.3343e+05
1.3149e+05
1.2959e+05
1.2774e+05
1.2592e+05
1.2416e+05
1.2244e+05
1.2076e+05
1.1914e+05
1.1756e+05
1.1602e+05
1.1454e+05
1.131e+05
1.1172e+05
1.1038e+05
1.0909e+05
1.0784e+05
1.0665e+05
1.055e+05
1.044e+05
1.0335e+05
1.0234e+05
1.0137e+05
1.0045e+05
99578
98744
97951
97197
96483
95805
95164
94557
93982
93439
92925
92439
91979
91542
91128
90733
90357
89997
89650
89316
88991
88673
88361
88052
87744
87434
87122
86803
86477
86142
85794
85432
85054
84658
84242
83804
83342
82855
82341
81798
81224
80618
79979
79306
78596
77850
77066
76243
75380
74477
73534
72549
71522
70454
69344
68192
66999
65765
64491
63176
61822
60430
59001
57536
56037
54505
52941
51348
49727
48081
46412
44722
43014
41290
39553
37807
36054
34297
32541
30788
29041
27305
25584
23881
22201
20547
18923
17335
15786
14281
12825
11421
10075
8792.2
7576.1
6432.1
5365
4379.6
3480.9
2673.8
1963.2
1353.9
851
459.28
183.66
28.96
0
101.54
338.29
714.91
1236
1906
2729.4
3710.5
4853.7
6162.9
7642.3
9295.7
11127
13140
15338
17724
20302
23074
26044
29215
32588
36167
39953
43948
48155
52575
57209
62058
67124
72407
77908
83627
89564
95719
1.0209e+05
1.0868e+05
1.1549e+05
1.2251e+05
1.2974e+05
1.3719e+05
1.4485e+05
1.5272e+05
1.6079e+05
1.6907e+05
1.7754e+05
1.8622e+05
1.9509e+05
2.0415e+05
2.134e+05
2.2284e+05
2.3245e+05
2.4224e+05
2.522e+05
2.6232e+05
2.7261e+05
2.8305e+05
2.9364e+05
3.0438e+05
3.1526e+05
3.2626e+05
3.374e+05
3.4866e+05
3.6003e+05
3.715e+05
3.8308e+05
3.9475e+05
4.0651e+05
4.1834e+05
4.3025e+05
4.4222e+05
4.5425e+05
4.6632e+05
4.7843e+05
4.9058e+05
5.0275e+05
5.1494e+05
5.2713e+05
5.3933e+05
5.5151e+05
5.6368e+05
5.7582e+05
5.8793e+05
6e+05
6.1201e+05
6.2397e+05
6.3585e+05
6.4766e+05
6.5939e+05
6.7102e+05
6.8255e+05
6.9396e+05
7.0527e+05
7.1644e+05
7.2748e+05
7.3837e+05
7.4912e+05
7.5971e+05
7.7013e+05
7.8037e+05
7.9044e+05
8.0032e+05
8.1e+05
8.1947e+05
8.2874e+05
8.3779e+05
8.4662e+05
8.5522e+05
8.6358e+05
8.7171e+05
8.7958e+05
8.872e+05
8.9456e+05
9.0166e+05
9.0849e+05
9.1505e+05
9.2133e+05
9.2733e+05
9.3304e+05
9.3846e+05
9.4359e+05
9.4842e+05
9.5295e+05
9.5718e+05
9.611e+05
9.6472e+05
9.6802e+05
9.7102e+05
9.737e+05
9.7607e+05
9.7812e+05
9.7985e+05
9.8127e+05
9.8237e+05
9.8316e+05
9.8362e+05
9.8378e+05
9.8361e+05
9.8314e+05
9.8235e+05
9.8124e+05
9.7983e+05
9.7811e+05
9.7609e+05
9.7376e+05
9.7113e+05
9.6821e+05
9.6499e+05
9.6148e+05
9.5768e+05
9.536e+05
9.4925e+05
9.4461e+05
9.3971e+05
9.3454e+05
9.2911e+05
9.2342e+05
9.1749e+05
9.113e+05
9.0488e+05
8.9822e+05
8.9134e+05
8.8423e+05
8.7691e+05
8.6937e+05
8.6163e+05
8.537e+05
8.4557e+05
8.3726e+05
8.2877e+05
8.2011e+05
8.1128e+05
8.023e+05
7.9317e+05
7.8389e+05
7.7448e+05
7.6494e+05
7.5528e+05
7.455e+05
7.3562e+05
7.2563e+05
7.1556e+05
7.0539e+05
6.9515e+05
6.8484e+05
6.7447e+05
6.6403e+05
6.5355e+05
6.4303e+05
6.3246e+05
6.2187e+05
6.1126e+05
6.0063e+05
5.9e+05
5.7936e+05
5.6873e+05
5.5811e+05
5.475e+05
5.3692e+05
5.2637e+05
5.1586e+05
5.0539e+05
4.9496e+05
4.8459e+05
4.7428e+05
4.6404e+05
4.5386e+05
4.4376e+05
4.3374e+05
4.238e+05
4.1395e+05
4.042e+05
3.9454e+05
3.8499e+05
3.7554e+05
3.6621e+05
3.5699e+05
3.4789e+05
3.3891e+05
3.3005e+05
3.2132e+05
3.1272e+05
3.0426e+05
2.9593e+05
2.8774e+05
2.797e+05
2.7179e+05
2.6403e+05
2.5642e+05
2.4895e+05
2.4164e+05
2.3448e+05
2.2747e+05
2.2061e+05
2.139e+05
2.0736e+05
2.0096e+05
1.9472e+05
1.8864e+05
1.8272e+05
1.7695e+05
1.7133e+05
1.6587e+05
1.6057e+05
1.5542e+05
1.5042e+05
1.4558e+05
1.4089e+05
1.3634e+05
1.3195e+05
1.2771e+05
1.2361e+05
1.1966e+05
1.1585e+05
1.1218e+05
1.0865e+05
1.0526e+05
1.0201e+05
98890
95902
93044
90312
87706
85222
82858
80611
78479
76460
74550
72748
71049
69452
67954
66551
65242
64023
62891
61844
60879
59992
59181
58444
57777
57178
56643
56170
55757
55400
55096
54844
54640
54482
54367
54293
54256
54256
54289
54352
54444
54563
54705
54869
55053
55255
55472
55703
55946
56199
56459
56727
56999
57274
57550
57827
58102
58375
58643
58906
59163
59412
59652
59883
60103
60311
60507
60689
60858
61012
61150
61273
61379
61469
61541
61596
61632
61650
61650
61631
61593
61536
61461
61366
61252
61119
60967
60797
60607
60400
60174
59930
59668
59388
59092
58779
58449
58103
57741
57364
56972
56566
56146
55712
55265
54805
54334
53850
53356
52851
52337
