87067
90590
94185
97850
1.0158e+05
1.0537e+05
1.0921e+05
1.1311e+05
1.1705e+05
1.2103e+05
1.2505e+05
1.291e+05
1.3317e+05
1.3727e+05
1.4138e+05
1.455e+05
1.4963e+05
1.5376e+05
1.5788e+05
1.62e+05
1.661e+05
1.7019e+05
1.7424e+05
1.7827e+05
1.8227e+05
1.8623e+05
1.9015e+05
1.9402e+05
1.9784e+05
2.016e+05
2.0531e+05
2.0895e+05
2.1253e+05
2.1604e+05
2.1947e+05
2.2283e+05
2.261e+05
2.293e+05
2.324e+05
2.3543e+05
2.3836e+05
2.4119e+05
2.4394e+05
2.4659e+05
2.4914e+05
2.5159e+05
2.5394e+05
2.5619e+05
2.5834e+05
2.6039e+05
2.6233e+05
2.6417e+05
2.6591e+05
2.6755e+05
2.6908e+05
2.7051e+05
2.7184e+05
2.7307e+05
2.7421e+05
2.7524e+05
2.7618e+05
2.7702e+05
2.7777e+05
2.7844e+05
2.7901e+05
2.7949e+05
2.7989e+05
2.8021e+05
2.8045e+05
2.8061e+05
2.807e+05
2.8072e+05
2.8067e+05
2.8055e+05
2.8037e+05
2.8013e+05
2.7983e+05
2.7949e+05
2.7909e+05
2.7864e+05
2.7815e+05
2.7762e+05
2.7706e+05
2.7646e+05
2.7582e+05
2.7517e+05
2.7448e+05
2.7378e+05
2.7305e+05
2.7231e+05
2.7156e+05
2.708e+05
2.7003e+05
2.6926e+05
2.6849e+05
2.6772e+05
2.6695e+05
2.6619e+05
2.6543e+05
2.6469e+05
2.6395e+05
2.6324e+05
2.6253e+05
2.6185e+05
2.6118e+05
2.6054e+05
2.5992e+05
2.5932e+05
2.5874e+05
2.5819e+05
2.5767e+05
2.5717e+05
2.567e+05
2.5626e+05
2.5585e+05
2.5547e+05
2.5511e+05
2.5478e+05
2.5448e+05
2.5421e+05
2.5397e+05
2.5376e+05
2.5357e+05
2.5341e+05
2.5327e+05
2.5316e+05
2.5307e+05
2.5301e+05
2.5296e+05
2.5294e+05
2.5294e+05
2.5296e+05
2.5299e+05
2.5304e+05
2.531e+05
2.5317e+05
2.5326e+05
2.5336e+05
2.5346e+05
2.5357e+05
2.5369e+05
2.5381e+05
2.5393e+05
2.5405e+05
2.5417e+05
2.5428e+05
2.544e+05
2.545e+05
2.546e+05
2.5469e+05
2.5476e+05
2.5482e+05
2.5487e+05
2.5491e+05
2.5492e+05
2.5492e+05
2.549e+05
2.5486e+05
2.5479e+05
2.547e+05
2.5459e+05
2.5445e+05
2.5428e+05
2.5409e+05
2.5387e+05
2.5361e+05
2.5333e+05
2.5301e+05
2.5266e+05
2.5228e+05
2.5186e+05
2.5141e+05
2.5093e+05
2.5041e+05
2.4985e+05
2.4926e+05
2.4863e+05
2.4796e+05
2.4726e+05
2.4651e+05
2.4573e+05
2.4491e+05
2.4406e+05
2.4316e+05
2.4223e+05
2.4126e+05
2.4025e+05
2.392e+05
2.3812e+05
2.37e+05
2.3583e+05
2.3464e+05
2.334e+05
2.3213e+05
2.3082e+05
2.2947e+05
2.2809e+05
2.2667e+05
2.2521e+05
2.2372e+05
2.2219e+05
2.2063e+05
2.1904e+05
2.1741e+05
2.1574e+05
2.1404e+05
2.1231e+05
2.1055e+05
2.0875e+05
2.0693e+05
2.0507e+05
2.0318e+05
2.0125e+05
1.993e+05
1.9732e+05
1.9531e+05
1.9327e+05
1.912e+05
1.8911e+05
1.8698e+05
1.8483e+05
1.8265e+05
1.8045e+05
1.7822e+05
1.7597e+05
1.737e+05
1.714e+05
1.6907e+05
1.6673e+05
1.6436e+05
1.6198e+05
1.5957e+05
1.5715e+05
1.5471e+05
1.5225e+05
1.4977e+05
1.4728e+05
1.4477e+05
1.4225e+05
1.3972e+05
1.3718e+05
1.3463e+05
1.3207e+05
1.295e+05
1.2693e+05
1.2435e+05
1.2176e+05
1.1918e+05
1.1659e+05
1.14e+05
1.1142e+05
1.0884e+05
1.0626e+05
1.037e+05
1.0113e+05
98584
96045
93519
91008
88514
86039
83583
81150
78740
76356
73999
71672
69375
67111
64881
62688
60532
58415
56340
54308
52320
50377
48482
46636
44840
43095
41402
39764
38180
36651
35180
33766
32410
31113
29876
28698
27580
26523
25526
24590
23714
22899
22143
21447
20809
20229
19707
19241
18830
18473
18170
17917
17715
17560
17452
17389
17369
17390
17449
17544
17674
17835
18025
18243
18484
18747
19029
19327
19638
19960
20290
20625
20962
21298
21631
21958
22276
22582
22874
23149
23405
23640
23850
24033
24189
24314
24406
24464
24487
24472
24418
24324
24190
24014
23796
23535
23231
22884
22494
22062
21587
21072
20517
19923
19292
18625
17925
17194
16435
15649
14840
14011
13166
12309
11442
10571
9699.3
8831.9
7973.4
7129
6303.7
5503
4732.4
3997.7
3304.9
2659.9
2069.1
1538.8
1075.5
685.92
376.69
154.67
26.781
0
81.366
277.96
596.89
1045.3
1630.2
2358.9
3238.3
4275.5
5477.5
6851.2
8403.3
10141
12070
14197
16529
19071
21830
24811
28020
31462
35142
39064
43235
47657
52334
57271
62470
67935
73668
79672
85947
92497
99321
1.0642e+05
1.138e+05
1.2145e+05
1.2938e+05
1.3758e+05
1.4606e+05
1.548e+05
1.6382e+05
1.731e+05
1.8265e+05
1.9246e+05
2.0252e+05
2.1284e+05
2.234e+05
2.3421e+05
2.4525e+05
2.5652e+05
2.6802e+05
2.7973e+05
2.9166e+05
3.0378e+05
3.161e+05
3.286e+05
3.4128e+05
3.5413e+05
3.6713e+05
3.8029e+05
3.9358e+05
4.0699e+05
4.2052e+05
4.3416e+05
4.4789e+05
4.617e+05
4.7558e+05
4.8952e+05
5.035e+05
5.1752e+05
5.3155e+05
5.4559e+05
5.5963e+05
5.7364e+05
5.8762e+05
6.0156e+05
6.1543e+05
6.2923e+05
6.4295e+05
6.5656e+05
6.7006e+05
6.8343e+05
6.9667e+05
7.0974e+05
7.2265e+05
7.3538e+05
7.4791e+05
7.6024e+05
7.7235e+05
7.8423e+05
7.9586e+05
8.0724e+05
8.1835e+05
8.2918e+05
8.3972e+05
8.4996e+05
8.5988e+05
8.6949e+05
8.7876e+05
8.8769e+05
8.9626e+05
9.0448e+05
9.1233e+05
9.1981e+05
9.269e+05
9.336e+05
9.399e+05
9.458e+05
9.5129e+05
9.5636e+05
9.6101e+05
9.6524e+05
9.6905e+05
9.7242e+05
9.7536e+05
9.7786e+05
9.7992e+05
9.8155e+05
9.8273e+05
9.8347e+05
9.8378e+05
9.8364e+05
9.8307e+05
9.8206e+05
9.8061e+05
9.7873e+05
9.7643e+05
9.737e+05
9.7055e+05
9.6698e+05
9.63e+05
9.5862e+05
9.5383e+05
9.4866e+05
9.4309e+05
9.3715e+05
9.3083e+05
9.2415e+05
9.1712e+05
9.0973e+05
9.0201e+05
8.9396e+05
8.8559e+05
8.7691e+05
8.6792e+05
8.5865e+05
8.491e+05
8.3928e+05
8.2921e+05
8.1888e+05
8.0833e+05
7.9754e+05
7.8655e+05
7.7536e+05
7.6398e+05
7.5242e+05
7.407e+05
7.2882e+05
7.1681e+05
7.0466e+05
6.924e+05
6.8004e+05
6.6758e+05
6.5505e+05
6.4244e+05
6.2978e+05
6.1707e+05
6.0433e+05
5.9156e+05
5.7879e+05
5.6602e+05
5.5325e+05
5.4051e+05
5.278e+05
5.1514e+05
5.0252e+05
4.8997e+05
4.775e+05
4.651e+05
4.528e+05
4.4059e+05
4.2849e+05
4.1651e+05
4.0466e+05
3.9294e+05
3.8135e+05
3.6992e+05
3.5863e+05
3.4751e+05
3.3656e+05
3.2577e+05
3.1517e+05
3.0474e+05
2.9451e+05
2.8446e+05
2.7461e+05
2.6497e+05
2.5552e+05
2.4628e+05
2.3725e+05
2.2844e+05
2.1984e+05
2.1145e+05
2.0328e+05
1.9533e+05
1.876e+05
1.8009e+05
1.728e+05
1.6574e+05
1.5889e+05
1.5226e+05
1.4585e+05
1.3967e+05
1.3369e+05
1.2794e+05
1.2239e+05
1.1706e+05
1.1194e+05
1.0703e+05
1.0232e+05
97813
93505
89392
85472
81740
78194
74829
71642
68629
65785
63106
60589
58228
56019
53958
52040
50260
48614
47097
45705
44432
43275
42228
41286
40446
39702
39049
38484
38002
37598
37268
37007
36811
36677
36599
36575
36599
36669
36780
36928
37111
37324
37565
37830
38116
38420
38739
39070
39411
39758
40111
40465
40820
41172
41520
41863
42197
42522
42837
43139
43427
43700
43957
44197
44418
44621
44805
44968
45110
45231
45330
45406
45461
45493
45502
45489
45453
45395
45314
45211
45086
44939
44771
44582
44373
44143
43894
43626
43339
43034
42712
42373
42018
41647
41262
40862
40449
40023
39585
39136
38676
38205
37725
37237
36740
36236
35725
35208
34685
34158
33626
33091
32552
32011
31467
30922
30376
29829
29283
28736
28190
27646
27103
26562
26023
25487
24954
24424
23897
23374
22856
22341
21831
