9.8378e+05
9.7945e+05
9.7505e+05
9.7057e+05
9.6603e+05
9.6141e+05
9.5673e+05
9.5197e+05
9.4716e+05
9.4227e+05
9.3732e+05
9.3231e+05
9.2724e+05
9.2211e+05
9.1692e+05
9.1168e+05
9.0638e+05
9.0102e+05
8.9561e+05
8.9015e+05
8.8464e+05
8.7908e+05
8.7347e+05
8.6782e+05
8.6212e+05
8.5638e+05
8.5059e+05
8.4477e+05
8.389e+05
8.33e+05
8.2706e+05
8.2108e+05
8.1507e+05
8.0902e+05
8.0294e+05
7.9684e+05
7.907e+05
7.8453e+05
7.7834e+05
7.7212e+05
7.6588e+05
7.5962e+05
7.5333e+05
7.4702e+05
7.4069e+05
7.3435e+05
7.2799e+05
7.2161e+05
7.1522e+05
7.0881e+05
7.0239e+05
6.9596e+05
6.8952e+05
6.8307e+05
6.7662e+05
6.7016e+05
6.6369e+05
6.5722e+05
6.5074e+05
6.4427e+05
6.3779e+05
6.3131e+05
6.2484e+05
6.1837e+05
6.119e+05
6.0543e+05
5.9897e+05
5.9252e+05
5.8607e+05
5.7964e+05
5.7321e+05
5.668e+05
5.6039e+05
5.54e+05
5.4762e+05
5.4126e+05
5.3491e+05
5.2858e+05
5.2226e+05
5.1596e+05
5.0969e+05
5.0343e+05
4.9719e+05
4.9098e+05
4.8478e+05
4.7861e+05
4.7247e+05
4.6635e+05
4.6025e+05
4.5419e+05
4.4815e+05
4.4213e+05
4.3615e+05
4.302e+05
4.2427e+05
4.1838e+05
4.1252e+05
4.067e+05
4.009e+05
3.9514e+05
3.8941e+05
3.8372e+05
3.7807e+05
3.7245e+05
3.6687e+05
3.6133e+05
3.5582e+05
3.5036e+05
3.4493e+05
3.3954e+05
3.342e+05
3.2889e+05
3.2363e+05
3.1841e+05
3.1323e+05
3.081e+05
3.03e+05
2.9796e+05
2.9296e+05
2.88e+05
2.8309e+05
2.7822e+05
2.734e+05
2.6863e+05
2.639e+05
2.5922e+05
2.5459e+05
2.5001e+05
2.4548e+05
2.41e+05
2.3656e+05
2.3217e+05
2.2784e+05
2.2355e+05
2.1932e+05
2.1514e+05
2.11e+05
2.0692e+05
2.0289e+05
1.9891e+05
1.9499e+05
1.9111e+05
1.8729e+05
1.8352e+05
1.798e+05
1.7614e+05
1.7253e+05
1.6897e+05
1.6547e+05
1.6202e+05
1.5862e+05
1.5528e+05
1.5199e+05
1.4875e+05
1.4557e+05
1.4244e+05
1.3937e+05
1.3635e+05
1.3339e+05
1.3047e+05
1.2762e+05
1.2482e+05
1.2207e+05
1.1938e+05
1.1674e+05
1.1415e+05
1.1162e+05
1.0915e+05
1.0672e+05
1.0436e+05
1.0204e+05
99785
97579
95428
93330
91286
89295
87358
85475
83645
81867
80143
78471
76853
75286
73772
72310
70900
69542
68235
66980
65776
64622
63520
62467
61465
60513
59611
58758
57955
57200
56494
55836
55227
54665
54151
53684
53264
52891
52563
52282
52047
51857
51711
51611
51554
51542
51573
51648
51765
51925
52127
52371
52657
52983
53350
53757
54204
54691
55216
55781
56383
57024
57702
58417
59168
59956
60780
61639
62533
63461
64424
65420
66450
67512
68607
69733
70891
72080
73300
74550
75829
77138
78476
79842
81235
82657
84105
85580
87080
88607
90158
91735
93335
94959
96607
98277
99970
1.0168e+05
1.0342e+05
1.0518e+05
1.0696e+05
1.0875e+05
1.1057e+05
1.1241e+05
1.1426e+05
1.1614e+05
1.1803e+05
1.1994e+05
1.2186e+05
1.238e+05
1.2576e+05
1.2773e+05
1.2972e+05
1.3172e+05
1.3374e+05
1.3577e+05
1.3781e+05
1.3987e+05
1.4194e+05
1.4402e+05
1.4611e+05
1.4821e+05
1.5033e+05
1.5245e+05
1.5458e+05
1.5672e+05
1.5887e+05
1.6103e+05
1.632e+05
1.6537e+05
1.6755e+05
1.6974e+05
1.7194e+05
1.7413e+05
1.7634e+05
1.7855e+05
1.8076e+05
1.8298e+05
1.852e+05
1.8742e+05
1.8965e+05
1.9188e+05
1.9411e+05
1.9634e+05
1.9857e+05
2.0081e+05
2.0304e+05
2.0528e+05
2.0751e+05
2.0974e+05
2.1197e+05
2.142e+05
2.1643e+05
2.1866e+05
2.2088e+05
2.231e+05
2.2531e+05
2.2752e+05
2.2973e+05
2.3193e+05
2.3413e+05
2.3632e+05
2.3851e+05
2.4069e+05
2.4286e+05
2.4503e+05
2.4718e+05
2.4934e+05
2.5148e+05
2.5362e+05
2.5574e+05
2.5786e+05
2.5997e+05
2.6207e+05
2.6416e+05
2.6624e+05
2.6831e+05
2.7036e+05
2.7241e+05
2.7445e+05
2.7647e+05
2.7848e+05
2.8048e+05
2.8247e+05
2.8445e+05
2.8641e+05
2.8836e+05
2.9029e+05
2.9221e+05
2.9412e+05
2.9601e+05
2.9789e+05
2.9975e+05
3.016e+05
3.0343e+05
3.0525e+05
3.0705e+05
3.0883e+05
3.106e+05
3.1235e+05
3.1409e+05
3.1581e+05
3.1751e+05
3.1919e+05
3.2086e+05
3.2251e+05
3.2414e+05
3.2575e+05
3.2734e+05
3.2892e+05
3.3047e+05
3.3201e+05
3.3353e+05
3.3502e+05
3.365e+05
3.3796e+05
3.394e+05
3.4082e+05
3.4222e+05
3.436e+05
3.4496e+05
3.463e+05
3.4762e+05
3.4891e+05
3.5019e+05
3.5144e+05
3.5268e+05
3.5389e+05
3.5508e+05
3.5625e+05
3.574e+05
3.5853e+05
3.5963e+05
3.6071e+05
3.6177e+05
3.6281e+05
3.6383e+05
3.6482e+05
3.6579e+05
3.6674e+05
3.6767e+05
3.6857e+05
3.6946e+05
3.7032e+05
3.7115e+05
3.7196e+05
3.7276e+05
3.7352e+05
3.7427e+05
3.7499e+05
3.7569e+05
3.7637e+05
3.7702e+05
3.7765e+05
3.7826e+05
3.7884e+05
3.794e+05
3.7994e+05
3.8045e+05
3.8094e+05
3.8141e+05
3.8186e+05
3.8228e+05
3.8268e+05
3.8305e+05
3.8341e+05
3.8374e+05
3.8404e+05
3.8433e+05
3.8459e+05
3.8482e+05
3.8504e+05
3.8523e+05
3.854e+05
3.8555e+05
3.8567e+05
3.8577e+05
3.8585e+05
3.8591e+05
3.8594e+05
3.8595e+05
3.8594e+05
3.859e+05
3.8585e+05
3.8577e+05
3.8567e+05
3.8554e+05
3.854e+05
3.8523e+05
3.8504e+05
3.8483e+05
3.846e+05
3.8435e+05
3.8407e+05
3.8378e+05
3.8346e+05
3.8312e+05
3.8276e+05
3.8238e+05
3.8198e+05
3.8155e+05
3.8111e+05
3.8065e+05
3.8016e+05
3.7966e+05
3.7913e+05
3.7859e+05
3.7802e+05
3.7744e+05
3.7683e+05
3.7621e+05
3.7556e+05
3.749e+05
3.7422e+05
3.7352e+05
3.728e+05
3.7206e+05
3.713e+05
3.7053e+05
3.6973e+05
3.6892e+05
3.6809e+05
3.6724e+05
3.6637e+05
3.6549e+05
3.6459e+05
3.6367e+05
3.6273e+05
3.6178e+05
3.6081e+05
3.5982e+05
3.5882e+05
3.578e+05
3.5676e+05
3.5571e+05
3.5464e+05
3.5355e+05
3.5245e+05
3.5134e+05
3.5021e+05
3.4906e+05
3.479e+05
3.4673e+05
3.4554e+05
3.4433e+05
3.4311e+05
3.4188e+05
3.4063e+05
3.3937e+05
3.381e+05
3.3681e+05
3.3551e+05
3.342e+05
3.3287e+05
3.3153e+05
3.3018e+05
3.2881e+05
3.2744e+05
3.2605e+05
3.2465e+05
3.2323e+05
3.2181e+05
3.2037e+05
3.1893e+05
3.1747e+05
3.16e+05
3.1452e+05
3.1303e+05
3.1153e+05
3.1002e+05
3.085e+05
3.0697e+05
3.0544e+05
3.0389e+05
3.0233e+05
3.0076e+05
2.9919e+05
2.976e+05
2.9601e+05
2.9441e+05
2.928e+05
2.9118e+05
2.8956e+05
2.8792e+05
2.8628e+05
2.8464e+05
2.8298e+05
2.8132e+05
2.7965e+05
2.7798e+05
2.7629e+05
2.7461e+05
2.7291e+05
2.7121e+05
2.6951e+05
2.678e+05
2.6608e+05
2.6436e+05
2.6263e+05
2.609e+05
2.5916e+05
2.5742e+05
2.5568e+05
2.5393e+05
2.5218e+05
2.5042e+05
2.4866e+05
2.4689e+05
2.4512e+05
2.4335e+05
2.4158e+05
2.398e+05
2.3802e+05
2.3624e+05
2.3445e+05
2.3266e+05
2.3087e+05
2.2908e+05
2.2729e+05
2.2549e+05
2.237e+05
2.219e+05
2.201e+05
2.183e+05
2.165e+05
2.147e+05
2.1289e+05
2.1109e+05
2.0929e+05
2.0748e+05
2.0568e+05
2.0387e+05
2.0207e+05
2.0027e+05
1.9846e+05
1.9666e+05
1.9486e+05
1.9306e+05
1.9126e+05
1.8946e+05
1.8766e+05
1.8587e+05
1.8407e+05
1.8228e+05
1.8049e+05
1.787e+05
1.7692e+05
1.7513e+05
1.7335e+05
1.7157e+05
1.6979e+05
1.6802e+05
1.6625e+05
1.6448e+05
1.6271e+05
1.6095e+05
1.5919e+05
1.5743e+05
1.5568e+05
1.5393e+05
1.5219e+05
1.5044e+05
1.4871e+05
1.4697e+05
1.4524e+05
1.4352e+05
1.418e+05
1.4008e+05
1.3837e+05
1.3666e+05
1.3496e+05
1.3326e+05
1.3157e+05
1.2988e+05
1.282e+05
1.2652e+05
1.2485e+05
1.2318e+05
1.2152e+05
1.1986e+05
1.1821e+05
1.1657e+05
1.1493e+05
1.1329e+05
1.1167e+05
1.1005e+05
1.0843e+05
1.0682e+05
1.0522e+05
1.0362e+05
1.0203e+05
1.0045e+05
98872
97302
95738
94181
92631
91088
89552
88023
86501
84986
83478
81978
80484
78998
77520
76049
74586
73130
71681
70241
68808
67383
65965
64556
63154
61761
60375
58998
57628
56267
54913
53568
52231
50903
49582
48270
46967
45671
44384
43106
41836
40574
39321
38076
36840
35613
34394
33184
31982
30789
29605
28429
27262
26104
24954
23813
22681
21558
20443
19338
18241
17152
16073
15002
13941
12888
11843
10808
9781.5
8763.8
7754.8
6754.7
5763.3
4780.8
3807.1
2842.1
1886
938.6
0
