18463
20372
22535
24954
27627
30551
33724
37142
40801
44696
48821
53169
57734
62507
67481
72645
77991
83509
89187
95015
1.0098e+05
1.0707e+05
1.1328e+05
1.1958e+05
1.2598e+05
1.3245e+05
1.3898e+05
1.4555e+05
1.5216e+05
1.5879e+05
1.6543e+05
1.7205e+05
1.7865e+05
1.8522e+05
1.9173e+05
1.9818e+05
2.0455e+05
2.1083e+05
2.17e+05
2.2305e+05
2.2897e+05
2.3474e+05
2.4036e+05
2.4581e+05
2.5108e+05
2.5616e+05
2.6103e+05
2.657e+05
2.7014e+05
2.7436e+05
2.7833e+05
2.8206e+05
2.8554e+05
2.8876e+05
2.9171e+05
2.9439e+05
2.968e+05
2.9892e+05
3.0076e+05
3.0232e+05
3.0359e+05
3.0457e+05
3.0526e+05
3.0566e+05
3.0577e+05
3.0559e+05
3.0513e+05
3.0439e+05
3.0336e+05
3.0206e+05
3.005e+05
2.9866e+05
2.9657e+05
2.9422e+05
2.9162e+05
2.8879e+05
2.8572e+05
2.8244e+05
2.7894e+05
2.7523e+05
2.7133e+05
2.6724e+05
2.6298e+05
2.5856e+05
2.5398e+05
2.4927e+05
2.4442e+05
2.3946e+05
2.3439e+05
2.2922e+05
2.2397e+05
2.1866e+05
2.1328e+05
2.0786e+05
2.0241e+05
1.9694e+05
1.9146e+05
1.8598e+05
1.8051e+05
1.7508e+05
1.6968e+05
1.6433e+05
1.5904e+05
1.5382e+05
1.4869e+05
1.4364e+05
1.387e+05
1.3387e+05
1.2915e+05
1.2457e+05
1.2013e+05
1.1582e+05
1.1167e+05
1.0768e+05
1.0386e+05
1.002e+05
96728
93434
90326
87410
84687
82163
79839
77717
75799
74087
72581
71281
70187
69300
68617
68137
67859
67780
67898
68209
68711
69400
70272
71322
72547
73941
75500
77218
79089
81109
83271
85569
87998
90550
93221
96002
98888
1.0187e+05
1.0495e+05
1.0811e+05
1.1134e+05
1.1465e+05
1.1803e+05
1.2146e+05
1.2494e+05
1.2847e+05
1.3203e+05
1.3563e+05
1.3925e+05
1.4289e+05
1.4654e+05
1.5019e+05
1.5385e+05
1.575e+05
1.6113e+05
1.6475e+05
1.6834e+05
1.7191e+05
1.7543e+05
1.7892e+05
1.8236e+05
1.8574e+05
1.8907e+05
1.9234e+05
1.9554e+05
1.9867e+05
2.0172e+05
2.0469e+05
2.0758e+05
2.1038e+05
2.1308e+05
2.1569e+05
2.182e+05
2.206e+05
2.229e+05
2.2508e+05
2.2715e+05
2.2911e+05
2.3094e+05
2.3265e+05
2.3424e+05
2.357e+05
2.3703e+05
2.3823e+05
2.393e+05
2.4023e+05
2.4102e+05
2.4168e+05
2.422e+05
2.4259e+05
2.4283e+05
2.4293e+05
2.429e+05
2.4272e+05
2.424e+05
2.4195e+05
2.4136e+05
2.4062e+05
2.3976e+05
2.3875e+05
2.3762e+05
2.3635e+05
2.3495e+05
2.3342e+05
2.3177e+05
2.3e+05
2.2811e+05
2.261e+05
2.2397e+05
2.2174e+05
2.194e+05
2.1696e+05
2.1441e+05
2.1178e+05
2.0905e+05
2.0624e+05
2.0335e+05
2.0038e+05
1.9734e+05
1.9423e+05
1.9106e+05
1.8783e+05
1.8455e+05
1.8123e+05
1.7786e+05
1.7446e+05
1.7103e+05
1.6757e+05
1.641e+05
1.6061e+05
1.571e+05
1.536e+05
1.501e+05
1.466e+05
1.4311e+05
1.3963e+05
1.3618e+05
1.3275e+05
1.2935e+05
1.2598e+05
1.2264e+05
1.1935e+05
1.161e+05
1.129e+05
1.0974e+05
1.0664e+05
1.0359e+05
1.006e+05
97670
94800
91992
89248
86569
83955
81407
78926
76511
74163
71880
69662
67509
65418
63390
61422
59514
57662
55866
54123
52431
50789
49193
47641
46132
44662
43230
41832
40467
39133
37826
36545
35288
34053
32837
31640
30460
29294
28143
27004
25878
24763
23658
22564
21481
20408
19345
18294
17255
16229
15216
14219
13238
12275
11332
10411
9514
8642.6
7799.3
6986.4
6206.3
5461.2
4753.7
4086.2
3461.1
2880.7
2347.4
1863.5
1431.2
1052.3
728.98
462.89
255.64
108.64
23.102
0
40.083
143.85
311.53
543.09
838.19
1196.2
1616.3
2097.2
2637.3
3234.9
3887.8
4593.6
5349.5
6152.5
6999.2
7886
8809.1
9764.4
10748
11754
12779
13817
14864
15914
16963
18004
19032
20041
21028
21985
22908
23792
24631
25422
26158
26837
27454
28005
28487
28897
29232
29491
29672
29774
29796
29739
29602
29388
29098
28735
28302
27802
27241
26623
25954
25241
24492
23713
22915
22105
21294
20493
19712
18963
18259
17613
17036
16544
16150
15869
15716
15705
15853
16174
16684
17400
18335
19508
20932
22624
24598
26870
29455
32366
35618
39224
43196
47547
52288
57431
62984
68958
75360
82197
89477
97204
1.0538e+05
1.1402e+05
1.2311e+05
1.3266e+05
1.4266e+05
1.5313e+05
1.6405e+05
1.7541e+05
1.8722e+05
1.9947e+05
2.1216e+05
2.2526e+05
2.3877e+05
2.5269e+05
2.6699e+05
2.8167e+05
2.9671e+05
3.1209e+05
3.2779e+05
3.438e+05
3.601e+05
3.7667e+05
3.9349e+05
4.1052e+05
4.2776e+05
4.4518e+05
4.6274e+05
4.8043e+05
4.9823e+05
5.1609e+05
5.34e+05
5.5192e+05
5.6984e+05
5.8772e+05
6.0552e+05
6.2323e+05
6.4082e+05
6.5825e+05
6.7549e+05
6.9252e+05
7.0931e+05
7.2583e+05
7.4204e+05
7.5793e+05
7.7347e+05
7.8862e+05
8.0337e+05
8.1769e+05
8.3154e+05
8.4492e+05
8.5779e+05
8.7014e+05
8.8193e+05
8.9316e+05
9.038e+05
9.1384e+05
9.2326e+05
9.3203e+05
9.4016e+05
9.4762e+05
9.5441e+05
9.6051e+05
9.6591e+05
9.7061e+05
9.746e+05
9.7787e+05
9.8043e+05
9.8227e+05
9.8338e+05
9.8378e+05
9.8345e+05
9.8241e+05
9.8066e+05
9.7821e+05
9.7506e+05
9.7121e+05
9.667e+05
9.6151e+05
9.5566e+05
9.4918e+05
9.4206e+05
9.3434e+05
9.2602e+05
9.1711e+05
9.0765e+05
8.9765e+05
8.8712e+05
8.761e+05
8.646e+05
8.5263e+05
8.4024e+05
8.2743e+05
8.1423e+05
8.0067e+05
7.8677e+05
7.7255e+05
7.5804e+05
7.4327e+05
7.2825e+05
7.1302e+05
6.976e+05
6.8201e+05
6.6627e+05
6.5042e+05
6.3448e+05
6.1846e+05
6.024e+05
5.8632e+05
5.7024e+05
5.5417e+05
5.3816e+05
5.222e+05
5.0634e+05
4.9058e+05
4.7494e+05
4.5945e+05
4.4411e+05
4.2896e+05
4.14e+05
3.9925e+05
3.8472e+05
3.7044e+05
3.564e+05
3.4263e+05
3.2914e+05
3.1593e+05
3.0301e+05
2.904e+05
2.781e+05
2.6612e+05
2.5447e+05
2.4315e+05
2.3216e+05
2.2151e+05
2.112e+05
2.0124e+05
1.9162e+05
1.8235e+05
1.7342e+05
1.6484e+05
1.566e+05
1.4871e+05
1.4115e+05
1.3393e+05
1.2704e+05
1.2047e+05
1.1423e+05
1.0831e+05
1.0269e+05
97382
92368
87644
83203
79036
75135
71493
68100
64948
62027
59329
56845
54565
52480
50580
48857
47301
45903
44654
43544
42564
41707
40963
40323
39780
39326
38951
38650
38414
38236
38110
38029
37986
37975
37992
38029
38083
38148
38219
38293
38366
38433
38492
38540
38573
38589
38587
38564
38518
38448
38353
38232
38085
37910
37708
37479
37223
36940
36631
36296
35937
35553
35148
34721
34274
33808
33325
32827
32315
31791
31257
30714
30164
29609
29051
28491
27932
27375
26822
26274
25733
25201
24679
24169
23672
23189
22722
22271
21838
21423
21028
20653
20298
19965
19654
19365
19098
18854
18632
18433
18256
18101
17968
17856
17764
17693
17641
17608
17593
17595
17612
17645
17692
17751
17822
17904
17994
18093
18199
18310
18425
18543
18662
18782
18900
19017
19130
19238
19341
19437
19524
19602
19670
19728
19773
19805
19824
19828
19817
19791
19749
19690
19614
19521
19411
19283
19137
18974
18793
18594
18378
18145
17895
17629
17346
17049
16736
