5.5805e+05
5.6026e+05
5.6238e+05
5.6439e+05
5.663e+05
5.6812e+05
5.6983e+05
5.7144e+05
5.7296e+05
5.7437e+05
5.7569e+05
5.7691e+05
5.7804e+05
5.7906e+05
5.7999e+05
5.8083e+05
5.8158e+05
5.8223e+05
5.8278e+05
5.8325e+05
5.8363e+05
5.8391e+05
5.8411e+05
5.8422e+05
5.8425e+05
5.8419e+05
5.8405e+05
5.8382e+05
5.8352e+05
5.8313e+05
5.8266e+05
5.8212e+05
5.815e+05
5.8081e+05
5.8005e+05
5.7921e+05
5.783e+05
5.7732e+05
5.7628e+05
5.7517e+05
5.74e+05
5.7276e+05
5.7147e+05
5.7011e+05
5.687e+05
5.6723e+05
5.657e+05
5.6412e+05
5.6249e+05
5.6081e+05
5.5909e+05
5.5731e+05
5.5549e+05
5.5363e+05
5.5172e+05
5.4978e+05
5.478e+05
5.4577e+05
5.4372e+05
5.4163e+05
5.3951e+05
5.3735e+05
5.3517e+05
5.3296e+05
5.3072e+05
5.2846e+05
5.2618e+05
5.2387e+05
5.2155e+05
5.192e+05
5.1684e+05
5.1446e+05
5.1207e+05
5.0966e+05
5.0724e+05
5.0481e+05
5.0237e+05
4.9993e+05
4.9747e+05
4.9502e+05
4.9255e+05
4.9009e+05
4.8762e+05
4.8515e+05
4.8268e+05
4.8021e+05
4.7774e+05
4.7528e+05
4.7282e+05
4.7036e+05
4.6791e+05
4.6547e+05
4.6304e+05
4.6061e+05
4.582e+05
4.5579e+05
4.5339e+05
4.5101e+05
4.4864e+05
4.4628e+05
4.4393e+05
4.416e+05
4.3928e+05
4.3697e+05
4.3469e+05
4.3241e+05
4.3016e+05
4.2792e+05
4.2569e+05
4.2349e+05
4.213e+05
4.1913e+05
4.1697e+05
4.1484e+05
4.1272e+05
4.1062e+05
4.0854e+05
4.0648e+05
4.0444e+05
4.0242e+05
4.0041e+05
3.9842e+05
3.9646e+05
3.9451e+05
3.9257e+05
3.9066e+05
3.8876e+05
3.8689e+05
3.8503e+05
3.8319e+05
3.8136e+05
3.7955e+05
3.7776e+05
3.7599e+05
3.7423e+05
3.7248e+05
3.7075e+05
3.6904e+05
3.6734e+05
3.6566e+05
3.6399e+05
3.6233e+05
3.6068e+05
3.5905e+05
3.5743e+05
3.5582e+05
3.5422e+05
3.5263e+05
3.5105e+05
3.4948e+05
3.4792e+05
3.4637e+05
3.4482e+05
3.4328e+05
3.4175e+05
3.4023e+05
3.3871e+05
3.3719e+05
3.3568e+05
3.3417e+05
3.3267e+05
3.3117e+05
3.2967e+05
3.2817e+05
3.2667e+05
3.2518e+05
3.2368e+05
3.2218e+05
3.2068e+05
3.1918e+05
3.1768e+05
3.1618e+05
3.1467e+05
3.1315e+05
3.1164e+05
3.1012e+05
3.0859e+05
3.0706e+05
3.0552e+05
3.0397e+05
3.0242e+05
3.0086e+05
2.993e+05
2.9772e+05
2.9614e+05
2.9455e+05
2.9295e+05
2.9134e+05
2.8972e+05
2.8809e+05
2.8645e+05
2.848e+05
2.8314e+05
2.8147e+05
2.7979e+05
2.781e+05
2.764e+05
2.7469e+05
2.7296e+05
2.7123e+05
2.6948e+05
2.6772e+05
2.6595e+05
2.6418e+05
2.6239e+05
2.6059e+05
2.5877e+05
2.5695e+05
2.5512e+05
2.5328e+05
2.5143e+05
2.4957e+05
2.4769e+05
2.4581e+05
2.4393e+05
2.4203e+05
2.4013e+05
2.3821e+05
2.3629e+05
2.3437e+05
2.3244e+05
2.305e+05
2.2856e+05
2.2661e+05
2.2466e+05
2.227e+05
2.2075e+05
2.1879e+05
2.1683e+05
2.1486e+05
2.129e+05
2.1094e+05
2.0898e+05
2.0702e+05
2.0507e+05
2.0312e+05
2.0117e+05
1.9923e+05
1.973e+05
1.9537e+05
1.9345e+05
1.9154e+05
1.8964e+05
1.8775e+05
1.8587e+05
1.8401e+05
1.8216e+05
1.8032e+05
1.785e+05
1.767e+05
1.7492e+05
1.7315e+05
1.7141e+05
1.6969e+05
1.6798e+05
1.6631e+05
1.6465e+05
1.6303e+05
1.6143e+05
1.5986e+05
1.5831e+05
1.568e+05
1.5532e+05
1.5387e+05
1.5246e+05
1.5108e+05
1.4974e+05
1.4843e+05
1.4717e+05
1.4594e+05
1.4476e+05
1.4361e+05
1.4251e+05
1.4146e+05
1.4045e+05
1.3948e+05
1.3857e+05
1.377e+05
1.3688e+05
1.3612e+05
1.3541e+05
1.3475e+05
1.3414e+05
1.336e+05
1.331e+05
1.3267e+05
1.323e+05
1.3198e+05
1.3173e+05
1.3154e+05
1.3141e+05
1.3135e+05
1.3135e+05
1.3141e+05
1.3155e+05
1.3175e+05
1.3202e+05
1.3236e+05
1.3277e+05
1.3325e+05
1.3381e+05
1.3443e+05
1.3513e+05
1.3591e+05
1.3676e+05
1.3768e+05
1.3869e+05
1.3977e+05
1.4092e+05
1.4216e+05
1.4347e+05
1.4487e+05
1.4634e+05
1.479e+05
1.4953e+05
1.5125e+05
1.5305e+05
1.5493e+05
1.5689e+05
1.5894e+05
1.6107e+05
1.6328e+05
1.6558e+05
1.6796e+05
1.7042e+05
1.7297e+05
1.756e+05
1.7831e+05
1.8111e+05
1.84e+05
1.8696e+05
1.9001e+05
1.9315e+05
1.9637e+05
1.9967e+05
2.0305e+05
2.0652e+05
2.1007e+05
2.1371e+05
2.1742e+05
2.2122e+05
2.251e+05
2.2906e+05
2.331e+05
2.3722e+05
2.4141e+05
2.4569e+05
2.5005e+05
2.5448e+05
2.5899e+05
2.6357e+05
2.6823e+05
2.7296e+05
2.7777e+05
2.8265e+05
2.876e+05
2.9263e+05
2.9772e+05
3.0288e+05
3.0811e+05
3.1341e+05
3.1877e+05
3.2419e+05
3.2969e+05
3.3524e+05
3.4085e+05
3.4653e+05
3.5226e+05
3.5805e+05
3.6389e+05
3.6979e+05
3.7575e+05
3.8176e+05
3.8781e+05
3.9392e+05
4.0007e+05
4.0627e+05
4.1252e+05
4.1881e+05
4.2514e+05
4.3151e+05
4.3792e+05
4.4436e+05
4.5085e+05
4.5736e+05
4.6391e+05
4.7049e+05
4.7709e+05
4.8373e+05
4.9038e+05
4.9707e+05
5.0377e+05
5.1049e+05
5.1724e+05
5.2399e+05
5.3077e+05
5.3755e+05
5.4435e+05
5.5116e+05
5.5797e+05
5.6479e+05
5.7161e+05
5.7843e+05
5.8526e+05
5.9208e+05
5.989e+05
6.0571e+05
6.1251e+05
6.1931e+05
6.2609e+05
6.3286e+05
6.3961e+05
6.4635e+05
6.5307e+05
6.5976e+05
6.6644e+05
6.7308e+05
6.7971e+05
6.863e+05
6.9286e+05
6.9939e+05
7.0589e+05
7.1235e+05
7.1878e+05
7.2516e+05
7.315e+05
7.378e+05
7.4405e+05
7.5026e+05
7.5642e+05
7.6252e+05
7.6858e+05
7.7458e+05
7.8053e+05
7.8642e+05
7.9224e+05
7.9801e+05
8.0372e+05
8.0936e+05
8.1494e+05
8.2045e+05
8.2589e+05
8.3126e+05
8.3656e+05
8.4178e+05
8.4693e+05
8.5201e+05
8.57e+05
8.6192e+05
8.6676e+05
8.7151e+05
8.7618e+05
8.8077e+05
8.8527e+05
8.8968e+05
8.94e+05
8.9824e+05
9.0238e+05
9.0643e+05
9.1039e+05
9.1426e+05
9.1802e+05
9.217e+05
9.2527e+05
9.2875e+05
9.3213e+05
9.354e+05
9.3858e+05
9.4165e+05
9.4462e+05
9.4749e+05
9.5025e+05
9.5291e+05
9.5546e+05
9.579e+05
9.6024e+05
9.6247e+05
9.6459e+05
9.666e+05
9.6851e+05
9.703e+05
9.7198e+05
9.7355e+05
9.7501e+05
9.7636e+05
9.776e+05
9.7872e+05
9.7974e+05
9.8064e+05
9.8142e+05
9.821e+05
9.8266e+05
9.8311e+05
9.8344e+05
9.8367e+05
9.8378e+05
9.8377e+05
9.8366e+05
9.8343e+05
9.8309e+05
9.8263e+05
9.8207e+05
9.8139e+05
9.806e+05
9.797e+05
9.7868e+05
9.7756e+05
9.7633e+05
9.7499e+05
9.7354e+05
9.7198e+05
9.7031e+05
9.6853e+05
9.6665e+05
9.6466e+05
9.6256e+05
9.6036e+05
9.5806e+05
9.5565e+05
9.5314e+05
9.5053e+05
9.4781e+05
9.45e+05
9.4208e+05
9.3907e+05
9.3596e+05
9.3275e+05
9.2945e+05
9.2605e+05
9.2256e+05
9.1898e+05
9.153e+05
9.1153e+05
9.0768e+05
9.0373e+05
8.997e+05
8.9559e+05
8.9138e+05
8.871e+05
8.8273e+05
8.7828e+05
8.7375e+05
8.6915e+05
8.6446e+05
8.597e+05
8.5487e+05
8.4996e+05
8.4498e+05
8.3993e+05
8.3481e+05
8.2962e+05
8.2437e+05
8.1905e+05
8.1367e+05
8.0822e+05
8.0272e+05
7.9715e+05
7.9153e+05
7.8586e+05
7.8012e+05
7.7434e+05
7.685e+05
7.6262e+05
7.5668e+05
7.507e+05
7.4467e+05
7.386e+05
7.3249e+05
7.2633e+05
7.2014e+05
7.139e+05
7.0764e+05
7.0133e+05
6.95e+05
6.8863e+05
6.8223e+05
6.7581e+05
6.6935e+05
6.6287e+05
6.5637e+05
6.4985e+05
6.433e+05
6.3674e+05
6.3015e+05
6.2355e+05
6.1694e+05
6.1032e+05
6.0368e+05
5.9703e+05
5.9037e+05
5.8371e+05
5.7704e+05
5.7036e+05
5.6369e+05
5.5701e+05
5.5033e+05
5.4365e+05
5.3698e+05
5.3031e+05
5.2365e+05
5.1699e+05
5.1034e+05
5.037e+05
4.9707e+05
4.9046e+05
4.8386e+05
4.7727e+05
4.707e+05
4.6415e+05
4.5762e+05
4.511e+05
4.4461e+05
4.3814e+05
4.317e+05
4.2528e+05
4.1888e+05
4.1252e+05
4.0618e+05
3.9987e+05
3.9359e+05
3.8734e+05
3.8113e+05
3.7494e+05
3.688e+05
3.6269e+05
3.5661e+05
3.5058e+05
3.4458e+05
3.3862e+05
3.327e+05
3.2682e+05
3.2099e+05
3.1519e+05
3.0944e+05
3.0374e+05
2.9808e+05
2.9247e+05
2.869e+05
2.8138e+05
2.7591e+05
2.7049e+05
2.6511e+05
2.5979e+05
2.5452e+05
2.4929e+05
2.4412e+05
2.3901e+05
2.3394e+05
2.2893e+05
2.2397e+05
2.1907e+05
2.1422e+05
2.0942e+05
2.0468e+05
2e+05
1.9537e+05
1.908e+05
1.8629e+05
1.8183e+05
1.7743e+05
1.7309e+05
1.688e+05
1.6457e+05
1.604e+05
1.5629e+05
1.5224e+05
1.4825e+05
1.4431e+05
1.4043e+05
1.3662e+05
1.3286e+05
1.2915e+05
1.2551e+05
1.2193e+05
1.184e+05
1.1494e+05
1.1153e+05
1.0818e+05
1.0489e+05
1.0166e+05
98481
95364
92305
89304
86359
83472
80641
77867
75150
72488
69882
67332
64836
62395
60009
57676
55397
53171
50998
48877
46809
44791
42825
40909
39043
37227
35459
33740
32069
30446
28870
27339
25855
24416
23022
21671
20365
19101
17879
16699
15560
14462
13403
12384
11403
10460
9554.6
8685.7
7852.7
7055.1
6292.2
5563.3
4867.8
4205
3574.2
2974.8
2406.1
1867.5
1358.2
877.67
425.15
0
