2.3133e+05
2.3446e+05
2.3759e+05
2.4071e+05
2.4384e+05
2.4695e+05
2.5007e+05
2.5317e+05
2.5627e+05
2.5935e+05
2.6242e+05
2.6548e+05
2.6853e+05
2.7155e+05
2.7456e+05
2.7755e+05
2.8052e+05
2.8347e+05
2.864e+05
2.893e+05
2.9218e+05
2.9503e+05
2.9785e+05
3.0064e+05
3.0341e+05
3.0614e+05
3.0884e+05
3.1151e+05
3.1414e+05
3.1674e+05
3.1931e+05
3.2183e+05
3.2432e+05
3.2677e+05
3.2918e+05
3.3155e+05
3.3388e+05
3.3617e+05
3.3841e+05
3.4061e+05
3.4277e+05
3.4488e+05
3.4694e+05
3.4896e+05
3.5094e+05
3.5286e+05
3.5474e+05
3.5656e+05
3.5834e+05
3.6007e+05
3.6175e+05
3.6337e+05
3.6495e+05
3.6647e+05
3.6794e+05
3.6936e+05
3.7072e+05
3.7203e+05
3.7329e+05
3.7449e+05
3.7564e+05
3.7673e+05
3.7776e+05
3.7874e+05
3.7967e+05
3.8054e+05
3.8135e+05
3.821e+05
3.828e+05
3.8344e+05
3.8402e+05
3.8455e+05
3.8502e+05
3.8543e+05
3.8578e+05
3.8608e+05
3.8632e+05
3.865e+05
3.8662e+05
3.8668e+05
3.8669e+05
3.8664e+05
3.8653e+05
3.8637e+05
3.8615e+05
3.8587e+05
3.8553e+05
3.8514e+05
3.8469e+05
3.8418e+05
3.8362e+05
3.8301e+05
3.8234e+05
3.8161e+05
3.8083e+05
3.8e+05
3.7911e+05
3.7817e+05
3.7718e+05
3.7613e+05
3.7503e+05
3.7389e+05
3.7269e+05
3.7144e+05
3.7014e+05
3.688e+05
3.6741e+05
3.6597e+05
3.6448e+05
3.6295e+05
3.6137e+05
3.5975e+05
3.5809e+05
3.5638e+05
3.5463e+05
3.5284e+05
3.5102e+05
3.4915e+05
3.4725e+05
3.4531e+05
3.4333e+05
3.4132e+05
3.3928e+05
3.372e+05
3.3509e+05
3.3295e+05
3.3078e+05
3.2859e+05
3.2637e+05
3.2412e+05
3.2185e+05
3.1955e+05
3.1723e+05
3.1489e+05
3.1253e+05
3.1016e+05
3.0776e+05
3.0535e+05
3.0293e+05
3.0049e+05
2.9804e+05
2.9558e+05
2.9311e+05
2.9064e+05
2.8815e+05
2.8566e+05
2.8317e+05
2.8067e+05
2.7817e+05
2.7567e+05
2.7318e+05
2.7068e+05
2.6819e+05
2.657e+05
2.6322e+05
2.6075e+05
2.5829e+05
2.5583e+05
2.5339e+05
2.5096e+05
2.4854e+05
2.4614e+05
2.4375e+05
2.4138e+05
2.3903e+05
2.3669e+05
2.3438e+05
2.3209e+05
2.2981e+05
2.2757e+05
2.2534e+05
2.2314e+05
2.2097e+05
2.1882e+05
2.167e+05
2.1461e+05
2.1255e+05
2.1052e+05
2.0851e+05
2.0654e+05
2.046e+05
2.0269e+05
2.0082e+05
1.9898e+05
1.9717e+05
1.9539e+05
1.9365e+05
1.9194e+05
1.9027e+05
1.8863e+05
1.8703e+05
1.8547e+05
1.8393e+05
1.8244e+05
1.8098e+05
1.7955e+05
1.7816e+05
1.7681e+05
1.7549e+05
1.7421e+05
1.7296e+05
1.7174e+05
1.7056e+05
1.6941e+05
1.683e+05
1.6721e+05
1.6616e+05
1.6514e+05
1.6415e+05
1.632e+05
1.6227e+05
1.6137e+05
1.605e+05
1.5965e+05
1.5883e+05
1.5804e+05
1.5727e+05
1.5653e+05
1.5581e+05
1.5511e+05
1.5443e+05
1.5377e+05
1.5313e+05
1.525e+05
1.5189e+05
1.513e+05
1.5072e+05
1.5016e+05
1.496e+05
1.4906e+05
1.4852e+05
1.48e+05
1.4747e+05
1.4696e+05
1.4645e+05
1.4594e+05
1.4543e+05
1.4492e+05
1.4441e+05
1.439e+05
1.4338e+05
1.4286e+05
1.4233e+05
1.4179e+05
1.4125e+05
1.4069e+05
1.4012e+05
1.3954e+05
1.3894e+05
1.3833e+05
1.3771e+05
1.3706e+05
1.364e+05
1.3571e+05
1.3501e+05
1.3428e+05
1.3353e+05
1.3275e+05
1.3195e+05
1.3113e+05
1.3028e+05
1.294e+05
1.2849e+05
1.2755e+05
1.2658e+05
1.2559e+05
1.2456e+05
1.235e+05
1.224e+05
1.2128e+05
1.2012e+05
1.1893e+05
1.177e+05
1.1644e+05
1.1515e+05
1.1382e+05
1.1246e+05
1.1107e+05
1.0964e+05
1.0818e+05
1.0668e+05
1.0515e+05
1.0359e+05
1.02e+05
1.0037e+05
98715
97028
95310
93562
91787
89984
88154
86299
84419
82517
80592
78646
76682
74699
72700
70686
68660
66621
64573
62517
60456
58390
56322
54254
52188
50126
48071
46024
43989
41967
39961
37973
36005
34061
32143
30253
28394
26569
24780
23030
21322
19658
18042
16476
14963
13506
12107
10770
9496.8
8290.9
7154.9
6091.8
5104.2
4195.1
3367.2
2623.4
1966.4
1398.9
923.81
543.68
261.24
79.146
0
26.384
160.84
405.86
763.89
1237.3
1828.6
2539.9
3373.5
4331.7
5416.5
6630.1
7974.3
9451.2
11063
12810
14696
16722
18888
21198
23652
26251
28996
31890
34933
38125
41468
44963
48610
52410
56362
60469
64730
69144
73713
78436
83313
88344
93529
98866
1.0436e+05
1.1e+05
1.1579e+05
1.2173e+05
1.2782e+05
1.3406e+05
1.4045e+05
1.4698e+05
1.5366e+05
1.6048e+05
1.6744e+05
1.7454e+05
1.8177e+05
1.8915e+05
1.9665e+05
2.0429e+05
2.1205e+05
2.1994e+05
2.2796e+05
2.3609e+05
2.4435e+05
2.5272e+05
2.6121e+05
2.698e+05
2.785e+05
2.8731e+05
2.9621e+05
3.0522e+05
3.1431e+05
3.235e+05
3.3277e+05
3.4213e+05
3.5157e+05
3.6108e+05
3.7066e+05
3.8032e+05
3.9003e+05
3.9981e+05
4.0964e+05
4.1952e+05
4.2945e+05
4.3942e+05
4.4943e+05
4.5947e+05
4.6954e+05
4.7964e+05
4.8976e+05
4.9989e+05
5.1003e+05
5.2018e+05
5.3034e+05
5.4048e+05
5.5063e+05
5.6075e+05
5.7086e+05
5.8095e+05
5.9101e+05
6.0104e+05
6.1104e+05
6.2099e+05
6.3089e+05
6.4075e+05
6.5055e+05
6.6028e+05
6.6996e+05
6.7956e+05
6.8909e+05
6.9853e+05
7.079e+05
7.1717e+05
7.2635e+05
7.3544e+05
7.4442e+05
7.5329e+05
7.6205e+05
7.707e+05
7.7923e+05
7.8763e+05
7.959e+05
8.0404e+05
8.1204e+05
8.1991e+05
8.2763e+05
8.3519e+05
8.4261e+05
8.4987e+05
8.5697e+05
8.6391e+05
8.7068e+05
8.7728e+05
8.8371e+05
8.8996e+05
8.9603e+05
9.0192e+05
9.0762e+05
9.1314e+05
9.1846e+05
9.2359e+05
9.2852e+05
9.3325e+05
9.3779e+05
9.4212e+05
9.4624e+05
9.5016e+05
9.5387e+05
9.5737e+05
9.6066e+05
9.6373e+05
9.6659e+05
9.6923e+05
9.7165e+05
9.7386e+05
9.7585e+05
9.7761e+05
9.7916e+05
9.8048e+05
9.8159e+05
9.8247e+05
9.8313e+05
9.8356e+05
9.8378e+05
9.8377e+05
9.8354e+05
9.8309e+05
9.8242e+05
9.8153e+05
9.8042e+05
9.7909e+05
9.7755e+05
9.7579e+05
9.7381e+05
9.7162e+05
9.6922e+05
9.6661e+05
9.6379e+05
9.6076e+05
9.5753e+05
9.541e+05
9.5046e+05
9.4663e+05
9.426e+05
9.3837e+05
9.3396e+05
9.2935e+05
9.2456e+05
9.1959e+05
9.1443e+05
9.091e+05
9.0359e+05
8.9792e+05
8.9207e+05
8.8606e+05
8.7989e+05
8.7355e+05
8.6707e+05
8.6043e+05
8.5365e+05
8.4672e+05
8.3965e+05
8.3244e+05
8.2511e+05
8.1764e+05
8.1005e+05
8.0233e+05
7.9451e+05
7.8656e+05
7.7851e+05
7.7036e+05
7.621e+05
7.5375e+05
7.4531e+05
7.3677e+05
7.2816e+05
7.1946e+05
7.1069e+05
7.0185e+05
6.9294e+05
6.8397e+05
6.7495e+05
6.6586e+05
6.5673e+05
6.4756e+05
6.3834e+05
6.2909e+05
6.198e+05
6.1049e+05
6.0115e+05
5.9179e+05
5.8242e+05
5.7303e+05
5.6364e+05
5.5424e+05
5.4485e+05
5.3546e+05
5.2608e+05
5.1671e+05
5.0735e+05
4.9802e+05
4.8871e+05
4.7943e+05
4.7018e+05
4.6097e+05
4.5179e+05
4.4266e+05
4.3357e+05
4.2453e+05
4.1554e+05
4.0661e+05
3.9773e+05
3.8892e+05
3.8018e+05
3.715e+05
3.6289e+05
3.5435e+05
3.4589e+05
3.3751e+05
3.2921e+05
3.21e+05
3.1287e+05
3.0483e+05
2.9688e+05
2.8903e+05
2.8127e+05
2.7361e+05
2.6604e+05
2.5858e+05
2.5122e+05
2.4397e+05
2.3682e+05
2.2978e+05
2.2285e+05
2.1603e+05
2.0932e+05
2.0273e+05
1.9625e+05
1.8988e+05
1.8364e+05
1.775e+05
1.7149e+05
1.6559e+05
1.5982e+05
1.5416e+05
1.4863e+05
1.4321e+05
1.3791e+05
1.3274e+05
1.2769e+05
1.2276e+05
1.1794e+05
1.1325e+05
1.0869e+05
1.0424e+05
99909
95700
91611
87641
83788
80054
76436
72934
69547
66275
63116
60068
57132
54306
51589
48979
46475
44076
41780
39586
37493
35498
33601
31800
30093
28478
26954
25518
24170
22908
21728
20631
19613
18674
17810
17020
16303
15656
15077
14564
14115
13729
13403
13135
12924
12767
12662
12607
12601
12641
12726
12852
13019
13225
13467
13744
14053
14393
14762
15158
15580
16025
16491
16978
17483
18004
18540
19089
19650
20221
20800
21387
21978
22573
23171
23770
24369
24967
25561
26151
26736
27314
27885
28447
28999
29541
30070
30587
31090
31578
32052
32509
32948
33371
33775
34160
34525
34871
35195
35499
35781
36041
36278
