90152
94262
98608
1.0318e+05
1.0799e+05
1.1301e+05
1.1824e+05
1.2367e+05
1.293e+05
1.3511e+05
1.411e+05
1.4724e+05
1.5353e+05
1.5996e+05
1.665e+05
1.7315e+05
1.799e+05
1.8672e+05
1.936e+05
2.0052e+05
2.0747e+05
2.1443e+05
2.2139e+05
2.2832e+05
2.3521e+05
2.4204e+05
2.4879e+05
2.5546e+05
2.6201e+05
2.6844e+05
2.7473e+05
2.8086e+05
2.8682e+05
2.9258e+05
2.9815e+05
3.0349e+05
3.0861e+05
3.1348e+05
3.181e+05
3.2245e+05
3.2652e+05
3.3031e+05
3.338e+05
3.3698e+05
3.3985e+05
3.4241e+05
3.4464e+05
3.4654e+05
3.481e+05
3.4933e+05
3.5023e+05
3.5078e+05
3.51e+05
3.5088e+05
3.5042e+05
3.4962e+05
3.4849e+05
3.4704e+05
3.4526e+05
3.4317e+05
3.4076e+05
3.3806e+05
3.3505e+05
3.3176e+05
3.2818e+05
3.2434e+05
3.2024e+05
3.1589e+05
3.113e+05
3.0648e+05
3.0145e+05
2.9621e+05
2.9078e+05
2.8518e+05
2.794e+05
2.7348e+05
2.6741e+05
2.6122e+05
2.5492e+05
2.4851e+05
2.4202e+05
2.3545e+05
2.2882e+05
2.2215e+05
2.1543e+05
2.087e+05
2.0196e+05
1.9522e+05
1.8849e+05
1.8179e+05
1.7513e+05
1.6852e+05
1.6196e+05
1.5548e+05
1.4908e+05
1.4277e+05
1.3656e+05
1.3046e+05
1.2448e+05
1.1863e+05
1.1291e+05
1.0733e+05
1.0191e+05
96642
91539
86606
81849
77275
72887
68691
64690
60890
57294
53905
50725
47758
45006
42471
40154
38057
36180
34524
33089
31876
30883
30110
29556
29220
29100
29194
29499
30013
30734
31657
32779
34097
35607
37303
39182
41237
43465
45860
48415
51125
53983
56983
60118
63382
66766
70265
73869
77572
81365
85241
89192
93209
97285
1.0141e+05
1.0558e+05
1.0978e+05
1.14e+05
1.1824e+05
1.2249e+05
1.2674e+05
1.3098e+05
1.3521e+05
1.3941e+05
1.4358e+05
1.4771e+05
1.5179e+05
1.5582e+05
1.5978e+05
1.6368e+05
1.675e+05
1.7125e+05
1.749e+05
1.7847e+05
1.8193e+05
1.8529e+05
1.8855e+05
1.9169e+05
1.9472e+05
1.9762e+05
2.004e+05
2.0306e+05
2.0558e+05
2.0797e+05
2.1023e+05
2.1235e+05
2.1434e+05
2.1619e+05
2.1789e+05
2.1946e+05
2.2088e+05
2.2217e+05
2.2332e+05
2.2432e+05
2.2519e+05
2.2592e+05
2.2651e+05
2.2697e+05
2.2729e+05
2.2748e+05
2.2754e+05
2.2747e+05
2.2728e+05
2.2696e+05
2.2651e+05
2.2595e+05
2.2527e+05
2.2447e+05
2.2356e+05
2.2254e+05
2.2141e+05
2.2017e+05
2.1883e+05
2.1739e+05
2.1585e+05
2.1421e+05
2.1247e+05
2.1064e+05
2.0873e+05
2.0672e+05
2.0463e+05
2.0245e+05
2.0019e+05
1.9786e+05
1.9544e+05
1.9295e+05
1.9039e+05
1.8775e+05
1.8505e+05
1.8228e+05
1.7944e+05
1.7654e+05
1.7359e+05
1.7057e+05
1.6751e+05
1.6439e+05
1.6122e+05
1.5801e+05
1.5475e+05
1.5145e+05
1.4812e+05
1.4476e+05
1.4137e+05
1.3795e+05
1.3451e+05
1.3106e+05
1.2759e+05
1.2411e+05
1.2063e+05
1.1715e+05
1.1367e+05
1.102e+05
1.0675e+05
1.0331e+05
99902
96519
93170
89859
86591
83370
80202
77090
74040
71056
68141
65299
62534
59850
57250
54736
52311
49977
47737
45592
43543
41591
39737
37980
36320
34757
33289
31916
30635
29444
28341
27323
26385
25526
24741
24026
23377
22789
22258
21778
21344
20952
20596
20271
19972
19694
19432
19180
18934
18690
18443
18188
17922
17642
17344
17025
16684
16317
15923
15501
15051
14571
14062
13525
12960
12369
11755
11119
10463
9792.5
9109.4
8417.8
7721.9
7026.3
6335.4
5654.3
4988
4341.7
3720.5
3129.8
2574.9
2061.1
1593.3
1176.7
816.04
515.84
280.38
113.61
19.094
0
59.04
198.45
419.94
724.69
1113.3
1585.8
2141.6
2779.4
3497.5
4293.3
5163.7
6104.9
7112.7
8182
9307.3
10482
11701
12955
14238
15541
16856
18174
19487
20785
22059
23299
24496
25641
26724
27737
28671
29518
30269
30917
31456
31879
32180
32356
32402
32316
32096
31740
31249
30624
29869
28985
27980
26858
25627
24296
22874
21374
19808
18189
16532
14854
13172
11503
9869
8288.5
6783.2
5375.4
4087.8
2943.9
1967.9
1184.3
618.04
294.27
238.34
475.65
1031.5
1931
3199
4859.8
6937.3
9454.6
12434
15897
19865
24355
29387
34978
41142
47892
55243
63202
71780
80982
90813
1.0128e+05
1.1237e+05
1.241e+05
1.3645e+05
1.4943e+05
1.6302e+05
1.7721e+05
1.9199e+05
2.0735e+05
2.2327e+05
2.3973e+05
2.5671e+05
2.7418e+05
2.9213e+05
3.1051e+05
3.2932e+05
3.4851e+05
3.6805e+05
3.879e+05
4.0804e+05
4.2843e+05
4.4902e+05
4.6977e+05
4.9066e+05
5.1163e+05
5.3263e+05
5.5364e+05
5.7461e+05
5.9548e+05
6.1622e+05
6.3679e+05
6.5713e+05
6.772e+05
6.9697e+05
7.1638e+05
7.354e+05
7.5397e+05
7.7207e+05
7.8964e+05
8.0666e+05
8.2308e+05
8.3887e+05
8.5398e+05
8.684e+05
8.8208e+05
8.9499e+05
9.0712e+05
9.1842e+05
9.2889e+05
9.3849e+05
9.4721e+05
9.5502e+05
9.6192e+05
9.679e+05
9.7293e+05
9.7701e+05
9.8014e+05
9.8231e+05
9.8352e+05
9.8378e+05
9.8308e+05
9.8143e+05
9.7884e+05
9.7533e+05
9.7089e+05
9.6555e+05
9.5933e+05
9.5224e+05
9.443e+05
9.3553e+05
9.2597e+05
9.1562e+05
9.0453e+05
8.9273e+05
8.8023e+05
8.6707e+05
8.5329e+05
8.3892e+05
8.2399e+05
8.0853e+05
7.9259e+05
7.762e+05
7.5939e+05
7.4221e+05
7.247e+05
7.0688e+05
6.888e+05
6.7049e+05
6.5199e+05
6.3335e+05
6.1459e+05
5.9575e+05
5.7688e+05
5.5799e+05
5.3914e+05
5.2035e+05
5.0165e+05
4.8307e+05
4.6466e+05
4.4643e+05
4.2841e+05
4.1064e+05
3.9313e+05
3.7592e+05
3.5902e+05
3.4246e+05
3.2626e+05
3.1044e+05
2.9501e+05
2.7999e+05
2.654e+05
2.5124e+05
2.3754e+05
2.243e+05
2.1153e+05
1.9923e+05
1.8742e+05
1.761e+05
1.6527e+05
1.5493e+05
1.4509e+05
1.3574e+05
1.2688e+05
1.1851e+05
1.1062e+05
1.0321e+05
96279
89808
83794
78226
73096
68391
64102
60214
56715
53592
50830
48415
46332
44567
43102
41923
41014
40358
39940
39743
39751
39949
40320
40848
41519
42317
43226
44233
45322
46481
47696
48953
50240
51545
52857
54164
55457
56725
57960
59152
60294
61378
62397
63346
64218
65009
65715
66331
66855
67283
67615
67848
67982
68016
67950
67786
67523
67165
66712
66168
65534
64814
64012
63131
62175
61149
60057
58904
57694
56433
55126
53778
52394
50980
49541
48082
46609
45127
43640
42155
40676
39208
37756
36323
34915
33535
32187
30875
29602
28371
27186
26048
24960
23925
22943
22017
21148
20336
19582
18887
18250
17672
17153
16690
16284
15934
15638
15394
15201
15057
14960
14907
14897
14926
14992
15092
15224
15385
15571
15781
16010
16255
16515
16786
17065
17349
17636
17922
18206
18484
18754
19015
19263
19498
19716
19916
20098
20258
20396
20511
20603
20669
20710
20724
20713
20675
20611
20521
20405
20264
20097
19907
19693
19457
19200
18922
18626
18312
17981
17636
17277
16906
16525
16134
15737
15334
14926
14516
14105
13694
13284
12878
12476
12080
11691
11309
10937
10575
10223
9883.6
