1.8711e+05
1.9004e+05
1.9299e+05
1.9595e+05
1.9892e+05
2.019e+05
2.0488e+05
2.0787e+05
2.1086e+05
2.1385e+05
2.1684e+05
2.1982e+05
2.228e+05
2.2577e+05
2.2872e+05
2.3167e+05
2.346e+05
2.3751e+05
2.404e+05
2.4327e+05
2.4611e+05
2.4893e+05
2.5172e+05
2.5449e+05
2.5722e+05
2.5992e+05
2.6259e+05
2.6522e+05
2.6781e+05
2.7036e+05
2.7287e+05
2.7534e+05
2.7777e+05
2.8015e+05
2.8248e+05
2.8477e+05
2.8701e+05
2.892e+05
2.9134e+05
2.9343e+05
2.9546e+05
2.9744e+05
2.9937e+05
3.0125e+05
3.0307e+05
3.0484e+05
3.0655e+05
3.082e+05
3.098e+05
3.1134e+05
3.1283e+05
3.1426e+05
3.1563e+05
3.1695e+05
3.1821e+05
3.1941e+05
3.2056e+05
3.2166e+05
3.227e+05
3.2368e+05
3.2462e+05
3.255e+05
3.2632e+05
3.271e+05
3.2782e+05
3.285e+05
3.2913e+05
3.297e+05
3.3024e+05
3.3072e+05
3.3116e+05
3.3156e+05
3.3192e+05
3.3223e+05
3.325e+05
3.3274e+05
3.3294e+05
3.331e+05
3.3323e+05
3.3332e+05
3.3339e+05
3.3342e+05
3.3342e+05
3.334e+05
3.3335e+05
3.3327e+05
3.3318e+05
3.3306e+05
3.3292e+05
3.3276e+05
3.3258e+05
3.3239e+05
3.3218e+05
3.3196e+05
3.3172e+05
3.3148e+05
3.3122e+05
3.3096e+05
3.3069e+05
3.3042e+05
3.3014e+05
3.2985e+05
3.2957e+05
3.2928e+05
3.2899e+05
3.287e+05
3.2842e+05
3.2813e+05
3.2785e+05
3.2757e+05
3.273e+05
3.2703e+05
3.2676e+05
3.265e+05
3.2625e+05
3.26e+05
3.2577e+05
3.2553e+05
3.2531e+05
3.2509e+05
3.2488e+05
3.2468e+05
3.2448e+05
3.243e+05
3.2411e+05
3.2394e+05
3.2377e+05
3.2361e+05
3.2346e+05
3.2331e+05
3.2316e+05
3.2302e+05
3.2288e+05
3.2274e+05
3.2261e+05
3.2248e+05
3.2234e+05
3.2221e+05
3.2208e+05
3.2194e+05
3.218e+05
3.2165e+05
3.215e+05
3.2134e+05
3.2118e+05
3.21e+05
3.2082e+05
3.2062e+05
3.2041e+05
3.2019e+05
3.1995e+05
3.1969e+05
3.1942e+05
3.1913e+05
3.1881e+05
3.1848e+05
3.1812e+05
3.1774e+05
3.1733e+05
3.169e+05
3.1644e+05
3.1595e+05
3.1543e+05
3.1487e+05
3.1429e+05
3.1367e+05
3.1302e+05
3.1233e+05
3.1161e+05
3.1084e+05
3.1004e+05
3.092e+05
3.0832e+05
3.074e+05
3.0644e+05
3.0544e+05
3.0439e+05
3.033e+05
3.0217e+05
3.01e+05
2.9978e+05
2.9851e+05
2.972e+05
2.9585e+05
2.9445e+05
2.9301e+05
2.9152e+05
2.8999e+05
2.8841e+05
2.8679e+05
2.8513e+05
2.8342e+05
2.8167e+05
2.7988e+05
2.7805e+05
2.7618e+05
2.7427e+05
2.7232e+05
2.7033e+05
2.683e+05
2.6624e+05
2.6414e+05
2.6201e+05
2.5985e+05
2.5766e+05
2.5544e+05
2.5318e+05
2.5091e+05
2.486e+05
2.4627e+05
2.4392e+05
2.4155e+05
2.3916e+05
2.3675e+05
2.3432e+05
2.3189e+05
2.2943e+05
2.2697e+05
2.245e+05
2.2202e+05
2.1954e+05
2.1705e+05
2.1456e+05
2.1207e+05
2.0958e+05
2.0709e+05
2.0461e+05
2.0214e+05
1.9967e+05
1.9722e+05
1.9477e+05
1.9234e+05
1.8993e+05
1.8753e+05
1.8515e+05
1.8279e+05
1.8045e+05
1.7813e+05
1.7584e+05
1.7357e+05
1.7132e+05
1.6911e+05
1.6692e+05
1.6476e+05
1.6264e+05
1.6054e+05
1.5848e+05
1.5645e+05
1.5445e+05
1.5249e+05
1.5056e+05
1.4866e+05
1.4681e+05
1.4499e+05
1.432e+05
1.4145e+05
1.3974e+05
1.3806e+05
1.3642e+05
1.3481e+05
1.3324e+05
1.3171e+05
1.3021e+05
1.2874e+05
1.2731e+05
1.2591e+05
1.2455e+05
1.2321e+05
1.2191e+05
1.2064e+05
1.1939e+05
1.1817e+05
1.1698e+05
1.1581e+05
1.1467e+05
1.1355e+05
1.1246e+05
1.1138e+05
1.1032e+05
1.0928e+05
1.0825e+05
1.0724e+05
1.0624e+05
1.0525e+05
1.0427e+05
1.033e+05
1.0233e+05
1.0137e+05
1.0041e+05
99452
98493
97532
96567
95597
94620
93634
92638
91630
90610
89575
88524
87457
86371
85266
84140
82993
81824
80631
79415
78174
76907
75615
74297
72952
71581
70184
68759
67309
65832
64329
62802
61249
59673
58074
56453
54811
53150
51471
49775
48064
46340
44604
42860
41108
39352
37593
35835
34080
32330
30589
28859
27144
25447
23771
22120
20497
18906
17351
15835
14362
12936
11562
10243
8983.8
7788.2
6660.5
5605.2
4626.6
3729.1
2917.1
2194.9
1567.2
1038.3
612.65
294.77
89.074
0
31.946
189.28
476.34
897.4
1456.7
2158.4
3006.7
4005.5
5158.9
6470.6
7944.5
9584.3
11394
13376
15534
17872
20392
23098
25992
29077
32356
35830
39502
43375
47449
51726
56209
60898
65794
70898
76212
81734
87466
93409
99560
1.0592e+05
1.1249e+05
1.1927e+05
1.2625e+05
1.3344e+05
1.4084e+05
1.4843e+05
1.5623e+05
1.6423e+05
1.7242e+05
1.808e+05
1.8938e+05
1.9814e+05
2.0709e+05
2.1622e+05
2.2553e+05
2.3501e+05
2.4466e+05
2.5447e+05
2.6445e+05
2.7458e+05
2.8486e+05
2.9529e+05
3.0586e+05
3.1656e+05
3.2739e+05
3.3835e+05
3.4943e+05
3.6061e+05
3.719e+05
3.8329e+05
3.9477e+05
4.0633e+05
4.1798e+05
4.2969e+05
4.4147e+05
4.533e+05
4.6519e+05
4.7711e+05
4.8907e+05
5.0105e+05
5.1306e+05
5.2507e+05
5.3708e+05
5.4909e+05
5.6109e+05
5.7306e+05
5.8501e+05
5.9691e+05
6.0877e+05
6.2058e+05
6.3232e+05
6.4399e+05
6.5559e+05
6.6709e+05
6.785e+05
6.8981e+05
7.0101e+05
7.1208e+05
7.2303e+05
7.3385e+05
7.4452e+05
7.5505e+05
7.6541e+05
7.7561e+05
7.8564e+05
7.9549e+05
8.0515e+05
8.1462e+05
8.2388e+05
8.3294e+05
8.4179e+05
8.5042e+05
8.5882e+05
8.6698e+05
8.7492e+05
8.826e+05
8.9004e+05
8.9723e+05
9.0415e+05
9.1081e+05
9.1721e+05
9.2333e+05
9.2917e+05
9.3473e+05
9.4001e+05
9.45e+05
9.497e+05
9.5411e+05
9.5821e+05
9.6202e+05
9.6553e+05
9.6873e+05
9.7163e+05
9.7422e+05
9.765e+05
9.7847e+05
9.8013e+05
9.8148e+05
9.8252e+05
9.8325e+05
9.8367e+05
9.8378e+05
9.8357e+05
9.8306e+05
9.8225e+05
9.8112e+05
9.7969e+05
9.7796e+05
9.7593e+05
9.736e+05
9.7097e+05
9.6806e+05
9.6485e+05
9.6135e+05
9.5758e+05
9.5352e+05
9.4919e+05
9.4459e+05
9.3972e+05
9.3459e+05
9.292e+05
9.2356e+05
9.1767e+05
9.1153e+05
9.0516e+05
8.9856e+05
8.9173e+05
8.8468e+05
8.7741e+05
8.6994e+05
8.6226e+05
8.5439e+05
8.4632e+05
8.3807e+05
8.2965e+05
8.2105e+05
8.1229e+05
8.0337e+05
7.943e+05
7.8509e+05
7.7574e+05
7.6626e+05
7.5666e+05
7.4694e+05
7.3711e+05
7.2719e+05
7.1716e+05
7.0705e+05
6.9686e+05
6.866e+05
6.7627e+05
6.6588e+05
6.5544e+05
6.4495e+05
6.3442e+05
6.2387e+05
6.1328e+05
6.0268e+05
5.9207e+05
5.8145e+05
5.7084e+05
5.6023e+05
5.4964e+05
5.3907e+05
5.2852e+05
5.1801e+05
5.0753e+05
4.971e+05
4.8672e+05
4.764e+05
4.6613e+05
4.5594e+05
4.4581e+05
4.3576e+05
4.2579e+05
4.1591e+05
4.0612e+05
3.9643e+05
3.8683e+05
3.7734e+05
3.6796e+05
3.5868e+05
3.4953e+05
3.4049e+05
3.3157e+05
3.2278e+05
3.1412e+05
3.0558e+05
2.9719e+05
2.8893e+05
2.808e+05
2.7282e+05
2.6498e+05
2.5729e+05
2.4974e+05
2.4235e+05
2.351e+05
2.28e+05
2.2106e+05
2.1427e+05
2.0763e+05
2.0115e+05
1.9482e+05
1.8865e+05
1.8263e+05
1.7677e+05
1.7106e+05
1.6551e+05
1.6012e+05
1.5488e+05
1.4979e+05
1.4486e+05
1.4008e+05
1.3545e+05
1.3097e+05
1.2664e+05
1.2246e+05
1.1842e+05
1.1453e+05
1.1078e+05
1.0718e+05
1.0371e+05
1.0038e+05
97190
94131
91203
88404
85733
83186
80761
78457
76269
74197
72236
70385
68641
67001
65462
64022
62678
61426
60265
59190
58201
57292
56463
55709
55028
54417
53873
53394
52977
52618
52316
52067
51868
51718
51613
51550
51528
51543
51594
51677
51790
51931
52098
52288
52499
52729
52977
53238
53513
53798
54093
54394
54701
55012
55324
55637
55949
56259
56564
56864
57157
57443
57720
57986
58241
58485
58715
58931
59132
59318
59488
59641
59776
59893
59992
60072
60133
60174
60195
60196
60176
60136
60076
59994
59892
59770
59626
59463
59278
59074
58849
58605
58341
58057
57755
57434
57095
56737
56363
55971
55562
55138
54697
54242
53772
53287
52789
52278
51754
51219
50671
50113
49545
48967
48380
47784
