21999
25132
28476
32028
35784
39736
43881
48212
52721
57403
62250
67253
72405
77698
83123
88670
94331
1.001e+05
1.0596e+05
1.119e+05
1.1792e+05
1.24e+05
1.3014e+05
1.3632e+05
1.4254e+05
1.4878e+05
1.5503e+05
1.6128e+05
1.6753e+05
1.7375e+05
1.7995e+05
1.8611e+05
1.9223e+05
1.9828e+05
2.0427e+05
2.1018e+05
2.16e+05
2.2173e+05
2.2735e+05
2.3286e+05
2.3825e+05
2.4352e+05
2.4864e+05
2.5363e+05
2.5846e+05
2.6314e+05
2.6765e+05
2.72e+05
2.7617e+05
2.8017e+05
2.8398e+05
2.876e+05
2.9103e+05
2.9427e+05
2.9731e+05
3.0015e+05
3.0278e+05
3.0522e+05
3.0745e+05
3.0947e+05
3.1129e+05
3.129e+05
3.143e+05
3.155e+05
3.1649e+05
3.1728e+05
3.1787e+05
3.1827e+05
3.1846e+05
3.1847e+05
3.1828e+05
3.1791e+05
3.1736e+05
3.1663e+05
3.1572e+05
3.1465e+05
3.1342e+05
3.1203e+05
3.1048e+05
3.088e+05
3.0697e+05
3.05e+05
3.0292e+05
3.0071e+05
2.9838e+05
2.9595e+05
2.9342e+05
2.908e+05
2.8809e+05
2.853e+05
2.8245e+05
2.7953e+05
2.7655e+05
2.7353e+05
2.7046e+05
2.6737e+05
2.6424e+05
2.611e+05
2.5794e+05
2.5478e+05
2.5163e+05
2.4848e+05
2.4535e+05
2.4225e+05
2.3917e+05
2.3613e+05
2.3314e+05
2.3019e+05
2.273e+05
2.2447e+05
2.2171e+05
2.1901e+05
2.164e+05
2.1387e+05
2.1142e+05
2.0906e+05
2.068e+05
2.0463e+05
2.0257e+05
2.0062e+05
1.9877e+05
1.9703e+05
1.9541e+05
1.939e+05
1.9251e+05
1.9123e+05
1.9008e+05
1.8905e+05
1.8814e+05
1.8735e+05
1.8668e+05
1.8613e+05
1.8571e+05
1.854e+05
1.8522e+05
1.8515e+05
1.8519e+05
1.8535e+05
1.8562e+05
1.86e+05
1.8649e+05
1.8707e+05
1.8776e+05
1.8854e+05
1.8941e+05
1.9038e+05
1.9142e+05
1.9255e+05
1.9375e+05
1.9502e+05
1.9635e+05
1.9775e+05
1.992e+05
2.007e+05
2.0225e+05
2.0383e+05
2.0545e+05
2.071e+05
2.0877e+05
2.1045e+05
2.1215e+05
2.1385e+05
2.1556e+05
2.1725e+05
2.1894e+05
2.206e+05
2.2225e+05
2.2387e+05
2.2545e+05
2.2699e+05
2.285e+05
2.2995e+05
2.3135e+05
2.3269e+05
2.3397e+05
2.3518e+05
2.3632e+05
2.3738e+05
2.3837e+05
2.3927e+05
2.4009e+05
2.4082e+05
2.4146e+05
2.42e+05
2.4245e+05
2.428e+05
2.4305e+05
2.432e+05
2.4324e+05
2.4318e+05
2.4301e+05
2.4274e+05
2.4236e+05
2.4188e+05
2.4129e+05
2.4059e+05
2.3979e+05
2.3889e+05
2.3788e+05
2.3678e+05
2.3557e+05
2.3427e+05
2.3287e+05
2.3137e+05
2.2979e+05
2.2812e+05
2.2636e+05
2.2452e+05
2.2261e+05
2.2061e+05
2.1854e+05
2.1641e+05
2.1421e+05
2.1194e+05
2.0962e+05
2.0724e+05
2.0482e+05
2.0234e+05
1.9983e+05
1.9727e+05
1.9468e+05
1.9206e+05
1.8941e+05
1.8673e+05
1.8404e+05
1.8133e+05
1.786e+05
1.7587e+05
1.7313e+05
1.7039e+05
1.6765e+05
1.6491e+05
1.6218e+05
1.5946e+05
1.5674e+05
1.5405e+05
1.5136e+05
1.487e+05
1.4606e+05
1.4344e+05
1.4084e+05
1.3827e+05
1.3572e+05
1.332e+05
1.3071e+05
1.2825e+05
1.2582e+05
1.2342e+05
1.2105e+05
1.1871e+05
1.164e+05
1.1412e+05
1.1187e+05
1.0965e+05
1.0746e+05
1.0529e+05
1.0316e+05
1.0105e+05
98968
96909
94875
92862
90871
88900
86948
85014
83096
81193
79304
77428
75563
73710
71865
70030
68202
66381
64566
62758
60954
59156
57362
55573
53789
52009
50235
48466
46704
44949
43201
41462
39733
38015
36310
34619
32944
31286
29648
28030
26436
24868
23327
21815
20336
18891
17483
16114
14786
13502
12264
11075
9935.9
8849.8
7818.6
6844.3
5928.8
5073.9
4281.4
3552.7
2889.3
2292.3
1763
1302.1
910.32
588.27
336.21
154.26
42.3
0
26.806
121.93
284.37
512.88
805.99
1162
1578.9
2054.7
2586.9
3172.9
3810
4495.1
5225
5996.3
6805.6
7649.1
8522.9
9423
10345
11286
12239
13203
14171
15139
16103
17059
18002
18927
19830
20707
21553
22365
23139
23871
24557
25194
25780
26310
26783
27197
27548
27837
28060
28218
28310
28336
28296
28190
28020
27787
27493
27141
26733
26272
25763
25210
24618
23991
23335
22656
21961
21257
20551
19851
19166
18503
17871
17281
16741
16261
15853
15525
15290
15157
15138
15245
15487
15879
16429
17151
18055
19154
20458
21979
23729
25718
27956
30456
33226
36277
39619
43260
47210
51477
56069
60993
66255
71864
77823
84138
90813
97853
1.0526e+05
1.1304e+05
1.2118e+05
1.297e+05
1.3859e+05
1.4785e+05
1.5749e+05
1.6748e+05
1.7785e+05
1.8857e+05
1.9965e+05
2.1108e+05
2.2285e+05
2.3496e+05
2.4739e+05
2.6015e+05
2.7321e+05
2.8657e+05
3.0022e+05
3.1415e+05
3.2834e+05
3.4278e+05
3.5745e+05
3.7235e+05
3.8745e+05
4.0274e+05
4.182e+05
4.3381e+05
4.4957e+05
4.6544e+05
4.8141e+05
4.9746e+05
5.1357e+05
5.2972e+05
5.459e+05
5.6207e+05
5.7822e+05
5.9433e+05
6.1038e+05
6.2634e+05
6.422e+05
6.5793e+05
6.7351e+05
6.8892e+05
7.0414e+05
7.1914e+05
7.3392e+05
7.4843e+05
7.6268e+05
7.7663e+05
7.9027e+05
8.0357e+05
8.1652e+05
8.291e+05
8.4129e+05
8.5308e+05
8.6444e+05
8.7536e+05
8.8584e+05
8.9584e+05
9.0536e+05
9.1438e+05
9.229e+05
9.309e+05
9.3836e+05
9.4529e+05
9.5166e+05
9.5748e+05
9.6273e+05
9.6741e+05
9.7151e+05
9.7502e+05
9.7796e+05
9.803e+05
9.8205e+05
9.8321e+05
9.8378e+05
9.8375e+05
9.8314e+05
9.8194e+05
9.8016e+05
9.778e+05
9.7486e+05
9.7136e+05
9.673e+05
9.6268e+05
9.5753e+05
9.5184e+05
9.4562e+05
9.3889e+05
9.3167e+05
9.2395e+05
9.1575e+05
9.071e+05
8.9799e+05
8.8846e+05
8.785e+05
8.6814e+05
8.574e+05
8.4628e+05
8.3481e+05
8.2301e+05
8.1089e+05
7.9847e+05
7.8577e+05
7.728e+05
7.5959e+05
7.4615e+05
7.325e+05
7.1866e+05
7.0465e+05
6.9049e+05
6.762e+05
6.6179e+05
6.4729e+05
6.327e+05
6.1806e+05
6.0337e+05
5.8866e+05
5.7394e+05
5.5923e+05
5.4455e+05
5.2991e+05
5.1532e+05
5.0082e+05
4.8639e+05
4.7208e+05
4.5788e+05
4.4381e+05
4.2989e+05
4.1612e+05
4.0252e+05
3.891e+05
3.7588e+05
3.6285e+05
3.5004e+05
3.3745e+05
3.2509e+05
3.1297e+05
3.0109e+05
2.8946e+05
2.781e+05
2.67e+05
2.5617e+05
2.4561e+05
2.3533e+05
2.2533e+05
2.1562e+05
2.0619e+05
1.9706e+05
1.8821e+05
1.7965e+05
1.7139e+05
1.6341e+05
1.5573e+05
1.4833e+05
1.4122e+05
1.344e+05
1.2786e+05
1.2159e+05
1.1561e+05
1.0989e+05
1.0445e+05
99263
94340
89671
85251
81074
77136
73429
69948
66687
63638
60796
58154
55704
53440
51355
49442
47694
46103
44664
43367
42208
41178
40270
39479
38796
38216
37731
37336
37023
36787
36622
36522
36480
36492
36552
36655
36795
36968
37168
37393
37637
37895
38165
38443
38724
39006
39286
39560
39826
40081
40323
40550
40759
40950
41119
41267
41391
41490
41564
41611
41631
41623
41587
41523
41430
41308
41158
40979
40773
40538
40276
39988
39673
39333
38969
38580
38169
37735
37281
36806
36312
35801
35272
34728
34169
33597
33012
32416
31810
31196
30573
29944
29309
28670
28028
27383
26738
26092
25447
24803
24162
23525
22892
22264
21642
21027
20420
19820
19230
18648
18076
17515
16965
16425
15898
15382
14879
14388
13910
13444
12992
12553
12128
11715
11317
10931
10558
10199
9853
9519.7
9199
8890.9
8595.1
8311.3
8039.2
7778.6
7529.1
7290.4
7062.1
6843.8
6635.2
6435.9
6245.4
6063.4
5889.3
5722.8
5563.3
5410.5
5263.8
