71957
74853
77829
80881
84007
87202
90462
93783
97162
1.0059e+05
1.0407e+05
1.076e+05
1.1116e+05
1.1476e+05
1.1839e+05
1.2205e+05
1.2573e+05
1.2942e+05
1.3313e+05
1.3684e+05
1.4056e+05
1.4428e+05
1.4799e+05
1.5168e+05
1.5537e+05
1.5903e+05
1.6267e+05
1.6629e+05
1.6987e+05
1.7341e+05
1.7692e+05
1.8038e+05
1.8379e+05
1.8715e+05
1.9046e+05
1.9371e+05
1.9689e+05
2.0002e+05
2.0307e+05
2.0606e+05
2.0897e+05
2.1181e+05
2.1457e+05
2.1725e+05
2.1985e+05
2.2237e+05
2.2481e+05
2.2715e+05
2.2942e+05
2.3159e+05
2.3368e+05
2.3567e+05
2.3758e+05
2.394e+05
2.4113e+05
2.4276e+05
2.4431e+05
2.4577e+05
2.4714e+05
2.4842e+05
2.4961e+05
2.5072e+05
2.5175e+05
2.5269e+05
2.5354e+05
2.5432e+05
2.5502e+05
2.5564e+05
2.5618e+05
2.5665e+05
2.5705e+05
2.5738e+05
2.5764e+05
2.5784e+05
2.5798e+05
2.5805e+05
2.5807e+05
2.5804e+05
2.5795e+05
2.5781e+05
2.5762e+05
2.5739e+05
2.5711e+05
2.568e+05
2.5645e+05
2.5606e+05
2.5565e+05
2.552e+05
2.5473e+05
2.5423e+05
2.5371e+05
2.5317e+05
2.5261e+05
2.5204e+05
2.5146e+05
2.5086e+05
2.5026e+05
2.4964e+05
2.4903e+05
2.4841e+05
2.4778e+05
2.4716e+05
2.4654e+05
2.4593e+05
2.4531e+05
2.4471e+05
2.4411e+05
2.4351e+05
2.4293e+05
2.4235e+05
2.4179e+05
2.4124e+05
2.4069e+05
2.4017e+05
2.3965e+05
2.3914e+05
2.3865e+05
2.3817e+05
2.377e+05
2.3725e+05
2.3681e+05
2.3638e+05
2.3597e+05
2.3556e+05
2.3517e+05
2.3479e+05
2.3442e+05
2.3405e+05
2.337e+05
2.3336e+05
2.3302e+05
2.3269e+05
2.3237e+05
2.3205e+05
2.3173e+05
2.3142e+05
2.3111e+05
2.3081e+05
2.305e+05
2.302e+05
2.2989e+05
2.2958e+05
2.2926e+05
2.2895e+05
2.2862e+05
2.2829e+05
2.2796e+05
2.2761e+05
2.2726e+05
2.269e+05
2.2653e+05
2.2614e+05
2.2574e+05
2.2534e+05
2.2491e+05
2.2447e+05
2.2402e+05
2.2355e+05
2.2307e+05
2.2257e+05
2.2205e+05
2.2151e+05
2.2096e+05
2.2038e+05
2.1979e+05
2.1918e+05
2.1854e+05
2.1789e+05
2.1722e+05
2.1652e+05
2.1581e+05
2.1508e+05
2.1432e+05
2.1354e+05
2.1274e+05
2.1192e+05
2.1108e+05
2.1022e+05
2.0934e+05
2.0843e+05
2.075e+05
2.0655e+05
2.0558e+05
2.0459e+05
2.0358e+05
2.0255e+05
2.0149e+05
2.0042e+05
1.9932e+05
1.9821e+05
1.9707e+05
1.9591e+05
1.9473e+05
1.9353e+05
1.9231e+05
1.9107e+05
1.8981e+05
1.8853e+05
1.8723e+05
1.859e+05
1.8456e+05
1.832e+05
1.8182e+05
1.8041e+05
1.7899e+05
1.7755e+05
1.7608e+05
1.746e+05
1.731e+05
1.7157e+05
1.7003e+05
1.6846e+05
1.6688e+05
1.6527e+05
1.6364e+05
1.62e+05
1.6033e+05
1.5864e+05
1.5694e+05
1.5521e+05
1.5346e+05
1.517e+05
1.4991e+05
1.481e+05
1.4628e+05
1.4443e+05
1.4257e+05
1.4069e+05
1.3879e+05
1.3687e+05
1.3494e+05
1.3299e+05
1.3102e+05
1.2903e+05
1.2704e+05
1.2502e+05
1.23e+05
1.2096e+05
1.1891e+05
1.1685e+05
1.1477e+05
1.1269e+05
1.106e+05
1.0851e+05
1.0641e+05
1.043e+05
1.0219e+05
1.0008e+05
97970
95860
93753
91650
89553
87463
85383
83313
81256
79214
77188
75180
73192
71226
69284
67368
65479
63620
61792
59998
58239
56517
54834
53192
51592
50036
48526
47063
45650
44287
42975
41717
40513
39364
38272
37238
36262
35345
34488
33691
32954
32279
31664
31111
30618
30186
29815
29503
29250
29056
28919
28838
28812
28840
28920
29051
29230
29456
29727
30040
30394
30786
31213
31673
32163
32680
33222
33785
34366
34962
35570
36187
36809
37433
38056
38674
39284
39883
40466
41032
41576
42095
42586
43047
43473
43861
44210
44516
44776
44989
45151
45260
45315
45313
45253
45132
44951
44707
44400
44029
43594
43094
42530
41901
41208
40453
39635
38757
37820
36826
35776
34675
33523
32325
31083
29802
28484
27134
25757
24357
22939
21508
20070
18630
17194
15769
14360
12975
11621
10303
9029.4
7807.6
6644.9
5549
4527.5
3588.5
2739.8
1989.5
1345.7
816.64
410.51
135.55
0
12.102
180.05
512.01
1016.1
1700.2
2572.4
3640.3
4911.8
6394.1
8094.7
10021
12179
14576
17219
20114
23266
26682
30366
34323
38559
43077
47882
52977
58366
64050
70033
76316
82900
89788
96979
1.0447e+05
1.1227e+05
1.2037e+05
1.2877e+05
1.3748e+05
1.4647e+05
1.5577e+05
1.6535e+05
1.7522e+05
1.8537e+05
1.9581e+05
2.0651e+05
2.1749e+05
2.2872e+05
2.4021e+05
2.5195e+05
2.6393e+05
2.7613e+05
2.8857e+05
3.0121e+05
3.1407e+05
3.2711e+05
3.4035e+05
3.5375e+05
3.6733e+05
3.8105e+05
3.9491e+05
4.089e+05
4.2301e+05
4.3723e+05
4.5153e+05
4.6591e+05
4.8035e+05
4.9485e+05
5.0938e+05
5.2393e+05
5.385e+05
5.5305e+05
5.6759e+05
5.8209e+05
5.9654e+05
6.1093e+05
6.2523e+05
6.3945e+05
6.5355e+05
6.6753e+05
6.8138e+05
6.9507e+05
7.0859e+05
7.2193e+05
7.3508e+05
7.4801e+05
7.6073e+05
7.732e+05
7.8543e+05
7.9739e+05
8.0907e+05
8.2047e+05
8.3156e+05
8.4234e+05
8.528e+05
8.6292e+05
8.7269e+05
8.821e+05
8.9115e+05
8.9982e+05
9.081e+05
9.1599e+05
9.2348e+05
9.3056e+05
9.3722e+05
9.4345e+05
9.4925e+05
9.5462e+05
9.5954e+05
9.6402e+05
9.6805e+05
9.7163e+05
9.7475e+05
9.7741e+05
9.7961e+05
9.8134e+05
9.8262e+05
9.8343e+05
9.8378e+05
9.8366e+05
9.8309e+05
9.8206e+05
9.8057e+05
9.7863e+05
9.7625e+05
9.7341e+05
9.7014e+05
9.6643e+05
9.623e+05
9.5774e+05
9.5276e+05
9.4738e+05
9.4159e+05
9.3541e+05
9.2884e+05
9.219e+05
9.1458e+05
9.0691e+05
8.989e+05
8.9054e+05
8.8185e+05
8.7285e+05
8.6354e+05
8.5393e+05
8.4405e+05
8.3389e+05
8.2347e+05
8.128e+05
8.0189e+05
7.9077e+05
7.7943e+05
7.679e+05
7.5618e+05
7.4428e+05
7.3223e+05
7.2004e+05
7.077e+05
6.9525e+05
6.8269e+05
6.7004e+05
6.573e+05
6.4449e+05
6.3163e+05
6.1872e+05
6.0577e+05
5.9281e+05
5.7984e+05
5.6687e+05
5.5392e+05
5.41e+05
5.2811e+05
5.1527e+05
5.0249e+05
4.8978e+05
4.7715e+05
4.6461e+05
4.5217e+05
4.3984e+05
4.2763e+05
4.1554e+05
4.0358e+05
3.9177e+05
3.8011e+05
3.6861e+05
3.5727e+05
3.4611e+05
3.3512e+05
3.2431e+05
3.1369e+05
3.0327e+05
2.9305e+05
2.8303e+05
2.7321e+05
2.6361e+05
2.5422e+05
2.4505e+05
2.361e+05
2.2738e+05
2.1887e+05
2.106e+05
2.0255e+05
1.9473e+05
1.8713e+05
1.7977e+05
1.7264e+05
1.6573e+05
1.5906e+05
1.5261e+05
1.4639e+05
1.4039e+05
1.3462e+05
1.2906e+05
1.2373e+05
1.1861e+05
1.1371e+05
1.0902e+05
1.0453e+05
1.0025e+05
96173
92293
88605
85108
81797
78667
75714
72934
70322
67874
65585
63450
61464
59622
57920
56353
54915
53601
52407
51328
50358
49493
48728
48058
47478
46983
46569
46231
45964
45764
45627
45547
45522
45547
45617
45729
45880
46064
46280
46522
46789
47076
47380
47699
48030
48370
48715
49065
49416
49766
50113
50455
50790
51116
51431
51735
52026
52301
52561
52804
53029
53234
53421
53586
53731
53854
53955
54034
54090
54124
54134
54121
54086
54027
53946
53842
53716
53567
53397
53206
52994
52761
52508
52236
51944
51635
51307
50963
50602
50225
49832
49426
49005
48571
48124
47665
47195
46715
46225
45725
45217
44700
44177
43646
43110
42568
42021
41469
40914
40356
39794
39231
38666
38099
37531
36964
36396
35828
35262
34696
34132
33570
33010
32453
31899
31347
30799
30255
29714
29178
28646
28118
27595
27077
26564
26056
25554
