9.8378e+05
9.8085e+05
9.7785e+05
9.7478e+05
9.7164e+05
9.6844e+05
9.6516e+05
9.6182e+05
9.5841e+05
9.5494e+05
9.5141e+05
9.4781e+05
9.4416e+05
9.4044e+05
9.3666e+05
9.3283e+05
9.2894e+05
9.2499e+05
9.2099e+05
9.1694e+05
9.1283e+05
9.0867e+05
9.0446e+05
9.002e+05
8.9589e+05
8.9154e+05
8.8714e+05
8.8269e+05
8.782e+05
8.7367e+05
8.6909e+05
8.6447e+05
8.5982e+05
8.5512e+05
8.5039e+05
8.4562e+05
8.4082e+05
8.3598e+05
8.3111e+05
8.262e+05
8.2127e+05
8.163e+05
8.1131e+05
8.0628e+05
8.0123e+05
7.9616e+05
7.9106e+05
7.8593e+05
7.8078e+05
7.7562e+05
7.7042e+05
7.6521e+05
7.5999e+05
7.5474e+05
7.4948e+05
7.442e+05
7.389e+05
7.336e+05
7.2827e+05
7.2294e+05
7.176e+05
7.1225e+05
7.0689e+05
7.0152e+05
6.9614e+05
6.9076e+05
6.8537e+05
6.7998e+05
6.7458e+05
6.6919e+05
6.6379e+05
6.5839e+05
6.5299e+05
6.476e+05
6.422e+05
6.3681e+05
6.3143e+05
6.2605e+05
6.2067e+05
6.153e+05
6.0994e+05
6.0459e+05
5.9924e+05
5.9391e+05
5.8859e+05
5.8328e+05
5.7798e+05
5.7269e+05
5.6742e+05
5.6216e+05
5.5692e+05
5.517e+05
5.4649e+05
5.413e+05
5.3613e+05
5.3098e+05
5.2585e+05
5.2074e+05
5.1566e+05
5.1059e+05
5.0555e+05
5.0053e+05
4.9553e+05
4.9056e+05
4.8562e+05
4.807e+05
4.7581e+05
4.7095e+05
4.6611e+05
4.6131e+05
4.5653e+05
4.5178e+05
4.4707e+05
4.4238e+05
4.3773e+05
4.3311e+05
4.2852e+05
4.2396e+05
4.1944e+05
4.1496e+05
4.105e+05
4.0609e+05
4.0171e+05
3.9736e+05
3.9306e+05
3.8879e+05
3.8456e+05
3.8036e+05
3.7621e+05
3.7209e+05
3.6802e+05
3.6398e+05
3.5999e+05
3.5603e+05
3.5212e+05
3.4824e+05
3.4441e+05
3.4063e+05
3.3688e+05
3.3318e+05
3.2952e+05
3.259e+05
3.2233e+05
3.188e+05
3.1532e+05
3.1188e+05
3.0848e+05
3.0514e+05
3.0183e+05
2.9857e+05
2.9536e+05
2.922e+05
2.8908e+05
2.8601e+05
2.8298e+05
2.8e+05
2.7707e+05
2.7419e+05
2.7135e+05
2.6856e+05
2.6582e+05
2.6312e+05
2.6048e+05
2.5788e+05
2.5533e+05
2.5283e+05
2.5038e+05
2.4798e+05
2.4562e+05
2.4331e+05
2.4106e+05
2.3885e+05
2.3669e+05
2.3457e+05
2.3251e+05
2.305e+05
2.2853e+05
2.2662e+05
2.2475e+05
2.2293e+05
2.2116e+05
2.1944e+05
2.1776e+05
2.1614e+05
2.1457e+05
2.1304e+05
2.1156e+05
2.1013e+05
2.0875e+05
2.0741e+05
2.0613e+05
2.0489e+05
2.037e+05
2.0256e+05
2.0146e+05
2.0042e+05
1.9942e+05
1.9846e+05
1.9756e+05
1.967e+05
1.9589e+05
1.9512e+05
1.944e+05
1.9372e+05
1.931e+05
1.9251e+05
1.9198e+05
1.9148e+05
1.9104e+05
1.9063e+05
1.9027e+05
1.8996e+05
1.8969e+05
1.8946e+05
1.8928e+05
1.8914e+05
1.8904e+05
1.8899e+05
1.8897e+05
1.89e+05
1.8907e+05
1.8918e+05
1.8934e+05
1.8953e+05
1.8977e+05
1.9004e+05
1.9035e+05
1.9071e+05
1.911e+05
1.9153e+05
1.92e+05
1.9251e+05
1.9305e+05
1.9363e+05
1.9425e+05
1.9491e+05
1.956e+05
1.9633e+05
1.9709e+05
1.9789e+05
1.9872e+05
1.9959e+05
2.0049e+05
2.0142e+05
2.0239e+05
2.0338e+05
2.0442e+05
2.0548e+05
2.0657e+05
2.077e+05
2.0885e+05
2.1004e+05
2.1125e+05
2.125e+05
2.1377e+05
2.1507e+05
2.164e+05
2.1776e+05
2.1914e+05
2.2055e+05
2.2198e+05
2.2344e+05
2.2493e+05
2.2644e+05
2.2798e+05
2.2954e+05
2.3112e+05
2.3272e+05
2.3435e+05
2.36e+05
2.3767e+05
2.3936e+05
2.4107e+05
2.428e+05
2.4456e+05
2.4633e+05
2.4812e+05
2.4992e+05
2.5175e+05
2.5359e+05
2.5545e+05
2.5732e+05
2.5921e+05
2.6112e+05
2.6304e+05
2.6498e+05
2.6692e+05
2.6889e+05
2.7086e+05
2.7285e+05
2.7485e+05
2.7686e+05
2.7888e+05
2.8091e+05
2.8296e+05
2.8501e+05
2.8707e+05
2.8914e+05
2.9122e+05
2.9331e+05
2.954e+05
2.975e+05
2.9961e+05
3.0172e+05
3.0384e+05
3.0596e+05
3.0809e+05
3.1022e+05
3.1235e+05
3.1449e+05
3.1663e+05
3.1877e+05
3.2092e+05
3.2306e+05
3.2521e+05
3.2736e+05
3.2951e+05
3.3166e+05
3.338e+05
3.3595e+05
3.3809e+05
3.4023e+05
3.4237e+05
3.4451e+05
3.4664e+05
3.4877e+05
3.509e+05
3.5302e+05
3.5513e+05
3.5725e+05
3.5935e+05
3.6145e+05
3.6354e+05
3.6563e+05
3.677e+05
3.6978e+05
3.7184e+05
3.7389e+05
3.7594e+05
3.7797e+05
3.8e+05
3.8202e+05
3.8402e+05
3.8602e+05
3.88e+05
3.8998e+05
3.9194e+05
3.9389e+05
3.9583e+05
3.9775e+05
3.9967e+05
4.0157e+05
4.0345e+05
4.0532e+05
4.0718e+05
4.0903e+05
4.1085e+05
4.1267e+05
4.1447e+05
4.1625e+05
4.1801e+05
4.1976e+05
4.215e+05
4.2322e+05
4.2492e+05
4.266e+05
4.2826e+05
4.2991e+05
4.3154e+05
4.3315e+05
4.3474e+05
4.3632e+05
4.3787e+05
4.3941e+05
4.4092e+05
4.4242e+05
4.439e+05
4.4535e+05
4.4679e+05
4.482e+05
4.496e+05
4.5097e+05
4.5232e+05
4.5366e+05
4.5497e+05
4.5625e+05
4.5752e+05
4.5876e+05
4.5999e+05
4.6119e+05
4.6236e+05
4.6352e+05
4.6465e+05
4.6576e+05
4.6685e+05
4.6791e+05
4.6895e+05
4.6997e+05
4.7096e+05
4.7193e+05
4.7288e+05
4.738e+05
4.747e+05
4.7557e+05
4.7642e+05
4.7724e+05
4.7805e+05
4.7882e+05
4.7958e+05
4.803e+05
4.8101e+05
4.8168e+05
4.8234e+05
4.8297e+05
4.8357e+05
4.8415e+05
4.8471e+05
4.8523e+05
4.8574e+05
4.8622e+05
4.8667e+05
4.871e+05
4.8751e+05
4.8789e+05
4.8824e+05
4.8857e+05
4.8887e+05
4.8915e+05
4.894e+05
4.8963e+05
4.8984e+05
4.9001e+05
4.9017e+05
4.9029e+05
4.904e+05
4.9048e+05
4.9053e+05
4.9056e+05
4.9056e+05
4.9054e+05
4.9049e+05
4.9042e+05
4.9032e+05
4.902e+05
4.9006e+05
4.8989e+05
4.8969e+05
4.8947e+05
4.8923e+05
4.8896e+05
4.8867e+05
4.8835e+05
4.8801e+05
4.8765e+05
4.8726e+05
4.8685e+05
4.8642e+05
4.8596e+05
4.8547e+05
4.8497e+05
4.8444e+05
4.8389e+05
4.8331e+05
4.8271e+05
4.8209e+05
4.8145e+05
4.8078e+05
4.8009e+05
4.7938e+05
4.7865e+05
4.7789e+05
4.7711e+05
4.7632e+05
4.7549e+05
4.7465e+05
4.7379e+05
4.729e+05
4.7199e+05
4.7107e+05
4.7012e+05
4.6915e+05
4.6816e+05
4.6715e+05
4.6612e+05
4.6506e+05
4.6399e+05
4.629e+05
4.6179e+05
4.6066e+05
4.5951e+05
4.5834e+05
4.5715e+05
4.5595e+05
4.5472e+05
4.5348e+05
4.5222e+05
4.5094e+05
4.4964e+05
4.4832e+05
4.4699e+05
4.4564e+05
4.4427e+05
4.4288e+05
4.4148e+05
4.4006e+05
4.3862e+05
4.3717e+05
4.357e+05
4.3421e+05
4.3271e+05
4.312e+05
4.2966e+05
4.2812e+05
4.2655e+05
4.2497e+05
4.2338e+05
4.2177e+05
4.2015e+05
4.1852e+05
4.1687e+05
4.152e+05
4.1352e+05
4.1183e+05
4.1013e+05
4.0841e+05
4.0668e+05
4.0494e+05
4.0318e+05
4.0141e+05
3.9963e+05
3.9784e+05
3.9604e+05
3.9422e+05
3.9239e+05
3.9055e+05
3.887e+05
3.8684e+05
3.8497e+05
3.8309e+05
3.812e+05
3.793e+05
3.7739e+05
3.7547e+05
3.7353e+05
3.7159e+05
3.6964e+05
3.6769e+05
3.6572e+05
3.6374e+05
3.6176e+05
3.5977e+05
3.5777e+05
3.5576e+05
3.5374e+05
3.5172e+05
3.4969e+05
3.4765e+05
3.456e+05
3.4355e+05
3.415e+05
3.3943e+05
3.3736e+05
3.3528e+05
3.332e+05
3.3111e+05
3.2902e+05
3.2692e+05
3.2482e+05
3.2271e+05
3.2059e+05
3.1847e+05
3.1635e+05
3.1422e+05
3.1209e+05
3.0996e+05
3.0782e+05
3.0567e+05
3.0353e+05
3.0138e+05
2.9923e+05
2.9707e+05
2.9491e+05
2.9275e+05
2.9059e+05
2.8842e+05
2.8626e+05
2.8409e+05
2.8192e+05
2.7974e+05
2.7757e+05
2.7539e+05
2.7322e+05
2.7104e+05
2.6886e+05
2.6668e+05
2.645e+05
2.6232e+05
2.6014e+05
2.5796e+05
2.5578e+05
2.536e+05
2.5142e+05
2.4924e+05
2.4706e+05
2.4488e+05
2.4271e+05
2.4053e+05
2.3835e+05
2.3618e+05
2.3401e+05
2.3184e+05
2.2967e+05
2.275e+05
2.2534e+05
2.2318e+05
2.2102e+05
2.1886e+05
2.167e+05
2.1455e+05
2.124e+05
2.1025e+05
2.0811e+05
2.0597e+05
2.0383e+05
2.017e+05
1.9957e+05
1.9744e+05
1.9532e+05
1.932e+05
1.9108e+05
1.8897e+05
1.8686e+05
1.8476e+05
1.8266e+05
1.8057e+05
1.7848e+05
1.764e+05
1.7432e+05
1.7224e+05
1.7018e+05
1.6811e+05
1.6605e+05
1.64e+05
1.6195e+05
1.5991e+05
1.5787e+05
1.5584e+05
1.5382e+05
1.518e+05
1.4979e+05
1.4778e+05
1.4578e+05
1.4379e+05
1.418e+05
1.3982e+05
1.3785e+05
1.3588e+05
1.3392e+05
1.3197e+05
1.3002e+05
1.2808e+05
1.2615e+05
1.2422e+05
1.223e+05
1.2039e+05
1.1849e+05
1.166e+05
1.1471e+05
1.1283e+05
1.1095e+05
1.0909e+05
1.0723e+05
1.0538e+05
1.0354e+05
1.0171e+05
99886
98070
96262
94462
92671
90888
89114
87348
85591
83843
82103
80373
78651
76938
75234
73539
71854
70177
68510
66851
65202
63563
61933
60312
58701
57099
55507
53924
52351
50787
49234
47690
46156
44631
43117
41612
40117
38632
37157
35693
34238
32793
31358
29934
28519
27115
25720
24336
22963
21599
20246
18903
17570
16248
14936
13634
12342
11061
9790.7
8530.4
7280.5
6041
4811.9
3593.3
2385.1
1187.3
0
