75411
79666
84198
89003
94076
99410
1.05e+05
1.1084e+05
1.1691e+05
1.2321e+05
1.2973e+05
1.3646e+05
1.4337e+05
1.5046e+05
1.5772e+05
1.6512e+05
1.7266e+05
1.8031e+05
1.8806e+05
1.9588e+05
2.0377e+05
2.1171e+05
2.1966e+05
2.2762e+05
2.3557e+05
2.4348e+05
2.5134e+05
2.5912e+05
2.6681e+05
2.7439e+05
2.8184e+05
2.8914e+05
2.9627e+05
3.0321e+05
3.0995e+05
3.1647e+05
3.2275e+05
3.2878e+05
3.3454e+05
3.4001e+05
3.4519e+05
3.5007e+05
3.5462e+05
3.5884e+05
3.6272e+05
3.6625e+05
3.6942e+05
3.7222e+05
3.7466e+05
3.7672e+05
3.7839e+05
3.7968e+05
3.8059e+05
3.8111e+05
3.8125e+05
3.81e+05
3.8036e+05
3.7935e+05
3.7795e+05
3.7619e+05
3.7406e+05
3.7158e+05
3.6874e+05
3.6555e+05
3.6204e+05
3.5819e+05
3.5404e+05
3.4958e+05
3.4483e+05
3.398e+05
3.345e+05
3.2895e+05
3.2316e+05
3.1715e+05
3.1092e+05
3.045e+05
2.979e+05
2.9113e+05
2.842e+05
2.7714e+05
2.6996e+05
2.6268e+05
2.553e+05
2.4785e+05
2.4034e+05
2.3279e+05
2.252e+05
2.176e+05
2.1001e+05
2.0242e+05
1.9486e+05
1.8735e+05
1.7989e+05
1.7249e+05
1.6518e+05
1.5796e+05
1.5085e+05
1.4385e+05
1.3698e+05
1.3025e+05
1.2366e+05
1.1723e+05
1.1097e+05
1.0489e+05
98988
93278
87768
82463
77370
72496
67844
63421
59231
55278
51565
48096
44873
41898
39173
36700
34478
32510
30794
29330
28118
27157
26444
25977
25755
25775
26033
26526
27250
28201
29375
30765
32368
34177
36187
38392
40784
43358
46106
49021
52095
55320
58689
62194
65825
69574
73432
77391
81441
85573
89779
94047
98370
1.0274e+05
1.0714e+05
1.1157e+05
1.1602e+05
1.2047e+05
1.2492e+05
1.2936e+05
1.3378e+05
1.3817e+05
1.4252e+05
1.4683e+05
1.5108e+05
1.5527e+05
1.5939e+05
1.6343e+05
1.6738e+05
1.7125e+05
1.7501e+05
1.7867e+05
1.8222e+05
1.8565e+05
1.8896e+05
1.9215e+05
1.952e+05
1.9811e+05
2.0089e+05
2.0353e+05
2.0602e+05
2.0836e+05
2.1055e+05
2.1259e+05
2.1448e+05
2.1621e+05
2.1779e+05
2.1922e+05
2.2049e+05
2.216e+05
2.2256e+05
2.2337e+05
2.2403e+05
2.2454e+05
2.249e+05
2.2512e+05
2.252e+05
2.2513e+05
2.2493e+05
2.2459e+05
2.2411e+05
2.2351e+05
2.2279e+05
2.2194e+05
2.2097e+05
2.1989e+05
2.187e+05
2.174e+05
2.1599e+05
2.1448e+05
2.1287e+05
2.1116e+05
2.0937e+05
2.0748e+05
2.0551e+05
2.0346e+05
2.0133e+05
1.9912e+05
1.9684e+05
1.9449e+05
1.9207e+05
1.8958e+05
1.8703e+05
1.8442e+05
1.8175e+05
1.7903e+05
1.7625e+05
1.7342e+05
1.7054e+05
1.6762e+05
1.6464e+05
1.6163e+05
1.5858e+05
1.5548e+05
1.5235e+05
1.4919e+05
1.46e+05
1.4277e+05
1.3952e+05
1.3625e+05
1.3295e+05
1.2963e+05
1.263e+05
1.2296e+05
1.196e+05
1.1624e+05
1.1288e+05
1.0951e+05
1.0615e+05
1.028e+05
99453
96124
92813
89526
86265
83034
79839
76682
73569
70503
67489
64530
61631
58795
56027
53329
50707
48162
45698
43318
41025
38820
36707
34687
32762
30933
29201
27566
26029
24590
23248
22003
20853
19797
18832
17958
17171
16468
15846
15302
14832
14432
14099
13827
13612
13449
13334
13262
13227
13225
13251
13299
13366
13446
13535
13627
13720
13809
13890
13960
14015
14053
14072
14069
14042
13990
13913
13810
13680
13525
13344
13139
12912
12665
12400
12119
11827
11525
11218
10911
10606
10308
10023
9753.8
9506
9284.2
9093.1
8937.6
8822.2
8751.5
8729.7
8761.2
8849.6
8998.7
9211.6
9491.3
9840.2
10260
10754
11321
11962
12678
13469
14332
15266
16270
17340
18473
19664
20910
22205
23544
24921
26329
27761
29209
30667
32126
33578
35014
36426
37806
39144
40432
41661
42824
43912
44916
45831
46649
47363
47968
48458
48830
49078
49201
49197
49064
48802
48412
47897
47259
46503
45633
44657
43582
42417
41172
39858
38487
37074
35632
34178
32727
31298
29908
28578
27328
26178
25151
24267
23551
23024
22710
22633
22816
23283
24057
25162
26620
28455
30686
33338
36428
39979
44007
48531
53566
59130
65234
71891
79113
86908
95285
1.0425e+05
1.138e+05
1.2395e+05
1.3469e+05
1.4602e+05
1.5794e+05
1.7044e+05
1.8352e+05
1.9716e+05
2.1136e+05
2.2609e+05
2.4135e+05
2.5712e+05
2.7337e+05
2.9009e+05
3.0725e+05
3.2483e+05
3.4281e+05
3.6114e+05
3.7981e+05
3.9877e+05
4.1801e+05
4.3748e+05
4.5715e+05
4.7699e+05
4.9695e+05
5.17e+05
5.3709e+05
5.572e+05
5.7728e+05
5.9728e+05
6.1717e+05
6.3691e+05
6.5646e+05
6.7577e+05
6.9481e+05
7.1353e+05
7.319e+05
7.4988e+05
7.6742e+05
7.845e+05
8.0108e+05
8.1711e+05
8.3257e+05
8.4742e+05
8.6164e+05
8.7519e+05
8.8804e+05
9.0017e+05
9.1155e+05
9.2217e+05
9.3199e+05
9.41e+05
9.4919e+05
9.5653e+05
9.6302e+05
9.6864e+05
9.7338e+05
9.7724e+05
9.8021e+05
9.8229e+05
9.8348e+05
9.8378e+05
9.8319e+05
9.8172e+05
9.7937e+05
9.7617e+05
9.721e+05
9.672e+05
9.6147e+05
9.5494e+05
9.4761e+05
9.3951e+05
9.3067e+05
9.211e+05
9.1082e+05
8.9987e+05
8.8827e+05
8.7605e+05
8.6323e+05
8.4985e+05
8.3594e+05
8.2153e+05
8.0664e+05
7.9132e+05
7.7559e+05
7.5949e+05
7.4305e+05
7.2631e+05
7.093e+05
6.9205e+05
6.7459e+05
6.5696e+05
6.392e+05
6.2133e+05
6.0338e+05
5.8539e+05
5.6739e+05
5.4941e+05
5.3148e+05
5.1363e+05
4.9588e+05
4.7826e+05
4.608e+05
4.4352e+05
4.2645e+05
4.0962e+05
3.9303e+05
3.7671e+05
3.6069e+05
3.4498e+05
3.2959e+05
3.1455e+05
2.9986e+05
2.8555e+05
2.7162e+05
2.5808e+05
2.4495e+05
2.3223e+05
2.1993e+05
2.0805e+05
1.966e+05
1.8559e+05
1.7502e+05
1.6488e+05
1.5518e+05
1.4592e+05
1.371e+05
1.2871e+05
1.2074e+05
1.1321e+05
1.0609e+05
99387
93090
87192
81684
76557
71802
67407
63363
59658
56280
53218
50458
47988
45796
43867
42190
40749
39532
38526
37716
37090
36633
36334
36178
36152
36245
36444
36736
37109
37553
38057
38608
39198
39815
40452
41098
41745
42385
43011
43614
44190
44731
45231
45687
46093
46445
46740
46974
47145
47251
47290
47260
47162
46995
46758
46452
46079
45638
45133
44564
43934
43245
42500
41702
40854
39959
39022
38044
37031
35987
34914
33818
32702
31570
30426
29275
28121
26966
25816
24674
23543
22427
21329
20253
19201
18177
17183
16221
15294
14403
13551
12738
11967
11239
10553
9912.1
9315
8762.6
8254.7
7791.1
7371.4
6994.9
6660.8
6368.2
6115.7
5902.1
5725.8
5585.2
5478.6
5403.9
5359.4
5342.8
5352
5384.8
5438.8
5511.9
5601.6
5705.6
5821.5
5947.1
6080.1
6218.1
6358.9
6500.5
6640.7
6777.6
6909.3
7033.9
7149.8
7255.4
7349.3
7430.1
7496.7
7548
7583.1
7601.2
7601.6
7584
7547.9
7493.1
7419.6
7327.4
7216.7
7087.8
6941.3
6777.5
6597.3
6401.4
6190.6
5965.9
5728.4
5479.1
5219.3
4950.2
4673
4389
4099.7
3806.3
3510.2
3212.8
2915.5
2619.5
2326.2
2036.8
1752.6
1474.8
1204.5
942.78
690.57
448.83
218.39
0
