1.8635e+05
1.8974e+05
1.9314e+05
1.9655e+05
1.9998e+05
2.0342e+05
2.0686e+05
2.1031e+05
2.1375e+05
2.1719e+05
2.2063e+05
2.2406e+05
2.2748e+05
2.3089e+05
2.3427e+05
2.3764e+05
2.4099e+05
2.4431e+05
2.476e+05
2.5086e+05
2.5409e+05
2.5729e+05
2.6044e+05
2.6356e+05
2.6663e+05
2.6966e+05
2.7264e+05
2.7557e+05
2.7844e+05
2.8127e+05
2.8403e+05
2.8674e+05
2.894e+05
2.9198e+05
2.9451e+05
2.9697e+05
2.9936e+05
3.0169e+05
3.0395e+05
3.0614e+05
3.0825e+05
3.1029e+05
3.1226e+05
3.1416e+05
3.1598e+05
3.1772e+05
3.1939e+05
3.2098e+05
3.2249e+05
3.2393e+05
3.2528e+05
3.2656e+05
3.2776e+05
3.2889e+05
3.2993e+05
3.309e+05
3.3179e+05
3.3261e+05
3.3335e+05
3.3401e+05
3.346e+05
3.3511e+05
3.3556e+05
3.3593e+05
3.3623e+05
3.3646e+05
3.3662e+05
3.3671e+05
3.3674e+05
3.367e+05
3.3661e+05
3.3645e+05
3.3623e+05
3.3595e+05
3.3562e+05
3.3523e+05
3.3479e+05
3.343e+05
3.3376e+05
3.3318e+05
3.3255e+05
3.3188e+05
3.3116e+05
3.3041e+05
3.2962e+05
3.288e+05
3.2795e+05
3.2706e+05
3.2615e+05
3.2521e+05
3.2425e+05
3.2327e+05
3.2226e+05
3.2124e+05
3.2021e+05
3.1916e+05
3.181e+05
3.1703e+05
3.1595e+05
3.1486e+05
3.1378e+05
3.1269e+05
3.116e+05
3.1051e+05
3.0943e+05
3.0835e+05
3.0727e+05
3.0621e+05
3.0515e+05
3.0411e+05
3.0307e+05
3.0205e+05
3.0105e+05
3.0006e+05
2.9908e+05
2.9812e+05
2.9719e+05
2.9627e+05
2.9536e+05
2.9448e+05
2.9362e+05
2.9278e+05
2.9196e+05
2.9117e+05
2.9039e+05
2.8964e+05
2.8891e+05
2.882e+05
2.8751e+05
2.8684e+05
2.862e+05
2.8557e+05
2.8496e+05
2.8438e+05
2.8381e+05
2.8326e+05
2.8273e+05
2.8221e+05
2.8171e+05
2.8122e+05
2.8075e+05
2.8029e+05
2.7984e+05
2.794e+05
2.7897e+05
2.7855e+05
2.7813e+05
2.7772e+05
2.773e+05
2.769e+05
2.7649e+05
2.7608e+05
2.7566e+05
2.7524e+05
2.7482e+05
2.7439e+05
2.7394e+05
2.7349e+05
2.7302e+05
2.7254e+05
2.7205e+05
2.7153e+05
2.71e+05
2.7044e+05
2.6986e+05
2.6926e+05
2.6863e+05
2.6798e+05
2.673e+05
2.6658e+05
2.6584e+05
2.6506e+05
2.6425e+05
2.6341e+05
2.6252e+05
2.616e+05
2.6065e+05
2.5965e+05
2.5861e+05
2.5754e+05
2.5642e+05
2.5525e+05
2.5405e+05
2.528e+05
2.5151e+05
2.5017e+05
2.4879e+05
2.4736e+05
2.4589e+05
2.4438e+05
2.4282e+05
2.4121e+05
2.3956e+05
2.3787e+05
2.3613e+05
2.3435e+05
2.3252e+05
2.3066e+05
2.2875e+05
2.2681e+05
2.2482e+05
2.2279e+05
2.2073e+05
2.1863e+05
2.165e+05
2.1434e+05
2.1214e+05
2.0991e+05
2.0765e+05
2.0536e+05
2.0305e+05
2.0071e+05
1.9836e+05
1.9598e+05
1.9358e+05
1.9116e+05
1.8873e+05
1.8629e+05
1.8384e+05
1.8137e+05
1.789e+05
1.7643e+05
1.7395e+05
1.7148e+05
1.69e+05
1.6653e+05
1.6406e+05
1.6161e+05
1.5916e+05
1.5672e+05
1.543e+05
1.519e+05
1.4951e+05
1.4715e+05
1.4481e+05
1.4249e+05
1.402e+05
1.3794e+05
1.357e+05
1.335e+05
1.3134e+05
1.2921e+05
1.2711e+05
1.2506e+05
1.2304e+05
1.2106e+05
1.1913e+05
1.1724e+05
1.154e+05
1.136e+05
1.1185e+05
1.1014e+05
1.0849e+05
1.0688e+05
1.0532e+05
1.0381e+05
1.0236e+05
1.0095e+05
99592
98287
97033
95829
94676
93573
92519
91515
90558
89650
88788
87972
87201
86474
85788
85145
84540
83974
83445
82951
82490
82060
81660
81288
80942
80620
80319
80038
79774
79525
79289
79065
78848
78638
78431
78226
78021
77812
77598
77377
77145
76902
76645
76371
76078
75765
75430
75070
74684
74270
73826
73351
72843
72301
71723
71108
70454
69762
69030
68257
67443
66587
65688
64747
63762
62736
61666
60555
59401
58206
56971
55696
54383
53032
51645
50224
48770
47285
45771
44231
42666
41079
39472
37849
36212
34564
32908
31249
29588
27931
26279
24638
23012
21403
19818
18259
16731
15239
13787
12381
11024
9720.9
8477.6
7298.5
6188.6
5153
4196.7
3324.7
2542.2
1854.3
1266.2
782.86
409.5
151.19
13.011
0
117.16
369.43
761.72
1298.8
1985.6
2826.6
3826.4
4989.6
6320.5
7823.5
9502.6
11362
13405
15636
18059
20677
23492
26509
29730
33159
36796
40646
44709
48989
53486
58203
63141
68300
73682
79286
85115
91168
97444
1.0394e+05
1.1067e+05
1.1761e+05
1.2478e+05
1.3216e+05
1.3976e+05
1.4758e+05
1.5561e+05
1.6386e+05
1.7231e+05
1.8097e+05
1.8984e+05
1.989e+05
2.0816e+05
2.1761e+05
2.2725e+05
2.3707e+05
2.4708e+05
2.5726e+05
2.676e+05
2.7811e+05
2.8879e+05
2.9961e+05
3.1058e+05
3.2169e+05
3.3294e+05
3.4431e+05
3.5581e+05
3.6742e+05
3.7913e+05
3.9095e+05
4.0286e+05
4.1485e+05
4.2693e+05
4.3907e+05
4.5127e+05
4.6353e+05
4.7583e+05
4.8817e+05
5.0053e+05
5.1292e+05
5.2531e+05
5.3771e+05
5.501e+05
5.6248e+05
5.7483e+05
5.8715e+05
5.9943e+05
6.1166e+05
6.2382e+05
6.3592e+05
6.4794e+05
6.5987e+05
6.7171e+05
6.8344e+05
6.9505e+05
7.0655e+05
7.1791e+05
7.2914e+05
7.4022e+05
7.5114e+05
7.6189e+05
7.7247e+05
7.8288e+05
7.9309e+05
8.031e+05
8.1291e+05
8.2251e+05
8.3189e+05
8.4105e+05
8.4997e+05
8.5865e+05
8.6708e+05
8.7526e+05
8.8318e+05
8.9083e+05
8.9822e+05
9.0532e+05
9.1215e+05
9.1869e+05
9.2494e+05
9.3089e+05
9.3654e+05
9.4188e+05
9.4692e+05
9.5165e+05
9.5606e+05
9.6015e+05
9.6393e+05
9.6738e+05
9.705e+05
9.733e+05
9.7577e+05
9.7791e+05
9.7971e+05
9.8119e+05
9.8234e+05
9.8315e+05
9.8363e+05
9.8378e+05
9.8359e+05
9.8308e+05
9.8224e+05
9.8107e+05
9.7958e+05
9.7776e+05
9.7562e+05
9.7316e+05
9.7039e+05
9.673e+05
9.639e+05
9.602e+05
9.562e+05
9.5189e+05
9.473e+05
9.4241e+05
9.3724e+05
9.3179e+05
9.2606e+05
9.2007e+05
9.1381e+05
9.0729e+05
9.0053e+05
8.9351e+05
8.8626e+05
8.7877e+05
8.7105e+05
8.6311e+05
8.5496e+05
8.4661e+05
8.3805e+05
8.293e+05
8.2037e+05
8.1125e+05
8.0197e+05
7.9252e+05
7.8292e+05
7.7317e+05
7.6328e+05
7.5326e+05
7.4311e+05
7.3285e+05
7.2247e+05
7.12e+05
7.0143e+05
6.9077e+05
6.8004e+05
6.6924e+05
6.5837e+05
6.4745e+05
6.3649e+05
6.2548e+05
6.1444e+05
6.0338e+05
5.923e+05
5.8122e+05
5.7013e+05
5.5904e+05
5.4797e+05
5.3691e+05
5.2589e+05
5.1489e+05
5.0393e+05
4.9302e+05
4.8217e+05
4.7137e+05
4.6063e+05
4.4997e+05
4.3938e+05
4.2888e+05
4.1846e+05
4.0813e+05
3.979e+05
3.8778e+05
3.7776e+05
3.6786e+05
3.5807e+05
3.4841e+05
3.3887e+05
3.2946e+05
3.2018e+05
3.1104e+05
3.0204e+05
2.9318e+05
2.8447e+05
2.7591e+05
2.675e+05
2.5924e+05
2.5115e+05
2.4321e+05
2.3543e+05
2.2781e+05
2.2035e+05
2.1307e+05
2.0594e+05
1.9899e+05
1.922e+05
1.8559e+05
1.7914e+05
1.7286e+05
1.6675e+05
1.6081e+05
1.5504e+05
1.4944e+05
1.4401e+05
1.3875e+05
1.3365e+05
1.2872e+05
1.2395e+05
1.1935e+05
1.1491e+05
1.1064e+05
1.0652e+05
1.0256e+05
98756
95106
91609
88261
85061
82006
79094
76322
73688
71189
68823
66585
64475
62487
60621
58872
57238
55716
54301
52992
51785
50676
49663
48743
47911
47165
46502
45917
45409
44974
44608
44309
44073
43897
43777
43712
43698
43731
43809
43930
44089
44284
44513
44772
45060
45373
45709
46065
46439
46829
47232
47646
48068
48498
48932
49369
49807
50244
50678
51108
51532
51949
52356
52753
53138
53511
53869
54212
54539
54849
55140
55413
55666
55898
56110
56300
56468
56613
56736
56835
56910
56962
56990
56994
56974
56930
56862
56770
56654
56514
56351
56165
55956
55725
55471
55195
54898
54580
54242
53883
53505
53109
52694
52261
51811
51344
50862
50364
49851
49325
48785
48233
47669
47093
46507
45911
45306
44692
44070
43441
42805
