63306
66248
69275
72383
75570
78832
82166
85566
89030
92553
96132
99762
1.0344e+05
1.0716e+05
1.1091e+05
1.1471e+05
1.1853e+05
1.2237e+05
1.2624e+05
1.3012e+05
1.3401e+05
1.3791e+05
1.4182e+05
1.4572e+05
1.4961e+05
1.5349e+05
1.5736e+05
1.6121e+05
1.6504e+05
1.6884e+05
1.726e+05
1.7633e+05
1.8002e+05
1.8367e+05
1.8728e+05
1.9083e+05
1.9433e+05
1.9777e+05
2.0115e+05
2.0447e+05
2.0773e+05
2.1091e+05
2.1403e+05
2.1707e+05
2.2004e+05
2.2294e+05
2.2575e+05
2.2848e+05
2.3113e+05
2.337e+05
2.3619e+05
2.3859e+05
2.409e+05
2.4313e+05
2.4526e+05
2.4732e+05
2.4928e+05
2.5116e+05
2.5295e+05
2.5465e+05
2.5627e+05
2.578e+05
2.5924e+05
2.606e+05
2.6188e+05
2.6308e+05
2.6419e+05
2.6523e+05
2.6619e+05
2.6707e+05
2.6788e+05
2.6862e+05
2.6929e+05
2.6988e+05
2.7042e+05
2.7089e+05
2.7129e+05
2.7164e+05
2.7193e+05
2.7217e+05
2.7235e+05
2.7249e+05
2.7257e+05
2.7262e+05
2.7262e+05
2.7258e+05
2.725e+05
2.7239e+05
2.7225e+05
2.7208e+05
2.7188e+05
2.7166e+05
2.7141e+05
2.7115e+05
2.7087e+05
2.7057e+05
2.7026e+05
2.6994e+05
2.6961e+05
2.6927e+05
2.6893e+05
2.6858e+05
2.6824e+05
2.6789e+05
2.6755e+05
2.6721e+05
2.6687e+05
2.6654e+05
2.6622e+05
2.6591e+05
2.6561e+05
2.6531e+05
2.6503e+05
2.6477e+05
2.6451e+05
2.6427e+05
2.6404e+05
2.6383e+05
2.6363e+05
2.6344e+05
2.6328e+05
2.6312e+05
2.6298e+05
2.6286e+05
2.6275e+05
2.6266e+05
2.6258e+05
2.6251e+05
2.6246e+05
2.6242e+05
2.6239e+05
2.6237e+05
2.6236e+05
2.6237e+05
2.6238e+05
2.624e+05
2.6242e+05
2.6245e+05
2.6249e+05
2.6253e+05
2.6258e+05
2.6262e+05
2.6267e+05
2.6271e+05
2.6276e+05
2.628e+05
2.6284e+05
2.6287e+05
2.629e+05
2.6292e+05
2.6293e+05
2.6293e+05
2.6291e+05
2.6289e+05
2.6286e+05
2.6281e+05
2.6274e+05
2.6266e+05
2.6256e+05
2.6244e+05
2.623e+05
2.6214e+05
2.6196e+05
2.6176e+05
2.6153e+05
2.6128e+05
2.61e+05
2.607e+05
2.6037e+05
2.6002e+05
2.5963e+05
2.5922e+05
2.5878e+05
2.5831e+05
2.578e+05
2.5727e+05
2.567e+05
2.5611e+05
2.5548e+05
2.5481e+05
2.5412e+05
2.5339e+05
2.5262e+05
2.5182e+05
2.5099e+05
2.5012e+05
2.4922e+05
2.4828e+05
2.4731e+05
2.463e+05
2.4526e+05
2.4418e+05
2.4306e+05
2.4191e+05
2.4072e+05
2.395e+05
2.3824e+05
2.3694e+05
2.3561e+05
2.3424e+05
2.3284e+05
2.314e+05
2.2993e+05
2.2842e+05
2.2687e+05
2.2529e+05
2.2368e+05
2.2203e+05
2.2035e+05
2.1863e+05
2.1688e+05
2.1509e+05
2.1327e+05
2.1142e+05
2.0954e+05
2.0762e+05
2.0567e+05
2.0369e+05
2.0168e+05
1.9964e+05
1.9757e+05
1.9547e+05
1.9334e+05
1.9118e+05
1.8899e+05
1.8678e+05
1.8454e+05
1.8227e+05
1.7998e+05
1.7766e+05
1.7532e+05
1.7296e+05
1.7058e+05
1.6817e+05
1.6575e+05
1.6331e+05
1.6085e+05
1.5837e+05
1.5588e+05
1.5337e+05
1.5085e+05
1.4832e+05
1.4577e+05
1.4322e+05
1.4066e+05
1.3809e+05
1.3552e+05
1.3294e+05
1.3036e+05
1.2778e+05
1.252e+05
1.2263e+05
1.2005e+05
1.1749e+05
1.1492e+05
1.1237e+05
1.0983e+05
1.073e+05
1.0479e+05
1.0229e+05
99809
97346
94904
92485
90091
87722
85381
83069
80788
78540
76327
74149
72008
69906
67845
65825
63848
61916
60029
58189
56396
54653
52959
51316
49724
48184
46697
45263
43883
42557
41285
40067
38904
37795
36740
35740
34793
33898
33057
32267
31528
30839
30199
29607
29061
28562
28106
27692
27320
26986
26691
26431
26204
26009
25844
25707
25595
25506
25438
25389
25356
25336
25329
25330
25339
25351
25366
25380
25392
25398
25397
25387
25365
25329
25278
25209
25120
25010
24877
24720
24536
24326
24087
23819
23521
23192
22831
22439
22014
21558
21070
20550
19999
19418
18808
18170
17505
16814
16101
15365
14611
13839
13054
12257
11451
10641
9828.5
9018.3
8214
7419.6
6639.4
5877.8
5139.5
4429.3
3752.1
3113.1
2517.7
1971.1
1479.1
1047.3
681.57
387.89
172.29
40.915
0
55.839
214.79
483.25
867.66
1374.5
2010.1
2781.2
3693.9
4754.9
5970.5
7346.9
8890.4
10607
12503
14585
16857
19326
21998
24877
27969
31278
34810
38570
42560
46786
51252
55960
60914
66117
71572
77281
83246
89469
95951
1.0269e+05
1.097e+05
1.1696e+05
1.2449e+05
1.3227e+05
1.4032e+05
1.4862e+05
1.5718e+05
1.66e+05
1.7506e+05
1.8438e+05
1.9395e+05
2.0375e+05
2.138e+05
2.2408e+05
2.3459e+05
2.4533e+05
2.5628e+05
2.6745e+05
2.7883e+05
2.904e+05
3.0217e+05
3.1412e+05
3.2626e+05
3.3856e+05
3.5102e+05
3.6364e+05
3.764e+05
3.8929e+05
4.0231e+05
4.1545e+05
4.2868e+05
4.4202e+05
4.5543e+05
4.6892e+05
4.8246e+05
4.9606e+05
5.0969e+05
5.2335e+05
5.3703e+05
5.507e+05
5.6437e+05
5.7801e+05
5.9162e+05
6.0518e+05
6.1869e+05
6.3211e+05
6.4546e+05
6.587e+05
6.7184e+05
6.8486e+05
6.9773e+05
7.1047e+05
7.2304e+05
7.3544e+05
7.4765e+05
7.5967e+05
7.7148e+05
7.8308e+05
7.9444e+05
8.0556e+05
8.1643e+05
8.2703e+05
8.3736e+05
8.4741e+05
8.5716e+05
8.6661e+05
8.7575e+05
8.8456e+05
8.9304e+05
9.0119e+05
9.0899e+05
9.1643e+05
9.2351e+05
9.3023e+05
9.3657e+05
9.4253e+05
9.481e+05
9.5329e+05
9.5808e+05
9.6247e+05
9.6645e+05
9.7003e+05
9.732e+05
9.7596e+05
9.783e+05
9.8023e+05
9.8174e+05
9.8284e+05
9.8352e+05
9.8378e+05
9.8362e+05
9.8305e+05
9.8207e+05
9.8068e+05
9.7888e+05
9.7667e+05
9.7406e+05
9.7106e+05
9.6766e+05
9.6387e+05
9.597e+05
9.5515e+05
9.5023e+05
9.4494e+05
9.3929e+05
9.3329e+05
9.2694e+05
9.2026e+05
9.1324e+05
9.0591e+05
8.9826e+05
8.903e+05
8.8205e+05
8.7351e+05
8.647e+05
8.5562e+05
8.4628e+05
8.3669e+05
8.2687e+05
8.1681e+05
8.0655e+05
7.9607e+05
7.854e+05
7.7455e+05
7.6352e+05
7.5233e+05
7.4099e+05
7.295e+05
7.1789e+05
7.0616e+05
6.9432e+05
6.8239e+05
6.7037e+05
6.5827e+05
6.4611e+05
6.339e+05
6.2164e+05
6.0935e+05
5.9704e+05
5.8472e+05
5.724e+05
5.6009e+05
5.4779e+05
5.3552e+05
5.2329e+05
5.1111e+05
4.9898e+05
4.8691e+05
4.7492e+05
4.6301e+05
4.5119e+05
4.3947e+05
4.2785e+05
4.1634e+05
4.0495e+05
3.9369e+05
3.8256e+05
3.7157e+05
3.6072e+05
3.5002e+05
3.3948e+05
3.291e+05
3.1888e+05
3.0883e+05
2.9896e+05
2.8927e+05
2.7975e+05
2.7043e+05
2.6129e+05
2.5234e+05
2.4358e+05
2.3502e+05
2.2665e+05
2.1849e+05
2.1052e+05
2.0276e+05
1.952e+05
1.8784e+05
1.8068e+05
1.7373e+05
1.6698e+05
1.6043e+05
1.5409e+05
1.4795e+05
1.42e+05
1.3626e+05
1.3071e+05
1.2535e+05
1.2019e+05
1.1523e+05
1.1045e+05
1.0586e+05
1.0145e+05
97222
93175
89304
85605
82077
78714
75514
72473
69588
66854
64269
61828
59528
57364
55332
53430
51651
49993
48451
47022
45701
44484
43367
42346
41417
40576
39820
39143
38543
38015
37556
37163
36830
36555
36335
36165
36043
35965
35927
35928
35963
36030
36126
36247
36392
36558
36742
36942
37155
37379
37612
37851
38096
38344
38593
38841
39087
39330
39567
39797
40020
40234
40438
40630
40811
40978
41132
41271
41394
41502
41594
41668
41725
41765
41787
41790
41775
41742
41690
41619
41530
41422
41295
41150
40987
40806
40607
40390
40156
39905
39637
39353
39053
38737
38406
38061
37700
37326
36939
36538
36125
35699
35262
34814
34355
33886
33407
32919
32423
31918
31405
30885
30358
29825
29286
28742
28193
27639
27081
26519
25955
25387
24817
24245
23672
23097
22522
21946
21370
