1.7391e+05
1.7828e+05
1.8265e+05
1.8701e+05
1.9138e+05
1.9573e+05
2.0008e+05
2.044e+05
2.0869e+05
2.1296e+05
2.172e+05
2.214e+05
2.2555e+05
2.2966e+05
2.3372e+05
2.3773e+05
2.4168e+05
2.4557e+05
2.4939e+05
2.5315e+05
2.5684e+05
2.6045e+05
2.6399e+05
2.6745e+05
2.7083e+05
2.7413e+05
2.7735e+05
2.8048e+05
2.8353e+05
2.8648e+05
2.8935e+05
2.9213e+05
2.9482e+05
2.9742e+05
2.9993e+05
3.0234e+05
3.0467e+05
3.069e+05
3.0905e+05
3.1111e+05
3.1308e+05
3.1496e+05
3.1676e+05
3.1847e+05
3.201e+05
3.2165e+05
3.2312e+05
3.2452e+05
3.2584e+05
3.2709e+05
3.2826e+05
3.2937e+05
3.3042e+05
3.314e+05
3.3233e+05
3.332e+05
3.3401e+05
3.3478e+05
3.355e+05
3.3617e+05
3.3681e+05
3.3741e+05
3.3797e+05
3.3851e+05
3.3902e+05
3.395e+05
3.3997e+05
3.4042e+05
3.4085e+05
3.4128e+05
3.417e+05
3.4212e+05
3.4254e+05
3.4296e+05
3.4339e+05
3.4382e+05
3.4427e+05
3.4474e+05
3.4522e+05
3.4573e+05
3.4626e+05
3.4681e+05
3.474e+05
3.4801e+05
3.4866e+05
3.4934e+05
3.5006e+05
3.5082e+05
3.5162e+05
3.5246e+05
3.5335e+05
3.5428e+05
3.5525e+05
3.5627e+05
3.5734e+05
3.5845e+05
3.5961e+05
3.6082e+05
3.6208e+05
3.6338e+05
3.6474e+05
3.6613e+05
3.6758e+05
3.6907e+05
3.7061e+05
3.7219e+05
3.7381e+05
3.7547e+05
3.7718e+05
3.7892e+05
3.8069e+05
3.825e+05
3.8434e+05
3.8622e+05
3.8811e+05
3.9004e+05
3.9198e+05
3.9395e+05
3.9593e+05
3.9792e+05
3.9993e+05
4.0194e+05
4.0396e+05
4.0598e+05
4.0799e+05
4.1001e+05
4.1201e+05
4.14e+05
4.1597e+05
4.1793e+05
4.1986e+05
4.2176e+05
4.2364e+05
4.2548e+05
4.2729e+05
4.2905e+05
4.3077e+05
4.3244e+05
4.3406e+05
4.3563e+05
4.3714e+05
4.3858e+05
4.3997e+05
4.4128e+05
4.4252e+05
4.4369e+05
4.4479e+05
4.458e+05
4.4673e+05
4.4757e+05
4.4833e+05
4.49e+05
4.4957e+05
4.5005e+05
4.5043e+05
4.5072e+05
4.509e+05
4.5098e+05
4.5096e+05
4.5083e+05
4.506e+05
4.5026e+05
4.4981e+05
4.4925e+05
4.4858e+05
4.4781e+05
4.4692e+05
4.4592e+05
4.4481e+05
4.4359e+05
4.4226e+05
4.4081e+05
4.3926e+05
4.3761e+05
4.3584e+05
4.3397e+05
4.3199e+05
4.2991e+05
4.2772e+05
4.2544e+05
4.2305e+05
4.2057e+05
4.1799e+05
4.1532e+05
4.1256e+05
4.0971e+05
4.0677e+05
4.0375e+05
4.0065e+05
3.9747e+05
3.9421e+05
3.9089e+05
3.8749e+05
3.8402e+05
3.805e+05
3.7691e+05
3.7327e+05
3.6957e+05
3.6582e+05
3.6203e+05
3.5819e+05
3.5431e+05
3.504e+05
3.4645e+05
3.4247e+05
3.3847e+05
3.3444e+05
3.304e+05
3.2633e+05
3.2226e+05
3.1818e+05
3.1409e+05
3.0999e+05
3.059e+05
3.0182e+05
2.9774e+05
2.9366e+05
2.8961e+05
2.8557e+05
2.8154e+05
2.7754e+05
2.7356e+05
2.6961e+05
2.6569e+05
2.618e+05
2.5795e+05
2.5413e+05
2.5035e+05
2.466e+05
2.429e+05
2.3925e+05
2.3564e+05
2.3208e+05
2.2856e+05
2.251e+05
2.2168e+05
2.1832e+05
2.1501e+05
2.1175e+05
2.0855e+05
2.0541e+05
2.0231e+05
1.9928e+05
1.963e+05
1.9337e+05
1.905e+05
1.8769e+05
1.8493e+05
1.8222e+05
1.7957e+05
1.7698e+05
1.7444e+05
1.7195e+05
1.6951e+05
1.6712e+05
1.6478e+05
1.6248e+05
1.6024e+05
1.5804e+05
1.5588e+05
1.5377e+05
1.517e+05
1.4966e+05
1.4767e+05
1.4571e+05
1.4378e+05
1.4189e+05
1.4003e+05
1.3819e+05
1.3639e+05
1.346e+05
1.3284e+05
1.311e+05
1.2938e+05
1.2768e+05
1.2599e+05
1.2432e+05
1.2265e+05
1.21e+05
1.1935e+05
1.1771e+05
1.1607e+05
1.1443e+05
1.128e+05
1.1116e+05
1.0952e+05
1.0787e+05
1.0622e+05
1.0456e+05
1.029e+05
1.0122e+05
99529
97828
96113
94384
92641
90881
89106
87313
85504
83678
81834
79973
78094
76199
74286
72358
70414
68456
66483
64498
62500
60493
58476
56451
54421
52387
50350
48313
46277
44246
42222
40206
38202
36213
34240
32288
30359
28456
26582
24742
22937
21172
19451
17776
16151
14581
13069
11618
10234
8918.6
7677.4
6513.9
5432.1
4436.1
3529.9
2717.5
2003.2
1390.8
884.49
488.27
206.14
42.067
0
83.832
297.41
644.53
1128.9
1754.3
2524.2
3442.1
4511.5
5735.8
7118.2
8661.8
10370
12245
14290
16508
18901
21472
24223
27157
30274
33578
37070
40751
44623
48687
52944
57395
62041
66883
71921
77154
82584
88209
94031
1.0005e+05
1.0626e+05
1.1266e+05
1.1926e+05
1.2605e+05
1.3303e+05
1.4019e+05
1.4754e+05
1.5508e+05
1.628e+05
1.707e+05
1.7878e+05
1.8703e+05
1.9545e+05
2.0404e+05
2.128e+05
2.2171e+05
2.3079e+05
2.4002e+05
2.494e+05
2.5893e+05
2.686e+05
2.784e+05
2.8834e+05
2.9841e+05
3.086e+05
3.1891e+05
3.2933e+05
3.3986e+05
3.5049e+05
3.6122e+05
3.7204e+05
3.8295e+05
3.9393e+05
4.0499e+05
4.1612e+05
4.2731e+05
4.3855e+05
4.4984e+05
4.6117e+05
4.7254e+05
4.8393e+05
4.9535e+05
5.0679e+05
5.1823e+05
5.2967e+05
5.4111e+05
5.5254e+05
5.6395e+05
5.7534e+05
5.8669e+05
5.98e+05
6.0926e+05
6.2048e+05
6.3163e+05
6.4271e+05
6.5373e+05
6.6466e+05
6.755e+05
6.8625e+05
6.969e+05
7.0744e+05
7.1786e+05
7.2817e+05
7.3835e+05
7.4839e+05
7.583e+05
7.6806e+05
7.7766e+05
7.8711e+05
7.964e+05
8.0551e+05
8.1445e+05
8.2321e+05
8.3179e+05
8.4017e+05
8.4835e+05
8.5633e+05
8.6411e+05
8.7168e+05
8.7903e+05
8.8615e+05
8.9306e+05
8.9973e+05
9.0617e+05
9.1238e+05
9.1835e+05
9.2407e+05
9.2954e+05
9.3477e+05
9.3974e+05
9.4446e+05
9.4891e+05
9.5311e+05
9.5705e+05
9.6072e+05
9.6412e+05
9.6726e+05
9.7012e+05
9.7272e+05
9.7504e+05
9.7709e+05
9.7887e+05
9.8037e+05
9.816e+05
9.8256e+05
9.8324e+05
9.8364e+05
9.8378e+05
9.8364e+05
9.8323e+05
9.8254e+05
9.8159e+05
9.8037e+05
9.7888e+05
9.7713e+05
9.7512e+05
9.7284e+05
9.703e+05
9.6751e+05
9.6447e+05
9.6117e+05
9.5763e+05
9.5384e+05
9.498e+05
9.4553e+05
9.4103e+05
9.3629e+05
9.3133e+05
9.2614e+05
9.2073e+05
9.1511e+05
9.0928e+05
9.0324e+05
8.9699e+05
8.9055e+05
8.8392e+05
8.7709e+05
8.7009e+05
8.629e+05
8.5555e+05
8.4802e+05
8.4033e+05
8.3249e+05
8.2449e+05
8.1634e+05
8.0806e+05
7.9964e+05
7.9108e+05
7.8241e+05
7.7361e+05
7.647e+05
7.5569e+05
7.4657e+05
7.3736e+05
7.2805e+05
7.1866e+05
7.092e+05
6.9966e+05
6.9005e+05
6.8038e+05
6.7065e+05
6.6088e+05
6.5106e+05
6.412e+05
6.3131e+05
6.214e+05
6.1146e+05
6.015e+05
5.9153e+05
5.8156e+05
5.7159e+05
5.6162e+05
5.5166e+05
5.4172e+05
5.318e+05
5.219e+05
5.1204e+05
5.0221e+05
4.9242e+05
4.8267e+05
4.7297e+05
4.6333e+05
4.5375e+05
4.4423e+05
4.3477e+05
4.2538e+05
4.1607e+05
4.0684e+05
3.9769e+05
3.8863e+05
3.7965e+05
3.7077e+05
3.6198e+05
3.533e+05
3.4471e+05
3.3623e+05
3.2786e+05
3.196e+05
3.1146e+05
3.0343e+05
2.9551e+05
2.8772e+05
2.8005e+05
2.7251e+05
2.6509e+05
2.578e+05
2.5064e+05
2.4361e+05
2.3671e+05
2.2995e+05
2.2332e+05
2.1683e+05
2.1047e+05
2.0425e+05
1.9817e+05
1.9223e+05
1.8643e+05
1.8077e+05
1.7525e+05
1.6986e+05
1.6462e+05
1.5952e+05
1.5455e+05
1.4973e+05
1.4504e+05
1.4049e+05
1.3608e+05
1.3181e+05
1.2767e+05
1.2367e+05
1.198e+05
1.1606e+05
1.1245e+05
1.0898e+05
1.0563e+05
1.0242e+05
99325
96357
93513
90790
88187
85701
83331
81075
78931
76897
74970
73149
71432
69815
68298
66877
65551
64316
63171
62114
61141
60250
59440
58706
58048
57462
56946
56498
56114
55793
55532
55328
55180
55083
55037
55039
55085
55175
55305
55472
55676
55913
56181
56478
56801
57149
57520
57910
58318
58743
59181
59632
60093
60562
61037
61517
62000
62484
62968
63450
63928
64401
64867
65326
65775
66214
66641
67055
67455
67840
68208
68559
68892
69206
69500
69773
70025
70255
70462
70646
70806
70942
71053
71139
71200
71235
71244
71227
71183
71114
71018
70895
70746
70570
70369
70141
69887
69607
69302
68972
68617
68237
67832
67404
66953
66479
65982
65463
64923
64362
63781
63180
62560
61921
61265
60591
59901
