2.8464e+05
2.8807e+05
2.915e+05
2.9493e+05
2.9837e+05
3.018e+05
3.0524e+05
3.0868e+05
3.1211e+05
3.1553e+05
3.1895e+05
3.2236e+05
3.2576e+05
3.2915e+05
3.3253e+05
3.3589e+05
3.3923e+05
3.4256e+05
3.4587e+05
3.4916e+05
3.5242e+05
3.5566e+05
3.5888e+05
3.6207e+05
3.6523e+05
3.6836e+05
3.7147e+05
3.7454e+05
3.7758e+05
3.8058e+05
3.8355e+05
3.8648e+05
3.8938e+05
3.9223e+05
3.9504e+05
3.9782e+05
4.0055e+05
4.0324e+05
4.0588e+05
4.0847e+05
4.1102e+05
4.1352e+05
4.1598e+05
4.1838e+05
4.2073e+05
4.2303e+05
4.2528e+05
4.2747e+05
4.2961e+05
4.317e+05
4.3373e+05
4.357e+05
4.3761e+05
4.3947e+05
4.4126e+05
4.43e+05
4.4468e+05
4.4629e+05
4.4785e+05
4.4934e+05
4.5077e+05
4.5214e+05
4.5344e+05
4.5468e+05
4.5586e+05
4.5697e+05
4.5801e+05
4.5899e+05
4.599e+05
4.6075e+05
4.6153e+05
4.6225e+05
4.6289e+05
4.6347e+05
4.6399e+05
4.6443e+05
4.6481e+05
4.6513e+05
4.6537e+05
4.6555e+05
4.6566e+05
4.657e+05
4.6568e+05
4.6559e+05
4.6543e+05
4.6521e+05
4.6492e+05
4.6456e+05
4.6414e+05
4.6366e+05
4.6311e+05
4.625e+05
4.6182e+05
4.6108e+05
4.6027e+05
4.5941e+05
4.5848e+05
4.5749e+05
4.5644e+05
4.5533e+05
4.5417e+05
4.5294e+05
4.5166e+05
4.5032e+05
4.4892e+05
4.4747e+05
4.4597e+05
4.4441e+05
4.428e+05
4.4113e+05
4.3942e+05
4.3766e+05
4.3585e+05
4.3399e+05
4.3209e+05
4.3014e+05
4.2815e+05
4.2612e+05
4.2404e+05
4.2192e+05
4.1977e+05
4.1757e+05
4.1534e+05
4.1308e+05
4.1078e+05
4.0844e+05
4.0608e+05
4.0368e+05
4.0126e+05
3.9881e+05
3.9633e+05
3.9383e+05
3.913e+05
3.8875e+05
3.8618e+05
3.8359e+05
3.8098e+05
3.7836e+05
3.7572e+05
3.7307e+05
3.704e+05
3.6772e+05
3.6504e+05
3.6234e+05
3.5964e+05
3.5693e+05
3.5421e+05
3.515e+05
3.4878e+05
3.4606e+05
3.4334e+05
3.4062e+05
3.3791e+05
3.352e+05
3.3249e+05
3.298e+05
3.2711e+05
3.2443e+05
3.2175e+05
3.191e+05
3.1645e+05
3.1381e+05
3.1119e+05
3.0859e+05
3.06e+05
3.0343e+05
3.0088e+05
2.9834e+05
2.9583e+05
2.9333e+05
2.9086e+05
2.8841e+05
2.8598e+05
2.8358e+05
2.8119e+05
2.7884e+05
2.7651e+05
2.742e+05
2.7192e+05
2.6966e+05
2.6744e+05
2.6523e+05
2.6306e+05
2.6091e+05
2.588e+05
2.567e+05
2.5464e+05
2.5261e+05
2.506e+05
2.4862e+05
2.4667e+05
2.4474e+05
2.4285e+05
2.4098e+05
2.3914e+05
2.3732e+05
2.3554e+05
2.3378e+05
2.3204e+05
2.3033e+05
2.2865e+05
2.2699e+05
2.2535e+05
2.2374e+05
2.2215e+05
2.2058e+05
2.1904e+05
2.1751e+05
2.1601e+05
2.1452e+05
2.1306e+05
2.1161e+05
2.1018e+05
2.0876e+05
2.0736e+05
2.0598e+05
2.046e+05
2.0324e+05
2.0189e+05
2.0056e+05
1.9923e+05
1.9791e+05
1.9659e+05
1.9529e+05
1.9398e+05
1.9269e+05
1.9139e+05
1.901e+05
1.8881e+05
1.8752e+05
1.8622e+05
1.8493e+05
1.8363e+05
1.8233e+05
1.8102e+05
1.7971e+05
1.7838e+05
1.7705e+05
1.7571e+05
1.7436e+05
1.73e+05
1.7163e+05
1.7024e+05
1.6884e+05
1.6742e+05
1.6599e+05
1.6454e+05
1.6307e+05
1.6158e+05
1.6008e+05
1.5855e+05
1.57e+05
1.5544e+05
1.5385e+05
1.5224e+05
1.506e+05
1.4895e+05
1.4727e+05
1.4556e+05
1.4383e+05
1.4208e+05
1.403e+05
1.385e+05
1.3667e+05
1.3482e+05
1.3294e+05
1.3104e+05
1.2911e+05
1.2716e+05
1.2518e+05
1.2318e+05
1.2115e+05
1.191e+05
1.1703e+05
1.1493e+05
1.1281e+05
1.1068e+05
1.0852e+05
1.0634e+05
1.0414e+05
1.0192e+05
99688
97437
95171
92892
90599
88295
85980
83656
81325
78988
76646
74301
71955
69609
67265
64926
62592
60266
57950
55645
53354
51079
48823
46586
44372
42182
40020
37887
35785
33718
31687
29696
27746
25840
23980
22169
20411
18706
17058
15470
13943
12482
11087
9762.4
8510.3
7333.2
6233.9
5214.8
4278.6
3427.9
2665.2
1993
1413.9
930.29
544.68
259.5
77.154
0
30.372
170.56
422.82
789.35
1272.3
1873.8
2596
3440.7
4410
5505.8
6729.9
8084
9570
11189
12944
14835
16864
19032
21340
23791
26384
29122
32004
35033
38207
41530
45000
48618
52386
56303
60369
64585
68951
73466
78131
82946
87909
93021
98282
1.0369e+05
1.0924e+05
1.1494e+05
1.2079e+05
1.2678e+05
1.3291e+05
1.3919e+05
1.456e+05
1.5215e+05
1.5885e+05
1.6567e+05
1.7263e+05
1.7973e+05
1.8695e+05
1.943e+05
2.0178e+05
2.0938e+05
2.1711e+05
2.2495e+05
2.3291e+05
2.4099e+05
2.4918e+05
2.5747e+05
2.6587e+05
2.7438e+05
2.8299e+05
2.9169e+05
3.0049e+05
3.0937e+05
3.1835e+05
3.2741e+05
3.3655e+05
3.4577e+05
3.5506e+05
3.6442e+05
3.7385e+05
3.8334e+05
3.9289e+05
4.0249e+05
4.1215e+05
4.2185e+05
4.3159e+05
4.4137e+05
4.5119e+05
4.6104e+05
4.7091e+05
4.8081e+05
4.9072e+05
5.0064e+05
5.1058e+05
5.2052e+05
5.3046e+05
5.4039e+05
5.5032e+05
5.6023e+05
5.7012e+05
5.7999e+05
5.8984e+05
5.9965e+05
6.0943e+05
6.1917e+05
6.2886e+05
6.385e+05
6.4809e+05
6.5763e+05
6.671e+05
6.765e+05
6.8583e+05
6.9509e+05
7.0426e+05
7.1335e+05
7.2236e+05
7.3126e+05
7.4008e+05
7.4879e+05
7.574e+05
7.6589e+05
7.7428e+05
7.8254e+05
7.9069e+05
7.9871e+05
8.066e+05
8.1436e+05
8.2199e+05
8.2947e+05
8.3681e+05
8.4401e+05
8.5105e+05
8.5794e+05
8.6468e+05
8.7125e+05
8.7767e+05
8.8391e+05
8.8999e+05
8.959e+05
9.0164e+05
9.0719e+05
9.1257e+05
9.1777e+05
9.2278e+05
9.2761e+05
9.3225e+05
9.367e+05
9.4096e+05
9.4502e+05
9.4889e+05
9.5257e+05
9.5604e+05
9.5931e+05
9.6238e+05
9.6525e+05
9.6792e+05
9.7038e+05
9.7264e+05
9.7468e+05
9.7653e+05
9.7816e+05
9.7959e+05
9.8081e+05
9.8182e+05
9.8262e+05
9.8321e+05
9.836e+05
9.8378e+05
9.8375e+05
9.8351e+05
9.8306e+05
9.8241e+05
9.8155e+05
9.8049e+05
9.7922e+05
9.7775e+05
9.7608e+05
9.7421e+05
9.7214e+05
9.6988e+05
9.6741e+05
9.6475e+05
9.619e+05
9.5886e+05
9.5563e+05
9.5221e+05
9.4861e+05
9.4482e+05
9.4086e+05
9.3671e+05
9.3239e+05
9.279e+05
9.2323e+05
9.184e+05
9.134e+05
9.0824e+05
9.0292e+05
8.9745e+05
8.9182e+05
8.8604e+05
8.8011e+05
8.7403e+05
8.6782e+05
8.6147e+05
8.5498e+05
8.4836e+05
8.4161e+05
8.3474e+05
8.2775e+05
8.2064e+05
8.1342e+05
8.0609e+05
7.9865e+05
7.9111e+05
7.8346e+05
7.7573e+05
7.679e+05
7.5998e+05
7.5198e+05
7.439e+05
7.3575e+05
7.2752e+05
7.1922e+05
7.1086e+05
7.0243e+05
6.9395e+05
6.8542e+05
6.7684e+05
6.6821e+05
6.5954e+05
6.5083e+05
6.4208e+05
6.3331e+05
6.2451e+05
6.1569e+05
6.0685e+05
5.9799e+05
5.8912e+05
5.8024e+05
5.7136e+05
5.6248e+05
5.536e+05
5.4472e+05
5.3586e+05
5.2701e+05
5.1817e+05
5.0936e+05
5.0057e+05
4.918e+05
4.8306e+05
4.7436e+05
4.6569e+05
4.5707e+05
4.4848e+05
4.3994e+05
4.3144e+05
4.23e+05
4.1461e+05
4.0628e+05
3.9801e+05
3.8979e+05
3.8164e+05
3.7356e+05
3.6555e+05
3.576e+05
3.4973e+05
3.4194e+05
3.3422e+05
3.2659e+05
3.1903e+05
3.1156e+05
3.0418e+05
2.9688e+05
2.8967e+05
2.8255e+05
2.7552e+05
2.6859e+05
2.6175e+05
2.5501e+05
2.4837e+05
2.4182e+05
2.3538e+05
2.2904e+05
2.2279e+05
2.1666e+05
2.1062e+05
2.0469e+05
1.9887e+05
1.9315e+05
1.8753e+05
1.8203e+05
1.7663e+05
1.7134e+05
1.6616e+05
1.6108e+05
1.5612e+05
1.5126e+05
1.4651e+05
1.4187e+05
1.3733e+05
1.3291e+05
1.2859e+05
1.2438e+05
1.2028e+05
1.1628e+05
1.124e+05
1.0861e+05
1.0493e+05
1.0136e+05
97889
94522
91257
88094
85031
82067
79203
76436
73765
71190
68709
66321
64025
61819
59703
57675
55733
53876
52103
50413
48803
47273
45820
44444
43142
41913
40756
39669
38650
37698
36810
35986
35224
34521
33877
33289
32756
32277
31848
31470
31139
30855
30616
30420
30264
30149
30072
30030
30024
30051
30109
30197
30313
30456
30624
30815
31029
31263
31516
31787
32074
32376
32692
33019
33357
33705
34060
34423
34791
35163
35538
35916
36295
36673
37050
37425
37797
38164
38526
38882
39231
39572
39905
40228
40540
40842
41132
41410
41675
41926
42164
42386
42593
42785
42960
43119
43261
43386
43493
