2.6403e+05
2.6726e+05
2.705e+05
2.7375e+05
2.7699e+05
2.8024e+05
2.8348e+05
2.8673e+05
2.8997e+05
2.9321e+05
2.9644e+05
2.9966e+05
3.0288e+05
3.0608e+05
3.0928e+05
3.1246e+05
3.1563e+05
3.1878e+05
3.2192e+05
3.2504e+05
3.2814e+05
3.3122e+05
3.3428e+05
3.3731e+05
3.4033e+05
3.4331e+05
3.4628e+05
3.4921e+05
3.5212e+05
3.55e+05
3.5784e+05
3.6066e+05
3.6344e+05
3.6619e+05
3.689e+05
3.7158e+05
3.7422e+05
3.7682e+05
3.7939e+05
3.8191e+05
3.844e+05
3.8684e+05
3.8924e+05
3.9159e+05
3.939e+05
3.9617e+05
3.9839e+05
4.0056e+05
4.0268e+05
4.0476e+05
4.0678e+05
4.0876e+05
4.1068e+05
4.1256e+05
4.1438e+05
4.1614e+05
4.1786e+05
4.1952e+05
4.2112e+05
4.2267e+05
4.2417e+05
4.256e+05
4.2698e+05
4.2831e+05
4.2957e+05
4.3078e+05
4.3193e+05
4.3302e+05
4.3405e+05
4.3501e+05
4.3592e+05
4.3677e+05
4.3756e+05
4.3829e+05
4.3896e+05
4.3956e+05
4.4011e+05
4.4059e+05
4.4101e+05
4.4137e+05
4.4167e+05
4.4191e+05
4.4209e+05
4.422e+05
4.4226e+05
4.4225e+05
4.4218e+05
4.4205e+05
4.4186e+05
4.4162e+05
4.4131e+05
4.4094e+05
4.4051e+05
4.4003e+05
4.3948e+05
4.3888e+05
4.3822e+05
4.3751e+05
4.3673e+05
4.3591e+05
4.3502e+05
4.3409e+05
4.331e+05
4.3205e+05
4.3095e+05
4.2981e+05
4.2861e+05
4.2736e+05
4.2606e+05
4.2471e+05
4.2332e+05
4.2188e+05
4.2039e+05
4.1886e+05
4.1728e+05
4.1566e+05
4.14e+05
4.123e+05
4.1056e+05
4.0878e+05
4.0696e+05
4.0511e+05
4.0322e+05
4.0129e+05
3.9934e+05
3.9735e+05
3.9533e+05
3.9328e+05
3.912e+05
3.891e+05
3.8697e+05
3.8481e+05
3.8263e+05
3.8043e+05
3.7821e+05
3.7597e+05
3.7371e+05
3.7143e+05
3.6914e+05
3.6683e+05
3.6451e+05
3.6217e+05
3.5982e+05
3.5747e+05
3.551e+05
3.5273e+05
3.5035e+05
3.4797e+05
3.4558e+05
3.4319e+05
3.408e+05
3.3841e+05
3.3601e+05
3.3362e+05
3.3124e+05
3.2885e+05
3.2647e+05
3.241e+05
3.2173e+05
3.1937e+05
3.1702e+05
3.1468e+05
3.1235e+05
3.1004e+05
3.0773e+05
3.0544e+05
3.0316e+05
3.0089e+05
2.9864e+05
2.9641e+05
2.9419e+05
2.9199e+05
2.8981e+05
2.8764e+05
2.855e+05
2.8337e+05
2.8126e+05
2.7918e+05
2.7711e+05
2.7506e+05
2.7304e+05
2.7103e+05
2.6905e+05
2.6709e+05
2.6515e+05
2.6323e+05
2.6134e+05
2.5946e+05
2.5761e+05
2.5578e+05
2.5397e+05
2.5218e+05
2.5042e+05
2.4867e+05
2.4694e+05
2.4524e+05
2.4355e+05
2.4189e+05
2.4024e+05
2.3862e+05
2.3701e+05
2.3542e+05
2.3384e+05
2.3228e+05
2.3074e+05
2.2922e+05
2.2771e+05
2.2621e+05
2.2473e+05
2.2326e+05
2.218e+05
2.2035e+05
2.1891e+05
2.1748e+05
2.1606e+05
2.1465e+05
2.1325e+05
2.1185e+05
2.1045e+05
2.0906e+05
2.0767e+05
2.0629e+05
2.0491e+05
2.0352e+05
2.0214e+05
2.0075e+05
1.9936e+05
1.9797e+05
1.9658e+05
1.9517e+05
1.9376e+05
1.9235e+05
1.9092e+05
1.8949e+05
1.8805e+05
1.8659e+05
1.8512e+05
1.8364e+05
1.8215e+05
1.8064e+05
1.7912e+05
1.7758e+05
1.7602e+05
1.7445e+05
1.7285e+05
1.7124e+05
1.6961e+05
1.6796e+05
1.6628e+05
1.6459e+05
1.6287e+05
1.6113e+05
1.5937e+05
1.5759e+05
1.5578e+05
1.5394e+05
1.5209e+05
1.5021e+05
1.483e+05
1.4637e+05
1.4441e+05
1.4243e+05
1.4043e+05
1.384e+05
1.3635e+05
1.3427e+05
1.3216e+05
1.3004e+05
1.2789e+05
1.2572e+05
1.2352e+05
1.2131e+05
1.1907e+05
1.1681e+05
1.1453e+05
1.1224e+05
1.0992e+05
1.0759e+05
1.0524e+05
1.0288e+05
1.005e+05
98105
95701
93286
90862
88430
85991
83547
81099
78649
76199
73750
71304
68863
66428
64002
61587
59184
56795
54424
52070
49738
47429
45145
42889
40662
38468
36308
34185
32102
30061
28064
26114
24213
22364
20570
18832
17154
15538
13987
12503
11090
9748.1
8481.7
7292.9
6184.3
5158.5
4217.9
3365.1
2602.7
1933
1358.6
881.96
505.39
231.32
62.083
0
47.344
206.35
479.21
868.07
1375
2002.2
2751.4
3624.8
4624.2
5751.4
7008.2
8396.3
9917.4
11573
13365
15294
17362
19570
21919
24411
27047
29827
32753
35825
39044
42410
45925
49589
53401
57363
61475
65736
70146
74707
79417
84275
89283
94439
99742
1.0519e+05
1.1079e+05
1.1653e+05
1.2242e+05
1.2845e+05
1.3462e+05
1.4093e+05
1.4739e+05
1.5398e+05
1.607e+05
1.6757e+05
1.7456e+05
1.8169e+05
1.8894e+05
1.9633e+05
2.0384e+05
2.1147e+05
2.1922e+05
2.2709e+05
2.3508e+05
2.4318e+05
2.5139e+05
2.597e+05
2.6813e+05
2.7665e+05
2.8527e+05
2.9399e+05
3.028e+05
3.1171e+05
3.2069e+05
3.2976e+05
3.3891e+05
3.4814e+05
3.5744e+05
3.668e+05
3.7623e+05
3.8572e+05
3.9527e+05
4.0488e+05
4.1453e+05
4.2422e+05
4.3396e+05
4.4374e+05
4.5355e+05
4.6338e+05
4.7325e+05
4.8313e+05
4.9303e+05
5.0294e+05
5.1285e+05
5.2277e+05
5.3269e+05
5.4261e+05
5.5251e+05
5.624e+05
5.7227e+05
5.8212e+05
5.9194e+05
6.0172e+05
6.1147e+05
6.2118e+05
6.3084e+05
6.4045e+05
6.5001e+05
6.5951e+05
6.6895e+05
6.7831e+05
6.8761e+05
6.9683e+05
7.0597e+05
7.1502e+05
7.2398e+05
7.3285e+05
7.4163e+05
7.503e+05
7.5887e+05
7.6732e+05
7.7566e+05
7.8389e+05
7.9199e+05
7.9997e+05
8.0782e+05
8.1554e+05
8.2312e+05
8.3056e+05
8.3786e+05
8.4502e+05
8.5202e+05
8.5887e+05
8.6556e+05
8.721e+05
8.7847e+05
8.8468e+05
8.9072e+05
8.9658e+05
9.0228e+05
9.078e+05
9.1314e+05
9.183e+05
9.2328e+05
9.2807e+05
9.3268e+05
9.371e+05
9.4132e+05
9.4535e+05
9.4919e+05
9.5284e+05
9.5628e+05
9.5953e+05
9.6257e+05
9.6542e+05
9.6806e+05
9.705e+05
9.7274e+05
9.7477e+05
9.766e+05
9.7822e+05
9.7963e+05
9.8084e+05
9.8184e+05
9.8263e+05
9.8322e+05
9.836e+05
9.8378e+05
9.8375e+05
9.8351e+05
9.8307e+05
9.8242e+05
9.8157e+05
9.8052e+05
9.7927e+05
9.7781e+05
9.7616e+05
9.743e+05
9.7226e+05
9.7001e+05
9.6757e+05
9.6494e+05
9.6212e+05
9.5911e+05
9.5592e+05
9.5254e+05
9.4898e+05
9.4523e+05
9.4131e+05
9.3722e+05
9.3295e+05
9.2851e+05
9.239e+05
9.1912e+05
9.1418e+05
9.0909e+05
9.0383e+05
8.9842e+05
8.9286e+05
8.8716e+05
8.813e+05
8.7531e+05
8.6917e+05
8.629e+05
8.565e+05
8.4997e+05
8.4331e+05
8.3654e+05
8.2964e+05
8.2263e+05
8.1551e+05
8.0828e+05
8.0094e+05
7.9351e+05
7.8597e+05
7.7835e+05
7.7063e+05
7.6283e+05
7.5495e+05
7.4699e+05
7.3895e+05
7.3085e+05
7.2268e+05
7.1444e+05
7.0615e+05
6.978e+05
6.8939e+05
6.8094e+05
6.7245e+05
6.6392e+05
6.5535e+05
6.4674e+05
6.3811e+05
6.2945e+05
6.2077e+05
6.1207e+05
6.0336e+05
5.9464e+05
5.8591e+05
5.7717e+05
5.6844e+05
5.5971e+05
5.5098e+05
5.4227e+05
5.3357e+05
5.2488e+05
5.1622e+05
5.0758e+05
4.9897e+05
4.9038e+05
4.8183e+05
4.7331e+05
4.6484e+05
4.564e+05
4.4801e+05
4.3966e+05
4.3137e+05
4.2313e+05
4.1494e+05
4.0681e+05
3.9874e+05
3.9073e+05
3.8279e+05
3.7492e+05
3.6712e+05
3.5938e+05
3.5172e+05
3.4414e+05
3.3664e+05
3.2921e+05
3.2187e+05
3.1461e+05
3.0743e+05
3.0034e+05
2.9334e+05
2.8643e+05
2.7961e+05
2.7288e+05
2.6625e+05
2.5971e+05
2.5327e+05
2.4692e+05
2.4067e+05
2.3452e+05
2.2847e+05
2.2252e+05
2.1667e+05
2.1092e+05
2.0528e+05
1.9973e+05
1.9429e+05
1.8896e+05
1.8372e+05
1.7859e+05
1.7357e+05
1.6865e+05
1.6383e+05
1.5911e+05
1.545e+05
1.5e+05
1.4559e+05
1.413e+05
1.371e+05
1.33e+05
1.2901e+05
1.2512e+05
1.2133e+05
1.1764e+05
1.1405e+05
1.1056e+05
1.0716e+05
1.0386e+05
1.0066e+05
97558
94547
91629
88804
86070
83426
80871
78403
76022
73727
71515
69386
67338
65370
63481
61668
59932
58269
56679
55160
53710
52329
51014
49764
48577
47452
46387
45380
44430
43536
42695
41906
41168
40478
39835
39238
38684
38173
37703
37271
36877
36519
36195
35904
35644
35413
35211
35035
34885
34758
34654
34570
34505
34459
34430
34415
34415
34427
34451
34485
34528
34579
34636
34699
34766
34836
34909
34983
35057
35130
35202
35271
35336
35397
35453
35503
35546
35582
35609
35628
35638
35637
35626
35603
35569
35523
35464
35392
35306
35207
35094
34966
34824
34666
34493
34305
34102
