1.018e+05
1.063e+05
1.1099e+05
1.1589e+05
1.2098e+05
1.2626e+05
1.3171e+05
1.3733e+05
1.4311e+05
1.4904e+05
1.5511e+05
1.6131e+05
1.6762e+05
1.7403e+05
1.8052e+05
1.871e+05
1.9373e+05
2.0041e+05
2.0712e+05
2.1385e+05
2.2058e+05
2.2729e+05
2.3397e+05
2.406e+05
2.4718e+05
2.5368e+05
2.6008e+05
2.6637e+05
2.7254e+05
2.7858e+05
2.8446e+05
2.9017e+05
2.957e+05
3.0104e+05
3.0617e+05
3.1108e+05
3.1576e+05
3.202e+05
3.2438e+05
3.283e+05
3.3194e+05
3.3531e+05
3.3839e+05
3.4117e+05
3.4365e+05
3.4582e+05
3.4768e+05
3.4923e+05
3.5045e+05
3.5136e+05
3.5194e+05
3.522e+05
3.5213e+05
3.5175e+05
3.5104e+05
3.5002e+05
3.4869e+05
3.4704e+05
3.4509e+05
3.4284e+05
3.403e+05
3.3747e+05
3.3436e+05
3.3098e+05
3.2734e+05
3.2345e+05
3.1931e+05
3.1493e+05
3.1034e+05
3.0553e+05
3.0052e+05
2.9531e+05
2.8993e+05
2.8439e+05
2.7868e+05
2.7284e+05
2.6687e+05
2.6077e+05
2.5458e+05
2.4829e+05
2.4192e+05
2.3548e+05
2.2899e+05
2.2246e+05
2.1589e+05
2.0931e+05
2.0273e+05
1.9614e+05
1.8958e+05
1.8304e+05
1.7655e+05
1.701e+05
1.6372e+05
1.574e+05
1.5117e+05
1.4503e+05
1.3899e+05
1.3306e+05
1.2724e+05
1.2156e+05
1.16e+05
1.1059e+05
1.0533e+05
1.0023e+05
95283
90509
85910
81491
77257
73213
69364
65714
62265
59023
55989
53167
50559
48167
45992
44036
42299
40784
39489
38415
37561
36927
36512
36315
36333
36565
37009
37661
38519
39580
40839
42294
43939
45770
47783
49971
52330
54854
57536
60371
63351
66470
69720
73095
76586
80186
83887
87681
91559
95512
99533
1.0361e+05
1.0774e+05
1.1191e+05
1.1611e+05
1.2034e+05
1.2458e+05
1.2882e+05
1.3306e+05
1.3729e+05
1.415e+05
1.4568e+05
1.4982e+05
1.5391e+05
1.5795e+05
1.6193e+05
1.6584e+05
1.6967e+05
1.7342e+05
1.7708e+05
1.8064e+05
1.841e+05
1.8745e+05
1.9069e+05
1.9381e+05
1.968e+05
1.9967e+05
2.024e+05
2.05e+05
2.0746e+05
2.0978e+05
2.1195e+05
2.1398e+05
2.1586e+05
2.1759e+05
2.1918e+05
2.2061e+05
2.219e+05
2.2303e+05
2.2401e+05
2.2485e+05
2.2554e+05
2.2608e+05
2.2648e+05
2.2674e+05
2.2685e+05
2.2683e+05
2.2667e+05
2.2638e+05
2.2596e+05
2.2541e+05
2.2474e+05
2.2394e+05
2.2303e+05
2.22e+05
2.2086e+05
2.196e+05
2.1825e+05
2.1679e+05
2.1523e+05
2.1357e+05
2.1182e+05
2.0997e+05
2.0804e+05
2.0602e+05
2.0392e+05
2.0174e+05
1.9948e+05
1.9714e+05
1.9473e+05
1.9225e+05
1.897e+05
1.8708e+05
1.844e+05
1.8165e+05
1.7884e+05
1.7598e+05
1.7305e+05
1.7007e+05
1.6704e+05
1.6395e+05
1.6082e+05
1.5764e+05
1.5441e+05
1.5114e+05
1.4783e+05
1.4448e+05
1.411e+05
1.3768e+05
1.3423e+05
1.3076e+05
1.2726e+05
1.2374e+05
1.2021e+05
1.1666e+05
1.131e+05
1.0953e+05
1.0596e+05
1.024e+05
98842
95296
91765
88255
84771
81317
77897
74518
71185
67901
64672
61502
58398
55362
52400
49517
46715
44000
41374
38842
36406
34070
31835
29705
27680
25762
23953
22253
20662
19179
17806
16539
15378
14321
13365
12508
11747
11078
10498
10001
9584.6
9242.9
8971.3
8764.3
8616.6
8522.6
8476.6
8472.8
8505.3
8568.3
8655.8
8762.3
8882
9009.4
9139.1
9266.2
9385.7
9493
9584.1
9654.9
9702.1
9722.5
9713.5
9672.9
9599
9490.7
9347.1
9168
8953.7
8705.1
8423.4
8110.3
7768.2
7399.8
7008.3
6597.2
6170.6
5732.9
5288.6
4842.9
4400.9
3968.2
3550.4
3153.2
2782.5
2444.1
2143.9
1887.7
1681.1
1529.6
1438.5
1412.7
1456.8
1575.2
1771.8
2049.8
2412.2
2861.4
3399.2
4026.7
4744.4
5552.3
6449.7
7434.9
8506
9660
10893
12202
13581
15024
16526
18079
19676
21310
22971
24651
26341
28030
29710
31369
32997
34584
36120
37594
38996
40316
41544
42671
43688
44587
45359
45999
46499
46855
47061
47114
47012
46752
46336
45763
45035
44157
43132
41966
40668
39244
37706
36064
34331
32521
30649
28731
26785
24830
22884
20970
19108
17322
15634
14069
12652
11407
10360
9537
8964
8667.2
8672.5
9005.9
9692.9
10759
12228
14125
16472
19292
22607
26436
30799
35712
41193
47256
53913
61177
69056
77559
86690
96454
1.0685e+05
1.1789e+05
1.2955e+05
1.4184e+05
1.5475e+05
1.6827e+05
1.8239e+05
1.9709e+05
2.1237e+05
2.282e+05
2.4456e+05
2.6143e+05
2.7879e+05
2.9661e+05
3.1487e+05
3.3353e+05
3.5256e+05
3.7194e+05
3.9162e+05
4.1157e+05
4.3176e+05
4.5215e+05
4.7269e+05
4.9334e+05
5.1408e+05
5.3484e+05
5.556e+05
5.7631e+05
5.9692e+05
6.174e+05
6.377e+05
6.5778e+05
6.7759e+05
6.9709e+05
7.1624e+05
7.3501e+05
7.5334e+05
7.712e+05
7.8855e+05
8.0536e+05
8.2159e+05
8.3719e+05
8.5215e+05
8.6643e+05
8.8e+05
8.9283e+05
9.0489e+05
9.1616e+05
9.2663e+05
9.3625e+05
9.4503e+05
9.5294e+05
9.5997e+05
9.6611e+05
9.7134e+05
9.7566e+05
9.7907e+05
9.8156e+05
9.8313e+05
9.8378e+05
9.8351e+05
9.8233e+05
9.8026e+05
9.7728e+05
9.7343e+05
9.6871e+05
9.6314e+05
9.5673e+05
9.495e+05
9.4148e+05
9.3269e+05
9.2314e+05
9.1287e+05
9.019e+05
8.9026e+05
8.7798e+05
8.6508e+05
8.516e+05
8.3757e+05
8.2302e+05
8.0799e+05
7.925e+05
7.7659e+05
7.603e+05
7.4366e+05
7.2671e+05
7.0947e+05
6.9198e+05
6.7428e+05
6.5641e+05
6.3839e+05
6.2026e+05
6.0205e+05
5.838e+05
5.6554e+05
5.4729e+05
5.2909e+05
5.1097e+05
4.9295e+05
4.7507e+05
4.5735e+05
4.3982e+05
4.225e+05
4.0541e+05
3.8859e+05
3.7204e+05
3.5579e+05
3.3985e+05
3.2425e+05
3.0901e+05
2.9413e+05
2.7963e+05
2.6552e+05
2.5182e+05
2.3853e+05
2.2566e+05
2.1322e+05
2.0122e+05
1.8966e+05
1.7854e+05
1.6787e+05
1.5765e+05
1.4788e+05
1.3856e+05
1.2968e+05
1.2125e+05
1.1326e+05
1.057e+05
98572
91865
85574
79689
74203
69105
64386
60034
56038
52387
49068
46068
43375
40974
38853
36998
35395
34029
32887
31955
31218
30662
30274
30039
29944
29976
30122
30368
30702
31112
31586
32113
32682
33282
33903
34536
35171
35800
36415
37008
37573
38103
38592
39036
39428
39766
40045
40263
40417
40504
40524
40476
40358
40171
39916
39593
39203
38748
38231
37653
37017
36327
35584
34794
33960
33084
32173
31229
30258
29263
28249
27221
26182
25138
24093
23051
22016
20993
19986
18998
18033
17095
16187
15312
14473
13673
12913
12197
11525
10900
10322
9793
9313.5
8884
8504.6
8175.2
7895.5
7664.9
7482.6
7347.4
7258
7213
7210.5
7248.5
7325.1
7437.8
7584.3
7762
7968.1
8199.9
8454.6
8729.1
9020.6
9325.9
9642
9966
10295
10625
10955
11280
11599
11908
12206
12489
12755
13002
13228
13432
13611
13764
13889
13986
14054
14091
14098
14073
14017
13930
13811
13662
13482
13273
13035
12769
12477
12159
11818
11454
11070
10666
10246
9810.1
9361.1
8900.9
8431.4
7954.7
7472.8
6987.8
6501.6
6016.4
5534
5056.4
4585.4
4122.8
3670.2
3229.4
2801.7
2388.7
1991.5
1611.5
1249.5
906.7
583.74
281.32
0
