3.0644e+05
3.104e+05
3.1432e+05
3.182e+05
3.2203e+05
3.2583e+05
3.2958e+05
3.3329e+05
3.3696e+05
3.4058e+05
3.4416e+05
3.4769e+05
3.5117e+05
3.5461e+05
3.58e+05
3.6134e+05
3.6463e+05
3.6788e+05
3.7107e+05
3.7422e+05
3.7731e+05
3.8035e+05
3.8334e+05
3.8628e+05
3.8917e+05
3.92e+05
3.9479e+05
3.9751e+05
4.0019e+05
4.0281e+05
4.0538e+05
4.079e+05
4.1036e+05
4.1276e+05
4.1511e+05
4.1741e+05
4.1965e+05
4.2184e+05
4.2398e+05
4.2606e+05
4.2808e+05
4.3005e+05
4.3196e+05
4.3382e+05
4.3563e+05
4.3738e+05
4.3907e+05
4.4072e+05
4.423e+05
4.4383e+05
4.4531e+05
4.4674e+05
4.4811e+05
4.4942e+05
4.5069e+05
4.519e+05
4.5305e+05
4.5415e+05
4.552e+05
4.562e+05
4.5715e+05
4.5804e+05
4.5888e+05
4.5967e+05
4.6041e+05
4.611e+05
4.6174e+05
4.6232e+05
4.6286e+05
4.6335e+05
4.6379e+05
4.6417e+05
4.6451e+05
4.6481e+05
4.6505e+05
4.6524e+05
4.6539e+05
4.6549e+05
4.6555e+05
4.6556e+05
4.6552e+05
4.6543e+05
4.6531e+05
4.6513e+05
4.6491e+05
4.6465e+05
4.6435e+05
4.64e+05
4.6361e+05
4.6317e+05
4.627e+05
4.6218e+05
4.6162e+05
4.6102e+05
4.6038e+05
4.597e+05
4.5898e+05
4.5822e+05
4.5743e+05
4.5659e+05
4.5572e+05
4.5481e+05
4.5386e+05
4.5288e+05
4.5185e+05
4.508e+05
4.4971e+05
4.4858e+05
4.4742e+05
4.4622e+05
4.4499e+05
4.4373e+05
4.4243e+05
4.411e+05
4.3974e+05
4.3835e+05
4.3693e+05
4.3548e+05
4.3399e+05
4.3248e+05
4.3093e+05
4.2936e+05
4.2776e+05
4.2613e+05
4.2447e+05
4.2278e+05
4.2107e+05
4.1933e+05
4.1757e+05
4.1577e+05
4.1396e+05
4.1212e+05
4.1025e+05
4.0836e+05
4.0644e+05
4.0451e+05
4.0255e+05
4.0056e+05
3.9856e+05
3.9653e+05
3.9449e+05
3.9242e+05
3.9033e+05
3.8822e+05
3.8609e+05
3.8395e+05
3.8178e+05
3.796e+05
3.774e+05
3.7518e+05
3.7295e+05
3.707e+05
3.6843e+05
3.6615e+05
3.6386e+05
3.6155e+05
3.5922e+05
3.5688e+05
3.5453e+05
3.5217e+05
3.4979e+05
3.4741e+05
3.4501e+05
3.426e+05
3.4019e+05
3.3776e+05
3.3532e+05
3.3288e+05
3.3043e+05
3.2797e+05
3.255e+05
3.2303e+05
3.2055e+05
3.1807e+05
3.1558e+05
3.1309e+05
3.106e+05
3.081e+05
3.056e+05
3.031e+05
3.006e+05
2.9809e+05
2.9559e+05
2.9309e+05
2.9059e+05
2.8809e+05
2.8559e+05
2.831e+05
2.8061e+05
2.7813e+05
2.7565e+05
2.7318e+05
2.7071e+05
2.6825e+05
2.658e+05
2.6336e+05
2.6092e+05
2.585e+05
2.5609e+05
2.5368e+05
2.5129e+05
2.4892e+05
2.4655e+05
2.442e+05
2.4187e+05
2.3955e+05
2.3725e+05
2.3496e+05
2.3269e+05
2.3044e+05
2.2821e+05
2.2601e+05
2.2382e+05
2.2165e+05
2.195e+05
2.1738e+05
2.1528e+05
2.1321e+05
2.1116e+05
2.0914e+05
2.0715e+05
2.0518e+05
2.0324e+05
2.0133e+05
1.9945e+05
1.9761e+05
1.9579e+05
1.9401e+05
1.9226e+05
1.9054e+05
1.8886e+05
1.8722e+05
1.8561e+05
1.8404e+05
1.825e+05
1.8101e+05
1.7955e+05
1.7814e+05
1.7676e+05
1.7543e+05
1.7414e+05
1.729e+05
1.717e+05
1.7054e+05
1.6943e+05
1.6837e+05
1.6735e+05
1.6638e+05
1.6546e+05
1.6459e+05
1.6377e+05
1.63e+05
1.6228e+05
1.6162e+05
1.6101e+05
1.6045e+05
1.5994e+05
1.5949e+05
1.591e+05
1.5876e+05
1.5848e+05
1.5826e+05
1.5809e+05
1.5799e+05
1.5794e+05
1.5796e+05
1.5803e+05
1.5817e+05
1.5836e+05
1.5862e+05
1.5894e+05
1.5933e+05
1.5978e+05
1.6029e+05
1.6087e+05
1.6151e+05
1.6222e+05
1.63e+05
1.6384e+05
1.6475e+05
1.6572e+05
1.6676e+05
1.6787e+05
1.6905e+05
1.703e+05
1.7162e+05
1.73e+05
1.7446e+05
1.7598e+05
1.7758e+05
1.7924e+05
1.8097e+05
1.8278e+05
1.8465e+05
1.866e+05
1.8862e+05
1.907e+05
1.9286e+05
1.9509e+05
1.9739e+05
1.9976e+05
2.0221e+05
2.0472e+05
2.073e+05
2.0996e+05
2.1268e+05
2.1548e+05
2.1834e+05
2.2128e+05
2.2429e+05
2.2736e+05
2.3051e+05
2.3372e+05
2.3701e+05
2.4036e+05
2.4378e+05
2.4727e+05
2.5083e+05
2.5445e+05
2.5814e+05
2.619e+05
2.6572e+05
2.6961e+05
2.7357e+05
2.7759e+05
2.8167e+05
2.8581e+05
2.9002e+05
2.9429e+05
2.9863e+05
3.0302e+05
3.0747e+05
3.1199e+05
3.1656e+05
3.2119e+05
3.2587e+05
3.3062e+05
3.3542e+05
3.4027e+05
3.4518e+05
3.5014e+05
3.5516e+05
3.6022e+05
3.6534e+05
3.705e+05
3.7571e+05
3.8098e+05
3.8628e+05
3.9164e+05
3.9703e+05
4.0247e+05
4.0796e+05
4.1348e+05
4.1905e+05
4.2465e+05
4.3029e+05
4.3597e+05
4.4168e+05
4.4743e+05
4.5321e+05
4.5903e+05
4.6487e+05
4.7074e+05
4.7664e+05
4.8257e+05
4.8853e+05
4.945e+05
5.005e+05
5.0653e+05
5.1257e+05
5.1863e+05
5.2471e+05
5.308e+05
5.3691e+05
5.4303e+05
5.4917e+05
5.5531e+05
5.6147e+05
5.6763e+05
5.738e+05
5.7997e+05
5.8615e+05
5.9233e+05
5.985e+05
6.0468e+05
6.1086e+05
6.1703e+05
6.2319e+05
6.2935e+05
6.355e+05
6.4164e+05
6.4777e+05
6.5388e+05
6.5998e+05
6.6606e+05
6.7213e+05
6.7818e+05
6.8421e+05
6.9021e+05
6.9619e+05
7.0215e+05
7.0808e+05
7.1398e+05
7.1985e+05
7.257e+05
7.3151e+05
7.3728e+05
7.4302e+05
7.4872e+05
7.5439e+05
7.6002e+05
7.656e+05
7.7114e+05
7.7664e+05
7.8209e+05
7.875e+05
7.9285e+05
7.9816e+05
8.0342e+05
8.0862e+05
8.1377e+05
8.1887e+05
8.2391e+05
8.2889e+05
8.3382e+05
8.3868e+05
8.4348e+05
8.4822e+05
8.5289e+05
8.575e+05
8.6205e+05
8.6652e+05
8.7093e+05
8.7527e+05
8.7953e+05
8.8373e+05
8.8785e+05
8.919e+05
8.9587e+05
8.9976e+05
9.0358e+05
9.0732e+05
9.1098e+05
9.1456e+05
9.1806e+05
9.2147e+05
9.248e+05
9.2805e+05
9.3122e+05
9.3429e+05
9.3728e+05
9.4019e+05
9.43e+05
9.4573e+05
9.4837e+05
9.5092e+05
9.5337e+05
9.5574e+05
9.5801e+05
9.6019e+05
9.6228e+05
9.6427e+05
9.6617e+05
9.6797e+05
9.6968e+05
9.7129e+05
9.728e+05
9.7422e+05
9.7554e+05
9.7677e+05
9.779e+05
9.7892e+05
9.7986e+05
9.8069e+05
9.8142e+05
9.8205e+05
9.8259e+05
9.8303e+05
9.8336e+05
9.836e+05
9.8374e+05
9.8378e+05
9.8372e+05
9.8356e+05
9.833e+05
9.8294e+05
9.8248e+05
9.8192e+05
9.8126e+05
9.8051e+05
9.7966e+05
9.787e+05
9.7765e+05
9.7651e+05
9.7526e+05
9.7392e+05
9.7248e+05
9.7094e+05
9.6931e+05
9.6758e+05
9.6576e+05
9.6385e+05
9.6183e+05
9.5973e+05
9.5753e+05
9.5524e+05
9.5286e+05
9.5039e+05
9.4782e+05
9.4517e+05
9.4243e+05
9.396e+05
9.3668e+05
9.3367e+05
9.3058e+05
9.274e+05
9.2414e+05
9.2079e+05
9.1736e+05
9.1385e+05
9.1026e+05
9.0659e+05
9.0284e+05
8.99e+05
8.951e+05
8.9111e+05
8.8705e+05
8.8292e+05
8.7871e+05
8.7443e+05
8.7008e+05
8.6566e+05
8.6117e+05
8.5661e+05
8.5199e+05
8.4729e+05
8.4254e+05
8.3772e+05
8.3284e+05
8.279e+05
8.2289e+05
8.1783e+05
8.1272e+05
8.0754e+05
8.0231e+05
7.9703e+05
7.9169e+05
7.8631e+05
7.8087e+05
7.7539e+05
7.6985e+05
7.6428e+05
7.5865e+05
7.5299e+05
7.4728e+05
7.4153e+05
7.3574e+05
7.2991e+05
7.2405e+05
7.1815e+05
7.1222e+05
7.0625e+05
7.0025e+05
6.9422e+05
6.8817e+05
6.8208e+05
6.7597e+05
6.6984e+05
6.6368e+05
6.575e+05
6.513e+05
6.4508e+05
6.3884e+05
6.3259e+05
6.2632e+05
6.2003e+05
6.1373e+05
6.0743e+05
6.0111e+05
5.9478e+05
5.8844e+05
5.821e+05
5.7576e+05
5.6941e+05
5.6306e+05
5.567e+05
5.5035e+05
5.44e+05
5.3765e+05
5.313e+05
5.2496e+05
5.1863e+05
5.123e+05
5.0599e+05
4.9968e+05
4.9338e+05
4.871e+05
4.8083e+05
4.7457e+05
4.6833e+05
4.6211e+05
4.559e+05
4.4971e+05
4.4355e+05
4.374e+05
4.3128e+05
4.2518e+05
4.191e+05
4.1305e+05
4.0702e+05
4.0102e+05
3.9505e+05
3.8911e+05
3.832e+05
3.7732e+05
3.7147e+05
3.6566e+05
3.5987e+05
3.5412e+05
3.4841e+05
3.4273e+05
3.3709e+05
3.3149e+05
3.2592e+05
3.2039e+05
3.1491e+05
3.0946e+05
3.0406e+05
2.9869e+05
2.9337e+05
2.8809e+05
2.8286e+05
2.7767e+05
2.7252e+05
2.6742e+05
2.6236e+05
2.5735e+05
2.5239e+05
2.4748e+05
2.4261e+05
2.3779e+05
2.3302e+05
2.283e+05
2.2363e+05
2.19e+05
2.1443e+05
2.0991e+05
2.0544e+05
2.0102e+05
1.9665e+05
1.9233e+05
1.8807e+05
1.8385e+05
1.7969e+05
1.7558e+05
1.7153e+05
1.6752e+05
1.6357e+05
1.5967e+05
1.5583e+05
1.5203e+05
1.483e+05
1.4461e+05
1.4098e+05
1.374e+05
1.3387e+05
1.304e+05
1.2698e+05
1.2361e+05
1.2029e+05
1.1703e+05
1.1382e+05
1.1067e+05
1.0756e+05
1.0451e+05
1.0151e+05
98561
95665
92820
90027
87284
84593
81951
79360
76819
74328
71885
69492
67147
64851
62602
60401
58247
56139
54078
52063
50093
48167
46287
44450
42658
40908
39200
37535
35912
34329
32787
31286
29823
28400
27015
25668
24359
23086
21849
20648
19482
18351
17253
16189
15157
14158
13190
12253
11347
10470
9622.9
8803.9
8012.9
7249.3
6512.4
5801.7
5116.5
4456.2
3820.3
3208.1
2619.1
2052.6
1508
984.8
482.32
0
