9.8378e+05
9.7938e+05
9.7492e+05
9.704e+05
9.6583e+05
9.612e+05
9.5652e+05
9.5179e+05
9.4701e+05
9.4218e+05
9.373e+05
9.3238e+05
9.2741e+05
9.2239e+05
9.1734e+05
9.1224e+05
9.071e+05
9.0192e+05
8.9671e+05
8.9146e+05
8.8617e+05
8.8085e+05
8.755e+05
8.7011e+05
8.647e+05
8.5926e+05
8.5378e+05
8.4829e+05
8.4277e+05
8.3722e+05
8.3165e+05
8.2606e+05
8.2045e+05
8.1482e+05
8.0917e+05
8.035e+05
7.9782e+05
7.9212e+05
7.8641e+05
7.8069e+05
7.7496e+05
7.6921e+05
7.6346e+05
7.577e+05
7.5193e+05
7.4616e+05
7.4038e+05
7.346e+05
7.2881e+05
7.2302e+05
7.1723e+05
7.1145e+05
7.0566e+05
6.9987e+05
6.9409e+05
6.8832e+05
6.8254e+05
6.7678e+05
6.7102e+05
6.6527e+05
6.5952e+05
6.5379e+05
6.4807e+05
6.4236e+05
6.3666e+05
6.3097e+05
6.253e+05
6.1964e+05
6.14e+05
6.0838e+05
6.0277e+05
5.9718e+05
5.9161e+05
5.8606e+05
5.8053e+05
5.7502e+05
5.6953e+05
5.6406e+05
5.5862e+05
5.532e+05
5.478e+05
5.4243e+05
5.3709e+05
5.3177e+05
5.2648e+05
5.2122e+05
5.1599e+05
5.1078e+05
5.0561e+05
5.0046e+05
4.9534e+05
4.9026e+05
4.8521e+05
4.8019e+05
4.752e+05
4.7025e+05
4.6533e+05
4.6044e+05
4.5559e+05
4.5078e+05
4.46e+05
4.4125e+05
4.3654e+05
4.3187e+05
4.2724e+05
4.2264e+05
4.1809e+05
4.1357e+05
4.0909e+05
4.0464e+05
4.0024e+05
3.9588e+05
3.9156e+05
3.8728e+05
3.8304e+05
3.7884e+05
3.7468e+05
3.7056e+05
3.6649e+05
3.6246e+05
3.5847e+05
3.5452e+05
3.5061e+05
3.4675e+05
3.4293e+05
3.3916e+05
3.3543e+05
3.3174e+05
3.281e+05
3.245e+05
3.2094e+05
3.1743e+05
3.1396e+05
3.1054e+05
3.0716e+05
3.0383e+05
3.0054e+05
2.973e+05
2.941e+05
2.9095e+05
2.8784e+05
2.8478e+05
2.8176e+05
2.7879e+05
2.7586e+05
2.7298e+05
2.7014e+05
2.6735e+05
2.6461e+05
2.6191e+05
2.5925e+05
2.5664e+05
2.5408e+05
2.5156e+05
2.4908e+05
2.4665e+05
2.4427e+05
2.4193e+05
2.3963e+05
2.3738e+05
2.3518e+05
2.3302e+05
2.309e+05
2.2883e+05
2.268e+05
2.2481e+05
2.2287e+05
2.2098e+05
2.1912e+05
2.1731e+05
2.1555e+05
2.1382e+05
2.1214e+05
2.105e+05
2.0891e+05
2.0736e+05
2.0585e+05
2.0438e+05
2.0295e+05
2.0157e+05
2.0022e+05
1.9892e+05
1.9766e+05
1.9644e+05
1.9526e+05
1.9412e+05
1.9302e+05
1.9196e+05
1.9094e+05
1.8996e+05
1.8902e+05
1.8811e+05
1.8725e+05
1.8642e+05
1.8563e+05
1.8488e+05
1.8417e+05
1.8349e+05
1.8285e+05
1.8225e+05
1.8168e+05
1.8115e+05
1.8066e+05
1.802e+05
1.7978e+05
1.7939e+05
1.7903e+05
1.7871e+05
1.7842e+05
1.7817e+05
1.7795e+05
1.7776e+05
1.7761e+05
1.7749e+05
1.774e+05
1.7734e+05
1.7731e+05
1.7731e+05
1.7735e+05
1.7741e+05
1.7751e+05
1.7763e+05
1.7778e+05
1.7796e+05
1.7817e+05
1.7841e+05
1.7868e+05
1.7897e+05
1.7929e+05
1.7964e+05
1.8001e+05
1.8041e+05
1.8084e+05
1.8129e+05
1.8177e+05
1.8227e+05
1.8279e+05
1.8334e+05
1.8391e+05
1.8451e+05
1.8513e+05
1.8577e+05
1.8643e+05
1.8711e+05
1.8782e+05
1.8855e+05
1.8929e+05
1.9006e+05
1.9085e+05
1.9165e+05
1.9248e+05
1.9332e+05
1.9419e+05
1.9507e+05
1.9597e+05
1.9688e+05
1.9782e+05
1.9877e+05
1.9973e+05
2.0071e+05
2.0171e+05
2.0272e+05
2.0375e+05
2.0479e+05
2.0585e+05
2.0692e+05
2.08e+05
2.091e+05
2.1021e+05
2.1133e+05
2.1246e+05
2.136e+05
2.1476e+05
2.1593e+05
2.171e+05
2.1829e+05
2.1949e+05
2.2069e+05
2.2191e+05
2.2313e+05
2.2436e+05
2.2561e+05
2.2685e+05
2.2811e+05
2.2937e+05
2.3064e+05
2.3192e+05
2.332e+05
2.3449e+05
2.3578e+05
2.3708e+05
2.3838e+05
2.3969e+05
2.41e+05
2.4232e+05
2.4364e+05
2.4496e+05
2.4629e+05
2.4762e+05
2.4895e+05
2.5028e+05
2.5161e+05
2.5295e+05
2.5428e+05
2.5562e+05
2.5696e+05
2.583e+05
2.5963e+05
2.6097e+05
2.6231e+05
2.6364e+05
2.6498e+05
2.6631e+05
2.6764e+05
2.6897e+05
2.7029e+05
2.7162e+05
2.7294e+05
2.7426e+05
2.7557e+05
2.7688e+05
2.7819e+05
2.7949e+05
2.8079e+05
2.8208e+05
2.8337e+05
2.8465e+05
2.8593e+05
2.872e+05
2.8846e+05
2.8972e+05
2.9098e+05
2.9222e+05
2.9346e+05
2.9469e+05
2.9592e+05
2.9714e+05
2.9835e+05
2.9955e+05
3.0074e+05
3.0193e+05
3.031e+05
3.0427e+05
3.0543e+05
3.0658e+05
3.0772e+05
3.0885e+05
3.0997e+05
3.1108e+05
3.1218e+05
3.1327e+05
3.1435e+05
3.1542e+05
3.1648e+05
3.1753e+05
3.1856e+05
3.1959e+05
3.206e+05
3.216e+05
3.2259e+05
3.2357e+05
3.2453e+05
3.2549e+05
3.2643e+05
3.2736e+05
3.2827e+05
3.2917e+05
3.3006e+05
3.3094e+05
3.318e+05
3.3265e+05
3.3349e+05
3.3431e+05
3.3512e+05
3.3592e+05
3.367e+05
3.3747e+05
3.3822e+05
3.3896e+05
3.3968e+05
3.4039e+05
3.4109e+05
3.4177e+05
3.4243e+05
3.4308e+05
3.4372e+05
3.4434e+05
3.4495e+05
3.4554e+05
3.4611e+05
3.4667e+05
3.4722e+05
3.4775e+05
3.4826e+05
3.4876e+05
3.4924e+05
3.4971e+05
3.5016e+05
3.5059e+05
3.5101e+05
3.5142e+05
3.518e+05
3.5217e+05
3.5253e+05
3.5287e+05
3.5319e+05
3.535e+05
3.5379e+05
3.5407e+05
3.5432e+05
3.5457e+05
3.5479e+05
3.55e+05
3.552e+05
3.5537e+05
3.5553e+05
3.5568e+05
3.5581e+05
3.5592e+05
3.5601e+05
3.5609e+05
3.5616e+05
3.562e+05
3.5623e+05
3.5625e+05
3.5625e+05
3.5623e+05
3.5619e+05
3.5614e+05
3.5607e+05
3.5599e+05
3.5589e+05
3.5577e+05
3.5564e+05
3.5549e+05
3.5533e+05
3.5515e+05
3.5495e+05
3.5474e+05
3.5451e+05
3.5427e+05
3.5401e+05
3.5373e+05
3.5344e+05
3.5313e+05
3.5281e+05
3.5247e+05
3.5212e+05
3.5175e+05
3.5136e+05
3.5096e+05
3.5055e+05
3.5011e+05
3.4967e+05
3.4921e+05
3.4873e+05
3.4824e+05
3.4773e+05
3.4721e+05
3.4667e+05
3.4612e+05
3.4556e+05
3.4498e+05
3.4438e+05
3.4377e+05
3.4315e+05
3.4251e+05
3.4186e+05
3.4119e+05
3.4051e+05
3.3982e+05
3.3911e+05
3.3839e+05
3.3765e+05
3.369e+05
3.3614e+05
3.3537e+05
3.3458e+05
3.3377e+05
3.3296e+05
3.3213e+05
3.3129e+05
3.3043e+05
3.2957e+05
3.2869e+05
3.278e+05
3.2689e+05
3.2597e+05
3.2505e+05
3.241e+05
3.2315e+05
3.2219e+05
3.2121e+05
3.2022e+05
3.1922e+05
3.1821e+05
3.1719e+05
3.1615e+05
3.1511e+05
3.1405e+05
3.1299e+05
3.1191e+05
3.1082e+05
3.0972e+05
3.0861e+05
3.0749e+05
3.0636e+05
3.0522e+05
3.0407e+05
3.0291e+05
3.0174e+05
3.0057e+05
2.9938e+05
2.9818e+05
2.9697e+05
2.9576e+05
2.9453e+05
2.933e+05
2.9206e+05
2.908e+05
2.8954e+05
2.8828e+05
2.87e+05
2.8572e+05
2.8442e+05
2.8312e+05
2.8181e+05
2.805e+05
2.7918e+05
2.7784e+05
2.7651e+05
2.7516e+05
2.7381e+05
2.7245e+05
2.7109e+05
2.6971e+05
2.6833e+05
2.6695e+05
2.6556e+05
2.6416e+05
2.6276e+05
2.6135e+05
2.5993e+05
2.5851e+05
2.5708e+05
2.5565e+05
2.5422e+05
2.5277e+05
2.5133e+05
2.4987e+05
2.4842e+05
2.4696e+05
2.4549e+05
2.4402e+05
2.4255e+05
2.4107e+05
2.3958e+05
2.381e+05
2.3661e+05
2.3511e+05
2.3362e+05
2.3211e+05
2.3061e+05
2.291e+05
2.2759e+05
2.2608e+05
2.2456e+05
2.2304e+05
2.2152e+05
2.2e+05
2.1847e+05
2.1694e+05
2.1541e+05
2.1388e+05
2.1235e+05
2.1081e+05
2.0927e+05
2.0773e+05
2.0619e+05
2.0465e+05
2.0311e+05
2.0156e+05
2.0002e+05
1.9847e+05
1.9693e+05
1.9538e+05
1.9383e+05
1.9228e+05
1.9074e+05
1.8919e+05
1.8764e+05
1.8609e+05
1.8454e+05
1.8299e+05
1.8145e+05
1.799e+05
1.7835e+05
1.7681e+05
1.7526e+05
1.7372e+05
1.7217e+05
1.7063e+05
1.6909e+05
1.6755e+05
1.6601e+05
1.6447e+05
1.6294e+05
1.6141e+05
1.5987e+05
1.5834e+05
1.5682e+05
1.5529e+05
1.5377e+05
1.5224e+05
1.5073e+05
1.4921e+05
1.4769e+05
1.4618e+05
1.4467e+05
1.4317e+05
1.4166e+05
1.4016e+05
1.3867e+05
1.3717e+05
1.3568e+05
1.3419e+05
1.3271e+05
1.3123e+05
1.2975e+05
1.2828e+05
1.2681e+05
1.2534e+05
1.2388e+05
1.2242e+05
1.2097e+05
1.1952e+05
1.1807e+05
1.1663e+05
1.152e+05
1.1376e+05
1.1234e+05
1.1091e+05
1.0949e+05
1.0808e+05
1.0667e+05
1.0526e+05
1.0386e+05
1.0247e+05
1.0108e+05
99694
98315
96940
95571
94207
92849
91495
90148
88806
87470
86139
84814
83495
82182
80874
79573
78278
76988
75705
74428
73157
71892
70634
69382
68136
66897
65664
64438
63218
62005
60798
59598
58405
57219
56039
54866
53700
52541
51388
50243
49105
47973
46849
45732
44621
43518
42422
41333
40252
39177
38110
37050
35997
34952
33914
32883
31860
30844
29835
28834
27840
26853
25874
24903
23939
22982
22033
21091
20157
19231
18312
17400
16496
15599
14710
13829
12955
12089
11230
10379
9535.3
8699.2
7870.6
7049.7
6236.2
5430.3
4632
3841.2
3057.9
2282.1
1513.9
753.2
0
