1.4818e+05
1.5089e+05
1.5364e+05
1.5643e+05
1.5926e+05
1.6212e+05
1.6501e+05
1.6793e+05
1.7088e+05
1.7386e+05
1.7686e+05
1.7988e+05
1.8293e+05
1.8599e+05
1.8906e+05
1.9215e+05
1.9525e+05
1.9835e+05
2.0146e+05
2.0458e+05
2.0769e+05
2.1081e+05
2.1392e+05
2.1702e+05
2.2012e+05
2.2321e+05
2.2629e+05
2.2935e+05
2.3239e+05
2.3542e+05
2.3843e+05
2.4141e+05
2.4437e+05
2.473e+05
2.502e+05
2.5308e+05
2.5592e+05
2.5873e+05
2.615e+05
2.6424e+05
2.6694e+05
2.696e+05
2.7221e+05
2.7479e+05
2.7731e+05
2.798e+05
2.8223e+05
2.8462e+05
2.8696e+05
2.8925e+05
2.9149e+05
2.9368e+05
2.9582e+05
2.979e+05
2.9993e+05
3.019e+05
3.0382e+05
3.0568e+05
3.0749e+05
3.0924e+05
3.1094e+05
3.1258e+05
3.1416e+05
3.1569e+05
3.1716e+05
3.1857e+05
3.1993e+05
3.2123e+05
3.2247e+05
3.2366e+05
3.248e+05
3.2588e+05
3.269e+05
3.2788e+05
3.288e+05
3.2967e+05
3.3049e+05
3.3125e+05
3.3197e+05
3.3264e+05
3.3326e+05
3.3384e+05
3.3437e+05
3.3485e+05
3.3529e+05
3.3569e+05
3.3605e+05
3.3636e+05
3.3664e+05
3.3688e+05
3.3708e+05
3.3725e+05
3.3738e+05
3.3748e+05
3.3755e+05
3.3758e+05
3.3759e+05
3.3757e+05
3.3752e+05
3.3745e+05
3.3735e+05
3.3722e+05
3.3708e+05
3.3691e+05
3.3672e+05
3.3652e+05
3.3629e+05
3.3605e+05
3.358e+05
3.3552e+05
3.3524e+05
3.3494e+05
3.3463e+05
3.343e+05
3.3397e+05
3.3362e+05
3.3327e+05
3.3291e+05
3.3254e+05
3.3216e+05
3.3177e+05
3.3138e+05
3.3098e+05
3.3058e+05
3.3017e+05
3.2975e+05
3.2933e+05
3.289e+05
3.2847e+05
3.2803e+05
3.2759e+05
3.2714e+05
3.2669e+05
3.2623e+05
3.2577e+05
3.253e+05
3.2482e+05
3.2433e+05
3.2384e+05
3.2334e+05
3.2283e+05
3.2232e+05
3.2179e+05
3.2125e+05
3.207e+05
3.2014e+05
3.1957e+05
3.1898e+05
3.1838e+05
3.1777e+05
3.1714e+05
3.1649e+05
3.1582e+05
3.1514e+05
3.1443e+05
3.1371e+05
3.1296e+05
3.1219e+05
3.114e+05
3.1058e+05
3.0974e+05
3.0887e+05
3.0797e+05
3.0705e+05
3.0609e+05
3.0511e+05
3.0409e+05
3.0304e+05
3.0196e+05
3.0085e+05
2.997e+05
2.9851e+05
2.9729e+05
2.9603e+05
2.9473e+05
2.934e+05
2.9203e+05
2.9061e+05
2.8916e+05
2.8767e+05
2.8613e+05
2.8456e+05
2.8294e+05
2.8129e+05
2.7959e+05
2.7785e+05
2.7607e+05
2.7424e+05
2.7238e+05
2.7047e+05
2.6852e+05
2.6653e+05
2.645e+05
2.6243e+05
2.6032e+05
2.5817e+05
2.5598e+05
2.5376e+05
2.515e+05
2.492e+05
2.4686e+05
2.445e+05
2.4209e+05
2.3966e+05
2.372e+05
2.347e+05
2.3218e+05
2.2963e+05
2.2705e+05
2.2445e+05
2.2182e+05
2.1918e+05
2.1651e+05
2.1383e+05
2.1113e+05
2.0841e+05
2.0568e+05
2.0294e+05
2.0019e+05
1.9743e+05
1.9467e+05
1.919e+05
1.8913e+05
1.8636e+05
1.8359e+05
1.8082e+05
1.7806e+05
1.7531e+05
1.7256e+05
1.6983e+05
1.6711e+05
1.644e+05
1.6171e+05
1.5905e+05
1.564e+05
1.5377e+05
1.5117e+05
1.4859e+05
1.4604e+05
1.4352e+05
1.4103e+05
1.3857e+05
1.3615e+05
1.3376e+05
1.3141e+05
1.2909e+05
1.2682e+05
1.2458e+05
1.2239e+05
1.2024e+05
1.1814e+05
1.1608e+05
1.1406e+05
1.1209e+05
1.1017e+05
1.083e+05
1.0647e+05
1.047e+05
1.0297e+05
1.0129e+05
99662
98083
96554
95075
93645
92264
90933
89649
88414
87226
86085
84990
83940
82935
81972
81052
80173
79333
78532
77768
77039
76345
75683
75052
74451
73877
73329
72805
72303
71822
71359
70912
70480
70060
69652
69251
68857
68468
68082
67696
67309
66918
66523
66120
65708
65286
64851
64401
63936
63454
62952
62430
61885
61318
60726
60108
59463
58791
58090
57359
56598
55806
54984
54129
53243
52324
51374
50392
49378
48333
47257
46151
45016
43852
42661
41443
40201
38935
37647
36339
35012
33669
32311
30942
29563
28176
26785
25392
24000
22612
21232
19861
18505
17165
15847
14552
13286
12052
10853
9694.2
8579.4
7512.7
6498.2
5540.2
4643.2
3811.3
3049.2
2361.2
1751.8
1225.5
786.87
440.47
190.83
42.494
0
67.875
250.62
552.71
978.59
1532.6
2219.2
3042.6
4007
5116.6
6375.5
7787.7
9357
11087
12982
15045
17280
19690
22279
25048
28002
31144
34474
37997
41715
45629
49742
54055
58571
63289
68213
73342
78677
84220
89970
95927
1.0209e+05
1.0847e+05
1.1505e+05
1.2183e+05
1.2882e+05
1.3602e+05
1.4342e+05
1.5102e+05
1.5882e+05
1.6681e+05
1.7501e+05
1.8339e+05
1.9197e+05
2.0073e+05
2.0968e+05
2.188e+05
2.2811e+05
2.3759e+05
2.4723e+05
2.5704e+05
2.6702e+05
2.7714e+05
2.8742e+05
2.9785e+05
3.0841e+05
3.1912e+05
3.2995e+05
3.409e+05
3.5197e+05
3.6316e+05
3.7445e+05
3.8583e+05
3.9731e+05
4.0888e+05
4.2052e+05
4.3224e+05
4.4401e+05
4.5585e+05
4.6773e+05
4.7966e+05
4.9162e+05
5.0361e+05
5.1561e+05
5.2763e+05
5.3965e+05
5.5166e+05
5.6366e+05
5.7564e+05
5.8758e+05
5.9949e+05
6.1135e+05
6.2316e+05
6.3491e+05
6.4658e+05
6.5817e+05
6.6968e+05
6.8109e+05
6.924e+05
7.0359e+05
7.1467e+05
7.2561e+05
7.3643e+05
7.4709e+05
7.5761e+05
7.6796e+05
7.7815e+05
7.8817e+05
7.98e+05
8.0765e+05
8.171e+05
8.2634e+05
8.3538e+05
8.442e+05
8.528e+05
8.6117e+05
8.6931e+05
8.7721e+05
8.8486e+05
8.9225e+05
8.9939e+05
9.0627e+05
9.1288e+05
9.1922e+05
9.2529e+05
9.3107e+05
9.3657e+05
9.4178e+05
9.467e+05
9.5132e+05
9.5564e+05
9.5967e+05
9.6339e+05
9.668e+05
9.6991e+05
9.727e+05
9.7519e+05
9.7736e+05
9.7922e+05
9.8076e+05
9.8199e+05
9.829e+05
9.835e+05
9.8378e+05
9.8374e+05
9.8339e+05
9.8273e+05
9.8176e+05
9.8047e+05
9.7888e+05
9.7698e+05
9.7477e+05
9.7227e+05
9.6946e+05
9.6635e+05
9.6295e+05
9.5927e+05
9.5529e+05
9.5103e+05
9.4649e+05
9.4168e+05
9.3659e+05
9.3124e+05
9.2563e+05
9.1976e+05
9.1364e+05
9.0727e+05
9.0066e+05
8.9382e+05
8.8674e+05
8.7945e+05
8.7193e+05
8.6421e+05
8.5628e+05
8.4814e+05
8.3982e+05
8.3131e+05
8.2262e+05
8.1376e+05
8.0474e+05
7.9555e+05
7.8622e+05
7.7674e+05
7.6712e+05
7.5737e+05
7.475e+05
7.3751e+05
7.2741e+05
7.1721e+05
7.0692e+05
6.9654e+05
6.8608e+05
6.7555e+05
6.6496e+05
6.543e+05
6.436e+05
6.3285e+05
6.2206e+05
6.1125e+05
6.0041e+05
5.8956e+05
5.787e+05
5.6783e+05
5.5697e+05
5.4613e+05
5.353e+05
5.2449e+05
5.1371e+05
5.0298e+05
4.9228e+05
4.8163e+05
4.7104e+05
4.6051e+05
4.5004e+05
4.3964e+05
4.2932e+05
4.1909e+05
4.0893e+05
3.9887e+05
3.8891e+05
3.7905e+05
3.6929e+05
3.5964e+05
3.5011e+05
3.4069e+05
3.3139e+05
3.2222e+05
3.1318e+05
3.0427e+05
2.9549e+05
2.8685e+05
2.7835e+05
2.7e+05
2.6178e+05
2.5372e+05
2.4581e+05
2.3804e+05
2.3043e+05
2.2298e+05
2.1568e+05
2.0854e+05
2.0155e+05
1.9473e+05
1.8807e+05
1.8156e+05
1.7522e+05
1.6904e+05
1.6302e+05
1.5716e+05
1.5147e+05
1.4593e+05
1.4056e+05
1.3534e+05
1.3028e+05
1.2539e+05
1.2065e+05
1.1606e+05
1.1164e+05
1.0736e+05
1.0324e+05
99267
95444
91769
88239
84853
81608
78502
75532
72698
69996
67424
64979
62658
60460
58381
56419
54570
52833
51203
49679
48257
46935
45708
44575
43532
42577
41706
40916
40204
39567
39003
38507
38078
37711
37405
37157
36962
36819
36724
36675
36670
36704
36776
36883
37022
37191
37387
37607
37850
38113
38394
38690
38999
39319
39649
39985
40327
40671
41017
41363
41707
42047
42382
42711
43031
43342
43642
43931
44206
44467
44713
44943
45155
45350
45527
45683
45820
45937
46032
46105
46157
46186
46193
46176
46137
46074
45988
45878
45745
45589
45409
45206
44981
44732
44461
44167
43852
43514
43156
42777
42377
41958
41518
41060
40584
40090
39578
39050
38505
37945
37371
36782
36179
