9.8378e+05
9.7983e+05
9.7582e+05
9.7173e+05
9.6757e+05
9.6334e+05
9.5904e+05
9.5468e+05
9.5024e+05
9.4575e+05
9.4119e+05
9.3656e+05
9.3188e+05
9.2713e+05
9.2233e+05
9.1747e+05
9.1255e+05
9.0758e+05
9.0256e+05
8.9748e+05
8.9236e+05
8.8718e+05
8.8195e+05
8.7668e+05
8.7136e+05
8.66e+05
8.6059e+05
8.5514e+05
8.4966e+05
8.4413e+05
8.3856e+05
8.3295e+05
8.2731e+05
8.2164e+05
8.1593e+05
8.1019e+05
8.0442e+05
7.9862e+05
7.9279e+05
7.8693e+05
7.8105e+05
7.7514e+05
7.692e+05
7.6325e+05
7.5727e+05
7.5127e+05
7.4526e+05
7.3922e+05
7.3317e+05
7.271e+05
7.2102e+05
7.1492e+05
7.0882e+05
7.027e+05
6.9657e+05
6.9042e+05
6.8428e+05
6.7812e+05
6.7196e+05
6.6579e+05
6.5962e+05
6.5345e+05
6.4727e+05
6.4109e+05
6.3491e+05
6.2874e+05
6.2256e+05
6.1639e+05
6.1022e+05
6.0406e+05
5.979e+05
5.9175e+05
5.856e+05
5.7946e+05
5.7334e+05
5.6722e+05
5.6111e+05
5.5502e+05
5.4893e+05
5.4287e+05
5.3681e+05
5.3077e+05
5.2475e+05
5.1874e+05
5.1275e+05
5.0677e+05
5.0082e+05
4.9489e+05
4.8897e+05
4.8308e+05
4.7721e+05
4.7136e+05
4.6554e+05
4.5973e+05
4.5396e+05
4.482e+05
4.4248e+05
4.3678e+05
4.311e+05
4.2546e+05
4.1984e+05
4.1425e+05
4.0869e+05
4.0316e+05
3.9766e+05
3.9219e+05
3.8675e+05
3.8135e+05
3.7598e+05
3.7064e+05
3.6533e+05
3.6006e+05
3.5482e+05
3.4961e+05
3.4445e+05
3.3931e+05
3.3422e+05
3.2916e+05
3.2413e+05
3.1915e+05
3.142e+05
3.0929e+05
3.0442e+05
2.9958e+05
2.9479e+05
2.9003e+05
2.8532e+05
2.8064e+05
2.7601e+05
2.7141e+05
2.6686e+05
2.6235e+05
2.5788e+05
2.5345e+05
2.4906e+05
2.4471e+05
2.4041e+05
2.3615e+05
2.3193e+05
2.2775e+05
2.2362e+05
2.1953e+05
2.1549e+05
2.1148e+05
2.0752e+05
2.0361e+05
1.9974e+05
1.9591e+05
1.9213e+05
1.8839e+05
1.8469e+05
1.8104e+05
1.7744e+05
1.7387e+05
1.7036e+05
1.6689e+05
1.6346e+05
1.6008e+05
1.5674e+05
1.5344e+05
1.502e+05
1.4699e+05
1.4383e+05
1.4072e+05
1.3765e+05
1.3462e+05
1.3164e+05
1.2871e+05
1.2582e+05
1.2297e+05
1.2017e+05
1.1741e+05
1.147e+05
1.1203e+05
1.094e+05
1.0682e+05
1.0429e+05
1.0179e+05
99344
96939
94577
92259
89984
87752
85564
83418
81315
79254
77236
75260
73327
71435
69585
67776
66009
64283
62598
60953
59349
57786
56263
54779
53335
51931
50566
49240
47953
46704
45493
44321
43186
42089
41029
40006
39020
38070
37157
36279
35438
34631
33860
33123
32422
31754
31120
30520
29954
29420
28920
28452
28016
27612
27240
26899
26589
26310
26061
25842
25653
25494
25364
25262
25189
25145
25128
25139
25177
25242
25334
25452
25596
25765
25960
26181
26425
26695
26988
27305
27645
28009
28395
28804
29235
29688
30162
30657
31173
31710
32267
32844
33440
34056
34690
35343
36015
36704
37411
38135
38877
39635
40409
41199
42005
42827
43664
44515
45381
46262
47156
48063
48984
49918
50865
51824
52795
53777
54772
55777
56793
57820
58857
59904
60961
62027
63102
64187
65279
66380
67489
68606
69730
70861
71999
73143
74294
75451
76614
77782
78956
80134
81317
82505
83697
84893
86092
87295
88501
89710
90922
92136
93352
94571
95791
97012
98235
99459
1.0068e+05
1.0191e+05
1.0313e+05
1.0436e+05
1.0558e+05
1.0681e+05
1.0803e+05
1.0926e+05
1.1048e+05
1.117e+05
1.1292e+05
1.1414e+05
1.1535e+05
1.1657e+05
1.1778e+05
1.1899e+05
1.202e+05
1.214e+05
1.226e+05
1.238e+05
1.2499e+05
1.2618e+05
1.2737e+05
1.2855e+05
1.2973e+05
1.309e+05
1.3207e+05
1.3324e+05
1.344e+05
1.3555e+05
1.367e+05
1.3784e+05
1.3898e+05
1.4011e+05
1.4124e+05
1.4236e+05
1.4348e+05
1.4458e+05
1.4568e+05
1.4678e+05
1.4787e+05
1.4895e+05
1.5002e+05
1.5109e+05
1.5214e+05
1.5319e+05
1.5424e+05
1.5527e+05
1.563e+05
1.5732e+05
1.5833e+05
1.5933e+05
1.6033e+05
1.6131e+05
1.6229e+05
1.6326e+05
1.6421e+05
1.6516e+05
1.661e+05
1.6703e+05
1.6796e+05
1.6887e+05
1.6977e+05
1.7066e+05
1.7155e+05
1.7242e+05
1.7328e+05
1.7413e+05
1.7497e+05
1.7581e+05
1.7663e+05
1.7744e+05
1.7824e+05
1.7903e+05
1.7981e+05
1.8058e+05
1.8133e+05
1.8208e+05
1.8281e+05
1.8354e+05
1.8425e+05
1.8495e+05
1.8564e+05
1.8632e+05
1.8699e+05
1.8764e+05
1.8829e+05
1.8892e+05
1.8954e+05
1.9015e+05
1.9074e+05
1.9133e+05
1.919e+05
1.9246e+05
1.9301e+05
1.9355e+05
1.9408e+05
1.9459e+05
1.9509e+05
1.9558e+05
1.9606e+05
1.9652e+05
1.9697e+05
1.9741e+05
1.9784e+05
1.9825e+05
1.9866e+05
1.9905e+05
1.9943e+05
1.9979e+05
2.0014e+05
2.0049e+05
2.0081e+05
2.0113e+05
2.0143e+05
2.0172e+05
2.02e+05
2.0227e+05
2.0252e+05
2.0276e+05
2.0299e+05
2.032e+05
2.0341e+05
2.036e+05
2.0378e+05
2.0394e+05
2.0409e+05
2.0424e+05
2.0436e+05
2.0448e+05
2.0458e+05
2.0467e+05
2.0475e+05
2.0482e+05
2.0487e+05
2.0491e+05
2.0494e+05
2.0496e+05
2.0496e+05
2.0496e+05
2.0494e+05
2.049e+05
2.0486e+05
2.048e+05
2.0473e+05
2.0465e+05
2.0456e+05
2.0446e+05
2.0434e+05
2.0421e+05
2.0407e+05
2.0392e+05
2.0376e+05
2.0358e+05
2.0339e+05
2.032e+05
2.0299e+05
2.0276e+05
2.0253e+05
2.0229e+05
2.0203e+05
2.0176e+05
2.0148e+05
2.0119e+05
2.0089e+05
2.0058e+05
2.0026e+05
1.9992e+05
1.9958e+05
1.9922e+05
1.9885e+05
1.9848e+05
1.9809e+05
1.9769e+05
1.9728e+05
1.9686e+05
1.9643e+05
1.9599e+05
1.9554e+05
1.9508e+05
1.9461e+05
1.9413e+05
1.9363e+05
1.9313e+05
1.9262e+05
1.921e+05
1.9157e+05
1.9103e+05
1.9048e+05
1.8992e+05
1.8935e+05
1.8878e+05
1.8819e+05
1.8759e+05
1.8699e+05
1.8637e+05
1.8575e+05
1.8512e+05
1.8448e+05
1.8383e+05
1.8317e+05
1.8251e+05
1.8183e+05
1.8115e+05
1.8046e+05
1.7976e+05
1.7905e+05
1.7834e+05
1.7761e+05
1.7688e+05
1.7615e+05
1.754e+05
1.7465e+05
1.7388e+05
1.7312e+05
1.7234e+05
1.7156e+05
1.7077e+05
1.6997e+05
1.6917e+05
1.6836e+05
1.6754e+05
1.6672e+05
1.6589e+05
1.6505e+05
1.6421e+05
1.6336e+05
1.6251e+05
1.6165e+05
1.6078e+05
1.5991e+05
1.5903e+05
1.5815e+05
1.5726e+05
1.5636e+05
1.5546e+05
1.5456e+05
1.5365e+05
1.5273e+05
1.5181e+05
1.5089e+05
1.4996e+05
1.4902e+05
1.4808e+05
1.4714e+05
1.4619e+05
1.4524e+05
1.4428e+05
1.4332e+05
1.4236e+05
1.4139e+05
1.4042e+05
1.3944e+05
1.3847e+05
1.3748e+05
1.365e+05
1.3551e+05
1.3452e+05
1.3352e+05
1.3252e+05
1.3152e+05
1.3052e+05
1.2951e+05
1.285e+05
1.2749e+05
1.2648e+05
1.2546e+05
1.2444e+05
1.2342e+05
1.224e+05
1.2138e+05
1.2035e+05
1.1932e+05
1.1829e+05
1.1726e+05
1.1623e+05
1.152e+05
1.1416e+05
1.1313e+05
1.1209e+05
1.1105e+05
1.1001e+05
1.0897e+05
1.0793e+05
1.0689e+05
1.0585e+05
1.0481e+05
1.0377e+05
1.0273e+05
1.0169e+05
1.0064e+05
99601
98559
97517
96476
95435
94395
93355
92316
91278
90240
89204
88168
87134
86101
85069
84038
83009
81982
80956
79932
78909
77889
76870
75853
74839
73826
72816
71808
70803
69800
68800
67802
66807
65815
64825
63839
62855
61875
60897
59923
58952
57984
57020
56060
55102
54149
53199
52253
51310
50372
49437
48506
47579
46657
45738
44824
43914
43009
42107
41211
40318
39430
38547
37669
36795
35926
35061
34202
33347
32498
31653
30813
29979
29149
28325
27506
26692
25884
25081
24283
23491
22704
21922
21147
20376
19612
18852
18099
17351
16609
15873
15143
14418
13699
12987
12280
11579
10884
10194
9511.4
8834.3
8163.3
7498.4
6839.6
6186.9
5540.3
4899.9
4265.7
3637.6
3015.7
2400.1
1790.7
1187.5
590.63
0
