3.0624e+05
3.0906e+05
3.1187e+05
3.1468e+05
3.1747e+05
3.2024e+05
3.23e+05
3.2575e+05
3.2848e+05
3.312e+05
3.3389e+05
3.3657e+05
3.3922e+05
3.4185e+05
3.4447e+05
3.4706e+05
3.4962e+05
3.5216e+05
3.5468e+05
3.5716e+05
3.5962e+05
3.6206e+05
3.6446e+05
3.6683e+05
3.6918e+05
3.7149e+05
3.7377e+05
3.7602e+05
3.7823e+05
3.8041e+05
3.8256e+05
3.8467e+05
3.8674e+05
3.8878e+05
3.9078e+05
3.9274e+05
3.9466e+05
3.9655e+05
3.9839e+05
4.0019e+05
4.0196e+05
4.0368e+05
4.0536e+05
4.07e+05
4.0859e+05
4.1014e+05
4.1165e+05
4.1312e+05
4.1453e+05
4.1591e+05
4.1724e+05
4.1852e+05
4.1975e+05
4.2094e+05
4.2208e+05
4.2318e+05
4.2422e+05
4.2522e+05
4.2617e+05
4.2707e+05
4.2793e+05
4.2873e+05
4.2948e+05
4.3019e+05
4.3084e+05
4.3145e+05
4.32e+05
4.325e+05
4.3296e+05
4.3336e+05
4.3371e+05
4.3401e+05
4.3426e+05
4.3446e+05
4.3461e+05
4.3471e+05
4.3476e+05
4.3475e+05
4.347e+05
4.3459e+05
4.3444e+05
4.3423e+05
4.3397e+05
4.3367e+05
4.3331e+05
4.329e+05
4.3245e+05
4.3194e+05
4.3139e+05
4.3079e+05
4.3014e+05
4.2944e+05
4.2869e+05
4.279e+05
4.2706e+05
4.2618e+05
4.2524e+05
4.2427e+05
4.2325e+05
4.2218e+05
4.2108e+05
4.1992e+05
4.1873e+05
4.175e+05
4.1622e+05
4.1491e+05
4.1355e+05
4.1216e+05
4.1073e+05
4.0926e+05
4.0775e+05
4.0621e+05
4.0464e+05
4.0303e+05
4.0139e+05
3.9972e+05
3.9801e+05
3.9628e+05
3.9451e+05
3.9272e+05
3.9091e+05
3.8906e+05
3.8719e+05
3.853e+05
3.8338e+05
3.8144e+05
3.7949e+05
3.7751e+05
3.7551e+05
3.735e+05
3.7147e+05
3.6942e+05
3.6736e+05
3.6529e+05
3.632e+05
3.6111e+05
3.59e+05
3.5689e+05
3.5476e+05
3.5264e+05
3.505e+05
3.4837e+05
3.4623e+05
3.4409e+05
3.4194e+05
3.398e+05
3.3766e+05
3.3552e+05
3.3339e+05
3.3126e+05
3.2914e+05
3.2702e+05
3.2491e+05
3.2281e+05
3.2071e+05
3.1863e+05
3.1656e+05
3.145e+05
3.1246e+05
3.1043e+05
3.0841e+05
3.0641e+05
3.0442e+05
3.0245e+05
3.005e+05
2.9857e+05
2.9665e+05
2.9476e+05
2.9288e+05
2.9103e+05
2.8919e+05
2.8738e+05
2.8559e+05
2.8382e+05
2.8207e+05
2.8035e+05
2.7865e+05
2.7697e+05
2.7531e+05
2.7368e+05
2.7207e+05
2.7049e+05
2.6892e+05
2.6739e+05
2.6587e+05
2.6438e+05
2.6291e+05
2.6147e+05
2.6004e+05
2.5864e+05
2.5726e+05
2.5591e+05
2.5457e+05
2.5326e+05
2.5196e+05
2.5069e+05
2.4943e+05
2.482e+05
2.4698e+05
2.4578e+05
2.4459e+05
2.4342e+05
2.4227e+05
2.4113e+05
2.4001e+05
2.3889e+05
2.3779e+05
2.367e+05
2.3562e+05
2.3455e+05
2.3349e+05
2.3243e+05
2.3138e+05
2.3033e+05
2.2929e+05
2.2825e+05
2.2721e+05
2.2618e+05
2.2514e+05
2.241e+05
2.2306e+05
2.2201e+05
2.2095e+05
2.199e+05
2.1883e+05
2.1775e+05
2.1667e+05
2.1557e+05
2.1446e+05
2.1333e+05
2.122e+05
2.1104e+05
2.0987e+05
2.0868e+05
2.0747e+05
2.0625e+05
2.05e+05
2.0372e+05
2.0243e+05
2.0111e+05
1.9976e+05
1.9839e+05
1.9699e+05
1.9557e+05
1.9411e+05
1.9263e+05
1.9111e+05
1.8956e+05
1.8799e+05
1.8638e+05
1.8473e+05
1.8306e+05
1.8135e+05
1.796e+05
1.7782e+05
1.7601e+05
1.7416e+05
1.7227e+05
1.7035e+05
1.6839e+05
1.664e+05
1.6437e+05
1.6231e+05
1.6021e+05
1.5807e+05
1.559e+05
1.537e+05
1.5146e+05
1.4918e+05
1.4688e+05
1.4454e+05
1.4216e+05
1.3976e+05
1.3733e+05
1.3486e+05
1.3237e+05
1.2985e+05
1.273e+05
1.2473e+05
1.2213e+05
1.1951e+05
1.1686e+05
1.142e+05
1.1152e+05
1.0882e+05
1.061e+05
1.0337e+05
1.0063e+05
97877
95116
92347
89573
86797
84020
81244
78472
75706
72947
70200
67465
64746
62044
59363
56705
54073
51469
48896
46356
43853
41390
38968
36592
34263
31985
29760
27592
25483
23437
21456
19543
17701
15933
14243
12632
11104
9661.8
8308.3
7046.3
5878.7
4808.3
3837.9
2970.3
2208.2
1554.3
1011.3
581.78
268.39
73.631
0
49.933
225.82
529.98
964.69
1532.2
2234.5
3073.9
4052.2
5171.5
6433.6
7840.2
9393.2
11094
12944
14946
17099
19407
21869
24487
27262
30195
33286
36537
39948
43520
47253
51147
55202
59420
63799
68339
73041
77904
82928
88112
93455
98957
1.0462e+05
1.1043e+05
1.1641e+05
1.2253e+05
1.2881e+05
1.3525e+05
1.4183e+05
1.4856e+05
1.5544e+05
1.6246e+05
1.6963e+05
1.7694e+05
1.8438e+05
1.9197e+05
1.9968e+05
2.0753e+05
2.1551e+05
2.2362e+05
2.3185e+05
2.4019e+05
2.4866e+05
2.5724e+05
2.6594e+05
2.7474e+05
2.8365e+05
2.9266e+05
3.0176e+05
3.1096e+05
3.2026e+05
3.2964e+05
3.391e+05
3.4864e+05
3.5826e+05
3.6795e+05
3.777e+05
3.8752e+05
3.974e+05
4.0733e+05
4.1731e+05
4.2733e+05
4.374e+05
4.4751e+05
4.5764e+05
4.6781e+05
4.78e+05
4.882e+05
4.9842e+05
5.0865e+05
5.1888e+05
5.2911e+05
5.3934e+05
5.4955e+05
5.5975e+05
5.6993e+05
5.8009e+05
5.9022e+05
6.0031e+05
6.1036e+05
6.2037e+05
6.3033e+05
6.4023e+05
6.5008e+05
6.5986e+05
6.6957e+05
6.7922e+05
6.8878e+05
6.9826e+05
7.0766e+05
7.1696e+05
7.2617e+05
7.3527e+05
7.4428e+05
7.5317e+05
7.6195e+05
7.7061e+05
7.7915e+05
7.8756e+05
7.9584e+05
8.0398e+05
8.1199e+05
8.1986e+05
8.2758e+05
8.3514e+05
8.4256e+05
8.4981e+05
8.5691e+05
8.6384e+05
8.7061e+05
8.772e+05
8.8362e+05
8.8986e+05
8.9592e+05
9.018e+05
9.0749e+05
9.1299e+05
9.183e+05
9.2342e+05
9.2834e+05
9.3307e+05
9.3759e+05
9.4192e+05
9.4603e+05
9.4995e+05
9.5365e+05
9.5714e+05
9.6043e+05
9.635e+05
9.6636e+05
9.69e+05
9.7143e+05
9.7365e+05
9.7564e+05
9.7742e+05
9.7898e+05
9.8032e+05
9.8145e+05
9.8235e+05
9.8304e+05
9.835e+05
9.8375e+05
9.8378e+05
9.8359e+05
9.8318e+05
9.8256e+05
9.8172e+05
9.8066e+05
9.7939e+05
9.7791e+05
9.7622e+05
9.7431e+05
9.722e+05
9.6987e+05
9.6735e+05
9.6461e+05
9.6168e+05
9.5854e+05
9.5521e+05
9.5168e+05
9.4796e+05
9.4404e+05
9.3994e+05
9.3565e+05
9.3117e+05
9.2651e+05
9.2168e+05
9.1667e+05
9.1148e+05
9.0613e+05
9.006e+05
8.9492e+05
8.8907e+05
8.8307e+05
8.7691e+05
8.706e+05
8.6415e+05
8.5755e+05
8.5081e+05
8.4394e+05
8.3693e+05
8.2979e+05
8.2253e+05
8.1515e+05
8.0765e+05
8.0004e+05
7.9231e+05
7.8448e+05
7.7655e+05
7.6853e+05
7.604e+05
7.5219e+05
7.439e+05
7.3552e+05
7.2706e+05
7.1854e+05
7.0994e+05
7.0128e+05
6.9255e+05
6.8377e+05
6.7494e+05
6.6606e+05
6.5713e+05
6.4817e+05
6.3917e+05
6.3013e+05
6.2107e+05
6.1199e+05
6.0288e+05
5.9376e+05
5.8462e+05
5.7548e+05
5.6633e+05
5.5719e+05
5.4804e+05
5.3891e+05
5.2978e+05
5.2067e+05
5.1157e+05
5.025e+05
4.9346e+05
4.8444e+05
4.7545e+05
4.665e+05
4.5759e+05
4.4872e+05
4.399e+05
4.3112e+05
4.224e+05
4.1373e+05
4.0512e+05
3.9657e+05
3.8808e+05
3.7966e+05
3.713e+05
3.6302e+05
3.5482e+05
3.4668e+05
3.3863e+05
3.3066e+05
3.2277e+05
3.1497e+05
3.0725e+05
2.9963e+05
2.921e+05
2.8466e+05
2.7731e+05
2.7006e+05
2.6291e+05
2.5586e+05
2.4891e+05
2.4207e+05
2.3533e+05
2.2869e+05
2.2216e+05
2.1574e+05
2.0943e+05
2.0323e+05
1.9713e+05
1.9115e+05
1.8528e+05
1.7953e+05
1.7388e+05
1.6835e+05
1.6294e+05
1.5763e+05
1.5245e+05
1.4737e+05
1.4241e+05
1.3757e+05
1.3284e+05
1.2822e+05
1.2372e+05
1.1934e+05
1.1506e+05
1.109e+05
1.0686e+05
1.0292e+05
99098
95386
91784
88292
84908
81632
78464
75401
72444
69590
66839
64189
61640
59190
56838
54583
52422
50355
48380
46496
44702
42995
41373
39837
38383
37010
35717
34502
33362
32297
31305
30383
29531
28745
28025
27368
26773
26239
25762
25341
24975
24661
24399
24185
24018
23896
23818
23782
23785
23826
23904
24016
24161
24337
24542
24775
25034
25317
25623
25950
26296
26661
27041
27436
27845
28265
28696
29136
29583
30037
30496
30958
31422
31888
32354
32818
33280
33739
34193
34641
35083
35517
35943
36359
36765
37160
37543
37914
38271
38614
38942
39255
39552
39832
40095
40341
40569
40778
40969
41141
41293
41425
41537
41629
41700
41751
41781
41790
41778
41744
