4.9582e+05
5.0167e+05
5.0737e+05
5.129e+05
5.1827e+05
5.2346e+05
5.2847e+05
5.333e+05
5.3796e+05
5.4242e+05
5.467e+05
5.5078e+05
5.5467e+05
5.5837e+05
5.6187e+05
5.6517e+05
5.6827e+05
5.7117e+05
5.7386e+05
5.7636e+05
5.7865e+05
5.8073e+05
5.8262e+05
5.8429e+05
5.8577e+05
5.8704e+05
5.8811e+05
5.8898e+05
5.8965e+05
5.9013e+05
5.904e+05
5.9049e+05
5.9038e+05
5.9008e+05
5.8959e+05
5.8892e+05
5.8806e+05
5.8703e+05
5.8582e+05
5.8443e+05
5.8288e+05
5.8116e+05
5.7928e+05
5.7724e+05
5.7505e+05
5.7271e+05
5.7022e+05
5.6759e+05
5.6483e+05
5.6193e+05
5.5891e+05
5.5576e+05
5.525e+05
5.4912e+05
5.4564e+05
5.4206e+05
5.3838e+05
5.3461e+05
5.3076e+05
5.2682e+05
5.2281e+05
5.1874e+05
5.146e+05
5.104e+05
5.0615e+05
5.0185e+05
4.9751e+05
4.9314e+05
4.8874e+05
4.8431e+05
4.7987e+05
4.7542e+05
4.7095e+05
4.6649e+05
4.6203e+05
4.5758e+05
4.5314e+05
4.4872e+05
4.4433e+05
4.3997e+05
4.3565e+05
4.3136e+05
4.2712e+05
4.2293e+05
4.1879e+05
4.1472e+05
4.107e+05
4.0676e+05
4.0288e+05
3.9908e+05
3.9537e+05
3.9173e+05
3.8819e+05
3.8473e+05
3.8137e+05
3.781e+05
3.7494e+05
3.7188e+05
3.6893e+05
3.6608e+05
3.6335e+05
3.6073e+05
3.5822e+05
3.5584e+05
3.5357e+05
3.5143e+05
3.494e+05
3.475e+05
3.4573e+05
3.4408e+05
3.4256e+05
3.4117e+05
3.399e+05
3.3876e+05
3.3775e+05
3.3687e+05
3.3612e+05
3.3549e+05
3.3499e+05
3.3462e+05
3.3437e+05
3.3425e+05
3.3425e+05
3.3437e+05
3.3462e+05
3.3498e+05
3.3546e+05
3.3605e+05
3.3676e+05
3.3758e+05
3.385e+05
3.3954e+05
3.4067e+05
3.4191e+05
3.4325e+05
3.4468e+05
3.462e+05
3.4782e+05
3.4952e+05
3.513e+05
3.5316e+05
3.551e+05
3.5711e+05
3.5919e+05
3.6134e+05
3.6354e+05
3.6581e+05
3.6813e+05
3.7049e+05
3.7291e+05
3.7537e+05
3.7786e+05
3.8039e+05
3.8295e+05
3.8553e+05
3.8814e+05
3.9076e+05
3.934e+05
3.9605e+05
3.987e+05
4.0135e+05
4.04e+05
4.0665e+05
4.0928e+05
4.1189e+05
4.1449e+05
4.1706e+05
4.1961e+05
4.2212e+05
4.246e+05
4.2704e+05
4.2944e+05
4.3179e+05
4.3409e+05
4.3633e+05
4.3852e+05
4.4065e+05
4.4271e+05
4.4471e+05
4.4663e+05
4.4848e+05
4.5025e+05
4.5195e+05
4.5355e+05
4.5508e+05
4.5651e+05
4.5785e+05
4.591e+05
4.6025e+05
4.6131e+05
4.6226e+05
4.6311e+05
4.6385e+05
4.6449e+05
4.6502e+05
4.6543e+05
4.6574e+05
4.6593e+05
4.66e+05
4.6596e+05
4.658e+05
4.6552e+05
4.6513e+05
4.6461e+05
4.6397e+05
4.6321e+05
4.6233e+05
4.6133e+05
4.602e+05
4.5895e+05
4.5758e+05
4.5609e+05
4.5447e+05
4.5273e+05
4.5087e+05
4.4889e+05
4.4679e+05
4.4457e+05
4.4223e+05
4.3977e+05
4.372e+05
4.3451e+05
4.3171e+05
4.2879e+05
4.2577e+05
4.2264e+05
4.1939e+05
4.1605e+05
4.126e+05
4.0905e+05
4.0539e+05
4.0164e+05
3.978e+05
3.9386e+05
3.8984e+05
3.8572e+05
3.8152e+05
3.7724e+05
3.7288e+05
3.6844e+05
3.6393e+05
3.5935e+05
3.547e+05
3.4999e+05
3.4521e+05
3.4037e+05
3.3548e+05
3.3054e+05
3.2555e+05
3.2052e+05
3.1544e+05
3.1033e+05
3.0518e+05
3.0001e+05
2.948e+05
2.8957e+05
2.8432e+05
2.7906e+05
2.7378e+05
2.685e+05
2.6321e+05
2.5792e+05
2.5263e+05
2.4735e+05
2.4208e+05
2.3682e+05
2.3158e+05
2.2636e+05
2.2117e+05
2.1601e+05
2.1089e+05
2.058e+05
2.0075e+05
1.9574e+05
1.9079e+05
1.8588e+05
1.8104e+05
1.7625e+05
1.7152e+05
1.6687e+05
1.6228e+05
1.5777e+05
1.5333e+05
1.4898e+05
1.4471e+05
1.4053e+05
1.3644e+05
1.3245e+05
1.2855e+05
1.2475e+05
1.2106e+05
1.1748e+05
1.14e+05
1.1064e+05
1.074e+05
1.0427e+05
1.0127e+05
98391
95639
93017
90528
88173
85955
83876
81939
80146
78498
76998
75648
74449
73403
72511
71776
71198
70779
70521
70424
70490
70719
71112
71671
72396
73287
74346
75572
76966
78528
80259
82158
84226
86462
88866
91438
94178
97084
1.0016e+05
1.034e+05
1.068e+05
1.1037e+05
1.141e+05
1.1799e+05
1.2204e+05
1.2626e+05
1.3063e+05
1.3516e+05
1.3984e+05
1.4468e+05
1.4967e+05
1.5481e+05
1.601e+05
1.6554e+05
1.7112e+05
1.7685e+05
1.8271e+05
1.8872e+05
1.9486e+05
2.0114e+05
2.0754e+05
2.1408e+05
2.2074e+05
2.2753e+05
2.3444e+05
2.4146e+05
2.4861e+05
2.5586e+05
2.6323e+05
2.707e+05
2.7827e+05
2.8595e+05
2.9373e+05
3.0159e+05
3.0955e+05
3.176e+05
3.2573e+05
3.3395e+05
3.4224e+05
3.506e+05
3.5904e+05
3.6754e+05
3.7611e+05
3.8474e+05
3.9342e+05
4.0215e+05
4.1094e+05
4.1977e+05
4.2864e+05
4.3755e+05
4.465e+05
4.5548e+05
4.6448e+05
4.735e+05
4.8255e+05
4.9161e+05
5.0068e+05
5.0976e+05
5.1885e+05
5.2793e+05
5.3701e+05
5.4609e+05
5.5515e+05
5.642e+05
5.7323e+05
5.8224e+05
5.9122e+05
6.0017e+05
6.091e+05
6.1798e+05
6.2682e+05
6.3562e+05
6.4438e+05
6.5308e+05
6.6173e+05
6.7032e+05
6.7885e+05
6.8732e+05
6.9571e+05
7.0404e+05
7.1229e+05
7.2047e+05
7.2856e+05
7.3658e+05
7.445e+05
7.5234e+05
7.6008e+05
7.6773e+05
7.7528e+05
7.8273e+05
7.9007e+05
7.9731e+05
8.0444e+05
8.1146e+05
8.1837e+05
8.2516e+05
8.3183e+05
8.3838e+05
8.448e+05
8.511e+05
8.5728e+05
8.6332e+05
8.6923e+05
8.7501e+05
8.8065e+05
8.8616e+05
8.9153e+05
8.9676e+05
9.0184e+05
9.0678e+05
9.1158e+05
9.1623e+05
9.2074e+05
9.2509e+05
9.293e+05
9.3335e+05
9.3725e+05
9.41e+05
9.446e+05
9.4804e+05
9.5132e+05
9.5445e+05
9.5742e+05
9.6024e+05
9.6289e+05
9.6539e+05
9.6773e+05
9.6991e+05
9.7193e+05
9.738e+05
9.755e+05
9.7704e+05
9.7843e+05
9.7965e+05
9.8072e+05
9.8162e+05
9.8237e+05
9.8296e+05
9.8339e+05
9.8366e+05
9.8378e+05
9.8374e+05
9.8354e+05
9.8319e+05
9.8268e+05
9.8202e+05
9.812e+05
9.8024e+05
9.7912e+05
9.7785e+05
9.7644e+05
9.7487e+05
9.7316e+05
9.713e+05
9.6929e+05
9.6715e+05
9.6486e+05
9.6243e+05
9.5986e+05
9.5715e+05
9.543e+05
9.5132e+05
9.4821e+05
9.4496e+05
9.4159e+05
9.3808e+05
9.3445e+05
9.3069e+05
9.2681e+05
9.228e+05
9.1868e+05
9.1444e+05
9.1008e+05
9.056e+05
9.0102e+05
8.9632e+05
8.9151e+05
8.866e+05
8.8158e+05
8.7646e+05
8.7124e+05
8.6592e+05
8.605e+05
8.5499e+05
8.4939e+05
8.437e+05
8.3791e+05
8.3205e+05
8.261e+05
8.2006e+05
8.1395e+05
8.0776e+05
8.015e+05
7.9516e+05
7.8876e+05
7.8228e+05
7.7574e+05
7.6914e+05
7.6248e+05
7.5575e+05
7.4898e+05
7.4214e+05
7.3526e+05
7.2832e+05
7.2134e+05
7.1431e+05
7.0724e+05
7.0013e+05
6.9298e+05
6.8579e+05
6.7858e+05
6.7133e+05
6.6405e+05
6.5674e+05
6.4941e+05
6.4206e+05
6.3468e+05
6.2729e+05
6.1989e+05
6.1247e+05
6.0503e+05
5.9759e+05
5.9014e+05
5.8269e+05
5.7523e+05
5.6778e+05
5.6032e+05
5.5287e+05
5.4542e+05
5.3798e+05
5.3055e+05
5.2313e+05
5.1572e+05
5.0833e+05
5.0096e+05
4.936e+05
4.8627e+05
4.7896e+05
4.7167e+05
4.6441e+05
4.5717e+05
4.4997e+05
4.4279e+05
4.3565e+05
4.2855e+05
4.2148e+05
4.1444e+05
4.0745e+05
4.005e+05
3.9358e+05
3.8672e+05
3.7989e+05
3.7312e+05
3.6639e+05
3.597e+05
3.5307e+05
3.4649e+05
3.3996e+05
3.3349e+05
3.2707e+05
3.2071e+05
3.144e+05
3.0815e+05
3.0196e+05
2.9583e+05
2.8976e+05
2.8375e+05
2.778e+05
2.7191e+05
2.6609e+05
2.6034e+05
2.5464e+05
2.4902e+05
2.4346e+05
2.3797e+05
2.3254e+05
2.2718e+05
2.219e+05
2.1668e+05
2.1152e+05
2.0644e+05
2.0143e+05
1.9649e+05
1.9162e+05
1.8682e+05
1.8209e+05
1.7743e+05
1.7285e+05
1.6833e+05
1.6389e+05
1.5951e+05
1.5521e+05
1.5098e+05
1.4682e+05
1.4273e+05
1.3872e+05
1.3477e+05
1.3089e+05
1.2709e+05
1.2336e+05
1.1969e+05
1.161e+05
1.1257e+05
1.0911e+05
1.0573e+05
1.0241e+05
99157
95974
92858
89808
86825
83907
81055
78267
75543
72883
70286
67751
65277
62865
60513
58221
55987
53812
51695
49634
47630
45681
43787
41946
40159
38424
36741
35108
33526
31993
30508
29071
27680
26336
25036
23781
22570
21401
20274
19188
18143
17136
16168
15238
14345
13488
12666
11879
11125
10404
9715.4
9057.8
8430.7
7833.2
7264.6
6724.1
6211
5724.3
5263.5
4827.8
4416.4
4028.5
3663.5
3320.6
2999.1
2698.3
2417.5
2156
1913.2
1688.3
1480.7
1289.7
1114.7
955.14
810.28
679.52
562.28
457.95
365.93
285.66
216.57
158.09
109.67
70.773
40.875
19.451
5.9932
0
0.98155
8.4575
21.957
41.02
65.196
94.042
127.13
164.03
204.34
247.66
293.58
