72332
75807
79545
83545
87805
92319
97084
1.0209e+05
1.0734e+05
1.1281e+05
1.1851e+05
1.2442e+05
1.3052e+05
1.3682e+05
1.4329e+05
1.4992e+05
1.567e+05
1.6362e+05
1.7065e+05
1.7779e+05
1.8501e+05
1.923e+05
1.9964e+05
2.0702e+05
2.1442e+05
2.2181e+05
2.2918e+05
2.3652e+05
2.4379e+05
2.51e+05
2.5811e+05
2.6511e+05
2.7198e+05
2.787e+05
2.8527e+05
2.9165e+05
2.9783e+05
3.0381e+05
3.0955e+05
3.1506e+05
3.2031e+05
3.2529e+05
3.2999e+05
3.3439e+05
3.385e+05
3.4229e+05
3.4575e+05
3.4889e+05
3.5168e+05
3.5414e+05
3.5624e+05
3.5799e+05
3.5938e+05
3.6041e+05
3.6107e+05
3.6138e+05
3.6132e+05
3.609e+05
3.6012e+05
3.5898e+05
3.5749e+05
3.5566e+05
3.5348e+05
3.5097e+05
3.4812e+05
3.4496e+05
3.4149e+05
3.3771e+05
3.3364e+05
3.2929e+05
3.2467e+05
3.1979e+05
3.1466e+05
3.093e+05
3.0372e+05
2.9793e+05
2.9195e+05
2.8578e+05
2.7945e+05
2.7297e+05
2.6635e+05
2.5961e+05
2.5276e+05
2.4581e+05
2.3879e+05
2.3171e+05
2.2458e+05
2.1741e+05
2.1022e+05
2.0302e+05
1.9584e+05
1.8867e+05
1.8154e+05
1.7446e+05
1.6745e+05
1.605e+05
1.5364e+05
1.4688e+05
1.4023e+05
1.337e+05
1.2731e+05
1.2105e+05
1.1495e+05
1.0901e+05
1.0324e+05
97650
92247
87039
82033
77237
72656
68296
64163
60261
56596
53170
49988
47053
44366
41931
39748
37820
36146
34727
33563
32654
31998
31594
31440
31534
31872
32452
33271
34324
35607
37115
38843
40786
42937
45291
47840
50578
53498
56592
59851
63269
66835
70542
74381
78342
82415
86592
90862
95216
99643
1.0413e+05
1.0867e+05
1.1326e+05
1.1788e+05
1.2251e+05
1.2716e+05
1.3181e+05
1.3645e+05
1.4107e+05
1.4566e+05
1.5021e+05
1.5472e+05
1.5916e+05
1.6353e+05
1.6783e+05
1.7204e+05
1.7615e+05
1.8016e+05
1.8407e+05
1.8785e+05
1.915e+05
1.9503e+05
1.9842e+05
2.0166e+05
2.0475e+05
2.0769e+05
2.1047e+05
2.1309e+05
2.1554e+05
2.1782e+05
2.1992e+05
2.2186e+05
2.2362e+05
2.252e+05
2.2661e+05
2.2783e+05
2.2888e+05
2.2976e+05
2.3046e+05
2.3098e+05
2.3134e+05
2.3152e+05
2.3154e+05
2.314e+05
2.3109e+05
2.3063e+05
2.3002e+05
2.2925e+05
2.2835e+05
2.273e+05
2.2612e+05
2.2481e+05
2.2337e+05
2.2181e+05
2.2014e+05
2.1835e+05
2.1646e+05
2.1447e+05
2.1239e+05
2.1021e+05
2.0795e+05
2.0561e+05
2.0319e+05
2.007e+05
1.9814e+05
1.9551e+05
1.9283e+05
1.9009e+05
1.873e+05
1.8446e+05
1.8158e+05
1.7865e+05
1.7568e+05
1.7268e+05
1.6964e+05
1.6658e+05
1.6348e+05
1.6036e+05
1.5721e+05
1.5404e+05
1.5085e+05
1.4764e+05
1.4441e+05
1.4117e+05
1.3791e+05
1.3464e+05
1.3136e+05
1.2808e+05
1.2478e+05
1.2148e+05
1.1818e+05
1.1487e+05
1.1157e+05
1.0826e+05
1.0496e+05
1.0167e+05
98391
95121
91866
88628
85410
82215
79047
75909
72804
69735
66707
63723
60786
57900
55069
52297
49588
46944
44370
41869
39445
37100
34838
32662
30575
28577
26673
24864
23151
21535
20019
18601
17283
16064
14943
13921
12995
12164
11426
10778
10218
9742.5
9347.7
9030.1
8785.4
8609.3
8497
8443.6
8444
8492.8
8584.7
8714
8875.1
9062.2
9269.8
9492.2
9723.7
9959
10193
10420
10635
10835
11013
11168
11294
11389
11450
11474
11460
11406
11311
11175
10999
10781
10525
10230
9900.7
9538
9145.7
8727.1
8286.4
7828
7356.6
6877.3
6395.6
5917.2
5448
4994
4561.4
4156.5
3785.5
3454.8
3170.5
2938.5
2764.8
2654.9
2614
2647.2
2758.9
2953.2
3233.6
3603.2
4064.5
4619.2
5268.6
6013.2
6852.7
7786.3
8812.2
9928.1
11131
12417
13781
15217
16721
18285
19901
21562
23259
24983
26724
28472
30216
31947
33653
35322
36945
38508
40002
41416
42738
43959
45068
46056
46915
47635
48211
48634
48900
49004
48942
48712
48313
47744
47008
46106
45043
43824
42456
40947
39307
37548
35681
33721
31684
29586
27446
25282
23116
20969
18865
16826
14879
13047
11359
9839.5
8517.3
7419.8
6574.9
6010.8
5755.5
5837
6283
7120.8
8377.1
10078
12249
14914
18096
21818
26100
30961
36419
42490
49189
56527
64516
73163
82474
92454
1.031e+05
1.1442e+05
1.2641e+05
1.3906e+05
1.5236e+05
1.6631e+05
1.8089e+05
1.9609e+05
2.1188e+05
2.2826e+05
2.4519e+05
2.6266e+05
2.8064e+05
2.991e+05
3.18e+05
3.3733e+05
3.5703e+05
3.7708e+05
3.9745e+05
4.1808e+05
4.3894e+05
4.5999e+05
4.8118e+05
5.0248e+05
5.2383e+05
5.452e+05
5.6653e+05
5.8777e+05
6.0889e+05
6.2984e+05
6.5056e+05
6.7102e+05
6.9117e+05
7.1095e+05
7.3034e+05
7.4928e+05
7.6773e+05
7.8564e+05
8.0299e+05
8.1973e+05
8.3582e+05
8.5122e+05
8.6591e+05
8.7985e+05
8.9301e+05
9.0537e+05
9.1689e+05
9.2755e+05
9.3733e+05
9.4622e+05
9.5418e+05
9.6123e+05
9.6732e+05
9.7247e+05
9.7666e+05
9.7989e+05
9.8215e+05
9.8344e+05
9.8378e+05
9.8315e+05
9.8158e+05
9.7906e+05
9.7562e+05
9.7126e+05
9.66e+05
9.5986e+05
9.5286e+05
9.4502e+05
9.3636e+05
9.2692e+05
9.1671e+05
9.0576e+05
8.9411e+05
8.8178e+05
8.6881e+05
8.5523e+05
8.4107e+05
8.2637e+05
8.1116e+05
7.9548e+05
7.7937e+05
7.6286e+05
7.4598e+05
7.2878e+05
7.113e+05
6.9356e+05
6.756e+05
6.5747e+05
6.3919e+05
6.208e+05
6.0234e+05
5.8385e+05
5.6534e+05
5.4686e+05
5.2844e+05
5.1011e+05
4.9189e+05
4.7382e+05
4.5592e+05
4.3822e+05
4.2075e+05
4.0352e+05
3.8657e+05
3.6991e+05
3.5355e+05
3.3753e+05
3.2185e+05
3.0654e+05
2.9161e+05
2.7706e+05
2.6292e+05
2.4919e+05
2.3588e+05
2.23e+05
2.1055e+05
1.9855e+05
1.87e+05
1.7589e+05
1.6523e+05
1.5503e+05
1.4527e+05
1.3596e+05
1.271e+05
1.1869e+05
1.1071e+05
1.0317e+05
96054
89359
83078
77201
71721
66627
61910
57558
53561
49907
46585
43582
40885
38482
36361
34507
32908
31551
30421
29506
28793
28268
27918
27730
27692
27789
28011
28344
28777
29299
29897
30560
31279
32042
32841
33664
34503
35350
36195
37032
37853
38651
39419
40152
40844
41490
42085
42625
43108
43529
43885
44176
44398
44551
44634
44646
44586
44456
44256
43987
43651
43248
42782
42255
41668
41026
40330
39585
38793
37960
37087
36180
35242
34277
33291
32286
31267
30238
29204
28169
27137
26111
25096
24096
23114
22154
21218
20311
19434
18591
17785
17017
16289
15604
14963
14366
13816
13312
12856
12447
12086
11771
11504
11282
11105
10972
10880
10830
10818
10842
10901
10992
11112
11259
11431
11623
11835
12062
12301
12550
12806
13065
13325
13583
13835
14080
14314
14535
14740
14927
15094
15239
15360
15455
15523
15562
15571
15550
15498
15413
15296
15147
14965
14751
14506
14229
13922
13586
13222
12830
12414
11974
11511
11029
10528
10011
9479.6
8936.4
8383.4
7822.9
7257.2
6688.6
6119.2
5551.5
4987.5
4429.6
3879.7
3340
2812.5
2299
1801.2
1321
859.79
419.02
0
