69810
73020
76471
80161
84089
88250
92640
97253
1.0208e+05
1.0713e+05
1.1237e+05
1.178e+05
1.2342e+05
1.2921e+05
1.3517e+05
1.4127e+05
1.475e+05
1.5386e+05
1.6033e+05
1.669e+05
1.7354e+05
1.8025e+05
1.87e+05
1.9379e+05
2.006e+05
2.074e+05
2.1418e+05
2.2093e+05
2.2763e+05
2.3426e+05
2.4081e+05
2.4725e+05
2.5358e+05
2.5977e+05
2.6581e+05
2.7168e+05
2.7737e+05
2.8287e+05
2.8816e+05
2.9322e+05
2.9804e+05
3.0262e+05
3.0693e+05
3.1098e+05
3.1474e+05
3.182e+05
3.2137e+05
3.2423e+05
3.2677e+05
3.2899e+05
3.3089e+05
3.3245e+05
3.3368e+05
3.3457e+05
3.3512e+05
3.3534e+05
3.3521e+05
3.3474e+05
3.3394e+05
3.328e+05
3.3134e+05
3.2954e+05
3.2743e+05
3.25e+05
3.2227e+05
3.1923e+05
3.159e+05
3.1229e+05
3.084e+05
3.0425e+05
2.9985e+05
2.9521e+05
2.9033e+05
2.8524e+05
2.7994e+05
2.7444e+05
2.6877e+05
2.6293e+05
2.5693e+05
2.5079e+05
2.4453e+05
2.3816e+05
2.3168e+05
2.2512e+05
2.1849e+05
2.1181e+05
2.0508e+05
1.9832e+05
1.9154e+05
1.8476e+05
1.7799e+05
1.7124e+05
1.6453e+05
1.5786e+05
1.5125e+05
1.4471e+05
1.3826e+05
1.319e+05
1.2564e+05
1.1949e+05
1.1346e+05
1.0757e+05
1.0182e+05
96211
90763
85478
80365
75429
70677
66115
61747
57578
53614
49858
46313
42983
39870
36978
34307
31860
29638
27641
25870
24325
23007
21913
21044
20399
19974
19770
19783
20010
20450
21098
21952
23006
24259
25703
27337
29153
31147
33313
35646
38140
40787
43583
46518
49588
52784
56099
59525
63054
66679
70391
74182
78044
81967
85944
89965
94022
98106
1.0221e+05
1.0632e+05
1.1043e+05
1.1454e+05
1.1862e+05
1.2269e+05
1.2672e+05
1.3071e+05
1.3464e+05
1.3852e+05
1.4234e+05
1.4609e+05
1.4975e+05
1.5333e+05
1.5681e+05
1.602e+05
1.6348e+05
1.6666e+05
1.6971e+05
1.7265e+05
1.7546e+05
1.7815e+05
1.807e+05
1.8311e+05
1.8539e+05
1.8753e+05
1.8953e+05
1.9139e+05
1.931e+05
1.9466e+05
1.9608e+05
1.9736e+05
1.9849e+05
1.9948e+05
2.0032e+05
2.0103e+05
2.0159e+05
2.0202e+05
2.0231e+05
2.0248e+05
2.0251e+05
2.0242e+05
2.0221e+05
2.0187e+05
2.0143e+05
2.0087e+05
2.002e+05
1.9943e+05
1.9856e+05
1.976e+05
1.9654e+05
1.9539e+05
1.9416e+05
1.9285e+05
1.9146e+05
1.9e+05
1.8846e+05
1.8687e+05
1.852e+05
1.8348e+05
1.817e+05
1.7986e+05
1.7797e+05
1.7603e+05
1.7404e+05
1.72e+05
1.6992e+05
1.678e+05
1.6563e+05
1.6343e+05
1.6118e+05
1.589e+05
1.5658e+05
1.5422e+05
1.5183e+05
1.4941e+05
1.4695e+05
1.4446e+05
1.4194e+05
1.3938e+05
1.368e+05
1.3418e+05
1.3154e+05
1.2887e+05
1.2617e+05
1.2345e+05
1.207e+05
1.1793e+05
1.1514e+05
1.1233e+05
1.0951e+05
1.0667e+05
1.0382e+05
1.0096e+05
98088
95216
92343
89474
86610
83757
80917
78096
75296
72522
69778
67069
64399
61772
59192
56664
54192
51780
49432
47152
44943
42810
40754
38778
36887
35081
33363
31735
30198
28752
27398
26137
24968
23890
22903
22004
21193
20465
19820
19253
18762
18342
17990
17701
17470
17292
17163
17077
17029
17014
17025
17057
17105
17163
17225
17288
17344
17391
17422
17435
17424
17386
17319
17218
17083
16911
16700
16451
16161
15833
15466
15062
14622
14148
13644
13113
12558
11984
11395
10795
10192
9588.8
8992.8
8409.7
7845.9
7307.6
6801.4
6333.8
5911.1
5539.7
5225.9
4975.7
4794.7
4688.4
4662
4720
4866.6
5105.5
5439.7
5871.9
6403.9
7036.8
7771.2
8606.7
9542.5
10577
11707
12930
14241
15636
17110
18654
20264
21930
23645
25399
27184
28987
30800
32612
34410
36183
37921
39610
41239
42796
44270
45650
46923
48080
49110
50004
50753
51348
51783
52051
52147
52066
51805
51362
50736
49929
48942
47778
46443
44942
43284
41477
39533
37463
35282
33004
30646
28226
25763
23277
20792
18328
15911
13566
11317
9192.2
7218.1
5422.7
3834.2
2481.3
1392.6
597
123.28
0
255.39
917.21
2012.6
3568
5608.9
8159.9
11244
14884
19100
23912
29337
35390
42086
49437
57454
66143
75510
85560
96293
1.0771e+05
1.198e+05
1.3257e+05
1.46e+05
1.6009e+05
1.7482e+05
1.9017e+05
2.0613e+05
2.2267e+05
2.3978e+05
2.5743e+05
2.756e+05
2.9424e+05
3.1334e+05
3.3286e+05
3.5277e+05
3.7302e+05
3.9358e+05
4.1441e+05
4.3547e+05
4.5672e+05
4.781e+05
4.9959e+05
5.2113e+05
5.4268e+05
5.6419e+05
5.8562e+05
6.0691e+05
6.2802e+05
6.489e+05
6.6952e+05
6.8981e+05
7.0974e+05
7.2926e+05
7.4833e+05
7.669e+05
7.8493e+05
8.0238e+05
8.1922e+05
8.354e+05
8.5089e+05
8.6566e+05
8.7967e+05
8.9289e+05
9.053e+05
9.1686e+05
9.2756e+05
9.3738e+05
9.4629e+05
9.5428e+05
9.6133e+05
9.6743e+05
9.7258e+05
9.7676e+05
9.7997e+05
9.8221e+05
9.8348e+05
9.8378e+05
9.8311e+05
9.815e+05
9.7893e+05
9.7543e+05
9.7101e+05
9.6569e+05
9.5949e+05
9.5242e+05
9.445e+05
9.3577e+05
9.2624e+05
9.1595e+05
9.0492e+05
8.9318e+05
8.8076e+05
8.677e+05
8.5403e+05
8.3978e+05
8.2499e+05
8.0969e+05
7.9392e+05
7.7772e+05
7.6112e+05
7.4417e+05
7.2689e+05
7.0932e+05
6.9151e+05
6.7348e+05
6.5528e+05
6.3694e+05
6.185e+05
5.9999e+05
5.8145e+05
5.6291e+05
5.444e+05
5.2595e+05
5.076e+05
4.8938e+05
4.7131e+05
4.5342e+05
4.3574e+05
4.1829e+05
4.011e+05
3.8419e+05
3.6758e+05
3.5129e+05
3.3534e+05
3.1974e+05
3.0452e+05
2.8968e+05
2.7524e+05
2.6121e+05
2.476e+05
2.3443e+05
2.2169e+05
2.0939e+05
1.9754e+05
1.8614e+05
1.752e+05
1.6471e+05
1.5468e+05
1.451e+05
1.3597e+05
1.273e+05
1.1906e+05
1.1127e+05
1.0391e+05
96982
90470
84369
78670
73363
68438
63883
59688
55841
52329
49140
46261
43679
41380
39352
37580
36050
34750
33665
32782
32087
31567
31208
30998
30924
30973
31132
31391
31736
32157
32644
33184
33768
34388
35032
35692
36361
37030
37691
38338
38964
39564
40131
40661
41149
41592
41985
42326
42611
42839
43008
43117
43164
43148
43071
42932
42732
42471
42150
41772
41338
40850
40311
39722
39087
38409
37690
36934
36144
35323
34475
33604
32714
31806
30887
29958
29023
28087
27151
26221
25299
24387
23490
22609
21748
20909
20095
19308
18549
17820
17124
16461
15832
15240
14683
14164
13682
13238
12831
12461
12128
11831
11570
11343
11150
10988
10857
10756
10682
10633
10609
10606
10623
10658
10709
10773
10849
10934
11025
11122
11222
11322
11420
11515
11605
11688
11762
11825
11876
11914
11937
11944
11935
11907
11860
11795
11709
11603
11477
11331
11164
10976
10769
10543
10297
10034
9752.9
9455.4
9142.5
8815.2
8474.7
8122.2
7759
7386.6
7006.3
6619.5
6227.8
5832.6
5435.5
5037.9
4641.5
4247.6
3857.7
3473.2
3095.6
2726.1
2366.1
2016.8
1679.3
1354.6
1043.8
747.8
467.37
