12714
15953
19408
23074
26947
31022
35292
39750
44392
49209
54193
59337
64633
70072
75645
81342
87154
93072
99084
1.0518e+05
1.1135e+05
1.1759e+05
1.2388e+05
1.3021e+05
1.3658e+05
1.4296e+05
1.4936e+05
1.5575e+05
1.6214e+05
1.685e+05
1.7483e+05
1.8111e+05
1.8734e+05
1.935e+05
1.996e+05
2.056e+05
2.1151e+05
2.1732e+05
2.2302e+05
2.286e+05
2.3404e+05
2.3935e+05
2.4451e+05
2.4951e+05
2.5436e+05
2.5904e+05
2.6354e+05
2.6786e+05
2.72e+05
2.7594e+05
2.7969e+05
2.8324e+05
2.8659e+05
2.8973e+05
2.9265e+05
2.9537e+05
2.9786e+05
3.0014e+05
3.0221e+05
3.0405e+05
3.0567e+05
3.0708e+05
3.0827e+05
3.0923e+05
3.0998e+05
3.1052e+05
3.1085e+05
3.1096e+05
3.1087e+05
3.1057e+05
3.1007e+05
3.0938e+05
3.085e+05
3.0743e+05
3.0618e+05
3.0475e+05
3.0315e+05
3.0138e+05
2.9946e+05
2.9739e+05
2.9517e+05
2.9281e+05
2.9031e+05
2.877e+05
2.8496e+05
2.8212e+05
2.7917e+05
2.7613e+05
2.73e+05
2.6979e+05
2.6651e+05
2.6317e+05
2.5977e+05
2.5632e+05
2.5283e+05
2.4932e+05
2.4577e+05
2.4221e+05
2.3865e+05
2.3508e+05
2.3152e+05
2.2797e+05
2.2445e+05
2.2095e+05
2.1749e+05
2.1408e+05
2.1071e+05
2.074e+05
2.0415e+05
2.0097e+05
1.9786e+05
1.9483e+05
1.9189e+05
1.8903e+05
1.8628e+05
1.8362e+05
1.8106e+05
1.7862e+05
1.7628e+05
1.7406e+05
1.7196e+05
1.6998e+05
1.6813e+05
1.664e+05
1.648e+05
1.6333e+05
1.62e+05
1.6079e+05
1.5972e+05
1.5879e+05
1.5798e+05
1.5732e+05
1.5678e+05
1.5638e+05
1.5612e+05
1.5598e+05
1.5597e+05
1.561e+05
1.5634e+05
1.5671e+05
1.5721e+05
1.5782e+05
1.5854e+05
1.5938e+05
1.6033e+05
1.6138e+05
1.6253e+05
1.6378e+05
1.6512e+05
1.6655e+05
1.6807e+05
1.6966e+05
1.7132e+05
1.7306e+05
1.7485e+05
1.7671e+05
1.7862e+05
1.8057e+05
1.8257e+05
1.8461e+05
1.8667e+05
1.8876e+05
1.9087e+05
1.9299e+05
1.9512e+05
1.9726e+05
1.9939e+05
2.0151e+05
2.0362e+05
2.0571e+05
2.0777e+05
2.0981e+05
2.1181e+05
2.1377e+05
2.1568e+05
2.1755e+05
2.1936e+05
2.2111e+05
2.228e+05
2.2442e+05
2.2597e+05
2.2744e+05
2.2884e+05
2.3016e+05
2.3139e+05
2.3253e+05
2.3358e+05
2.3454e+05
2.3541e+05
2.3618e+05
2.3684e+05
2.3741e+05
2.3788e+05
2.3824e+05
2.385e+05
2.3865e+05
2.387e+05
2.3865e+05
2.3849e+05
2.3822e+05
2.3785e+05
2.3738e+05
2.368e+05
2.3612e+05
2.3534e+05
2.3446e+05
2.3349e+05
2.3241e+05
2.3125e+05
2.2999e+05
2.2864e+05
2.2721e+05
2.2569e+05
2.2409e+05
2.2241e+05
2.2065e+05
2.1882e+05
2.1691e+05
2.1494e+05
2.1291e+05
2.1081e+05
2.0866e+05
2.0645e+05
2.0419e+05
2.0188e+05
1.9952e+05
1.9713e+05
1.9469e+05
1.9221e+05
1.8971e+05
1.8717e+05
1.8461e+05
1.8202e+05
1.7941e+05
1.7678e+05
1.7414e+05
1.7148e+05
1.6881e+05
1.6613e+05
1.6345e+05
1.6076e+05
1.5807e+05
1.5538e+05
1.5269e+05
1.5001e+05
1.4733e+05
1.4465e+05
1.4198e+05
1.3933e+05
1.3668e+05
1.3404e+05
1.3142e+05
1.288e+05
1.2621e+05
1.2362e+05
1.2105e+05
1.185e+05
1.1596e+05
1.1343e+05
1.1093e+05
1.0843e+05
1.0596e+05
1.035e+05
1.0106e+05
98632
96222
93829
91453
89092
86748
84420
82109
79814
77535
75272
73026
70797
68585
66390
64212
62053
59912
57791
55690
53609
51549
49512
47498
45509
43545
41608
39699
37819
35971
34155
32373
30626
28917
27247
25618
24031
22489
20994
19546
18149
16803
15511
14275
13095
11975
10915
9917.5
8983.4
8114.3
7311.6
6576.4
5909.8
5312.8
4786.2
4330.6
3946.6
3634.6
3394.8
3227.1
3131.5
3107.6
3154.9
3272.7
3460
3715.8
4038.7
4427.3
4879.7
5394.2
5968.6
6600.6
7287.7
8027.2
8816.3
9651.8
10531
11449
12405
13393
14409
15451
16514
17594
18686
19787
20892
21996
23096
24187
25265
26325
27363
28374
29356
30303
31212
32080
32901
33675
34396
35062
35670
36218
36704
37126
37482
37770
37991
38143
38226
38241
38187
38066
37879
37627
37314
36941
36512
36030
35498
34922
34306
33655
32974
32270
31549
30818
30084
29355
28638
27942
27276
26648
26068
25545
25090
24711
24420
24227
24142
24177
24342
24647
25105
25726
26520
27500
28676
30059
31659
33487
35553
37868
40441
43282
46400
49804
53502
57503
61814
66443
71396
76679
82297
88257
94562
1.0122e+05
1.0822e+05
1.1558e+05
1.233e+05
1.3138e+05
1.3981e+05
1.486e+05
1.5775e+05
1.6726e+05
1.7711e+05
1.8732e+05
1.9787e+05
2.0876e+05
2.1999e+05
2.3155e+05
2.4342e+05
2.5561e+05
2.6811e+05
2.809e+05
2.9398e+05
3.0733e+05
3.2095e+05
3.3481e+05
3.4892e+05
3.6325e+05
3.7779e+05
3.9253e+05
4.0745e+05
4.2253e+05
4.3776e+05
4.5313e+05
4.6861e+05
4.8418e+05
4.9983e+05
5.1555e+05
5.313e+05
5.4707e+05
5.6285e+05
5.7861e+05
5.9434e+05
6.1e+05
6.2559e+05
6.4108e+05
6.5646e+05
6.7169e+05
6.8677e+05
7.0167e+05
7.1637e+05
7.3086e+05
7.4511e+05
7.591e+05
7.7282e+05
7.8624e+05
7.9935e+05
8.1213e+05
8.2456e+05
8.3663e+05
8.4831e+05
8.596e+05
8.7048e+05
8.8093e+05
8.9094e+05
9.0049e+05
9.0958e+05
9.1818e+05
9.263e+05
9.3391e+05
9.4101e+05
9.4759e+05
9.5364e+05
9.5915e+05
9.6412e+05
9.6854e+05
9.7241e+05
9.7571e+05
9.7846e+05
9.8064e+05
9.8225e+05
9.833e+05
9.8378e+05
9.8369e+05
9.8304e+05
9.8183e+05
9.8005e+05
9.7773e+05
9.7485e+05
9.7143e+05
9.6748e+05
9.63e+05
9.5799e+05
9.5247e+05
9.4645e+05
9.3993e+05
9.3294e+05
9.2547e+05
9.1754e+05
9.0917e+05
9.0036e+05
8.9113e+05
8.815e+05
8.7147e+05
8.6107e+05
8.5031e+05
8.392e+05
8.2777e+05
8.1602e+05
8.0397e+05
7.9164e+05
7.7905e+05
7.6621e+05
7.5315e+05
7.3987e+05
7.264e+05
7.1275e+05
6.9895e+05
6.85e+05
6.7092e+05
6.5674e+05
6.4247e+05
6.2812e+05
6.1372e+05
5.9927e+05
5.848e+05
5.7033e+05
5.5586e+05
5.4141e+05
5.27e+05
5.1265e+05
4.9836e+05
4.8415e+05
4.7004e+05
4.5603e+05
4.4215e+05
4.284e+05
4.1479e+05
4.0134e+05
3.8805e+05
3.7494e+05
3.6202e+05
3.4929e+05
3.3677e+05
3.2447e+05
3.1238e+05
3.0052e+05
2.8889e+05
2.7751e+05
2.6637e+05
2.5549e+05
2.4486e+05
2.3449e+05
2.2438e+05
2.1454e+05
2.0498e+05
1.9568e+05
1.8665e+05
1.779e+05
1.6942e+05
1.6122e+05
1.533e+05
1.4564e+05
1.3826e+05
1.3115e+05
1.2431e+05
1.1774e+05
1.1143e+05
1.0539e+05
99601
94068
88786
83752
78960
74405
70084
65990
62119
58465
55023
51786
48749
45906
43251
40778
38479
36350
34384
32574
30913
29397
28017
26768
25644
24638
23745
22957
22270
21676
21171
20748
20402
20127
19918
19770
19678
19636
19640
19686
19768
19883
20026
20193
20381
20586
20804
21032
21268
21507
21747
21986
22221
22449
22669
22879
23077
23261
23429
23581
23715
23830
23925
23999
24051
24082
24090
24076
24038
23978
23894
23788
23658
23506
23332
23136
22919
22681
22423
22145
21849
21534
21203
20855
20492
20114
19723
19319
18903
18477
18041
17596
17143
16684
16219
15750
15276
14800
14322
13843
13364
12885
12409
11934
11464
10997
10535
10078
9627.6
9183.9
8747.6
8319.2
7899.2
7488.1
7086.4
6694.4
6312.4
5940.9
5580.1
5230.2
4891.4
4563.9
4247.8
3943.2
3650.1
3368.6
3098.6
2840.1
2593
2357.1
2132.4
1918.5
1715.4
1522.7
1340.2
1167.5
1004.5
850.71
705.77
569.33
440.98
320.31
206.88
100.27
0
