3.0032e+05
3.0334e+05
3.0634e+05
3.0934e+05
3.1232e+05
3.1528e+05
3.1823e+05
3.2116e+05
3.2407e+05
3.2696e+05
3.2982e+05
3.3266e+05
3.3548e+05
3.3827e+05
3.4104e+05
3.4377e+05
3.4648e+05
3.4916e+05
3.518e+05
3.5442e+05
3.57e+05
3.5954e+05
3.6206e+05
3.6453e+05
3.6697e+05
3.6937e+05
3.7174e+05
3.7406e+05
3.7635e+05
3.7859e+05
3.8079e+05
3.8295e+05
3.8507e+05
3.8714e+05
3.8917e+05
3.9116e+05
3.931e+05
3.9499e+05
3.9684e+05
3.9864e+05
4.0039e+05
4.021e+05
4.0375e+05
4.0536e+05
4.0691e+05
4.0842e+05
4.0988e+05
4.1129e+05
4.1264e+05
4.1394e+05
4.152e+05
4.164e+05
4.1755e+05
4.1864e+05
4.1968e+05
4.2067e+05
4.2161e+05
4.2249e+05
4.2332e+05
4.241e+05
4.2482e+05
4.2549e+05
4.261e+05
4.2666e+05
4.2717e+05
4.2762e+05
4.2802e+05
4.2836e+05
4.2865e+05
4.2889e+05
4.2907e+05
4.2919e+05
4.2927e+05
4.2929e+05
4.2925e+05
4.2917e+05
4.2903e+05
4.2883e+05
4.2859e+05
4.2829e+05
4.2793e+05
4.2753e+05
4.2708e+05
4.2657e+05
4.2601e+05
4.2541e+05
4.2475e+05
4.2404e+05
4.2328e+05
4.2248e+05
4.2162e+05
4.2072e+05
4.1977e+05
4.1877e+05
4.1773e+05
4.1664e+05
4.1551e+05
4.1433e+05
4.1311e+05
4.1184e+05
4.1053e+05
4.0919e+05
4.0779e+05
4.0636e+05
4.0489e+05
4.0339e+05
4.0184e+05
4.0025e+05
3.9863e+05
3.9698e+05
3.9529e+05
3.9357e+05
3.9181e+05
3.9002e+05
3.882e+05
3.8635e+05
3.8448e+05
3.8257e+05
3.8064e+05
3.7868e+05
3.767e+05
3.7469e+05
3.7266e+05
3.7061e+05
3.6853e+05
3.6644e+05
3.6433e+05
3.622e+05
3.6006e+05
3.579e+05
3.5573e+05
3.5354e+05
3.5134e+05
3.4913e+05
3.4691e+05
3.4468e+05
3.4245e+05
3.402e+05
3.3796e+05
3.3571e+05
3.3345e+05
3.3119e+05
3.2894e+05
3.2668e+05
3.2442e+05
3.2217e+05
3.1992e+05
3.1767e+05
3.1543e+05
3.1319e+05
3.1097e+05
3.0875e+05
3.0654e+05
3.0434e+05
3.0215e+05
2.9997e+05
2.9781e+05
2.9565e+05
2.9352e+05
2.914e+05
2.8929e+05
2.872e+05
2.8513e+05
2.8308e+05
2.8105e+05
2.7903e+05
2.7704e+05
2.7507e+05
2.7312e+05
2.7119e+05
2.6928e+05
2.6739e+05
2.6553e+05
2.6369e+05
2.6188e+05
2.6009e+05
2.5832e+05
2.5658e+05
2.5486e+05
2.5317e+05
2.515e+05
2.4986e+05
2.4824e+05
2.4665e+05
2.4508e+05
2.4354e+05
2.4203e+05
2.4053e+05
2.3907e+05
2.3762e+05
2.3621e+05
2.3481e+05
2.3344e+05
2.3209e+05
2.3076e+05
2.2946e+05
2.2818e+05
2.2692e+05
2.2568e+05
2.2446e+05
2.2326e+05
2.2208e+05
2.2091e+05
2.1977e+05
2.1864e+05
2.1752e+05
2.1642e+05
2.1534e+05
2.1427e+05
2.1321e+05
2.1216e+05
2.1112e+05
2.101e+05
2.0908e+05
2.0807e+05
2.0706e+05
2.0606e+05
2.0507e+05
2.0408e+05
2.0309e+05
2.021e+05
2.0111e+05
2.0013e+05
1.9913e+05
1.9814e+05
1.9714e+05
1.9614e+05
1.9513e+05
1.9411e+05
1.9309e+05
1.9205e+05
1.9101e+05
1.8995e+05
1.8888e+05
1.8779e+05
1.8669e+05
1.8557e+05
1.8444e+05
1.8328e+05
1.8211e+05
1.8092e+05
1.7971e+05
1.7847e+05
1.7721e+05
1.7593e+05
1.7462e+05
1.7329e+05
1.7193e+05
1.7055e+05
1.6914e+05
1.677e+05
1.6623e+05
1.6473e+05
1.632e+05
1.6164e+05
1.6005e+05
1.5843e+05
1.5678e+05
1.551e+05
1.5338e+05
1.5163e+05
1.4985e+05
1.4804e+05
1.462e+05
1.4432e+05
1.4242e+05
1.4048e+05
1.3851e+05
1.365e+05
1.3447e+05
1.3241e+05
1.3031e+05
1.2819e+05
1.2604e+05
1.2386e+05
1.2165e+05
1.1942e+05
1.1716e+05
1.1487e+05
1.1256e+05
1.1023e+05
1.0788e+05
1.055e+05
1.0311e+05
1.007e+05
98269
95825
93368
90898
88418
85929
83433
80931
78426
75919
73412
70908
68408
65914
63429
60955
58494
56048
53620
51212
48827
46466
44133
41830
39560
37325
35127
32970
30856
28788
26769
24800
22886
21028
19230
17494
15823
14220
12687
11228
9845
8540.9
7318.6
6180.6
5129.9
4169
3300.6
2527.5
1852.2
1277.4
805.73
439.63
181.67
34.316
0
81.116
280.01
598.98
1040.3
1606.1
2298.5
3119.7
4071.6
5156.2
6375.4
7730.9
9224.7
10858
12633
14551
16614
18822
21177
23681
26334
29137
32092
35199
38460
41873
45442
49164
53042
57076
61265
65610
70110
74766
79578
84544
89665
94940
1.0037e+05
1.0595e+05
1.1168e+05
1.1757e+05
1.236e+05
1.2978e+05
1.3611e+05
1.4259e+05
1.4921e+05
1.5598e+05
1.6288e+05
1.6992e+05
1.7711e+05
1.8443e+05
1.9188e+05
1.9946e+05
2.0717e+05
2.1501e+05
2.2297e+05
2.3106e+05
2.3926e+05
2.4758e+05
2.5601e+05
2.6455e+05
2.732e+05
2.8196e+05
2.9081e+05
2.9977e+05
3.0881e+05
3.1795e+05
3.2717e+05
3.3648e+05
3.4587e+05
3.5533e+05
3.6487e+05
3.7447e+05
3.8414e+05
3.9387e+05
4.0365e+05
4.1349e+05
4.2337e+05
4.333e+05
4.4327e+05
4.5327e+05
4.633e+05
4.7336e+05
4.8344e+05
4.9354e+05
5.0364e+05
5.1376e+05
5.2388e+05
5.34e+05
5.4411e+05
5.5421e+05
5.643e+05
5.7436e+05
5.844e+05
5.9441e+05
6.0439e+05
6.1432e+05
6.2422e+05
6.3406e+05
6.4385e+05
6.5359e+05
6.6326e+05
6.7286e+05
6.8239e+05
6.9185e+05
7.0122e+05
7.1051e+05
7.1971e+05
7.2881e+05
7.3781e+05
7.4671e+05
7.5551e+05
7.6419e+05
7.7275e+05
7.812e+05
7.8952e+05
7.9771e+05
8.0577e+05
8.1369e+05
8.2147e+05
8.2911e+05
8.366e+05
8.4393e+05
8.5112e+05
8.5814e+05
8.65e+05
8.717e+05
8.7822e+05
8.8458e+05
8.9076e+05
8.9676e+05
9.0258e+05
9.0822e+05
9.1367e+05
9.1893e+05
9.24e+05
9.2888e+05
9.3356e+05
9.3805e+05
9.4233e+05
9.4641e+05
9.5029e+05
9.5396e+05
9.5742e+05
9.6068e+05
9.6372e+05
9.6656e+05
9.6918e+05
9.7159e+05
9.7378e+05
9.7576e+05
9.7752e+05
9.7906e+05
9.8039e+05
9.815e+05
9.8239e+05
9.8306e+05
9.8352e+05
9.8376e+05
9.8378e+05
9.8358e+05
9.8317e+05
9.8254e+05
9.8169e+05
9.8063e+05
9.7936e+05
9.7787e+05
9.7617e+05
9.7426e+05
9.7214e+05
9.6982e+05
9.6728e+05
9.6455e+05
9.6161e+05
9.5847e+05
9.5513e+05
9.5159e+05
9.4786e+05
9.4394e+05
9.3983e+05
9.3553e+05
9.3104e+05
9.2637e+05
9.2153e+05
9.165e+05
9.113e+05
9.0593e+05
9.004e+05
8.9469e+05
8.8883e+05
8.8281e+05
8.7663e+05
8.703e+05
8.6382e+05
8.5719e+05
8.5043e+05
8.4353e+05
8.3649e+05
8.2932e+05
8.2203e+05
8.1461e+05
8.0707e+05
7.9942e+05
7.9166e+05
7.8379e+05
7.7582e+05
7.6775e+05
7.5958e+05
7.5132e+05
7.4298e+05
7.3455e+05
7.2604e+05
7.1746e+05
7.0881e+05
7.0009e+05
6.9131e+05
6.8247e+05
6.7358e+05
6.6464e+05
6.5565e+05
6.4662e+05
6.3756e+05
6.2846e+05
6.1933e+05
6.1018e+05
6.0101e+05
5.9182e+05
5.8261e+05
5.734e+05
5.6419e+05
5.5497e+05
5.4576e+05
5.3655e+05
5.2736e+05
5.1818e+05
5.0901e+05
4.9987e+05
4.9076e+05
4.8167e+05
4.7262e+05
4.636e+05
4.5463e+05
4.4569e+05
4.3681e+05
4.2797e+05
4.1918e+05
4.1046e+05
4.0179e+05
3.9318e+05
3.8464e+05
3.7617e+05
3.6776e+05
3.5943e+05
3.5118e+05
3.43e+05
3.3491e+05
3.269e+05
3.1898e+05
3.1114e+05
3.034e+05
2.9575e+05
2.8819e+05
2.8073e+05
2.7337e+05
2.6611e+05
2.5895e+05
2.5189e+05
2.4494e+05
2.381e+05
2.3137e+05
2.2474e+05
2.1823e+05
2.1183e+05
2.0554e+05
1.9936e+05
1.933e+05
1.8736e+05
1.8153e+05
1.7582e+05
1.7023e+05
1.6476e+05
1.594e+05
1.5417e+05
1.4905e+05
1.4406e+05
1.3918e+05
1.3443e+05
1.2979e+05
1.2527e+05
1.2088e+05
1.166e+05
1.1244e+05
1.084e+05
1.0448e+05
1.0068e+05
96992
93423
89970
86631
83407
80296
77298
74411
71635
68968
66409
63957
61611
59369
57230
55193
53255
51417
49676
48030
46478
45019
43650
42370
41178
40071
39048
38106
37245
36462
35756
35124
34564
34075
33655
33302
33014
32788
32623
32517
32469
32475
32534
32644
32803
33010
33261
33555
33891
34266
34678
35126
35607
36120
36662
37232
37829
38449
39092
39756
40438
41138
41853
42582
43323
44074
44834
45602
46376
47153
47934
48716
49498
50278
51056
51829
52598
53359
54113
54858
55593
56316
57028
57726
58409
59078
59731
60366
60984
61583
62162
62722
63261
63778
64274
64746
65196
65622
66024
66401
66753
67081
67382
67658
67908
68131
68328
