9.8378e+05
9.7985e+05
9.7585e+05
9.7178e+05
9.6765e+05
9.6345e+05
9.5919e+05
9.5486e+05
9.5047e+05
9.4602e+05
9.4151e+05
9.3694e+05
9.3232e+05
9.2764e+05
9.2291e+05
9.1812e+05
9.1328e+05
9.084e+05
9.0346e+05
8.9848e+05
8.9345e+05
8.8837e+05
8.8325e+05
8.7809e+05
8.7289e+05
8.6765e+05
8.6237e+05
8.5706e+05
8.517e+05
8.4632e+05
8.409e+05
8.3545e+05
8.2996e+05
8.2445e+05
8.1891e+05
8.1334e+05
8.0775e+05
8.0213e+05
7.9649e+05
7.9083e+05
7.8515e+05
7.7944e+05
7.7372e+05
7.6798e+05
7.6223e+05
7.5646e+05
7.5068e+05
7.4488e+05
7.3907e+05
7.3325e+05
7.2742e+05
7.2159e+05
7.1575e+05
7.099e+05
7.0404e+05
6.9818e+05
6.9232e+05
6.8646e+05
6.806e+05
6.7474e+05
6.6887e+05
6.6302e+05
6.5716e+05
6.5131e+05
6.4546e+05
6.3962e+05
6.3379e+05
6.2796e+05
6.2215e+05
6.1634e+05
6.1055e+05
6.0476e+05
5.9899e+05
5.9323e+05
5.8749e+05
5.8176e+05
5.7605e+05
5.7036e+05
5.6468e+05
5.5902e+05
5.5338e+05
5.4776e+05
5.4216e+05
5.3658e+05
5.3102e+05
5.2549e+05
5.1998e+05
5.145e+05
5.0903e+05
5.036e+05
4.9819e+05
4.9281e+05
4.8745e+05
4.8213e+05
4.7683e+05
4.7156e+05
4.6632e+05
4.6112e+05
4.5594e+05
4.5079e+05
4.4568e+05
4.406e+05
4.3555e+05
4.3054e+05
4.2556e+05
4.2061e+05
4.157e+05
4.1083e+05
4.0599e+05
4.0119e+05
3.9642e+05
3.9169e+05
3.87e+05
3.8235e+05
3.7773e+05
3.7316e+05
3.6862e+05
3.6412e+05
3.5966e+05
3.5524e+05
3.5087e+05
3.4653e+05
3.4223e+05
3.3798e+05
3.3376e+05
3.2959e+05
3.2546e+05
3.2137e+05
3.1732e+05
3.1331e+05
3.0935e+05
3.0543e+05
3.0156e+05
2.9772e+05
2.9393e+05
2.9019e+05
2.8648e+05
2.8282e+05
2.7921e+05
2.7563e+05
2.7211e+05
2.6862e+05
2.6518e+05
2.6179e+05
2.5844e+05
2.5513e+05
2.5187e+05
2.4865e+05
2.4547e+05
2.4234e+05
2.3926e+05
2.3622e+05
2.3322e+05
2.3027e+05
2.2736e+05
2.245e+05
2.2168e+05
2.1891e+05
2.1618e+05
2.1349e+05
2.1085e+05
2.0825e+05
2.0569e+05
2.0318e+05
2.0072e+05
1.9829e+05
1.9591e+05
1.9358e+05
1.9128e+05
1.8903e+05
1.8683e+05
1.8466e+05
1.8254e+05
1.8046e+05
1.7843e+05
1.7643e+05
1.7448e+05
1.7257e+05
1.707e+05
1.6887e+05
1.6709e+05
1.6534e+05
1.6364e+05
1.6198e+05
1.6035e+05
1.5877e+05
1.5723e+05
1.5573e+05
1.5426e+05
1.5284e+05
1.5146e+05
1.5011e+05
1.488e+05
1.4754e+05
1.4631e+05
1.4511e+05
1.4396e+05
1.4284e+05
1.4176e+05
1.4072e+05
1.3971e+05
1.3874e+05
1.3781e+05
1.3691e+05
1.3605e+05
1.3522e+05
1.3443e+05
1.3367e+05
1.3294e+05
1.3225e+05
1.316e+05
1.3098e+05
1.3039e+05
1.2983e+05
1.2931e+05
1.2881e+05
1.2835e+05
1.2792e+05
1.2753e+05
1.2716e+05
1.2682e+05
1.2652e+05
1.2624e+05
1.26e+05
1.2578e+05
1.2559e+05
1.2543e+05
1.253e+05
1.252e+05
1.2513e+05
1.2508e+05
1.2506e+05
1.2507e+05
1.251e+05
1.2516e+05
1.2524e+05
1.2535e+05
1.2549e+05
1.2565e+05
1.2583e+05
1.2604e+05
1.2627e+05
1.2653e+05
1.268e+05
1.271e+05
1.2743e+05
1.2777e+05
1.2814e+05
1.2853e+05
1.2894e+05
1.2937e+05
1.2982e+05
1.3029e+05
1.3078e+05
1.3129e+05
1.3182e+05
1.3237e+05
1.3293e+05
1.3352e+05
1.3412e+05
1.3474e+05
1.3537e+05
1.3603e+05
1.367e+05
1.3738e+05
1.3808e+05
1.388e+05
1.3953e+05
1.4028e+05
1.4104e+05
1.4182e+05
1.426e+05
1.4341e+05
1.4422e+05
1.4505e+05
1.4589e+05
1.4675e+05
1.4761e+05
1.4849e+05
1.4938e+05
1.5028e+05
1.5119e+05
1.5211e+05
1.5304e+05
1.5398e+05
1.5493e+05
1.5589e+05
1.5686e+05
1.5784e+05
1.5882e+05
1.5982e+05
1.6082e+05
1.6183e+05
1.6284e+05
1.6387e+05
1.6489e+05
1.6593e+05
1.6697e+05
1.6802e+05
1.6907e+05
1.7013e+05
1.712e+05
1.7226e+05
1.7334e+05
1.7441e+05
1.7549e+05
1.7658e+05
1.7767e+05
1.7876e+05
1.7985e+05
1.8095e+05
1.8205e+05
1.8315e+05
1.8425e+05
1.8535e+05
1.8646e+05
1.8756e+05
1.8867e+05
1.8978e+05
1.9089e+05
1.92e+05
1.9311e+05
1.9421e+05
1.9532e+05
1.9643e+05
1.9753e+05
1.9864e+05
1.9974e+05
2.0084e+05
2.0194e+05
2.0304e+05
2.0414e+05
2.0523e+05
2.0632e+05
2.0741e+05
2.0849e+05
2.0957e+05
2.1065e+05
2.1172e+05
2.1279e+05
2.1386e+05
2.1492e+05
2.1597e+05
2.1703e+05
2.1807e+05
2.1911e+05
2.2015e+05
2.2118e+05
2.2221e+05
2.2323e+05
2.2424e+05
2.2525e+05
2.2625e+05
2.2725e+05
2.2823e+05
2.2922e+05
2.3019e+05
2.3116e+05
2.3212e+05
2.3307e+05
2.3402e+05
2.3495e+05
2.3588e+05
2.3681e+05
2.3772e+05
2.3862e+05
2.3952e+05
2.4041e+05
2.4129e+05
2.4216e+05
2.4302e+05
2.4387e+05
2.4472e+05
2.4555e+05
2.4638e+05
2.4719e+05
2.48e+05
2.4879e+05
2.4958e+05
2.5035e+05
2.5112e+05
2.5187e+05
2.5262e+05
2.5335e+05
2.5407e+05
2.5479e+05
2.5549e+05
2.5618e+05
2.5686e+05
2.5753e+05
2.5819e+05
2.5884e+05
2.5947e+05
2.6009e+05
2.6071e+05
2.6131e+05
2.619e+05
2.6248e+05
2.6304e+05
2.636e+05
2.6414e+05
2.6467e+05
2.6519e+05
2.6569e+05
2.6618e+05
2.6667e+05
2.6713e+05
2.6759e+05
2.6804e+05
2.6847e+05
2.6889e+05
2.6929e+05
2.6969e+05
2.7007e+05
2.7044e+05
2.7079e+05
2.7114e+05
2.7147e+05
2.7178e+05
2.7209e+05
2.7238e+05
2.7266e+05
2.7292e+05
2.7318e+05
2.7342e+05
2.7364e+05
2.7386e+05
2.7406e+05
2.7424e+05
2.7442e+05
2.7458e+05
2.7473e+05
2.7486e+05
2.7498e+05
2.7509e+05
2.7519e+05
2.7527e+05
2.7534e+05
2.7539e+05
2.7543e+05
2.7546e+05
2.7548e+05
2.7548e+05
2.7547e+05
2.7545e+05
2.7541e+05
2.7536e+05
2.753e+05
2.7522e+05
2.7513e+05
2.7503e+05
2.7491e+05
2.7478e+05
2.7464e+05
2.7449e+05
2.7432e+05
2.7414e+05
2.7395e+05
2.7374e+05
2.7352e+05
2.7329e+05
2.7305e+05
2.7279e+05
2.7252e+05
2.7224e+05
2.7194e+05
2.7163e+05
2.7131e+05
2.7098e+05
2.7064e+05
2.7028e+05
2.6991e+05
2.6953e+05
2.6913e+05
2.6873e+05
2.6831e+05
2.6788e+05
2.6743e+05
2.6698e+05
2.6651e+05
2.6604e+05
2.6555e+05
2.6504e+05
2.6453e+05
2.6401e+05
2.6347e+05
2.6292e+05
2.6236e+05
2.6179e+05
2.6121e+05
2.6062e+05
2.6001e+05
2.594e+05
2.5877e+05
2.5814e+05
2.5749e+05
2.5683e+05
2.5616e+05
2.5549e+05
2.548e+05
2.541e+05
2.5339e+05
2.5267e+05
2.5194e+05
2.512e+05
2.5045e+05
2.4968e+05
2.4892e+05
2.4814e+05
2.4735e+05
2.4655e+05
2.4574e+05
2.4492e+05
2.441e+05
2.4326e+05
2.4242e+05
2.4156e+05
2.407e+05
2.3983e+05
2.3895e+05
2.3806e+05
2.3716e+05
2.3626e+05
2.3534e+05
2.3442e+05
2.3349e+05
2.3256e+05
2.3161e+05
2.3066e+05
2.297e+05
2.2873e+05
2.2775e+05
2.2677e+05
2.2578e+05
2.2478e+05
2.2378e+05
2.2276e+05
2.2175e+05
2.2072e+05
2.1969e+05
2.1865e+05
2.1761e+05
2.1656e+05
2.155e+05
2.1443e+05
2.1337e+05
2.1229e+05
2.1121e+05
2.1012e+05
2.0903e+05
2.0793e+05
2.0683e+05
2.0572e+05
2.0461e+05
2.0349e+05
2.0237e+05
2.0124e+05
2.001e+05
1.9897e+05
1.9782e+05
1.9668e+05
1.9553e+05
1.9437e+05
1.9321e+05
1.9205e+05
1.9088e+05
1.8971e+05
1.8854e+05
1.8736e+05
1.8618e+05
1.8499e+05
1.838e+05
1.8261e+05
1.8142e+05
1.8022e+05
1.7902e+05
1.7782e+05
1.7661e+05
1.754e+05
1.7419e+05
1.7298e+05
1.7176e+05
1.7054e+05
1.6932e+05
1.681e+05
1.6688e+05
1.6565e+05
1.6443e+05
1.632e+05
1.6197e+05
1.6074e+05
1.5951e+05
1.5827e+05
1.5704e+05
1.558e+05
1.5456e+05
1.5333e+05
1.5209e+05
1.5085e+05
1.4961e+05
1.4837e+05
1.4713e+05
1.4589e+05
1.4465e+05
1.4341e+05
1.4217e+05
1.4093e+05
1.3969e+05
1.3844e+05
1.372e+05
1.3597e+05
1.3473e+05
1.3349e+05
1.3225e+05
1.3101e+05
1.2978e+05
1.2854e+05
1.2731e+05
1.2607e+05
1.2484e+05
1.2361e+05
1.2238e+05
1.2115e+05
1.1992e+05
1.187e+05
1.1748e+05
1.1625e+05
1.1503e+05
1.1381e+05
1.126e+05
1.1138e+05
1.1017e+05
1.0896e+05
1.0775e+05
1.0655e+05
1.0534e+05
1.0414e+05
1.0294e+05
1.0174e+05
1.0055e+05
99358
98169
96982
95799
94618
93440
92266
91094
89925
88760
87597
86438
85282
84130
82981
81835
80693
79554
78419
77287
76160
75036
73915
72799
71686
70578
69473
68372
67275
66183
65094
64010
62929
61853
60782
59714
58651
57592
56538
55488
54442
53401
52365
51333
50306
49283
48265
47252
46243
45239
44240
43245
42256
41271
40291
39316
38346
37380
36420
35465
34514
33569
32628
31693
30763
29838
28917
28002
27092
26188
25288
24393
23504
22620
21741
20867
19998
19135
18277
17424
16576
15734
14897
14065
13239
12417
11601
10791
9985.4
9185.4
8390.6
7601.2
6817.1
6038.4
5264.9
4496.8
3734
2976.6
2224.4
1477.6
736.15
0
