21728
24792
28071
31560
35255
39150
43239
47515
51973
56604
61401
66357
71463
76710
82091
87594
93212
98934
1.0475e+05
1.1065e+05
1.1663e+05
1.2267e+05
1.2877e+05
1.3491e+05
1.4108e+05
1.4727e+05
1.5348e+05
1.5969e+05
1.6589e+05
1.7207e+05
1.7822e+05
1.8433e+05
1.904e+05
1.964e+05
2.0233e+05
2.0819e+05
2.1396e+05
2.1963e+05
2.252e+05
2.3065e+05
2.3598e+05
2.4118e+05
2.4624e+05
2.5116e+05
2.5592e+05
2.6053e+05
2.6497e+05
2.6924e+05
2.7334e+05
2.7726e+05
2.8099e+05
2.8453e+05
2.8788e+05
2.9103e+05
2.9399e+05
2.9674e+05
2.9929e+05
3.0163e+05
3.0377e+05
3.057e+05
3.0742e+05
3.0893e+05
3.1024e+05
3.1134e+05
3.1223e+05
3.1292e+05
3.1341e+05
3.137e+05
3.138e+05
3.137e+05
3.1341e+05
3.1293e+05
3.1228e+05
3.1145e+05
3.1044e+05
3.0927e+05
3.0793e+05
3.0644e+05
3.048e+05
3.0302e+05
3.0109e+05
2.9904e+05
2.9686e+05
2.9456e+05
2.9215e+05
2.8964e+05
2.8703e+05
2.8433e+05
2.8154e+05
2.7869e+05
2.7577e+05
2.7279e+05
2.6975e+05
2.6668e+05
2.6357e+05
2.6043e+05
2.5727e+05
2.5409e+05
2.5091e+05
2.4773e+05
2.4457e+05
2.4141e+05
2.3828e+05
2.3519e+05
2.3213e+05
2.2911e+05
2.2614e+05
2.2323e+05
2.2038e+05
2.1761e+05
2.149e+05
2.1228e+05
2.0974e+05
2.0729e+05
2.0493e+05
2.0267e+05
2.0052e+05
1.9847e+05
1.9654e+05
1.9471e+05
1.9301e+05
1.9142e+05
1.8996e+05
1.8861e+05
1.874e+05
1.8631e+05
1.8535e+05
1.8452e+05
1.8382e+05
1.8325e+05
1.8281e+05
1.8249e+05
1.8231e+05
1.8225e+05
1.8233e+05
1.8252e+05
1.8284e+05
1.8328e+05
1.8384e+05
1.8451e+05
1.8529e+05
1.8619e+05
1.8719e+05
1.8829e+05
1.895e+05
1.9079e+05
1.9218e+05
1.9365e+05
1.952e+05
1.9683e+05
1.9853e+05
2.003e+05
2.0212e+05
2.04e+05
2.0593e+05
2.079e+05
2.0992e+05
2.1196e+05
2.1403e+05
2.1612e+05
2.1823e+05
2.2035e+05
2.2246e+05
2.2458e+05
2.2669e+05
2.2878e+05
2.3086e+05
2.329e+05
2.3492e+05
2.369e+05
2.3884e+05
2.4073e+05
2.4257e+05
2.4435e+05
2.4607e+05
2.4773e+05
2.4931e+05
2.5082e+05
2.5225e+05
2.5359e+05
2.5485e+05
2.5602e+05
2.571e+05
2.5808e+05
2.5896e+05
2.5974e+05
2.6042e+05
2.6099e+05
2.6145e+05
2.6181e+05
2.6205e+05
2.6218e+05
2.6221e+05
2.6212e+05
2.6191e+05
2.616e+05
2.6117e+05
2.6063e+05
2.5998e+05
2.5922e+05
2.5835e+05
2.5738e+05
2.563e+05
2.5511e+05
2.5382e+05
2.5243e+05
2.5094e+05
2.4936e+05
2.4769e+05
2.4592e+05
2.4407e+05
2.4213e+05
2.4011e+05
2.3802e+05
2.3585e+05
2.3361e+05
2.313e+05
2.2893e+05
2.2649e+05
2.24e+05
2.2146e+05
2.1887e+05
2.1622e+05
2.1354e+05
2.1082e+05
2.0806e+05
2.0527e+05
2.0245e+05
1.996e+05
1.9674e+05
1.9385e+05
1.9095e+05
1.8803e+05
1.851e+05
1.8217e+05
1.7923e+05
1.7629e+05
1.7334e+05
1.7041e+05
1.6747e+05
1.6454e+05
1.6162e+05
1.5871e+05
1.5581e+05
1.5293e+05
1.5006e+05
1.472e+05
1.4436e+05
1.4154e+05
1.3874e+05
1.3595e+05
1.3319e+05
1.3045e+05
1.2772e+05
1.2502e+05
1.2234e+05
1.1968e+05
1.1704e+05
1.1442e+05
1.1182e+05
1.0925e+05
1.0669e+05
1.0416e+05
1.0164e+05
99144
96667
94209
91769
89347
86943
84557
82188
79836
77501
75182
72881
70596
68327
66076
63842
61626
59427
57247
55086
52945
50824
48725
46648
44595
42566
40564
38589
36643
34727
32843
30993
29178
27401
25662
23965
22310
20700
19137
17622
16158
14747
13390
12089
10847
9665.3
8545
7488.2
6496.3
5570.8
4713.2
3924.5
3205.9
2558.5
1982.9
1479.8
1049.8
693.13
409.96
200.24
63.734
0
8.4038
88.104
238.05
456.98
743.43
1095.7
1511.9
1990
2527.6
3122.2
3771.1
4471.4
5220
6013.7
6849
7722.3
8629.8
9567.8
10532
11519
12523
13541
14569
15601
16633
17662
18681
19688
20677
21643
22584
23493
24368
25203
25996
26743
27439
28082
28668
29196
29661
30062
30397
30664
30862
30989
31046
31031
30945
30788
30562
30267
29906
29480
28992
28445
27843
27189
26489
25746
24966
24155
23319
22464
21597
20727
19860
19005
18170
17364
16596
15876
15213
14619
14102
13673
13344
13125
13027
13061
13239
13572
14070
14746
15611
16676
17953
19451
21182
23157
25386
27879
30645
33696
37039
40683
44637
48909
53506
58435
63702
69313
75274
81588
88260
95294
1.0269e+05
1.1045e+05
1.1858e+05
1.2708e+05
1.3595e+05
1.4518e+05
1.5477e+05
1.6473e+05
1.7505e+05
1.8572e+05
1.9674e+05
2.081e+05
2.1981e+05
2.3184e+05
2.4419e+05
2.5686e+05
2.6984e+05
2.831e+05
2.9665e+05
3.1047e+05
3.2455e+05
3.3887e+05
3.5343e+05
3.682e+05
3.8318e+05
3.9834e+05
4.1367e+05
4.2916e+05
4.4478e+05
4.6052e+05
4.7636e+05
4.9228e+05
5.0827e+05
5.2429e+05
5.4034e+05
5.564e+05
5.7244e+05
5.8844e+05
6.0438e+05
6.2025e+05
6.3601e+05
6.5166e+05
6.6717e+05
6.8252e+05
6.9768e+05
7.1264e+05
7.2739e+05
7.4189e+05
7.5612e+05
7.7008e+05
7.8374e+05
7.9707e+05
8.1007e+05
8.2272e+05
8.3499e+05
8.4687e+05
8.5834e+05
8.6939e+05
8.8001e+05
8.9017e+05
8.9987e+05
9.0909e+05
9.1782e+05
9.2605e+05
9.3376e+05
9.4095e+05
9.476e+05
9.5371e+05
9.5928e+05
9.6428e+05
9.6873e+05
9.726e+05
9.7591e+05
9.7864e+05
9.8079e+05
9.8237e+05
9.8336e+05
9.8378e+05
9.8361e+05
9.8287e+05
9.8156e+05
9.7967e+05
9.7722e+05
9.7421e+05
9.7065e+05
9.6654e+05
9.6189e+05
9.567e+05
9.51e+05
9.4478e+05
9.3806e+05
9.3086e+05
9.2317e+05
9.1502e+05
9.0641e+05
8.9737e+05
8.879e+05
8.7802e+05
8.6775e+05
8.571e+05
8.4608e+05
8.3472e+05
8.2302e+05
8.1102e+05
7.9871e+05
7.8613e+05
7.7329e+05
7.602e+05
7.4689e+05
7.3337e+05
7.1967e+05
7.0579e+05
6.9175e+05
6.7759e+05
6.633e+05
6.4892e+05
6.3445e+05
6.1992e+05
6.0535e+05
5.9074e+05
5.7612e+05
5.6151e+05
5.4691e+05
5.3236e+05
5.1785e+05
5.0341e+05
4.8905e+05
4.7478e+05
4.6063e+05
4.466e+05
4.327e+05
4.1896e+05
4.0537e+05
3.9196e+05
3.7873e+05
3.6569e+05
3.5286e+05
3.4024e+05
3.2784e+05
3.1567e+05
3.0373e+05
2.9204e+05
2.8061e+05
2.6943e+05
2.5851e+05
2.4786e+05
2.3748e+05
2.2737e+05
2.1754e+05
2.08e+05
1.9874e+05
1.8976e+05
1.8106e+05
1.7266e+05
1.6453e+05
1.567e+05
1.4915e+05
1.4188e+05
1.349e+05
1.2819e+05
1.2176e+05
1.1561e+05
1.0973e+05
1.0411e+05
98756
93661
88821
84230
79883
75775
71900
68252
64825
61614
58611
55810
53205
50788
48554
46495
44604
42874
41300
39872
38585
37432
36406
35500
34708
34022
33436
32944
32539
32215
31967
31788
31672
31613
31608
31649
31732
31852
32004
32184
32387
32609
32846
33095
33351
33611
33873
34133
34388
34636
34874
35101
35313
35510
35689
35849
35988
36106
36202
36274
36322
36345
36343
36316
36263
36184
36080
35951
35796
35617
35414
35187
34937
34664
34370
34056
33721
33367
32996
32607
32203
31784
31350
30904
30447
29979
29501
29016
28522
28023
27519
27011
26499
25986
25472
24957
24444
23932
23422
22916
22414
21917
21425
20939
20460
19989
19525
19069
18622
18184
17755
17335
16926
16526
16137
15758
15389
15030
14682
14345
14017
13700
13392
13094
12806
12528
12258
11998
11746
11502
11266
11038
10816
10602
10394
10193
9996.7
9806
9620.1
9438.7
9261.3
9087.6
8917.1
8749.5
8584.3
8421.1
