1.3472e+05
1.3741e+05
1.4012e+05
1.4286e+05
1.4561e+05
1.4839e+05
1.5119e+05
1.54e+05
1.5683e+05
1.5967e+05
1.6252e+05
1.6538e+05
1.6824e+05
1.7111e+05
1.7398e+05
1.7685e+05
1.7972e+05
1.8259e+05
1.8544e+05
1.8829e+05
1.9113e+05
1.9396e+05
1.9677e+05
1.9957e+05
2.0235e+05
2.0511e+05
2.0785e+05
2.1056e+05
2.1325e+05
2.1591e+05
2.1855e+05
2.2115e+05
2.2372e+05
2.2625e+05
2.2875e+05
2.3122e+05
2.3364e+05
2.3603e+05
2.3837e+05
2.4067e+05
2.4293e+05
2.4514e+05
2.4731e+05
2.4943e+05
2.515e+05
2.5352e+05
2.5549e+05
2.5741e+05
2.5928e+05
2.611e+05
2.6286e+05
2.6457e+05
2.6623e+05
2.6783e+05
2.6938e+05
2.7087e+05
2.7231e+05
2.7369e+05
2.7501e+05
2.7628e+05
2.775e+05
2.7866e+05
2.7976e+05
2.8081e+05
2.818e+05
2.8274e+05
2.8363e+05
2.8446e+05
2.8524e+05
2.8597e+05
2.8665e+05
2.8727e+05
2.8785e+05
2.8837e+05
2.8885e+05
2.8928e+05
2.8967e+05
2.9e+05
2.903e+05
2.9055e+05
2.9076e+05
2.9093e+05
2.9105e+05
2.9114e+05
2.912e+05
2.9121e+05
2.9119e+05
2.9114e+05
2.9106e+05
2.9094e+05
2.908e+05
2.9063e+05
2.9043e+05
2.9021e+05
2.8996e+05
2.8969e+05
2.8941e+05
2.891e+05
2.8877e+05
2.8843e+05
2.8807e+05
2.877e+05
2.8731e+05
2.8691e+05
2.8651e+05
2.8609e+05
2.8567e+05
2.8524e+05
2.848e+05
2.8436e+05
2.8392e+05
2.8348e+05
2.8303e+05
2.8258e+05
2.8214e+05
2.817e+05
2.8125e+05
2.8082e+05
2.8038e+05
2.7995e+05
2.7953e+05
2.7911e+05
2.7869e+05
2.7829e+05
2.7789e+05
2.7749e+05
2.7711e+05
2.7673e+05
2.7636e+05
2.76e+05
2.7564e+05
2.753e+05
2.7496e+05
2.7462e+05
2.743e+05
2.7398e+05
2.7367e+05
2.7337e+05
2.7307e+05
2.7277e+05
2.7249e+05
2.722e+05
2.7192e+05
2.7164e+05
2.7136e+05
2.7109e+05
2.7081e+05
2.7054e+05
2.7026e+05
2.6998e+05
2.697e+05
2.6941e+05
2.6912e+05
2.6883e+05
2.6852e+05
2.6821e+05
2.6788e+05
2.6755e+05
2.672e+05
2.6684e+05
2.6647e+05
2.6608e+05
2.6568e+05
2.6526e+05
2.6481e+05
2.6435e+05
2.6387e+05
2.6337e+05
2.6284e+05
2.6229e+05
2.6171e+05
2.611e+05
2.6047e+05
2.5981e+05
2.5912e+05
2.584e+05
2.5765e+05
2.5687e+05
2.5605e+05
2.552e+05
2.5431e+05
2.5339e+05
2.5244e+05
2.5145e+05
2.5042e+05
2.4935e+05
2.4825e+05
2.4711e+05
2.4593e+05
2.4471e+05
2.4345e+05
2.4216e+05
2.4082e+05
2.3945e+05
2.3804e+05
2.3659e+05
2.351e+05
2.3358e+05
2.3201e+05
2.3041e+05
2.2878e+05
2.271e+05
2.254e+05
2.2365e+05
2.2187e+05
2.2006e+05
2.1822e+05
2.1635e+05
2.1444e+05
2.1251e+05
2.1054e+05
2.0855e+05
2.0653e+05
2.0449e+05
2.0243e+05
2.0034e+05
1.9823e+05
1.961e+05
1.9395e+05
1.9179e+05
1.8961e+05
1.8742e+05
1.8521e+05
1.8299e+05
1.8077e+05
1.7854e+05
1.763e+05
1.7406e+05
1.7181e+05
1.6956e+05
1.6732e+05
1.6507e+05
1.6283e+05
1.606e+05
1.5837e+05
1.5615e+05
1.5394e+05
1.5174e+05
1.4956e+05
1.4738e+05
1.4523e+05
1.4309e+05
1.4097e+05
1.3888e+05
1.368e+05
1.3474e+05
1.3271e+05
1.3071e+05
1.2873e+05
1.2678e+05
1.2485e+05
1.2296e+05
1.2109e+05
1.1925e+05
1.1745e+05
1.1568e+05
1.1394e+05
1.1223e+05
1.1056e+05
1.0892e+05
1.0732e+05
1.0574e+05
1.0421e+05
1.0271e+05
1.0124e+05
99809
98411
97048
95718
94423
93160
91930
90733
89567
88431
87326
86250
85203
84183
83189
82221
81277
80356
79457
78578
77720
76879
76055
75247
74452
73670
72900
72138
71386
70640
69899
69162
68427
67693
66959
66223
65483
64739
63988
63230
62464
61687
60899
60100
59286
58459
57616
56758
55882
54988
54076
53146
52196
51226
50236
49225
48195
47143
46072
44980
43869
42737
41587
40419
39233
38030
36812
35579
34333
33074
31805
30527
29242
27951
26656
25360
24064
22771
21484
20204
18934
17678
16437
15216
14016
12841
11694
10579
9499
8457.1
7457.1
6502.7
5597.5
4745.4
3950.1
3215.6
2545.7
1944.5
1415.9
964.12
593.15
307.11
110.14
6.3848
0
95.134
295.93
606.53
1031
1573.6
2238.2
3028.8
3949.6
5004.3
6197
7531.3
9011
10640
12421
14359
16456
18716
21142
23738
26505
29447
32567
35867
39350
43018
46872
50916
55150
59577
64198
69013
74026
79235
84642
90248
96053
1.0206e+05
1.0826e+05
1.1466e+05
1.2126e+05
1.2806e+05
1.3505e+05
1.4224e+05
1.4963e+05
1.572e+05
1.6497e+05
1.7293e+05
1.8108e+05
1.894e+05
1.9792e+05
2.0661e+05
2.1548e+05
2.2452e+05
2.3373e+05
2.431e+05
2.5264e+05
2.6234e+05
2.7219e+05
2.822e+05
2.9234e+05
3.0263e+05
3.1305e+05
3.236e+05
3.3428e+05
3.4508e+05
3.5599e+05
3.67e+05
3.7812e+05
3.8934e+05
4.0064e+05
4.1202e+05
4.2349e+05
4.3502e+05
4.4661e+05
4.5826e+05
4.6995e+05
4.8169e+05
4.9346e+05
5.0526e+05
5.1707e+05
5.289e+05
5.4073e+05
5.5255e+05
5.6436e+05
5.7615e+05
5.8792e+05
5.9965e+05
6.1133e+05
6.2297e+05
6.3454e+05
6.4605e+05
6.5748e+05
6.6882e+05
6.8008e+05
6.9124e+05
7.0229e+05
7.1322e+05
7.2403e+05
7.3471e+05
7.4526e+05
7.5566e+05
7.659e+05
7.7599e+05
7.8591e+05
7.9566e+05
8.0522e+05
8.1459e+05
8.2378e+05
8.3275e+05
8.4153e+05
8.5008e+05
8.5842e+05
8.6653e+05
8.7441e+05
8.8205e+05
8.8945e+05
8.966e+05
9.0349e+05
9.1013e+05
9.1651e+05
9.2261e+05
9.2845e+05
9.3401e+05
9.3929e+05
9.4429e+05
9.49e+05
9.5342e+05
9.5755e+05
9.6139e+05
9.6493e+05
9.6817e+05
9.711e+05
9.7374e+05
9.7607e+05
9.7809e+05
9.7981e+05
9.8122e+05
9.8232e+05
9.8311e+05
9.836e+05
9.8378e+05
9.8365e+05
9.8321e+05
9.8247e+05
9.8142e+05
9.8008e+05
9.7843e+05
9.7648e+05
9.7423e+05
9.7169e+05
9.6886e+05
9.6574e+05
9.6233e+05
9.5864e+05
9.5467e+05
9.5042e+05
9.459e+05
9.4112e+05
9.3607e+05
9.3076e+05
9.252e+05
9.1938e+05
9.1333e+05
9.0703e+05
9.005e+05
8.9374e+05
8.8675e+05
8.7955e+05
8.7213e+05
8.6451e+05
8.5669e+05
8.4868e+05
8.4047e+05
8.3209e+05
8.2353e+05
8.148e+05
8.0591e+05
7.9687e+05
7.8768e+05
7.7835e+05
7.6888e+05
7.5928e+05
7.4956e+05
7.3973e+05
7.298e+05
7.1976e+05
7.0963e+05
6.9941e+05
6.8912e+05
6.7875e+05
6.6832e+05
6.5783e+05
6.4729e+05
6.367e+05
6.2608e+05
6.1542e+05
6.0475e+05
5.9405e+05
5.8334e+05
5.7263e+05
5.6193e+05
5.5122e+05
5.4054e+05
5.2987e+05
5.1924e+05
5.0863e+05
4.9806e+05
4.8754e+05
4.7707e+05
4.6665e+05
4.5629e+05
4.46e+05
4.3578e+05
4.2563e+05
4.1557e+05
4.0559e+05
3.957e+05
3.8591e+05
3.7621e+05
3.6662e+05
3.5713e+05
3.4775e+05
3.3849e+05
3.2934e+05
3.2032e+05
3.1142e+05
3.0264e+05
2.94e+05
2.8548e+05
2.7711e+05
2.6886e+05
2.6076e+05
2.528e+05
2.4498e+05
2.3731e+05
2.2978e+05
2.2241e+05
2.1518e+05
2.081e+05
2.0117e+05
1.9439e+05
1.8777e+05
1.8129e+05
1.7498e+05
1.6881e+05
1.628e+05
1.5694e+05
1.5124e+05
1.4568e+05
1.4028e+05
1.3503e+05
1.2994e+05
1.2499e+05
1.2019e+05
1.1554e+05
1.1104e+05
1.0668e+05
1.0247e+05
98398
94469
90680
87027
83511
80129
76879
73758
70765
67898
65154
62530
60025
57636
55361
53196
51140
49190
47343
45597
43948
42395
40934
39562
38278
37078
35959
34919
33955
33065
32244
31492
30804
30179
29614
29106
28652
28250
27897
27591
27330
27110
26930
26787
26678
26602
26557
26539
26547
26579
26633
26706
26797
26905
27026
27160
27304
27457
27617
27784
27954
28128
28303
28478
28652
28824
28992
29156
29314
29466
29610
29746
29873
29990
30096
30191
30274
30345
30402
30447
30477
30494
30496
30483
30455
30412
30354
30280
30191
30086
29966
29829
29678
29511
29329
29132
28919
28692
28451
28195
27925
27641
27344
27034
26711
26376
26028
25669
25299
24918
24526
24124
23713
23292
