2.6387e+05
2.6656e+05
2.6925e+05
2.7192e+05
2.7459e+05
2.7724e+05
2.7988e+05
2.8251e+05
2.8513e+05
2.8772e+05
2.9031e+05
2.9287e+05
2.9541e+05
2.9794e+05
3.0044e+05
3.0292e+05
3.0537e+05
3.078e+05
3.1021e+05
3.1259e+05
3.1494e+05
3.1726e+05
3.1955e+05
3.2181e+05
3.2405e+05
3.2624e+05
3.2841e+05
3.3054e+05
3.3263e+05
3.3469e+05
3.3672e+05
3.387e+05
3.4065e+05
3.4256e+05
3.4442e+05
3.4625e+05
3.4804e+05
3.4978e+05
3.5148e+05
3.5314e+05
3.5475e+05
3.5632e+05
3.5784e+05
3.5932e+05
3.6075e+05
3.6214e+05
3.6348e+05
3.6476e+05
3.66e+05
3.672e+05
3.6834e+05
3.6943e+05
3.7047e+05
3.7147e+05
3.7241e+05
3.733e+05
3.7413e+05
3.7492e+05
3.7565e+05
3.7634e+05
3.7697e+05
3.7754e+05
3.7807e+05
3.7854e+05
3.7895e+05
3.7932e+05
3.7963e+05
3.7989e+05
3.8009e+05
3.8024e+05
3.8034e+05
3.8038e+05
3.8037e+05
3.8031e+05
3.8019e+05
3.8003e+05
3.7981e+05
3.7953e+05
3.7921e+05
3.7883e+05
3.784e+05
3.7792e+05
3.7739e+05
3.7681e+05
3.7617e+05
3.7549e+05
3.7476e+05
3.7398e+05
3.7315e+05
3.7228e+05
3.7135e+05
3.7038e+05
3.6937e+05
3.6831e+05
3.672e+05
3.6605e+05
3.6486e+05
3.6362e+05
3.6235e+05
3.6103e+05
3.5967e+05
3.5827e+05
3.5684e+05
3.5537e+05
3.5386e+05
3.5231e+05
3.5073e+05
3.4912e+05
3.4747e+05
3.4579e+05
3.4408e+05
3.4235e+05
3.4058e+05
3.3878e+05
3.3696e+05
3.3512e+05
3.3325e+05
3.3136e+05
3.2944e+05
3.275e+05
3.2555e+05
3.2358e+05
3.2159e+05
3.1958e+05
3.1756e+05
3.1552e+05
3.1348e+05
3.1142e+05
3.0935e+05
3.0728e+05
3.0519e+05
3.031e+05
3.0101e+05
2.9891e+05
2.9681e+05
2.9471e+05
2.9261e+05
2.9051e+05
2.8841e+05
2.8631e+05
2.8422e+05
2.8214e+05
2.8006e+05
2.7799e+05
2.7593e+05
2.7388e+05
2.7184e+05
2.6981e+05
2.678e+05
2.658e+05
2.6381e+05
2.6185e+05
2.599e+05
2.5796e+05
2.5605e+05
2.5416e+05
2.5228e+05
2.5043e+05
2.486e+05
2.468e+05
2.4501e+05
2.4326e+05
2.4152e+05
2.3981e+05
2.3813e+05
2.3648e+05
2.3485e+05
2.3325e+05
2.3167e+05
2.3013e+05
2.2861e+05
2.2712e+05
2.2567e+05
2.2424e+05
2.2284e+05
2.2147e+05
2.2012e+05
2.1881e+05
2.1753e+05
2.1628e+05
2.1506e+05
2.1386e+05
2.127e+05
2.1156e+05
2.1045e+05
2.0937e+05
2.0832e+05
2.073e+05
2.063e+05
2.0533e+05
2.0438e+05
2.0347e+05
2.0257e+05
2.017e+05
2.0085e+05
2.0003e+05
1.9923e+05
1.9845e+05
1.9768e+05
1.9694e+05
1.9622e+05
1.9551e+05
1.9483e+05
1.9415e+05
1.935e+05
1.9285e+05
1.9222e+05
1.916e+05
1.9099e+05
1.9039e+05
1.8979e+05
1.8921e+05
1.8863e+05
1.8805e+05
1.8748e+05
1.8691e+05
1.8633e+05
1.8576e+05
1.8519e+05
1.8461e+05
1.8403e+05
1.8345e+05
1.8285e+05
1.8225e+05
1.8164e+05
1.8102e+05
1.8038e+05
1.7973e+05
1.7907e+05
1.7839e+05
1.777e+05
1.7698e+05
1.7625e+05
1.755e+05
1.7472e+05
1.7392e+05
1.731e+05
1.7225e+05
1.7137e+05
1.7047e+05
1.6954e+05
1.6858e+05
1.6759e+05
1.6657e+05
1.6552e+05
1.6443e+05
1.6331e+05
1.6216e+05
1.6097e+05
1.5975e+05
1.5849e+05
1.5719e+05
1.5586e+05
1.5449e+05
1.5308e+05
1.5164e+05
1.5015e+05
1.4863e+05
1.4707e+05
1.4547e+05
1.4383e+05
1.4216e+05
1.4044e+05
1.3869e+05
1.3689e+05
1.3506e+05
1.332e+05
1.3129e+05
1.2935e+05
1.2738e+05
1.2537e+05
1.2332e+05
1.2124e+05
1.1913e+05
1.1698e+05
1.1481e+05
1.126e+05
1.1037e+05
1.0811e+05
1.0582e+05
1.0351e+05
1.0117e+05
98815
96436
94038
91623
89193
86749
84293
81827
79352
76872
74388
71902
69417
66934
64456
61986
59525
57076
54642
52225
49828
47453
45103
42781
40489
38230
36007
33823
31680
29582
27531
25530
23582
21691
19857
18086
16379
14740
13171
11676
10257
8917.7
7660.2
6487.7
5403.1
4409.1
3508.7
2704.6
1999.6
1396.4
897.62
506.01
224.16
54.648
0
62.701
245.19
549.83
978.97
1534.9
2219.7
3035.7
3984.9
5069.2
6290.8
7651.3
9152.7
10797
12585
14518
16600
18829
21209
23740
26423
29259
32250
35396
38697
42155
45771
49544
53474
57563
61811
66216
70780
75503
80383
85420
90615
95966
1.0147e+05
1.0713e+05
1.1295e+05
1.1892e+05
1.2504e+05
1.3131e+05
1.3773e+05
1.443e+05
1.5101e+05
1.5787e+05
1.6487e+05
1.7202e+05
1.793e+05
1.8672e+05
1.9427e+05
2.0195e+05
2.0977e+05
2.1771e+05
2.2578e+05
2.3397e+05
2.4227e+05
2.507e+05
2.5923e+05
2.6788e+05
2.7664e+05
2.855e+05
2.9445e+05
3.0351e+05
3.1266e+05
3.219e+05
3.3122e+05
3.4063e+05
3.5012e+05
3.5968e+05
3.6931e+05
3.7901e+05
3.8877e+05
3.9859e+05
4.0846e+05
4.1838e+05
4.2835e+05
4.3836e+05
4.4841e+05
4.5849e+05
4.6859e+05
4.7872e+05
4.8887e+05
4.9903e+05
5.092e+05
5.1938e+05
5.2955e+05
5.3973e+05
5.4989e+05
5.6003e+05
5.7016e+05
5.8027e+05
5.9034e+05
6.0038e+05
6.1039e+05
6.2035e+05
6.3026e+05
6.4012e+05
6.4992e+05
6.5966e+05
6.6934e+05
6.7894e+05
6.8846e+05
6.9791e+05
7.0727e+05
7.1654e+05
7.2572e+05
7.3479e+05
7.4376e+05
7.5263e+05
7.6138e+05
7.7002e+05
7.7853e+05
7.8693e+05
7.9519e+05
8.0332e+05
8.1131e+05
8.1916e+05
8.2687e+05
8.3442e+05
8.4183e+05
8.4908e+05
8.5617e+05
8.631e+05
8.6986e+05
8.7645e+05
8.8287e+05
8.8912e+05
8.9518e+05
9.0107e+05
9.0677e+05
9.1228e+05
9.176e+05
9.2274e+05
9.2767e+05
9.3241e+05
9.3696e+05
9.413e+05
9.4543e+05
9.4937e+05
9.531e+05
9.5661e+05
9.5992e+05
9.6302e+05
9.6591e+05
9.6858e+05
9.7104e+05
9.7329e+05
9.7532e+05
9.7713e+05
9.7872e+05
9.801e+05
9.8126e+05
9.822e+05
9.8292e+05
9.8342e+05
9.8371e+05
9.8378e+05
9.8363e+05
9.8326e+05
9.8268e+05
9.8188e+05
9.8086e+05
9.7964e+05
9.782e+05
9.7654e+05
9.7468e+05
9.7261e+05
9.7033e+05
9.6785e+05
9.6516e+05
9.6226e+05
9.5917e+05
9.5588e+05
9.5239e+05
9.4871e+05
9.4484e+05
9.4077e+05
9.3652e+05
9.3209e+05
9.2747e+05
9.2267e+05
9.177e+05
9.1255e+05
9.0723e+05
9.0175e+05
8.961e+05
8.9029e+05
8.8432e+05
8.782e+05
8.7192e+05
8.655e+05
8.5893e+05
8.5223e+05
8.4538e+05
8.384e+05
8.313e+05
8.2406e+05
8.167e+05
8.0923e+05
8.0164e+05
7.9394e+05
7.8613e+05
7.7822e+05
7.7022e+05
7.6211e+05
7.5392e+05
7.4564e+05
7.3728e+05
7.2884e+05
7.2032e+05
7.1174e+05
7.0309e+05
6.9437e+05
6.856e+05
6.7678e+05
6.6791e+05
6.5899e+05
6.5003e+05
6.4103e+05
6.32e+05
6.2294e+05
6.1385e+05
6.0475e+05
5.9562e+05
5.8649e+05
5.7734e+05
5.6819e+05
5.5904e+05
5.4989e+05
5.4074e+05
5.3161e+05
5.2249e+05
5.1339e+05
5.0431e+05
4.9525e+05
4.8622e+05
4.7722e+05
4.6826e+05
4.5933e+05
4.5045e+05
4.4161e+05
4.3282e+05
4.2408e+05
4.154e+05
4.0677e+05
3.982e+05
3.897e+05
3.8126e+05
3.7289e+05
3.6459e+05
3.5636e+05
3.4821e+05
3.4014e+05
3.3215e+05
3.2424e+05
3.1642e+05
3.0869e+05
3.0104e+05
2.9349e+05
2.8603e+05
2.7866e+05
2.7139e+05
2.6423e+05
2.5716e+05
2.5019e+05
2.4333e+05
2.3657e+05
2.2991e+05
2.2336e+05
2.1693e+05
2.106e+05
2.0438e+05
1.9827e+05
1.9227e+05
1.8639e+05
1.8061e+05
1.7495e+05
1.6941e+05
1.6398e+05
1.5866e+05
1.5346e+05
1.4838e+05
1.4341e+05
1.3855e+05
1.3382e+05
1.2919e+05
1.2468e+05
1.2029e+05
1.1601e+05
1.1184e+05
1.0779e+05
1.0385e+05
1.0002e+05
96307
92703
89210
85826
82551
79384
76324
73369
70520
67774
65130
62588
60146
57802
55556
53406
51350
49388
47517
45736
44044
42439
40919
39482
38128
36854
35659
34540
33497
32527
31629
30800
30039
29345
28715
28147
27640
27191
26800
26464
26180
25949
25766
25632
25543
25498
25496
25533
25610
25722
25870
26051
26264
26506
26776
27073
27394
27738
28103
28488
28891
29311
29745
30193
30653
31123
31603
32090
32583
33081
33583
34088
34593
35098
35602
36103
36601
37094
37581
38062
38534
38998
39453
39896
40329
40749
41156
41550
41929
42293
42642
42974
43289
43587
43866
44128
44370
44594
44798
44982
45145
45288
45411
45512
45593
45652
45690
45706
45701
45674
