33794
36010
38496
41251
44274
47561
51109
54913
58969
63270
67809
72580
77573
82781
88194
93801
99592
1.0556e+05
1.1168e+05
1.1795e+05
1.2436e+05
1.3089e+05
1.3754e+05
1.4427e+05
1.5109e+05
1.5798e+05
1.6491e+05
1.7189e+05
1.7888e+05
1.8589e+05
1.9289e+05
1.9986e+05
2.068e+05
2.1368e+05
2.205e+05
2.2723e+05
2.3387e+05
2.404e+05
2.468e+05
2.5306e+05
2.5917e+05
2.6512e+05
2.7088e+05
2.7646e+05
2.8184e+05
2.87e+05
2.9194e+05
2.9665e+05
3.0112e+05
3.0533e+05
3.0929e+05
3.1297e+05
3.1638e+05
3.1951e+05
3.2236e+05
3.2491e+05
3.2717e+05
3.2913e+05
3.3079e+05
3.3214e+05
3.3319e+05
3.3394e+05
3.3438e+05
3.3451e+05
3.3434e+05
3.3387e+05
3.331e+05
3.3204e+05
3.3069e+05
3.2905e+05
3.2714e+05
3.2495e+05
3.2249e+05
3.1978e+05
3.1682e+05
3.1361e+05
3.1017e+05
3.065e+05
3.0262e+05
2.9854e+05
2.9426e+05
2.898e+05
2.8518e+05
2.8039e+05
2.7545e+05
2.7038e+05
2.6518e+05
2.5988e+05
2.5448e+05
2.4899e+05
2.4343e+05
2.3781e+05
2.3214e+05
2.2644e+05
2.2072e+05
2.1499e+05
2.0926e+05
2.0355e+05
1.9787e+05
1.9222e+05
1.8663e+05
1.811e+05
1.7564e+05
1.7027e+05
1.65e+05
1.5982e+05
1.5477e+05
1.4983e+05
1.4503e+05
1.4037e+05
1.3586e+05
1.315e+05
1.2731e+05
1.2328e+05
1.1943e+05
1.1576e+05
1.1228e+05
1.0899e+05
1.0589e+05
1.0299e+05
1.0029e+05
97789
95495
93407
91526
89852
88386
87126
86072
85222
84575
84128
83879
83824
83961
84285
84793
85480
86342
87373
88568
89922
91430
93085
94882
96814
98875
1.0106e+05
1.0336e+05
1.0577e+05
1.0828e+05
1.1088e+05
1.1358e+05
1.1636e+05
1.1921e+05
1.2213e+05
1.2511e+05
1.2815e+05
1.3123e+05
1.3436e+05
1.3752e+05
1.4071e+05
1.4392e+05
1.4714e+05
1.5037e+05
1.536e+05
1.5683e+05
1.6005e+05
1.6325e+05
1.6643e+05
1.6959e+05
1.7271e+05
1.7579e+05
1.7882e+05
1.8181e+05
1.8475e+05
1.8762e+05
1.9043e+05
1.9318e+05
1.9585e+05
1.9845e+05
2.0096e+05
2.0339e+05
2.0573e+05
2.0798e+05
2.1014e+05
2.1219e+05
2.1415e+05
2.16e+05
2.1774e+05
2.1937e+05
2.2089e+05
2.223e+05
2.2358e+05
2.2475e+05
2.258e+05
2.2672e+05
2.2752e+05
2.2819e+05
2.2874e+05
2.2916e+05
2.2945e+05
2.2961e+05
2.2965e+05
2.2955e+05
2.2932e+05
2.2896e+05
2.2848e+05
2.2786e+05
2.2711e+05
2.2624e+05
2.2524e+05
2.2412e+05
2.2287e+05
2.215e+05
2.2001e+05
2.184e+05
2.1667e+05
2.1484e+05
2.1288e+05
2.1083e+05
2.0866e+05
2.0639e+05
2.0403e+05
2.0157e+05
1.9901e+05
1.9637e+05
1.9365e+05
1.9084e+05
1.8796e+05
1.8501e+05
1.8199e+05
1.7891e+05
1.7577e+05
1.7257e+05
1.6933e+05
1.6605e+05
1.6273e+05
1.5937e+05
1.5599e+05
1.5258e+05
1.4915e+05
1.4572e+05
1.4227e+05
1.3882e+05
1.3537e+05
1.3193e+05
1.285e+05
1.2509e+05
1.217e+05
1.1833e+05
1.1499e+05
1.1168e+05
1.0841e+05
1.0519e+05
1.02e+05
98869
95785
92756
89783
86870
84019
81232
78511
75857
73272
70757
68312
65939
63637
61408
59250
57164
55148
53203
51327
49518
47777
46101
44488
42937
41446
40013
38635
37311
36038
34813
33635
32500
31407
30352
29334
28351
27399
26477
25582
24712
23866
23042
22237
21451
20682
19929
19190
18466
17754
17056
16369
15696
15034
14385
13749
13127
12520
11927
11352
10794
10256
9738.5
9243.5
8772.7
8328
7911.3
7524.4
7169.5
6848.5
6563.3
6316
6108.5
5942.6
5820.1
5742.7
5712
5729.4
5796.2
5913.4
6081.9
6302.5
6575.6
6901.4
7280
7711
8193.9
8727.9
9311.8
9944.2
10623
11347
12114
12920
13764
14641
15548
16482
17439
18414
19402
20400
21402
22403
23398
24381
25348
26292
27209
28091
28935
29734
30484
31178
31811
32379
32877
33301
33645
33908
34084
34171
34166
34067
33873
33581
33193
32707
32124
31446
30673
29810
28858
27822
26707
25518
24260
22941
21568
20149
18694
17211
15711
14206
12706
11224
9772.1
8364.8
7015.6
5738.9
4549.5
3462.9
2494.7
1660.9
977.94
462.28
130.68
0
87.158
409.1
982.71
1824.8
2951.9
4380.5
6126.6
8206
10634
13425
16595
20155
24120
28502
33312
38561
44259
50415
57036
64130
71702
79756
88298
97328
1.0685e+05
1.1686e+05
1.2735e+05
1.3834e+05
1.498e+05
1.6174e+05
1.7416e+05
1.8703e+05
2.0035e+05
2.1412e+05
2.2832e+05
2.4293e+05
2.5794e+05
2.7335e+05
2.8912e+05
3.0524e+05
3.2169e+05
3.3846e+05
3.5551e+05
3.7283e+05
3.904e+05
4.0818e+05
4.2616e+05
4.443e+05
4.6258e+05
4.8098e+05
4.9946e+05
5.1799e+05
5.3655e+05
5.5511e+05
5.7363e+05
5.9208e+05
6.1044e+05
6.2868e+05
6.4675e+05
6.6464e+05
6.8231e+05
6.9973e+05
7.1687e+05
7.337e+05
7.502e+05
7.6632e+05
7.8205e+05
7.9736e+05
8.1221e+05
8.2659e+05
8.4047e+05
8.5382e+05
8.6663e+05
8.7886e+05
8.905e+05
9.0153e+05
9.1192e+05
9.2167e+05
9.3075e+05
9.3915e+05
9.4686e+05
9.5386e+05
9.6014e+05
9.657e+05
9.7052e+05
9.746e+05
9.7794e+05
9.8052e+05
9.8236e+05
9.8344e+05
9.8378e+05
9.8336e+05
9.822e+05
9.803e+05
9.7767e+05
9.7431e+05
9.7024e+05
9.6547e+05
9.6e+05
9.5385e+05
9.4704e+05
9.3958e+05
9.3148e+05
9.2277e+05
9.1347e+05
9.0359e+05
8.9315e+05
8.8218e+05
8.707e+05
8.5873e+05
8.4629e+05
8.3342e+05
8.2012e+05
8.0644e+05
7.9238e+05
7.7799e+05
7.6329e+05
7.4829e+05
7.3304e+05
7.1755e+05
7.0185e+05
6.8597e+05
6.6993e+05
6.5376e+05
6.3749e+05
6.2114e+05
6.0474e+05
5.8831e+05
5.7188e+05
5.5546e+05
5.3909e+05
5.2278e+05
5.0657e+05
4.9046e+05
4.7448e+05
4.5865e+05
4.43e+05
4.2753e+05
4.1226e+05
3.9722e+05
3.8241e+05
3.6786e+05
3.5357e+05
3.3956e+05
3.2584e+05
3.1243e+05
2.9933e+05
2.8655e+05
2.7411e+05
2.62e+05
2.5024e+05
2.3883e+05
2.2778e+05
2.1708e+05
2.0675e+05
1.9678e+05
1.8718e+05
1.7794e+05
1.6907e+05
1.6057e+05
1.5243e+05
1.4465e+05
1.3723e+05
1.3016e+05
1.2344e+05
1.1707e+05
1.1103e+05
1.0533e+05
99954
94895
90147
85702
81552
77688
74100
70780
67719
64906
62331
59986
57859
55940
54220
52689
51335
50149
49121
48240
47498
46884
46389
46002
45716
45522
45409
45371
45398
45483
45619
45797
46010
46253
46518
46799
47091
47388
47685
47977
48260
48529
48781
49012
49220
49400
49552
49671
49757
49808
49822
49799
49737
49636
49495
49315
49095
48836
48538
48202
47829
47420
46977
46499
45989
45449
44880
44284
43662
43017
42351
41665
40962
40244
39512
38770
38019
37261
36499
35734
34969
34205
33445
32690
31942
31203
30475
29760
29058
28371
27701
27050
26417
25805
25214
24645
24100
23578
23080
22607
22160
21738
21341
20971
20626
20308
20014
19747
19504
19286
19092
18922
18774
18649
18545
18462
18398
18353
18326
18316
18322
18342
18375
18421
18478
18545
18621
18704
18794
18889
18988
19090
19194
19298
19402
19504
19604
19700
19791
19877
19956
20028
20092
20148
20193
20229
20254
20268
20270
20259
20237
20201
20152
20091
20016
19927
19825
19710
19581
19439
