6.4237e+05
6.502e+05
6.5806e+05
6.6594e+05
6.7386e+05
6.8179e+05
6.8974e+05
6.977e+05
7.0566e+05
7.1363e+05
7.216e+05
7.2956e+05
7.375e+05
7.4542e+05
7.5331e+05
7.6116e+05
7.6898e+05
7.7675e+05
7.8446e+05
7.9211e+05
7.9969e+05
8.072e+05
8.1462e+05
8.2195e+05
8.2919e+05
8.3632e+05
8.4334e+05
8.5024e+05
8.5701e+05
8.6366e+05
8.7017e+05
8.7653e+05
8.8274e+05
8.888e+05
8.947e+05
9.0044e+05
9.06e+05
9.1139e+05
9.166e+05
9.2163e+05
9.2647e+05
9.3113e+05
9.3559e+05
9.3986e+05
9.4393e+05
9.478e+05
9.5147e+05
9.5494e+05
9.5821e+05
9.6127e+05
9.6414e+05
9.668e+05
9.6926e+05
9.7152e+05
9.7359e+05
9.7545e+05
9.7712e+05
9.786e+05
9.7988e+05
9.8098e+05
9.8189e+05
9.8262e+05
9.8316e+05
9.8354e+05
9.8374e+05
9.8378e+05
9.8365e+05
9.8336e+05
9.8292e+05
9.8232e+05
9.8159e+05
9.807e+05
9.7969e+05
9.7854e+05
9.7726e+05
9.7587e+05
9.7435e+05
9.7273e+05
9.7099e+05
9.6916e+05
9.6722e+05
9.652e+05
9.6308e+05
9.6088e+05
9.5861e+05
9.5625e+05
9.5383e+05
9.5134e+05
9.4879e+05
9.4618e+05
9.4352e+05
9.4081e+05
9.3805e+05
9.3525e+05
9.324e+05
9.2952e+05
9.2661e+05
9.2367e+05
9.2069e+05
9.177e+05
9.1467e+05
9.1163e+05
9.0857e+05
9.0549e+05
9.024e+05
8.9929e+05
8.9617e+05
8.9304e+05
8.899e+05
8.8676e+05
8.836e+05
8.8044e+05
8.7727e+05
8.741e+05
8.7092e+05
8.6773e+05
8.6455e+05
8.6135e+05
8.5816e+05
8.5495e+05
8.5175e+05
8.4854e+05
8.4532e+05
8.421e+05
8.3887e+05
8.3563e+05
8.3239e+05
8.2914e+05
8.2589e+05
8.2262e+05
8.1935e+05
8.1606e+05
8.1277e+05
8.0946e+05
8.0614e+05
8.0281e+05
7.9947e+05
7.9611e+05
7.9274e+05
7.8935e+05
7.8595e+05
7.8253e+05
7.791e+05
7.7565e+05
7.7218e+05
7.687e+05
7.652e+05
7.6168e+05
7.5814e+05
7.5458e+05
7.5101e+05
7.4742e+05
7.4381e+05
7.4018e+05
7.3653e+05
7.3287e+05
7.2919e+05
7.255e+05
7.2178e+05
7.1806e+05
7.1432e+05
7.1056e+05
7.0679e+05
7.0301e+05
6.9922e+05
6.9541e+05
6.916e+05
6.8778e+05
6.8395e+05
6.8012e+05
6.7628e+05
6.7244e+05
6.6859e+05
6.6475e+05
6.609e+05
6.5706e+05
6.5322e+05
6.4939e+05
6.4556e+05
6.4175e+05
6.3794e+05
6.3414e+05
6.3036e+05
6.2659e+05
6.2284e+05
6.1911e+05
6.1539e+05
6.117e+05
6.0804e+05
6.0439e+05
6.0078e+05
5.9719e+05
5.9363e+05
5.9011e+05
5.8662e+05
5.8316e+05
5.7974e+05
5.7636e+05
5.7302e+05
5.6972e+05
5.6646e+05
5.6325e+05
5.6008e+05
5.5696e+05
5.5389e+05
5.5087e+05
5.479e+05
5.4498e+05
5.4212e+05
5.3931e+05
5.3655e+05
5.3386e+05
5.3122e+05
5.2864e+05
5.2612e+05
5.2366e+05
5.2126e+05
5.1893e+05
5.1666e+05
5.1445e+05
5.1231e+05
5.1023e+05
5.0822e+05
5.0628e+05
5.044e+05
5.0259e+05
5.0085e+05
4.9918e+05
4.9758e+05
4.9604e+05
4.9458e+05
4.9319e+05
4.9187e+05
4.9061e+05
4.8943e+05
4.8832e+05
4.8728e+05
4.8631e+05
4.8541e+05
4.8459e+05
4.8383e+05
4.8315e+05
4.8253e+05
4.8199e+05
4.8152e+05
4.8111e+05
4.8078e+05
4.8052e+05
4.8032e+05
4.802e+05
4.8014e+05
4.8015e+05
4.8023e+05
4.8038e+05
4.8059e+05
4.8087e+05
4.8121e+05
4.8162e+05
4.8209e+05
4.8263e+05
4.8322e+05
4.8388e+05
4.846e+05
4.8538e+05
4.8622e+05
4.8711e+05
4.8806e+05
4.8907e+05
4.9013e+05
4.9124e+05
4.924e+05
4.9362e+05
4.9488e+05
4.9619e+05
4.9755e+05
4.9895e+05
5.004e+05
5.0189e+05
5.0342e+05
5.0499e+05
5.0659e+05
5.0823e+05
5.0991e+05
5.1162e+05
5.1336e+05
5.1513e+05
5.1692e+05
5.1875e+05
5.2059e+05
5.2246e+05
5.2436e+05
5.2627e+05
5.2819e+05
5.3014e+05
5.321e+05
5.3407e+05
5.3605e+05
5.3805e+05
5.4005e+05
5.4205e+05
5.4407e+05
5.4608e+05
5.481e+05
5.5012e+05
5.5214e+05
5.5416e+05
5.5618e+05
5.5819e+05
5.6019e+05
5.622e+05
5.6419e+05
5.6618e+05
5.6815e+05
5.7012e+05
5.7208e+05
5.7403e+05
5.7596e+05
5.7789e+05
5.798e+05
5.817e+05
5.8359e+05
5.8547e+05
5.8733e+05
5.8918e+05
5.9102e+05
5.9284e+05
5.9466e+05
5.9646e+05
5.9825e+05
6.0003e+05
6.018e+05
6.0356e+05
6.0531e+05
6.0705e+05
6.0878e+05
6.1051e+05
6.1223e+05
6.1394e+05
6.1565e+05
6.1736e+05
6.1907e+05
6.2077e+05
6.2247e+05
6.2418e+05
6.2588e+05
6.2759e+05
6.2931e+05
6.3102e+05
6.3275e+05
6.3448e+05
6.3622e+05
6.3798e+05
6.3974e+05
6.4151e+05
6.433e+05
6.451e+05
6.4691e+05
6.4874e+05
6.5059e+05
6.5246e+05
6.5434e+05
6.5624e+05
6.5816e+05
6.601e+05
6.6206e+05
6.6404e+05
6.6604e+05
6.6806e+05
6.7011e+05
6.7217e+05
6.7426e+05
6.7637e+05
6.785e+05
6.8065e+05
6.8282e+05
6.8501e+05
6.8723e+05
6.8946e+05
6.9171e+05
6.9398e+05
6.9626e+05
6.9856e+05
7.0088e+05
7.0321e+05
7.0556e+05
7.0791e+05
7.1028e+05
7.1266e+05
7.1504e+05
7.1743e+05
7.1983e+05
7.2223e+05
7.2463e+05
7.2703e+05
7.2943e+05
7.3183e+05
7.3423e+05
7.3661e+05
7.3899e+05
7.4136e+05
7.4371e+05
7.4606e+05
7.4838e+05
7.5069e+05
7.5298e+05
7.5525e+05
7.575e+05
7.5972e+05
7.6191e+05
7.6408e+05
7.6621e+05
7.6831e+05
7.7038e+05
7.7242e+05
7.7442e+05
7.7638e+05
7.783e+05
7.8018e+05
7.8201e+05
7.8381e+05
7.8556e+05
7.8726e+05
7.8891e+05
7.9052e+05
7.9207e+05
7.9358e+05
7.9503e+05
7.9644e+05
7.9778e+05
7.9908e+05
8.0032e+05
8.0151e+05
8.0264e+05
8.0372e+05
8.0474e+05
8.0571e+05
8.0662e+05
8.0747e+05
8.0827e+05
8.0901e+05
8.097e+05
8.1033e+05
8.109e+05
8.1142e+05
8.1188e+05
8.1229e+05
8.1265e+05
8.1295e+05
8.132e+05
8.134e+05
8.1355e+05
8.1364e+05
8.1368e+05
8.1368e+05
8.1362e+05
8.1352e+05
8.1337e+05
8.1317e+05
8.1292e+05
8.1264e+05
8.123e+05
8.1193e+05
8.1151e+05
8.1104e+05
8.1054e+05
8.1e+05
8.0942e+05
8.088e+05
8.0814e+05
8.0744e+05
8.0671e+05
8.0594e+05
8.0514e+05
8.043e+05
8.0343e+05
8.0253e+05
8.0159e+05
8.0063e+05
7.9963e+05
7.986e+05
7.9754e+05
7.9645e+05
7.9533e+05
7.9418e+05
7.93e+05
7.918e+05
7.9056e+05
7.893e+05
7.8801e+05
7.8669e+05
7.8534e+05
7.8397e+05
7.8257e+05
7.8114e+05
7.7969e+05
7.782e+05
7.7669e+05
7.7515e+05
7.7359e+05
7.72e+05
7.7037e+05
7.6873e+05
7.6705e+05
7.6534e+05
7.6361e+05
7.6184e+05
7.6005e+05
7.5823e+05
7.5638e+05
7.545e+05
7.5259e+05
7.5065e+05
7.4868e+05
7.4667e+05
7.4464e+05
7.4258e+05
7.4048e+05
7.3836e+05
7.362e+05
7.3401e+05
7.3179e+05
7.2953e+05
7.2725e+05
7.2493e+05
7.2258e+05
7.2019e+05
7.1778e+05
7.1533e+05
7.1285e+05
7.1033e+05
7.0779e+05
7.052e+05
7.0259e+05
6.9995e+05
6.9727e+05
6.9456e+05
6.9182e+05
6.8904e+05
6.8624e+05
6.834e+05
6.8053e+05
6.7763e+05
6.747e+05
6.7173e+05
6.6874e+05
6.6572e+05
6.6267e+05
6.5959e+05
6.5647e+05
6.5333e+05
6.5017e+05
6.4697e+05
6.4375e+05
6.405e+05
6.3722e+05
6.3392e+05
6.3059e+05
6.2723e+05
6.2385e+05
6.2045e+05
6.1702e+05
6.1357e+05
6.1009e+05
6.066e+05
6.0307e+05
5.9953e+05
5.9597e+05
5.9238e+05
5.8878e+05
5.8515e+05
5.815e+05
5.7784e+05
5.7415e+05
5.7045e+05
5.6672e+05
5.6298e+05
5.5922e+05
5.5545e+05
5.5165e+05
5.4784e+05
5.4402e+05
5.4017e+05
5.3632e+05
5.3244e+05
5.2855e+05
5.2465e+05
5.2073e+05
5.168e+05
5.1285e+05
5.0889e+05
5.0492e+05
5.0093e+05
4.9693e+05
4.9292e+05
4.889e+05
4.8486e+05
4.8082e+05
4.7676e+05
4.7269e+05
4.6861e+05
4.6452e+05
4.6042e+05
4.5631e+05
4.5219e+05
4.4806e+05
4.4393e+05
4.3978e+05
4.3563e+05
4.3147e+05
4.273e+05
4.2313e+05
4.1895e+05
4.1477e+05
4.1058e+05
4.0639e+05
4.0219e+05
3.9799e+05
3.9378e+05
3.8958e+05
3.8537e+05
3.8116e+05
3.7695e+05
3.7274e+05
3.6853e+05
3.6432e+05
3.6012e+05
3.5591e+05
3.5171e+05
3.4751e+05
3.4332e+05
3.3914e+05
3.3496e+05
3.3078e+05
3.2662e+05
3.2246e+05
3.1831e+05
3.1417e+05
3.1004e+05
3.0592e+05
3.0181e+05
2.9772e+05
2.9364e+05
2.8957e+05
2.8551e+05
2.8148e+05
2.7745e+05
2.7345e+05
2.6946e+05
2.6549e+05
2.6153e+05
2.576e+05
2.5368e+05
2.4979e+05
2.4591e+05
2.4206e+05
2.3823e+05
2.3442e+05
2.3063e+05
2.2687e+05
2.2312e+05
2.1941e+05
2.1571e+05
2.1204e+05
2.084e+05
2.0478e+05
2.0118e+05
1.9761e+05
1.9407e+05
1.9055e+05
1.8705e+05
1.8359e+05
1.8015e+05
1.7673e+05
1.7334e+05
1.6998e+05
1.6665e+05
1.6334e+05
1.6005e+05
1.568e+05
1.5357e+05
1.5036e+05
1.4718e+05
1.4403e+05
1.409e+05
1.378e+05
1.3473e+05
1.3168e+05
1.2866e+05
1.2566e+05
1.2268e+05
1.1973e+05
1.1681e+05
1.1391e+05
1.1103e+05
1.0818e+05
1.0536e+05
1.0255e+05
99774
97018
94286
91577
88891
86229
83589
80972
78378
75806
73257
70731
68226
65744
63285
60848
58433
56040
53669
51321
48995
46691
44410
42151
39915
37700
35509
33340
31194
29070
26970
24892
22837
20806
18797
16812
14850
12911
10996
9104.5
7236.4
5391.9
3570.9
1773.6
0
