7.3778e+05
7.386e+05
7.3928e+05
7.3983e+05
7.4024e+05
7.4051e+05
7.4065e+05
7.4066e+05
7.4053e+05
7.4028e+05
7.3989e+05
7.3938e+05
7.3875e+05
7.3799e+05
7.3711e+05
7.361e+05
7.3498e+05
7.3374e+05
7.3239e+05
7.3092e+05
7.2934e+05
7.2765e+05
7.2585e+05
7.2395e+05
7.2194e+05
7.1984e+05
7.1763e+05
7.1532e+05
7.1292e+05
7.1043e+05
7.0785e+05
7.0518e+05
7.0242e+05
6.9958e+05
6.9666e+05
6.9366e+05
6.9058e+05
6.8743e+05
6.842e+05
6.8091e+05
6.7755e+05
6.7412e+05
6.7063e+05
6.6709e+05
6.6348e+05
6.5982e+05
6.561e+05
6.5234e+05
6.4852e+05
6.4466e+05
6.4076e+05
6.3682e+05
6.3283e+05
6.2881e+05
6.2476e+05
6.2067e+05
6.1656e+05
6.1242e+05
6.0825e+05
6.0405e+05
5.9984e+05
5.9561e+05
5.9136e+05
5.871e+05
5.8282e+05
5.7854e+05
5.7424e+05
5.6994e+05
5.6563e+05
5.6132e+05
5.5701e+05
5.527e+05
5.484e+05
5.441e+05
5.398e+05
5.3551e+05
5.3123e+05
5.2697e+05
5.2271e+05
5.1847e+05
5.1425e+05
5.1004e+05
5.0585e+05
5.0168e+05
4.9753e+05
4.934e+05
4.893e+05
4.8522e+05
4.8117e+05
4.7715e+05
4.7315e+05
4.6919e+05
4.6525e+05
4.6134e+05
4.5747e+05
4.5363e+05
4.4982e+05
4.4605e+05
4.4231e+05
4.386e+05
4.3494e+05
4.3131e+05
4.2772e+05
4.2416e+05
4.2064e+05
4.1717e+05
4.1373e+05
4.1033e+05
4.0697e+05
4.0365e+05
4.0037e+05
3.9713e+05
3.9393e+05
3.9077e+05
3.8766e+05
3.8458e+05
3.8154e+05
3.7854e+05
3.7559e+05
3.7267e+05
3.698e+05
3.6696e+05
3.6416e+05
3.614e+05
3.5869e+05
3.5601e+05
3.5336e+05
3.5076e+05
3.4819e+05
3.4566e+05
3.4317e+05
3.4071e+05
3.3829e+05
3.3591e+05
3.3356e+05
3.3124e+05
3.2895e+05
3.267e+05
3.2448e+05
3.2229e+05
3.2014e+05
3.1801e+05
3.1591e+05
3.1384e+05
3.118e+05
3.0978e+05
3.078e+05
3.0583e+05
3.0389e+05
3.0198e+05
3.0009e+05
2.9822e+05
2.9638e+05
2.9455e+05
2.9274e+05
2.9096e+05
2.8919e+05
2.8744e+05
2.8571e+05
2.8399e+05
2.8229e+05
2.806e+05
2.7892e+05
2.7726e+05
2.7561e+05
2.7398e+05
2.7235e+05
2.7073e+05
2.6912e+05
2.6752e+05
2.6593e+05
2.6435e+05
2.6277e+05
2.6119e+05
2.5962e+05
2.5806e+05
2.565e+05
2.5494e+05
2.5338e+05
2.5183e+05
2.5027e+05
2.4872e+05
2.4717e+05
2.4561e+05
2.4406e+05
2.425e+05
2.4094e+05
2.3938e+05
2.3782e+05
2.3625e+05
2.3468e+05
2.3311e+05
2.3153e+05
2.2995e+05
2.2836e+05
2.2677e+05
2.2517e+05
2.2357e+05
2.2196e+05
2.2035e+05
2.1873e+05
2.1711e+05
2.1548e+05
2.1384e+05
2.122e+05
2.1055e+05
2.089e+05
2.0724e+05
2.0557e+05
2.039e+05
2.0223e+05
2.0055e+05
1.9886e+05
1.9717e+05
1.9548e+05
1.9378e+05
1.9208e+05
1.9038e+05
1.8867e+05
1.8696e+05
1.8525e+05
1.8354e+05
1.8183e+05
1.8011e+05
1.784e+05
1.7669e+05
1.7497e+05
1.7327e+05
1.7156e+05
1.6986e+05
1.6816e+05
1.6646e+05
1.6477e+05
1.6309e+05
1.6142e+05
1.5975e+05
1.5809e+05
1.5644e+05
1.548e+05
1.5318e+05
1.5156e+05
1.4996e+05
1.4837e+05
1.468e+05
1.4524e+05
1.437e+05
1.4218e+05
1.4068e+05
1.392e+05
1.3774e+05
1.363e+05
1.3489e+05
1.335e+05
1.3213e+05
1.3079e+05
1.2948e+05
1.282e+05
1.2695e+05
1.2573e+05
1.2454e+05
1.2339e+05
1.2227e+05
1.2118e+05
1.2013e+05
1.1912e+05
1.1815e+05
1.1722e+05
1.1633e+05
1.1549e+05
1.1469e+05
1.1393e+05
1.1322e+05
1.1255e+05
1.1194e+05
1.1137e+05
1.1086e+05
1.1039e+05
1.0998e+05
1.0963e+05
1.0932e+05
1.0908e+05
1.0889e+05
1.0876e+05
1.0869e+05
1.0868e+05
1.0873e+05
1.0884e+05
1.0902e+05
1.0926e+05
1.0956e+05
1.0993e+05
1.1037e+05
1.1088e+05
1.1145e+05
1.121e+05
1.1282e+05
1.136e+05
1.1446e+05
1.1539e+05
1.164e+05
1.1748e+05
1.1863e+05
1.1986e+05
1.2117e+05
1.2255e+05
1.2402e+05
1.2556e+05
1.2717e+05
1.2887e+05
1.3065e+05
1.325e+05
1.3444e+05
1.3646e+05
1.3856e+05
1.4074e+05
1.43e+05
1.4535e+05
1.4778e+05
1.5029e+05
1.5288e+05
1.5555e+05
1.5831e+05
1.6115e+05
1.6408e+05
1.6709e+05
1.7018e+05
1.7335e+05
1.7661e+05
1.7995e+05
1.8337e+05
1.8688e+05
1.9046e+05
1.9413e+05
1.9788e+05
2.0171e+05
2.0563e+05
2.0962e+05
2.1369e+05
2.1785e+05
2.2208e+05
2.2639e+05
2.3078e+05
2.3525e+05
2.3979e+05
2.4441e+05
2.4911e+05
2.5388e+05
2.5872e+05
2.6364e+05
2.6862e+05
2.7368e+05
2.7882e+05
2.8402e+05
2.8928e+05
2.9462e+05
3.0002e+05
3.0549e+05
3.1103e+05
3.1662e+05
3.2228e+05
3.28e+05
3.3378e+05
3.3962e+05
3.4551e+05
3.5146e+05
3.5747e+05
3.6353e+05
3.6964e+05
3.758e+05
3.8201e+05
3.8827e+05
3.9457e+05
4.0092e+05
4.0732e+05
4.1375e+05
4.2022e+05
4.2674e+05
4.3329e+05
4.3987e+05
4.4649e+05
4.5314e+05
4.5982e+05
4.6653e+05
4.7327e+05
4.8003e+05
4.8682e+05
4.9363e+05
5.0045e+05
5.073e+05
5.1416e+05
5.2104e+05
5.2793e+05
5.3483e+05
5.4174e+05
5.4865e+05
5.5558e+05
5.625e+05
5.6943e+05
5.7636e+05
5.8328e+05
5.902e+05
5.9712e+05
6.0403e+05
6.1092e+05
6.1781e+05
6.2468e+05
6.3154e+05
6.3838e+05
6.452e+05
6.52e+05
6.5878e+05
6.6553e+05
6.7226e+05
6.7896e+05
6.8563e+05
6.9226e+05
6.9886e+05
7.0543e+05
7.1195e+05
7.1844e+05
7.2488e+05
7.3129e+05
7.3764e+05
7.4395e+05
7.5021e+05
7.5643e+05
7.6258e+05
7.6869e+05
7.7474e+05
7.8073e+05
7.8666e+05
7.9253e+05
7.9834e+05
8.0408e+05
8.0976e+05
8.1537e+05
8.2092e+05
8.2639e+05
8.3179e+05
8.3711e+05
8.4236e+05
8.4754e+05
8.5263e+05
8.5765e+05
8.6259e+05
8.6744e+05
8.7221e+05
8.769e+05
8.8149e+05
8.8601e+05
8.9043e+05
8.9476e+05
8.99e+05
9.0315e+05
9.072e+05
9.1117e+05
9.1503e+05
9.188e+05
9.2247e+05
9.2604e+05
9.2951e+05
9.3288e+05
9.3615e+05
9.3931e+05
9.4238e+05
9.4533e+05
9.4819e+05
9.5093e+05
9.5358e+05
9.5611e+05
9.5854e+05
9.6085e+05
9.6306e+05
9.6516e+05
9.6715e+05
9.6903e+05
9.708e+05
9.7245e+05
9.74e+05
9.7543e+05
9.7675e+05
9.7795e+05
9.7905e+05
9.8003e+05
9.8089e+05
9.8165e+05
9.8229e+05
9.8281e+05
9.8322e+05
9.8352e+05
9.8371e+05
9.8378e+05
9.8373e+05
9.8358e+05
9.8331e+05
9.8292e+05
9.8243e+05
9.8182e+05
9.8109e+05
9.8026e+05
9.7931e+05
9.7826e+05
9.7709e+05
9.7581e+05
9.7442e+05
9.7292e+05
9.7131e+05
9.696e+05
9.6777e+05
9.6584e+05
9.638e+05
9.6166e+05
9.5941e+05
9.5705e+05
9.5459e+05
9.5203e+05
9.4937e+05
9.466e+05
9.4374e+05
9.4077e+05
9.3771e+05
9.3454e+05
9.3128e+05
9.2793e+05
9.2448e+05
9.2094e+05
9.173e+05
9.1357e+05
9.0976e+05
9.0585e+05
9.0185e+05
8.9777e+05
8.936e+05
8.8935e+05
8.8501e+05
8.8059e+05
8.7609e+05
8.7151e+05
8.6686e+05
8.6212e+05
8.5731e+05
8.5243e+05
8.4747e+05
8.4244e+05
8.3734e+05
8.3217e+05
8.2694e+05
8.2164e+05
8.1627e+05
8.1084e+05
8.0535e+05
7.998e+05
7.9419e+05
7.8853e+05
7.8281e+05
7.7703e+05
7.712e+05
7.6532e+05
7.5939e+05
7.5342e+05
7.4739e+05
7.4132e+05
7.3521e+05
7.2906e+05
7.2286e+05
7.1663e+05
7.1036e+05
7.0405e+05
6.9772e+05
6.9134e+05
6.8494e+05
6.7851e+05
6.7205e+05
6.6556e+05
6.5905e+05
6.5252e+05
6.4596e+05
6.3938e+05
6.3279e+05
6.2618e+05
6.1955e+05
6.1291e+05
6.0626e+05
5.9959e+05
5.9292e+05
5.8624e+05
5.7955e+05
5.7286e+05
5.6616e+05
5.5947e+05
5.5277e+05
5.4607e+05
5.3938e+05
5.3268e+05
5.26e+05
5.1932e+05
5.1265e+05
5.0598e+05
4.9933e+05
4.9269e+05
4.8607e+05
4.7945e+05
4.7286e+05
4.6628e+05
4.5972e+05
4.5318e+05
4.4666e+05
4.4016e+05
4.3369e+05
4.2724e+05
4.2082e+05
4.1442e+05
4.0805e+05
4.0171e+05
3.9541e+05
3.8913e+05
3.8288e+05
3.7667e+05
3.7049e+05
3.6435e+05
3.5825e+05
3.5218e+05
3.4615e+05
3.4016e+05
3.3421e+05
3.2831e+05
3.2244e+05
3.1662e+05
3.1084e+05
3.051e+05
2.9941e+05
2.9377e+05
2.8817e+05
2.8262e+05
2.7712e+05
2.7167e+05
2.6627e+05
2.6092e+05
2.5561e+05
2.5036e+05
2.4517e+05
2.4002e+05
2.3493e+05
2.2989e+05
2.249e+05
2.1997e+05
2.151e+05
2.1028e+05
2.0551e+05
2.0081e+05
1.9615e+05
1.9156e+05
1.8702e+05
1.8254e+05
1.7812e+05
1.7375e+05
1.6945e+05
1.652e+05
1.6101e+05
1.5688e+05
1.5281e+05
1.4879e+05
1.4484e+05
1.4095e+05
1.3711e+05
1.3334e+05
1.2962e+05
1.2596e+05
1.2237e+05
1.1883e+05
1.1535e+05
1.1193e+05
1.0857e+05
1.0527e+05
1.0203e+05
98844
95719
92653
89645
86695
83803
80969
78192
75472
72809
70203
67653
65159
62720
60337
58008
55734
53514
51348
49235
47174
45166
43210
41305
39452
37648
35895
34191
32536
30929
29371
27859
26394
24976
23603
22275
20991
19751
18555
17401
16289
15219
14189
13199
12249
11338
10464
9628.8
8830
8067.5
7340.6
6648.5
5990.7
5366.5
4775.1
4216
3688.4
3191.8
2725.3
2288.4
1880.3
1500.4
1148
822.42
523.02
249.1
0
