2.5361e+05
2.5711e+05
2.6062e+05
2.6413e+05
2.6766e+05
2.712e+05
2.7474e+05
2.7829e+05
2.8184e+05
2.8539e+05
2.8893e+05
2.9248e+05
2.9602e+05
2.9955e+05
3.0308e+05
3.0659e+05
3.101e+05
3.1358e+05
3.1706e+05
3.2052e+05
3.2395e+05
3.2737e+05
3.3077e+05
3.3414e+05
3.3749e+05
3.4081e+05
3.441e+05
3.4737e+05
3.506e+05
3.538e+05
3.5697e+05
3.601e+05
3.6319e+05
3.6624e+05
3.6926e+05
3.7223e+05
3.7517e+05
3.7805e+05
3.809e+05
3.837e+05
3.8645e+05
3.8915e+05
3.918e+05
3.944e+05
3.9695e+05
3.9945e+05
4.0189e+05
4.0428e+05
4.0661e+05
4.0889e+05
4.1111e+05
4.1327e+05
4.1537e+05
4.1741e+05
4.1939e+05
4.2131e+05
4.2316e+05
4.2496e+05
4.2669e+05
4.2835e+05
4.2995e+05
4.3148e+05
4.3295e+05
4.3435e+05
4.3569e+05
4.3696e+05
4.3816e+05
4.3929e+05
4.4035e+05
4.4134e+05
4.4227e+05
4.4313e+05
4.4391e+05
4.4463e+05
4.4528e+05
4.4586e+05
4.4637e+05
4.4681e+05
4.4718e+05
4.4748e+05
4.4771e+05
4.4787e+05
4.4796e+05
4.4798e+05
4.4794e+05
4.4783e+05
4.4764e+05
4.474e+05
4.4708e+05
4.467e+05
4.4625e+05
4.4573e+05
4.4515e+05
4.445e+05
4.4379e+05
4.4302e+05
4.4218e+05
4.4128e+05
4.4032e+05
4.393e+05
4.3822e+05
4.3708e+05
4.3587e+05
4.3462e+05
4.333e+05
4.3193e+05
4.3051e+05
4.2903e+05
4.2749e+05
4.2591e+05
4.2427e+05
4.2259e+05
4.2085e+05
4.1907e+05
4.1724e+05
4.1537e+05
4.1345e+05
4.1149e+05
4.0949e+05
4.0744e+05
4.0536e+05
4.0323e+05
4.0108e+05
3.9888e+05
3.9665e+05
3.9439e+05
3.9209e+05
3.8977e+05
3.8741e+05
3.8503e+05
3.8262e+05
3.8019e+05
3.7773e+05
3.7525e+05
3.7275e+05
3.7023e+05
3.6769e+05
3.6513e+05
3.6256e+05
3.5997e+05
3.5737e+05
3.5476e+05
3.5213e+05
3.495e+05
3.4686e+05
3.4421e+05
3.4156e+05
3.389e+05
3.3624e+05
3.3358e+05
3.3092e+05
3.2825e+05
3.2559e+05
3.2294e+05
3.2028e+05
3.1764e+05
3.1499e+05
3.1236e+05
3.0973e+05
3.0712e+05
3.0451e+05
3.0192e+05
2.9933e+05
2.9677e+05
2.9421e+05
2.9167e+05
2.8915e+05
2.8664e+05
2.8415e+05
2.8167e+05
2.7922e+05
2.7678e+05
2.7437e+05
2.7197e+05
2.696e+05
2.6724e+05
2.6491e+05
2.626e+05
2.6032e+05
2.5805e+05
2.5581e+05
2.536e+05
2.5141e+05
2.4924e+05
2.4709e+05
2.4497e+05
2.4288e+05
2.408e+05
2.3876e+05
2.3673e+05
2.3474e+05
2.3276e+05
2.3081e+05
2.2888e+05
2.2698e+05
2.251e+05
2.2324e+05
2.2141e+05
2.1959e+05
2.178e+05
2.1603e+05
2.1429e+05
2.1256e+05
2.1085e+05
2.0916e+05
2.0749e+05
2.0584e+05
2.042e+05
2.0259e+05
2.0099e+05
1.994e+05
1.9783e+05
1.9627e+05
1.9473e+05
1.9319e+05
1.9167e+05
1.9016e+05
1.8866e+05
1.8717e+05
1.8569e+05
1.8421e+05
1.8274e+05
1.8128e+05
1.7982e+05
1.7836e+05
1.7691e+05
1.7546e+05
1.7401e+05
1.7256e+05
1.7111e+05
1.6965e+05
1.682e+05
1.6674e+05
1.6527e+05
1.638e+05
1.6233e+05
1.6084e+05
1.5935e+05
1.5785e+05
1.5634e+05
1.5482e+05
1.5329e+05
1.5175e+05
1.5019e+05
1.4862e+05
1.4704e+05
1.4544e+05
1.4383e+05
1.422e+05
1.4056e+05
1.389e+05
1.3722e+05
1.3553e+05
1.3382e+05
1.3209e+05
1.3034e+05
1.2858e+05
1.2679e+05
1.2499e+05
1.2316e+05
1.2132e+05
1.1946e+05
1.1758e+05
1.1568e+05
1.1377e+05
1.1183e+05
1.0988e+05
1.0791e+05
1.0592e+05
1.0392e+05
1.0189e+05
99856
97802
95735
93653
91558
89450
87331
85201
83062
80914
78759
76598
74431
72261
70088
67914
65741
63569
61401
59238
57081
54933
52795
50669
48556
46459
44380
42320
40282
38267
36278
34317
32386
30487
28622
26794
25006
23258
21554
19896
18286
16727
15222
13772
12380
11049
9780.3
8577.6
7442.8
6378.5
5387.2
4471.3
3633.4
2875.8
2201
1611.5
1109.7
698.03
378.87
154.58
27.52
0
74.313
252.72
537.43
930.65
1434.5
2051.2
2782.6
3630.9
4598
5685.9
6896.3
8231.2
9692.3
11281
13000
14849
16831
18947
21199
23587
26113
28779
31584
34531
37619
40851
44226
47746
51410
55220
59176
63278
67526
71921
76462
81150
85984
90965
96091
1.0136e+05
1.0678e+05
1.1234e+05
1.1804e+05
1.2389e+05
1.2988e+05
1.3601e+05
1.4228e+05
1.4868e+05
1.5523e+05
1.6191e+05
1.6872e+05
1.7567e+05
1.8275e+05
1.8995e+05
1.9729e+05
2.0475e+05
2.1233e+05
2.2003e+05
2.2785e+05
2.3579e+05
2.4384e+05
2.52e+05
2.6027e+05
2.6865e+05
2.7713e+05
2.8571e+05
2.9438e+05
3.0316e+05
3.1202e+05
3.2097e+05
3.3e+05
3.3911e+05
3.4831e+05
3.5757e+05
3.6691e+05
3.7631e+05
3.8578e+05
3.953e+05
4.0488e+05
4.1451e+05
4.2419e+05
4.3392e+05
4.4368e+05
4.5348e+05
4.633e+05
4.7316e+05
4.8304e+05
4.9294e+05
5.0285e+05
5.1277e+05
5.2269e+05
5.3262e+05
5.4254e+05
5.5246e+05
5.6236e+05
5.7224e+05
5.8211e+05
5.9195e+05
6.0176e+05
6.1153e+05
6.2126e+05
6.3095e+05
6.4059e+05
6.5018e+05
6.5971e+05
6.6918e+05
6.7858e+05
6.8791e+05
6.9717e+05
7.0634e+05
7.1543e+05
7.2444e+05
7.3335e+05
7.4216e+05
7.5087e+05
7.5948e+05
7.6798e+05
7.7636e+05
7.8463e+05
7.9277e+05
8.0079e+05
8.0868e+05
8.1644e+05
8.2406e+05
8.3153e+05
8.3887e+05
8.4605e+05
8.5309e+05
8.5997e+05
8.6669e+05
8.7326e+05
8.7965e+05
8.8588e+05
8.9194e+05
8.9783e+05
9.0354e+05
9.0907e+05
9.1442e+05
9.1959e+05
9.2457e+05
9.2936e+05
9.3396e+05
9.3837e+05
9.4259e+05
9.466e+05
9.5042e+05
9.5404e+05
9.5745e+05
9.6067e+05
9.6367e+05
9.6648e+05
9.6907e+05
9.7146e+05
9.7363e+05
9.756e+05
9.7736e+05
9.789e+05
9.8024e+05
9.8136e+05
9.8227e+05
9.8296e+05
9.8345e+05
9.8372e+05
9.8378e+05
9.8362e+05
9.8326e+05
9.8268e+05
9.819e+05
9.809e+05
9.7969e+05
9.7828e+05
9.7666e+05
9.7483e+05
9.728e+05
9.7057e+05
9.6813e+05
9.655e+05
9.6266e+05
9.5963e+05
9.5641e+05
9.5299e+05
9.4938e+05
9.4559e+05
9.416e+05
9.3743e+05
9.3308e+05
9.2856e+05
9.2385e+05
9.1897e+05
9.1392e+05
9.0871e+05
9.0332e+05
8.9778e+05
8.9207e+05
8.8621e+05
8.802e+05
8.7403e+05
8.6772e+05
8.6127e+05
8.5468e+05
8.4795e+05
8.4109e+05
8.341e+05
8.2698e+05
8.1974e+05
8.1239e+05
8.0491e+05
7.9733e+05
7.8965e+05
7.8186e+05
7.7397e+05
7.6598e+05
7.5791e+05
7.4974e+05
7.415e+05
7.3317e+05
7.2477e+05
7.163e+05
7.0776e+05
6.9916e+05
6.905e+05
6.8179e+05
6.7302e+05
6.6421e+05
6.5535e+05
6.4646e+05
6.3753e+05
6.2856e+05
6.1958e+05
6.1057e+05
6.0154e+05
5.9249e+05
5.8343e+05
5.7437e+05
5.653e+05
5.5623e+05
5.4717e+05
5.3811e+05
5.2907e+05
5.2004e+05
5.1103e+05
5.0204e+05
4.9307e+05
4.8414e+05
4.7524e+05
4.6637e+05
4.5754e+05
4.4876e+05
4.4002e+05
4.3132e+05
4.2268e+05
4.141e+05
4.0557e+05
3.971e+05
3.887e+05
3.8036e+05
3.7209e+05
3.6389e+05
3.5576e+05
3.4771e+05
3.3974e+05
3.3185e+05
3.2404e+05
3.1632e+05
3.0868e+05
3.0114e+05
2.9368e+05
2.8632e+05
2.7905e+05
2.7188e+05
2.6481e+05
2.5783e+05
2.5096e+05
2.4419e+05
2.3752e+05
2.3096e+05
2.2451e+05
2.1816e+05
2.1192e+05
2.0579e+05
1.9976e+05
1.9385e+05
1.8805e+05
1.8236e+05
1.7679e+05
1.7132e+05
1.6597e+05
1.6074e+05
1.5562e+05
1.5061e+05
1.4571e+05
1.4093e+05
1.3626e+05
1.3171e+05
1.2727e+05
1.2294e+05
1.1873e+05
1.1462e+05
1.1063e+05
1.0676e+05
1.0299e+05
99331
95782
92343
89012
85787
82668
79655
76745
73939
71234
68629
66124
63717
61407
59192
57071
55043
53105
51258
49498
47824
46236
44730
43307
41963
40697
39508
38393
37351
36381
35480
34646
33878
33174
32533
31951
31428
30961
30550
30191
29883
29624
29413
29247
29124
29044
29003
29001
29035
29103
29205
29337
29499
29689
29904
30144
30406
30689
30992
31312
31648
32000
32364
32739
33125
33520
33922
34330
34743
35158
35576
35995
36413
36830
37243
37653
38058
38457
38849
39233
39607
39972
40327
40669
41000
41317
41620
41909
42182
42440
42682
42906
43113
43302
43472
43624
43757
43870
43963
44036
44088
44120
44132
44122
44091
44040
43967
43872
