2.5175e+05
2.5502e+05
2.583e+05
2.6158e+05
2.6486e+05
2.6815e+05
2.7144e+05
2.7472e+05
2.78e+05
2.8128e+05
2.8455e+05
2.8781e+05
2.9107e+05
2.9431e+05
2.9754e+05
3.0075e+05
3.0395e+05
3.0714e+05
3.103e+05
3.1345e+05
3.1658e+05
3.1968e+05
3.2276e+05
3.2582e+05
3.2884e+05
3.3185e+05
3.3482e+05
3.3776e+05
3.4067e+05
3.4355e+05
3.464e+05
3.4921e+05
3.5199e+05
3.5472e+05
3.5742e+05
3.6009e+05
3.6271e+05
3.6529e+05
3.6782e+05
3.7032e+05
3.7277e+05
3.7517e+05
3.7753e+05
3.7984e+05
3.821e+05
3.8432e+05
3.8648e+05
3.8859e+05
3.9066e+05
3.9267e+05
3.9462e+05
3.9653e+05
3.9838e+05
4.0017e+05
4.0191e+05
4.0359e+05
4.0522e+05
4.0678e+05
4.0829e+05
4.0975e+05
4.1114e+05
4.1247e+05
4.1374e+05
4.1496e+05
4.1611e+05
4.172e+05
4.1822e+05
4.1919e+05
4.201e+05
4.2094e+05
4.2172e+05
4.2243e+05
4.2309e+05
4.2368e+05
4.242e+05
4.2467e+05
4.2507e+05
4.254e+05
4.2567e+05
4.2588e+05
4.2603e+05
4.2611e+05
4.2613e+05
4.2609e+05
4.2598e+05
4.2581e+05
4.2558e+05
4.2529e+05
4.2493e+05
4.2451e+05
4.2404e+05
4.235e+05
4.229e+05
4.2224e+05
4.2152e+05
4.2074e+05
4.1991e+05
4.1901e+05
4.1806e+05
4.1706e+05
4.16e+05
4.1488e+05
4.1371e+05
4.1248e+05
4.112e+05
4.0987e+05
4.0849e+05
4.0706e+05
4.0558e+05
4.0405e+05
4.0248e+05
4.0085e+05
3.9919e+05
3.9747e+05
3.9572e+05
3.9392e+05
3.9208e+05
3.902e+05
3.8828e+05
3.8633e+05
3.8433e+05
3.8231e+05
3.8024e+05
3.7815e+05
3.7602e+05
3.7387e+05
3.7168e+05
3.6946e+05
3.6722e+05
3.6496e+05
3.6267e+05
3.6035e+05
3.5802e+05
3.5567e+05
3.5329e+05
3.509e+05
3.485e+05
3.4608e+05
3.4365e+05
3.412e+05
3.3875e+05
3.3628e+05
3.3381e+05
3.3133e+05
3.2885e+05
3.2636e+05
3.2387e+05
3.2138e+05
3.1889e+05
3.164e+05
3.1392e+05
3.1144e+05
3.0896e+05
3.0649e+05
3.0403e+05
3.0158e+05
2.9914e+05
2.9671e+05
2.9429e+05
2.9189e+05
2.895e+05
2.8713e+05
2.8477e+05
2.8243e+05
2.8011e+05
2.7781e+05
2.7553e+05
2.7328e+05
2.7104e+05
2.6883e+05
2.6664e+05
2.6448e+05
2.6234e+05
2.6023e+05
2.5815e+05
2.5609e+05
2.5406e+05
2.5206e+05
2.5009e+05
2.4815e+05
2.4623e+05
2.4435e+05
2.425e+05
2.4068e+05
2.3889e+05
2.3713e+05
2.354e+05
2.337e+05
2.3204e+05
2.304e+05
2.288e+05
2.2723e+05
2.2568e+05
2.2417e+05
2.2269e+05
2.2124e+05
2.1983e+05
2.1844e+05
2.1707e+05
2.1574e+05
2.1444e+05
2.1316e+05
2.1192e+05
2.1069e+05
2.095e+05
2.0833e+05
2.0718e+05
2.0606e+05
2.0496e+05
2.0389e+05
2.0283e+05
2.018e+05
2.0079e+05
1.9979e+05
1.9881e+05
1.9785e+05
1.9691e+05
1.9597e+05
1.9506e+05
1.9415e+05
1.9326e+05
1.9238e+05
1.915e+05
1.9064e+05
1.8978e+05
1.8892e+05
1.8808e+05
1.8723e+05
1.8638e+05
1.8554e+05
1.847e+05
1.8385e+05
1.83e+05
1.8215e+05
1.8129e+05
1.8043e+05
1.7955e+05
1.7867e+05
1.7778e+05
1.7687e+05
1.7596e+05
1.7502e+05
1.7408e+05
1.7312e+05
1.7214e+05
1.7114e+05
1.7012e+05
1.6908e+05
1.6803e+05
1.6694e+05
1.6584e+05
1.6471e+05
1.6356e+05
1.6238e+05
1.6117e+05
1.5994e+05
1.5868e+05
1.5739e+05
1.5607e+05
1.5472e+05
1.5333e+05
1.5192e+05
1.5048e+05
1.4901e+05
1.475e+05
1.4596e+05
1.4439e+05
1.4278e+05
1.4115e+05
1.3948e+05
1.3777e+05
1.3604e+05
1.3427e+05
1.3247e+05
1.3064e+05
1.2877e+05
1.2688e+05
1.2495e+05
1.23e+05
1.2101e+05
1.19e+05
1.1695e+05
1.1488e+05
1.1278e+05
1.1066e+05
1.0851e+05
1.0634e+05
1.0414e+05
1.0193e+05
99691
97435
95163
92874
90571
88255
85928
83591
81246
78895
76540
74183
71825
69469
67117
64771
62434
60106
57791
55492
53209
50947
48706
46491
44302
42144
40017
37926
35872
33859
31889
29964
28088
26263
24491
22777
21122
19529
18002
16542
15153
13837
12597
11437
10358
9363.2
8455.9
7638.5
6913.7
6284.1
5752.3
5321
4992.8
4770.1
4655.5
4651.3
4760.1
4984.2
5325.8
5787.4
6371
7078.9
7913.1
8875.6
9968.6
11194
12553
14048
15681
17453
19366
21421
23620
25964
28454
31091
33877
36812
39898
43134
46523
50064
53757
57604
61605
65760
70068
74531
79147
83918
88841
93918
99147
1.0453e+05
1.1006e+05
1.1574e+05
1.2158e+05
1.2756e+05
1.3369e+05
1.3996e+05
1.4638e+05
1.5294e+05
1.5965e+05
1.6649e+05
1.7348e+05
1.806e+05
1.8785e+05
1.9524e+05
2.0276e+05
2.104e+05
2.1817e+05
2.2607e+05
2.3408e+05
2.4222e+05
2.5047e+05
2.5883e+05
2.673e+05
2.7588e+05
2.8456e+05
2.9334e+05
3.0222e+05
3.112e+05
3.2026e+05
3.2941e+05
3.3864e+05
3.4795e+05
3.5734e+05
3.668e+05
3.7633e+05
3.8593e+05
3.9558e+05
4.0529e+05
4.1505e+05
4.2486e+05
4.3471e+05
4.446e+05
4.5453e+05
4.6449e+05
4.7447e+05
4.8448e+05
4.945e+05
5.0454e+05
5.1458e+05
5.2463e+05
5.3468e+05
5.4472e+05
5.5475e+05
5.6477e+05
5.7477e+05
5.8474e+05
5.9469e+05
6.046e+05
6.1447e+05
6.2431e+05
6.3409e+05
6.4382e+05
6.5349e+05
6.6311e+05
6.7266e+05
6.8213e+05
6.9153e+05
7.0086e+05
7.1009e+05
7.1924e+05
7.283e+05
7.3726e+05
7.4612e+05
7.5487e+05
7.6351e+05
7.7204e+05
7.8044e+05
7.8873e+05
7.9689e+05
8.0491e+05
8.1281e+05
8.2056e+05
8.2817e+05
8.3564e+05
8.4296e+05
8.5012e+05
8.5713e+05
8.6398e+05
8.7066e+05
8.7718e+05
8.8353e+05
8.897e+05
8.957e+05
9.0152e+05
9.0716e+05
9.1262e+05
9.1789e+05
9.2297e+05
9.2786e+05
9.3256e+05
9.3706e+05
9.4136e+05
9.4547e+05
9.4937e+05
9.5307e+05
9.5657e+05
9.5986e+05
9.6294e+05
9.6581e+05
9.6847e+05
9.7093e+05
9.7316e+05
9.7519e+05
9.7701e+05
9.786e+05
9.7999e+05
9.8116e+05
9.8211e+05
9.8285e+05
9.8338e+05
9.8368e+05
9.8378e+05
9.8366e+05
9.8332e+05
9.8277e+05
9.8201e+05
9.8103e+05
9.7984e+05
9.7845e+05
9.7684e+05
9.7503e+05
9.73e+05
9.7078e+05
9.6835e+05
9.6571e+05
9.6288e+05
9.5984e+05
9.5661e+05
9.5319e+05
9.4957e+05
9.4576e+05
9.4176e+05
9.3758e+05
9.3321e+05
9.2867e+05
9.2394e+05
9.1904e+05
9.1396e+05
9.0872e+05
9.033e+05
8.9773e+05
8.9199e+05
8.861e+05
8.8005e+05
8.7385e+05
8.675e+05
8.61e+05
8.5437e+05
8.4759e+05
8.4069e+05
8.3365e+05
8.2648e+05
8.192e+05
8.1179e+05
8.0427e+05
7.9663e+05
7.8889e+05
7.8104e+05
7.7309e+05
7.6505e+05
7.5691e+05
7.4869e+05
7.4038e+05
7.3199e+05
7.2353e+05
7.1499e+05
7.0638e+05
6.9771e+05
6.8898e+05
6.8019e+05
6.7135e+05
6.6246e+05
6.5353e+05
6.4455e+05
6.3554e+05
6.265e+05
6.1743e+05
6.0834e+05
5.9922e+05
5.9009e+05
5.8094e+05
5.7179e+05
5.6263e+05
5.5347e+05
5.4431e+05
5.3516e+05
5.2601e+05
5.1688e+05
5.0777e+05
4.9868e+05
4.8961e+05
4.8057e+05
4.7156e+05
4.6258e+05
4.5364e+05
4.4474e+05
4.3588e+05
4.2707e+05
4.1831e+05
4.096e+05
4.0094e+05
3.9235e+05
3.8381e+05
3.7534e+05
3.6694e+05
3.586e+05
3.5033e+05
3.4214e+05
3.3403e+05
3.2599e+05
3.1803e+05
3.1016e+05
3.0237e+05
2.9466e+05
2.8705e+05
2.7953e+05
2.7209e+05
2.6475e+05
2.5751e+05
2.5036e+05
2.4331e+05
2.3636e+05
2.2952e+05
2.2277e+05
2.1613e+05
2.0959e+05
2.0315e+05
1.9682e+05
1.906e+05
1.8449e+05
1.7848e+05
1.7259e+05
1.668e+05
1.6112e+05
1.5556e+05
1.501e+05
1.4475e+05
1.3952e+05
1.344e+05
1.2938e+05
1.2448e+05
1.1969e+05
1.1501e+05
1.1044e+05
1.0598e+05
1.0163e+05
97388
93256
89232
85315
81506
77802
74204
70711
67321
64034
60849
57764
54779
51893
49104
46411
43812
41308
38896
36574
34343
32199
30142
28170
26282
24476
22750
21103
19534
18040
16621
15274
13998
12790
11650
10576
9565.9
8617.8
7730.1
6901.2
6129.3
5412.6
4749.5
4138.1
3576.7
3063.6
2597.1
2175.5
1796.9
1459.8
1162.4
903.06
680.06
491.78
336.56
212.77
118.8
53.065
13.983
0
9.582
41.216
93.411
164.7
253.64
358.81
478.82
612.3
757.92
914.35
1080.3
1254.6
1435.9
1623
1814.8
2010.2
2208.1
2407.3
2606.8
2805.6
3002.8
3197.3
3388.3
3574.9
3756.3
3931.5
4099.9
4260.7
4413.1
4556.5
4690.2
4813.6
4926.1
5027.2
5116.3
5193
5256.7
5307.1
5343.7
5366.2
5374.3
5367.5
5345.8
