7.0344e+05
7.08e+05
7.1255e+05
7.171e+05
7.2165e+05
7.2621e+05
7.3078e+05
7.3536e+05
7.3996e+05
7.4458e+05
7.4923e+05
7.539e+05
7.5859e+05
7.6331e+05
7.6806e+05
7.7284e+05
7.7764e+05
7.8247e+05
7.8733e+05
7.9221e+05
7.9711e+05
8.0203e+05
8.0697e+05
8.1192e+05
8.1688e+05
8.2184e+05
8.2681e+05
8.3178e+05
8.3674e+05
8.4169e+05
8.4663e+05
8.5155e+05
8.5644e+05
8.613e+05
8.6613e+05
8.7092e+05
8.7567e+05
8.8036e+05
8.85e+05
8.8958e+05
8.9409e+05
8.9854e+05
9.0291e+05
9.072e+05
9.114e+05
9.1552e+05
9.1954e+05
9.2347e+05
9.2729e+05
9.3101e+05
9.3462e+05
9.3812e+05
9.4151e+05
9.4478e+05
9.4792e+05
9.5094e+05
9.5384e+05
9.5661e+05
9.5925e+05
9.6176e+05
9.6414e+05
9.6638e+05
9.6849e+05
9.7046e+05
9.7229e+05
9.7399e+05
9.7555e+05
9.7698e+05
9.7827e+05
9.7942e+05
9.8043e+05
9.8131e+05
9.8205e+05
9.8266e+05
9.8314e+05
9.8348e+05
9.8369e+05
9.8378e+05
9.8373e+05
9.8356e+05
9.8326e+05
9.8284e+05
9.823e+05
9.8164e+05
9.8086e+05
9.7996e+05
9.7895e+05
9.7783e+05
9.7659e+05
9.7525e+05
9.738e+05
9.7224e+05
9.7058e+05
9.6882e+05
9.6696e+05
9.6501e+05
9.6295e+05
9.6081e+05
9.5857e+05
9.5625e+05
9.5384e+05
9.5134e+05
9.4876e+05
9.461e+05
9.4335e+05
9.4053e+05
9.3764e+05
9.3467e+05
9.3162e+05
9.2851e+05
9.2533e+05
9.2208e+05
9.1876e+05
9.1538e+05
9.1194e+05
9.0844e+05
9.0488e+05
9.0127e+05
8.976e+05
8.9388e+05
8.901e+05
8.8628e+05
8.8241e+05
8.7849e+05
8.7453e+05
8.7053e+05
8.6648e+05
8.6239e+05
8.5827e+05
8.5411e+05
8.4992e+05
8.457e+05
8.4144e+05
8.3715e+05
8.3284e+05
8.285e+05
8.2414e+05
8.1975e+05
8.1535e+05
8.1092e+05
8.0648e+05
8.0202e+05
7.9754e+05
7.9305e+05
7.8855e+05
7.8404e+05
7.7952e+05
7.75e+05
7.7046e+05
7.6593e+05
7.6139e+05
7.5684e+05
7.523e+05
7.4776e+05
7.4322e+05
7.3868e+05
7.3414e+05
7.2962e+05
7.2509e+05
7.2058e+05
7.1607e+05
7.1157e+05
7.0709e+05
7.0261e+05
6.9815e+05
6.9369e+05
6.8925e+05
6.8483e+05
6.8042e+05
6.7603e+05
6.7165e+05
6.6729e+05
6.6295e+05
6.5863e+05
6.5432e+05
6.5004e+05
6.4577e+05
6.4153e+05
6.373e+05
6.331e+05
6.2892e+05
6.2477e+05
6.2063e+05
6.1652e+05
6.1244e+05
6.0838e+05
6.0434e+05
6.0033e+05
5.9635e+05
5.924e+05
5.8847e+05
5.8457e+05
5.807e+05
5.7686e+05
5.7305e+05
5.6927e+05
5.6552e+05
5.618e+05
5.5812e+05
5.5447e+05
5.5085e+05
5.4727e+05
5.4373e+05
5.4022e+05
5.3675e+05
5.3332e+05
5.2993e+05
5.2658e+05
5.2327e+05
5.2e+05
5.1678e+05
5.136e+05
5.1046e+05
5.0737e+05
5.0433e+05
5.0134e+05
4.984e+05
4.9551e+05
4.9266e+05
4.8988e+05
4.8714e+05
4.8446e+05
4.8184e+05
4.7927e+05
4.7676e+05
4.743e+05
4.7191e+05
4.6958e+05
4.673e+05
4.6509e+05
4.6295e+05
4.6086e+05
4.5884e+05
4.5689e+05
4.55e+05
4.5317e+05
4.5142e+05
4.4973e+05
4.4811e+05
4.4655e+05
4.4507e+05
4.4365e+05
4.423e+05
4.4102e+05
4.3981e+05
4.3867e+05
4.376e+05
4.366e+05
4.3567e+05
4.348e+05
4.3401e+05
4.3328e+05
4.3262e+05
4.3202e+05
4.315e+05
4.3104e+05
4.3064e+05
4.3032e+05
4.3005e+05
4.2985e+05
4.2971e+05
4.2963e+05
4.2962e+05
4.2966e+05
4.2976e+05
4.2992e+05
4.3013e+05
4.3041e+05
4.3073e+05
4.3111e+05
4.3154e+05
4.3202e+05
4.3254e+05
4.3312e+05
4.3374e+05
4.3441e+05
4.3512e+05
4.3587e+05
4.3667e+05
4.375e+05
4.3837e+05
4.3928e+05
4.4022e+05
4.412e+05
4.4221e+05
4.4325e+05
4.4432e+05
4.4542e+05
4.4654e+05
4.477e+05
4.4887e+05
4.5007e+05
4.513e+05
4.5254e+05
4.5381e+05
4.5509e+05
4.5639e+05
4.5771e+05
4.5905e+05
4.604e+05
4.6177e+05
4.6315e+05
4.6454e+05
4.6595e+05
4.6737e+05
4.688e+05
4.7024e+05
4.717e+05
4.7316e+05
4.7463e+05
4.7611e+05
4.776e+05
4.791e+05
4.8061e+05
4.8213e+05
4.8366e+05
4.8519e+05
4.8674e+05
4.8829e+05
4.8985e+05
4.9143e+05
4.9301e+05
4.946e+05
4.962e+05
4.9781e+05
4.9943e+05
5.0107e+05
5.0271e+05
5.0437e+05
5.0604e+05
5.0772e+05
5.0942e+05
5.1113e+05
5.1285e+05
5.1459e+05
5.1635e+05
5.1812e+05
5.1991e+05
5.2172e+05
5.2354e+05
5.2538e+05
5.2724e+05
5.2912e+05
5.3102e+05
5.3294e+05
5.3489e+05
5.3685e+05
5.3883e+05
5.4084e+05
5.4287e+05
5.4492e+05
5.47e+05
5.491e+05
5.5122e+05
5.5337e+05
5.5554e+05
5.5773e+05
5.5995e+05
5.6219e+05
5.6446e+05
5.6675e+05
5.6907e+05
5.714e+05
5.7377e+05
5.7615e+05
5.7856e+05
5.8099e+05
5.8345e+05
5.8592e+05
5.8842e+05
5.9093e+05
5.9347e+05
5.9602e+05
5.986e+05
6.0119e+05
6.038e+05
6.0642e+05
6.0906e+05
6.1171e+05
6.1437e+05
6.1705e+05
6.1974e+05
6.2243e+05
6.2514e+05
6.2785e+05
6.3057e+05
6.3329e+05
6.3601e+05
6.3874e+05
6.4146e+05
6.4419e+05
6.4691e+05
6.4963e+05
6.5234e+05
6.5504e+05
6.5774e+05
6.6043e+05
6.631e+05
6.6576e+05
6.6841e+05
6.7103e+05
6.7365e+05
6.7624e+05
6.7881e+05
6.8136e+05
6.8388e+05
6.8638e+05
6.8885e+05
6.9129e+05
6.9371e+05
6.9609e+05
6.9844e+05
7.0075e+05
7.0304e+05
7.0528e+05
7.0749e+05
7.0965e+05
7.1178e+05
7.1387e+05
7.1591e+05
7.1791e+05
7.1987e+05
7.2178e+05
7.2365e+05
7.2547e+05
7.2724e+05
7.2896e+05
7.3064e+05
7.3226e+05
7.3384e+05
7.3536e+05
7.3683e+05
7.3825e+05
7.3962e+05
7.4094e+05
7.422e+05
7.4341e+05
7.4457e+05
7.4568e+05
7.4673e+05
7.4772e+05
7.4867e+05
7.4956e+05
7.504e+05
7.5118e+05
7.5192e+05
7.526e+05
7.5322e+05
7.538e+05
7.5432e+05
7.548e+05
7.5522e+05
7.5559e+05
7.5591e+05
7.5618e+05
7.564e+05
7.5657e+05
7.567e+05
7.5678e+05
7.5681e+05
7.5679e+05
7.5673e+05
7.5662e+05
7.5647e+05
7.5628e+05
7.5604e+05
7.5575e+05
7.5543e+05
7.5507e+05
7.5466e+05
7.5421e+05
7.5373e+05
7.532e+05
7.5264e+05
7.5204e+05
7.514e+05
7.5073e+05
7.5002e+05
7.4927e+05
7.4849e+05
7.4768e+05
7.4683e+05
7.4595e+05
7.4504e+05
7.4409e+05
7.4311e+05
7.421e+05
7.4106e+05
7.3999e+05
7.3889e+05
7.3776e+05
7.366e+05
7.3541e+05
7.3419e+05
7.3294e+05
7.3166e+05
7.3036e+05
7.2902e+05
7.2766e+05
7.2627e+05
7.2486e+05
7.2341e+05
7.2194e+05
7.2044e+05
7.1892e+05
7.1736e+05
7.1578e+05
7.1418e+05
7.1254e+05
7.1088e+05
7.0919e+05
7.0747e+05
7.0573e+05
7.0396e+05
7.0216e+05
7.0034e+05
6.9849e+05
6.9661e+05
6.947e+05
6.9276e+05
6.908e+05
6.8881e+05
6.8679e+05
6.8474e+05
6.8267e+05
6.8056e+05
6.7843e+05
6.7627e+05
6.7408e+05
6.7186e+05
6.6961e+05
6.6734e+05
6.6503e+05
6.627e+05
6.6033e+05
6.5794e+05
6.5552e+05
6.5306e+05
6.5058e+05
6.4807e+05
6.4553e+05
6.4296e+05
6.4036e+05
6.3773e+05
6.3507e+05
6.3239e+05
6.2967e+05
6.2692e+05
6.2415e+05
6.2134e+05
6.1851e+05
6.1564e+05
6.1275e+05
6.0983e+05
6.0688e+05
6.039e+05
6.009e+05
5.9786e+05
5.948e+05
5.9171e+05
5.886e+05
5.8545e+05
5.8228e+05
5.7909e+05
5.7586e+05
5.7261e+05
5.6934e+05
5.6604e+05
5.6272e+05
5.5937e+05
5.56e+05
5.526e+05
5.4918e+05
5.4574e+05
5.4228e+05
5.3879e+05
5.3529e+05
5.3176e+05
5.2821e+05
5.2464e+05
5.2106e+05
5.1745e+05
5.1383e+05
5.1019e+05
5.0653e+05
5.0285e+05
4.9916e+05
4.9546e+05
4.9173e+05
4.88e+05
4.8425e+05
4.8049e+05
4.7672e+05
4.7293e+05
4.6913e+05
4.6533e+05
4.6151e+05
4.5768e+05
4.5385e+05
4.5e+05
4.4615e+05
4.423e+05
4.3843e+05
4.3456e+05
4.3069e+05
4.2681e+05
4.2293e+05
4.1904e+05
4.1516e+05
4.1127e+05
4.0738e+05
4.0348e+05
3.9959e+05
3.957e+05
3.9181e+05
3.8792e+05
3.8403e+05
3.8015e+05
3.7627e+05
3.7239e+05
3.6852e+05
3.6465e+05
3.6078e+05
3.5692e+05
3.5307e+05
3.4922e+05
3.4538e+05
3.4154e+05
3.3772e+05
3.339e+05
3.3009e+05
3.2628e+05
3.2249e+05
3.187e+05
3.1493e+05
3.1116e+05
3.0741e+05
3.0366e+05
2.9993e+05
2.962e+05
2.9249e+05
2.8879e+05
2.851e+05
2.8142e+05
2.7775e+05
2.741e+05
2.7045e+05
2.6682e+05
2.632e+05
2.596e+05
2.56e+05
2.5242e+05
2.4886e+05
2.453e+05
2.4176e+05
2.3823e+05
2.3472e+05
2.3122e+05
2.2773e+05
2.2426e+05
2.208e+05
2.1735e+05
2.1392e+05
2.105e+05
2.071e+05
2.0371e+05
2.0033e+05
1.9697e+05
1.9363e+05
1.903e+05
1.8698e+05
1.8368e+05
1.804e+05
1.7713e+05
1.7387e+05
1.7063e+05
1.6741e+05
1.642e+05
1.6101e+05
1.5783e+05
1.5467e+05
1.5153e+05
1.484e+05
1.4529e+05
1.4219e+05
1.3912e+05
1.3606e+05
1.3302e+05
1.2999e+05
1.2699e+05
1.24e+05
1.2103e+05
1.1808e+05
1.1515e+05
1.1223e+05
1.0934e+05
1.0646e+05
1.0361e+05
1.0077e+05
97955
95160
92385
89631
86897
84185
81494
78824
76177
73551
70947
68366
65807
63270
60757
58266
55798
53354
50933
48536
46162
43811
41485
39182
36904
34649
32419
30212
28030
25872
23738
21628
19542
17480
15442
13429
11439
9473.2
7531.2
5613
3718.5
1847.5
0
