62740
65665
68668
71748
74900
78121
81408
84756
88162
91622
95133
98689
1.0229e+05
1.0592e+05
1.0959e+05
1.1329e+05
1.1702e+05
1.2076e+05
1.2453e+05
1.283e+05
1.3209e+05
1.3587e+05
1.3966e+05
1.4344e+05
1.4722e+05
1.5098e+05
1.5473e+05
1.5846e+05
1.6216e+05
1.6584e+05
1.6948e+05
1.7309e+05
1.7666e+05
1.8019e+05
1.8367e+05
1.8711e+05
1.9049e+05
1.9382e+05
1.971e+05
2.0031e+05
2.0347e+05
2.0656e+05
2.0958e+05
2.1254e+05
2.1542e+05
2.1823e+05
2.2097e+05
2.2364e+05
2.2623e+05
2.2874e+05
2.3118e+05
2.3354e+05
2.3581e+05
2.3801e+05
2.4013e+05
2.4217e+05
2.4413e+05
2.4601e+05
2.4781e+05
2.4953e+05
2.5117e+05
2.5273e+05
2.5422e+05
2.5563e+05
2.5697e+05
2.5823e+05
2.5942e+05
2.6054e+05
2.6159e+05
2.6258e+05
2.635e+05
2.6435e+05
2.6514e+05
2.6587e+05
2.6654e+05
2.6716e+05
2.6772e+05
2.6823e+05
2.687e+05
2.6911e+05
2.6948e+05
2.698e+05
2.7009e+05
2.7034e+05
2.7055e+05
2.7072e+05
2.7087e+05
2.7099e+05
2.7108e+05
2.7114e+05
2.7118e+05
2.7121e+05
2.7121e+05
2.712e+05
2.7117e+05
2.7114e+05
2.7109e+05
2.7103e+05
2.7097e+05
2.7091e+05
2.7084e+05
2.7077e+05
2.7069e+05
2.7062e+05
2.7056e+05
2.705e+05
2.7044e+05
2.7039e+05
2.7034e+05
2.7031e+05
2.7028e+05
2.7026e+05
2.7026e+05
2.7026e+05
2.7028e+05
2.703e+05
2.7034e+05
2.704e+05
2.7046e+05
2.7054e+05
2.7063e+05
2.7073e+05
2.7084e+05
2.7097e+05
2.711e+05
2.7125e+05
2.7141e+05
2.7158e+05
2.7175e+05
2.7194e+05
2.7213e+05
2.7234e+05
2.7254e+05
2.7276e+05
2.7298e+05
2.732e+05
2.7343e+05
2.7365e+05
2.7388e+05
2.7411e+05
2.7434e+05
2.7456e+05
2.7478e+05
2.75e+05
2.7521e+05
2.7541e+05
2.756e+05
2.7579e+05
2.7597e+05
2.7613e+05
2.7628e+05
2.7642e+05
2.7654e+05
2.7665e+05
2.7674e+05
2.7681e+05
2.7686e+05
2.769e+05
2.7691e+05
2.769e+05
2.7686e+05
2.768e+05
2.7672e+05
2.7661e+05
2.7648e+05
2.7631e+05
2.7612e+05
2.759e+05
2.7565e+05
2.7537e+05
2.7506e+05
2.7472e+05
2.7434e+05
2.7393e+05
2.7349e+05
2.7302e+05
2.7251e+05
2.7196e+05
2.7138e+05
2.7077e+05
2.7011e+05
2.6943e+05
2.687e+05
2.6794e+05
2.6714e+05
2.663e+05
2.6543e+05
2.6451e+05
2.6356e+05
2.6257e+05
2.6154e+05
2.6048e+05
2.5937e+05
2.5823e+05
2.5705e+05
2.5582e+05
2.5456e+05
2.5326e+05
2.5193e+05
2.5055e+05
2.4913e+05
2.4768e+05
2.4618e+05
2.4465e+05
2.4308e+05
2.4147e+05
2.3982e+05
2.3813e+05
2.3641e+05
2.3465e+05
2.3285e+05
2.3101e+05
2.2914e+05
2.2723e+05
2.2528e+05
2.2329e+05
2.2128e+05
2.1922e+05
2.1713e+05
2.1501e+05
2.1285e+05
2.1065e+05
2.0843e+05
2.0617e+05
2.0388e+05
2.0156e+05
1.9921e+05
1.9682e+05
1.9441e+05
1.9197e+05
1.895e+05
1.8701e+05
1.8449e+05
1.8194e+05
1.7937e+05
1.7678e+05
1.7416e+05
1.7152e+05
1.6886e+05
1.6619e+05
1.635e+05
1.6079e+05
1.5806e+05
1.5532e+05
1.5257e+05
1.4981e+05
1.4704e+05
1.4426e+05
1.4147e+05
1.3868e+05
1.3589e+05
1.331e+05
1.303e+05
1.2751e+05
1.2472e+05
1.2193e+05
1.1916e+05
1.1639e+05
1.1363e+05
1.1088e+05
1.0815e+05
1.0543e+05
1.0274e+05
1.0006e+05
97400
94766
92158
89576
87022
84499
82009
79552
77130
74745
72400
70094
67830
65609
63433
61302
59219
57184
55198
53263
51379
49547
47768
46043
44373
42757
41197
39692
38243
36850
35514
34233
33008
31839
30725
29665
28660
27708
26809
25961
25165
24417
23719
23067
22461
21900
21381
20904
20466
20066
19701
19371
19072
18804
18563
18348
18157
17987
17836
17702
17584
17477
17382
17294
17212
17134
17058
16981
16902
16818
16728
16630
16521
16401
16268
16120
15956
15774
15574
15355
15115
14854
14571
14267
13940
13591
13219
12826
12410
11975
11518
11043
10550
10041
9516.6
8979.3
8431
7873.9
7310.5
6743.3
6175.1
5609.1
5048.4
4496.4
3956.7
3433.2
2929.8
2450.7
2000.1
1582.8
1203.2
866.2
576.85
340.23
161.6
46.356
0
28.148
136.52
330.91
617.21
1001.4
1489.4
2087.4
2801.4
3637.5
4601.9
5700.7
6940
8325.8
9864.3
11561
13423
15455
17663
20053
22630
25400
28367
31538
34916
38507
42315
46345
50600
55084
59801
64755
69948
75382
81062
86988
93163
99589
1.0627e+05
1.1319e+05
1.2038e+05
1.2781e+05
1.355e+05
1.4344e+05
1.5163e+05
1.6008e+05
1.6877e+05
1.777e+05
1.8689e+05
1.9631e+05
2.0597e+05
2.1587e+05
2.2599e+05
2.3635e+05
2.4692e+05
2.5771e+05
2.6872e+05
2.7992e+05
2.9133e+05
3.0293e+05
3.1471e+05
3.2668e+05
3.3881e+05
3.511e+05
3.6355e+05
3.7615e+05
3.8888e+05
4.0174e+05
4.1471e+05
4.2779e+05
4.4097e+05
4.5424e+05
4.6758e+05
4.8099e+05
4.9446e+05
5.0796e+05
5.215e+05
5.3506e+05
5.4862e+05
5.6219e+05
5.7573e+05
5.8925e+05
6.0273e+05
6.1616e+05
6.2952e+05
6.428e+05
6.5599e+05
6.6908e+05
6.8206e+05
6.9491e+05
7.0761e+05
7.2017e+05
7.3256e+05
7.4478e+05
7.5681e+05
7.6863e+05
7.8025e+05
7.9164e+05
8.0279e+05
8.137e+05
8.2436e+05
8.3474e+05
8.4485e+05
8.5467e+05
8.6419e+05
8.734e+05
8.823e+05
8.9087e+05
8.9911e+05
9.07e+05
9.1454e+05
9.2173e+05
9.2855e+05
9.3499e+05
9.4106e+05
9.4675e+05
9.5204e+05
9.5694e+05
9.6144e+05
9.6554e+05
9.6923e+05
9.7251e+05
9.7537e+05
9.7782e+05
9.7985e+05
9.8146e+05
9.8266e+05
9.8343e+05
9.8378e+05
9.8371e+05
9.8322e+05
9.8231e+05
9.8098e+05
9.7925e+05
9.771e+05
9.7454e+05
9.7157e+05
9.6821e+05
9.6445e+05
9.6029e+05
9.5576e+05
9.5084e+05
9.4554e+05
9.3988e+05
9.3385e+05
9.2747e+05
9.2075e+05
9.1368e+05
9.0629e+05
8.9857e+05
8.9053e+05
8.8219e+05
8.7356e+05
8.6464e+05
8.5544e+05
8.4598e+05
8.3626e+05
8.2629e+05
8.1609e+05
8.0566e+05
7.9502e+05
7.8418e+05
7.7315e+05
7.6193e+05
7.5054e+05
7.39e+05
7.2731e+05
7.1548e+05
7.0353e+05
6.9147e+05
6.7931e+05
6.6705e+05
6.5472e+05
6.4232e+05
6.2987e+05
6.1737e+05
6.0483e+05
5.9228e+05
5.7971e+05
5.6714e+05
5.5458e+05
5.4204e+05
5.2953e+05
5.1705e+05
5.0463e+05
4.9227e+05
4.7997e+05
4.6775e+05
4.5562e+05
4.4358e+05
4.3164e+05
4.1982e+05
4.0811e+05
3.9653e+05
3.8509e+05
3.7378e+05
3.6263e+05
3.5162e+05
3.4078e+05
3.301e+05
3.196e+05
3.0927e+05
2.9912e+05
2.8915e+05
2.7938e+05
2.698e+05
2.6042e+05
2.5123e+05
2.4226e+05
2.3348e+05
2.2492e+05
2.1657e+05
2.0843e+05
2.005e+05
1.9279e+05
1.853e+05
1.7802e+05
1.7095e+05
1.6411e+05
1.5748e+05
1.5107e+05
1.4487e+05
1.3889e+05
1.3312e+05
1.2756e+05
1.2221e+05
1.1707e+05
1.1213e+05
1.074e+05
1.0287e+05
98537
94399
90453
86696
83124
79734
76522
73484
70616
67915
65376
62995
60767
58689
56755
54961
53303
51777
50376
49098
47936
46887
45946
45108
44369
43723
43166
42695
42303
41987
41743
41565
41450
41394
41392
41440
41534
41671
41846
42056
42298
42567
42860
43174
43507
43854
44212
44580
44954
45332
45710
46087
46461
46829
47189
47539
47877
48203
48513
48807
49084
49341
49578
49794
49988
50159
50306
50429
50527
50600
50646
50667
50661
50629
50571
50486
50374
50237
50073
49884
49669
49429
49165
48876
48564
48229
47872
47493
47092
46672
46232
45773
45296
44801
44290
43764
43222
42667
42098
41518
40925
40323
39710
39088
38459
37822
37179
36530
35876
35218
34556
33892
33226
32559
31891
31224
30557
29891
29227
28566
27908
27253
26603
25957
25315
24679
24049
23425
22807
22196
21592
20995
