5.7939e+05
5.8042e+05
5.8135e+05
5.8219e+05
5.8293e+05
5.8358e+05
5.8414e+05
5.846e+05
5.8498e+05
5.8526e+05
5.8545e+05
5.8556e+05
5.8557e+05
5.855e+05
5.8535e+05
5.8511e+05
5.8479e+05
5.8438e+05
5.8389e+05
5.8333e+05
5.8269e+05
5.8196e+05
5.8117e+05
5.803e+05
5.7935e+05
5.7834e+05
5.7725e+05
5.761e+05
5.7488e+05
5.7359e+05
5.7224e+05
5.7082e+05
5.6935e+05
5.6781e+05
5.6622e+05
5.6457e+05
5.6286e+05
5.611e+05
5.5929e+05
5.5743e+05
5.5552e+05
5.5356e+05
5.5155e+05
5.4951e+05
5.4741e+05
5.4528e+05
5.4311e+05
5.409e+05
5.3865e+05
5.3637e+05
5.3406e+05
5.3171e+05
5.2933e+05
5.2692e+05
5.2449e+05
5.2203e+05
5.1955e+05
5.1704e+05
5.1451e+05
5.1196e+05
5.0939e+05
5.068e+05
5.042e+05
5.0158e+05
4.9895e+05
4.963e+05
4.9365e+05
4.9098e+05
4.8831e+05
4.8563e+05
4.8294e+05
4.8025e+05
4.7755e+05
4.7485e+05
4.7215e+05
4.6944e+05
4.6674e+05
4.6404e+05
4.6134e+05
4.5864e+05
4.5595e+05
4.5326e+05
4.5058e+05
4.479e+05
4.4523e+05
4.4257e+05
4.3992e+05
4.3727e+05
4.3464e+05
4.3202e+05
4.294e+05
4.268e+05
4.2421e+05
4.2164e+05
4.1908e+05
4.1653e+05
4.1399e+05
4.1147e+05
4.0897e+05
4.0648e+05
4.0401e+05
4.0155e+05
3.9911e+05
3.9668e+05
3.9427e+05
3.9188e+05
3.895e+05
3.8714e+05
3.848e+05
3.8248e+05
3.8017e+05
3.7788e+05
3.756e+05
3.7335e+05
3.7111e+05
3.6889e+05
3.6668e+05
3.6449e+05
3.6232e+05
3.6017e+05
3.5803e+05
3.559e+05
3.538e+05
3.5171e+05
3.4963e+05
3.4757e+05
3.4552e+05
3.4349e+05
3.4147e+05
3.3947e+05
3.3748e+05
3.3551e+05
3.3354e+05
3.3159e+05
3.2965e+05
3.2772e+05
3.2581e+05
3.239e+05
3.2201e+05
3.2012e+05
3.1825e+05
3.1638e+05
3.1452e+05
3.1267e+05
3.1083e+05
3.09e+05
3.0717e+05
3.0535e+05
3.0353e+05
3.0172e+05
2.9992e+05
2.9812e+05
2.9632e+05
2.9453e+05
2.9274e+05
2.9095e+05
2.8916e+05
2.8738e+05
2.856e+05
2.8382e+05
2.8204e+05
2.8026e+05
2.7847e+05
2.7669e+05
2.7491e+05
2.7313e+05
2.7134e+05
2.6955e+05
2.6776e+05
2.6597e+05
2.6417e+05
2.6237e+05
2.6057e+05
2.5876e+05
2.5695e+05
2.5514e+05
2.5331e+05
2.5149e+05
2.4966e+05
2.4782e+05
2.4598e+05
2.4414e+05
2.4228e+05
2.4043e+05
2.3856e+05
2.3669e+05
2.3482e+05
2.3294e+05
2.3105e+05
2.2916e+05
2.2726e+05
2.2536e+05
2.2345e+05
2.2154e+05
2.1962e+05
2.1769e+05
2.1576e+05
2.1383e+05
2.1189e+05
2.0994e+05
2.08e+05
2.0605e+05
2.0409e+05
2.0213e+05
2.0017e+05
1.9821e+05
1.9625e+05
1.9428e+05
1.9232e+05
1.9035e+05
1.8838e+05
1.8642e+05
1.8445e+05
1.8249e+05
1.8052e+05
1.7857e+05
1.7661e+05
1.7466e+05
1.7271e+05
1.7077e+05
1.6884e+05
1.6691e+05
1.6499e+05
1.6308e+05
1.6118e+05
1.5928e+05
1.574e+05
1.5553e+05
1.5367e+05
1.5183e+05
1.5e+05
1.4818e+05
1.4638e+05
1.446e+05
1.4284e+05
1.4109e+05
1.3936e+05
1.3766e+05
1.3598e+05
1.3432e+05
1.3268e+05
1.3107e+05
1.2948e+05
1.2792e+05
1.2639e+05
1.2489e+05
1.2342e+05
1.2198e+05
1.2057e+05
1.1919e+05
1.1785e+05
1.1655e+05
1.1528e+05
1.1405e+05
1.1285e+05
1.117e+05
1.1059e+05
1.0952e+05
1.0849e+05
1.0751e+05
1.0658e+05
1.0568e+05
1.0484e+05
1.0405e+05
1.033e+05
1.0261e+05
1.0197e+05
1.0138e+05
1.0084e+05
1.0036e+05
99939
99572
99263
99013
98823
98695
98628
98624
98684
98809
98999
99256
99581
99974
1.0044e+05
1.0097e+05
1.0157e+05
1.0225e+05
1.0299e+05
1.0381e+05
1.0471e+05
1.0567e+05
1.0672e+05
1.0784e+05
1.0903e+05
1.1031e+05
1.1166e+05
1.1308e+05
1.1459e+05
1.1618e+05
1.1784e+05
1.1959e+05
1.2142e+05
1.2332e+05
1.2531e+05
1.2738e+05
1.2954e+05
1.3177e+05
1.3409e+05
1.3649e+05
1.3897e+05
1.4153e+05
1.4418e+05
1.4691e+05
1.4973e+05
1.5263e+05
1.5561e+05
1.5867e+05
1.6182e+05
1.6505e+05
1.6837e+05
1.7176e+05
1.7524e+05
1.788e+05
1.8245e+05
1.8617e+05
1.8998e+05
1.9387e+05
1.9784e+05
2.0189e+05
2.0602e+05
2.1023e+05
2.1451e+05
2.1888e+05
2.2332e+05
2.2784e+05
2.3244e+05
2.3711e+05
2.4186e+05
2.4668e+05
2.5158e+05
2.5655e+05
2.6159e+05
2.667e+05
2.7188e+05
2.7713e+05
2.8245e+05
2.8783e+05
2.9329e+05
2.988e+05
3.0438e+05
3.1003e+05
3.1573e+05
3.215e+05
3.2732e+05
3.3321e+05
3.3915e+05
3.4514e+05
3.5119e+05
3.5729e+05
3.6345e+05
3.6965e+05
3.759e+05
3.822e+05
3.8855e+05
3.9494e+05
4.0137e+05
4.0785e+05
4.1436e+05
4.2092e+05
4.2751e+05
4.3413e+05
4.4079e+05
4.4748e+05
4.542e+05
4.6095e+05
4.6772e+05
4.7452e+05
4.8135e+05
4.8819e+05
4.9506e+05
5.0194e+05
5.0884e+05
5.1575e+05
5.2268e+05
5.2962e+05
5.3656e+05
5.4352e+05
5.5048e+05
5.5744e+05
5.6441e+05
5.7137e+05
5.7833e+05
5.8529e+05
5.9225e+05
5.9919e+05
6.0613e+05
6.1305e+05
6.1996e+05
6.2686e+05
6.3374e+05
6.406e+05
6.4744e+05
6.5426e+05
6.6105e+05
6.6782e+05
6.7456e+05
6.8126e+05
6.8794e+05
6.9458e+05
7.0119e+05
7.0776e+05
7.1429e+05
7.2078e+05
7.2722e+05
7.3362e+05
7.3998e+05
7.4628e+05
7.5254e+05
7.5874e+05
7.6489e+05
7.7099e+05
7.7703e+05
7.83e+05
7.8892e+05
7.9478e+05
8.0057e+05
8.063e+05
8.1196e+05
8.1756e+05
8.2308e+05
8.2853e+05
8.3391e+05
8.3921e+05
8.4444e+05
8.4959e+05
8.5466e+05
8.5965e+05
8.6456e+05
8.6938e+05
8.7412e+05
8.7878e+05
8.8335e+05
8.8782e+05
8.9221e+05
8.9651e+05
9.0072e+05
9.0483e+05
9.0885e+05
9.1278e+05
9.1661e+05
9.2034e+05
9.2397e+05
9.275e+05
9.3093e+05
9.3426e+05
9.3749e+05
9.4061e+05
9.4364e+05
9.4655e+05
9.4936e+05
9.5207e+05
9.5466e+05
9.5715e+05
9.5954e+05
9.6181e+05
9.6397e+05
9.6603e+05
9.6797e+05
9.698e+05
9.7152e+05
9.7313e+05
9.7463e+05
9.7601e+05
9.7729e+05
9.7844e+05
9.7949e+05
9.8042e+05
9.8124e+05
9.8194e+05
9.8253e+05
9.8301e+05
9.8337e+05
9.8362e+05
9.8376e+05
9.8378e+05
9.8368e+05
9.8348e+05
9.8316e+05
9.8272e+05
9.8217e+05
9.8151e+05
9.8074e+05
9.7986e+05
9.7886e+05
9.7775e+05
9.7653e+05
9.752e+05
9.7376e+05
9.7221e+05
9.7055e+05
9.6878e+05
9.6691e+05
9.6492e+05
9.6283e+05
9.6063e+05
9.5833e+05
9.5593e+05
9.5342e+05
9.508e+05
9.4809e+05
9.4527e+05
9.4235e+05
9.3934e+05
9.3622e+05
9.3301e+05
9.297e+05
9.2629e+05
9.2279e+05
9.1919e+05
9.1551e+05
9.1173e+05
9.0786e+05
9.039e+05
8.9985e+05
8.9572e+05
8.915e+05
8.8719e+05
8.828e+05
8.7833e+05
8.7378e+05
8.6915e+05
8.6444e+05
8.5966e+05
8.5479e+05
8.4986e+05
8.4485e+05
8.3977e+05
8.3462e+05
8.294e+05
8.2411e+05
8.1876e+05
8.1334e+05
8.0786e+05
8.0232e+05
7.9672e+05
7.9106e+05
7.8534e+05
7.7957e+05
7.7374e+05
7.6787e+05
7.6194e+05
7.5596e+05
7.4993e+05
7.4385e+05
7.3773e+05
7.3157e+05
7.2537e+05
7.1912e+05
7.1284e+05
7.0652e+05
7.0017e+05
6.9378e+05
6.8735e+05
6.809e+05
6.7442e+05
6.6791e+05
6.6137e+05
6.5481e+05
6.4823e+05
6.4163e+05
6.35e+05
6.2836e+05
6.217e+05
6.1502e+05
6.0834e+05
6.0163e+05
5.9492e+05
5.882e+05
5.8147e+05
5.7474e+05
5.68e+05
5.6126e+05
5.5451e+05
5.4777e+05
5.4103e+05
5.3429e+05
5.2755e+05
5.2082e+05
5.141e+05
5.0738e+05
5.0067e+05
4.9398e+05
4.873e+05
4.8063e+05
4.7397e+05
4.6734e+05
4.6072e+05
4.5412e+05
4.4754e+05
4.4098e+05
4.3444e+05
4.2793e+05
4.2144e+05
4.1498e+05
4.0855e+05
4.0215e+05
3.9577e+05
3.8943e+05
3.8312e+05
3.7684e+05
3.706e+05
3.6439e+05
3.5821e+05
3.5208e+05
3.4598e+05
3.3993e+05
3.3391e+05
3.2793e+05
3.22e+05
3.1611e+05
3.1026e+05
3.0446e+05
2.987e+05
2.9299e+05
2.8733e+05
2.8171e+05
2.7614e+05
2.7062e+05
2.6516e+05
2.5974e+05
2.5437e+05
2.4906e+05
2.438e+05
2.3859e+05
2.3343e+05
2.2833e+05
2.2329e+05
2.183e+05
2.1336e+05
2.0849e+05
2.0367e+05
1.989e+05
1.9419e+05
1.8955e+05
1.8496e+05
1.8042e+05
1.7595e+05
1.7154e+05
1.6718e+05
1.6289e+05
1.5865e+05
1.5448e+05
1.5036e+05
1.4631e+05
1.4232e+05
1.3838e+05
1.3451e+05
1.307e+05
1.2695e+05
1.2326e+05
1.1964e+05
1.1607e+05
1.1257e+05
1.0912e+05
1.0574e+05
1.0242e+05
99154
95953
92812
89732
86712
83753
80853
78012
75231
72510
69847
67243
64697
62209
59778
57405
55089
52830
50627
48479
46387
44350
42367
40438
38563
36741
34972
33254
31588
29974
28409
26895
25430
24014
22646
21326
20053
18826
17645
16509
15418
14371
13367
12406
11487
10609
9772.2
8975.1
8217.3
7498.2
6817
6173
5565.6
4994.1
4457.8
3955.9
3487.7
3052.6
2649.8
2278.6
1938.4
1628.3
1347.6
1095.7
871.86
675.3
505.33
361.23
242.29
147.8
77.033
29.283
3.8415
0
17.054
