79334
82437
85625
88895
92242
95664
99155
1.0271e+05
1.0633e+05
1.1001e+05
1.1373e+05
1.1751e+05
1.2132e+05
1.2518e+05
1.2907e+05
1.3298e+05
1.3692e+05
1.4088e+05
1.4485e+05
1.4883e+05
1.5281e+05
1.5679e+05
1.6076e+05
1.6472e+05
1.6867e+05
1.7259e+05
1.7649e+05
1.8035e+05
1.8418e+05
1.8797e+05
1.9171e+05
1.954e+05
1.9904e+05
2.0263e+05
2.0615e+05
2.096e+05
2.1299e+05
2.163e+05
2.1954e+05
2.2269e+05
2.2577e+05
2.2876e+05
2.3166e+05
2.3447e+05
2.3719e+05
2.3981e+05
2.4234e+05
2.4477e+05
2.4709e+05
2.4932e+05
2.5144e+05
2.5346e+05
2.5538e+05
2.5719e+05
2.589e+05
2.605e+05
2.62e+05
2.6339e+05
2.6468e+05
2.6586e+05
2.6694e+05
2.6792e+05
2.688e+05
2.6957e+05
2.7026e+05
2.7084e+05
2.7133e+05
2.7173e+05
2.7204e+05
2.7226e+05
2.7239e+05
2.7244e+05
2.7242e+05
2.7231e+05
2.7213e+05
2.7187e+05
2.7155e+05
2.7116e+05
2.7071e+05
2.702e+05
2.6963e+05
2.6901e+05
2.6834e+05
2.6763e+05
2.6687e+05
2.6607e+05
2.6523e+05
2.6436e+05
2.6346e+05
2.6253e+05
2.6158e+05
2.6061e+05
2.5962e+05
2.5862e+05
2.576e+05
2.5658e+05
2.5555e+05
2.5453e+05
2.535e+05
2.5247e+05
2.5145e+05
2.5043e+05
2.4943e+05
2.4844e+05
2.4746e+05
2.465e+05
2.4556e+05
2.4464e+05
2.4374e+05
2.4286e+05
2.4201e+05
2.4119e+05
2.4039e+05
2.3962e+05
2.3887e+05
2.3816e+05
2.3748e+05
2.3683e+05
2.3621e+05
2.3562e+05
2.3507e+05
2.3454e+05
2.3405e+05
2.3359e+05
2.3316e+05
2.3276e+05
2.324e+05
2.3206e+05
2.3175e+05
2.3147e+05
2.3122e+05
2.3099e+05
2.3079e+05
2.3062e+05
2.3047e+05
2.3034e+05
2.3023e+05
2.3014e+05
2.3007e+05
2.3002e+05
2.2999e+05
2.2996e+05
2.2995e+05
2.2996e+05
2.2997e+05
2.2999e+05
2.3002e+05
2.3005e+05
2.3009e+05
2.3013e+05
2.3017e+05
2.3021e+05
2.3024e+05
2.3028e+05
2.3031e+05
2.3033e+05
2.3034e+05
2.3035e+05
2.3034e+05
2.3032e+05
2.3029e+05
2.3025e+05
2.3019e+05
2.3011e+05
2.3002e+05
2.299e+05
2.2977e+05
2.2962e+05
2.2944e+05
2.2925e+05
2.2903e+05
2.2878e+05
2.2852e+05
2.2822e+05
2.279e+05
2.2756e+05
2.2719e+05
2.2679e+05
2.2636e+05
2.259e+05
2.2542e+05
2.2491e+05
2.2437e+05
2.2379e+05
2.2319e+05
2.2256e+05
2.219e+05
2.2122e+05
2.205e+05
2.1975e+05
2.1897e+05
2.1815e+05
2.1731e+05
2.1644e+05
2.1554e+05
2.1461e+05
2.1365e+05
2.1266e+05
2.1163e+05
2.1058e+05
2.095e+05
2.0839e+05
2.0724e+05
2.0607e+05
2.0487e+05
2.0363e+05
2.0237e+05
2.0108e+05
1.9975e+05
1.984e+05
1.9702e+05
1.9561e+05
1.9416e+05
1.9269e+05
1.9119e+05
1.8966e+05
1.881e+05
1.8651e+05
1.8489e+05
1.8324e+05
1.8156e+05
1.7985e+05
1.7811e+05
1.7634e+05
1.7455e+05
1.7272e+05
1.7087e+05
1.6898e+05
1.6707e+05
1.6513e+05
1.6316e+05
1.6116e+05
1.5914e+05
1.5709e+05
1.5501e+05
1.529e+05
1.5077e+05
1.4861e+05
1.4643e+05
1.4422e+05
1.4199e+05
1.3974e+05
1.3746e+05
1.3516e+05
1.3284e+05
1.305e+05
1.2814e+05
1.2576e+05
1.2336e+05
1.2095e+05
1.1853e+05
1.1609e+05
1.1363e+05
1.1117e+05
1.087e+05
1.0622e+05
1.0373e+05
1.0124e+05
98746
96250
93754
91260
88770
86285
83809
81342
78887
76446
74021
71614
69226
66861
64521
62207
59921
57667
55445
53259
51110
49000
46931
44906
42925
40993
39109
37276
35496
33770
32101
30488
28935
27442
26010
24641
23336
22096
20921
19812
18770
17795
16888
16048
15276
14572
13936
13366
12864
12427
12056
11749
11505
11324
11203
11141
11137
11189
11295
11453
11660
11916
12216
12559
12943
13363
13819
14306
14822
15363
15928
16512
17112
17725
18348
18978
19611
20243
20873
21495
22108
22707
23290
23853
24393
24908
25394
25849
26270
26654
26999
27303
27563
27777
27944
28062
28129
28144
28105
28013
27867
27665
27408
27095
26728
26306
25830
25301
24721
24091
23412
22688
21920
21110
20262
19379
18464
17521
16553
15566
14563
13549
12529
11508
10491
9484.7
8494.2
7525.8
6585.7
5680.2
4815.9
3999.7
3238.5
2539.3
1909.3
1355.9
886.52
508.6
229.76
57.663
0
64.501
258.91
590.97
1068.4
1698.9
2490.2
3449.7
4585
5903.5
7412.4
9118.9
11030
13153
15493
18058
20854
23886
27161
30684
34460
38494
42790
47353
52187
57296
62681
68348
74297
80531
87052
93860
1.0096e+05
1.0834e+05
1.1602e+05
1.2398e+05
1.3223e+05
1.4077e+05
1.4959e+05
1.587e+05
1.6808e+05
1.7774e+05
1.8767e+05
1.9787e+05
2.0833e+05
2.1905e+05
2.3002e+05
2.4124e+05
2.527e+05
2.644e+05
2.7631e+05
2.8845e+05
3.008e+05
3.1335e+05
3.2609e+05
3.3901e+05
3.521e+05
3.6536e+05
3.7877e+05
3.9232e+05
4.06e+05
4.198e+05
4.3371e+05
4.4771e+05
4.6179e+05
4.7595e+05
4.9015e+05
5.044e+05
5.1869e+05
5.3298e+05
5.4728e+05
5.6157e+05
5.7584e+05
5.9007e+05
6.0424e+05
6.1835e+05
6.3237e+05
6.463e+05
6.6012e+05
6.7382e+05
6.8738e+05
7.0079e+05
7.1403e+05
7.2709e+05
7.3996e+05
7.5262e+05
7.6507e+05
7.7728e+05
7.8924e+05
8.0095e+05
8.1239e+05
8.2354e+05
8.344e+05
8.4495e+05
8.5518e+05
8.6509e+05
8.7466e+05
8.8388e+05
8.9274e+05
9.0123e+05
9.0935e+05
9.1708e+05
9.2442e+05
9.3136e+05
9.3789e+05
9.44e+05
9.497e+05
9.5497e+05
9.5981e+05
9.6421e+05
9.6818e+05
9.717e+05
9.7478e+05
9.7741e+05
9.7959e+05
9.8131e+05
9.8259e+05
9.8341e+05
9.8378e+05
9.8369e+05
9.8316e+05
9.8218e+05
9.8075e+05
9.7888e+05
9.7656e+05
9.7381e+05
9.7063e+05
9.6702e+05
9.6299e+05
9.5854e+05
9.5368e+05
9.4842e+05
9.4276e+05
9.3671e+05
9.3028e+05
9.2347e+05
9.163e+05
9.0878e+05
9.0091e+05
8.927e+05
8.8417e+05
8.7532e+05
8.6616e+05
8.5671e+05
8.4697e+05
8.3696e+05
8.2669e+05
8.1617e+05
8.0541e+05
7.9443e+05
7.8323e+05
7.7183e+05
7.6024e+05
7.4847e+05
7.3654e+05
7.2445e+05
7.1223e+05
6.9988e+05
6.8741e+05
6.7484e+05
6.6219e+05
6.4945e+05
6.3665e+05
6.238e+05
6.109e+05
5.9798e+05
5.8504e+05
5.721e+05
5.5916e+05
5.4623e+05
5.3334e+05
5.2048e+05
5.0768e+05
4.9493e+05
4.8226e+05
4.6966e+05
4.5716e+05
4.4475e+05
4.3246e+05
4.2027e+05
4.0822e+05
3.963e+05
3.8452e+05
3.7288e+05
3.6141e+05
3.5009e+05
3.3895e+05
3.2798e+05
3.1719e+05
3.0659e+05
2.9618e+05
2.8596e+05
2.7595e+05
2.6614e+05
2.5654e+05
2.4715e+05
2.3798e+05
2.2902e+05
2.2028e+05
2.1177e+05
2.0348e+05
1.9541e+05
1.8757e+05
1.7995e+05
1.7256e+05
1.654e+05
1.5847e+05
1.5176e+05
1.4528e+05
1.3902e+05
1.3298e+05
1.2717e+05
1.2157e+05
1.1619e+05
1.1103e+05
1.0608e+05
1.0134e+05
96810
92481
88353
84421
80683
77134
73771
70589
67585
64753
62090
59592
57252
55067
53033
51143
49394
47781
46298
44941
43705
42585
41576
40674
39872
39167
38554
38028
37585
37219
36926
36702
36543
36443
36399
36407
36462
36561
36700
36874
37082
37318
37579
37863
38166
38485
38817
39160
39510
39865
40223
40581
40938
41290
41637
41976
42306
42624
42931
43223
43501
43763
44007
44233
44440
44628
44795
44942
45067
45171
45253
45312
45350
45365
45358
45328
45277
45204
45109
44993
44856
44699
44521
44324
44109
43874
43622
43352
43066
42764
42447
42114
41768
41409
41037
40654
40259
39854
39439
39015
38582
38143
37696
37243
36784
36320
35852
35380
34905
34427
33948
33466
32984
32501
32018
31535
31053
30572
30092
29615
29139
28666
28196
27729
27265
26804
26347
