1.7092e+05
1.7409e+05
1.7728e+05
1.8051e+05
1.8375e+05
1.8701e+05
1.9029e+05
1.9358e+05
1.9688e+05
2.0019e+05
2.0351e+05
2.0683e+05
2.1015e+05
2.1347e+05
2.1679e+05
2.201e+05
2.234e+05
2.2668e+05
2.2996e+05
2.3322e+05
2.3645e+05
2.3967e+05
2.4286e+05
2.4603e+05
2.4917e+05
2.5228e+05
2.5535e+05
2.584e+05
2.614e+05
2.6437e+05
2.6729e+05
2.7017e+05
2.7301e+05
2.758e+05
2.7855e+05
2.8124e+05
2.8389e+05
2.8648e+05
2.8902e+05
2.915e+05
2.9393e+05
2.963e+05
2.9861e+05
3.0086e+05
3.0306e+05
3.0519e+05
3.0726e+05
3.0926e+05
3.1121e+05
3.1309e+05
3.149e+05
3.1665e+05
3.1834e+05
3.1996e+05
3.2152e+05
3.2301e+05
3.2444e+05
3.258e+05
3.271e+05
3.2833e+05
3.295e+05
3.3061e+05
3.3165e+05
3.3264e+05
3.3356e+05
3.3442e+05
3.3522e+05
3.3596e+05
3.3664e+05
3.3727e+05
3.3784e+05
3.3835e+05
3.3881e+05
3.3922e+05
3.3958e+05
3.3989e+05
3.4014e+05
3.4036e+05
3.4052e+05
3.4064e+05
3.4072e+05
3.4075e+05
3.4075e+05
3.4071e+05
3.4063e+05
3.4051e+05
3.4036e+05
3.4018e+05
3.3997e+05
3.3973e+05
3.3946e+05
3.3916e+05
3.3884e+05
3.385e+05
3.3814e+05
3.3776e+05
3.3735e+05
3.3694e+05
3.365e+05
3.3605e+05
3.3559e+05
3.3512e+05
3.3464e+05
3.3415e+05
3.3366e+05
3.3315e+05
3.3265e+05
3.3213e+05
3.3162e+05
3.311e+05
3.3059e+05
3.3007e+05
3.2955e+05
3.2904e+05
3.2853e+05
3.2802e+05
3.2751e+05
3.2701e+05
3.2652e+05
3.2602e+05
3.2554e+05
3.2506e+05
3.2458e+05
3.2412e+05
3.2365e+05
3.232e+05
3.2275e+05
3.223e+05
3.2186e+05
3.2143e+05
3.21e+05
3.2058e+05
3.2016e+05
3.1975e+05
3.1934e+05
3.1893e+05
3.1853e+05
3.1812e+05
3.1772e+05
3.1732e+05
3.1691e+05
3.1651e+05
3.161e+05
3.1569e+05
3.1527e+05
3.1485e+05
3.1442e+05
3.1398e+05
3.1354e+05
3.1308e+05
3.1262e+05
3.1214e+05
3.1164e+05
3.1114e+05
3.1061e+05
3.1007e+05
3.0951e+05
3.0893e+05
3.0833e+05
3.0771e+05
3.0707e+05
3.064e+05
3.057e+05
3.0498e+05
3.0423e+05
3.0345e+05
3.0264e+05
3.0179e+05
3.0092e+05
3.0001e+05
2.9907e+05
2.981e+05
2.9708e+05
2.9603e+05
2.9495e+05
2.9382e+05
2.9266e+05
2.9145e+05
2.9021e+05
2.8892e+05
2.876e+05
2.8623e+05
2.8482e+05
2.8337e+05
2.8188e+05
2.8034e+05
2.7876e+05
2.7714e+05
2.7548e+05
2.7378e+05
2.7203e+05
2.7024e+05
2.6841e+05
2.6654e+05
2.6463e+05
2.6268e+05
2.6069e+05
2.5866e+05
2.566e+05
2.5449e+05
2.5235e+05
2.5018e+05
2.4797e+05
2.4573e+05
2.4346e+05
2.4115e+05
2.3882e+05
2.3646e+05
2.3407e+05
2.3166e+05
2.2922e+05
2.2676e+05
2.2428e+05
2.2178e+05
2.1927e+05
2.1673e+05
2.1418e+05
2.1162e+05
2.0905e+05
2.0647e+05
2.0388e+05
2.0128e+05
1.9868e+05
1.9608e+05
1.9347e+05
1.9087e+05
1.8827e+05
1.8568e+05
1.8309e+05
1.8051e+05
1.7793e+05
1.7537e+05
1.7283e+05
1.7029e+05
1.6778e+05
1.6528e+05
1.628e+05
1.6034e+05
1.579e+05
1.5549e+05
1.531e+05
1.5074e+05
1.484e+05
1.461e+05
1.4382e+05
1.4158e+05
1.3936e+05
1.3718e+05
1.3503e+05
1.3292e+05
1.3085e+05
1.288e+05
1.268e+05
1.2483e+05
1.229e+05
1.2101e+05
1.1916e+05
1.1734e+05
1.1556e+05
1.1383e+05
1.1213e+05
1.1046e+05
1.0884e+05
1.0726e+05
1.0571e+05
1.042e+05
1.0273e+05
1.0129e+05
99891
98526
97195
95898
94633
93401
92199
91027
89884
88768
87679
86614
85574
84556
83559
82581
81622
80680
79754
78841
77940
77051
76170
75298
74432
73571
72712
71856
71000
70143
69284
68421
67552
66677
65794
64902
64000
63086
62161
61222
60268
59300
58316
57315
56298
55262
54209
53137
52047
50938
49810
48663
47498
46314
45112
43893
42658
41405
40138
38856
37561
36254
34936
33608
32273
30931
29585
28236
26886
25538
24193
22855
21524
20205
18899
17610
16339
15091
13868
12673
11510
10381
9290.4
8241.5
7237.7
6282.5
5379.8
4533.1
3746.3
3023.1
2367.5
1783.2
1274.4
844.86
498.65
239.76
72.201
0
27.178
157.75
395.72
745.08
1209.8
1793.8
2500.9
3335.1
4300.2
5399.8
6637.7
8017.5
9542.8
11217
13044
15026
17167
19470
21937
24573
27379
30358
33513
36846
40360
44055
47935
52001
56255
60698
65331
70156
75174
80385
85789
91388
97182
1.0317e+05
1.0935e+05
1.1573e+05
1.223e+05
1.2906e+05
1.3601e+05
1.4316e+05
1.5049e+05
1.5802e+05
1.6572e+05
1.7361e+05
1.8169e+05
1.8994e+05
1.9837e+05
2.0698e+05
2.1575e+05
2.2469e+05
2.338e+05
2.4307e+05
2.525e+05
2.6208e+05
2.7181e+05
2.8168e+05
2.917e+05
3.0185e+05
3.1213e+05
3.2254e+05
3.3306e+05
3.4371e+05
3.5446e+05
3.6532e+05
3.7628e+05
3.8732e+05
3.9846e+05
4.0968e+05
4.2096e+05
4.3232e+05
4.4374e+05
4.5521e+05
4.6673e+05
4.7829e+05
4.8988e+05
5.015e+05
5.1313e+05
5.2478e+05
5.3644e+05
5.4809e+05
5.5973e+05
5.7135e+05
5.8295e+05
5.9451e+05
6.0604e+05
6.1751e+05
6.2893e+05
6.4029e+05
6.5158e+05
6.6279e+05
6.7391e+05
6.8494e+05
6.9587e+05
7.0669e+05
7.174e+05
7.2799e+05
7.3844e+05
7.4876e+05
7.5893e+05
7.6896e+05
7.7882e+05
7.8852e+05
7.9805e+05
8.0741e+05
8.1657e+05
8.2555e+05
8.3433e+05
8.4291e+05
8.5128e+05
8.5944e+05
8.6738e+05
8.7509e+05
8.8257e+05
8.8981e+05
8.9682e+05
9.0358e+05
9.1009e+05
9.1635e+05
9.2235e+05
9.2809e+05
9.3356e+05
9.3876e+05
9.437e+05
9.4835e+05
9.5273e+05
9.5683e+05
9.6064e+05
9.6417e+05
9.6742e+05
9.7037e+05
9.7303e+05
9.754e+05
9.7748e+05
9.7926e+05
9.8075e+05
9.8195e+05
9.8285e+05
9.8345e+05
9.8376e+05
9.8378e+05
9.835e+05
9.8293e+05
9.8207e+05
9.8092e+05
9.7948e+05
9.7775e+05
9.7574e+05
9.7345e+05
9.7088e+05
9.6803e+05
9.6491e+05
9.6152e+05
9.5786e+05
9.5393e+05
9.4975e+05
9.4531e+05
9.4061e+05
9.3567e+05
9.3048e+05
9.2505e+05
9.1939e+05
9.1349e+05
9.0737e+05
9.0103e+05
8.9448e+05
8.8771e+05
8.8074e+05
8.7357e+05
8.6621e+05
8.5866e+05
8.5093e+05
8.4302e+05
8.3495e+05
8.2671e+05
8.1831e+05
8.0976e+05
8.0107e+05
7.9223e+05
7.8327e+05
7.7418e+05
7.6497e+05
7.5565e+05
7.4623e+05
7.367e+05
7.2709e+05
7.1738e+05
7.076e+05
6.9774e+05
6.8782e+05
6.7784e+05
6.678e+05
6.5772e+05
6.476e+05
6.3744e+05
6.2726e+05
6.1705e+05
6.0683e+05
5.966e+05
5.8637e+05
5.7614e+05
5.6592e+05
5.5572e+05
5.4554e+05
5.3538e+05
5.2526e+05
5.1517e+05
5.0512e+05
4.9513e+05
4.8519e+05
4.753e+05
4.6548e+05
4.5573e+05
4.4605e+05
4.3645e+05
4.2693e+05
4.1749e+05
4.0815e+05
3.989e+05
3.8975e+05
3.807e+05
3.7175e+05
3.6292e+05
3.5419e+05
3.4558e+05
3.3709e+05
3.2872e+05
3.2047e+05
3.1235e+05
3.0436e+05
2.965e+05
2.8877e+05
2.8118e+05
2.7372e+05
2.664e+05
2.5923e+05
2.5219e+05
2.4529e+05
2.3854e+05
2.3193e+05
2.2547e+05
2.1915e+05
2.1298e+05
2.0695e+05
2.0107e+05
1.9534e+05
1.8976e+05
1.8432e+05
1.7902e+05
1.7388e+05
1.6887e+05
1.6402e+05
1.593e+05
1.5473e+05
1.503e+05
1.4601e+05
1.4186e+05
1.3785e+05
1.3398e+05
1.3024e+05
1.2663e+05
1.2316e+05
1.1982e+05
1.166e+05
1.1351e+05
1.1055e+05
1.077e+05
1.0498e+05
1.0238e+05
99890
97515
95251
93096
91047
89102
87258
85513
83864
82308
80844
79467
78175
76967
75839
74787
73811
72907
72071
71303
70598
69954
69369
68840
68364
67938
67560
67228
66939
66691
66480
66304
66162
66051
65968
65912
65879
65868
65877
65903
65945
66001
66068
66145
66230
66321
66416
66515
66614
66714
66811
66906
66996
67080
67157
67225
67284
67333
67370
67395
67406
67403
67386
67352
67302
67236
67151
67049
66928
66788
66629
66451
66253
66034
65796
65537
65258
64959
64639
64299
63938
63558
63158
62738
62299
61840
61363
60867
60353
59821
59271
58705
58123
57524
56910
56281
55638
54981
54310
53627
52932
52225
51507
50780
