21338
24681
28238
32004
35973
40140
44498
49039
53758
58645
63693
68894
74239
79719
85324
91046
96874
1.028e+05
1.0881e+05
1.1489e+05
1.2104e+05
1.2725e+05
1.335e+05
1.3979e+05
1.4609e+05
1.5241e+05
1.5873e+05
1.6504e+05
1.7134e+05
1.776e+05
1.8382e+05
1.8999e+05
1.961e+05
2.0214e+05
2.081e+05
2.1398e+05
2.1975e+05
2.2542e+05
2.3097e+05
2.3639e+05
2.4169e+05
2.4684e+05
2.5185e+05
2.5671e+05
2.614e+05
2.6593e+05
2.7029e+05
2.7446e+05
2.7846e+05
2.8227e+05
2.8589e+05
2.8931e+05
2.9254e+05
2.9556e+05
2.9838e+05
3.0099e+05
3.034e+05
3.056e+05
3.0759e+05
3.0937e+05
3.1095e+05
3.1231e+05
3.1347e+05
3.1441e+05
3.1516e+05
3.157e+05
3.1604e+05
3.1619e+05
3.1614e+05
3.159e+05
3.1547e+05
3.1486e+05
3.1407e+05
3.1311e+05
3.1198e+05
3.1069e+05
3.0924e+05
3.0764e+05
3.059e+05
3.0401e+05
3.0199e+05
2.9985e+05
2.9758e+05
2.952e+05
2.9272e+05
2.9014e+05
2.8747e+05
2.8471e+05
2.8188e+05
2.7898e+05
2.7601e+05
2.73e+05
2.6993e+05
2.6683e+05
2.6369e+05
2.6054e+05
2.5736e+05
2.5417e+05
2.5099e+05
2.478e+05
2.4463e+05
2.4148e+05
2.3835e+05
2.3526e+05
2.322e+05
2.2919e+05
2.2623e+05
2.2332e+05
2.2048e+05
2.177e+05
2.15e+05
2.1238e+05
2.0984e+05
2.0738e+05
2.0502e+05
2.0275e+05
2.0059e+05
1.9852e+05
1.9656e+05
1.9471e+05
1.9297e+05
1.9135e+05
1.8984e+05
1.8845e+05
1.8718e+05
1.8603e+05
1.85e+05
1.8409e+05
1.833e+05
1.8264e+05
1.821e+05
1.8168e+05
1.8138e+05
1.812e+05
1.8114e+05
1.8119e+05
1.8136e+05
1.8164e+05
1.8203e+05
1.8253e+05
1.8314e+05
1.8384e+05
1.8464e+05
1.8554e+05
1.8652e+05
1.876e+05
1.8875e+05
1.8999e+05
1.9129e+05
1.9267e+05
1.9411e+05
1.9561e+05
1.9716e+05
1.9876e+05
2.0041e+05
2.0209e+05
2.0381e+05
2.0555e+05
2.0732e+05
2.091e+05
2.1089e+05
2.1269e+05
2.1449e+05
2.1629e+05
2.1807e+05
2.1984e+05
2.2158e+05
2.233e+05
2.2498e+05
2.2663e+05
2.2824e+05
2.2979e+05
2.313e+05
2.3275e+05
2.3414e+05
2.3546e+05
2.3672e+05
2.379e+05
2.39e+05
2.4002e+05
2.4096e+05
2.4181e+05
2.4257e+05
2.4324e+05
2.4381e+05
2.4428e+05
2.4466e+05
2.4493e+05
2.451e+05
2.4517e+05
2.4512e+05
2.4498e+05
2.4472e+05
2.4436e+05
2.4389e+05
2.4331e+05
2.4263e+05
2.4184e+05
2.4094e+05
2.3994e+05
2.3883e+05
2.3762e+05
2.3631e+05
2.349e+05
2.334e+05
2.318e+05
2.301e+05
2.2832e+05
2.2645e+05
2.2449e+05
2.2245e+05
2.2034e+05
2.1814e+05
2.1588e+05
2.1354e+05
2.1114e+05
2.0868e+05
2.0615e+05
2.0358e+05
2.0094e+05
1.9827e+05
1.9554e+05
1.9278e+05
1.8998e+05
1.8714e+05
1.8427e+05
1.8138e+05
1.7846e+05
1.7552e+05
1.7257e+05
1.696e+05
1.6662e+05
1.6363e+05
1.6064e+05
1.5765e+05
1.5466e+05
1.5167e+05
1.4869e+05
1.4571e+05
1.4275e+05
1.398e+05
1.3686e+05
1.3395e+05
1.3105e+05
1.2817e+05
1.2531e+05
1.2248e+05
1.1966e+05
1.1688e+05
1.1412e+05
1.1139e+05
1.0868e+05
1.0601e+05
1.0336e+05
1.0074e+05
98155
95597
93068
90570
88102
85664
83256
80877
78528
76208
73916
71654
69420
67213
65035
62884
60760
58663
56593
54549
52533
50542
48578
46641
44730
42846
40990
39161
37360
35587
33844
32131
30448
28796
27177
25591
24040
22524
21045
19604
18202
16841
15522
14247
13016
11832
10697
9610.2
8574.8
7592
6663.1
5789.6
4972.9
4214.2
3514.9
2876.2
2299.2
1784.8
1334
947.55
626.18
370.41
180.65
57.142
0
9.1573
84.383
225.27
431.23
701.49
1035.1
1430.9
1887.5
2403.4
2976.8
3605.9
4288.3
5021.9
5804.1
6632.2
7503.3
8414.3
9361.9
10343
11353
12390
13449
14526
15617
16717
17824
18932
20037
21134
22219
23289
24337
25360
26353
27313
28234
29114
29947
30730
31460
32133
32745
33294
33777
34191
34534
34805
35001
35121
35164
35131
35019
34830
34565
34224
33808
33320
32761
32135
31445
30694
29887
29027
28121
27173
26189
25176
24140
23090
22031
20973
19923
18891
17886
16917
15994
15127
14327
13604
12970
12435
12010
11707
11539
11515
11649
11951
12434
13110
13990
15085
16408
17968
19779
21850
24191
26814
29728
32943
36468
40311
44481
48986
53833
59028
64578
70489
76764
83409
90426
97819
1.0559e+05
1.1374e+05
1.2227e+05
1.3118e+05
1.4046e+05
1.5013e+05
1.6016e+05
1.7057e+05
1.8135e+05
1.9248e+05
2.0397e+05
2.1581e+05
2.28e+05
2.4051e+05
2.5335e+05
2.665e+05
2.7996e+05
2.937e+05
3.0773e+05
3.2202e+05
3.3657e+05
3.5135e+05
3.6636e+05
3.8158e+05
3.9698e+05
4.1256e+05
4.283e+05
4.4418e+05
4.6018e+05
4.7627e+05
4.9246e+05
5.087e+05
5.2498e+05
5.4129e+05
5.5759e+05
5.7388e+05
5.9012e+05
6.063e+05
6.224e+05
6.3839e+05
6.5425e+05
6.6997e+05
6.8551e+05
7.0086e+05
7.16e+05
7.3091e+05
7.4556e+05
7.5993e+05
7.7401e+05
7.8777e+05
8.012e+05
8.1427e+05
8.2697e+05
8.3929e+05
8.5119e+05
8.6267e+05
8.7371e+05
8.8429e+05
8.9441e+05
9.0404e+05
9.1316e+05
9.2178e+05
9.2988e+05
9.3744e+05
9.4446e+05
9.5092e+05
9.5683e+05
9.6216e+05
9.6692e+05
9.711e+05
9.7469e+05
9.7769e+05
9.801e+05
9.8191e+05
9.8313e+05
9.8375e+05
9.8378e+05
9.8321e+05
9.8205e+05
9.803e+05
9.7797e+05
9.7507e+05
9.7159e+05
9.6755e+05
9.6295e+05
9.578e+05
9.5211e+05
9.459e+05
9.3917e+05
9.3193e+05
9.242e+05
9.1598e+05
9.073e+05
8.9817e+05
8.886e+05
8.7861e+05
8.6821e+05
8.5742e+05
8.4626e+05
8.3474e+05
8.2288e+05
8.107e+05
7.9821e+05
7.8544e+05
7.724e+05
7.5912e+05
7.456e+05
7.3187e+05
7.1795e+05
7.0386e+05
6.8961e+05
6.7522e+05
6.6072e+05
6.4612e+05
6.3144e+05
6.167e+05
6.0192e+05
5.8711e+05
5.7229e+05
5.5748e+05
5.427e+05
5.2795e+05
5.1327e+05
4.9866e+05
4.8414e+05
4.6972e+05
4.5543e+05
4.4126e+05
4.2724e+05
4.1338e+05
3.9969e+05
3.8619e+05
3.7287e+05
3.5976e+05
3.4687e+05
3.342e+05
3.2176e+05
3.0956e+05
2.9761e+05
2.8592e+05
2.7449e+05
2.6333e+05
2.5243e+05
2.4182e+05
2.3149e+05
2.2145e+05
2.1169e+05
2.0222e+05
1.9305e+05
1.8417e+05
1.7558e+05
1.6729e+05
1.5929e+05
1.5158e+05
1.4417e+05
1.3705e+05
1.3021e+05
1.2366e+05
1.1739e+05
1.114e+05
1.0569e+05
1.0024e+05
95066
90150
85490
81080
76916
72991
69299
65833
62588
59556
56731
54105
51673
49425
47356
45459
43725
42148
40720
39434
38283
37260
36357
35568
34885
34303
33813
33410
33087
32837
32656
32535
32471
32457
32487
32557
32661
32795
32953
33132
33327
33534
33749
33968
34189
34408
34622
34828
35024
35206
35374
35525
35657
35769
35859
35926
35969
35987
35980
35946
35885
35797
35683
35540
35371
35175
34953
34705
34431
34132
33809
33462
33093
32703
32292
31861
31412
30946
30463
29966
29454
28931
28396
27850
27296
26735
26167
25594
25017
24438
23857
23276
22695
22117
21541
20969
20402
19840
19286
18739
18200
17670
17150
16641
16142
15655
15180
14718
14269
13833
13410
13001
12607
12226
11860
11508
11171
10848
10539
10245
9964.3
9697.8
9444.8
9205.3
8978.8
8765.1
8563.9
8374.7
8197.2
8030.9
7875.3
7730.1
7594.6
7468.5
7351.2
7242.1
7140.7
7046.4
6958.7
6877
6800.8
6729.4
6662.3
6598.8
6538.5
6480.7
6424.8
6370.4
6316.8
